bin1    bin2    count
25 25 1
56 56 1
11 11 1
135 135 1
12 14 1
138 138 1
54 55 1
31 31 1
87 116 1
9 9 1
44 55 1
100 100 1
120 120 1
86 98 1
6 6 1
12 12 1
116 116 1
154 154 1
125 135 1
76 76 2
56 56 1
127 128 1
149 149 1
56 56 1
13 13 1
96 96 1
134 135 1
73 73 1
72 72 1
11 11 1
8 8 1
114 115 1
155 155 1
35 35 1
154 154 1
62 62 1
36 36 1
82 83 1
91 91 1
117 118 1
24 24 1
22 22 1
53 53 3
32 32 1
86 86 1
6 6 1
121 121 1
114 114 1
129 129 1
86 86 1
129 131 1
33 33 1
109 109 1
117 117 1
52 53 1
138 138 1
69 69 1
67 67 1
25 25 1
100 101 1
106 147 1
110 110 1
151 151 1
150 151 1
52 52 1
6 6 1
13 13 1
102 102 1
70 71 1
135 135 1
152 152 1
137 137 1
58 58 2
10 10 1
19 19 1
6 7 1
29 32 1
81 81 1
129 129 1
85 86 1
9 13 1
20 20 1
73 74 1
18 19 1
123 123 2
97 97 1
86 87 1
150 150 1
132 132 1
119 119 1
137 137 1
154 154 1
47 47 1
27 27 1
109 109 1
148 148 1
73 73 1
140 155 2
127 127 2
127 127 1
33 33 1
127 127 1
58 58 2
51 51 1
12 12 1
9 9 1
135 136 1
136 136 1
51 51 1
104 104 1
19 19 1
153 154 1
29 29 1
49 49 1
38 38 1
39 39 1
72 72 1
73 73 1
3 3 1
81 81 1
100 100 1
95 95 2
46 47 1
122 122 1
122 122 1
133 133 1
120 120 1
86 86 1
117 117 1
12 12 1
31 32 1
100 100 2
44 56 1
123 123 1
5 6 1
148 148 1
153 153 1
63 63 1
134 134 1
155 155 1
3 3 1
20 20 1
57 58 1
100 101 1
54 54 1
39 39 1
142 142 1
83 84 1
64 64 1
97 97 1
119 119 1
16 16 1
96 96 1
31 31 1
24 24 1
127 128 1
20 20 1
12 12 1
70 70 1
106 106 1
80 87 1
6 6 1
39 39 1
119 119 1
124 124 1
116 117 1
131 131 1
32 32 1
139 139 1
5 5 1
109 109 1
147 151 1
59 59 1
127 127 1
125 125 1
110 110 1
9 9 1
33 33 1
107 107 1
134 135 1
133 133 1
89 90 2
117 117 1
24 24 1
17 17 1
90 91 1
3 3 1
33 33 1
35 35 1
142 142 1
44 44 1
9 9 1
100 101 1
153 153 1
58 58 1
128 128 1
69 69 1
30 30 1
135 135 1
83 83 1
119 119 1
134 135 1
18 19 1
50 50 1
136 136 1
94 94 1
13 13 1
33 34 1
76 76 1
146 146 2
119 120 2
40 40 1
124 124 1
90 109 1
22 24 1
14 14 1
12 12 1
22 22 2
119 119 1
34 34 1
15 15 1
62 62 1
114 114 1
96 96 1
9 9 1
117 117 1
6 6 1
43 43 1
90 90 1
16 17 1
98 98 1
153 153 2
34 35 1
93 93 1
110 111 1
35 35 1
32 32 1
3 4 1
155 155 1
93 93 1
33 33 1
33 33 1
150 150 1
42 42 1
115 115 1
50 50 1
65 65 1
139 139 1
119 119 1
132 132 1
72 72 1
41 41 1
71 71 1
70 71 1
147 147 1
44 44 1
109 109 1
106 106 1
91 91 1
132 132 1
132 132 1
4 4 1
140 140 1
37 76 1
47 47 1
21 21 1
33 33 1
109 109 1
22 22 1
129 129 1
76 76 2
147 147 1
81 103 1
81 81 1
96 98 1
6 6 1
86 86 1
102 102 1
28 28 1
85 85 1
83 153 1
33 35 1
17 17 1
46 46 1
44 44 1
107 107 1
58 58 1
149 149 1
119 119 1
40 44 1
38 38 1
86 86 1
155 155 1
39 39 1
126 126 1
147 147 1
127 127 1
83 83 1
99 99 1
59 59 1
107 107 1
133 133 2
140 140 2
72 72 1
96 97 1
7 7 1
78 78 1
80 80 1
77 77 1
133 133 1
54 54 1
139 139 1
85 86 1
108 108 1
23 24 1
43 43 1
153 153 1
14 14 1
46 46 1
103 103 1
124 131 1
15 15 1
101 101 1
22 22 1
31 31 1
154 154 1
38 38 1
141 141 1
145 145 1
153 153 1
33 33 1
97 99 1
40 40 1
86 87 1
117 117 1
100 100 1
90 91 1
29 29 1
107 107 1
64 64 1
28 29 1
116 116 1
20 20 1
105 105 1
6 6 2
147 151 1
4 14 1
64 64 1
131 131 1
55 55 1
122 122 1
38 38 1
92 92 1
90 90 1
68 81 1
94 94 1
104 104 1
99 100 1
49 49 1
76 76 1
32 32 1
54 54 1
151 151 1
62 62 1
26 26 1
147 147 1
39 39 1
117 117 1
62 62 1
56 56 1
18 18 1
127 127 1
51 51 1
137 137 1
4 4 1
136 136 1
129 129 1
153 153 1
87 87 1
154 154 1
136 136 1
151 151 1
48 48 1
148 148 2
106 106 1
26 26 1
15 15 1
98 99 1
98 98 1
6 7 1
26 26 1
86 116 1
85 85 1
151 151 1
21 21 1
66 66 1
35 35 1
64 64 1
80 81 1
86 86 1
14 14 1
34 48 1
69 81 1
74 74 1
109 109 1
104 104 1
94 95 1
99 104 1
71 71 1
58 58 1
137 137 2
68 68 1
134 134 1
32 32 1
83 83 1
126 126 1
10 10 1
50 50 1
28 28 1
62 62 1
73 73 1
128 129 1
134 135 1
84 84 1
80 80 1
18 24 1
155 155 1
68 68 1
10 10 1
83 83 1
49 49 1
128 128 1
55 55 1
63 63 1
125 125 1
54 54 1
87 87 1
13 13 1
20 20 1
82 82 1
46 46 1
89 89 1
124 124 1
138 138 1
89 89 1
54 54 2
91 91 1
138 138 1
48 48 1
48 48 1
22 22 1
84 84 1
34 34 1
40 40 1
64 64 1
57 58 1
27 28 1
16 16 1
13 13 1
99 100 1
15 15 1
155 155 1
20 20 1
23 23 1
125 131 1
74 74 1
54 55 1
45 45 1
73 73 1
90 90 1
90 90 1
74 74 1
6 6 1
81 103 1
114 141 1
151 153 1
84 107 1
116 116 1
62 62 1
99 99 1
16 16 1
147 147 1
13 14 1
119 119 1
125 137 1
6 6 2
132 132 1
115 115 1
126 126 1
108 108 1
124 124 1
143 143 1
46 46 1
106 152 1
138 138 1
90 90 1
44 44 1
98 98 1
6 6 1
82 82 1
89 89 1
95 95 1
100 100 1
119 122 1
93 93 1
136 137 1
55 55 1
17 17 1
85 85 1
93 93 1
98 98 1
127 127 1
83 83 1
11 11 1
123 129 1
27 28 1
33 33 1
35 35 1
33 33 2
58 58 1
75 76 1
32 32 2
58 58 1
49 49 1
119 119 1
95 95 1
46 46 1
48 48 1
32 32 1
25 25 2
18 18 1
13 13 1
150 150 1
53 53 1
86 86 1
148 148 1
71 71 1
103 103 1
28 28 1
133 133 1
152 152 1
44 44 1
125 125 1
138 138 1
58 58 1
34 34 1
129 129 1
68 68 1
57 57 1
150 150 1
80 80 1
11 11 1
134 134 1
16 16 1
63 63 2
44 44 1
149 149 1
33 33 1
141 141 1
109 109 1
105 105 1
107 107 1
138 139 2
118 118 1
123 124 1
95 95 1
19 19 1
32 32 1
87 88 1
13 13 1
35 35 1
109 126 1
126 126 1
104 104 1
74 74 2
15 15 1
11 11 1
56 56 1
35 35 1
68 69 1
75 75 1
106 106 1
116 117 1
25 25 1
114 115 1
135 136 1
107 107 1
135 135 1
153 153 1
154 154 1
58 58 1
153 153 1
124 124 1
70 70 1
150 150 1
95 95 1
14 14 1
20 20 1
62 105 1
151 151 2
127 128 1
70 70 1
124 125 1
51 51 1
51 51 1
115 115 1
18 18 1
148 148 1
71 71 1
114 114 1
40 41 1
120 120 1
57 57 1
81 82 1
139 139 1
95 95 1
100 101 1
43 43 1
134 134 1
118 118 1
85 85 1
110 110 1
123 123 1
68 68 1
101 101 1
129 129 1
75 75 1
80 80 1
120 121 1
43 43 1
130 130 1
56 56 1
124 124 1
132 132 1
93 93 1
154 154 1
150 150 1
108 108 1
44 44 1
71 71 1
93 93 1
57 58 1
85 85 1
83 83 1
47 47 1
5 5 1
23 23 1
131 131 1
48 49 1
53 53 1
31 31 1
6 6 1
47 47 1
74 74 1
64 64 1
102 102 1
90 92 1
126 126 1
56 56 1
130 130 1
8 9 1
86 86 1
146 146 1
97 97 1
149 149 1
120 120 1
117 117 1
125 125 1
13 13 1
128 129 1
150 150 1
54 54 1
31 32 1
25 26 3
26 26 1
69 69 1
62 63 1
65 65 1
106 106 1
69 69 1
91 92 1
30 30 1
83 83 1
56 56 1
83 83 1
21 21 1
150 150 1
43 43 1
152 152 2
105 105 1
45 45 1
59 59 1
137 138 1
124 124 1
123 123 1
106 106 1
40 40 1
6 6 1
124 125 1
86 86 1
76 76 1
96 96 1
69 69 1
39 39 1
50 51 1
91 91 1
68 68 1
124 124 1
80 80 1
125 125 1
100 101 1
57 107 1
39 39 1
76 76 1
25 26 1
76 76 1
44 44 1
89 89 1
48 48 1
83 83 1
89 94 1
87 87 1
34 34 1
153 153 1
8 8 1
33 33 1
24 24 1
46 47 2
132 132 1
58 58 1
100 100 1
86 86 1
50 50 1
46 47 1
63 63 1
148 148 1
114 114 1
25 27 1
45 45 1
70 70 1
55 55 1
103 105 1
83 105 1
69 69 1
94 95 1
83 83 1
59 59 1
10 10 1
127 129 1
37 37 1
91 91 1
58 58 1
8 8 1
97 97 1
123 123 1
120 120 1
10 10 1
22 22 1
123 123 1
139 139 3
90 90 1
152 153 1
49 49 1
55 55 1
120 120 1
62 63 1
65 65 1
40 40 1
78 78 2
19 20 1
33 33 1
128 128 2
82 82 1
131 131 4
147 147 1
53 53 1
44 44 1
150 150 1
18 18 1
78 80 1
135 135 1
59 59 1
9 9 1
59 59 1
150 150 1
48 48 1
84 84 1
150 151 1
89 89 2
96 96 1
12 12 1
51 53 1
104 104 1
110 111 1
23 24 1
148 148 1
26 26 1
71 71 1
57 57 1
26 27 1
87 87 1
63 63 1
107 107 1
59 97 1
88 88 1
113 113 1
88 89 1
149 150 1
128 128 1
150 150 1
139 139 1
40 40 1
13 14 1
130 130 1
151 152 1
91 92 1
103 103 1
140 140 1
135 136 1
55 56 1
134 134 1
27 28 1
131 131 1
54 54 1
28 28 1
131 131 1
74 74 1
147 147 1
33 33 1
135 135 1
79 79 2
62 62 1
89 90 1
143 144 1
34 34 1
69 70 1
107 107 1
142 142 1
102 104 1
141 141 1
104 104 1
47 47 1
95 95 1
84 104 1
103 103 1
88 88 1
27 27 1
26 26 1
155 155 1
114 120 1
155 155 1
117 117 1
82 82 1
149 149 1
63 63 1
93 93 1
152 152 1
37 37 1
100 100 1
123 123 1
117 117 1
123 124 1
154 155 1
62 62 1
105 105 1
151 151 1
40 62 1
121 122 1
97 98 1
49 49 1
106 106 1
108 108 1
129 129 1
76 79 1
83 84 1
129 129 1
22 22 1
80 80 1
75 75 1
63 63 1
150 150 1
98 99 1
152 152 1
127 127 1
43 43 2
153 153 1
85 85 1
58 58 1
126 126 1
134 134 1
63 63 1
111 111 1
101 101 2
140 141 1
88 92 1
5 35 1
62 62 1
53 53 1
25 26 1
123 123 1
80 80 1
123 123 1
5 5 1
46 46 1
101 101 1
151 152 1
91 91 1
155 155 1
127 127 1
142 142 1
85 85 1
120 120 1
71 71 1
141 141 1
130 131 1
119 119 1
31 31 1
129 129 1
83 99 2
126 126 1
108 108 1
117 117 2
12 12 1
55 55 1
18 18 2
135 135 1
114 114 1
85 85 1
152 152 1
123 123 1
129 129 1
9 9 1
137 137 1
26 26 1
56 56 1
97 97 1
123 123 1
141 141 1
59 59 1
88 88 1
91 91 1
59 59 1
53 53 2
131 131 1
108 108 2
53 53 1
102 102 1
104 104 1
20 20 1
9 10 1
133 133 1
5 5 1
51 51 1
19 19 1
130 130 2
55 55 1
70 70 1
135 135 1
102 102 1
142 142 1
144 144 2
72 72 1
91 91 1
82 84 2
117 120 1
18 18 1
83 83 1
144 144 1
138 138 1
44 56 1
54 57 1
24 24 1
142 142 1
33 34 1
102 102 1
64 64 1
65 65 1
122 122 1
116 116 1
88 88 1
18 18 1
82 82 1
6 6 1
129 129 1
140 140 1
94 94 1
139 139 1
142 142 1
69 70 1
55 55 1
18 18 1
11 11 1
44 44 1
95 95 1
47 47 1
45 45 1
129 129 1
63 63 1
69 69 1
133 133 1
116 117 1
38 38 1
73 73 1
137 137 1
78 78 1
35 35 1
69 82 1
85 86 1
104 105 1
103 103 1
110 110 1
12 12 1
12 12 2
57 57 1
39 39 2
53 53 1
85 87 1
120 120 1
32 32 1
103 104 1
38 38 1
97 97 1
28 28 1
5 25 1
102 102 1
14 14 1
123 123 1
144 144 1
44 44 1
140 140 1
111 111 1
82 82 1
100 101 1
140 140 1
131 131 1
141 141 1
9 9 1
116 116 1
88 88 1
102 102 1
116 116 1
118 118 1
87 97 1
33 33 1
141 141 1
34 34 1
104 106 1
24 24 1
125 125 1
34 34 1
71 71 1
26 28 1
87 87 1
89 89 2
28 28 1
19 24 1
150 151 1
144 144 1
26 26 2
150 153 1
37 64 1
20 20 1
72 72 1
14 15 1
127 127 1
84 84 1
132 132 1
103 103 1
23 23 1
86 87 1
77 77 1
130 130 1
24 24 1
76 76 1
138 138 1
154 154 1
34 35 1
76 76 1
16 16 1
130 131 1
33 33 1
44 44 1
119 119 2
96 96 2
107 107 1
49 70 1
8 8 1
107 107 1
87 87 1
38 39 1
104 104 1
117 117 1
23 23 1
75 75 2
8 8 1
152 153 2
74 74 1
59 59 1
85 85 1
132 132 1
20 20 1
41 41 1
110 110 1
23 24 1
56 56 1
127 127 1
44 44 1
153 154 1
101 101 1
122 122 1
89 89 1
148 148 1
23 23 1
22 23 1
135 135 1
51 51 1
70 70 1
65 65 2
124 137 1
17 17 1
89 89 1
31 31 1
104 104 1
11 11 1
118 118 1
45 46 1
78 78 1
152 152 1
73 73 1
43 43 1
18 19 1
53 53 1
131 131 1
20 20 1
20 21 1
98 98 1
122 122 1
71 71 1
48 49 1
77 80 1
155 155 2
137 137 1
99 100 1
132 132 1
109 110 1
52 59 2
65 65 1
119 119 1
32 32 1
77 77 1
155 155 2
97 97 1
126 127 1
123 123 1
55 55 1
14 15 1
24 24 1
14 14 2
148 148 1
44 44 1
53 53 1
101 101 1
11 11 1
89 89 1
57 57 1
105 105 1
101 101 1
129 129 1
104 104 1
93 93 1
97 97 1
137 137 1
39 40 1
142 142 1
59 148 1
94 94 1
153 153 1
33 33 2
83 83 1
13 13 1
18 18 1
80 80 1
119 119 1
26 26 1
99 99 1
137 138 1
131 131 1
101 101 1
49 49 1
52 52 1
109 109 1
85 107 1
100 100 1
138 138 1
51 72 1
52 52 1
4 4 1
122 122 1
100 100 1
137 137 1
147 151 1
52 52 1
93 94 1
57 57 1
56 56 1
52 52 1
119 119 1
53 53 1
107 107 1
23 23 1
155 155 1
117 117 1
44 44 2
104 104 1
152 152 1
103 103 1
136 136 1
59 59 1
65 65 1
21 21 1
33 33 1
103 103 1
29 30 1
39 39 1
26 26 1
142 142 1
133 133 1
68 68 1
40 40 1
106 106 1
32 32 1
94 94 1
81 82 1
140 140 1
134 134 1
71 71 1
116 116 1
153 153 1
123 124 1
119 119 1
55 55 1
62 62 1
86 86 1
120 120 1
106 106 1
38 38 1
82 83 1
4 4 1
82 82 1
96 100 1
13 13 1
103 103 1
22 22 1
49 49 1
90 90 1
142 142 1
94 94 1
57 57 1
118 118 1
50 50 1
106 106 1
21 32 1
7 9 1
62 88 1
17 17 1
100 100 1
63 63 1
100 100 1
44 44 1
138 138 1
36 37 1
44 44 1
64 64 1
77 95 1
80 80 1
16 16 1
84 85 1
115 115 1
139 139 2
69 69 1
124 124 2
116 116 1
40 40 1
85 85 1
27 27 1
132 132 1
109 109 1
15 15 1
100 100 1
127 127 1
69 69 1
149 149 1
82 82 1
64 64 1
147 150 1
56 56 1
123 123 1
149 149 1
119 119 1
106 106 1
147 147 1
72 73 1
77 77 1
116 117 1
30 30 1
100 100 2
51 51 1
33 33 2
13 13 1
19 19 1
152 152 1
7 7 1
68 68 1
132 132 1
118 118 1
96 96 1
17 17 1
80 80 1
138 138 1
32 32 1
20 20 1
108 108 1
87 87 2
23 24 1
45 56 1
4 4 1
13 13 1
34 34 1
125 125 1
38 38 1
51 51 1
133 133 2
155 155 1
102 102 1
32 32 1
9 9 1
120 120 1
48 48 1
84 84 1
58 58 1
88 88 1
8 8 1
152 153 1
83 84 1
26 26 1
87 87 1
15 15 1
83 85 1
84 84 1
87 87 1
97 97 1
111 111 1
131 131 1
82 82 1
13 13 1
109 114 1
49 49 1
133 133 1
82 82 1
108 108 1
123 123 1
12 13 1
127 127 1
50 50 1
63 63 1
104 104 1
54 54 1
27 27 1
52 52 1
94 95 1
80 82 1
118 118 1
131 132 1
104 104 1
59 59 1
106 106 1
142 142 1
106 151 1
135 135 1
69 69 1
80 80 1
101 101 1
69 69 1
137 138 1
53 53 1
32 32 1
111 111 1
19 19 1
87 87 1
104 104 1
106 106 1
40 40 1
57 57 1
125 125 1
116 116 1
10 10 1
73 73 1
24 24 1
64 64 1
83 84 1
57 57 1
12 12 1
15 15 1
131 131 1
25 25 1
120 120 2
27 27 1
61 61 1
83 83 1
6 6 2
57 57 1
11 11 1
91 91 1
80 80 1
58 58 1
25 25 1
34 34 1
129 129 1
55 55 1
138 139 1
139 139 1
75 75 1
147 147 1
69 69 1
140 140 1
57 57 1
123 123 1
80 80 1
34 34 2
72 72 1
90 91 1
126 126 1
88 88 1
48 49 1
133 133 1
24 24 1
116 117 1
144 144 1
118 118 1
7 8 1
136 136 1
48 48 1
105 105 1
95 119 1
141 141 1
35 35 1
56 56 1
51 51 1
106 106 1
49 49 1
57 57 1
83 83 1
71 71 1
59 59 2
102 102 1
24 24 1
125 131 1
94 94 1
148 148 1
19 27 1
34 34 2
95 95 1
132 132 1
142 142 1
41 41 1
136 136 1
127 128 1
83 83 1
63 63 1
76 95 1
5 5 1
84 84 1
132 132 1
52 53 2
150 152 1
63 65 1
87 87 1
31 31 2
14 14 1
29 29 1
93 93 1
102 102 1
8 8 1
18 18 1
117 117 1
104 104 1
131 131 1
106 106 1
138 138 1
82 82 1
61 61 1
133 133 1
120 120 2
82 82 2
63 63 1
39 39 1
118 118 1
68 68 1
37 37 1
63 64 2
100 100 1
15 15 1
99 99 1
77 77 1
48 48 1
68 68 1
57 57 1
106 106 1
94 94 1
12 12 1
105 105 1
53 53 1
32 32 1
34 34 1
66 66 1
152 152 1
151 151 1
11 11 1
16 16 1
6 6 1
26 26 1
37 37 1
133 133 1
45 45 1
21 21 1
45 46 1
14 14 1
108 108 1
38 39 1
152 153 1
120 121 1
71 71 1
110 110 2
85 85 2
51 51 1
134 135 1
87 87 1
86 87 1
26 26 1
110 110 1
41 41 1
34 35 1
63 63 1
25 25 1
27 27 1
102 102 1
104 104 1
126 126 1
119 119 1
72 73 1
49 49 1
11 11 1
99 104 1
155 155 1
152 153 1
152 152 1
80 80 1
14 32 1
132 132 1
144 144 1
151 151 1
18 24 1
149 149 1
150 150 1
152 152 1
57 57 1
74 74 1
103 151 1
139 139 1
14 14 1
123 124 1
144 144 1
99 101 1
4 4 1
116 116 1
28 28 1
99 99 1
21 22 1
22 22 1
103 103 1
99 99 1
105 105 1
13 13 1
147 147 1
99 99 1
25 25 1
6 7 1
126 127 1
155 155 1
134 135 1
136 136 2
124 126 1
116 116 1
129 129 1
87 87 1
125 129 1
85 85 1
26 26 2
58 58 1
102 103 1
48 48 1
136 136 1
103 103 1
77 77 1
35 35 1
46 46 1
21 21 1
134 136 1
22 22 1
93 93 1
49 49 2
87 88 1
24 24 1
19 19 1
68 68 1
148 148 1
135 136 1
15 15 1
47 47 1
117 117 1
103 103 1
108 108 1
123 123 1
97 100 1
5 35 1
47 47 1
52 52 1
139 139 1
73 73 1
130 130 1
152 152 1
117 117 1
139 139 1
36 36 1
76 76 1
15 15 1
154 154 1
132 132 1
48 48 1
86 86 1
149 150 1
80 80 1
117 117 1
135 135 1
74 74 1
142 142 1
150 150 1
51 51 1
46 46 1
83 83 1
109 110 1
9 9 1
32 32 1
151 151 1
20 21 1
62 84 1
138 138 1
86 86 1
115 115 1
7 7 1
155 155 1
97 97 1
141 141 1
118 118 1
4 4 1
27 27 1
125 125 1
142 142 1
56 56 1
75 75 1
90 90 1
150 152 1
65 65 1
6 6 1
38 40 1
22 29 1
139 139 1
90 109 1
131 131 1
98 98 1
154 154 1
8 8 1
6 8 1
59 59 1
126 126 1
102 102 1
97 97 1
8 8 1
152 152 1
57 83 1
6 6 2
39 65 1
85 85 1
37 76 1
149 149 1
149 149 1
55 56 1
42 44 1
89 89 2
124 124 1
52 52 1
140 140 1
124 129 2
136 136 1
40 40 1
131 131 1
54 54 1
109 109 1
63 63 1
85 87 1
130 131 1
132 136 1
15 15 1
123 123 1
63 63 1
106 106 1
18 18 1
34 34 1
119 119 1
63 65 1
107 107 1
153 154 1
62 62 1
26 26 1
81 81 1
25 25 1
141 142 1
32 32 1
11 11 1
44 44 1
32 32 1
81 81 1
99 101 1
120 120 1
99 99 2
85 85 1
51 52 2
64 64 1
44 44 1
84 84 1
147 147 1
95 95 1
102 102 1
55 55 1
137 137 1
87 87 1
123 124 1
151 151 1
51 71 1
65 65 1
6 6 1
124 124 1
10 10 1
148 148 1
130 130 1
89 89 1
59 59 1
120 120 1
57 57 1
28 28 1
153 153 1
98 98 1
57 57 1
19 19 2
131 131 1
88 88 1
105 105 1
69 69 1
127 127 1
82 84 1
43 43 1
94 94 1
61 61 1
111 111 1
138 138 1
57 57 1
126 127 1
116 117 1
34 35 1
125 125 1
91 91 1
129 129 1
122 122 1
50 50 1
50 50 2
104 104 1
102 102 1
137 137 1
36 71 1
103 104 1
35 35 1
82 82 1
35 35 1
136 136 1
148 148 1
59 59 1
80 80 1
132 132 1
89 89 1
104 104 1
138 138 1
102 102 1
150 150 1
138 138 2
72 72 1
154 154 1
95 95 1
126 126 1
55 55 1
133 133 1
12 12 1
38 38 1
73 73 1
116 116 1
93 93 1
126 126 1
131 131 1
138 138 1
132 132 1
45 54 1
51 52 1
101 138 1
52 52 1
151 151 1
12 12 1
17 17 2
133 133 1
134 134 1
104 104 1
93 93 1
137 137 1
133 133 1
152 152 1
76 76 1
126 126 1
127 128 1
117 117 1
35 35 1
49 49 1
35 35 1
81 81 1
56 56 1
17 17 1
81 82 1
149 149 1
89 89 1
103 103 1
144 144 1
130 130 1
115 115 1
18 18 1
69 69 1
61 91 1
28 29 1
71 71 1
22 22 1
106 106 1
84 84 2
95 95 1
129 129 1
6 6 1
44 44 1
139 139 1
82 153 1
49 49 1
111 111 1
152 152 2
50 50 1
134 134 1
87 87 1
33 33 1
78 78 1
73 73 1
21 21 1
141 141 1
100 100 1
4 4 1
71 72 1
71 71 1
52 52 1
52 52 1
154 154 1
95 95 1
79 79 1
61 61 1
57 57 1
86 86 1
125 125 1
74 74 1
101 101 1
23 23 1
128 128 1
95 95 1
74 75 1
103 103 1
152 152 1
54 56 1
67 67 1
75 75 1
127 127 1
136 136 1
152 152 1
131 131 1
14 15 1
147 147 1
54 54 1
97 97 1
70 70 1
67 68 1
149 149 1
124 124 2
137 137 1
104 104 1
53 53 2
64 64 1
57 57 1
120 120 1
37 37 1
9 9 1
22 22 1
110 110 1
103 103 1
56 56 1
127 127 2
73 73 1
22 22 1
115 115 1
152 153 1
76 76 1
61 61 1
29 31 1
80 80 1
135 136 1
62 62 1
57 83 1
64 64 1
26 26 1
68 68 1
119 120 1
149 149 1
131 131 1
127 127 1
79 79 1
37 37 1
115 115 1
53 55 1
129 129 1
151 151 1
149 153 1
127 128 1
103 103 1
90 90 1
24 24 1
56 56 1
47 47 1
126 126 1
101 101 1
64 64 1
61 61 1
69 69 2
119 119 1
96 96 1
149 149 1
118 118 1
135 135 1
110 110 1
127 127 1
63 63 1
149 151 1
85 85 1
28 28 1
85 85 1
43 43 1
84 84 1
33 33 1
105 105 1
64 64 1
41 41 1
81 83 1
134 134 1
41 53 1
83 83 1
11 11 1
8 8 1
26 26 1
90 91 1
118 118 1
126 126 1
152 153 1
12 12 1
8 8 1
53 53 1
58 58 1
53 53 1
33 33 1
23 23 1
109 109 1
62 120 1
141 141 2
5 5 1
29 31 1
120 120 1
138 138 1
28 28 1
83 84 1
104 104 1
116 116 1
19 19 2
50 50 1
126 126 1
16 16 1
28 28 1
52 52 1
123 123 1
53 53 1
106 152 1
118 118 1
152 152 1
101 101 1
106 152 2
105 105 1
7 7 1
114 118 1
126 127 1
15 15 1
95 95 1
6 6 1
114 114 1
34 35 1
116 117 1
84 84 1
63 63 1
134 134 1
82 82 1
48 48 1
154 154 1
123 123 1
74 74 1
73 73 1
94 105 1
84 150 1
101 101 2
93 93 1
12 12 1
13 13 1
80 87 1
84 84 1
80 80 1
119 120 1
4 5 1
35 35 1
153 153 1
39 63 1
8 8 1
15 15 1
67 67 1
5 5 1
75 76 1
22 22 1
98 98 1
82 103 1
41 41 1
125 125 1
111 111 1
102 102 1
142 142 1
21 21 1
28 28 2
93 93 1
3 3 1
94 94 1
108 108 1
56 57 1
53 53 1
32 32 1
32 32 1
31 31 1
150 150 1
43 43 1
98 98 1
54 55 1
118 119 1
149 149 1
40 41 1
16 16 1
4 4 1
48 48 1
148 153 1
98 98 1
114 114 1
117 117 1
140 140 1
87 97 1
46 46 1
53 53 1
6 6 1
10 10 1
14 14 1
84 107 1
55 55 1
109 111 1
22 22 1
24 24 1
98 99 1
55 55 2
33 34 1
40 40 1
111 111 1
48 48 1
153 153 1
119 119 1
128 128 1
15 16 1
33 33 1
80 80 1
88 88 1
66 68 1
40 40 1
9 9 1
85 103 1
4 4 1
151 151 1
53 53 1
150 150 1
32 32 1
59 119 1
149 149 1
63 63 1
117 117 2
44 44 1
84 84 1
153 153 1
135 135 1
89 90 1
55 55 1
59 59 1
85 107 1
59 59 1
139 139 1
135 135 1
104 104 1
64 64 1
88 88 1
25 25 1
65 65 1
97 97 1
127 127 1
47 47 1
93 93 1
62 62 1
76 76 1
6 7 1
88 88 1
133 133 1
47 47 1
90 90 1
5 5 1
147 147 1
126 127 1
115 115 1
143 144 1
45 45 1
48 48 1
144 144 1
94 95 1
62 62 1
48 48 1
96 96 1
9 10 1
46 46 1
94 94 1
153 153 1
150 150 1
13 14 2
131 131 1
81 81 1
124 124 1
12 12 1
136 136 1
43 44 1
15 16 1
140 140 1
148 148 1
89 92 1
97 97 1
148 148 1
7 7 1
148 149 1
148 148 1
128 128 1
69 69 1
25 25 1
15 16 1
96 96 2
67 67 1
153 153 1
154 154 1
117 117 2
102 103 1
124 124 1
27 27 1
127 127 1
105 105 1
6 6 1
139 139 1
110 110 1
139 139 1
85 85 1
58 58 1
22 22 1
21 22 1
139 139 1
99 100 1
117 117 1
71 72 1
35 35 1
118 118 1
26 26 1
128 128 1
61 61 1
24 24 1
32 32 1
64 64 1
148 148 1
41 41 1
153 153 1
79 79 1
54 54 1
65 65 1
51 51 1
136 136 1
63 63 1
82 82 1
24 24 1
152 152 1
128 128 1
119 122 1
72 72 1
100 100 1
73 73 1
19 27 1
106 152 1
106 107 1
77 95 1
116 138 1
57 57 1
124 124 1
69 69 1
147 147 1
35 35 1
129 129 1
72 72 1
124 125 1
32 32 1
84 84 1
59 59 1
10 10 1
86 86 1
97 97 1
139 139 1
139 139 1
90 90 1
101 101 1
43 43 1
133 133 1
82 82 1
120 120 1
7 7 1
15 15 1
119 119 1
134 135 1
13 13 1
49 49 1
21 21 1
15 15 1
59 108 1
114 114 1
52 52 1
44 44 1
39 39 1
21 21 1
142 142 1
88 88 1
83 83 1
132 132 1
16 16 1
83 107 1
106 106 1
134 135 1
83 83 1
97 97 1
104 104 1
104 104 1
131 131 3
53 53 1
47 47 1
81 82 1
138 139 1
98 98 1
148 148 1
138 139 1
124 124 1
20 20 1
76 77 1
48 48 1
50 50 1
34 34 1
55 55 1
149 149 1
81 81 1
15 15 1
116 116 1
154 155 1
55 55 1
115 115 1
133 133 1
154 155 1
99 103 1
9 9 1
70 70 1
81 81 1
53 53 1
20 20 1
119 119 1
74 74 1
22 22 1
55 55 2
13 13 1
104 104 1
125 125 1
38 38 1
85 85 1
123 123 1
102 102 1
46 46 1
41 41 1
98 98 1
13 13 2
94 95 1
11 11 1
91 91 1
6 6 1
95 95 1
103 103 1
27 27 1
137 137 1
13 13 1
14 14 2
119 119 2
132 132 1
69 82 1
118 118 1
27 27 1
107 107 1
142 142 1
99 99 1
38 38 1
62 62 1
50 50 1
148 152 1
95 95 1
109 109 1
18 18 1
22 22 1
6 7 1
148 148 1
71 71 1
43 43 1
107 107 1
22 22 1
16 16 2
100 100 1
77 78 1
149 149 1
127 127 1
28 29 1
102 103 1
16 16 1
85 87 1
151 152 1
76 76 2
71 71 1
100 100 1
62 62 1
65 65 1
148 148 1
83 83 1
53 53 2
139 139 1
45 45 1
101 101 1
80 80 1
92 92 1
40 40 1
141 141 1
34 34 1
51 51 1
59 59 1
14 15 1
22 22 1
19 19 1
71 71 1
105 105 1
143 143 1
155 155 1
75 75 1
53 53 1
111 111 1
13 13 1
118 118 1
21 22 1
140 140 1
152 152 1
55 55 1
62 62 1
11 11 1
152 152 1
35 35 1
73 73 1
120 120 2
136 136 1
84 84 1
8 8 1
49 49 1
134 134 1
129 129 1
130 130 1
71 71 1
91 91 1
106 106 1
36 36 1
126 126 1
117 117 1
11 11 1
115 115 1
152 153 1
3 4 1
11 11 1
5 5 1
117 117 1
139 139 1
86 86 1
47 47 1
6 6 1
23 23 2
58 58 1
117 117 2
57 57 1
140 141 1
59 59 1
153 153 1
114 114 1
111 111 1
144 144 1
82 82 2
50 50 1
129 129 1
131 131 1
119 120 1
6 6 2
87 88 1
7 7 1
124 124 1
136 136 1
142 142 1
87 87 1
12 13 1
84 84 1
119 119 1
102 102 1
153 153 1
43 57 1
103 103 1
47 47 1
53 53 1
135 137 1
57 57 1
74 74 1
106 153 1
84 85 1
84 84 1
45 45 1
51 53 1
82 82 1
35 35 1
141 141 1
85 85 1
39 39 1
66 66 1
100 100 1
117 117 1
69 69 1
51 51 1
124 124 1
108 108 1
102 102 1
127 127 1
118 118 1
125 125 1
31 31 1
15 15 1
15 15 1
149 151 1
139 140 1
91 91 1
43 43 1
121 121 1
107 107 1
153 153 1
119 119 1
5 5 1
75 75 1
116 116 1
49 49 1
47 47 1
104 104 1
119 120 1
23 24 2
8 8 1
108 108 1
65 65 1
154 155 1
28 28 1
140 140 2
137 137 1
110 110 1
83 84 1
119 119 1
31 31 1
89 89 2
141 141 1
52 52 1
139 139 1
28 28 1
104 105 1
31 31 1
20 20 1
72 72 1
53 55 1
35 35 1
63 63 1
14 29 1
116 116 1
71 71 1
38 38 1
123 123 1
69 69 1
23 23 1
140 140 1
70 70 1
151 151 1
14 14 1
25 25 1
9 9 1
31 31 1
102 103 1
117 117 1
77 77 1
28 29 1
119 119 1
7 7 1
147 147 1
12 12 1
54 54 1
125 125 1
8 8 1
86 137 1
104 104 1
9 9 1
119 119 1
102 102 1
33 33 1
153 153 1
31 31 1
73 73 1
16 16 1
115 137 1
19 19 1
136 136 1
147 147 1
40 40 1
45 45 1
33 33 1
62 62 1
54 54 1
125 125 1
19 19 1
20 20 1
23 23 1
67 67 1
140 140 1
108 108 1
90 90 1
85 108 1
8 8 1
85 87 1
12 12 1
115 117 1
33 33 1
99 104 1
57 57 1
85 85 1
85 85 1
152 153 1
110 110 1
108 108 1
118 118 1
26 26 1
129 129 1
79 79 1
21 21 1
127 127 1
117 117 1
17 17 1
72 72 1
53 53 1
39 39 1
139 139 2
126 129 1
86 86 1
100 100 1
155 155 1
47 49 1
8 8 1
75 76 1
80 80 2
18 18 1
85 85 1
106 106 1
53 53 1
75 75 1
85 85 1
46 46 1
148 149 1
148 148 1
96 96 1
30 30 1
116 117 1
80 80 1
64 64 1
152 152 1
89 89 1
153 153 1
80 80 1
85 85 1
128 128 1
125 125 1
73 73 1
129 129 2
53 53 1
151 151 1
49 49 1
43 43 1
39 39 1
75 75 1
8 8 1
147 151 1
119 119 1
100 101 1
135 135 1
49 49 1
100 100 1
57 107 1
73 74 1
116 116 1
34 34 1
14 14 1
151 151 1
81 81 1
144 144 1
88 88 1
82 82 1
15 15 1
91 91 1
125 125 1
34 34 1
19 19 1
59 59 1
98 98 1
46 46 1
109 127 1
112 112 1
32 32 1
37 38 1
127 128 1
90 90 1
132 132 1
151 151 1
27 27 1
18 18 1
23 23 1
46 46 1
85 85 1
155 155 1
85 85 1
152 152 1
128 128 1
147 147 2
10 10 1
78 78 1
61 62 1
4 5 1
152 152 1
34 34 1
66 67 1
84 84 1
132 132 1
28 29 1
68 68 1
102 102 1
140 140 1
120 120 1
154 154 1
13 13 1
106 106 1
55 56 1
5 5 1
151 152 1
53 53 1
30 30 1
57 57 1
8 8 1
87 87 1
101 105 1
19 19 1
74 74 1
28 30 1
44 44 2
74 74 1
6 6 1
33 33 1
96 96 1
52 53 1
32 32 1
20 25 1
49 49 1
142 143 1
89 89 1
139 139 1
101 101 1
103 103 1
58 71 1
12 12 1
130 130 1
80 80 2
130 130 1
153 153 1
18 18 1
9 9 1
134 134 1
9 9 1
103 103 1
80 86 1
7 7 1
120 120 2
42 42 1
132 132 1
5 5 1
47 47 1
144 144 1
85 86 1
114 119 1
4 4 1
101 101 1
20 20 1
89 89 1
82 82 1
86 86 1
24 24 1
68 68 1
71 71 1
100 100 1
118 118 1
127 127 1
26 26 1
148 149 1
69 69 1
87 88 1
85 86 1
136 136 1
123 124 1
75 75 1
107 118 1
110 110 1
140 140 1
10 11 1
58 58 1
152 153 1
97 97 1
129 129 1
15 15 1
7 7 2
18 18 1
7 8 1
40 40 1
23 23 1
94 94 1
150 150 1
49 49 1
151 151 1
129 129 1
50 50 1
131 131 1
22 22 1
94 94 1
8 8 1
13 13 1
150 150 1
109 109 1
148 148 1
80 80 1
115 115 1
30 30 1
82 82 1
91 91 1
139 139 1
32 32 1
13 13 1
96 96 1
25 25 1
103 104 1
63 63 1
54 54 1
151 151 1
140 140 1
21 21 1
67 67 1
154 154 1
122 122 1
97 97 1
57 57 1
126 126 1
138 138 1
106 106 1
137 137 1
103 103 1
94 94 1
117 117 2
143 144 1
57 58 1
104 104 1
82 106 1
59 59 1
9 10 1
109 109 1
102 102 1
134 134 1
9 9 1
3 3 1
61 61 1
30 30 1
13 13 1
57 57 1
84 84 1
18 18 1
104 104 1
141 141 1
149 149 1
127 127 1
26 27 1
120 122 1
125 125 1
136 136 1
77 77 1
82 82 1
147 147 2
54 55 1
84 84 1
141 141 1
73 73 1
3 3 2
115 115 1
82 82 1
102 102 1
117 117 1
149 149 1
102 102 2
111 111 1
149 149 1
73 73 1
118 118 1
19 19 1
83 85 1
7 7 1
64 64 1
15 15 1
66 67 1
148 148 1
139 139 1
93 93 1
76 76 1
45 48 1
4 4 1
141 141 1
129 129 1
136 136 1
45 46 1
153 153 1
38 40 1
31 32 1
91 91 1
11 11 1
85 86 1
134 134 1
83 83 1
127 128 1
43 43 1
147 147 1
76 76 1
32 32 1
137 137 1
84 84 1
105 105 1
149 149 1
7 7 1
85 86 1
129 130 1
49 49 1
109 111 1
133 133 1
37 37 1
5 5 1
86 86 1
123 123 1
81 82 1
43 43 1
102 102 1
101 101 1
127 127 2
71 71 1
23 23 1
99 99 1
99 99 1
114 120 1
74 75 1
83 83 1
38 38 1
136 136 1
92 92 1
53 53 1
142 142 1
72 72 1
5 5 1
153 154 1
81 82 3
33 33 1
139 139 1
83 84 1
3 3 1
10 13 1
146 146 1
58 98 1
30 30 1
9 9 1
87 87 1
144 144 2
86 86 1
26 26 1
48 48 1
84 85 1
139 139 1
20 20 1
123 123 1
104 105 1
71 71 1
76 76 1
86 87 1
5 5 1
66 66 1
63 63 1
13 13 1
82 82 1
134 134 1
29 29 1
49 49 1
23 23 1
96 96 1
147 147 1
138 138 1
154 154 1
7 8 1
65 65 1
71 71 1
101 102 1
84 84 1
38 38 1
15 15 1
93 93 1
55 55 1
142 142 3
101 101 1
84 84 1
139 139 1
80 80 1
19 19 1
86 86 1
110 110 1
55 55 1
51 53 1
150 150 1
68 68 1
5 8 1
123 123 1
14 15 1
120 120 1
32 32 1
56 56 1
102 102 1
63 63 1
48 48 1
19 19 1
108 108 1
140 140 1
6 6 1
83 83 1
74 74 1
38 38 1
110 110 1
15 15 1
81 81 1
21 21 1
6 7 1
12 12 1
70 70 1
58 106 1
77 80 1
49 49 1
7 7 1
87 93 1
132 133 1
62 62 1
51 51 1
84 153 1
147 152 1
117 117 1
144 144 1
108 108 1
72 72 1
122 122 1
105 105 1
106 106 1
147 147 1
88 88 1
81 82 1
134 134 1
33 33 1
6 6 1
142 142 1
106 106 1
96 96 1
120 120 1
66 82 1
127 127 1
44 44 1
109 109 1
153 153 1
142 142 1
85 85 1
50 50 1
75 75 1
53 53 1
152 152 1
33 33 1
53 53 1
126 126 1
99 99 1
99 99 1
94 105 1
26 26 1
73 73 2
114 114 1
62 62 1
107 107 1
140 140 1
117 117 1
146 146 1
136 136 1
134 134 1
68 69 1
52 52 1
14 32 1
75 75 1
100 101 1
132 132 1
33 33 1
150 150 1
51 51 1
131 131 1
150 150 1
138 138 1
137 137 1
29 29 1
118 118 1
63 63 1
47 47 1
127 129 1
19 19 1
9 9 1
3 3 1
124 124 1
102 103 1
84 84 1
154 154 1
94 94 1
49 50 1
24 24 1
65 65 2
78 78 1
26 26 1
140 140 1
54 54 1
73 73 2
98 98 1
26 26 1
83 84 1
14 16 1
149 149 1
104 104 1
28 28 1
33 33 1
24 38 1
63 63 1
82 84 1
59 117 1
134 134 1
136 136 1
151 152 1
45 46 1
68 68 1
102 102 1
91 91 1
5 5 1
75 75 1
41 41 1
12 12 1
133 133 1
117 117 1
6 6 1
122 122 1
136 136 2
22 22 1
54 54 1
22 22 1
84 84 1
140 140 1
116 116 1
52 53 1
91 91 1
129 129 1
86 86 1
91 91 1
115 117 1
102 102 1
90 90 2
108 108 1
112 112 1
70 70 2
26 26 1
51 53 1
68 68 1
32 32 1
133 133 1
93 93 1
90 90 1
84 85 1
54 54 1
45 45 1
62 62 1
46 46 1
7 7 1
148 148 1
96 96 1
30 30 1
129 129 1
110 110 1
9 9 1
127 127 1
132 132 1
101 101 1
74 74 1
149 154 1
135 135 1
26 26 1
117 117 1
90 90 1
138 138 1
141 141 1
37 37 1
56 56 1
80 81 1
95 95 1
40 40 1
138 138 1
45 45 2
57 97 1
15 15 1
102 102 1
107 107 1
100 101 1
7 7 1
93 93 1
120 122 1
38 38 1
47 47 1
58 86 1
59 59 1
3 3 1
22 23 1
97 98 1
59 59 1
93 95 1
24 27 1
130 130 1
48 48 1
137 138 1
126 126 1
152 152 2
101 101 1
126 126 1
115 115 1
40 40 1
7 7 1
106 106 1
20 20 1
95 96 1
101 101 2
127 127 1
49 50 1
111 111 1
85 85 1
103 103 1
52 53 1
20 20 1
57 57 1
111 111 1
132 132 1
95 95 1
88 88 1
154 154 1
78 102 2
37 37 1
74 74 1
53 53 1
105 105 1
28 28 1
141 141 1
59 59 1
92 92 1
79 79 1
139 139 1
48 48 1
95 95 1
152 152 1
5 8 1
120 120 1
126 126 1
83 83 1
80 80 1
124 124 1
83 83 1
147 147 1
144 144 1
53 53 1
113 114 1
84 85 1
13 14 1
141 141 1
68 68 1
47 47 1
136 136 1
89 89 1
57 57 1
105 105 1
109 109 1
55 56 1
84 104 1
115 115 1
3 3 1
49 50 1
100 100 1
121 121 1
100 101 1
39 39 1
16 16 1
109 109 1
53 53 1
47 48 1
140 140 1
17 17 1
122 122 1
144 144 1
68 68 1
98 98 1
117 137 1
3 3 1
126 126 1
138 138 1
149 149 1
45 45 1
3 3 1
63 65 1
59 59 1
43 43 1
136 136 1
74 75 1
108 108 1
35 35 1
152 153 1
11 11 1
76 76 1
100 100 1
83 83 1
7 7 1
12 12 1
109 109 2
78 78 1
130 130 1
120 120 1
91 92 1
34 34 1
33 33 1
8 8 1
4 4 1
76 76 1
153 153 1
54 54 1
70 70 2
13 13 1
9 9 2
111 111 1
64 64 1
76 76 1
97 97 1
126 126 1
3 3 1
83 83 1
76 76 1
12 12 1
98 101 1
33 33 1
57 57 1
11 11 1
152 152 1
116 116 1
153 153 1
52 71 1
44 44 1
63 63 1
58 58 1
70 70 1
83 83 1
57 57 1
117 117 1
46 46 1
3 3 1
5 5 1
10 11 1
71 73 1
89 89 1
4 4 1
63 63 1
104 104 1
123 123 1
54 54 1
124 124 1
3 3 1
126 127 1
116 117 1
24 24 1
40 40 1
83 85 1
138 138 1
56 56 1
152 152 1
125 125 1
136 136 1
22 22 1
108 109 1
134 134 1
95 95 1
118 118 1
59 59 1
32 32 1
80 80 1
100 100 1
99 99 1
147 147 1
23 23 1
152 152 1
75 75 1
44 44 1
20 20 1
56 56 1
44 44 1
110 122 1
71 71 1
128 128 2
118 118 1
34 34 2
38 38 1
12 12 1
135 135 1
132 132 1
94 95 1
149 149 1
91 91 1
100 100 1
134 134 1
143 143 2
141 141 1
117 117 2
141 142 1
14 14 1
9 9 1
50 50 1
123 123 1
138 138 1
101 101 1
56 56 1
30 30 1
10 32 1
13 13 1
62 62 1
19 19 1
41 41 1
4 4 1
132 132 1
147 147 1
19 19 1
33 33 2
135 135 1
90 90 1
95 95 1
103 104 1
34 34 1
103 103 1
71 71 2
126 127 1
90 90 1
41 41 1
133 133 1
55 55 1
138 138 2
88 88 1
126 126 1
55 56 1
98 98 1
66 66 1
142 142 1
134 134 1
104 106 1
6 28 1
8 8 1
64 64 1
98 98 1
36 36 1
19 19 1
57 57 1
66 66 1
86 86 1
6 6 1
101 101 1
141 141 1
45 45 1
6 6 1
103 103 1
65 66 1
151 151 1
88 88 1
102 102 1
33 33 1
82 82 1
128 128 1
94 94 1
71 71 1
24 24 1
93 95 1
108 108 1
127 127 1
26 26 1
147 151 1
13 13 1
140 140 1
139 139 2
138 138 1
13 13 1
131 131 1
73 73 1
73 73 2
104 104 1
32 32 1
44 44 1
90 90 1
106 106 1
43 43 1
80 80 1
69 69 1
69 69 1
88 88 1
110 110 1
43 43 1
108 108 1
88 88 1
76 76 1
85 85 1
117 117 1
11 11 1
118 118 1
82 106 1
25 25 1
34 34 1
83 83 1
29 31 1
50 51 1
69 69 1
64 64 1
46 47 1
147 147 1
142 142 1
70 70 1
106 106 1
94 94 1
51 52 1
6 6 1
131 131 1
11 11 1
127 127 1
117 117 1
144 144 1
51 51 1
83 84 1
120 120 1
104 104 1
140 140 1
70 70 1
85 85 1
18 18 1
132 132 1
108 108 1
56 56 1
58 58 1
129 129 1
58 58 1
88 88 1
129 129 1
16 17 1
84 107 1
131 132 1
47 48 1
5 6 1
95 95 1
7 7 1
126 126 1
69 69 1
134 134 1
90 90 1
133 133 1
7 7 1
105 105 1
39 39 1
135 135 1
129 129 1
108 108 2
94 94 1
54 54 1
134 134 1
47 47 1
130 130 1
35 35 1
138 138 1
112 112 1
103 103 1
10 10 1
59 59 1
111 111 1
52 52 1
8 8 1
108 108 1
127 127 1
68 68 1
66 66 1
68 83 1
64 64 1
27 27 1
51 51 1
91 117 1
102 102 1
3 3 1
59 59 1
37 76 1
34 34 1
135 135 1
68 69 1
123 123 1
82 82 1
15 15 1
6 6 1
27 28 1
21 21 1
90 90 1
27 27 1
142 142 1
127 127 1
53 53 1
120 120 1
127 127 2
150 150 1
59 59 1
78 78 1
70 70 1
102 102 1
86 86 1
50 50 1
32 32 1
107 107 1
32 32 1
35 35 1
134 134 1
130 130 1
95 95 1
95 119 1
40 40 1
106 106 1
9 9 1
148 148 1
37 37 1
148 148 1
143 143 2
108 108 1
132 132 1
104 104 1
151 151 1
6 7 1
85 87 1
12 12 1
34 34 2
144 144 1
80 80 1
18 18 1
152 153 1
106 106 1
152 152 1
130 130 2
34 34 1
33 33 1
59 97 1
10 10 1
90 90 1
12 12 1
75 75 1
72 72 2
97 97 1
109 109 1
139 139 1
87 87 1
25 25 1
6 6 1
151 151 1
106 106 1
45 46 1
33 34 1
150 150 1
68 68 1
106 106 1
63 63 1
153 153 1
136 136 1
139 139 1
11 11 1
4 4 2
32 32 1
103 103 1
45 46 1
124 127 1
33 33 1
142 142 1
124 124 1
148 148 1
41 41 1
34 34 1
82 85 1
96 96 1
35 36 1
40 40 1
18 18 1
29 29 1
25 25 1
32 33 1
147 147 1
24 24 1
33 33 1
138 138 1
49 49 1
25 25 1
106 106 1
35 35 1
27 27 1
34 34 1
98 98 1
28 28 1
95 95 1
27 28 1
78 78 1
47 48 1
47 47 1
85 85 1
94 94 1
63 63 1
56 56 1
132 132 1
98 98 1
85 85 1
103 103 1
13 14 1
142 142 1
59 76 1
87 87 1
10 10 1
31 31 2
11 11 1
120 120 1
48 49 1
119 119 1
116 116 1
123 124 1
144 144 1
87 87 1
34 34 1
88 117 1
146 146 1
40 40 1
11 11 1
82 82 1
16 16 1
130 130 1
118 118 1
153 153 1
94 94 1
125 125 1
47 47 2
62 62 1
34 34 1
58 58 1
150 150 1
90 90 1
149 149 1
33 34 2
4 4 1
14 15 1
126 129 1
28 28 1
81 81 1
137 137 1
151 152 1
127 127 1
48 48 1
121 121 1
59 87 1
130 130 1
59 59 1
101 101 1
130 130 1
117 117 1
127 127 1
134 135 1
155 155 1
97 97 1
95 95 1
122 122 1
138 139 1
8 8 1
132 132 1
129 129 1
40 40 1
103 103 1
37 63 1
55 55 1
81 81 1
74 74 1
29 29 1
53 53 1
93 94 1
31 31 1
91 91 1
10 10 1
35 35 1
8 8 1
87 87 1
130 130 1
115 120 1
63 63 1
34 34 2
85 85 1
11 11 1
76 76 1
59 59 1
17 17 1
36 76 1
56 56 1
37 37 1
58 71 1
63 65 1
108 108 1
137 137 1
7 7 1
119 119 1
33 33 1
139 139 1
155 155 1
138 138 1
101 101 1
153 153 1
95 95 1
74 74 1
15 15 1
73 73 2
135 135 1
94 94 1
138 138 1
63 63 1
135 135 1
22 23 1
131 131 1
71 71 2
100 100 1
12 13 1
101 138 1
110 110 1
57 57 1
149 149 1
28 28 1
47 47 1
150 150 1
69 69 1
23 23 1
62 62 1
11 12 1
85 85 1
40 41 1
150 150 1
150 150 2
85 85 1
63 63 1
80 81 1
74 75 1
98 98 1
101 101 1
55 56 1
96 96 1
68 68 1
137 138 1
33 33 1
131 131 1
109 127 1
65 65 1
52 52 2
66 66 1
70 70 1
91 91 1
34 34 1
90 90 1
87 87 1
135 135 1
33 33 1
91 91 1
95 95 1
49 49 1
126 126 1
130 130 1
25 25 1
82 106 1
17 17 1
102 102 1
8 8 1
94 94 1
109 109 1
110 110 2
147 147 1
148 148 1
140 140 1
138 138 1
124 137 1
150 153 1
114 114 1
117 117 1
35 35 1
53 53 1
132 133 1
155 155 1
128 128 1
141 141 1
87 87 1
134 134 1
26 26 1
44 45 1
117 118 1
44 46 1
28 28 1
12 12 1
127 130 1
58 58 1
12 12 1
10 10 1
65 65 1
149 149 1
30 30 1
140 140 1
92 92 1
136 136 1
136 136 1
20 21 1
152 152 1
59 59 1
93 94 3
100 101 1
135 135 1
46 46 1
93 93 1
52 55 1
63 64 1
144 144 1
13 13 1
100 134 1
86 86 1
100 101 1
39 39 1
45 55 1
138 138 1
35 49 1
134 134 1
138 139 1
107 107 1
53 53 1
98 98 1
58 58 1
86 86 1
58 58 1
54 54 1
130 130 1
40 40 1
84 104 1
154 154 1
147 147 1
115 115 1
20 20 1
58 58 1
123 123 1
147 147 1
35 35 1
66 66 1
41 41 1
26 26 1
103 103 2
78 78 1
48 48 1
15 15 1
131 131 1
133 133 1
11 11 1
40 40 1
114 118 1
44 44 2
57 57 1
104 106 1
63 63 1
87 87 1
63 63 1
69 69 1
33 33 1
137 138 1
97 98 1
27 27 1
33 35 1
21 29 1
148 148 1
123 129 1
123 123 1
7 7 1
65 65 1
120 122 1
18 18 1
58 58 1
74 74 2
21 21 1
139 139 1
18 18 1
128 129 1
25 25 1
14 14 1
15 15 1
53 53 1
14 14 1
38 38 1
61 61 1
18 24 1
19 19 1
126 126 1
125 125 1
83 83 1
128 129 1
75 75 1
154 154 1
21 22 1
14 14 2
16 16 1
90 92 1
4 4 1
153 153 1
29 30 1
48 48 1
5 5 1
78 80 1
76 76 1
132 132 1
59 59 1
142 142 3
114 114 1
32 32 1
116 116 1
72 73 1
49 49 1
115 115 1
130 130 1
117 117 1
30 30 1
99 99 1
29 29 1
104 104 2
154 154 1
51 52 1
56 56 1
102 103 1
128 128 2
94 95 1
40 40 1
106 106 1
23 23 1
62 62 1
87 87 2
151 151 1
73 73 1
24 24 1
25 25 1
29 29 3
56 56 1
55 55 1
97 97 1
79 79 1
8 9 1
138 140 1
134 134 1
100 100 1
93 93 2
22 23 1
85 86 1
24 24 1
4 4 1
127 127 1
11 11 1
103 103 1
95 119 1
120 120 1
149 149 1
87 87 1
37 37 1
140 140 1
44 44 1
14 14 1
33 33 1
107 107 1
84 107 1
137 137 1
39 39 1
47 47 1
107 107 2
63 63 1
11 11 1
94 94 1
138 138 1
83 83 1
133 133 1
150 153 1
95 95 1
133 133 1
94 94 1
27 27 1
100 100 1
101 101 1
104 104 1
82 82 1
63 63 1
126 126 1
82 82 1
33 33 1
81 103 1
15 15 1
37 76 1
22 22 1
55 55 1
74 74 1
51 51 1
59 153 1
136 136 1
80 80 1
95 95 1
62 62 1
12 12 1
41 41 1
119 119 1
50 50 1
120 120 1
47 47 1
32 32 1
103 103 1
99 99 1
134 134 1
107 107 1
5 5 1
33 33 1
101 101 1
109 109 1
4 4 1
93 96 1
135 136 1
90 90 1
87 87 1
6 6 1
36 36 1
110 110 1
43 43 1
124 124 1
47 47 1
92 92 1
151 151 1
19 19 1
48 48 1
154 154 1
56 56 2
131 132 1
85 85 1
3 3 1
131 131 1
56 56 1
138 138 1
24 24 2
57 70 1
64 64 1
131 131 1
93 93 1
117 117 1
100 101 1
101 101 1
144 144 1
19 21 1
51 51 1
43 44 1
81 102 1
43 43 1
117 117 1
93 93 1
7 7 1
127 127 1
102 102 1
54 54 1
77 79 1
27 28 1
111 111 1
56 56 1
142 142 1
43 43 1
154 154 1
128 128 1
85 109 1
96 96 1
149 149 1
134 143 1
58 58 1
45 45 1
47 48 1
86 86 1
148 148 1
97 97 1
134 134 1
74 75 1
114 114 1
28 30 1
96 96 1
108 108 1
46 46 1
82 82 1
153 153 1
17 18 1
48 48 1
9 30 2
147 147 1
105 105 1
48 49 1
116 116 1
64 64 1
85 85 1
45 45 1
127 127 1
52 54 1
93 93 1
94 95 1
90 109 1
101 101 2
41 61 1
41 41 1
117 117 1
144 144 1
47 47 1
125 125 1
151 151 1
94 98 1
133 133 1
85 87 1
104 104 1
23 24 1
15 15 1
135 135 1
102 105 1
71 71 1
84 85 1
132 132 1
23 23 1
133 133 1
138 138 1
100 100 1
46 46 1
96 96 1
108 108 1
150 150 1
57 85 1
109 109 1
53 53 1
49 49 1
28 28 1
88 88 1
93 93 1
109 110 1
49 49 1
41 41 1
43 43 1
40 40 1
14 14 2
4 4 1
147 147 1
133 133 1
125 125 1
148 148 1
44 44 2
116 116 1
144 144 1
111 111 1
47 47 1
19 19 1
17 17 1
149 149 1
90 90 1
94 94 1
143 143 1
110 110 1
80 80 1
72 72 1
132 132 1
117 117 2
99 99 1
117 117 1
155 155 1
75 75 1
49 49 1
40 41 1
139 139 1
114 114 1
64 64 1
43 43 1
98 98 1
85 87 1
153 153 1
103 103 1
52 52 1
99 99 2
101 101 1
34 34 1
35 49 1
27 27 1
6 6 1
57 57 1
45 45 1
133 133 1
90 113 1
36 71 1
122 122 1
23 23 1
71 71 1
117 117 1
80 80 1
51 53 1
141 141 1
131 131 1
123 123 1
71 71 1
95 96 1
16 16 1
137 137 1
12 12 1
152 152 1
57 57 1
37 37 1
110 110 1
32 32 1
148 148 1
149 149 1
122 122 1
81 102 1
105 105 1
154 154 1
17 17 1
148 148 1
50 51 1
134 135 1
68 68 1
13 13 1
33 33 1
14 14 1
98 98 1
14 15 1
57 57 1
21 21 1
147 147 1
89 89 1
89 117 2
56 56 1
48 48 1
140 140 1
23 24 1
11 13 1
79 79 1
7 7 1
102 103 1
74 74 1
39 39 1
123 123 1
151 151 1
133 133 2
127 127 1
103 103 1
150 150 1
54 55 1
147 147 1
74 74 1
71 71 1
64 89 1
65 65 1
36 36 1
153 153 1
28 28 1
114 114 1
48 48 2
135 136 1
55 55 1
98 100 1
71 71 1
48 48 1
54 54 1
106 106 1
14 14 1
149 149 1
22 22 1
69 69 1
85 85 1
84 84 1
124 129 1
139 139 1
125 129 1
15 15 1
136 136 1
39 39 1
56 56 1
50 50 1
11 11 1
81 81 1
48 48 1
110 110 1
43 43 1
3 3 1
56 56 1
84 87 1
69 69 1
133 133 1
41 53 1
49 49 1
85 108 1
92 92 1
14 14 1
33 33 1
104 104 1
6 6 1
53 53 1
134 135 1
101 101 2
23 23 1
69 69 1
39 39 1
154 155 1
152 152 2
69 69 1
119 119 1
133 133 1
82 83 1
45 45 1
141 141 1
94 94 1
78 78 1
3 3 1
119 119 1
26 26 1
51 51 1
13 13 1
82 84 1
66 66 1
69 69 1
15 15 1
88 93 1
35 35 1
102 102 1
133 133 2
61 61 1
53 53 1
61 61 1
109 109 1
131 131 1
21 22 1
93 93 1
108 108 1
5 5 1
116 116 1
26 27 1
123 124 1
125 125 1
90 90 1
80 80 1
88 88 1
123 123 1
24 24 1
106 106 1
109 109 1
6 7 1
133 133 1
132 132 1
19 21 1
150 150 1
135 135 1
155 155 1
20 20 1
150 150 1
84 88 1
86 87 1
17 17 1
76 76 1
51 51 1
111 111 1
106 106 1
41 41 1
135 135 1
30 30 1
9 9 1
9 9 1
38 39 1
6 6 1
86 109 1
100 100 1
57 57 1
99 99 1
110 110 1
31 31 1
53 53 1
21 21 1
25 25 1
32 32 1
51 51 1
43 43 1
127 127 1
6 6 1
38 38 2
106 106 1
39 39 1
16 16 1
98 98 1
148 148 1
110 110 1
85 86 1
84 84 1
115 117 1
141 141 2
85 86 1
123 123 1
149 149 1
142 142 1
47 47 1
68 68 1
127 128 1
33 33 1
23 23 1
55 101 1
49 49 1
63 88 1
81 82 1
35 35 1
54 56 1
122 122 1
135 135 1
50 50 1
62 62 1
109 109 2
58 58 1
35 35 1
152 153 1
58 58 1
105 105 1
104 104 1
102 105 1
138 138 2
144 144 1
147 147 1
20 20 1
80 87 1
26 26 1
64 64 1
23 24 1
86 86 1
76 76 1
49 50 1
106 106 1
64 64 1
23 23 1
100 100 1
99 99 1
10 10 2
118 118 1
29 29 1
116 116 1
33 33 1
90 90 1
85 107 1
94 94 1
39 39 1
99 99 1
99 104 1
12 12 1
43 43 1
109 109 2
107 107 1
14 14 1
54 55 1
89 92 1
43 43 1
94 94 1
34 34 2
132 132 1
78 78 1
59 117 1
84 84 1
114 114 1
145 145 1
84 84 1
16 16 1
137 137 1
39 39 1
108 108 1
115 115 1
100 100 1
95 95 1
152 152 1
13 13 1
10 10 1
139 139 1
74 74 1
108 108 1
86 86 1
68 68 1
33 33 2
32 32 1
54 55 1
125 125 1
115 115 1
10 10 1
32 32 1
147 148 1
101 101 1
101 101 1
100 100 1
104 104 1
15 15 1
115 115 2
134 135 1
107 107 1
55 55 1
52 53 1
80 80 1
52 52 1
153 153 1
76 76 1
149 154 1
117 117 1
62 62 1
50 50 1
20 20 1
84 88 1
27 27 1
116 116 1
36 36 1
43 43 1
124 124 1
100 100 1
129 129 1
142 142 1
30 30 1
137 137 2
150 150 2
84 84 1
126 129 1
63 63 1
81 102 2
131 131 1
137 139 1
94 95 1
117 117 1
77 80 1
99 99 1
100 100 1
13 13 1
33 34 1
122 123 1
141 141 1
88 88 2
131 131 1
127 127 1
137 138 1
69 69 1
94 94 1
38 38 1
81 81 1
33 33 1
86 87 1
15 15 1
39 39 1
33 33 1
20 20 1
148 148 2
136 138 1
117 117 1
54 54 1
78 78 1
137 137 1
63 63 1
82 82 1
32 32 1
152 152 1
83 83 1
128 130 2
135 135 1
91 91 1
5 5 1
81 82 1
141 141 1
99 99 1
75 96 1
108 108 1
94 98 1
101 101 1
4 14 1
142 142 1
48 48 1
57 57 1
67 67 1
61 61 1
50 51 1
73 73 1
28 28 1
46 46 1
54 54 1
125 125 1
29 29 1
68 69 1
82 82 1
51 51 1
127 128 1
48 49 1
70 70 1
128 128 1
144 144 1
93 93 1
13 14 1
137 137 1
39 39 1
59 76 1
21 21 1
106 152 1
126 129 1
106 107 1
33 33 1
26 27 1
123 123 1
46 46 1
17 17 1
23 23 1
144 144 1
130 130 1
140 140 1
39 61 1
39 39 1
84 84 2
17 19 1
39 39 1
13 13 1
55 55 2
5 5 1
87 88 1
45 45 1
9 9 1
49 49 1
6 6 2
101 101 1
69 69 1
84 84 1
79 79 1
75 75 1
46 46 1
56 56 1
151 151 1
152 152 1
96 96 1
147 147 1
105 105 1
69 69 1
66 66 1
53 53 1
99 99 1
150 150 1
59 59 1
103 103 1
133 133 1
83 84 1
118 118 1
48 48 1
106 106 1
39 40 1
31 31 1
114 118 1
93 93 1
57 71 1
58 87 1
16 16 1
130 131 1
101 101 1
87 87 1
117 117 1
96 98 1
103 103 1
47 47 1
33 33 1
22 22 1
6 6 1
32 32 1
30 30 1
155 155 1
80 87 1
35 35 1
51 51 1
28 28 1
80 80 1
6 6 1
129 129 1
152 152 1
108 108 1
99 100 1
150 150 1
27 28 1
37 37 1
153 153 1
6 6 1
58 58 1
74 74 1
141 141 2
100 100 1
69 69 1
102 102 1
104 104 2
24 24 1
143 143 1
83 83 1
91 91 1
62 62 1
29 29 1
103 103 1
8 8 1
83 84 1
116 116 1
51 52 1
47 47 1
152 152 1
29 30 1
115 115 1
80 80 1
129 129 1
130 130 1
97 97 1
40 40 1
142 142 1
95 95 1
117 117 1
115 115 1
75 75 1
71 71 1
33 33 1
30 30 1
76 76 1
52 52 1
9 9 1
85 85 1
114 114 1
69 69 1
45 55 2
154 154 1
34 34 1
48 48 1
90 90 1
154 154 1
123 123 1
44 44 1
109 109 1
144 144 1
62 63 1
63 63 1
36 36 1
103 103 1
26 26 1
52 58 1
15 16 1
131 131 1
154 154 1
50 50 1
71 71 1
58 58 1
75 75 1
149 150 1
19 19 1
82 150 2
16 16 1
109 109 1
22 22 1
137 137 1
81 81 1
137 137 1
127 127 1
108 109 1
100 100 1
72 76 1
102 102 1
57 57 1
102 102 1
150 152 1
100 100 1
56 56 1
123 123 1
127 127 1
34 34 1
69 69 1
125 129 1
83 98 1
106 106 1
9 9 1
102 103 1
108 127 1
127 127 1
137 137 1
48 48 1
128 129 2
76 96 1
123 124 1
36 36 1
126 126 1
19 19 1
39 39 1
104 104 1
65 65 1
86 86 1
64 64 1
71 71 1
105 105 1
71 71 1
99 104 1
63 63 1
126 126 1
100 100 1
129 129 1
65 65 1
138 138 1
98 101 1
79 79 1
59 59 1
89 89 1
153 153 1
64 64 1
135 136 1
102 102 1
8 8 2
45 45 1
125 125 1
50 50 1
25 25 1
76 76 1
23 23 1
64 64 1
56 56 1
139 139 1
137 137 1
53 53 1
13 13 1
53 53 1
82 99 1
68 68 1
125 125 1
19 19 1
108 108 1
46 47 1
52 52 2
87 87 1
9 9 1
140 140 1
40 40 1
116 116 1
32 32 1
51 51 1
57 57 1
80 80 1
25 25 1
48 48 1
108 108 1
51 51 1
26 27 1
90 90 1
75 75 1
13 14 1
4 4 1
119 119 1
33 33 1
86 86 1
86 86 1
6 6 1
141 141 1
61 61 1
33 33 1
128 128 1
125 125 2
139 139 1
104 104 1
107 108 1
6 6 1
84 84 1
153 153 1
140 140 1
83 83 1
62 62 1
144 144 1
11 11 1
57 57 1
147 147 1
132 132 1
106 106 1
114 114 1
136 136 1
55 55 1
4 5 1
17 17 1
94 98 1
128 129 1
48 48 1
40 40 1
85 85 1
84 99 1
5 5 1
46 46 1
94 94 1
14 14 2
44 44 1
34 35 1
118 118 1
91 91 1
131 131 1
88 88 1
23 24 1
64 65 1
4 5 1
91 91 1
44 44 1
103 104 1
76 76 1
39 39 1
93 93 1
15 15 1
9 9 1
111 111 1
43 44 1
85 85 1
13 13 1
6 6 1
8 8 1
115 115 1
149 149 1
149 149 1
89 89 1
15 15 1
131 132 1
81 81 1
13 13 1
57 57 1
57 57 1
71 71 1
91 91 1
126 126 1
116 116 1
152 152 1
139 139 1
48 48 1
5 5 1
120 120 1
96 96 1
144 144 2
131 131 1
12 12 1
88 88 1
101 136 1
18 18 1
89 89 1
15 15 1
54 54 1
28 28 1
127 127 1
7 7 1
15 15 1
55 55 1
84 84 1
45 45 1
80 80 1
19 19 1
41 41 1
144 144 1
105 105 1
131 134 1
140 140 1
80 86 1
123 123 1
71 71 2
107 108 1
33 34 1
91 91 1
150 150 1
116 116 1
81 81 1
131 131 1
102 102 1
87 87 1
28 28 1
80 86 1
150 150 1
42 42 1
153 153 1
134 134 1
75 75 1
87 88 1
94 94 1
32 32 1
132 132 1
139 139 1
53 53 1
33 33 1
66 66 1
115 115 1
8 8 1
102 103 1
144 144 1
120 121 1
137 137 1
15 15 1
127 127 1
16 16 1
76 76 1
83 84 1
16 18 1
102 102 1
97 97 1
15 16 1
119 119 1
35 35 1
129 129 1
110 125 1
35 72 1
70 70 1
35 35 1
56 56 1
54 55 1
103 103 1
16 17 1
10 10 1
38 38 1
27 27 1
45 46 1
94 94 1
152 152 1
27 27 1
128 128 1
83 84 1
85 85 1
105 105 1
155 155 1
14 15 1
87 87 1
35 35 1
46 46 1
119 119 1
140 140 1
67 67 1
82 82 1
28 29 1
83 83 1
155 155 1
43 43 1
140 140 1
130 131 1
24 24 1
25 25 1
15 15 1
12 13 1
24 24 1
119 119 2
125 125 1
59 59 1
119 119 1
27 27 1
118 118 1
80 80 1
126 129 1
69 69 1
69 69 1
81 81 1
136 136 1
44 44 1
23 23 1
94 94 1
101 101 1
119 119 1
85 85 1
124 124 1
74 74 1
101 101 1
140 140 1
56 56 1
114 114 1
139 140 1
82 153 1
81 81 1
5 5 1
128 128 1
10 10 1
142 142 1
90 90 1
3 4 1
47 47 1
154 154 1
131 131 1
41 41 1
57 58 1
52 52 1
73 74 1
105 105 2
10 10 1
68 69 1
90 90 1
49 49 1
27 27 1
139 139 1
122 122 1
136 136 1
87 88 1
62 62 1
133 133 1
129 129 1
107 148 1
97 97 1
135 135 1
74 74 1
9 9 1
97 97 1
134 134 1
100 100 1
42 42 1
104 104 1
103 104 1
93 93 1
15 15 1
94 94 1
71 71 1
34 35 1
116 116 1
135 135 1
106 106 1
34 34 1
47 47 1
12 12 1
90 90 1
55 58 1
46 47 1
32 32 1
49 49 1
106 106 1
32 32 1
28 28 1
18 27 1
19 19 1
126 126 1
132 132 1
6 6 1
104 104 1
12 12 1
124 124 1
134 135 1
74 74 1
45 48 1
94 94 1
154 154 1
152 152 1
117 117 1
103 103 1
48 49 1
137 137 1
9 9 2
114 114 1
59 59 1
103 103 1
47 47 1
86 86 1
121 121 1
89 90 1
136 136 1
18 18 1
69 69 1
118 119 1
60 120 1
31 31 1
72 72 2
10 10 1
80 87 1
33 33 1
97 97 1
10 10 1
123 123 1
53 54 1
87 87 2
18 18 1
12 12 1
65 65 1
140 140 1
75 75 1
153 153 1
21 22 1
52 52 1
57 57 1
119 119 1
111 111 1
115 115 2
34 34 1
38 38 1
141 141 1
66 66 1
98 103 1
20 20 1
85 88 1
102 102 1
102 105 1
154 154 1
48 48 1
139 139 1
27 28 1
152 152 2
134 134 1
105 105 1
68 68 1
110 110 1
71 71 1
39 39 1
104 104 1
110 110 1
80 80 1
136 137 1
57 57 1
13 14 1
144 144 1
138 138 1
140 140 1
12 12 1
41 41 1
117 117 1
153 153 1
85 85 1
141 141 1
69 70 1
127 127 1
71 71 1
68 68 1
115 115 1
108 108 1
152 152 1
135 135 1
127 127 1
21 32 1
149 149 1
128 128 1
138 138 1
134 134 1
115 115 1
149 150 1
71 71 1
39 39 1
136 136 1
17 18 1
12 13 1
87 87 1
50 50 1
98 98 1
33 33 1
115 137 1
94 94 1
90 90 1
136 136 1
96 101 1
116 116 1
68 68 1
75 75 1
73 74 1
46 46 1
69 69 1
14 14 1
49 50 1
32 32 1
126 126 2
109 109 1
78 78 1
97 97 1
63 63 1
129 129 1
11 11 1
34 36 1
94 94 1
110 110 1
133 133 1
90 90 1
71 71 1
10 10 1
69 69 1
13 13 1
103 103 1
45 45 1
88 88 1
134 135 1
107 108 1
83 83 1
119 119 1
85 85 1
140 140 1
4 4 1
139 139 1
152 152 1
41 41 1
65 65 1
5 5 1
33 33 1
14 14 1
102 102 1
33 33 1
148 148 1
76 79 1
69 69 1
11 11 1
115 115 1
46 46 2
14 14 1
129 130 1
130 130 1
100 100 1
83 84 1
51 51 2
142 142 1
136 137 1
144 144 1
131 131 1
134 134 1
58 58 1
29 29 1
111 111 1
117 117 2
108 108 1
33 33 1
106 106 1
74 74 1
90 90 1
55 55 1
154 154 1
25 25 1
103 103 1
49 49 1
49 50 1
125 125 1
137 137 1
26 27 1
63 63 1
26 26 1
107 107 1
153 153 1
98 98 1
73 73 2
61 61 1
27 27 1
109 109 1
4 4 1
75 75 1
116 117 1
100 100 1
125 125 1
7 28 1
24 24 1
73 73 2
126 127 1
12 12 1
54 54 1
37 37 1
117 117 1
86 86 1
94 94 1
107 107 1
15 15 1
124 124 1
106 106 1
135 136 1
40 40 1
124 124 1
12 12 1
94 94 1
8 9 1
94 94 1
141 141 1
33 34 1
147 147 1
95 95 1
86 86 1
64 64 1
141 142 1
86 86 1
71 71 1
29 30 1
63 63 1
98 98 1
120 120 1
131 132 1
150 150 1
74 74 2
133 133 1
15 15 2
99 99 1
39 39 1
143 143 1
19 19 2
22 22 1
33 33 3
19 19 1
147 147 1
37 63 1
78 78 1
76 76 1
51 51 1
119 119 1
24 24 1
62 62 1
152 152 1
140 140 1
46 46 1
53 53 1
83 83 1
122 122 1
13 13 1
86 86 1
16 16 1
107 107 1
106 106 1
103 103 1
6 28 1
106 106 1
70 70 1
126 126 1
50 50 1
82 82 1
19 22 1
11 11 1
32 32 1
106 106 1
20 20 1
150 150 2
8 8 1
129 129 1
10 10 1
152 152 1
