1	1	280.0
1	2	2.0
2	1	2.0
2	2	296.0
2	3	3.0
3	2	2.0
3	3	302.0
3	16	1.0
3	81	1.0
4	4	301.0
4	5	1.0
4	14	5.0
4	15	1.0
4	80	1.0
5	4	2.0
5	5	303.0
5	6	5.0
5	8	2.0
5	27	1.0
5	37	1.0
5	60	1.0
6	5	1.0
6	6	322.0
6	7	1.0
6	13	1.0
6	14	1.0
6	15	1.0
7	7	300.0
7	8	1.0
7	37	1.0
8	6	4.0
8	8	348.0
8	9	4.0
8	14	1.0
8	40	1.0
9	6	1.0
9	8	5.0
9	9	297.0
9	10	4.0
9	11	2.0
9	15	1.0
9	16	2.0
9	34	1.0
10	8	2.0
10	9	3.0
10	10	308.0
10	11	2.0
11	10	3.0
11	11	309.0
11	12	1.0
12	6	1.0
12	10	1.0
12	12	333.0
12	13	2.0
12	14	1.0
12	16	1.0
12	17	1.0
13	6	1.0
13	9	1.0
13	12	1.0
13	13	287.0
13	14	5.0
13	15	3.0
13	17	4.0
14	3	3.0
14	4	1.0
14	5	1.0
14	11	1.0
14	13	3.0
14	14	251.0
14	15	2.0
14	80	1.0
15	6	1.0
15	7	1.0
15	9	2.0
15	13	7.0
15	14	3.0
15	15	225.0
15	16	1.0
15	18	3.0
15	81	1.0
16	8	1.0
16	9	3.0
16	16	251.0
16	17	2.0
16	18	1.0
16	19	1.0
16	20	1.0
16	21	1.0
16	82	1.0
17	12	2.0
17	16	1.0
17	17	333.0
17	18	1.0
18	13	2.0
18	17	1.0
18	18	191.0
18	19	3.0
18	21	1.0
19	9	1.0
19	16	3.0
19	18	2.0
19	19	286.0
19	20	1.0
20	16	1.0
20	18	2.0
20	19	1.0
20	20	221.0
20	21	1.0
20	53	1.0
21	21	319.0
21	22	2.0
21	25	1.0
21	82	1.0
22	21	1.0
22	22	92.0
25	21	1.0
25	25	194.0
25	26	2.0
26	25	2.0
26	26	310.0
26	59	1.0
26	61	2.0
26	62	3.0
26	73	4.0
27	2	1.0
27	5	3.0
27	27	332.0
27	28	4.0
27	41	1.0
27	46	1.0
27	47	1.0
28	1	1.0
28	18	1.0
28	27	2.0
28	28	236.0
28	29	1.0
28	41	2.0
29	28	1.0
29	29	309.0
29	30	1.0
29	42	2.0
30	29	5.0
30	30	278.0
30	31	2.0
30	42	1.0
31	31	314.0
31	32	2.0
31	33	3.0
31	64	1.0
32	29	3.0
32	31	3.0
32	32	333.0
32	33	1.0
33	30	2.0
33	31	1.0
33	32	8.0
33	33	290.0
33	34	2.0
34	31	2.0
34	32	2.0
34	34	237.0
34	35	4.0
35	19	1.0
35	34	2.0
35	35	327.0
35	36	4.0
36	31	1.0
36	34	2.0
36	36	269.0
36	37	3.0
36	40	2.0
36	45	1.0
37	6	1.0
37	8	1.0
37	30	1.0
37	37	316.0
37	38	2.0
37	42	3.0
38	37	1.0
38	38	318.0
38	39	2.0
39	18	1.0
39	27	1.0
39	37	1.0
39	38	6.0
39	39	300.0
39	80	1.0
40	15	1.0
40	40	334.0
40	41	1.0
40	80	3.0
41	9	1.0
41	28	1.0
41	40	1.0
41	41	361.0
41	42	3.0
41	63	1.0
42	3	1.0
42	29	1.0
42	37	1.0
42	41	1.0
42	42	301.0
42	43	1.0
43	27	1.0
43	42	1.0
43	43	92.0
43	46	1.0
44	44	70.0
44	45	1.0
44	46	1.0
45	36	1.0
45	44	2.0
45	45	284.0
45	46	3.0
45	54	1.0
46	28	1.0
46	44	1.0
46	45	2.0
46	46	297.0
46	47	4.0
46	48	1.0
47	7	1.0
47	46	2.0
47	47	306.0
47	48	2.0
48	47	2.0
48	48	304.0
48	49	2.0
49	12	1.0
49	49	295.0
49	50	4.0
49	51	5.0
49	52	1.0
49	61	1.0
50	15	1.0
50	49	1.0
50	50	273.0
50	51	6.0
50	52	5.0
50	53	1.0
50	54	1.0
50	67	1.0
51	49	2.0
51	50	6.0
51	51	312.0
51	52	4.0
51	54	1.0
52	45	1.0
52	50	1.0
52	51	2.0
52	52	289.0
52	53	1.0
52	54	1.0
53	49	1.0
53	50	1.0
53	51	1.0
53	52	2.0
53	53	319.0
53	54	2.0
53	60	1.0
53	61	3.0
53	67	2.0
53	68	1.0
54	51	1.0
54	54	288.0
54	55	1.0
54	63	1.0
54	67	1.0
55	54	1.0
55	55	300.0
55	56	2.0
55	68	1.0
55	76	1.0
56	55	2.0
56	56	302.0
56	79	1.0
57	56	1.0
57	57	290.0
57	58	3.0
57	62	3.0
57	65	1.0
57	68	2.0
58	2	1.0
58	57	3.0
58	58	272.0
58	59	4.0
58	65	2.0
58	66	1.0
59	57	2.0
59	58	4.0
59	59	286.0
59	60	1.0
59	66	1.0
59	68	1.0
59	71	1.0
59	72	1.0
60	26	2.0
60	51	3.0
60	52	1.0
60	53	3.0
60	59	1.0
60	60	270.0
60	61	3.0
60	63	1.0
61	53	1.0
61	58	1.0
61	60	2.0
61	61	303.0
61	63	1.0
61	64	1.0
62	54	2.0
62	61	1.0
62	62	266.0
63	9	1.0
63	26	1.0
63	60	1.0
63	61	1.0
63	62	2.0
63	63	313.0
63	64	1.0
63	66	2.0
64	3	1.0
64	60	1.0
64	63	2.0
64	64	321.0
64	65	1.0
64	66	1.0
64	73	1.0
65	57	1.0
65	58	1.0
65	64	1.0
65	65	294.0
65	66	1.0
66	6	1.0
66	63	2.0
66	64	1.0
66	65	1.0
66	66	292.0
66	67	1.0
66	68	1.0
67	33	1.0
67	50	1.0
67	53	1.0
67	58	1.0
67	66	2.0
67	67	308.0
67	68	2.0
67	69	1.0
67	72	1.0
67	73	2.0
68	18	1.0
68	53	1.0
68	54	1.0
68	55	1.0
68	59	1.0
68	67	1.0
68	68	294.0
68	69	3.0
68	71	1.0
68	78	1.0
69	68	4.0
69	69	284.0
69	70	3.0
69	71	1.0
69	72	1.0
70	66	1.0
70	67	1.0
70	69	4.0
70	70	287.0
70	71	3.0
70	72	2.0
71	68	1.0
71	69	2.0
71	70	6.0
71	71	313.0
71	72	1.0
72	59	1.0
72	63	2.0
72	69	1.0
72	70	4.0
72	71	6.0
72	72	349.0
72	73	1.0
73	26	1.0
73	66	1.0
73	71	1.0
73	72	1.0
73	73	311.0
74	73	1.0
74	74	323.0
74	75	3.0
74	76	1.0
74	79	2.0
75	52	1.0
75	74	3.0
75	75	307.0
75	76	2.0
75	78	2.0
76	1	1.0
76	56	3.0
76	74	1.0
76	76	318.0
76	79	1.0
77	46	1.0
77	77	288.0
77	78	4.0
78	72	1.0
78	77	3.0
78	78	281.0
79	74	1.0
79	75	2.0
79	78	2.0
79	79	344.0
79	80	1.0
80	13	1.0
80	14	2.0
80	15	1.0
80	18	1.0
80	39	1.0
80	79	2.0
80	80	290.0
80	81	1.0
81	81	41.0
82	1	1.0
82	60	1.0
82	82	252.0
