19	19	188.0
19	20	25.0
19	21	5.0
19	22	1.0
19	23	1.0
19	24	1.0
19	25	6.0
19	26	1.0
19	28	1.0
19	29	1.0
19	43	1.0
19	110	2.0
19	111	7.0
20	20	301.0
20	21	11.0
20	22	3.0
20	24	3.0
20	25	1.0
20	27	1.0
20	29	1.0
20	30	1.0
20	45	5.0
20	46	1.0
20	53	3.0
20	60	1.0
20	70	1.0
20	109	1.0
20	110	2.0
20	111	4.0
21	21	338.0
21	22	15.0
21	23	6.0
21	24	3.0
21	25	1.0
21	26	3.0
21	27	3.0
21	30	12.0
21	37	1.0
21	43	4.0
21	44	3.0
21	55	1.0
21	57	1.0
21	59	1.0
21	65	1.0
21	103	1.0
21	104	9.0
21	108	2.0
21	109	2.0
21	110	4.0
21	111	4.0
22	22	320.0
22	23	40.0
22	24	21.0
22	29	1.0
22	30	3.0
22	42	1.0
22	44	1.0
22	55	5.0
22	56	1.0
22	61	1.0
22	104	2.0
22	105	1.0
22	110	1.0
22	112	1.0
23	23	303.0
23	24	23.0
23	28	1.0
23	30	1.0
23	36	1.0
23	42	2.0
23	48	1.0
23	54	6.0
23	55	15.0
23	56	4.0
23	57	1.0
23	58	3.0
23	60	2.0
23	62	1.0
23	70	1.0
23	71	1.0
23	94	2.0
24	24	324.0
24	25	10.0
24	26	3.0
24	30	3.0
24	31	2.0
24	32	3.0
24	40	2.0
24	41	1.0
24	54	2.0
24	56	3.0
24	57	4.0
24	60	2.0
24	61	4.0
24	62	1.0
24	67	1.0
24	69	3.0
24	70	15.0
24	71	6.0
24	74	2.0
24	75	2.0
24	86	4.0
24	87	1.0
24	88	1.0
24	91	1.0
24	92	1.0
24	103	4.0
24	105	3.0
24	106	6.0
24	108	5.0
25	25	349.0
25	26	39.0
25	27	3.0
25	28	1.0
25	40	3.0
25	42	8.0
25	43	5.0
25	54	1.0
25	62	6.0
25	63	2.0
25	64	1.0
25	69	2.0
25	70	8.0
25	71	9.0
25	72	2.0
25	73	3.0
25	74	1.0
25	75	1.0
25	86	1.0
25	103	2.0
25	105	2.0
25	108	5.0
25	109	5.0
25	110	1.0
26	26	315.0
26	27	19.0
26	28	4.0
26	29	7.0
26	30	1.0
26	41	1.0
26	43	3.0
26	48	1.0
26	63	1.0
26	71	3.0
26	72	2.0
26	73	1.0
26	74	1.0
26	83	1.0
26	85	3.0
26	86	1.0
26	87	2.0
26	90	1.0
26	91	1.0
26	104	1.0
26	108	5.0
26	109	10.0
26	110	14.0
26	111	2.0
26	112	1.0
27	27	343.0
27	28	25.0
27	29	11.0
27	30	2.0
27	33	1.0
27	43	5.0
27	44	2.0
27	65	1.0
27	91	1.0
27	93	2.0
27	99	2.0
27	103	1.0
27	104	5.0
27	107	1.0
27	109	2.0
27	110	3.0
27	111	3.0
28	28	326.0
28	29	36.0
28	43	2.0
28	44	2.0
28	65	1.0
28	84	1.0
28	98	2.0
28	99	1.0
28	100	1.0
28	101	1.0
28	102	2.0
28	103	2.0
29	29	360.0
29	30	2.0
29	33	2.0
29	65	1.0
29	72	13.0
29	73	2.0
29	81	5.0
29	82	4.0
29	84	2.0
29	85	3.0
29	87	3.0
29	89	10.0
29	90	3.0
29	91	3.0
29	97	1.0
29	99	2.0
29	100	1.0
29	101	1.0
29	102	5.0
29	103	2.0
29	104	1.0
29	110	1.0
29	113	2.0
30	30	339.0
30	31	31.0
30	32	4.0
30	37	1.0
30	38	2.0
30	64	2.0
30	65	6.0
30	66	3.0
30	81	2.0
30	82	1.0
30	83	10.0
30	84	11.0
30	85	1.0
30	92	3.0
30	93	1.0
30	94	3.0
30	95	1.0
30	97	2.0
30	100	1.0
30	101	2.0
30	103	5.0
30	104	2.0
30	105	6.0
30	106	13.0
30	107	8.0
31	31	324.0
31	32	27.0
31	36	3.0
31	38	1.0
31	53	1.0
31	65	6.0
31	81	3.0
31	83	2.0
31	84	1.0
31	85	1.0
31	90	1.0
31	92	9.0
31	93	2.0
31	94	7.0
31	95	10.0
31	96	1.0
31	97	1.0
31	100	12.0
31	101	3.0
31	102	1.0
31	103	4.0
31	105	8.0
31	106	3.0
31	107	3.0
32	32	284.0
32	33	9.0
32	34	1.0
32	36	3.0
32	37	3.0
32	62	1.0
32	63	1.0
32	66	4.0
32	67	5.0
32	71	1.0
32	73	1.0
32	74	9.0
32	75	7.0
32	76	4.0
32	92	3.0
32	94	2.0
32	95	6.0
32	96	8.0
32	97	2.0
32	98	1.0
32	99	3.0
32	100	9.0
32	101	9.0
32	102	1.0
32	103	1.0
32	109	1.0
33	33	324.0
33	34	11.0
33	35	25.0
33	36	18.0
33	50	3.0
33	74	1.0
33	76	1.0
33	77	2.0
33	95	3.0
33	96	9.0
33	97	1.0
33	98	4.0
33	99	1.0
33	101	1.0
33	103	1.0
33	104	1.0
33	107	3.0
34	34	290.0
34	35	35.0
34	36	3.0
34	38	1.0
34	46	2.0
34	59	1.0
34	74	1.0
34	80	1.0
34	96	2.0
34	101	3.0
34	111	1.0
35	35	288.0
35	36	11.0
35	37	1.0
35	47	2.0
35	50	1.0
35	71	1.0
35	75	1.0
35	77	1.0
35	87	1.0
35	97	2.0
35	106	1.0
36	36	307.0
36	37	26.0
36	38	5.0
36	39	12.0
36	40	9.0
36	41	1.0
36	50	8.0
36	51	3.0
36	77	2.0
36	91	1.0
36	93	1.0
36	94	1.0
36	95	3.0
36	96	1.0
36	99	1.0
36	105	1.0
36	106	3.0
37	37	286.0
37	38	19.0
37	39	11.0
37	40	3.0
37	50	1.0
37	70	1.0
37	76	1.0
37	77	4.0
37	80	1.0
37	92	4.0
37	93	5.0
37	94	9.0
37	95	9.0
37	103	1.0
37	105	1.0
37	106	1.0
37	107	1.0
38	38	262.0
38	39	15.0
38	48	1.0
38	50	5.0
38	71	1.0
38	72	2.0
38	91	1.0
38	93	13.0
38	94	8.0
38	95	1.0
38	100	1.0
38	105	3.0
38	106	2.0
38	107	1.0
38	115	1.0
39	39	311.0
39	40	26.0
39	41	6.0
39	49	6.0
39	50	11.0
39	51	14.0
39	52	3.0
39	71	1.0
39	84	1.0
39	93	1.0
39	105	10.0
39	106	7.0
39	107	4.0
39	108	1.0
40	40	308.0
40	41	30.0
40	42	4.0
40	43	5.0
40	44	5.0
40	47	2.0
40	48	1.0
40	49	6.0
40	50	5.0
40	51	2.0
40	68	1.0
40	77	2.0
40	101	1.0
40	104	2.0
40	106	1.0
40	107	5.0
40	108	10.0
41	41	311.0
41	42	24.0
41	43	1.0
41	44	5.0
41	45	2.0
41	46	1.0
41	47	3.0
41	48	7.0
41	49	36.0
41	52	1.0
41	53	2.0
41	59	1.0
41	72	1.0
41	107	1.0
41	108	6.0
42	42	307.0
42	43	23.0
42	44	8.0
42	45	1.0
42	46	3.0
42	47	2.0
42	48	4.0
42	49	13.0
42	54	3.0
42	55	4.0
42	57	1.0
42	61	3.0
42	69	1.0
42	72	1.0
43	43	321.0
43	44	32.0
43	45	2.0
43	47	4.0
43	48	3.0
43	49	1.0
43	64	1.0
43	102	1.0
43	103	1.0
43	108	1.0
44	44	304.0
44	45	23.0
44	47	2.0
44	48	6.0
44	49	1.0
44	68	1.0
44	74	1.0
44	84	1.0
44	103	1.0
44	111	1.0
45	45	299.0
45	46	23.0
45	47	5.0
45	48	4.0
45	52	1.0
45	67	1.0
45	107	1.0
46	46	371.0
46	47	15.0
46	48	3.0
46	49	1.0
46	50	5.0
46	51	3.0
46	52	4.0
46	53	1.0
46	68	1.0
46	70	1.0
46	78	1.0
47	47	308.0
47	48	44.0
47	49	7.0
47	50	2.0
47	51	4.0
47	53	3.0
47	54	1.0
47	62	1.0
47	65	1.0
47	78	1.0
48	48	286.0
48	49	43.0
48	50	3.0
48	51	2.0
48	52	4.0
48	58	1.0
48	61	1.0
48	105	1.0
48	108	1.0
49	49	358.0
49	50	19.0
49	51	1.0
49	52	4.0
49	53	12.0
49	55	1.0
49	61	5.0
49	105	1.0
49	108	2.0
50	50	346.0
50	51	43.0
50	52	8.0
50	60	1.0
50	61	1.0
50	63	5.0
50	65	1.0
50	67	1.0
50	68	3.0
50	69	3.0
50	70	3.0
50	71	3.0
50	76	5.0
50	77	1.0
50	78	2.0
50	103	1.0
50	105	1.0
50	110	2.0
51	51	319.0
51	52	25.0
51	53	3.0
51	57	2.0
51	60	1.0
51	61	2.0
51	62	2.0
51	63	5.0
51	67	2.0
51	68	6.0
51	69	1.0
51	70	4.0
51	71	4.0
51	77	4.0
51	78	2.0
51	107	2.0
52	52	302.0
52	53	15.0
52	60	14.0
52	61	6.0
52	62	5.0
52	63	12.0
52	67	1.0
52	68	14.0
52	69	4.0
52	70	3.0
52	75	1.0
53	53	306.0
53	54	8.0
53	55	4.0
53	56	5.0
53	57	2.0
53	58	2.0
53	59	3.0
53	60	10.0
53	61	21.0
53	62	4.0
53	63	3.0
53	65	2.0
53	68	2.0
53	69	2.0
53	75	1.0
53	79	2.0
53	87	1.0
54	54	299.0
54	55	31.0
54	56	12.0
54	57	11.0
54	58	10.0
54	59	18.0
54	60	18.0
54	61	2.0
54	62	1.0
54	66	1.0
54	67	1.0
54	70	2.0
54	86	3.0
54	87	7.0
54	101	1.0
55	55	274.0
55	56	27.0
55	57	11.0
55	58	8.0
55	59	1.0
55	60	2.0
55	61	3.0
55	62	2.0
55	66	4.0
55	99	1.0
56	56	246.0
56	57	19.0
56	58	6.0
56	59	9.0
56	60	10.0
56	61	7.0
56	62	6.0
56	63	3.0
56	66	2.0
56	69	1.0
56	71	1.0
56	73	1.0
56	87	1.0
56	97	1.0
57	57	233.0
57	58	1.0
57	59	3.0
57	60	9.0
57	61	2.0
57	62	4.0
57	63	4.0
57	65	2.0
57	66	8.0
57	67	2.0
57	68	1.0
57	69	4.0
57	86	3.0
57	87	3.0
57	88	1.0
58	58	279.0
58	59	41.0
58	60	14.0
58	61	10.0
58	62	6.0
58	68	1.0
58	107	1.0
59	59	279.0
59	60	16.0
59	61	1.0
59	62	2.0
59	63	1.0
59	65	1.0
59	81	1.0
59	85	3.0
59	86	2.0
59	87	1.0
59	88	1.0
59	102	1.0
60	60	319.0
60	61	9.0
60	62	9.0
60	63	1.0
60	71	1.0
60	86	1.0
60	87	1.0
60	88	1.0
61	61	353.0
61	62	24.0
61	63	1.0
61	68	1.0
61	69	1.0
61	86	2.0
61	95	1.0
61	102	1.0
62	62	286.0
62	63	13.0
62	64	8.0
62	65	2.0
62	66	6.0
62	67	7.0
62	68	10.0
62	69	17.0
62	70	7.0
62	71	3.0
62	73	1.0
62	75	1.0
62	79	1.0
62	104	1.0
63	63	284.0
63	64	5.0
63	65	1.0
63	66	1.0
63	67	13.0
63	68	33.0
63	69	14.0
63	70	20.0
63	71	1.0
63	72	3.0
63	73	2.0
63	74	2.0
63	75	3.0
63	78	5.0
63	79	1.0
63	113	1.0
64	64	244.0
64	65	13.0
64	66	16.0
64	67	15.0
64	68	1.0
64	69	4.0
64	70	1.0
64	71	13.0
64	72	5.0
64	73	2.0
64	74	2.0
64	78	1.0
64	79	5.0
64	82	1.0
64	83	3.0
65	65	278.0
65	66	26.0
65	67	16.0
65	68	2.0
65	69	2.0
65	74	4.0
65	79	1.0
65	81	2.0
65	99	1.0
65	101	1.0
65	114	1.0
66	66	272.0
66	67	13.0
66	68	3.0
66	70	1.0
66	71	1.0
66	74	3.0
66	78	1.0
66	79	12.0
66	81	2.0
66	94	1.0
66	100	7.0
66	101	4.0
66	102	1.0
66	103	1.0
67	67	261.0
67	68	14.0
67	69	7.0
67	70	15.0
67	71	5.0
67	73	1.0
67	74	11.0
67	75	3.0
67	81	1.0
67	84	1.0
67	92	1.0
67	96	1.0
68	68	272.0
68	69	20.0
68	70	23.0
68	71	5.0
68	72	3.0
68	73	1.0
68	74	3.0
68	75	7.0
68	78	9.0
68	107	1.0
69	69	278.0
69	70	11.0
69	71	10.0
69	72	7.0
69	73	2.0
69	74	3.0
69	75	4.0
69	78	7.0
69	86	1.0
69	88	2.0
70	70	269.0
70	71	18.0
70	72	5.0
70	74	6.0
70	75	17.0
70	90	1.0
71	71	262.0
71	72	30.0
71	73	9.0
71	74	1.0
71	75	3.0
71	86	2.0
71	87	3.0
71	93	1.0
71	99	1.0
72	72	296.0
72	73	14.0
72	81	7.0
72	82	10.0
72	84	1.0
72	86	1.0
72	87	3.0
72	91	4.0
72	93	1.0
72	94	2.0
72	97	1.0
72	111	1.0
73	73	280.0
73	74	25.0
73	75	4.0
73	87	1.0
74	74	297.0
74	75	26.0
74	76	1.0
74	78	3.0
74	79	1.0
74	81	2.0
74	82	3.0
74	83	1.0
74	84	1.0
74	85	3.0
74	99	2.0
74	102	1.0
75	75	285.0
75	76	4.0
75	78	2.0
75	79	1.0
75	81	1.0
75	82	15.0
75	83	7.0
75	84	2.0
75	85	2.0
75	90	1.0
75	93	1.0
76	76	307.0
76	77	47.0
76	78	10.0
76	79	12.0
76	80	5.0
76	81	2.0
76	82	1.0
76	83	1.0
76	84	2.0
76	104	2.0
76	105	4.0
76	107	4.0
77	77	322.0
77	78	16.0
77	80	5.0
77	81	5.0
77	82	1.0
77	83	1.0
77	84	6.0
77	85	1.0
77	88	4.0
77	92	1.0
77	105	1.0
77	107	3.0
78	78	291.0
78	79	20.0
78	80	2.0
78	81	7.0
78	82	1.0
78	84	6.0
78	85	1.0
78	86	7.0
78	87	6.0
78	88	3.0
78	89	7.0
78	92	2.0
78	93	1.0
78	112	1.0
79	79	323.0
79	80	11.0
79	81	12.0
79	82	1.0
79	84	2.0
79	87	1.0
79	88	5.0
79	89	2.0
79	94	1.0
79	101	1.0
79	104	1.0
79	107	2.0
80	80	334.0
80	81	21.0
80	82	1.0
80	84	5.0
80	88	1.0
80	99	1.0
80	100	4.0
80	102	2.0
80	103	3.0
80	107	2.0
80	108	3.0
80	110	1.0
81	81	260.0
81	82	17.0
81	83	10.0
81	84	17.0
81	85	5.0
81	87	2.0
81	88	3.0
81	91	5.0
81	100	10.0
81	101	1.0
81	102	1.0
81	105	2.0
81	107	1.0
81	112	1.0
82	82	260.0
82	83	32.0
82	84	15.0
82	85	8.0
82	86	5.0
82	89	2.0
82	91	3.0
82	92	1.0
83	83	226.0
83	84	20.0
83	85	13.0
83	86	3.0
83	88	1.0
83	89	1.0
83	91	2.0
83	92	6.0
83	93	10.0
83	94	1.0
83	100	2.0
84	84	288.0
84	85	5.0
84	98	1.0
85	85	248.0
85	86	11.0
85	87	11.0
85	88	3.0
85	89	4.0
85	91	9.0
86	86	193.0
86	87	23.0
86	88	6.0
86	89	8.0
86	90	2.0
86	91	10.0
87	87	279.0
87	88	22.0
87	89	9.0
87	90	3.0
87	91	14.0
87	108	1.0
88	88	284.0
88	89	11.0
88	90	11.0
88	91	11.0
89	89	242.0
89	90	15.0
89	91	21.0
90	90	271.0
90	91	29.0
90	92	11.0
90	104	2.0
91	91	292.0
91	92	2.0
91	95	2.0
92	92	288.0
92	93	30.0
92	94	11.0
92	95	13.0
92	102	1.0
92	105	1.0
93	93	288.0
93	94	31.0
93	95	6.0
93	96	1.0
93	105	13.0
93	106	4.0
94	94	293.0
94	95	10.0
94	105	11.0
95	95	325.0
95	96	18.0
95	98	1.0
95	99	1.0
95	100	4.0
95	101	4.0
95	102	2.0
95	103	1.0
95	105	2.0
95	109	2.0
95	110	17.0
95	111	15.0
96	96	305.0
96	97	42.0
96	98	7.0
96	99	8.0
96	100	2.0
96	101	8.0
96	108	1.0
96	110	3.0
96	111	8.0
96	113	2.0
97	97	277.0
97	98	42.0
97	99	22.0
97	100	1.0
97	101	1.0
97	109	1.0
97	111	3.0
97	113	5.0
98	98	333.0
98	99	41.0
98	102	1.0
98	108	1.0
98	111	1.0
99	99	354.0
99	100	9.0
99	101	13.0
99	102	8.0
99	103	3.0
99	109	1.0
99	111	1.0
100	100	313.0
100	101	29.0
100	102	8.0
100	103	7.0
100	109	1.0
101	101	303.0
101	102	20.0
101	103	9.0
102	102	299.0
102	103	46.0
102	106	1.0
103	103	319.0
103	104	30.0
103	105	4.0
103	106	5.0
103	107	20.0
103	108	10.0
103	109	1.0
104	104	275.0
104	105	12.0
104	106	17.0
104	107	29.0
104	108	18.0
105	105	310.0
105	106	31.0
105	107	16.0
105	108	2.0
106	106	277.0
106	107	19.0
107	107	286.0
107	108	15.0
108	108	327.0
108	109	9.0
108	110	4.0
108	111	1.0
109	109	275.0
109	110	41.0
109	111	14.0
110	110	368.0
110	111	29.0
110	112	2.0
111	111	377.0
111	112	9.0
111	113	10.0
111	114	3.0
112	112	307.0
112	113	16.0
113	113	341.0
113	114	31.0
113	115	3.0
114	114	267.0
114	115	5.0
115	115	27.0
