1	1	419.0
1	2	5.0
1	73	1.0
1	160	7.0
2	1	5.0
2	2	419.0
2	3	1.0
2	4	1.0
2	5	1.0
2	72	1.0
2	73	2.0
2	74	1.0
2	104	1.0
2	153	2.0
3	2	2.0
3	3	338.0
3	4	5.0
4	2	2.0
4	3	11.0
4	4	376.0
4	5	1.0
4	46	1.0
5	4	4.0
5	5	320.0
5	75	1.0
6	2	1.0
6	6	307.0
6	7	1.0
6	23	1.0
6	75	3.0
6	127	3.0
7	7	361.0
7	8	3.0
7	9	1.0
7	10	1.0
7	11	2.0
7	15	1.0
7	21	1.0
7	23	1.0
7	52	2.0
7	87	1.0
7	137	2.0
7	138	1.0
8	7	3.0
8	8	374.0
8	9	4.0
8	10	2.0
8	12	2.0
8	22	2.0
8	23	1.0
8	33	1.0
8	35	1.0
8	48	1.0
8	49	1.0
8	64	3.0
8	65	1.0
8	90	1.0
8	99	1.0
8	118	1.0
8	119	1.0
8	136	1.0
9	6	1.0
9	7	4.0
9	8	3.0
9	9	307.0
9	10	3.0
9	33	1.0
9	37	1.0
9	48	2.0
9	55	1.0
9	96	1.0
9	119	5.0
9	120	2.0
9	121	1.0
10	7	1.0
10	8	5.0
10	9	3.0
10	10	312.0
10	12	2.0
10	33	1.0
10	34	1.0
10	35	3.0
10	53	1.0
10	64	1.0
10	65	1.0
10	66	1.0
10	68	1.0
10	119	1.0
10	121	1.0
10	122	2.0
10	123	1.0
10	128	1.0
10	136	1.0
11	7	2.0
11	8	1.0
11	10	1.0
11	11	360.0
11	12	4.0
11	14	1.0
11	146	1.0
11	147	1.0
12	8	1.0
12	11	4.0
12	12	325.0
12	13	1.0
12	14	2.0
12	33	1.0
12	49	1.0
13	11	3.0
13	12	4.0
13	13	316.0
13	14	2.0
13	15	1.0
13	24	2.0
13	34	1.0
13	103	1.0
14	11	1.0
14	12	4.0
14	13	6.0
14	14	337.0
14	15	6.0
14	16	2.0
14	23	1.0
14	24	1.0
14	34	1.0
14	103	1.0
14	105	1.0
14	141	1.0
14	143	1.0
14	144	2.0
14	155	1.0
15	13	2.0
15	14	4.0
15	15	312.0
15	16	8.0
15	17	1.0
15	32	1.0
15	139	1.0
15	140	1.0
15	142	2.0
15	143	1.0
15	144	1.0
15	148	1.0
16	14	3.0
16	15	7.0
16	16	358.0
16	17	1.0
16	18	3.0
16	19	2.0
16	22	2.0
16	23	1.0
16	24	2.0
16	34	1.0
16	139	5.0
16	141	1.0
16	142	1.0
16	143	1.0
16	148	1.0
17	14	1.0
17	16	2.0
17	17	349.0
17	18	1.0
17	19	5.0
17	20	2.0
17	21	5.0
17	30	1.0
17	32	1.0
17	36	1.0
17	91	1.0
17	149	1.0
18	16	2.0
18	17	2.0
18	18	351.0
18	21	2.0
19	16	1.0
19	17	4.0
19	18	2.0
19	19	310.0
19	20	1.0
19	21	3.0
19	91	2.0
19	92	2.0
20	10	1.0
20	17	1.0
20	18	6.0
20	19	7.0
20	20	326.0
20	21	4.0
20	22	1.0
20	31	1.0
20	36	1.0
20	37	1.0
20	87	1.0
20	89	2.0
20	93	1.0
20	132	1.0
21	7	3.0
21	17	2.0
21	18	1.0
21	20	4.0
21	21	369.0
21	31	1.0
21	93	1.0
21	123	1.0
21	137	2.0
21	138	1.0
22	10	1.0
22	16	1.0
22	17	3.0
22	20	4.0
22	21	8.0
22	22	343.0
22	23	1.0
22	25	1.0
22	31	2.0
22	89	1.0
22	123	3.0
22	138	1.0
23	7	1.0
23	13	1.0
23	14	1.0
23	15	1.0
23	20	2.0
23	22	4.0
23	23	331.0
23	24	5.0
23	25	2.0
23	64	5.0
23	65	1.0
23	68	1.0
23	93	1.0
23	97	1.0
23	101	1.0
24	13	1.0
24	14	3.0
24	15	1.0
24	23	3.0
24	24	347.0
24	25	3.0
24	35	1.0
24	63	1.0
24	64	3.0
24	66	1.0
24	67	1.0
24	121	1.0
24	134	1.0
24	135	1.0
24	136	1.0
24	137	1.0
25	23	1.0
25	24	2.0
25	25	326.0
25	26	2.0
25	27	3.0
25	63	1.0
25	64	1.0
25	134	2.0
26	22	1.0
26	23	3.0
26	25	3.0
26	26	352.0
26	27	3.0
26	28	1.0
26	67	2.0
27	24	1.0
27	25	1.0
27	26	9.0
27	27	335.0
27	28	3.0
27	63	1.0
27	67	1.0
27	72	1.0
27	107	1.0
27	140	1.0
28	26	1.0
28	27	2.0
28	28	359.0
28	29	1.0
28	71	1.0
29	28	5.0
29	29	349.0
29	30	3.0
29	70	1.0
29	71	2.0
29	72	1.0
29	117	1.0
29	129	1.0
30	19	1.0
30	28	1.0
30	29	4.0
30	30	400.0
30	31	5.0
30	32	2.0
30	33	1.0
30	62	1.0
30	71	1.0
31	22	1.0
31	29	1.0
31	30	5.0
31	31	357.0
31	32	3.0
31	37	1.0
32	15	1.0
32	17	1.0
32	31	8.0
32	32	305.0
32	33	2.0
32	34	1.0
32	35	1.0
32	51	1.0
32	53	1.0
32	69	2.0
32	76	1.0
33	8	1.0
33	12	2.0
33	13	2.0
33	30	1.0
33	32	2.0
33	33	350.0
33	34	5.0
33	35	1.0
33	36	1.0
33	107	1.0
33	118	4.0
34	10	1.0
34	15	1.0
34	32	1.0
34	33	3.0
34	34	346.0
34	35	1.0
34	36	4.0
34	52	1.0
34	75	1.0
34	117	1.0
34	121	1.0
34	141	1.0
35	10	1.0
35	33	2.0
35	34	2.0
35	35	319.0
35	38	2.0
35	42	1.0
35	56	1.0
35	121	2.0
36	9	1.0
36	12	1.0
36	19	2.0
36	32	2.0
36	33	1.0
36	34	3.0
36	35	1.0
36	36	357.0
36	37	4.0
36	38	6.0
36	53	2.0
37	19	2.0
37	31	1.0
37	32	1.0
37	36	8.0
37	37	348.0
37	38	7.0
37	113	2.0
37	116	1.0
37	137	2.0
38	16	1.0
38	37	4.0
38	38	341.0
38	39	6.0
38	40	3.0
38	113	2.0
38	115	4.0
38	116	4.0
39	38	5.0
39	39	351.0
39	40	3.0
39	42	3.0
39	48	1.0
39	51	2.0
39	56	1.0
39	67	2.0
39	87	1.0
39	112	2.0
39	113	3.0
39	115	1.0
40	38	2.0
40	39	3.0
40	40	347.0
40	41	10.0
40	43	2.0
40	44	2.0
40	46	2.0
40	108	1.0
40	116	5.0
40	137	1.0
41	38	1.0
41	39	6.0
41	40	4.0
41	41	360.0
41	42	4.0
41	45	3.0
41	46	3.0
41	117	2.0
41	137	1.0
42	35	2.0
42	38	2.0
42	39	1.0
42	41	4.0
42	42	344.0
42	43	3.0
42	44	2.0
42	45	1.0
42	46	1.0
42	48	2.0
42	52	1.0
42	84	1.0
42	117	1.0
42	119	2.0
43	39	1.0
43	41	3.0
43	42	1.0
43	43	388.0
43	44	2.0
43	45	1.0
43	46	1.0
43	53	1.0
43	65	1.0
43	68	4.0
44	38	1.0
44	40	7.0
44	42	1.0
44	43	3.0
44	44	351.0
44	45	2.0
44	46	2.0
44	47	1.0
44	63	1.0
44	65	1.0
44	102	1.0
45	20	1.0
45	41	1.0
45	43	1.0
45	44	8.0
45	45	333.0
45	46	2.0
45	47	2.0
45	48	3.0
45	49	1.0
45	50	1.0
45	84	1.0
45	159	1.0
46	40	3.0
46	41	1.0
46	42	6.0
46	43	1.0
46	44	4.0
46	45	4.0
46	46	350.0
46	47	2.0
46	50	1.0
46	73	1.0
46	134	1.0
46	159	3.0
47	9	1.0
47	35	1.0
47	46	4.0
47	47	338.0
47	48	2.0
47	83	2.0
47	84	2.0
47	85	5.0
47	90	3.0
47	117	1.0
47	119	4.0
47	120	1.0
47	134	1.0
48	8	1.0
48	9	1.0
48	34	1.0
48	42	1.0
48	45	1.0
48	46	1.0
48	47	1.0
48	48	337.0
48	49	4.0
48	50	6.0
48	51	4.0
48	52	1.0
48	54	1.0
48	96	1.0
48	118	1.0
48	158	1.0
49	9	1.0
49	38	1.0
49	48	4.0
49	49	342.0
49	51	2.0
49	55	1.0
49	61	1.0
49	90	1.0
49	95	1.0
49	96	1.0
49	121	1.0
49	157	1.0
49	158	1.0
50	9	1.0
50	35	1.0
50	39	1.0
50	42	3.0
50	43	1.0
50	45	2.0
50	48	8.0
50	49	1.0
50	50	360.0
50	51	11.0
50	52	4.0
50	54	1.0
50	80	1.0
50	83	1.0
50	89	1.0
50	95	2.0
50	97	1.0
51	35	1.0
51	39	2.0
51	42	1.0
51	48	2.0
51	49	1.0
51	50	3.0
51	51	398.0
51	52	8.0
51	53	3.0
51	54	1.0
51	55	1.0
51	67	1.0
51	80	1.0
51	83	1.0
51	95	2.0
52	35	1.0
52	50	2.0
52	51	10.0
52	52	336.0
52	53	20.0
52	54	6.0
52	120	1.0
52	155	1.0
53	7	1.0
53	9	2.0
53	12	1.0
53	32	1.0
53	33	1.0
53	34	1.0
53	51	8.0
53	52	8.0
53	53	336.0
53	54	3.0
54	10	1.0
54	12	2.0
54	32	1.0
54	49	1.0
54	51	1.0
54	52	3.0
54	53	10.0
54	54	339.0
54	55	1.0
54	65	1.0
54	78	1.0
54	99	1.0
55	32	1.0
55	49	1.0
55	52	1.0
55	54	3.0
55	55	331.0
55	56	1.0
55	61	2.0
55	83	1.0
55	98	3.0
55	114	1.0
55	158	2.0
56	41	1.0
56	50	1.0
56	55	3.0
56	56	267.0
56	62	2.0
56	63	4.0
56	75	1.0
56	83	1.0
56	84	1.0
57	57	272.0
57	58	1.0
57	61	1.0
57	62	3.0
57	63	3.0
57	91	1.0
58	58	20.0
61	49	1.0
61	55	1.0
61	57	3.0
61	58	1.0
61	61	1015.0
61	62	4.0
61	80	1.0
61	83	1.0
61	99	4.0
61	124	1.0
61	135	1.0
61	158	1.0
62	57	1.0
62	61	5.0
62	62	471.0
62	81	2.0
62	85	1.0
62	96	1.0
62	135	1.0
62	157	1.0
63	24	1.0
63	25	4.0
63	27	2.0
63	35	3.0
63	55	1.0
63	56	3.0
63	61	1.0
63	63	255.0
63	64	5.0
63	65	1.0
63	157	2.0
64	10	4.0
64	23	1.0
64	24	1.0
64	25	1.0
64	56	1.0
64	61	1.0
64	63	2.0
64	64	262.0
64	66	1.0
64	87	1.0
64	97	1.0
64	155	1.0
64	156	1.0
64	157	1.0
65	10	1.0
65	23	2.0
65	35	1.0
65	43	2.0
65	64	2.0
65	65	276.0
65	66	1.0
65	67	1.0
65	68	2.0
65	69	2.0
65	70	2.0
65	92	2.0
65	121	1.0
65	135	1.0
65	138	2.0
65	155	1.0
65	156	2.0
66	23	3.0
66	25	1.0
66	56	1.0
66	65	1.0
66	66	327.0
66	67	4.0
66	68	4.0
66	69	5.0
66	70	2.0
66	72	3.0
66	135	2.0
66	138	1.0
66	151	1.0
67	26	1.0
67	32	1.0
67	35	2.0
67	43	4.0
67	63	2.0
67	65	1.0
67	66	4.0
67	67	364.0
67	68	6.0
67	69	9.0
67	98	1.0
68	24	2.0
68	25	1.0
68	51	1.0
68	65	2.0
68	66	4.0
68	67	5.0
68	68	344.0
68	69	5.0
68	129	1.0
68	134	1.0
68	135	1.0
68	136	2.0
69	66	3.0
69	67	2.0
69	69	387.0
69	70	1.0
70	66	1.0
70	67	1.0
70	69	2.0
70	70	345.0
70	71	7.0
70	72	2.0
70	129	1.0
71	29	1.0
71	66	4.0
71	70	3.0
71	71	341.0
71	72	5.0
71	128	2.0
71	129	1.0
71	134	1.0
72	2	1.0
72	66	2.0
72	70	3.0
72	71	3.0
72	72	195.0
72	128	2.0
72	143	1.0
72	151	1.0
73	1	1.0
73	2	3.0
73	65	1.0
73	72	2.0
73	73	299.0
73	143	1.0
73	160	1.0
74	71	1.0
74	74	58.0
75	6	4.0
75	21	2.0
75	24	1.0
75	75	343.0
75	76	1.0
75	77	1.0
75	79	1.0
75	102	2.0
75	103	2.0
75	105	2.0
75	129	1.0
75	140	1.0
75	147	1.0
76	72	1.0
76	75	1.0
76	76	160.0
76	77	2.0
76	80	1.0
76	81	2.0
76	102	2.0
76	105	1.0
76	138	1.0
77	76	2.0
77	77	325.0
77	78	10.0
77	79	3.0
77	82	1.0
77	141	1.0
78	49	1.0
78	56	2.0
78	57	1.0
78	77	8.0
78	78	371.0
78	79	3.0
78	80	3.0
78	82	2.0
79	77	3.0
79	78	3.0
79	79	336.0
79	80	4.0
79	86	1.0
79	107	1.0
79	140	1.0
80	40	1.0
80	61	1.0
80	76	2.0
80	79	7.0
80	80	353.0
80	81	10.0
80	98	4.0
80	106	2.0
80	108	1.0
80	125	2.0
80	130	1.0
81	39	1.0
81	76	5.0
81	79	1.0
81	80	3.0
81	81	356.0
81	82	5.0
81	83	1.0
81	97	1.0
81	106	2.0
81	107	1.0
81	122	1.0
82	61	1.0
82	62	1.0
82	76	2.0
82	79	1.0
82	80	4.0
82	81	4.0
82	82	329.0
82	83	1.0
82	84	5.0
82	132	1.0
82	134	4.0
82	139	1.0
83	47	1.0
83	48	1.0
83	50	1.0
83	51	1.0
83	55	1.0
83	56	2.0
83	81	2.0
83	82	1.0
83	83	317.0
83	84	4.0
83	97	1.0
83	101	2.0
83	132	3.0
83	133	3.0
83	134	2.0
84	31	1.0
84	34	1.0
84	47	3.0
84	49	1.0
84	61	1.0
84	62	2.0
84	83	9.0
84	84	330.0
84	85	3.0
84	97	1.0
84	123	1.0
84	133	2.0
85	47	3.0
85	57	1.0
85	82	2.0
85	84	1.0
85	85	332.0
85	86	5.0
85	87	1.0
85	88	1.0
85	97	1.0
85	129	1.0
85	133	4.0
86	56	1.0
86	62	2.0
86	82	3.0
86	84	2.0
86	85	8.0
86	86	358.0
86	87	1.0
86	89	2.0
86	97	2.0
86	98	1.0
86	121	3.0
86	122	2.0
86	127	1.0
86	133	1.0
87	7	4.0
87	21	3.0
87	85	5.0
87	86	4.0
87	87	329.0
87	88	2.0
87	89	4.0
87	92	2.0
87	93	1.0
87	94	1.0
87	97	1.0
87	98	1.0
87	99	1.0
87	122	1.0
87	126	1.0
88	18	3.0
88	21	3.0
88	65	1.0
88	88	283.0
88	89	2.0
88	92	5.0
88	93	2.0
88	120	1.0
88	121	1.0
88	122	2.0
88	127	1.0
88	138	1.0
88	140	1.0
89	19	3.0
89	75	1.0
89	87	1.0
89	88	1.0
89	89	302.0
89	90	2.0
89	91	1.0
89	92	3.0
89	93	1.0
89	94	2.0
89	123	1.0
89	126	1.0
90	47	1.0
90	88	1.0
90	89	4.0
90	90	330.0
90	91	3.0
90	92	3.0
90	96	2.0
90	111	1.0
90	121	3.0
90	123	1.0
91	89	3.0
91	90	2.0
91	91	337.0
91	92	5.0
91	105	1.0
91	106	3.0
91	107	1.0
91	116	1.0
91	121	1.0
91	122	1.0
92	18	2.0
92	55	1.0
92	65	1.0
92	88	6.0
92	89	1.0
92	90	2.0
92	91	5.0
92	92	352.0
92	93	4.0
92	94	2.0
92	121	2.0
92	122	1.0
93	21	1.0
93	88	1.0
93	89	4.0
93	92	3.0
93	93	394.0
93	94	5.0
93	95	6.0
93	133	1.0
94	61	2.0
94	87	2.0
94	89	1.0
94	93	3.0
94	94	372.0
94	95	5.0
94	121	2.0
94	122	4.0
94	128	1.0
95	49	2.0
95	50	1.0
95	81	1.0
95	92	1.0
95	93	6.0
95	94	5.0
95	95	368.0
95	96	9.0
95	97	1.0
96	10	1.0
96	49	4.0
96	50	1.0
96	51	3.0
96	82	1.0
96	89	2.0
96	90	1.0
96	94	3.0
96	95	6.0
96	96	348.0
96	97	3.0
96	113	1.0
97	20	1.0
97	23	1.0
97	93	1.0
97	94	3.0
97	95	2.0
97	96	3.0
97	97	306.0
98	54	1.0
98	61	4.0
98	80	1.0
98	85	1.0
98	86	2.0
98	97	2.0
98	98	400.0
98	99	2.0
99	6	1.0
99	29	1.0
99	61	3.0
99	62	1.0
99	98	3.0
99	99	340.0
99	127	1.0
99	142	1.0
99	150	1.0
100	44	1.0
100	75	1.0
100	99	1.0
100	100	332.0
100	101	2.0
101	72	1.0
101	101	332.0
101	137	1.0
102	34	1.0
102	57	1.0
102	75	1.0
102	76	3.0
102	102	212.0
102	103	4.0
102	140	1.0
103	12	2.0
103	13	1.0
103	75	1.0
103	76	1.0
103	103	365.0
103	104	3.0
103	141	1.0
103	145	1.0
104	12	1.0
104	102	1.0
104	103	4.0
104	104	344.0
104	105	5.0
104	135	1.0
104	148	3.0
105	76	1.0
105	92	1.0
105	102	1.0
105	103	4.0
105	104	4.0
105	105	367.0
105	106	7.0
105	107	1.0
106	45	2.0
106	75	1.0
106	81	2.0
106	90	2.0
106	91	1.0
106	105	1.0
106	106	362.0
106	107	3.0
106	139	2.0
106	154	1.0
107	45	2.0
107	79	1.0
107	80	4.0
107	81	2.0
107	82	1.0
107	105	1.0
107	106	4.0
107	107	389.0
107	108	3.0
108	28	1.0
108	80	2.0
108	98	1.0
108	107	1.0
108	108	354.0
108	109	6.0
108	110	4.0
108	111	1.0
108	112	2.0
108	114	1.0
109	108	6.0
109	109	340.0
109	110	1.0
109	111	3.0
109	112	1.0
109	113	1.0
109	114	1.0
109	115	1.0
110	108	5.0
110	109	3.0
110	110	344.0
110	111	3.0
110	112	1.0
110	113	5.0
110	115	1.0
111	23	1.0
111	108	2.0
111	109	5.0
111	110	8.0
111	111	367.0
111	112	2.0
112	7	1.0
112	39	3.0
112	109	1.0
112	110	1.0
112	111	1.0
112	112	322.0
112	113	2.0
113	38	3.0
113	39	2.0
113	97	3.0
113	108	2.0
113	109	2.0
113	110	2.0
113	112	3.0
113	113	358.0
113	114	1.0
113	115	5.0
114	16	1.0
114	88	1.0
114	94	2.0
114	113	1.0
114	114	355.0
114	115	4.0
114	116	2.0
114	119	1.0
114	122	1.0
115	37	1.0
115	38	1.0
115	94	1.0
115	108	1.0
115	112	1.0
115	113	5.0
115	114	6.0
115	115	329.0
115	116	7.0
116	37	1.0
116	38	3.0
116	41	1.0
116	42	1.0
116	47	1.0
116	91	1.0
116	114	2.0
116	115	6.0
116	116	372.0
116	117	5.0
116	119	2.0
116	138	1.0
117	11	1.0
117	43	1.0
117	113	1.0
117	115	1.0
117	117	342.0
117	118	7.0
117	119	1.0
117	120	2.0
117	160	1.0
118	9	2.0
118	10	1.0
118	33	4.0
118	34	4.0
118	35	1.0
118	54	1.0
118	90	1.0
118	95	1.0
118	117	3.0
118	118	330.0
118	119	1.0
118	120	4.0
118	121	1.0
119	8	2.0
119	9	2.0
119	10	2.0
119	47	1.0
119	91	1.0
119	117	2.0
119	118	1.0
119	119	321.0
119	120	11.0
120	9	1.0
120	34	1.0
120	36	1.0
120	75	1.0
120	88	1.0
120	118	1.0
120	119	8.0
120	120	356.0
121	10	3.0
121	15	1.0
121	22	1.0
121	34	2.0
121	45	1.0
121	48	1.0
121	64	1.0
121	65	1.0
121	86	2.0
121	87	1.0
121	88	1.0
121	90	3.0
121	91	3.0
121	92	3.0
121	119	1.0
121	120	4.0
121	121	363.0
121	122	4.0
121	135	2.0
121	136	1.0
121	138	1.0
121	152	1.0
122	17	1.0
122	18	1.0
122	22	3.0
122	84	1.0
122	85	1.0
122	86	1.0
122	87	1.0
122	88	1.0
122	91	2.0
122	94	1.0
122	114	3.0
122	121	2.0
122	122	325.0
122	123	5.0
122	138	2.0
123	7	1.0
123	19	3.0
123	20	1.0
123	65	1.0
123	86	1.0
123	88	3.0
123	89	5.0
123	122	3.0
123	123	339.0
123	124	2.0
123	125	1.0
123	126	1.0
123	137	1.0
124	61	2.0
124	90	2.0
124	98	2.0
124	123	3.0
124	124	290.0
124	125	4.0
124	126	9.0
124	127	2.0
124	152	1.0
125	47	1.0
125	61	2.0
125	80	1.0
125	124	3.0
125	125	326.0
125	126	6.0
125	127	1.0
126	99	1.0
126	124	5.0
126	125	11.0
126	126	378.0
126	127	1.0
126	132	1.0
127	80	1.0
127	86	1.0
127	99	2.0
127	124	1.0
127	126	3.0
127	127	383.0
127	129	1.0
128	27	1.0
128	127	1.0
128	128	340.0
128	129	4.0
128	130	2.0
128	133	2.0
128	135	2.0
129	29	1.0
129	62	1.0
129	70	1.0
129	81	1.0
129	106	1.0
129	128	3.0
129	129	386.0
129	130	3.0
129	131	1.0
129	134	1.0
130	20	1.0
130	128	3.0
130	129	2.0
130	130	344.0
130	131	5.0
130	132	1.0
131	39	1.0
131	122	1.0
131	128	1.0
131	130	7.0
131	131	393.0
131	132	10.0
131	133	2.0
131	134	1.0
132	83	7.0
132	84	1.0
132	96	4.0
132	128	3.0
132	129	1.0
132	130	2.0
132	131	8.0
132	132	341.0
132	133	2.0
132	134	1.0
133	72	1.0
133	83	1.0
133	86	3.0
133	93	1.0
133	95	1.0
133	129	1.0
133	132	5.0
133	133	352.0
133	134	1.0
133	135	1.0
133	160	1.0
134	24	2.0
134	26	5.0
134	47	3.0
134	67	2.0
134	84	1.0
134	85	1.0
134	90	1.0
134	128	1.0
134	132	1.0
134	133	1.0
134	134	346.0
134	137	1.0
134	138	1.0
135	10	1.0
135	22	1.0
135	24	1.0
135	44	1.0
135	65	2.0
135	67	1.0
135	68	1.0
135	82	2.0
135	83	2.0
135	94	1.0
135	128	3.0
135	129	1.0
135	132	1.0
135	133	1.0
135	134	1.0
135	135	351.0
135	136	2.0
136	7	1.0
136	8	1.0
136	10	1.0
136	18	2.0
136	19	1.0
136	40	1.0
136	41	2.0
136	88	1.0
136	99	1.0
136	135	4.0
136	136	314.0
136	137	3.0
136	138	1.0
137	7	1.0
137	8	2.0
137	20	2.0
137	21	1.0
137	22	2.0
137	82	1.0
137	124	1.0
137	135	2.0
137	136	4.0
137	137	352.0
137	138	5.0
138	10	1.0
138	14	1.0
138	20	3.0
138	66	1.0
138	81	1.0
138	82	1.0
138	122	1.0
138	124	1.0
138	135	5.0
138	137	6.0
138	138	389.0
139	15	3.0
139	16	2.0
139	18	1.0
139	66	1.0
139	80	1.0
139	82	1.0
139	105	1.0
139	106	2.0
139	107	1.0
139	111	1.0
139	138	1.0
139	139	386.0
139	140	1.0
139	141	1.0
140	15	3.0
140	64	1.0
140	75	1.0
140	77	2.0
140	140	376.0
140	141	6.0
140	142	4.0
140	143	2.0
141	16	1.0
141	103	3.0
141	139	1.0
141	140	5.0
141	141	374.0
141	143	2.0
141	144	1.0
141	145	2.0
141	155	2.0
142	15	2.0
142	16	2.0
142	99	1.0
142	140	2.0
142	142	343.0
142	143	1.0
142	145	1.0
142	150	1.0
143	16	4.0
143	72	1.0
143	101	2.0
143	140	2.0
143	142	1.0
143	143	162.0
143	144	2.0
143	145	1.0
144	12	1.0
144	15	1.0
144	62	1.0
144	141	1.0
144	143	1.0
144	144	312.0
144	145	2.0
144	147	2.0
145	73	1.0
145	140	2.0
145	141	3.0
145	144	3.0
145	145	313.0
145	146	2.0
145	147	5.0
145	148	1.0
145	155	1.0
146	2	1.0
146	86	1.0
146	144	1.0
146	145	1.0
146	146	347.0
146	147	2.0
146	148	3.0
146	149	1.0
147	12	1.0
147	101	1.0
147	145	2.0
147	146	12.0
147	147	319.0
147	148	4.0
148	8	1.0
148	15	1.0
148	16	1.0
148	101	2.0
148	104	3.0
148	143	2.0
148	145	2.0
148	146	2.0
148	147	2.0
148	148	364.0
148	149	1.0
148	157	1.0
149	148	6.0
149	149	307.0
149	150	1.0
149	152	1.0
149	153	4.0
149	155	1.0
149	156	3.0
150	65	1.0
150	71	1.0
150	99	3.0
150	100	2.0
150	149	3.0
150	150	366.0
150	159	2.0
151	28	1.0
151	55	1.0
151	69	2.0
151	106	1.0
151	151	368.0
151	152	2.0
151	153	3.0
152	151	6.0
152	152	307.0
152	153	7.0
152	154	1.0
153	103	1.0
153	129	2.0
153	149	2.0
153	151	2.0
153	152	7.0
153	153	318.0
153	154	6.0
153	155	3.0
153	159	1.0
154	20	1.0
154	116	1.0
154	140	1.0
154	152	1.0
154	153	3.0
154	154	361.0
154	155	1.0
154	156	1.0
155	26	1.0
155	57	1.0
155	65	1.0
155	140	1.0
155	145	1.0
155	149	1.0
155	151	1.0
155	153	2.0
155	154	1.0
155	155	412.0
155	156	9.0
156	63	2.0
156	64	3.0
156	65	1.0
156	149	4.0
156	154	1.0
156	155	2.0
156	156	355.0
156	157	4.0
156	158	1.0
157	108	1.0
157	141	1.0
157	153	2.0
157	156	2.0
157	157	360.0
157	158	6.0
158	12	1.0
158	21	1.0
158	45	1.0
158	48	3.0
158	49	2.0
158	50	1.0
158	51	1.0
158	55	2.0
158	93	1.0
158	156	1.0
158	157	5.0
158	158	373.0
159	150	1.0
159	159	41.0
160	1	5.0
160	67	1.0
160	113	1.0
160	160	363.0
