1	1	418.0
1	2	20.0
1	3	11.0
1	4	7.0
1	5	2.0
1	6	4.0
1	23	1.0
1	59	1.0
1	67	1.0
1	68	3.0
1	70	2.0
1	71	11.0
1	72	12.0
1	73	2.0
1	74	5.0
1	140	1.0
1	168	6.0
1	169	1.0
1	170	1.0
1	173	4.0
1	174	1.0
1	175	2.0
1	176	8.0
1	177	1.0
2	2	392.0
2	3	48.0
2	4	43.0
2	5	10.0
2	6	7.0
2	7	8.0
2	38	1.0
2	50	1.0
2	66	3.0
2	67	11.0
2	68	9.0
2	70	1.0
2	72	11.0
2	73	5.0
2	83	1.0
2	97	1.0
2	101	1.0
2	142	1.0
2	149	1.0
2	150	1.0
2	160	1.0
2	173	1.0
2	176	1.0
3	3	371.0
3	4	38.0
3	6	3.0
3	7	5.0
3	34	1.0
3	41	2.0
3	42	1.0
3	64	1.0
3	65	3.0
3	66	5.0
3	67	12.0
3	68	11.0
3	70	4.0
3	71	3.0
3	72	1.0
3	73	2.0
3	93	2.0
3	103	1.0
3	105	2.0
3	116	1.0
3	130	1.0
3	146	1.0
3	147	7.0
3	148	8.0
3	150	1.0
3	158	1.0
4	4	322.0
4	5	7.0
4	6	10.0
4	7	7.0
4	21	1.0
4	41	2.0
4	42	3.0
4	45	1.0
4	46	1.0
4	64	1.0
4	65	4.0
4	66	5.0
4	67	14.0
4	68	10.0
4	72	1.0
4	73	3.0
4	91	2.0
4	92	1.0
4	96	1.0
4	147	3.0
4	151	1.0
4	154	1.0
5	5	348.0
5	6	29.0
5	7	6.0
5	8	3.0
5	10	2.0
5	32	2.0
5	43	2.0
5	52	1.0
5	53	5.0
5	57	2.0
5	58	4.0
5	60	6.0
5	61	7.0
5	65	1.0
5	92	1.0
5	116	1.0
5	134	1.0
5	143	2.0
5	144	2.0
5	146	2.0
5	147	4.0
5	160	2.0
5	161	1.0
5	168	3.0
5	172	1.0
5	175	1.0
5	176	3.0
6	6	386.0
6	7	30.0
6	8	3.0
6	9	1.0
6	43	5.0
6	44	1.0
6	53	6.0
6	54	1.0
6	58	4.0
6	59	5.0
6	60	2.0
6	61	1.0
6	80	2.0
6	84	2.0
6	85	2.0
6	93	1.0
6	105	1.0
6	108	1.0
6	145	1.0
6	168	2.0
6	169	1.0
6	175	1.0
6	176	1.0
7	7	349.0
7	8	23.0
7	9	6.0
7	10	1.0
7	11	1.0
7	33	1.0
7	43	1.0
7	49	1.0
7	52	5.0
7	53	1.0
7	73	1.0
7	78	1.0
7	80	5.0
7	81	7.0
7	82	1.0
7	83	4.0
7	84	1.0
7	90	1.0
7	92	1.0
7	93	6.0
7	94	2.0
7	127	2.0
7	147	1.0
7	148	1.0
7	169	3.0
8	8	319.0
8	9	49.0
8	10	10.0
8	11	2.0
8	50	1.0
8	52	11.0
8	53	10.0
8	54	3.0
8	80	3.0
8	83	3.0
8	84	1.0
8	85	7.0
8	86	2.0
8	89	10.0
8	90	18.0
8	116	1.0
8	146	2.0
8	169	1.0
9	9	342.0
9	10	14.0
9	11	7.0
9	12	1.0
9	14	2.0
9	32	1.0
9	39	1.0
9	46	1.0
9	53	16.0
9	74	1.0
9	80	6.0
9	81	2.0
9	83	3.0
9	84	3.0
9	85	5.0
9	89	7.0
9	90	6.0
9	94	1.0
9	109	2.0
9	115	12.0
9	116	5.0
9	117	3.0
9	120	9.0
9	121	1.0
9	133	1.0
9	172	1.0
9	176	1.0
10	10	374.0
10	11	62.0
10	12	7.0
10	13	6.0
10	18	1.0
10	26	1.0
10	53	1.0
10	114	1.0
10	115	3.0
10	116	2.0
10	117	1.0
10	120	1.0
10	147	1.0
11	11	359.0
11	12	30.0
11	13	19.0
11	14	3.0
11	52	1.0
11	56	1.0
11	94	1.0
11	113	2.0
11	114	1.0
11	115	13.0
11	120	5.0
11	121	1.0
11	147	2.0
11	172	1.0
12	12	303.0
12	13	45.0
12	14	13.0
12	30	5.0
12	31	3.0
12	35	1.0
12	43	1.0
12	58	1.0
12	78	1.0
12	80	1.0
12	86	1.0
12	99	1.0
12	111	1.0
12	112	1.0
12	113	7.0
12	114	2.0
12	115	1.0
12	117	1.0
12	120	2.0
12	138	1.0
12	168	2.0
12	169	2.0
13	13	342.0
13	14	12.0
13	15	1.0
13	31	4.0
13	37	5.0
13	62	2.0
13	85	1.0
13	88	1.0
13	92	1.0
13	110	3.0
13	111	2.0
13	112	9.0
13	113	4.0
13	114	4.0
13	115	5.0
13	122	2.0
13	123	1.0
13	140	1.0
13	157	1.0
13	161	1.0
13	169	3.0
13	170	5.0
13	173	1.0
13	176	1.0
13	177	1.0
14	14	377.0
14	15	36.0
14	16	12.0
14	18	1.0
14	19	1.0
14	24	1.0
14	30	29.0
14	31	4.0
14	33	2.0
14	106	1.0
14	111	1.0
14	112	9.0
14	113	3.0
14	114	5.0
14	121	1.0
14	122	13.0
14	131	1.0
14	148	1.0
14	167	1.0
15	15	343.0
15	16	49.0
15	19	5.0
15	29	9.0
15	30	10.0
15	31	1.0
15	33	3.0
15	40	1.0
15	58	1.0
15	108	1.0
15	112	6.0
15	113	2.0
15	114	1.0
15	121	1.0
15	122	17.0
15	123	1.0
15	124	4.0
15	125	2.0
15	161	1.0
16	16	305.0
16	17	18.0
16	18	12.0
16	19	10.0
16	20	6.0
16	21	2.0
16	23	2.0
16	24	2.0
16	25	1.0
16	26	1.0
16	29	13.0
16	30	12.0
16	31	2.0
16	33	8.0
16	52	1.0
16	68	1.0
16	81	1.0
16	121	4.0
16	122	7.0
16	124	3.0
16	125	2.0
16	159	1.0
16	170	1.0
17	17	322.0
17	18	29.0
17	19	1.0
17	20	4.0
17	21	7.0
17	22	1.0
17	23	1.0
17	29	5.0
17	30	11.0
17	32	5.0
17	33	8.0
17	49	1.0
17	91	1.0
17	127	1.0
17	161	1.0
17	177	2.0
18	18	294.0
18	19	12.0
18	20	15.0
18	21	14.0
18	22	6.0
18	23	7.0
18	24	6.0
18	25	1.0
18	26	11.0
18	28	3.0
18	29	2.0
18	30	2.0
18	77	1.0
18	83	1.0
18	107	1.0
18	127	1.0
18	138	1.0
18	146	1.0
18	172	1.0
19	19	236.0
19	20	18.0
19	22	4.0
19	23	1.0
19	26	2.0
19	28	2.0
19	29	15.0
19	30	3.0
19	78	1.0
19	110	1.0
19	124	1.0
20	20	149.0
20	21	15.0
20	22	2.0
20	25	1.0
20	26	1.0
20	28	1.0
20	29	8.0
20	31	2.0
20	34	3.0
20	64	1.0
20	68	1.0
20	123	1.0
20	124	1.0
20	137	1.0
21	21	190.0
21	22	5.0
21	23	2.0
21	24	13.0
21	25	2.0
21	26	7.0
21	28	1.0
21	33	1.0
21	34	5.0
21	68	1.0
21	69	1.0
21	86	1.0
21	111	1.0
21	138	1.0
22	22	288.0
22	23	36.0
22	24	6.0
22	25	8.0
22	26	1.0
22	27	10.0
22	28	8.0
22	29	8.0
22	30	1.0
22	31	2.0
22	66	1.0
22	70	5.0
22	81	1.0
22	137	1.0
22	161	1.0
23	23	308.0
23	24	15.0
23	25	8.0
23	26	4.0
23	27	8.0
23	28	14.0
23	29	6.0
23	30	13.0
23	31	6.0
23	33	5.0
23	50	1.0
23	70	1.0
23	73	1.0
23	99	1.0
23	111	1.0
23	120	1.0
23	180	2.0
24	24	318.0
24	25	22.0
24	26	30.0
24	27	25.0
24	28	24.0
24	29	14.0
24	30	1.0
24	31	3.0
24	54	1.0
24	57	1.0
24	85	1.0
24	122	1.0
24	128	1.0
24	153	1.0
25	25	238.0
25	26	13.0
25	27	9.0
25	29	3.0
25	31	1.0
25	33	2.0
25	128	1.0
25	136	1.0
25	157	1.0
25	166	3.0
26	26	287.0
26	27	15.0
26	28	15.0
26	29	8.0
26	34	1.0
26	56	1.0
26	93	1.0
26	100	1.0
26	117	1.0
27	27	307.0
27	28	41.0
27	124	2.0
27	155	2.0
28	28	323.0
28	29	5.0
28	30	1.0
28	31	1.0
28	144	2.0
28	153	1.0
29	29	312.0
29	30	22.0
29	31	9.0
29	33	5.0
29	55	1.0
29	65	1.0
29	129	1.0
30	30	311.0
30	31	20.0
30	32	3.0
30	33	7.0
30	94	1.0
30	101	1.0
30	125	1.0
30	144	1.0
30	155	1.0
31	31	338.0
31	32	22.0
31	33	4.0
31	78	2.0
31	79	2.0
31	94	1.0
31	105	1.0
31	108	1.0
31	117	1.0
31	137	1.0
31	172	1.0
32	32	362.0
32	33	22.0
32	36	1.0
32	37	1.0
32	52	1.0
32	54	1.0
32	66	4.0
32	67	1.0
32	71	4.0
32	72	2.0
32	78	2.0
32	79	1.0
32	96	1.0
32	168	4.0
32	169	6.0
32	170	1.0
32	171	2.0
33	33	365.0
33	34	4.0
33	50	1.0
33	65	14.0
33	66	5.0
33	67	15.0
33	71	4.0
33	89	1.0
33	156	1.0
34	34	305.0
34	35	23.0
34	36	10.0
34	44	1.0
34	65	1.0
34	66	1.0
34	67	9.0
34	68	13.0
34	70	4.0
34	71	1.0
34	73	1.0
34	98	1.0
34	111	5.0
34	113	8.0
34	114	14.0
34	160	1.0
34	161	3.0
34	165	1.0
34	167	3.0
34	169	1.0
35	35	348.0
35	36	12.0
35	67	9.0
35	68	6.0
35	70	3.0
35	79	1.0
35	85	1.0
35	103	1.0
35	111	1.0
35	137	2.0
35	160	12.0
35	161	8.0
35	162	3.0
35	170	1.0
36	36	347.0
36	37	7.0
36	62	1.0
36	67	11.0
36	68	2.0
36	70	1.0
36	71	3.0
36	72	1.0
36	93	1.0
36	106	2.0
36	109	1.0
36	111	12.0
36	112	4.0
36	161	1.0
36	162	1.0
36	167	6.0
36	168	12.0
36	169	11.0
36	170	2.0
37	37	319.0
37	38	10.0
37	39	4.0
37	43	1.0
37	52	2.0
37	53	7.0
37	54	5.0
37	61	1.0
37	62	9.0
37	91	1.0
37	108	1.0
37	111	6.0
37	112	5.0
37	130	1.0
37	141	1.0
37	146	2.0
37	167	1.0
37	168	4.0
37	169	13.0
37	170	12.0
37	172	1.0
37	173	1.0
37	177	1.0
37	179	1.0
37	180	5.0
38	38	369.0
38	39	50.0
38	40	4.0
38	42	1.0
38	53	1.0
38	54	2.0
38	61	3.0
38	62	11.0
38	63	4.0
38	64	1.0
38	81	1.0
38	96	1.0
38	104	3.0
38	105	14.0
38	107	5.0
38	110	2.0
38	111	4.0
38	113	1.0
38	165	2.0
38	167	2.0
38	168	14.0
38	169	3.0
38	179	10.0
38	180	3.0
39	39	314.0
39	40	32.0
39	41	13.0
39	42	4.0
39	46	1.0
39	52	1.0
39	53	4.0
39	54	2.0
39	62	2.0
39	63	2.0
39	64	2.0
39	66	1.0
39	67	1.0
39	68	1.0
39	73	5.0
39	76	1.0
39	78	5.0
39	80	1.0
39	86	1.0
39	94	1.0
39	99	1.0
39	104	2.0
39	105	1.0
39	107	2.0
39	124	1.0
39	146	1.0
39	151	1.0
39	152	1.0
39	171	1.0
39	174	1.0
40	40	325.0
40	41	15.0
40	42	9.0
40	46	4.0
40	50	1.0
40	53	1.0
40	63	6.0
40	64	3.0
40	65	1.0
40	67	2.0
40	68	1.0
40	73	7.0
40	74	1.0
40	98	3.0
40	99	2.0
40	105	1.0
40	107	9.0
40	110	2.0
40	146	4.0
40	151	2.0
40	152	1.0
40	180	4.0
41	41	336.0
41	42	21.0
41	44	1.0
41	51	1.0
41	52	2.0
41	55	1.0
41	62	3.0
41	63	11.0
41	64	7.0
41	65	5.0
41	66	6.0
41	67	7.0
41	68	3.0
41	73	15.0
41	98	5.0
41	146	3.0
41	176	1.0
42	42	327.0
42	43	2.0
42	45	3.0
42	51	3.0
42	52	19.0
42	53	3.0
42	54	4.0
42	61	1.0
42	62	2.0
42	63	8.0
42	64	11.0
42	65	7.0
42	66	14.0
42	67	7.0
42	68	1.0
42	73	1.0
42	109	1.0
42	125	1.0
42	146	1.0
42	151	1.0
42	171	1.0
42	179	1.0
42	180	1.0
43	43	336.0
43	44	11.0
43	45	6.0
43	46	5.0
43	49	5.0
43	50	3.0
43	51	5.0
43	52	2.0
43	54	3.0
43	55	5.0
43	56	1.0
43	57	1.0
43	59	1.0
43	60	2.0
43	61	10.0
43	63	1.0
43	64	4.0
43	65	4.0
43	66	3.0
43	76	1.0
43	77	1.0
43	108	1.0
43	126	1.0
43	143	1.0
43	145	3.0
43	146	3.0
43	169	1.0
43	174	1.0
44	44	355.0
44	45	12.0
44	46	6.0
44	49	3.0
44	50	1.0
44	51	2.0
44	52	2.0
44	54	2.0
44	55	10.0
44	56	1.0
44	57	1.0
44	58	1.0
44	63	1.0
44	148	1.0
44	159	1.0
44	170	1.0
44	176	1.0
45	45	325.0
45	46	9.0
45	49	1.0
45	51	7.0
45	52	5.0
45	54	3.0
45	57	4.0
45	64	1.0
46	46	129.0
46	49	10.0
46	52	2.0
46	53	1.0
46	54	2.0
46	66	1.0
46	101	1.0
46	167	1.0
49	49	207.0
49	50	8.0
49	51	5.0
49	52	2.0
49	54	6.0
49	147	1.0
49	168	1.0
50	50	341.0
50	51	29.0
50	52	4.0
50	53	9.0
50	54	4.0
50	63	2.0
50	115	5.0
50	117	7.0
50	119	1.0
51	51	343.0
51	52	22.0
51	53	7.0
51	54	1.0
51	116	1.0
52	52	322.0
52	53	31.0
52	54	10.0
52	60	1.0
52	80	1.0
52	113	1.0
52	116	2.0
52	118	1.0
52	121	1.0
53	53	321.0
53	54	24.0
53	58	1.0
53	63	1.0
53	77	1.0
53	115	6.0
53	116	7.0
53	117	1.0
53	118	2.0
53	120	2.0
53	127	1.0
53	150	1.0
54	54	346.0
54	55	5.0
54	56	3.0
54	57	4.0
54	58	1.0
54	76	1.0
54	107	1.0
54	129	1.0
54	169	1.0
55	55	375.0
55	56	29.0
55	87	2.0
55	174	1.0
56	56	363.0
56	57	31.0
56	58	14.0
56	59	2.0
56	79	1.0
56	157	1.0
56	172	1.0
57	57	341.0
57	58	22.0
57	59	8.0
57	60	2.0
57	135	1.0
57	164	2.0
57	165	1.0
58	58	311.0
58	59	23.0
58	60	6.0
58	75	2.0
58	116	1.0
59	59	347.0
59	60	23.0
59	61	1.0
59	77	1.0
60	60	353.0
60	61	23.0
60	62	4.0
60	63	2.0
60	68	1.0
60	80	1.0
60	85	1.0
60	110	1.0
60	141	1.0
60	142	1.0
60	169	1.0
61	61	366.0
61	62	47.0
61	63	10.0
61	66	1.0
61	110	7.0
61	111	3.0
61	168	1.0
61	174	1.0
61	178	1.0
62	62	313.0
62	63	28.0
62	65	2.0
62	66	5.0
62	68	1.0
62	76	1.0
62	80	1.0
62	110	15.0
62	111	5.0
62	125	1.0
62	167	1.0
62	168	4.0
62	169	1.0
62	170	1.0
62	175	1.0
62	179	1.0
63	63	349.0
63	64	16.0
63	65	14.0
63	66	5.0
63	77	2.0
63	78	1.0
63	99	1.0
63	105	1.0
63	107	2.0
63	109	8.0
63	110	1.0
63	112	1.0
63	141	1.0
63	146	2.0
63	147	1.0
63	151	3.0
63	167	1.0
63	173	1.0
64	64	334.0
64	65	8.0
64	66	1.0
64	68	1.0
64	76	1.0
64	77	9.0
64	78	8.0
64	79	1.0
64	81	1.0
64	107	1.0
64	109	4.0
64	110	1.0
64	120	1.0
64	128	1.0
64	142	1.0
64	145	6.0
64	146	14.0
64	147	2.0
64	151	4.0
64	169	1.0
64	171	1.0
64	172	2.0
64	173	6.0
64	174	3.0
65	65	319.0
65	66	44.0
65	67	21.0
65	68	2.0
65	71	1.0
65	93	1.0
65	111	1.0
65	145	1.0
65	146	1.0
65	161	1.0
65	169	1.0
65	173	2.0
66	66	334.0
66	67	17.0
66	68	6.0
66	73	1.0
66	80	1.0
66	103	1.0
66	110	1.0
67	67	314.0
67	68	19.0
67	70	5.0
67	71	4.0
67	73	2.0
67	94	1.0
67	96	1.0
67	115	1.0
67	126	1.0
67	170	1.0
67	171	3.0
68	68	294.0
68	69	3.0
68	70	5.0
68	71	5.0
68	72	2.0
68	73	6.0
68	80	1.0
68	128	1.0
68	156	1.0
68	165	1.0
68	170	6.0
68	171	1.0
69	69	2.0
70	70	65.0
70	71	6.0
70	72	4.0
70	73	1.0
70	97	1.0
70	138	2.0
70	142	1.0
70	167	4.0
70	173	1.0
71	71	398.0
71	72	33.0
71	74	3.0
71	97	4.0
71	100	1.0
71	166	1.0
71	167	2.0
71	168	12.0
71	169	6.0
71	170	6.0
71	171	4.0
71	172	15.0
71	173	5.0
71	174	2.0
72	72	366.0
72	73	19.0
72	74	17.0
72	97	1.0
72	125	1.0
72	129	1.0
72	147	2.0
72	153	1.0
72	168	10.0
72	169	5.0
72	172	23.0
72	173	5.0
72	174	1.0
72	177	7.0
72	178	2.0
73	73	352.0
73	74	13.0
73	75	6.0
73	98	7.0
73	99	4.0
73	146	6.0
73	147	1.0
73	174	2.0
73	177	1.0
73	178	1.0
74	74	320.0
74	75	5.0
74	76	1.0
74	96	1.0
74	97	18.0
74	98	4.0
74	100	7.0
74	101	1.0
74	102	3.0
74	135	1.0
74	146	1.0
74	147	10.0
74	153	2.0
74	158	1.0
74	163	2.0
74	167	3.0
74	172	3.0
74	173	1.0
74	174	2.0
74	175	3.0
74	176	8.0
74	177	2.0
74	178	9.0
75	75	345.0
75	76	35.0
75	77	9.0
75	78	3.0
75	88	1.0
75	96	3.0
75	99	3.0
75	100	5.0
75	101	6.0
75	102	1.0
75	111	1.0
75	132	1.0
75	145	1.0
75	149	15.0
75	152	1.0
75	153	4.0
75	154	1.0
75	155	1.0
75	156	1.0
75	173	1.0
76	76	399.0
76	77	29.0
76	80	3.0
76	96	3.0
76	98	1.0
76	99	1.0
76	119	1.0
76	122	1.0
76	136	1.0
76	138	1.0
76	145	5.0
76	146	3.0
76	149	10.0
76	152	2.0
76	153	2.0
76	157	1.0
76	172	3.0
76	173	4.0
76	174	1.0
77	77	329.0
77	78	25.0
77	79	3.0
77	108	1.0
77	113	2.0
77	139	1.0
77	144	4.0
77	145	5.0
77	149	5.0
77	150	12.0
77	151	1.0
77	152	1.0
77	153	1.0
77	164	1.0
77	172	11.0
77	173	9.0
77	174	2.0
77	177	2.0
78	78	322.0
78	79	33.0
78	80	2.0
78	85	1.0
78	116	1.0
78	131	1.0
78	143	2.0
78	144	4.0
78	145	8.0
78	149	24.0
78	150	9.0
78	154	2.0
78	157	1.0
78	161	1.0
78	174	2.0
79	79	340.0
79	80	30.0
79	81	3.0
79	82	8.0
79	84	1.0
79	86	3.0
79	129	1.0
79	139	1.0
79	144	1.0
79	149	3.0
79	150	2.0
79	159	1.0
79	161	1.0
79	176	1.0
80	80	375.0
80	81	34.0
80	82	3.0
80	83	2.0
80	84	6.0
80	85	1.0
80	86	6.0
80	87	1.0
80	88	4.0
80	89	3.0
80	90	4.0
80	94	1.0
80	103	1.0
80	139	1.0
80	149	2.0
80	171	1.0
81	81	342.0
81	82	16.0
81	83	9.0
81	84	21.0
81	85	8.0
81	86	9.0
81	88	2.0
81	90	1.0
81	91	1.0
81	92	2.0
81	93	3.0
81	94	7.0
81	96	1.0
81	99	1.0
81	101	1.0
81	102	1.0
82	82	301.0
82	83	7.0
82	84	8.0
82	85	18.0
82	86	3.0
82	88	1.0
82	91	5.0
82	93	2.0
82	94	5.0
82	95	18.0
82	148	2.0
82	151	1.0
83	83	333.0
83	84	35.0
83	85	25.0
83	86	9.0
83	88	3.0
83	90	9.0
83	92	5.0
83	93	1.0
83	94	5.0
83	95	8.0
83	96	1.0
83	100	1.0
83	102	1.0
83	127	1.0
83	142	1.0
83	155	1.0
84	84	311.0
84	85	33.0
84	86	4.0
84	89	1.0
84	90	2.0
84	94	8.0
84	95	10.0
84	96	2.0
84	129	1.0
84	147	4.0
85	85	319.0
85	86	14.0
85	88	3.0
85	90	5.0
85	92	2.0
85	93	2.0
85	94	7.0
85	95	9.0
85	96	6.0
85	98	1.0
85	99	2.0
85	101	4.0
85	147	3.0
85	148	2.0
86	86	385.0
86	87	19.0
86	88	6.0
86	89	8.0
86	90	4.0
86	92	1.0
86	94	3.0
86	96	5.0
86	97	5.0
86	98	2.0
86	99	1.0
86	101	1.0
86	102	1.0
86	103	6.0
86	148	2.0
86	149	1.0
87	87	350.0
87	88	9.0
87	92	2.0
87	94	5.0
87	96	5.0
87	97	2.0
87	102	9.0
87	103	12.0
87	104	5.0
87	105	1.0
87	109	3.0
87	111	1.0
87	139	1.0
87	147	1.0
87	157	2.0
87	171	1.0
88	88	341.0
88	89	37.0
88	90	16.0
88	91	4.0
88	92	10.0
88	96	1.0
88	97	12.0
88	98	10.0
88	99	4.0
88	100	2.0
88	101	7.0
88	102	2.0
88	134	1.0
88	153	1.0
88	174	1.0
89	89	299.0
89	90	18.0
89	91	2.0
89	93	1.0
89	97	2.0
89	98	5.0
89	99	7.0
89	101	2.0
89	105	1.0
89	129	1.0
89	174	1.0
90	90	278.0
90	91	13.0
90	92	5.0
90	93	7.0
90	94	2.0
90	95	2.0
90	96	3.0
90	97	1.0
90	98	1.0
90	106	1.0
90	171	1.0
90	172	1.0
90	173	1.0
90	175	1.0
91	91	301.0
91	92	22.0
91	93	27.0
91	94	7.0
91	95	25.0
91	96	5.0
91	131	2.0
91	147	1.0
91	148	2.0
91	151	1.0
92	92	343.0
92	93	23.0
92	94	12.0
92	95	21.0
92	96	2.0
92	102	1.0
92	104	1.0
92	110	1.0
92	146	2.0
92	153	1.0
92	166	1.0
92	175	1.0
92	176	1.0
93	93	332.0
93	94	33.0
93	95	4.0
93	96	2.0
93	101	3.0
93	102	6.0
93	108	1.0
93	110	1.0
93	147	2.0
93	148	24.0
93	149	3.0
93	153	1.0
93	175	1.0
94	94	380.0
94	95	15.0
94	96	11.0
94	97	3.0
94	99	1.0
94	101	1.0
94	102	1.0
94	103	5.0
94	104	6.0
94	106	5.0
94	107	2.0
94	117	1.0
94	121	1.0
94	141	1.0
94	149	5.0
94	151	1.0
94	155	2.0
94	166	1.0
94	178	1.0
95	95	339.0
95	96	36.0
95	97	2.0
95	101	6.0
95	103	1.0
95	104	2.0
95	105	2.0
95	107	4.0
95	108	1.0
95	147	1.0
95	148	1.0
96	96	347.0
96	97	24.0
96	98	10.0
96	99	2.0
96	100	5.0
96	101	16.0
96	103	20.0
96	104	4.0
96	105	7.0
96	107	1.0
96	116	1.0
96	145	1.0
96	147	6.0
96	148	8.0
96	149	1.0
96	151	2.0
96	166	1.0
97	97	297.0
97	98	17.0
97	99	2.0
97	100	1.0
97	101	14.0
97	102	1.0
97	103	1.0
97	104	6.0
97	113	1.0
97	131	1.0
97	147	10.0
98	98	294.0
98	99	28.0
98	100	5.0
98	101	10.0
98	102	1.0
98	103	1.0
98	106	2.0
98	130	1.0
98	146	14.0
98	147	11.0
98	148	5.0
98	152	9.0
98	163	2.0
99	99	252.0
99	100	27.0
99	101	13.0
99	102	4.0
99	104	1.0
99	106	2.0
99	108	1.0
99	127	1.0
99	146	6.0
99	147	6.0
99	148	6.0
99	149	3.0
99	152	14.0
99	170	1.0
99	171	1.0
100	100	296.0
100	101	22.0
100	102	9.0
100	108	1.0
100	147	15.0
100	148	6.0
100	149	3.0
100	168	2.0
101	101	311.0
101	102	23.0
101	106	4.0
101	116	1.0
101	147	11.0
101	148	14.0
101	149	1.0
102	102	321.0
102	103	11.0
102	104	2.0
102	106	14.0
102	146	1.0
102	147	7.0
102	148	25.0
102	149	2.0
102	152	2.0
102	153	3.0
102	154	2.0
102	155	1.0
102	156	1.0
103	103	285.0
103	104	30.0
103	105	19.0
103	106	20.0
103	107	4.0
103	114	1.0
103	152	1.0
103	154	2.0
103	155	1.0
103	156	2.0
103	159	1.0
103	175	1.0
104	104	305.0
104	105	51.0
104	106	30.0
104	107	8.0
104	126	1.0
104	128	1.0
104	149	1.0
104	154	2.0
104	157	1.0
104	159	6.0
105	105	315.0
105	106	40.0
105	107	15.0
105	109	1.0
105	152	2.0
105	154	2.0
105	159	1.0
106	106	301.0
106	107	16.0
106	108	2.0
106	109	4.0
106	146	1.0
106	148	1.0
106	149	1.0
106	154	4.0
106	155	2.0
106	174	1.0
106	179	1.0
107	107	320.0
107	108	30.0
107	109	15.0
107	110	1.0
107	112	1.0
107	126	1.0
107	128	1.0
107	133	1.0
107	150	1.0
107	151	2.0
107	152	3.0
107	153	1.0
107	154	1.0
107	158	1.0
107	159	1.0
107	174	1.0
108	108	299.0
108	109	29.0
108	110	7.0
108	111	2.0
108	112	2.0
108	127	8.0
108	150	11.0
108	151	2.0
108	153	2.0
108	164	1.0
108	173	3.0
108	174	7.0
108	175	1.0
109	109	359.0
109	145	2.0
109	146	2.0
109	151	13.0
109	167	1.0
109	170	1.0
109	172	1.0
109	173	2.0
109	174	20.0
110	110	345.0
110	111	17.0
110	115	2.0
110	116	2.0
110	119	1.0
110	120	1.0
110	144	1.0
111	111	312.0
111	112	11.0
111	113	3.0
111	114	10.0
111	115	4.0
111	116	11.0
111	117	2.0
111	118	1.0
111	124	1.0
111	127	1.0
111	128	1.0
111	138	1.0
111	141	1.0
111	168	19.0
111	169	16.0
111	170	1.0
112	112	391.0
112	113	13.0
112	114	23.0
112	115	5.0
112	116	1.0
112	124	1.0
112	127	3.0
112	134	2.0
112	160	1.0
112	161	1.0
112	165	1.0
112	167	2.0
112	169	2.0
112	170	4.0
113	113	372.0
113	114	65.0
113	115	1.0
113	116	1.0
113	119	1.0
113	120	1.0
113	150	1.0
113	160	1.0
113	169	11.0
114	114	337.0
114	115	7.0
114	121	1.0
114	133	2.0
114	161	2.0
114	163	1.0
114	173	1.0
115	115	350.0
115	116	23.0
115	117	5.0
115	118	4.0
115	120	7.0
115	121	1.0
115	155	1.0
115	166	1.0
115	170	5.0
116	116	343.0
116	117	27.0
116	118	36.0
116	119	2.0
116	120	8.0
116	121	2.0
116	130	2.0
116	131	1.0
116	140	1.0
116	160	1.0
117	117	315.0
117	118	16.0
117	119	12.0
117	120	2.0
117	126	1.0
117	127	3.0
117	129	1.0
117	130	3.0
117	161	2.0
117	174	1.0
118	118	311.0
118	119	22.0
118	120	4.0
118	121	5.0
118	122	2.0
118	126	1.0
118	127	1.0
118	130	5.0
118	133	1.0
118	149	1.0
118	155	1.0
119	119	310.0
119	120	18.0
119	121	23.0
119	122	2.0
119	125	1.0
119	126	2.0
119	127	3.0
119	129	1.0
119	176	2.0
120	120	326.0
120	121	30.0
120	135	1.0
120	138	1.0
120	147	1.0
120	162	1.0
121	121	293.0
121	122	28.0
121	123	1.0
121	124	7.0
121	125	10.0
121	126	12.0
121	127	1.0
121	128	1.0
121	130	1.0
121	133	1.0
121	155	2.0
122	122	325.0
122	123	2.0
122	124	12.0
122	125	28.0
122	126	13.0
122	128	1.0
122	132	1.0
122	154	1.0
122	156	2.0
122	163	2.0
122	176	1.0
123	123	215.0
123	124	23.0
123	125	16.0
123	126	2.0
123	128	9.0
123	129	7.0
123	141	1.0
123	176	1.0
124	124	257.0
124	125	38.0
124	126	2.0
124	128	2.0
124	164	1.0
125	125	230.0
125	126	3.0
125	128	7.0
125	130	1.0
126	126	212.0
126	127	8.0
126	128	15.0
126	129	1.0
126	141	1.0
126	142	1.0
126	166	1.0
127	127	345.0
127	128	38.0
127	129	9.0
127	130	8.0
127	145	1.0
127	168	2.0
128	128	255.0
128	129	19.0
128	130	11.0
128	163	1.0
128	165	1.0
128	171	1.0
129	129	316.0
129	130	36.0
129	131	1.0
129	136	1.0
129	146	2.0
129	160	1.0
129	174	1.0
130	130	278.0
130	131	14.0
130	132	3.0
130	136	4.0
130	139	2.0
130	140	4.0
130	141	13.0
130	154	1.0
130	157	1.0
130	174	1.0
130	175	3.0
131	131	396.0
131	132	28.0
131	133	7.0
131	134	9.0
131	135	14.0
131	136	8.0
131	137	2.0
131	138	7.0
131	139	8.0
131	140	21.0
131	141	3.0
131	156	1.0
131	167	1.0
132	132	438.0
132	133	60.0
132	134	10.0
132	141	1.0
132	145	1.0
133	133	384.0
133	134	8.0
133	135	2.0
133	138	1.0
133	160	1.0
133	171	2.0
133	179	1.0
134	134	471.0
134	135	38.0
134	136	26.0
134	137	20.0
134	138	7.0
134	139	1.0
134	140	8.0
134	146	1.0
134	157	4.0
134	158	1.0
134	165	1.0
134	167	1.0
134	171	18.0
134	172	1.0
134	179	2.0
135	135	411.0
135	136	44.0
135	137	18.0
135	138	16.0
135	139	2.0
135	140	2.0
135	152	1.0
135	166	1.0
135	170	1.0
135	171	17.0
135	172	8.0
135	177	1.0
135	179	1.0
136	136	376.0
136	137	25.0
136	138	5.0
136	139	7.0
136	140	9.0
136	170	2.0
136	171	7.0
136	172	4.0
137	137	408.0
137	138	31.0
137	139	8.0
137	140	2.0
137	142	2.0
137	154	1.0
137	171	2.0
137	177	1.0
137	179	1.0
138	138	357.0
138	139	29.0
138	140	2.0
138	141	1.0
138	145	1.0
138	161	2.0
138	173	1.0
138	175	1.0
139	139	417.0
139	140	19.0
139	141	1.0
139	157	1.0
139	175	12.0
139	178	2.0
140	140	385.0
140	141	11.0
140	148	1.0
140	156	1.0
140	157	1.0
140	158	1.0
140	175	1.0
140	177	3.0
140	178	20.0
141	141	423.0
141	142	22.0
141	143	5.0
141	144	3.0
141	145	1.0
141	150	2.0
141	153	1.0
141	155	1.0
141	156	7.0
141	157	1.0
141	158	6.0
141	159	4.0
141	173	2.0
141	174	2.0
141	175	11.0
142	142	388.0
142	143	29.0
142	144	15.0
142	145	6.0
142	146	7.0
142	149	1.0
142	159	1.0
142	162	1.0
142	168	3.0
142	169	8.0
142	173	6.0
142	174	2.0
142	175	7.0
142	176	2.0
143	143	348.0
143	144	34.0
143	145	21.0
143	161	1.0
143	168	8.0
143	169	7.0
143	172	5.0
143	173	3.0
143	174	11.0
143	175	10.0
143	176	7.0
144	144	332.0
144	145	31.0
144	146	5.0
144	147	1.0
144	149	1.0
144	150	1.0
144	166	2.0
144	173	1.0
144	174	8.0
144	175	4.0
144	176	2.0
145	145	402.0
145	146	9.0
145	147	6.0
145	148	8.0
145	149	9.0
145	150	1.0
145	159	2.0
145	160	1.0
145	164	1.0
145	168	1.0
145	172	2.0
145	173	8.0
145	174	6.0
145	175	4.0
146	146	337.0
146	147	16.0
146	148	1.0
146	149	2.0
146	150	1.0
146	152	13.0
146	153	2.0
146	164	1.0
146	168	1.0
146	170	1.0
146	173	7.0
146	174	2.0
147	147	343.0
147	148	53.0
147	149	1.0
147	150	2.0
147	156	1.0
148	148	380.0
148	149	8.0
148	150	13.0
148	151	1.0
148	155	2.0
148	159	2.0
149	149	486.0
149	150	17.0
149	151	1.0
149	152	1.0
149	153	5.0
149	158	1.0
149	159	8.0
149	160	1.0
149	172	1.0
149	176	1.0
150	150	425.0
150	151	10.0
150	152	2.0
150	153	7.0
150	154	1.0
150	155	8.0
150	161	1.0
150	162	1.0
150	172	2.0
150	173	4.0
150	174	1.0
151	151	351.0
151	152	38.0
151	153	39.0
151	154	3.0
151	155	6.0
151	163	3.0
151	172	8.0
151	173	3.0
151	174	7.0
152	152	327.0
152	153	50.0
152	160	1.0
152	174	1.0
153	153	369.0
153	154	22.0
153	155	10.0
153	156	3.0
153	157	1.0
153	172	1.0
153	173	4.0
153	174	2.0
154	154	366.0
154	155	33.0
154	156	33.0
154	157	1.0
154	158	1.0
154	173	4.0
155	155	286.0
155	156	42.0
155	158	2.0
155	163	1.0
155	165	1.0
155	179	1.0
156	156	364.0
156	157	28.0
156	158	18.0
156	159	4.0
156	171	1.0
157	157	343.0
157	158	55.0
157	159	14.0
157	160	2.0
157	161	5.0
157	162	6.0
158	158	397.0
158	159	32.0
158	160	3.0
158	161	2.0
158	162	2.0
159	159	393.0
159	160	25.0
159	161	32.0
159	162	16.0
159	170	1.0
159	180	2.0
160	160	357.0
160	161	39.0
160	162	16.0
160	164	1.0
160	165	4.0
160	166	1.0
160	167	2.0
160	171	1.0
160	175	1.0
161	161	318.0
161	162	43.0
161	163	4.0
161	165	4.0
161	168	3.0
162	162	293.0
162	163	7.0
162	164	4.0
162	165	6.0
162	167	4.0
162	170	3.0
162	171	2.0
163	163	345.0
163	164	21.0
163	165	23.0
163	166	15.0
163	167	9.0
163	170	14.0
163	171	5.0
163	173	2.0
164	164	308.0
164	165	32.0
164	166	22.0
164	167	21.0
164	170	3.0
164	171	3.0
164	173	1.0
165	165	322.0
165	166	37.0
165	167	12.0
165	170	1.0
166	166	330.0
166	167	17.0
166	170	6.0
167	167	384.0
167	168	20.0
167	170	10.0
167	171	18.0
168	168	373.0
168	169	35.0
168	170	1.0
168	171	6.0
168	172	2.0
168	173	12.0
168	174	1.0
168	176	2.0
169	169	407.0
169	170	17.0
169	171	6.0
169	172	1.0
169	173	4.0
170	170	378.0
170	171	35.0
170	172	6.0
170	176	1.0
171	171	400.0
171	172	17.0
171	173	4.0
171	174	1.0
172	172	395.0
172	173	20.0
172	174	11.0
172	177	1.0
172	178	1.0
173	173	396.0
173	174	25.0
173	175	2.0
173	176	9.0
173	177	1.0
174	174	376.0
174	175	20.0
174	176	10.0
174	177	2.0
175	175	317.0
175	176	9.0
175	177	7.0
175	178	1.0
176	176	519.0
176	177	8.0
176	178	6.0
177	177	273.0
177	178	29.0
177	179	1.0
178	178	414.0
178	179	8.0
179	179	432.0
179	180	16.0
180	180	259.0
181	1	26.0
181	2	15.0
181	3	3.0
181	4	7.0
181	6	1.0
181	8	1.0
181	11	1.0
181	32	1.0
181	37	2.0
181	38	11.0
181	39	3.0
181	40	2.0
181	53	2.0
181	67	1.0
181	70	1.0
181	71	5.0
181	72	4.0
181	74	7.0
181	89	1.0
181	93	1.0
181	143	1.0
181	158	1.0
181	164	1.0
181	172	1.0
181	173	4.0
181	174	2.0
181	176	13.0
181	177	7.0
181	178	11.0
181	179	8.0
181	180	1.0
181	181	353.0
