1	1	508.0
1	2	4.0
1	3	7.0
1	4	4.0
1	5	3.0
1	6	21.0
1	31	1.0
1	32	2.0
1	33	9.0
1	57	1.0
1	58	2.0
1	77	1.0
1	103	1.0
1	116	1.0
1	122	1.0
1	134	1.0
1	141	1.0
1	145	1.0
2	2	479.0
2	3	34.0
2	4	33.0
2	5	24.0
2	6	3.0
2	18	2.0
2	28	2.0
2	29	3.0
2	30	2.0
2	31	1.0
2	33	3.0
2	57	5.0
2	58	1.0
2	68	1.0
2	124	1.0
2	135	1.0
2	139	10.0
2	140	16.0
2	145	1.0
3	3	469.0
3	4	33.0
3	5	7.0
3	6	10.0
3	8	1.0
3	9	1.0
3	12	1.0
3	13	1.0
3	14	2.0
3	31	1.0
3	59	1.0
3	70	1.0
3	92	1.0
3	105	1.0
3	111	1.0
3	123	1.0
3	143	2.0
3	145	1.0
4	4	462.0
4	5	24.0
4	6	1.0
4	13	1.0
4	17	1.0
4	18	1.0
4	21	3.0
4	28	1.0
4	30	2.0
4	31	1.0
4	32	7.0
4	33	6.0
4	46	1.0
4	57	2.0
4	58	1.0
4	62	1.0
4	93	1.0
4	135	1.0
4	137	1.0
4	140	1.0
5	5	400.0
5	6	8.0
5	17	4.0
5	18	15.0
5	19	2.0
5	29	4.0
5	30	8.0
5	31	5.0
5	32	17.0
5	33	4.0
5	57	20.0
5	58	7.0
5	64	1.0
5	79	1.0
5	98	1.0
5	103	1.0
5	128	2.0
5	139	2.0
5	140	11.0
6	6	435.0
6	7	1.0
6	8	1.0
6	9	5.0
6	10	9.0
6	11	9.0
6	14	2.0
6	29	1.0
6	33	4.0
6	35	1.0
6	49	10.0
6	51	1.0
6	57	1.0
6	72	1.0
6	112	1.0
6	124	1.0
6	135	1.0
7	7	20.0
7	8	3.0
7	9	1.0
7	11	4.0
7	12	3.0
7	13	1.0
7	34	1.0
7	49	2.0
7	51	1.0
7	53	1.0
7	87	1.0
7	90	1.0
8	8	409.0
8	9	35.0
8	10	1.0
8	11	7.0
8	12	1.0
8	23	2.0
8	24	7.0
8	29	1.0
8	33	6.0
8	34	9.0
8	35	7.0
8	36	1.0
8	49	17.0
8	60	1.0
8	94	1.0
8	103	1.0
8	106	1.0
8	145	1.0
9	9	465.0
9	10	22.0
9	11	18.0
9	12	1.0
9	17	1.0
9	23	2.0
9	24	1.0
9	25	1.0
9	31	2.0
9	33	9.0
9	35	5.0
9	36	1.0
9	37	4.0
9	38	5.0
9	41	1.0
9	47	1.0
9	49	4.0
9	50	4.0
9	51	1.0
9	56	1.0
9	60	1.0
9	82	1.0
9	83	1.0
10	10	561.0
10	11	37.0
10	17	1.0
10	24	2.0
10	33	2.0
10	34	2.0
10	37	6.0
10	38	3.0
10	40	2.0
10	56	1.0
10	64	2.0
10	84	1.0
10	88	1.0
10	96	1.0
10	97	1.0
11	11	475.0
11	12	2.0
11	22	2.0
11	23	1.0
11	32	1.0
11	33	10.0
11	34	4.0
11	37	1.0
11	38	5.0
11	39	1.0
11	41	1.0
11	49	4.0
11	50	2.0
11	60	1.0
11	83	1.0
11	128	1.0
12	12	297.0
12	13	16.0
12	14	3.0
12	17	1.0
12	20	5.0
12	21	6.0
12	22	8.0
12	27	1.0
12	33	1.0
12	35	2.0
12	49	1.0
12	65	1.0
13	13	376.0
13	14	11.0
13	15	2.0
13	16	20.0
13	17	20.0
13	18	1.0
13	19	1.0
13	20	2.0
13	21	20.0
13	22	2.0
13	28	1.0
13	43	1.0
13	48	1.0
13	52	1.0
13	90	1.0
13	100	1.0
13	131	1.0
14	14	385.0
14	15	39.0
14	16	17.0
14	17	4.0
14	18	6.0
14	19	8.0
14	43	1.0
14	78	1.0
14	92	1.0
14	99	1.0
14	113	1.0
14	119	1.0
14	143	1.0
15	15	419.0
15	16	26.0
15	17	15.0
15	18	22.0
15	20	6.0
15	21	4.0
15	30	1.0
15	70	1.0
15	88	1.0
15	110	1.0
15	114	2.0
16	16	358.0
16	17	32.0
16	18	3.0
16	19	9.0
16	20	17.0
16	21	14.0
16	22	2.0
16	25	1.0
16	43	1.0
16	78	1.0
16	97	1.0
16	105	1.0
16	132	1.0
16	135	1.0
17	17	428.0
17	18	19.0
17	19	6.0
17	20	2.0
17	21	7.0
17	26	1.0
17	34	1.0
17	47	1.0
17	95	1.0
17	120	1.0
17	136	1.0
18	18	458.0
18	19	43.0
18	20	5.0
18	21	1.0
18	29	1.0
18	30	1.0
18	31	3.0
18	32	7.0
18	62	1.0
18	73	1.0
18	78	1.0
18	110	1.0
19	19	462.0
19	20	35.0
19	21	9.0
19	22	3.0
19	30	1.0
19	31	5.0
19	65	1.0
19	67	1.0
19	97	1.0
19	102	1.0
19	138	1.0
20	20	499.0
20	21	70.0
20	22	15.0
20	42	1.0
20	50	2.0
20	51	1.0
20	72	1.0
20	75	1.0
20	78	1.0
20	115	1.0
20	143	1.0
21	21	476.0
21	22	26.0
21	29	1.0
21	39	1.0
21	62	1.0
21	73	1.0
21	77	1.0
21	119	1.0
22	22	568.0
22	23	14.0
22	24	12.0
22	26	5.0
23	23	453.0
23	24	42.0
23	25	13.0
23	26	9.0
23	27	2.0
23	29	1.0
23	33	1.0
23	60	1.0
23	66	1.0
23	106	1.0
23	109	1.0
23	113	1.0
23	143	2.0
24	24	418.0
24	25	30.0
24	26	16.0
24	27	7.0
24	43	1.0
24	59	1.0
24	101	1.0
24	124	1.0
24	137	2.0
25	25	441.0
25	26	41.0
25	27	15.0
25	49	1.0
25	124	1.0
25	132	1.0
26	26	414.0
26	27	28.0
26	41	1.0
26	96	1.0
26	138	1.0
26	140	1.0
27	27	481.0
27	28	23.0
27	29	14.0
27	68	1.0
27	101	1.0
28	28	488.0
28	29	12.0
28	50	1.0
28	83	2.0
28	95	1.0
28	105	1.0
28	123	1.0
28	144	1.0
29	29	555.0
29	30	5.0
29	40	1.0
29	56	1.0
29	87	1.0
29	96	1.0
29	99	1.0
29	135	1.0
29	141	1.0
30	30	448.0
30	31	28.0
30	32	24.0
30	56	1.0
30	57	1.0
30	69	1.0
30	93	1.0
30	115	1.0
30	123	1.0
30	140	1.0
31	31	434.0
31	32	68.0
31	33	4.0
31	37	1.0
31	40	2.0
31	54	1.0
31	73	1.0
31	85	1.0
31	92	2.0
31	112	1.0
31	137	1.0
32	32	434.0
32	33	12.0
32	48	2.0
32	50	1.0
32	68	1.0
32	80	1.0
32	95	1.0
33	33	459.0
33	34	33.0
33	35	17.0
33	36	12.0
33	37	12.0
33	38	3.0
33	66	1.0
33	67	1.0
33	73	1.0
33	87	1.0
33	98	1.0
33	102	2.0
33	104	1.0
33	111	1.0
34	34	440.0
34	35	5.0
34	36	28.0
34	37	8.0
34	38	2.0
34	43	1.0
34	52	1.0
34	53	1.0
34	68	1.0
34	82	2.0
34	86	3.0
34	97	1.0
34	107	1.0
34	115	2.0
34	123	1.0
35	35	444.0
35	36	20.0
35	37	3.0
35	38	1.0
35	49	1.0
35	50	1.0
35	54	1.0
35	68	1.0
35	71	1.0
35	103	1.0
35	105	1.0
35	135	1.0
36	36	387.0
36	37	32.0
36	38	9.0
36	47	1.0
36	67	1.0
36	70	1.0
36	115	1.0
36	129	1.0
37	37	467.0
37	38	21.0
37	55	1.0
37	64	1.0
37	65	1.0
37	66	9.0
37	67	18.0
37	73	1.0
37	75	1.0
37	86	5.0
37	87	1.0
37	92	1.0
37	103	1.0
37	106	2.0
37	125	1.0
38	38	461.0
38	39	15.0
38	40	1.0
38	41	3.0
38	42	2.0
38	43	4.0
38	48	2.0
38	50	5.0
38	51	1.0
38	52	1.0
38	53	16.0
38	54	10.0
38	63	1.0
38	64	4.0
38	65	5.0
38	66	5.0
38	67	7.0
38	68	1.0
38	71	1.0
38	75	1.0
38	87	1.0
38	95	4.0
38	96	4.0
38	97	1.0
38	105	1.0
38	106	1.0
39	39	339.0
39	40	18.0
39	41	19.0
39	42	11.0
39	43	12.0
39	47	5.0
39	48	11.0
39	51	3.0
39	53	15.0
39	54	18.0
39	55	2.0
39	58	1.0
39	74	1.0
39	94	1.0
39	97	1.0
39	105	1.0
39	145	1.0
40	40	485.0
40	41	46.0
40	42	5.0
40	43	1.0
40	54	2.0
40	62	1.0
40	63	1.0
40	75	1.0
40	76	1.0
40	84	1.0
40	97	1.0
40	98	2.0
40	102	1.0
40	103	1.0
40	129	1.0
40	130	1.0
40	138	1.0
40	139	2.0
40	140	2.0
40	141	3.0
41	41	494.0
41	42	28.0
41	43	1.0
41	47	3.0
41	48	1.0
41	54	2.0
41	55	4.0
41	56	6.0
41	63	3.0
41	65	1.0
41	67	2.0
41	68	3.0
41	75	1.0
41	97	5.0
41	98	8.0
41	134	1.0
41	141	3.0
42	42	473.0
42	43	9.0
42	47	5.0
42	48	2.0
42	52	1.0
42	53	5.0
42	54	1.0
42	60	2.0
42	61	1.0
42	64	1.0
42	66	5.0
42	75	1.0
42	77	1.0
42	87	1.0
42	90	1.0
42	95	1.0
42	98	11.0
42	100	1.0
42	102	3.0
42	105	2.0
42	107	2.0
42	110	1.0
42	125	2.0
42	135	2.0
42	138	2.0
42	139	1.0
42	141	1.0
43	43	575.0
43	46	25.0
43	47	27.0
43	48	6.0
43	51	2.0
43	52	1.0
43	53	2.0
43	54	7.0
43	58	1.0
43	64	1.0
43	78	1.0
43	82	1.0
43	87	1.0
43	88	1.0
43	93	2.0
43	95	3.0
43	96	1.0
43	97	1.0
43	98	1.0
43	101	1.0
43	102	4.0
43	103	1.0
43	104	3.0
43	105	2.0
43	106	12.0
43	108	1.0
43	114	2.0
43	115	1.0
43	118	3.0
43	119	1.0
43	120	1.0
43	121	6.0
43	122	5.0
43	128	1.0
43	131	8.0
43	132	4.0
43	133	1.0
43	136	1.0
43	143	2.0
46	46	72.0
46	47	17.0
46	51	1.0
46	54	1.0
46	62	1.0
46	104	2.0
46	106	1.0
46	141	1.0
47	47	513.0
47	48	19.0
47	53	5.0
47	54	5.0
47	56	1.0
47	68	2.0
47	99	1.0
47	102	3.0
47	104	18.0
47	106	1.0
47	107	1.0
47	109	1.0
47	125	1.0
48	48	421.0
48	49	2.0
48	50	11.0
48	51	7.0
48	52	5.0
48	53	12.0
48	54	6.0
48	64	1.0
48	66	1.0
48	92	1.0
48	93	16.0
48	95	5.0
48	99	6.0
48	100	1.0
48	101	9.0
48	102	8.0
48	104	6.0
48	105	2.0
48	106	1.0
48	107	2.0
48	118	1.0
48	120	1.0
48	130	1.0
49	49	440.0
49	50	27.0
49	51	7.0
49	52	22.0
49	53	5.0
49	64	1.0
49	66	1.0
49	67	3.0
49	70	8.0
49	74	6.0
49	76	1.0
49	87	2.0
49	89	1.0
49	91	5.0
49	92	5.0
49	94	1.0
49	99	3.0
49	100	4.0
49	128	1.0
49	137	1.0
49	143	1.0
49	145	1.0
50	50	380.0
50	51	34.0
50	52	29.0
50	53	6.0
50	54	5.0
50	55	2.0
50	65	3.0
50	69	2.0
50	70	1.0
50	72	1.0
50	87	2.0
50	88	2.0
50	89	2.0
50	91	6.0
50	100	7.0
50	127	1.0
51	51	380.0
51	52	16.0
51	53	24.0
51	54	11.0
51	64	2.0
51	71	1.0
51	76	2.0
51	88	12.0
51	89	17.0
51	90	1.0
51	91	1.0
51	100	1.0
51	102	1.0
51	107	1.0
51	131	1.0
52	52	405.0
52	53	16.0
52	54	5.0
52	65	1.0
52	67	6.0
52	70	1.0
52	71	3.0
52	72	1.0
52	74	2.0
52	89	2.0
52	94	2.0
52	97	1.0
52	100	1.0
52	138	1.0
53	53	440.0
53	54	44.0
53	62	1.0
53	64	1.0
53	89	1.0
53	100	1.0
53	108	1.0
53	128	1.0
53	137	1.0
53	141	1.0
53	144	1.0
54	54	404.0
54	55	14.0
54	104	1.0
54	106	1.0
54	118	1.0
54	132	1.0
55	55	461.0
55	56	36.0
55	57	2.0
55	62	1.0
55	64	10.0
55	66	2.0
55	71	1.0
55	104	4.0
55	105	5.0
55	106	20.0
55	112	1.0
55	135	1.0
55	136	1.0
55	137	1.0
56	56	479.0
56	57	5.0
56	58	7.0
56	59	1.0
56	61	1.0
56	62	2.0
56	63	6.0
56	98	2.0
56	103	9.0
56	105	3.0
56	119	2.0
56	135	8.0
56	136	7.0
56	137	12.0
56	138	2.0
56	139	1.0
57	57	415.0
57	58	47.0
57	59	11.0
57	60	1.0
57	62	11.0
57	63	2.0
57	64	1.0
57	65	1.0
57	97	1.0
57	98	2.0
57	99	1.0
57	103	6.0
57	104	11.0
57	106	2.0
57	110	2.0
57	120	2.0
57	132	1.0
57	136	1.0
57	139	1.0
57	140	5.0
58	58	483.0
58	59	39.0
58	60	2.0
58	61	14.0
58	62	10.0
58	63	1.0
58	66	1.0
58	89	2.0
58	104	1.0
58	128	12.0
58	136	9.0
58	139	3.0
58	140	1.0
59	59	404.0
59	60	15.0
59	61	35.0
59	62	16.0
59	63	1.0
59	68	1.0
59	74	1.0
59	83	2.0
59	95	1.0
59	96	7.0
59	97	1.0
59	98	3.0
59	103	8.0
59	110	2.0
59	116	1.0
59	119	6.0
59	120	13.0
59	121	1.0
59	124	1.0
59	127	1.0
59	128	6.0
59	129	3.0
59	130	2.0
59	135	2.0
59	136	4.0
59	138	2.0
59	139	2.0
60	60	426.0
60	61	19.0
60	62	7.0
60	63	3.0
60	80	1.0
60	96	11.0
60	97	1.0
60	110	4.0
60	111	8.0
60	114	2.0
60	115	1.0
60	119	32.0
60	120	35.0
60	126	3.0
60	129	9.0
60	130	10.0
60	132	1.0
60	141	1.0
61	61	456.0
61	62	28.0
61	63	5.0
61	64	6.0
61	66	3.0
61	68	1.0
61	74	1.0
61	96	3.0
61	97	7.0
61	110	6.0
61	111	2.0
61	112	1.0
61	120	3.0
61	121	1.0
62	62	425.0
62	63	36.0
62	64	6.0
62	65	4.0
62	66	6.0
62	69	1.0
62	73	1.0
62	78	1.0
62	95	4.0
62	96	10.0
62	97	14.0
62	98	3.0
62	103	2.0
62	104	8.0
62	107	2.0
62	108	10.0
62	110	8.0
62	114	3.0
62	119	1.0
62	120	1.0
62	131	1.0
62	132	1.0
62	138	1.0
63	63	388.0
63	64	11.0
63	65	3.0
63	66	9.0
63	83	1.0
63	84	1.0
63	97	9.0
63	98	13.0
63	104	6.0
63	108	8.0
63	110	6.0
63	111	5.0
63	112	5.0
63	113	2.0
63	114	4.0
63	118	3.0
63	121	1.0
64	64	406.0
64	65	37.0
64	66	18.0
64	96	2.0
64	97	8.0
64	98	2.0
64	102	6.0
64	104	2.0
64	105	4.0
64	106	3.0
64	107	9.0
64	108	5.0
64	115	1.0
64	117	1.0
64	139	1.0
64	143	1.0
65	65	417.0
65	66	39.0
65	73	1.0
65	93	1.0
65	97	9.0
65	98	8.0
65	99	1.0
65	101	2.0
65	104	5.0
65	105	4.0
65	106	12.0
65	107	16.0
65	108	13.0
65	109	2.0
65	115	1.0
65	116	1.0
65	143	1.0
66	66	403.0
66	67	17.0
66	68	10.0
66	74	3.0
66	86	1.0
66	87	2.0
66	91	1.0
66	95	5.0
66	96	3.0
66	97	17.0
66	98	9.0
66	99	2.0
66	100	2.0
66	104	2.0
66	105	5.0
66	106	13.0
66	107	2.0
66	108	4.0
66	112	1.0
66	121	1.0
66	123	1.0
66	130	1.0
66	145	1.0
67	67	387.0
67	68	15.0
67	69	1.0
67	70	10.0
67	71	9.0
67	73	4.0
67	74	26.0
67	75	1.0
67	80	3.0
67	81	7.0
67	82	14.0
67	83	6.0
67	86	11.0
67	87	8.0
67	89	2.0
67	90	5.0
67	91	2.0
67	95	5.0
67	96	2.0
68	68	411.0
68	69	48.0
68	70	4.0
68	71	3.0
68	72	6.0
68	73	3.0
68	80	2.0
68	81	1.0
68	82	2.0
68	89	1.0
68	107	1.0
68	114	1.0
68	140	1.0
68	146	2.0
69	69	372.0
69	70	19.0
69	71	6.0
69	72	6.0
69	73	3.0
69	74	1.0
69	75	1.0
69	79	3.0
69	80	10.0
69	81	6.0
69	82	3.0
69	83	1.0
69	87	1.0
69	92	8.0
69	94	8.0
69	102	1.0
69	103	1.0
69	127	1.0
69	128	1.0
69	146	2.0
70	70	419.0
70	71	8.0
70	72	39.0
70	73	2.0
70	74	9.0
70	79	5.0
70	80	3.0
70	81	5.0
70	82	2.0
70	88	2.0
70	90	1.0
70	91	3.0
70	92	3.0
70	94	2.0
70	100	5.0
70	114	2.0
70	118	1.0
71	71	386.0
71	72	35.0
71	73	10.0
71	74	19.0
71	76	1.0
71	77	3.0
71	78	16.0
71	79	8.0
71	80	2.0
71	82	3.0
71	92	6.0
71	93	3.0
71	94	4.0
71	95	2.0
71	100	2.0
71	102	1.0
71	104	1.0
71	110	1.0
71	132	1.0
71	146	6.0
72	72	433.0
72	73	21.0
72	74	16.0
72	76	1.0
72	78	1.0
72	79	1.0
72	82	4.0
72	92	7.0
72	93	1.0
72	94	10.0
72	95	8.0
72	105	1.0
72	112	1.0
73	73	435.0
73	74	24.0
73	75	2.0
73	76	1.0
73	77	1.0
73	78	4.0
73	80	1.0
73	89	1.0
73	91	1.0
73	92	1.0
73	93	4.0
73	94	10.0
73	95	6.0
73	97	2.0
73	99	1.0
73	101	2.0
73	102	3.0
73	104	1.0
73	114	1.0
73	121	1.0
73	129	1.0
73	144	1.0
74	74	441.0
74	75	16.0
74	76	11.0
74	77	13.0
74	78	5.0
74	81	6.0
74	82	4.0
74	92	6.0
74	94	2.0
74	95	2.0
74	100	1.0
74	128	1.0
74	143	1.0
75	75	402.0
75	76	8.0
75	77	19.0
75	78	10.0
75	81	1.0
75	82	9.0
75	83	1.0
75	84	2.0
75	85	9.0
75	86	3.0
75	87	1.0
75	89	1.0
75	90	1.0
75	91	2.0
75	101	1.0
75	103	1.0
76	76	418.0
76	77	36.0
76	78	21.0
76	79	26.0
76	80	5.0
76	81	3.0
76	82	1.0
76	83	2.0
76	85	7.0
76	87	1.0
76	90	1.0
76	91	5.0
76	105	1.0
76	123	1.0
76	125	1.0
76	141	1.0
77	77	401.0
77	78	12.0
77	79	8.0
77	80	2.0
77	81	2.0
77	83	3.0
77	84	1.0
77	85	4.0
77	86	1.0
77	90	2.0
77	91	3.0
77	115	1.0
77	129	1.0
77	131	1.0
77	146	1.0
78	78	349.0
78	79	31.0
78	80	11.0
78	81	2.0
78	82	2.0
78	83	15.0
78	84	11.0
78	85	9.0
78	87	3.0
78	88	1.0
78	91	3.0
78	97	1.0
78	99	1.0
79	79	356.0
79	80	28.0
79	81	1.0
79	82	1.0
79	83	3.0
79	84	6.0
79	85	4.0
79	91	3.0
80	80	374.0
80	81	30.0
80	82	3.0
80	83	2.0
80	84	8.0
80	85	3.0
80	92	1.0
80	126	1.0
80	127	1.0
81	81	420.0
81	82	12.0
81	83	3.0
81	84	2.0
81	85	9.0
81	86	5.0
81	87	1.0
81	91	6.0
81	92	7.0
81	100	3.0
81	110	1.0
82	82	401.0
82	83	27.0
82	84	11.0
82	85	24.0
82	86	5.0
82	89	3.0
82	90	3.0
82	91	10.0
82	92	17.0
82	93	1.0
82	94	1.0
82	95	1.0
82	129	1.0
83	83	371.0
83	84	43.0
83	85	16.0
83	86	5.0
83	87	1.0
83	90	1.0
83	91	1.0
83	110	1.0
83	111	1.0
83	125	1.0
84	84	375.0
84	85	16.0
84	86	8.0
84	87	5.0
84	91	8.0
84	92	1.0
84	107	1.0
85	85	367.0
85	86	14.0
85	87	11.0
85	90	12.0
85	91	4.0
85	95	1.0
85	103	1.0
85	111	1.0
85	132	1.0
85	134	1.0
86	86	339.0
86	87	24.0
86	88	2.0
86	90	10.0
86	91	9.0
86	92	1.0
86	114	2.0
87	87	429.0
87	88	16.0
87	89	1.0
87	90	15.0
87	91	5.0
87	94	1.0
87	95	14.0
87	96	13.0
87	97	1.0
87	109	1.0
87	123	1.0
87	142	1.0
88	88	357.0
88	89	29.0
88	90	12.0
88	91	4.0
88	95	3.0
88	96	8.0
88	97	8.0
88	109	8.0
88	110	2.0
88	115	1.0
89	89	391.0
89	90	22.0
89	91	20.0
89	94	1.0
89	95	5.0
89	103	1.0
89	123	1.0
89	130	1.0
90	90	374.0
90	91	12.0
90	95	17.0
90	101	1.0
91	91	411.0
91	92	5.0
91	93	3.0
91	94	15.0
91	95	9.0
91	100	1.0
91	102	1.0
91	104	1.0
91	130	1.0
91	131	1.0
92	92	395.0
92	93	23.0
92	94	25.0
92	95	1.0
92	100	10.0
92	101	1.0
93	93	355.0
93	94	33.0
93	95	18.0
93	97	2.0
93	99	11.0
93	100	5.0
93	101	11.0
94	94	415.0
94	95	15.0
94	99	4.0
94	100	7.0
94	101	2.0
94	115	1.0
94	129	1.0
95	95	375.0
95	96	26.0
95	97	3.0
95	99	5.0
95	100	1.0
95	101	7.0
95	103	1.0
95	104	5.0
95	109	4.0
95	117	1.0
95	127	1.0
95	129	1.0
95	131	3.0
95	143	1.0
95	144	1.0
96	96	379.0
96	97	19.0
96	98	1.0
96	102	7.0
96	103	5.0
96	109	21.0
96	116	1.0
96	117	1.0
96	119	1.0
96	128	4.0
96	129	1.0
96	130	1.0
96	138	2.0
96	142	1.0
97	97	421.0
97	98	50.0
97	99	3.0
97	102	4.0
97	105	1.0
97	108	1.0
97	109	3.0
97	113	1.0
97	115	1.0
98	98	430.0
98	99	3.0
98	101	2.0
98	132	1.0
99	99	374.0
99	100	32.0
99	101	31.0
99	102	7.0
99	124	7.0
99	125	1.0
99	132	1.0
99	133	2.0
100	100	409.0
100	101	14.0
100	102	1.0
100	124	9.0
100	125	6.0
100	132	1.0
100	133	6.0
101	101	437.0
101	102	31.0
101	112	1.0
101	113	1.0
101	119	1.0
101	123	1.0
101	124	10.0
101	125	5.0
101	133	12.0
101	134	10.0
101	135	1.0
101	143	1.0
101	144	1.0
102	102	451.0
102	103	36.0
102	107	1.0
102	108	1.0
102	133	11.0
102	134	29.0
102	135	8.0
103	103	490.0
103	104	6.0
103	107	1.0
103	108	3.0
103	118	2.0
103	119	1.0
103	125	1.0
103	130	1.0
103	134	12.0
103	135	29.0
103	136	4.0
103	142	1.0
104	104	446.0
104	105	29.0
104	106	7.0
104	107	4.0
104	108	6.0
104	113	2.0
104	122	1.0
104	131	1.0
104	138	1.0
105	105	457.0
105	106	27.0
105	107	7.0
105	108	1.0
105	113	1.0
105	131	13.0
105	141	1.0
106	106	431.0
106	107	7.0
106	108	16.0
106	111	2.0
106	114	2.0
106	118	4.0
106	120	2.0
106	121	2.0
106	131	13.0
106	132	3.0
106	142	1.0
107	107	438.0
107	108	29.0
107	109	2.0
107	110	2.0
107	114	4.0
107	115	1.0
107	116	3.0
107	117	1.0
107	120	1.0
107	128	1.0
107	143	1.0
108	108	378.0
108	109	9.0
108	110	2.0
108	114	7.0
108	115	20.0
108	116	6.0
108	117	5.0
108	118	2.0
108	119	1.0
108	122	5.0
108	134	1.0
109	109	408.0
109	110	17.0
109	111	1.0
109	112	2.0
109	115	1.0
109	116	19.0
109	117	10.0
109	118	1.0
109	143	1.0
110	110	425.0
110	111	18.0
110	112	35.0
110	113	1.0
110	114	10.0
110	115	10.0
110	116	13.0
110	117	1.0
110	118	2.0
110	119	2.0
110	120	2.0
110	121	1.0
110	124	1.0
110	126	1.0
110	137	1.0
111	111	383.0
111	112	23.0
111	113	17.0
111	114	15.0
111	115	24.0
111	116	7.0
111	117	11.0
111	118	2.0
111	119	3.0
111	120	2.0
111	121	1.0
111	122	3.0
111	123	1.0
112	112	349.0
112	113	23.0
112	114	13.0
112	115	15.0
112	116	16.0
112	117	10.0
112	118	11.0
112	119	3.0
112	120	3.0
112	122	5.0
112	123	3.0
113	113	405.0
113	114	32.0
113	115	4.0
113	116	5.0
113	117	15.0
113	118	8.0
113	120	2.0
113	121	6.0
113	127	1.0
113	132	1.0
113	144	1.0
114	114	357.0
114	115	15.0
114	116	3.0
114	117	14.0
114	118	12.0
114	120	3.0
114	121	8.0
114	122	2.0
114	123	5.0
114	128	1.0
114	133	2.0
114	137	2.0
114	141	1.0
114	143	2.0
115	115	324.0
115	116	32.0
115	117	10.0
115	118	2.0
115	120	1.0
115	122	10.0
115	123	11.0
115	133	1.0
115	138	1.0
116	116	382.0
116	117	19.0
116	118	5.0
116	121	2.0
116	122	9.0
116	123	5.0
116	142	1.0
116	143	1.0
117	117	404.0
117	118	23.0
117	119	1.0
117	120	2.0
117	121	5.0
117	122	8.0
117	123	3.0
117	126	1.0
117	137	1.0
118	118	446.0
118	119	43.0
118	120	5.0
118	121	7.0
118	128	1.0
118	129	1.0
118	131	2.0
118	132	1.0
119	119	463.0
119	120	38.0
119	121	4.0
119	123	1.0
119	126	6.0
119	127	1.0
119	129	8.0
119	130	2.0
119	132	1.0
119	133	4.0
120	120	366.0
120	121	27.0
120	123	1.0
120	125	1.0
120	126	11.0
120	127	21.0
120	129	3.0
120	130	8.0
120	132	1.0
120	133	5.0
120	134	5.0
120	137	1.0
121	121	371.0
121	122	21.0
121	123	23.0
121	124	7.0
121	126	1.0
121	133	1.0
122	122	410.0
122	123	48.0
122	124	4.0
122	133	1.0
122	144	1.0
123	123	449.0
123	124	5.0
123	134	1.0
124	124	523.0
124	125	27.0
124	127	4.0
124	130	3.0
124	133	18.0
124	134	4.0
124	135	10.0
124	136	12.0
124	137	5.0
125	125	498.0
125	126	12.0
125	127	17.0
125	129	4.0
125	130	14.0
125	133	17.0
125	134	9.0
125	135	5.0
125	136	9.0
125	137	1.0
125	138	3.0
125	142	1.0
125	143	2.0
126	126	413.0
126	127	40.0
126	128	9.0
126	129	16.0
126	130	26.0
126	132	5.0
126	133	10.0
126	134	1.0
126	136	2.0
127	127	418.0
127	128	21.0
127	129	22.0
127	130	17.0
127	131	3.0
127	132	2.0
127	133	9.0
127	134	1.0
127	136	5.0
127	137	1.0
127	138	4.0
127	142	1.0
128	128	437.0
128	129	42.0
128	130	27.0
128	131	4.0
128	134	1.0
128	135	1.0
128	139	6.0
128	140	1.0
128	144	1.0
129	129	483.0
129	130	54.0
129	136	2.0
129	137	1.0
130	130	420.0
130	135	1.0
130	136	4.0
130	137	1.0
130	138	2.0
130	142	1.0
131	131	487.0
131	132	31.0
131	133	1.0
131	143	3.0
132	132	451.0
132	133	1.0
132	134	2.0
132	140	1.0
133	133	467.0
133	134	44.0
133	135	3.0
133	139	1.0
133	142	13.0
133	143	6.0
133	144	2.0
134	134	528.0
134	135	24.0
134	136	1.0
134	137	2.0
134	142	12.0
134	143	13.0
134	144	1.0
135	135	449.0
135	136	24.0
135	137	18.0
135	138	13.0
135	139	6.0
135	140	1.0
135	141	1.0
135	142	2.0
135	143	3.0
135	145	1.0
136	136	486.0
136	137	34.0
136	138	47.0
136	139	5.0
136	141	6.0
137	137	396.0
137	138	38.0
137	139	18.0
137	140	8.0
137	141	6.0
138	138	367.0
138	139	13.0
138	140	4.0
138	141	11.0
139	139	465.0
139	140	53.0
139	141	15.0
139	143	1.0
140	140	519.0
140	141	36.0
140	142	1.0
141	141	458.0
141	142	31.0
141	144	2.0
142	142	537.0
142	143	56.0
142	144	16.0
143	143	640.0
143	144	48.0
143	145	1.0
144	144	607.0
144	145	4.0
145	145	440.0
145	146	5.0
146	146	152.0
147	1	51.0
147	3	13.0
147	4	3.0
147	6	3.0
147	10	1.0
147	17	1.0
147	33	2.0
147	48	2.0
147	51	3.0
147	52	1.0
147	54	6.0
147	66	2.0
147	68	1.0
147	74	1.0
147	81	1.0
147	82	1.0
147	97	1.0
147	112	1.0
147	121	1.0
147	143	1.0
147	147	395.0
