bin1    bin2    count
47 47 1
59 59 1
87 87 1
81 81 1
39 71 1
42 42 1
60 66 1
54 54 1
26 26 1
15 16 1
93 93 2
42 72 1
85 85 1
37 37 1
8 33 2
55 55 1
52 52 1
42 94 1
11 11 1
63 65 2
74 74 3
90 90 1
54 54 1
48 48 1
52 52 1
29 29 1
35 49 1
11 12 1
86 86 1
61 63 1
46 47 1
25 25 1
37 50 2
14 15 1
43 68 1
26 26 1
19 19 2
6 13 1
78 78 1
82 82 1
41 79 1
14 14 1
27 28 1
23 23 1
61 63 1
81 81 1
59 59 1
17 17 1
76 76 1
45 55 1
94 97 1
84 85 1
77 77 1
60 60 1
17 17 1
87 87 1
53 53 1
69 69 1
78 78 1
86 86 3
58 65 1
32 32 2
60 60 1
42 43 2
7 7 1
4 18 1
49 49 1
80 80 3
28 28 1
51 51 1
4 4 1
22 22 1
47 52 1
45 45 2
41 41 1
49 49 2
53 53 1
34 48 1
14 14 1
91 91 1
69 69 1
7 7 1
53 53 1
24 25 1
80 83 1
6 27 1
11 49 1
90 90 1
87 87 1
93 93 1
61 63 2
82 82 1
76 76 1
39 65 2
40 46 1
81 86 1
13 29 1
4 48 1
61 61 1
44 44 1
46 46 1
43 44 2
78 78 1
95 98 1
12 24 4
5 36 1
62 85 1
12 12 1
36 37 2
80 80 1
27 27 3
9 9 1
95 98 1
89 89 1
80 80 1
43 43 1
65 65 1
74 82 1
80 84 2
4 4 1
44 45 1
30 57 1
93 94 1
20 30 1
55 55 1
66 81 1
55 55 1
60 60 1
31 32 1
74 74 1
67 67 1
88 88 1
95 96 1
65 66 1
43 43 1
40 40 1
26 26 1
73 73 1
50 50 1
11 11 1
26 26 1
41 69 2
35 35 1
75 89 1
38 38 2
50 50 1
70 72 1
67 72 1
42 56 1
73 73 2
75 75 2
39 41 1
63 63 1
75 75 1
22 22 1
4 15 1
72 72 1
70 70 1
72 92 1
92 92 1
60 60 1
34 34 1
12 12 2
81 81 2
97 97 1
28 28 1
18 18 1
97 98 2
19 19 1
41 47 1
56 56 1
53 53 1
89 89 1
87 87 1
74 81 1
57 69 1
13 14 1
5 27 1
63 85 1
32 32 1
37 37 2
64 64 2
48 48 2
69 74 1
31 31 2
70 70 1
25 27 1
72 72 1
21 21 1
96 96 1
33 33 1
71 71 1
4 13 1
61 63 1
73 75 1
74 74 1
78 78 1
12 28 1
38 38 2
60 85 1
39 68 1
83 83 2
74 74 2
38 50 1
82 82 1
73 73 2
9 9 1
60 60 1
21 22 1
33 33 1
48 48 1
41 41 3
76 76 1
32 32 1
41 41 2
29 29 1
17 17 1
65 65 1
86 86 2
33 33 1
17 17 1
85 85 1
31 31 1
41 46 1
4 4 1
96 96 1
84 88 1
63 70 1
94 94 1
40 40 2
4 6 1
68 70 3
43 89 1
58 58 1
49 49 1
91 91 2
52 52 1
65 65 1
74 74 3
96 96 1
35 38 1
74 74 1
80 80 1
41 71 1
91 91 1
18 18 1
88 88 1
98 98 2
90 92 1
30 30 4
4 18 1
94 95 1
95 95 1
46 46 1
64 64 1
40 40 1
74 74 2
35 35 1
70 70 1
6 8 2
46 46 1
60 87 1
97 97 1
37 38 2
75 75 1
26 26 4
87 88 1
73 73 2
28 28 1
79 79 1
14 14 1
47 47 2
27 28 2
48 48 1
40 79 1
42 44 1
70 77 1
45 45 1
8 8 1
54 55 2
40 45 2
52 55 1
69 69 3
80 84 1
41 47 1
32 36 1
29 30 1
80 81 1
47 47 1
63 63 2
20 20 1
43 43 3
28 28 3
47 47 1
14 14 2
35 35 1
95 96 1
50 50 2
92 94 1
11 11 1
9 9 1
27 27 1
11 11 1
17 35 2
82 88 1
97 97 1
74 74 1
57 57 1
54 54 1
67 67 3
12 13 2
87 87 2
70 77 1
39 56 1
61 61 1
49 49 2
10 25 1
35 35 3
72 73 2
73 73 1
5 5 2
66 66 2
37 37 1
85 85 1
87 87 1
27 27 2
97 97 1
46 46 1
48 50 1
82 82 1
71 71 1
53 53 1
66 74 1
3 7 1
34 34 1
81 81 1
66 70 1
59 59 3
28 30 1
76 76 1
24 24 1
28 28 1
13 14 1
12 12 3
47 47 1
92 92 1
33 33 1
59 61 1
75 75 1
37 37 1
66 66 1
84 84 1
25 25 2
10 10 1
59 59 1
45 45 1
79 79 1
50 50 1
37 97 1
79 85 1
18 18 1
19 38 1
67 72 1
21 30 1
40 40 1
57 57 1
36 36 1
42 42 2
16 16 1
60 60 1
73 73 2
90 95 1
83 84 1
66 66 1
20 20 1
69 69 1
23 35 1
58 58 1
50 50 1
64 64 1
94 94 1
75 75 2
89 89 1
56 56 1
39 39 1
96 96 2
6 6 1
98 98 1
85 85 1
38 56 1
84 84 1
69 73 1
4 18 1
94 94 1
9 9 1
9 9 1
4 4 1
42 69 1
60 60 1
42 72 1
66 66 1
84 84 1
7 7 1
46 46 1
89 90 1
95 96 2
86 86 1
68 68 1
97 97 2
17 17 1
97 97 2
34 35 1
78 93 1
9 9 1
55 55 1
20 51 2
85 85 1
97 97 1
52 52 1
20 20 1
46 46 1
36 36 2
12 12 3
73 73 1
49 49 1
62 62 1
63 63 2
78 78 1
87 88 1
47 47 1
38 38 1
87 87 1
16 27 2
50 51 1
81 82 1
7 7 1
97 97 1
18 18 1
48 48 1
11 19 2
13 26 2
76 76 1
77 95 1
51 52 1
87 87 1
65 67 1
17 17 1
44 44 1
86 86 1
36 36 1
21 26 1
43 44 2
94 94 2
87 87 1
37 37 1
27 47 1
29 29 1
81 81 1
20 51 1
87 87 1
70 70 1
84 88 2
39 72 2
70 70 1
19 19 1
3 4 1
36 42 1
62 85 1
57 57 1
14 15 1
21 50 3
49 49 1
40 71 2
9 10 1
57 57 1
50 50 3
71 71 1
6 6 1
18 18 2
19 19 1
82 82 1
11 11 1
31 31 2
63 63 1
35 35 1
74 74 2
55 69 1
70 83 2
14 14 1
37 37 1
91 91 1
22 26 1
37 37 1
90 91 1
31 31 1
6 6 1
12 12 1
56 56 1
69 79 1
22 22 1
66 66 1
34 49 1
71 72 2
59 59 1
59 59 1
62 62 1
83 83 2
80 80 1
54 54 1
95 95 2
78 78 1
39 65 1
68 68 2
11 43 1
7 7 1
82 88 1
38 38 3
37 37 1
8 8 1
60 79 2
84 86 1
73 73 1
95 95 2
8 8 1
58 58 1
5 5 1
77 77 3
53 53 1
70 80 1
62 62 1
45 47 1
43 43 1
53 53 1
38 71 1
56 56 1
82 82 1
39 63 1
51 51 1
81 81 1
51 51 1
47 47 1
67 67 1
20 50 1
50 50 1
86 86 2
43 49 1
12 12 1
96 96 1
90 92 1
11 11 1
76 76 1
10 34 2
7 7 1
6 8 1
66 66 1
60 60 1
24 48 1
34 34 1
17 17 1
86 86 1
29 48 2
87 87 1
6 7 1
11 43 2
46 47 1
6 6 1
47 47 1
77 77 1
32 33 1
13 18 1
87 87 2
95 95 1
57 57 1
67 73 1
10 10 1
14 14 1
29 35 1
15 15 1
7 7 1
56 56 1
60 86 2
81 81 1
18 18 1
83 83 1
18 18 1
46 46 1
94 98 1
24 24 1
48 48 1
30 30 2
7 7 2
88 88 1
31 31 1
57 76 2
84 85 1
42 42 1
95 95 1
87 87 1
73 73 1
31 31 1
44 44 1
7 7 1
22 22 1
76 76 1
38 38 1
50 51 1
37 37 1
34 34 1
14 14 1
57 57 1
8 8 1
41 42 1
59 89 1
7 7 1
96 96 1
71 71 1
3 4 1
6 12 1
70 70 1
82 87 1
82 82 1
22 22 2
87 88 2
16 28 1
89 89 1
29 29 1
68 68 2
47 47 1
39 39 1
54 93 2
21 21 1
54 61 1
56 56 1
96 96 1
86 86 2
12 12 1
44 44 1
97 97 1
94 94 1
3 4 1
3 3 1
8 13 1
15 16 1
39 71 1
6 7 1
20 20 1
55 69 2
8 8 2
41 41 1
11 48 1
7 7 1
41 41 2
40 40 1
20 20 1
17 17 1
40 59 3
73 84 1
25 25 1
51 51 1
5 25 1
41 41 1
29 29 1
8 9 1
21 30 1
49 49 1
37 50 1
88 88 1
7 25 3
3 34 1
48 48 1
4 4 1
85 85 1
43 43 1
68 68 1
92 92 1
37 37 1
84 84 1
24 24 1
7 13 1
14 14 1
71 71 1
39 39 1
49 49 1
95 96 1
33 33 1
6 12 1
60 60 2
42 44 1
26 26 1
27 27 1
22 22 1
39 39 1
28 59 2
16 16 2
31 31 1
77 78 3
26 26 1
39 40 1
78 78 1
67 80 1
44 45 1
73 75 2
54 54 2
35 35 1
47 47 1
82 82 1
10 10 1
57 87 1
20 20 1
44 44 1
31 31 1
71 71 1
53 64 1
26 26 1
78 78 2
42 42 1
8 34 2
26 26 1
74 74 1
11 11 1
60 60 2
39 39 3
73 73 1
89 89 1
40 40 1
87 88 2
21 21 1
90 90 1
38 38 1
55 69 1
70 70 1
29 29 1
21 26 1
84 89 1
79 83 1
52 55 2
21 21 1
86 86 1
69 69 1
3 49 1
21 21 1
90 95 1
96 96 1
95 95 1
47 47 2
41 41 1
62 62 1
26 26 1
93 93 2
11 12 1
41 65 2
67 72 3
47 47 1
4 4 2
47 51 1
97 97 3
38 57 1
67 67 1
31 31 1
44 44 2
89 89 2
96 96 1
5 5 1
4 12 1
88 88 2
10 26 1
62 62 1
89 89 1
37 37 1
42 42 1
49 50 1
91 91 1
38 38 1
73 73 2
31 58 3
65 66 1
37 37 1
11 43 2
44 44 1
14 14 1
74 74 1
31 31 1
39 40 2
14 14 1
87 88 1
20 20 1
79 79 1
65 69 1
68 68 1
82 82 1
38 38 2
28 28 1
64 75 1
8 8 1
87 88 1
6 6 1
32 32 1
3 49 1
6 6 1
37 97 1
11 11 1
61 62 1
69 71 1
29 29 1
83 83 1
46 46 1
50 50 2
94 94 1
7 7 1
16 43 1
56 56 1
34 34 2
11 11 1
12 23 1
6 6 1
52 53 1
21 21 1
32 32 2
32 32 2
95 97 1
85 85 1
54 54 1
20 20 1
12 12 1
73 74 1
53 53 1
6 7 1
33 33 1
78 87 1
46 46 2
39 65 1
21 36 2
35 36 1
85 85 1
22 37 1
14 14 1
23 23 1
20 20 1
64 64 2
49 49 1
43 79 3
31 31 1
67 67 1
47 47 1
12 12 1
37 40 1
62 63 1
84 84 1
19 19 1
76 76 2
6 6 1
97 97 1
25 34 1
35 35 1
64 64 1
36 36 2
34 34 1
48 48 1
60 60 1
21 21 1
72 73 2
67 67 1
44 44 1
33 34 1
84 84 1
91 91 2
76 97 1
83 83 1
40 40 1
67 67 1
18 18 2
58 58 1
60 60 2
38 38 1
84 84 2
91 91 1
82 83 1
5 5 1
12 12 1
27 27 1
84 84 1
86 87 1
37 37 1
14 14 1
96 96 3
53 53 2
37 37 1
37 37 1
35 56 1
81 82 1
61 62 1
4 23 1
77 77 1
97 97 1
14 14 1
56 56 1
56 56 1
85 88 1
31 91 1
11 44 2
14 15 1
34 35 1
3 6 1
89 94 1
60 60 2
97 97 3
84 84 1
73 73 1
69 69 1
33 33 1
17 17 1
90 90 1
37 37 1
19 24 1
61 61 1
18 18 1
59 87 1
33 33 1
28 28 2
7 13 2
22 22 1
40 40 3
91 91 1
76 76 1
27 27 1
70 70 1
60 86 1
67 67 1
79 79 1
76 76 1
10 10 1
91 91 1
41 41 1
10 10 1
9 9 1
44 44 1
50 50 1
8 8 1
72 94 2
97 97 2
77 77 1
16 43 1
90 90 2
21 21 2
78 78 1
66 66 1
41 41 1
6 6 1
63 63 3
51 51 1
4 4 1
56 56 1
7 25 1
36 36 1
38 38 1
39 39 1
52 52 1
70 70 1
36 36 1
61 61 3
33 48 1
97 97 1
53 54 2
47 50 2
38 38 1
35 35 1
49 49 1
35 35 3
61 68 1
47 47 1
54 66 1
64 64 1
28 28 1
93 93 1
22 22 1
41 41 1
86 86 1
11 11 3
65 65 1
12 12 2
19 19 1
50 50 1
61 61 1
46 46 1
79 79 3
75 75 1
40 40 2
10 10 2
8 12 1
53 54 1
91 91 1
15 15 1
16 38 1
20 20 1
34 71 1
53 53 2
75 75 1
15 15 1
14 14 1
38 62 3
77 77 1
15 15 1
97 97 3
41 57 1
4 4 2
46 46 1
56 56 1
8 8 2
76 76 2
73 73 2
14 14 1
22 22 1
37 75 1
39 39 1
76 76 1
58 58 1
72 72 1
60 60 3
5 8 1
41 42 1
72 83 2
17 92 3
23 23 2
67 71 2
22 49 1
37 37 1
61 61 1
88 88 1
18 18 1
43 70 2
39 39 1
20 50 1
31 33 2
66 70 1
47 47 1
14 14 1
13 26 1
51 51 1
80 80 1
24 24 2
17 17 1
29 29 1
11 11 2
74 74 1
39 39 1
40 56 1
51 51 1
21 21 1
8 8 2
14 14 2
69 69 1
62 62 2
27 27 1
68 68 1
42 67 1
82 82 2
65 65 1
85 86 1
23 23 2
69 69 1
29 29 1
60 60 2
17 40 2
66 68 1
87 87 2
51 59 1
30 30 1
30 30 1
70 80 1
65 67 2
57 57 1
95 95 1
72 72 1
17 17 1
33 33 1
35 36 1
42 42 1
73 73 1
52 72 1
29 29 1
24 24 1
39 39 1
6 6 2
24 34 2
91 91 1
52 52 2
29 29 2
83 86 1
41 41 1
69 70 1
40 40 1
9 9 1
81 84 1
40 40 2
26 26 2
9 9 1
22 22 1
81 81 2
22 22 1
45 51 2
50 50 1
40 40 1
41 46 1
7 7 1
27 27 1
36 36 1
34 34 1
35 35 1
34 34 2
27 28 1
74 74 1
87 89 1
68 71 1
11 11 1
35 35 1
7 7 1
36 36 1
68 72 2
34 34 1
58 58 2
64 64 1
94 94 2
7 7 1
65 72 1
29 29 1
30 30 1
66 67 1
9 9 1
60 88 1
95 98 1
9 9 1
14 14 1
82 87 1
93 93 1
70 70 2
38 38 1
57 57 1
24 24 2
36 36 1
39 39 1
62 62 1
46 47 1
28 28 1
60 60 1
55 93 2
92 94 1
21 21 1
69 69 1
39 56 1
22 22 2
74 74 2
73 73 1
43 70 1
11 11 1
41 41 2
10 35 2
87 88 1
17 17 1
50 50 1
11 11 2
93 93 1
76 76 3
30 58 2
88 88 2
69 69 1
65 72 1
12 26 2
38 38 1
91 91 1
10 34 2
60 60 2
32 33 1
10 10 1
82 97 2
25 25 2
22 22 1
84 84 1
72 72 1
95 96 1
4 4 1
54 55 2
57 57 1
31 31 2
75 75 1
16 16 1
6 7 1
47 47 1
92 92 1
51 51 3
71 71 1
49 49 1
16 16 1
84 87 1
7 7 1
36 37 2
48 49 1
32 32 1
18 18 1
96 96 1
41 42 2
5 29 1
56 56 3
29 29 1
88 88 1
94 94 1
65 65 1
32 32 1
37 73 1
36 37 1
66 78 1
23 23 1
95 95 1
84 84 2
69 69 3
42 42 1
65 66 1
55 55 1
95 96 1
55 55 1
50 50 1
68 70 1
32 32 2
50 50 2
10 19 1
93 94 1
30 30 1
17 17 1
44 44 1
96 97 1
11 11 1
8 8 1
47 47 1
24 29 1
83 88 1
40 70 1
68 68 1
60 63 1
92 92 1
25 25 1
40 40 1
76 76 2
25 25 1
37 37 1
64 64 1
16 16 1
58 58 1
4 4 1
5 5 2
37 94 1
9 10 2
15 15 2
72 72 1
61 61 1
14 14 1
9 9 1
71 71 1
18 42 1
28 28 2
87 87 2
77 77 1
75 92 1
36 36 2
90 90 3
97 97 1
8 8 1
5 35 2
10 11 1
41 41 1
90 91 1
40 40 1
83 83 1
60 60 2
8 8 2
34 58 2
67 67 1
15 15 1
37 37 1
7 7 1
61 61 2
42 93 2
95 97 2
81 81 1
14 14 1
72 72 1
59 59 1
89 89 1
6 6 1
50 50 1
49 49 1
60 86 1
36 50 2
38 38 1
18 18 1
85 85 2
66 66 1
51 94 1
28 28 2
24 24 1
76 76 1
45 45 1
56 56 1
13 13 1
58 58 1
5 27 1
9 9 1
37 37 1
83 88 1
62 62 1
62 62 1
20 69 2
73 73 1
12 12 2
84 87 1
46 46 1
60 76 1
24 24 3
3 3 1
87 88 1
53 53 1
15 25 1
11 11 1
52 52 1
15 15 1
75 96 1
40 86 1
42 42 1
69 69 1
19 19 1
6 22 2
49 49 2
4 4 3
10 10 1
65 65 1
54 54 2
38 38 1
61 61 2
30 30 1
38 38 2
44 44 1
88 88 1
86 86 1
90 91 1
6 24 2
65 65 1
8 8 1
32 32 2
43 72 2
22 22 1
56 56 2
57 57 1
76 97 1
85 85 1
90 90 1
24 24 2
88 88 1
32 32 2
66 66 1
95 96 1
55 55 1
75 75 2
20 21 1
6 10 2
28 28 1
19 44 1
17 17 1
50 50 1
76 76 1
27 27 1
52 53 1
4 4 1
56 57 2
75 75 1
56 56 1
52 52 1
