bin1    bin2    count
17 18 1
47 47 1
5 5 1
64 64 1
83 83 1
83 84 1
25 25 1
61 61 1
31 31 1
36 36 1
20 20 1
110 115 1
68 68 1
62 62 1
41 43 1
118 118 2
36 36 1
12 12 1
114 114 1
37 37 1
68 68 1
74 74 1
55 55 2
96 96 1
116 117 1
76 76 1
113 113 1
62 62 1
63 74 1
32 32 1
6 6 1
91 91 1
119 119 1
9 14 1
22 23 1
60 60 1
86 86 1
64 64 1
10 10 1
114 114 1
118 120 1
17 17 1
70 70 1
19 19 1
61 61 1
42 46 1
31 31 1
101 101 1
122 122 1
53 53 1
73 73 1
100 100 1
119 119 1
44 44 1
102 102 1
6 6 1
49 49 1
16 16 1
50 50 1
52 53 1
97 97 1
42 43 1
27 27 2
35 35 1
90 94 1
72 72 2
110 110 1
43 46 1
20 21 1
116 117 1
74 74 1
107 107 1
90 90 1
41 62 1
107 107 1
113 113 1
41 44 1
3 3 1
35 35 1
22 59 1
95 96 1
68 69 1
64 65 1
83 83 1
76 77 1
61 61 1
38 39 2
104 104 1
89 89 1
24 25 1
99 99 1
80 80 1
75 75 1
46 46 1
10 10 1
22 22 1
84 84 2
69 69 1
89 89 1
15 15 1
71 71 1
15 15 1
23 23 1
73 74 1
66 66 1
41 41 2
19 19 1
18 79 1
70 70 1
120 121 1
3 3 1
116 116 1
30 30 1
64 64 1
73 74 1
85 85 2
91 91 1
39 39 1
63 63 1
114 114 1
57 57 1
42 42 1
87 87 1
17 17 1
61 61 1
73 74 1
43 43 1
110 110 1
14 14 1
34 34 1
77 77 1
118 118 2
31 31 1
21 22 1
81 81 1
43 46 1
76 77 1
118 118 1
108 118 1
79 79 1
66 66 1
67 68 1
58 58 1
60 60 1
16 16 1
21 21 1
4 4 1
121 121 1
104 105 1
6 6 1
107 107 1
62 62 1
34 34 1
26 26 1
87 87 1
74 82 1
116 116 1
12 12 1
52 52 1
102 102 1
67 67 1
20 20 1
76 77 1
100 100 1
10 10 1
44 44 2
75 75 1
122 122 1
99 99 1
3 3 1
5 5 1
105 105 1
52 55 1
112 113 1
104 104 1
47 47 1
67 67 1
96 105 1
116 117 1
111 111 1
11 18 1
113 114 1
58 58 1
75 75 1
102 103 1
39 40 1
60 60 1
53 53 1
95 96 1
116 116 1
19 19 1
23 23 1
56 57 1
110 110 1
102 102 1
109 109 1
61 61 1
115 115 1
39 83 1
83 83 1
77 77 1
46 46 1
53 53 1
11 11 1
3 3 1
58 58 1
35 35 1
112 113 1
97 100 1
90 90 1
18 18 1
34 34 1
20 20 1
61 62 1
78 79 1
48 48 1
4 4 2
73 74 1
45 45 1
114 114 1
54 54 1
7 7 1
86 86 2
70 70 1
53 53 1
64 64 1
11 11 1
63 63 1
29 29 1
46 47 1
113 115 1
3 3 1
34 34 1
8 8 1
30 30 1
82 82 1
69 69 1
33 33 1
8 11 1
19 19 1
36 36 1
31 31 1
116 116 1
24 57 1
99 99 1
70 70 2
53 53 1
82 82 1
25 25 1
59 59 1
113 113 1
5 6 2
46 46 1
54 54 1
123 123 1
37 37 1
45 45 1
105 105 1
49 49 1
119 119 1
71 71 1
54 55 2
120 120 1
29 29 1
65 66 1
62 62 1
66 66 1
26 26 1
99 99 1
24 27 1
14 14 1
46 46 1
98 98 1
49 49 1
23 23 1
5 8 1
110 110 1
123 123 1
92 92 1
106 106 1
73 73 1
53 53 1
53 53 1
119 119 1
68 68 1
98 98 1
90 90 1
108 108 1
64 64 1
96 96 1
32 32 1
44 45 1
62 62 1
44 44 1
61 61 1
61 61 1
44 44 1
29 29 1
21 21 1
108 108 1
24 24 1
26 26 1
17 17 1
120 120 1
99 99 1
68 68 1
11 17 1
34 34 1
38 38 1
11 12 1
46 46 1
26 26 2
65 65 1
87 87 1
120 121 1
108 120 1
58 59 1
44 44 1
25 26 1
40 42 1
20 58 1
4 4 1
64 64 2
23 23 1
120 121 1
99 103 1
29 29 1
23 23 2
51 51 1
115 119 1
29 29 1
60 60 1
54 55 1
96 96 1
15 77 1
106 106 2
106 106 1
65 65 1
122 122 1
106 106 1
60 60 1
24 24 1
3 3 1
38 84 1
101 101 1
86 86 1
70 71 1
101 101 1
107 107 1
19 19 1
121 121 1
21 21 1
51 51 1
72 73 1
68 68 1
62 62 1
107 107 1
76 76 1
26 26 1
62 75 1
20 20 1
41 41 1
9 82 1
75 76 1
66 66 1
68 68 1
117 117 1
103 103 1
39 39 2
66 66 2
47 47 1
71 71 1
19 19 1
118 118 1
23 23 1
43 45 1
37 37 1
45 45 1
4 5 1
74 83 1
50 50 1
30 30 1
77 77 1
9 9 1
51 51 1
45 45 1
114 114 1
30 30 1
99 99 1
110 110 2
3 4 1
73 74 1
19 19 1
92 92 1
102 102 1
64 64 1
34 34 1
31 31 1
117 118 1
50 50 1
57 57 1
7 7 2
82 83 1
85 86 1
41 56 1
44 44 1
29 29 1
51 51 1
95 95 1
56 56 1
117 117 1
50 50 2
116 116 1
32 32 1
72 72 1
27 29 1
15 15 1
20 20 1
11 15 1
30 30 1
97 100 1
25 25 1
61 63 2
36 36 1
64 64 1
8 8 1
61 61 1
8 8 1
101 101 2
26 26 2
120 120 1
120 120 1
59 59 1
118 119 1
72 74 1
38 38 1
71 71 1
8 8 1
56 56 1
117 117 1
113 113 1
42 42 1
54 54 1
119 120 1
70 70 2
89 89 1
43 43 1
26 27 1
72 72 1
19 19 3
64 64 2
39 40 2
65 65 1
21 82 1
22 24 1
52 52 1
121 121 1
25 25 1
64 65 1
26 26 1
79 79 1
42 43 1
49 49 1
5 5 1
29 30 2
60 60 1
4 4 1
117 117 1
3 4 1
120 120 1
113 113 1
32 32 1
20 20 1
21 22 1
83 83 1
118 119 1
43 49 1
119 119 1
101 101 1
101 101 1
81 81 1
62 62 1
26 26 1
103 103 1
113 113 1
105 105 2
59 59 1
12 12 2
62 74 1
32 32 1
9 9 1
4 4 2
15 15 1
99 99 1
25 25 1
46 46 1
65 65 1
92 92 1
46 46 1
73 73 1
7 7 1
21 58 1
29 29 1
46 46 1
67 67 1
20 20 1
99 99 1
114 114 1
48 58 1
102 102 1
108 108 1
34 34 1
27 28 1
10 10 1
117 117 1
24 35 1
8 10 1
69 69 1
67 70 1
104 104 1
11 11 2
4 4 1
103 103 1
23 33 1
68 68 1
121 121 1
85 93 1
20 20 1
108 108 2
64 64 1
90 90 1
46 48 1
80 80 2
35 35 1
59 59 1
9 9 2
64 64 1
37 46 1
103 104 1
69 69 3
60 70 1
49 50 1
3 3 1
41 45 2
20 21 1
95 95 1
96 96 1
104 104 1
10 10 1
76 76 1
60 60 1
26 26 1
68 68 1
50 50 1
97 98 1
27 27 1
108 110 1
119 119 1
22 22 1
24 24 1
32 32 1
115 116 1
121 121 1
111 111 1
19 19 1
29 29 1
43 44 1
88 109 1
86 86 1
61 61 2
9 11 1
63 63 1
18 18 1
114 123 1
52 53 1
6 6 1
41 42 2
66 66 1
95 95 1
20 20 1
112 112 1
106 106 1
5 5 1
117 117 1
83 83 1
14 77 1
81 81 1
38 40 1
68 68 1
25 25 1
66 67 1
30 30 1
109 109 1
63 63 1
80 85 1
45 45 1
110 110 1
45 45 2
62 62 2
44 44 1
115 116 1
44 49 1
101 101 1
96 96 1
45 74 1
56 56 1
87 87 1
107 107 1
80 80 1
84 84 1
60 60 1
121 121 1
119 120 1
47 47 1
117 117 1
37 37 1
19 92 1
70 71 1
16 16 1
60 60 1
61 62 1
120 123 1
32 32 1
79 79 1
25 25 1
64 64 1
67 67 1
4 4 1
108 108 1
29 29 1
101 101 1
100 100 1
74 75 1
100 100 1
56 58 1
116 116 1
97 106 1
11 11 1
46 46 1
108 108 1
41 41 1
6 6 1
75 75 1
5 8 1
102 102 1
30 30 2
40 40 1
50 75 1
95 95 1
70 70 1
82 82 1
35 36 1
58 58 2
50 50 1
99 99 1
84 85 1
97 97 1
37 37 1
19 30 1
43 43 1
60 60 1
38 38 1
112 112 2
69 69 1
89 89 1
20 81 1
49 54 1
29 29 1
48 49 1
109 109 1
30 30 1
74 74 1
92 92 1
8 8 1
70 70 1
49 49 1
27 87 1
98 98 1
46 46 1
15 82 1
74 74 1
101 101 1
80 82 1
25 25 1
48 48 1
4 4 1
48 58 1
50 50 1
66 66 1
69 69 1
57 57 1
75 75 1
41 41 1
122 122 1
104 104 1
107 107 1
102 102 1
123 123 1
61 61 1
66 66 1
98 99 1
31 31 1
88 88 1
81 81 1
31 32 1
119 119 1
102 102 1
91 91 1
62 62 1
109 109 1
82 82 1
115 115 1
117 117 1
64 64 1
65 65 1
46 46 1
36 36 1
89 89 1
95 95 1
110 110 1
77 77 1
83 86 1
60 62 1
83 83 1
60 60 1
43 43 1
30 31 1
110 110 1
6 6 1
85 85 1
8 8 1
98 99 1
87 87 1
89 89 1
69 70 1
5 5 1
45 45 1
54 54 1
111 111 2
49 49 1
114 118 1
94 94 1
32 32 1
95 95 1
119 119 1
47 47 1
113 113 1
123 123 1
96 111 1
62 62 2
29 29 1
90 90 1
79 79 1
107 107 1
114 114 1
32 32 1
113 117 1
60 61 1
67 67 2
42 42 1
51 57 1
90 95 1
37 37 1
47 49 1
64 64 1
88 88 1
46 46 1
70 70 1
57 57 1
45 45 1
31 32 1
46 46 1
61 61 1
73 73 1
111 111 1
22 22 2
104 104 1
96 96 1
87 87 1
91 91 1
99 99 1
57 57 1
59 59 1
20 21 1
22 59 1
13 13 2
48 48 1
113 113 1
10 10 1
14 81 1
43 43 1
44 45 2
76 77 1
123 123 1
68 69 1
20 20 1
42 45 3
69 70 1
41 41 1
34 34 1
57 57 1
48 48 1
61 69 1
74 74 1
83 83 1
11 11 1
80 80 1
30 31 1
92 92 1
40 54 2
9 9 1
116 116 1
68 68 1
28 87 1
114 117 1
54 54 1
89 89 1
44 44 1
50 50 1
35 35 1
102 102 1
47 47 1
32 32 1
101 102 1
98 103 1
39 39 2
94 94 1
14 14 1
61 61 1
18 32 1
43 43 1
107 107 1
20 20 3
77 77 1
102 102 1
108 108 1
14 14 1
22 22 1
84 84 1
73 74 2
20 20 1
101 101 1
45 46 1
15 17 1
54 54 1
56 56 1
25 25 1
29 29 1
79 80 1
86 86 1
60 60 1
60 60 1
7 7 1
121 121 1
16 16 1
39 39 1
3 3 1
26 26 1
45 45 1
29 30 1
44 44 1
83 83 1
76 76 1
25 25 1
46 47 1
60 73 1
18 18 1
29 29 1
99 99 1
103 103 1
46 46 1
48 48 1
29 29 1
57 57 1
100 100 1
114 114 1
32 32 1
70 70 2
80 80 1
46 46 1
118 120 1
120 120 1
12 12 1
10 10 1
64 65 1
14 14 1
88 88 1
55 55 1
4 4 1
29 29 1
123 123 1
43 43 1
22 22 1
48 48 1
113 113 1
19 19 1
118 118 2
59 59 1
13 109 1
37 37 1
101 101 1
77 102 1
82 82 1
63 63 1
10 10 1
88 88 1
84 85 1
47 47 1
43 43 1
42 42 1
99 99 1
27 27 1
109 109 1
107 107 1
43 43 1
104 104 1
54 54 1
57 57 2
6 10 1
33 33 1
38 38 1
12 12 1
43 43 1
36 36 1
70 70 1
37 37 1
82 82 1
117 117 1
87 87 1
44 44 1
51 51 1
46 46 1
57 57 1
36 36 1
42 45 1
35 35 1
40 40 1
83 83 1
32 68 1
42 43 1
89 90 1
58 58 1
28 28 1
25 26 2
92 92 1
45 45 1
81 81 1
29 29 1
71 71 1
62 62 1
85 85 1
83 84 1
40 40 1
89 89 1
21 21 1
73 73 1
86 86 1
60 60 1
120 120 1
114 114 1
109 109 2
105 106 1
118 118 3
107 107 1
82 82 1
4 4 1
25 27 1
61 61 1
81 81 1
85 85 1
36 36 1
6 6 1
93 93 1
112 112 1
81 82 1
31 31 1
79 79 1
20 20 1
5 5 1
16 16 1
44 44 1
67 67 2
30 30 1
98 98 1
34 35 1
14 14 1
97 97 1
38 38 2
43 45 1
118 118 1
63 63 1
71 71 1
68 68 1
80 80 2
15 16 2
110 110 1
91 95 1
77 77 1
73 73 1
60 60 1
42 42 1
93 93 1
123 123 1
93 93 1
50 51 1
50 51 1
22 22 1
10 10 2
36 40 1
41 41 1
34 34 1
28 87 1
23 23 1
120 121 1
19 81 1
119 119 1
6 6 1
28 28 1
21 21 1
26 27 1
34 34 1
27 27 1
122 122 3
85 85 1
34 34 1
57 57 1
70 71 1
40 40 1
84 84 1
64 64 1
122 122 1
122 122 1
79 79 1
80 91 1
22 24 1
94 94 1
96 96 1
96 96 1
40 40 3
51 51 1
72 72 1
60 60 1
119 119 1
99 99 1
29 29 1
34 34 1
71 71 1
38 63 1
99 99 2
23 23 1
98 98 1
4 4 1
83 83 1
116 117 1
34 34 1
101 101 1
44 44 2
64 64 1
108 108 1
14 14 1
35 35 1
64 64 1
34 34 1
25 26 1
90 91 1
98 98 1
15 92 2
26 26 2
10 11 1
15 15 1
107 107 1
106 106 1
43 43 2
94 94 1
61 61 1
3 3 1
10 10 1
27 27 1
27 27 1
42 42 1
45 45 1
104 104 1
41 41 1
35 35 1
97 101 1
83 83 1
103 103 1
107 122 1
38 38 1
74 75 1
78 79 1
65 65 1
110 111 1
121 121 1
92 92 1
55 55 1
85 86 1
80 80 1
65 65 1
77 82 2
21 21 1
87 87 1
9 9 1
59 59 1
108 108 1
89 90 1
84 84 1
39 39 1
116 116 1
106 107 1
117 117 1
7 38 1
123 123 1
73 73 2
63 63 1
50 50 1
106 106 1
27 27 1
29 35 1
49 50 1
75 75 1
94 94 1
62 63 1
32 32 1
34 34 1
121 123 1
60 60 1
34 34 1
62 63 1
64 64 1
93 94 1
45 45 1
37 37 1
48 48 1
32 32 1
112 112 1
118 118 1
101 101 1
67 67 1
29 29 1
30 30 1
88 88 1
26 26 1
36 36 1
109 109 1
102 102 1
5 5 2
43 44 1
24 24 1
42 42 1
27 27 1
10 10 1
121 121 1
112 112 1
7 7 1
30 30 1
102 102 1
96 106 1
98 98 1
63 63 1
35 35 1
96 96 2
27 27 1
47 47 1
8 8 1
118 118 1
96 96 1
88 88 1
9 9 1
17 17 2
26 26 1
121 121 1
69 69 1
34 34 1
7 7 2
26 26 1
5 5 1
122 122 2
32 32 1
22 25 1
41 48 1
69 69 1
65 65 1
96 97 1
92 92 1
91 111 1
82 82 1
86 86 1
36 36 1
121 121 1
92 111 1
72 72 1
59 59 1
85 93 1
70 70 1
121 122 2
62 62 1
62 69 1
24 24 1
52 52 1
82 82 1
16 16 1
98 98 1
14 14 1
123 123 1
27 84 1
11 11 1
60 60 1
23 23 1
4 4 2
14 14 1
50 51 1
80 80 1
121 121 1
29 29 1
44 44 1
64 64 1
25 26 1
115 115 1
22 23 1
20 20 1
66 70 1
28 29 1
108 108 1
30 30 1
13 13 1
31 31 1
23 23 1
106 106 1
115 119 1
32 32 1
116 117 1
3 3 1
115 116 1
93 94 1
94 94 1
54 54 1
20 20 1
47 47 1
70 71 1
57 57 1
97 99 1
30 32 1
7 7 1
75 75 1
34 34 1
65 65 1
38 39 1
116 116 1
31 31 1
81 81 1
100 100 1
47 47 1
54 54 1
41 62 1
64 64 1
108 108 1
87 87 1
46 46 1
90 90 1
62 66 1
34 34 1
55 55 1
73 73 1
59 59 2
7 7 1
97 102 2
19 30 1
36 36 1
20 20 2
110 110 1
31 31 1
52 52 1
45 45 1
45 45 1
46 46 1
49 49 1
17 18 1
25 25 1
48 48 1
32 32 1
85 85 1
57 57 1
49 49 1
104 104 1
107 107 2
118 120 1
14 14 1
47 47 1
36 37 1
67 67 1
95 95 1
80 80 1
73 73 2
63 63 1
108 108 1
26 26 1
65 67 1
42 42 1
109 109 1
70 70 1
61 61 1
6 6 1
67 67 3
9 9 1
121 121 1
57 57 1
59 59 1
31 31 1
60 60 1
34 34 1
22 23 1
21 83 1
64 64 1
47 47 1
51 51 1
60 61 1
110 110 1
14 14 1
113 114 1
80 80 1
76 76 1
35 35 1
30 30 1
114 114 1
63 63 1
96 106 1
58 59 1
5 5 1
80 80 1
10 10 1
63 63 1
55 55 1
109 110 1
45 45 1
50 50 1
38 38 1
47 47 1
106 106 1
45 46 1
78 78 1
34 34 1
60 70 1
23 23 1
82 82 1
97 97 1
32 32 1
8 9 1
119 119 1
78 78 1
105 105 1
46 46 1
72 72 1
114 114 1
47 60 1
87 87 1
9 9 2
84 84 1
42 42 1
81 82 1
86 86 1
85 85 1
37 38 1
116 116 1
14 14 1
46 46 1
32 67 1
62 62 1
92 92 1
65 65 2
69 69 1
64 65 1
32 72 1
8 8 1
10 10 2
123 123 1
102 102 1
68 69 1
10 10 1
8 8 1
8 8 1
11 11 2
48 48 1
66 66 1
9 10 1
66 70 1
66 66 1
59 59 1
22 25 1
47 47 1
92 92 1
85 85 1
19 19 1
25 25 1
116 116 1
121 121 1
69 69 1
109 109 1
69 69 1
34 34 1
77 77 1
45 45 2
120 120 1
11 12 1
27 27 2
55 55 1
56 57 1
43 49 1
25 25 2
92 92 1
107 107 1
73 74 1
123 123 1
106 106 2
122 122 2
65 67 1
59 75 2
70 70 1
25 85 1
79 79 1
27 27 1
99 100 1
22 22 1
107 107 1
29 29 1
81 82 1
49 49 1
30 30 1
38 40 1
31 31 1
66 67 1
48 48 1
54 54 1
99 99 1
34 72 1
68 68 1
30 30 1
15 15 1
83 84 1
96 96 1
39 40 1
36 36 1
53 53 1
24 24 1
80 80 1
44 44 1
52 52 1
22 22 2
20 21 1
111 111 1
99 99 1
33 33 1
73 75 1
26 26 1
41 41 1
42 42 1
42 42 1
49 49 1
78 78 1
86 86 1
47 47 1
31 31 1
57 57 1
63 63 1
41 45 1
4 4 1
73 73 1
28 28 1
35 35 1
28 87 1
83 83 1
57 57 1
58 58 1
38 38 1
73 74 1
40 40 1
48 48 1
13 13 1
89 90 1
46 47 1
45 45 1
65 66 1
61 69 1
115 115 2
20 20 1
54 54 1
62 62 1
99 99 1
73 73 1
35 35 1
85 85 1
108 109 1
33 33 1
121 121 1
47 47 1
107 107 1
120 120 1
104 104 1
122 122 1
120 120 1
9 9 1
101 106 1
56 56 1
94 94 1
30 30 1
87 87 2
60 61 1
43 43 1
97 98 1
96 111 1
94 94 1
107 107 1
24 24 1
60 60 1
76 76 1
44 44 1
96 96 1
25 25 1
40 55 1
65 65 1
46 46 1
47 47 1
105 105 1
43 43 1
116 116 1
43 43 1
7 7 1
34 34 1
104 104 2
103 103 1
59 59 1
42 42 1
69 69 1
99 99 1
8 8 1
22 22 1
94 94 1
67 75 1
64 64 1
34 34 1
104 104 1
107 107 1
109 109 1
110 110 1
100 100 1
93 93 1
122 122 1
103 103 1
58 58 1
60 60 1
76 76 1
107 107 1
31 32 1
58 58 1
72 72 1
98 106 1
104 105 1
68 68 1
67 67 1
14 15 1
80 80 1
59 60 1
122 122 1
109 109 1
61 63 1
45 45 1
84 84 1
24 24 1
74 74 1
48 48 1
30 30 1
40 40 1
38 38 1
28 88 1
69 69 1
36 36 1
70 70 1
104 104 1
54 54 1
107 109 1
28 28 1
96 99 2
68 69 1
77 78 1
47 47 1
112 112 1
26 26 1
61 64 1
22 74 1
61 61 1
63 64 1
108 108 1
62 67 1
56 57 1
114 115 1
67 67 1
60 60 1
118 118 1
101 101 1
44 44 1
14 14 1
21 21 1
23 24 1
90 90 1
16 16 1
36 36 1
43 45 1
54 54 1
35 35 1
43 43 1
109 109 1
33 33 1
49 49 1
24 24 1
56 56 1
31 72 1
32 32 1
45 45 2
66 66 1
99 100 1
8 10 1
30 30 1
77 77 1
92 92 2
104 104 1
88 88 1
87 87 2
116 116 1
123 123 1
70 70 1
43 49 1
40 40 1
83 83 1
98 98 1
110 110 1
106 106 1
101 101 1
67 67 1
116 116 1
64 65 1
32 32 1
14 20 1
61 64 1
38 40 1
26 88 1
105 105 1
116 116 1
46 46 1
79 79 1
118 119 1
43 43 1
50 50 1
29 29 1
103 103 1
75 76 1
103 103 1
22 22 1
12 12 1
38 38 1
29 29 1
44 44 1
22 22 1
123 123 2
108 108 1
79 96 1
18 32 1
78 78 1
121 121 1
45 48 1
44 44 1
96 96 1
21 21 1
57 57 1
6 6 1
21 21 1
28 94 1
43 43 1
68 68 2
58 58 1
54 54 1
21 21 1
71 71 1
3 3 1
97 97 1
41 47 1
108 108 1
61 61 1
107 107 1
60 60 1
30 30 1
5 5 1
75 75 1
57 57 1
63 63 1
49 49 1
118 118 1
62 62 1
33 33 1
74 74 1
102 102 1
54 55 1
107 107 1
60 60 1
77 77 1
41 41 1
110 110 1
108 108 1
119 119 1
74 75 1
50 50 1
100 105 1
102 102 1
49 49 1
24 24 1
78 78 1
89 89 2
21 21 1
47 49 1
68 68 1
123 123 1
26 26 1
59 61 1
11 17 1
11 11 1
52 52 2
35 35 1
48 48 1
53 53 1
33 33 1
61 63 1
28 29 1
113 113 1
45 50 1
46 47 1
38 38 1
14 14 1
69 69 1
37 37 1
101 122 1
54 54 1
97 97 1
32 32 1
30 30 2
117 117 1
71 71 1
121 121 1
6 6 1
42 42 1
45 45 1
62 62 1
37 37 1
123 123 1
33 33 1
78 78 1
13 13 1
21 21 1
111 111 1
57 57 1
14 14 1
40 40 1
73 73 1
105 105 1
116 116 1
67 67 1
49 49 2
34 34 1
95 95 1
25 25 1
27 87 2
114 114 1
99 99 1
81 81 1
43 43 2
69 69 1
79 79 1
50 50 1
106 106 1
112 112 2
4 4 1
69 69 1
45 48 1
27 27 2
98 106 1
51 52 1
36 46 1
90 90 1
59 67 1
122 122 1
23 23 1
99 99 1
112 112 1
11 11 1
56 56 2
96 96 1
118 118 1
6 6 1
95 95 1
8 8 1
46 46 1
23 23 1
56 56 1
73 74 2
16 16 1
5 5 1
87 87 1
27 86 1
71 71 1
8 9 1
82 82 1
11 12 1
104 104 1
61 62 1
98 98 1
106 106 1
36 61 1
68 68 2
35 35 1
52 52 1
98 98 1
54 54 1
95 95 1
58 58 1
26 27 2
27 87 2
27 27 1
46 46 1
27 27 1
44 44 1
78 78 1
48 48 1
87 87 1
101 101 1
51 51 1
85 85 1
88 88 1
54 54 1
104 104 1
34 34 1
34 34 1
80 80 1
29 29 1
40 40 1
31 32 1
19 30 1
28 29 1
12 12 2
83 83 1
98 98 1
90 90 1
100 100 1
9 9 1
100 100 1
95 95 2
98 98 1
101 101 1
104 104 1
24 72 1
20 20 1
45 45 1
42 46 1
10 10 1
106 106 1
34 34 1
36 36 1
15 96 1
66 72 2
105 111 1
95 95 1
80 80 1
53 54 1
43 43 1
14 14 1
81 81 1
20 20 2
121 121 1
38 38 1
13 13 1
15 15 1
111 111 1
27 27 1
51 51 1
25 25 1
64 64 1
54 54 1
34 34 1
13 13 1
89 110 1
26 26 1
107 107 1
64 64 1
31 31 1
44 44 1
26 26 1
22 22 1
26 26 1
123 123 1
65 65 1
82 83 1
123 123 1
14 14 1
97 97 1
27 29 1
85 87 1
68 68 1
99 99 1
51 51 1
15 15 1
109 110 1
113 115 1
98 98 1
62 62 1
105 105 1
114 114 1
47 47 1
62 62 1
70 70 1
52 52 1
120 120 1
120 120 2
57 57 1
74 74 1
69 70 1
116 116 1
108 109 1
39 39 2
9 15 1
100 100 1
78 78 1
67 68 1
100 100 1
64 64 2
36 62 1
120 120 1
112 112 1
26 26 1
73 73 1
106 106 1
63 63 1
34 34 1
78 78 1
17 18 1
61 75 1
23 23 1
68 69 1
107 107 1
60 60 1
23 24 2
44 44 1
94 94 1
8 8 1
25 25 2
46 48 1
54 56 1
29 29 1
23 23 1
120 120 1
29 29 1
13 13 1
95 96 1
83 83 1
22 86 1
65 65 1
29 29 1
114 114 1
65 65 1
122 122 2
99 99 2
68 68 1
67 67 1
91 91 1
101 102 1
62 75 2
29 29 1
9 15 3
30 31 1
70 70 1
101 101 1
26 27 1
44 44 1
102 102 2
48 48 1
69 70 1
92 92 1
103 103 1
48 48 1
101 101 1
69 69 1
30 30 1
60 60 1
118 118 1
69 69 2
104 104 1
46 46 1
36 36 1
87 87 1
113 113 1
43 43 1
62 62 1
122 122 1
104 104 1
101 104 2
28 28 1
5 5 1
122 122 1
21 21 1
83 83 2
6 6 1
39 39 1
35 35 1
38 38 1
62 75 2
54 54 1
121 122 1
32 32 1
40 40 1
80 80 1
47 47 1
47 47 1
98 98 1
98 98 1
117 117 2
84 84 1
77 77 1
84 84 1
100 100 1
26 26 1
26 26 1
90 91 1
10 12 1
102 102 1
48 48 1
58 58 1
19 19 1
106 106 1
20 20 1
47 47 1
97 102 1
23 23 1
98 99 1
104 106 1
46 46 1
96 96 1
15 96 1
44 44 1
98 102 1
80 81 1
45 45 1
22 22 1
93 94 1
20 20 1
98 98 1
44 44 1
24 24 1
47 47 2
43 43 1
20 57 1
46 46 1
37 37 1
10 10 1
7 7 1
77 77 1
4 4 1
119 119 1
95 95 1
64 64 1
38 39 1
54 54 1
98 98 1
24 24 1
47 47 1
106 106 1
31 31 2
104 104 1
84 84 1
34 34 1
11 16 1
76 76 1
25 25 1
43 44 1
26 26 1
62 62 1
108 108 2
67 67 1
30 30 1
23 33 1
75 75 1
96 103 1
57 57 1
70 70 1
12 12 1
119 119 2
51 51 1
4 4 1
55 55 1
46 46 1
29 29 1
59 59 1
74 74 1
99 100 1
50 51 1
51 51 1
76 76 1
47 47 1
51 51 1
35 36 1
95 96 1
52 52 1
101 101 1
47 47 1
97 97 1
104 104 1
47 47 1
51 51 1
73 73 2
94 94 1
5 5 1
29 29 1
45 47 1
89 89 1
36 36 1
31 31 1
115 115 1
116 116 1
106 106 2
96 97 1
85 85 2
59 59 1
18 78 1
57 57 1
21 21 1
51 51 1
104 104 1
121 121 2
107 107 1
81 81 1
42 42 1
114 114 1
19 19 1
110 110 1
115 115 1
32 32 1
29 30 1
61 73 2
36 36 1
123 123 1
79 79 1
8 8 1
22 22 1
66 66 2
116 116 1
20 20 1
32 32 1
69 69 1
84 84 1
94 94 1
119 119 1
112 112 1
51 51 1
101 101 1
21 21 1
90 93 1
13 31 1
98 99 1
20 20 1
22 22 1
27 27 1
57 57 1
57 57 1
11 11 1
115 115 1
56 57 1
28 28 1
113 113 1
104 104 1
34 34 1
59 59 2
43 43 2
76 76 1
82 82 1
36 36 1
46 46 1
105 105 1
41 41 1
59 63 1
45 45 1
112 112 1
102 102 1
13 13 1
85 85 2
34 34 1
43 44 1
12 12 1
35 35 1
110 110 1
55 55 2
71 71 1
105 105 1
39 39 1
68 69 1
26 26 1
72 72 1
108 108 1
50 107 1
30 30 1
89 90 1
72 72 1
75 75 1
13 15 1
72 72 1
76 82 1
78 78 1
124 124 1
62 62 1
69 69 1
92 92 1
99 99 1
120 120 1
85 85 1
97 97 1
98 98 1
74 75 1
42 42 1
75 75 1
22 22 1
65 65 2
94 94 2
96 98 1
10 10 1
47 47 1
42 42 1
9 9 1
22 22 1
29 33 1
117 117 1
54 54 1
115 115 1
31 31 1
26 26 1
48 48 1
73 73 1
85 85 1
118 118 1
105 111 1
83 83 1
34 34 1
56 56 1
40 40 1
61 61 1
44 44 1
77 83 1
24 25 1
53 53 1
69 69 1
112 112 1
24 24 1
121 121 2
61 61 1
119 119 1
101 101 1
87 87 1
41 47 1
54 56 1
60 60 2
46 46 1
4 4 2
34 34 1
47 47 1
51 51 1
118 118 1
41 41 1
17 17 1
63 63 1
37 37 1
96 96 1
21 21 1
26 26 2
63 63 1
64 64 1
68 68 1
30 30 1
23 23 1
19 19 1
43 43 2
34 35 1
20 20 1
40 40 1
81 81 1
6 6 1
50 50 1
78 78 1
123 123 1
82 82 1
78 79 1
11 17 1
30 30 1
41 41 1
80 80 1
14 82 1
83 83 1
44 44 1
49 49 1
114 114 1
71 71 1
45 45 1
42 42 1
63 64 1
107 107 1
40 40 1
43 44 1
22 22 1
14 14 1
44 46 1
26 26 2
35 35 1
45 76 1
15 15 1
26 26 1
65 73 2
93 93 1
84 84 1
67 67 1
79 79 1
51 51 1
18 18 1
31 31 1
29 29 1
61 61 1
35 36 1
56 56 1
83 84 2
14 14 1
17 19 1
11 11 1
72 72 1
117 117 1
20 20 1
120 120 1
28 28 1
36 36 1
21 21 1
95 95 1
71 71 1
95 96 1
65 65 1
16 16 1
122 122 1
20 21 1
10 11 1
51 51 1
41 45 1
22 22 1
5 5 2
17 17 1
84 84 1
25 25 1
21 21 1
118 118 1
114 114 1
57 57 1
69 69 1
46 46 1
74 74 1
58 58 1
110 110 1
14 14 1
66 66 1
56 56 1
19 19 1
37 37 1
117 117 1
27 28 2
31 32 1
46 47 1
91 91 1
71 71 1
23 24 1
51 51 1
65 67 1
47 47 1
81 81 1
83 84 1
112 112 1
105 105 1
66 70 1
16 16 1
59 59 1
20 80 1
73 73 2
65 65 1
54 54 1
102 102 1
64 64 1
75 75 1
79 79 1
60 60 1
59 59 1
102 102 1
46 46 1
31 72 1
111 111 1
89 89 2
54 54 1
69 69 1
15 15 1
57 57 2
81 81 2
94 94 1
38 38 1
118 119 2
94 94 1
22 22 1
101 101 1
44 44 1
100 100 1
19 19 1
57 57 2
27 27 1
47 47 1
39 39 1
16 16 1
34 34 1
114 114 1
18 18 1
61 64 1
71 71 1
118 118 2
118 118 1
16 17 1
74 74 1
10 10 1
57 57 2
6 6 1
120 120 1
73 74 3
31 31 2
20 77 1
37 39 1
15 15 1
50 50 1
71 71 1
43 43 1
43 61 1
72 74 1
79 79 1
13 14 1
34 34 1
94 94 1
104 122 1
43 43 1
62 62 1
107 114 1
85 85 1
52 52 1
87 87 1
32 32 1
18 18 1
24 24 1
67 67 1
34 34 1
65 65 1
20 20 1
36 36 1
63 64 1
26 26 1
21 21 1
87 88 2
116 116 1
17 17 1
57 57 1
8 8 1
61 62 1
20 20 1
117 117 1
100 100 1
111 112 1
115 115 1
97 97 1
118 118 1
98 98 1
63 63 1
3 3 1
116 116 1
108 108 1
27 27 1
29 29 1
31 31 1
108 108 1
56 57 1
117 117 1
34 34 1
121 121 3
54 54 1
94 94 2
78 78 1
7 7 1
93 94 1
64 64 1
98 98 1
37 84 1
44 45 1
108 108 1
68 68 1
18 18 1
52 54 1
117 117 2
123 123 1
79 79 1
104 104 1
80 91 1
42 42 1
34 69 1
29 29 1
84 85 1
84 87 1
66 66 1
46 47 1
58 58 1
25 25 1
21 21 1
62 62 1
88 88 1
39 39 1
37 37 2
9 9 1
67 68 1
113 114 1
90 90 1
106 106 1
11 11 1
34 34 1
64 64 2
14 15 1
89 90 1
63 63 1
30 30 1
10 10 1
23 25 1
102 102 1
84 85 1
112 112 1
116 117 1
58 58 1
32 32 1
12 12 1
36 46 1
71 71 1
26 26 1
46 46 1
8 8 1
54 54 1
75 75 1
19 19 1
13 14 1
117 117 1
114 114 1
3 4 1
44 59 1
56 56 2
94 94 1
36 36 1
75 75 1
37 37 1
91 91 1
118 118 1
113 113 1
11 11 1
118 118 1
10 10 2
92 92 1
66 66 1
104 104 1
10 10 1
66 66 1
121 121 1
79 80 1
115 116 1
28 28 1
33 34 1
57 57 1
42 42 2
69 69 1
108 108 1
121 122 1
41 41 2
62 62 2
63 63 1
68 68 1
72 72 1
69 69 1
20 20 1
9 9 2
41 41 1
120 120 1
62 62 1
31 31 1
98 98 1
62 62 1
59 75 1
72 72 1
36 36 1
68 68 1
75 75 1
122 122 1
5 5 1
33 34 1
113 113 1
99 99 1
114 114 1
76 76 1
116 116 1
10 10 1
96 96 1
30 31 1
95 119 1
20 20 1
77 103 1
108 108 1
112 112 1
107 107 2
101 101 1
27 27 1
51 51 1
86 86 1
29 29 1
31 32 1
46 46 2
38 38 1
72 72 1
65 65 1
67 68 1
20 20 1
39 40 1
14 14 1
3 3 1
81 81 1
36 36 1
16 16 1
105 105 1
42 42 1
43 43 1
57 57 1
20 20 1
24 24 1
74 74 1
58 58 1
67 67 1
33 33 1
89 89 1
6 7 1
112 112 1
51 51 1
55 55 1
83 83 1
27 27 1
69 69 1
62 62 1
68 68 1
66 66 1
97 99 1
101 101 1
107 114 1
107 107 1
66 69 1
4 4 1
13 13 1
49 49 1
43 43 1
30 30 1
37 37 1
12 12 1
84 84 1
52 52 1
46 46 2
89 89 1
101 101 1
47 49 1
87 87 1
40 55 1
92 92 1
74 74 1
72 72 1
20 20 1
69 69 2
110 110 2
28 28 1
84 84 1
47 47 1
53 53 1
87 87 1
30 30 1
40 40 1
53 54 1
60 60 1
76 76 1
44 44 1
48 48 1
39 39 1
4 4 1
38 40 1
71 71 1
102 102 1
62 62 1
13 13 1
35 35 1
96 96 1
26 26 2
90 90 1
18 18 1
101 101 1
69 69 1
106 106 1
88 88 1
34 34 1
120 121 1
90 90 1
30 32 1
34 35 2
11 11 1
44 46 2
49 49 1
52 52 1
46 46 1
10 10 1
20 21 1
75 75 1
20 20 1
115 115 1
72 72 1
20 20 1
98 98 1
38 39 1
111 112 1
86 86 1
54 55 1
119 119 2
114 114 1
107 107 2
68 69 1
61 61 1
5 5 1
55 55 1
43 43 2
116 117 1
62 62 1
19 19 1
21 21 1
118 121 1
116 116 1
104 104 1
12 12 1
98 98 1
57 57 1
25 25 1
35 36 1
34 34 1
56 56 1
121 121 1
92 92 1
3 4 1
39 44 1
33 33 1
115 117 1
122 122 1
22 22 1
77 102 1
103 104 1
23 23 1
113 113 1
43 43 1
20 20 1
100 100 1
121 121 1
86 86 1
117 117 1
54 54 1
102 103 1
98 98 1
90 90 1
30 30 1
4 4 1
23 40 1
102 102 1
116 116 1
52 52 1
70 71 1
11 95 1
20 20 1
23 23 1
36 37 1
59 59 1
46 46 1
81 81 1
26 26 1
104 104 1
110 111 1
6 6 2
34 34 1
5 5 1
51 51 1
70 70 1
123 123 1
49 49 1
101 101 1
43 44 2
34 34 1
63 63 1
10 10 1
67 67 1
14 14 1
22 22 1
34 37 2
89 89 1
63 74 1
118 118 1
47 47 2
25 25 1
13 13 1
108 108 1
76 76 1
42 42 2
24 24 1
120 120 1
51 51 1
113 114 1
108 108 1
30 33 1
88 88 1
28 28 1
113 117 1
22 22 1
14 14 1
7 7 1
97 97 1
87 87 1
90 95 1
108 108 1
45 45 1
8 8 1
5 5 1
23 40 1
107 107 1
18 18 1
40 40 1
76 76 1
89 89 1
98 103 1
44 44 1
69 70 1
111 111 1
38 39 2
67 68 1
71 71 1
37 37 1
37 37 1
43 43 1
74 74 1
31 31 1
63 63 1
66 73 1
78 78 1
15 15 1
53 53 1
61 61 1
79 80 1
113 113 1
21 21 1
72 72 1
13 13 1
98 98 1
56 56 1
42 42 1
31 31 1
90 90 1
107 107 1
6 7 1
31 31 2
39 39 1
17 17 1
78 78 1
60 73 1
26 26 1
37 37 2
49 50 1
66 70 1
75 75 1
122 122 1
92 92 1
82 82 1
8 11 1
75 75 1
52 54 1
24 24 1
108 108 1
21 21 1
54 54 1
16 16 2
84 84 1
10 16 1
99 99 1
27 27 1
19 19 1
45 76 2
45 45 1
44 44 1
28 95 1
86 86 1
103 103 1
59 59 1
75 75 1
113 113 1
69 69 1
26 88 1
85 85 1
14 15 4
34 34 1
107 107 1
13 14 1
34 35 1
39 42 1
94 94 1
100 100 1
32 32 1
46 46 1
41 48 2
98 98 1
61 64 2
9 9 1
87 87 1
103 103 1
44 44 1
50 50 1
27 27 1
122 122 1
115 115 1
115 115 1
72 72 2
47 47 2
62 62 2
77 77 1
58 59 2
69 70 1
98 98 1
113 117 1
44 44 1
39 40 1
59 59 1
75 75 1
64 64 2
60 61 1
82 82 1
37 38 1
44 44 1
121 121 1
15 15 1
66 68 1
45 45 1
99 99 1
17 17 1
82 82 1
33 36 1
60 60 1
20 58 1
54 54 1
74 74 1
98 98 1
26 27 1
48 48 1
40 40 1
87 87 1
50 50 1
50 51 1
43 45 1
115 119 1
66 66 1
29 29 1
10 10 1
10 10 1
25 26 1
43 43 1
70 70 1
72 72 1
116 116 1
80 80 1
90 90 1
121 121 1
59 59 1
87 88 1
94 94 1
15 16 2
61 62 1
21 58 1
113 113 1
27 28 1
120 120 1
86 86 1
7 7 1
69 70 1
58 58 1
34 34 1
116 116 1
70 70 1
62 62 1
43 47 1
97 97 1
46 46 1
42 42 1
101 102 1
39 39 1
101 101 1
99 99 1
20 20 1
36 36 1
31 31 1
7 7 1
114 114 1
34 34 1
59 59 1
120 120 1
71 71 1
31 31 1
27 27 1
15 81 2
118 118 1
32 72 1
51 51 1
31 39 1
108 108 1
26 26 1
10 10 1
13 13 1
35 35 1
119 119 1
46 46 1
47 47 1
98 98 1
47 59 1
78 111 1
65 65 1
70 70 1
63 63 2
77 102 2
61 61 1
23 23 1
77 77 1
123 123 2
78 78 1
21 21 1
30 30 1
6 6 1
59 59 1
36 36 2
113 113 1
3 3 1
103 106 1
10 10 1
47 47 1
42 61 1
31 33 1
69 69 1
27 87 1
63 63 1
6 6 1
96 96 1
105 114 1
84 84 1
71 71 1
77 77 1
21 21 1
122 122 1
37 37 2
49 49 1
48 48 1
99 99 1
15 15 1
58 58 1
39 39 2
104 104 1
91 91 1
29 29 1
36 37 1
64 64 1
102 103 1
114 114 1
79 79 2
63 63 1
28 29 1
45 45 1
16 16 2
64 64 1
43 43 1
12 12 1
95 95 1
97 106 2
10 10 1
87 87 1
21 21 1
6 11 1
6 6 1
4 4 1
99 99 1
96 96 1
68 68 1
104 104 2
5 5 1
25 25 1
33 33 1
83 83 1
69 70 2
63 64 1
96 96 1
49 50 1
122 122 1
21 21 1
74 74 1
117 117 1
24 26 1
22 22 1
26 26 1
76 76 1
82 82 1
44 44 1
8 8 1
61 70 1
17 17 1
55 56 1
102 102 1
46 46 1
112 112 1
97 101 1
94 94 2
106 106 1
57 57 1
86 86 1
17 19 1
7 7 1
99 99 1
114 114 1
105 105 1
33 33 1
50 54 1
29 29 1
48 48 1
27 27 1
102 102 1
42 42 1
112 112 1
87 87 1
30 31 1
47 47 1
123 123 1
114 114 1
36 37 1
78 78 1
121 121 1
122 122 1
24 24 1
56 57 2
120 120 1
20 20 1
107 107 1
86 87 1
21 21 1
27 27 1
83 83 1
87 87 1
37 38 1
93 93 1
42 42 1
42 44 1
75 82 1
24 24 2
71 71 1
16 16 1
59 59 1
112 112 1
36 47 1
65 65 2
48 48 1
32 32 1
60 60 3
73 75 1
107 107 1
30 30 1
67 67 1
10 10 2
119 121 1
37 37 1
43 44 1
26 26 1
36 36 1
62 62 1
50 50 1
31 31 1
25 25 1
47 47 1
87 87 1
21 22 1
115 119 1
86 87 1
34 34 1
69 69 1
54 55 1
70 70 1
29 29 1
70 70 1
42 43 1
31 32 1
60 60 1
59 59 1
120 120 1
89 109 1
61 61 1
4 4 1
14 14 1
35 35 1
10 11 1
123 123 1
79 79 1
110 111 1
44 74 1
114 114 1
96 96 1
30 30 1
12 13 1
32 32 2
58 58 1
85 85 1
26 26 1
107 107 1
117 117 1
65 65 1
111 111 1
56 57 1
112 112 1
57 57 1
34 34 1
103 103 1
70 70 1
118 118 2
22 22 1
101 101 1
8 8 1
76 76 1
13 13 1
43 49 1
16 16 1
36 36 1
34 34 1
120 120 1
102 102 1
113 113 1
110 110 1
29 29 1
84 84 1
49 49 1
20 81 1
13 13 1
48 48 1
27 27 1
24 24 1
22 33 1
114 114 1
41 41 1
96 96 1
84 84 1
66 66 1
82 82 1
69 69 1
65 65 2
8 8 1
78 78 1
64 64 1
23 26 1
27 27 1
12 12 1
110 111 1
62 62 1
27 27 1
118 118 1
110 110 1
123 123 1
36 36 1
101 101 1
92 92 1
99 100 1
34 34 1
105 105 1
71 71 1
10 10 2
44 44 1
26 26 1
8 14 1
103 103 1
74 74 1
121 121 1
23 23 1
71 71 1
72 72 2
61 62 1
21 21 1
14 14 1
107 107 1
118 119 1
91 91 1
108 110 1
73 73 1
69 69 2
69 69 1
98 98 1
19 19 1
7 7 1
22 31 1
87 88 1
59 59 1
93 93 1
65 66 1
42 42 2
25 25 1
112 112 1
69 69 1
51 51 1
35 35 1
76 77 1
117 117 1
73 74 1
75 75 1
29 29 1
37 37 1
100 100 1
3 3 1
59 59 1
50 50 1
61 61 1
38 38 1
64 64 1
101 101 1
21 21 1
99 99 1
87 87 1
38 39 1
83 84 1
72 72 2
13 13 1
14 20 1
68 69 1
84 84 1
43 44 1
3 4 1
80 80 1
33 33 1
44 49 1
94 94 1
103 103 1
86 86 1
24 24 1
9 9 1
123 123 1
31 31 1
24 24 1
15 15 1
55 55 1
58 58 1
24 24 1
90 90 1
46 47 1
120 120 1
51 51 1
66 73 1
32 32 1
119 120 1
10 10 1
96 96 1
15 15 1
70 70 1
59 63 1
94 94 2
53 53 1
46 46 1
59 59 1
96 96 1
80 80 1
120 121 1
99 99 1
83 83 1
29 29 1
116 116 1
11 11 2
36 46 1
63 74 1
56 56 2
74 74 1
54 55 1
66 66 1
17 17 1
119 119 1
114 114 1
42 42 1
36 36 1
43 44 1
6 6 1
78 111 1
9 9 1
18 18 1
16 16 1
19 19 1
49 49 1
36 37 1
30 30 1
110 110 1
73 74 1
15 15 1
86 86 1
22 22 1
71 71 1
45 45 1
93 95 1
6 6 1
102 102 1
47 49 1
117 117 1
103 103 1
56 58 1
44 44 1
75 75 1
22 22 1
44 44 1
85 85 1
55 55 1
109 109 1
45 45 1
58 58 1
83 83 1
5 7 1
72 72 1
27 27 1
101 102 1
8 8 1
57 57 1
9 9 1
87 87 1
103 103 1
123 123 1
100 100 2
9 9 1
70 70 1
27 87 1
121 121 1
65 65 1
121 121 1
98 98 1
57 57 1
22 22 1
17 18 1
66 69 2
26 27 1
111 111 1
59 59 1
58 58 1
117 117 1
13 14 1
121 121 1
65 65 1
56 56 1
13 13 1
4 4 1
83 83 1
48 49 2
14 14 3
27 27 1
29 29 1
58 58 1
96 96 1
34 34 1
27 27 1
117 118 2
85 85 1
69 69 1
30 30 1
11 11 1
29 29 1
75 75 1
30 32 1
107 107 1
18 18 2
18 18 1
44 44 1
39 54 1
76 76 1
33 33 1
19 30 1
41 55 1
101 101 1
63 63 1
77 77 1
21 21 1
112 113 1
95 95 1
27 27 1
54 54 1
61 62 1
42 43 2
94 94 2
59 59 1
111 111 1
119 119 1
101 102 1
90 90 1
116 116 1
97 100 1
96 96 1
67 67 1
27 27 1
116 116 1
26 26 1
51 51 2
96 96 1
51 51 1
49 50 1
5 5 1
45 45 1
30 30 1
23 23 2
73 73 1
27 27 1
60 60 1
85 85 1
81 81 1
67 68 1
94 94 1
108 108 1
101 101 1
5 5 1
6 6 1
85 86 1
34 34 1
58 58 3
113 113 1
16 16 1
46 46 1
88 88 1
57 57 1
119 119 2
117 117 1
59 60 1
115 115 1
36 37 2
82 84 1
94 95 1
94 94 1
85 86 1
57 57 1
98 99 1
26 26 1
61 61 1
65 65 1
37 37 1
21 21 1
46 46 1
44 45 1
113 113 1
15 15 1
64 64 1
75 75 1
33 33 1
10 13 1
120 120 1
118 118 1
37 37 1
31 31 1
44 45 1
106 106 1
63 63 1
38 38 1
88 88 1
84 84 1
114 114 1
13 13 1
15 78 2
100 100 1
24 24 1
35 35 1
10 12 1
20 22 1
58 58 1
51 51 1
11 12 1
48 48 1
97 106 1
20 20 1
101 101 1
73 75 1
105 105 1
32 32 1
66 66 1
94 94 1
48 48 1
41 42 1
121 121 1
93 93 1
36 37 1
17 17 1
117 117 1
39 51 1
28 29 1
80 80 1
59 59 1
101 101 1
24 56 1
11 11 1
49 49 1
89 89 2
70 70 1
14 81 1
7 7 1
26 26 2
41 41 1
10 10 1
116 116 1
55 55 1
66 66 1
29 30 1
106 114 1
38 38 1
19 29 1
38 38 1
76 76 1
54 54 1
44 76 1
110 110 1
63 63 1
35 35 1
21 21 1
118 118 1
16 16 1
68 68 1
26 26 3
8 8 1
123 123 1
9 9 1
61 75 1
57 57 1
22 22 1
97 106 1
20 57 1
96 96 1
9 9 1
33 33 1
39 39 1
25 25 1
56 56 1
36 37 1
107 107 1
89 90 1
11 11 1
84 85 1
79 79 1
27 87 1
60 60 1
68 69 1
95 95 1
110 110 1
89 89 2
7 7 1
31 31 1
9 9 1
18 18 1
66 70 1
43 43 1
7 7 1
41 41 1
66 66 1
60 60 1
94 94 1
39 39 1
108 108 1
113 113 1
89 89 1
45 45 1
35 36 1
21 21 1
33 33 1
68 68 1
41 45 1
77 77 1
29 29 1
29 29 1
79 79 1
49 49 2
106 106 1
77 77 1
42 42 2
113 113 1
60 60 1
47 47 1
70 70 1
103 103 1
117 117 1
42 42 1
57 57 1
60 62 1
73 73 1
25 25 1
19 19 1
22 22 1
30 35 1
58 58 1
60 60 1
17 17 1
61 61 1
17 19 1
14 14 1
22 22 1
33 33 1
76 76 1
47 47 1
78 78 1
95 95 1
55 55 1
72 72 1
41 41 1
48 48 1
114 114 1
107 108 1
30 30 1
86 86 1
25 26 1
98 104 1
26 26 1
49 76 1
120 120 1
36 36 1
71 71 1
47 47 1
97 100 1
47 47 1
67 68 1
17 17 1
16 17 1
25 25 2
33 33 1
95 95 1
32 32 1
86 86 1
15 15 2
41 41 1
64 64 1
116 117 1
97 97 1
60 60 1
53 53 1
118 119 1
13 13 1
15 15 1
19 19 1
108 108 1
119 121 1
89 109 1
20 20 1
21 31 1
101 101 1
96 110 1
16 16 1
11 11 2
78 79 1
53 53 1
13 13 1
14 102 1
42 42 1
30 30 1
54 54 1
33 33 1
103 103 1
108 108 1
97 102 1
111 112 1
93 93 1
9 9 1
36 36 1
68 68 1
97 101 1
118 119 1
8 8 1
100 100 1
123 123 1
67 67 2
72 72 1
76 77 1
122 122 1
75 75 1
21 21 1
11 11 1
20 30 2
85 85 1
29 29 1
42 42 2
11 11 1
12 12 1
21 65 1
99 100 1
97 101 1
57 57 1
45 46 1
46 46 1
74 74 1
31 33 1
71 71 1
85 87 1
10 10 1
25 26 1
97 100 1
24 24 3
61 61 1
52 52 1
56 57 1
10 10 1
11 15 1
32 32 1
52 52 1
42 42 1
66 66 1
24 56 1
57 57 2
86 86 1
47 47 1
112 112 1
50 50 1
32 32 1
31 31 2
70 71 1
75 75 1
97 97 1
29 29 1
103 103 1
107 107 1
18 18 2
41 41 1
18 30 1
9 9 1
25 25 1
30 30 1
35 35 1
70 70 1
22 22 1
89 89 1
111 112 1
69 71 1
32 32 1
10 10 1
87 87 2
19 19 1
70 70 1
48 48 1
49 49 1
82 82 1
83 83 1
53 53 1
26 26 1
23 23 1
7 7 1
71 71 1
98 98 1
15 15 3
52 52 1
78 78 1
33 33 1
21 21 1
40 40 1
66 66 1
98 98 1
10 12 1
26 26 1
97 97 1
79 79 1
69 70 1
60 69 1
29 29 1
67 67 1
67 67 1
73 73 1
116 116 1
30 30 1
34 34 1
106 106 1
80 80 1
11 12 1
61 61 1
44 44 1
100 100 1
29 29 1
74 74 1
83 83 1
61 61 1
46 46 1
44 44 1
81 82 1
103 103 1
87 87 1
67 67 1
35 35 1
88 88 1
80 80 1
34 34 1
45 45 1
85 86 1
16 16 1
80 80 1
21 21 1
51 51 1
26 26 1
10 10 1
21 21 1
71 71 1
83 83 1
70 70 1
78 78 1
20 20 1
38 38 1
14 14 1
46 46 1
44 44 1
88 88 1
62 62 1
59 59 1
84 85 1
78 78 1
123 123 1
106 107 1
104 104 1
117 117 1
71 71 1
88 88 1
25 26 1
98 98 1
17 18 1
28 28 1
3 5 2
78 78 1
16 16 1
55 65 1
28 28 1
58 58 1
115 119 1
69 69 1
73 73 1
116 116 1
62 62 1
23 23 1
102 102 1
96 96 1
48 48 1
70 70 1
99 100 1
29 29 1
72 72 1
118 118 1
121 122 1
84 84 1
30 30 1
60 60 1
108 108 2
33 33 1
39 39 1
57 57 1
52 52 1
95 95 1
74 75 1
71 71 1
85 85 1
33 33 1
76 76 1
28 28 1
71 71 1
75 75 1
31 31 1
40 40 1
103 103 1
24 24 1
114 114 1
65 65 1
62 63 1
9 9 1
30 30 1
56 56 1
113 113 1
43 43 1
14 14 1
57 57 1
53 53 1
83 83 1
119 119 1
71 71 1
47 47 1
92 95 2
34 34 1
36 36 1
75 75 1
40 51 1
122 122 1
73 73 1
81 81 1
13 13 1
56 56 1
86 86 1
110 111 1
53 53 1
15 15 1
107 107 1
57 57 1
80 80 1
22 22 1
56 56 1
21 21 1
24 24 1
80 80 1
99 103 1
61 61 1
110 110 1
74 74 1
29 29 1
69 70 1
81 81 1
71 71 1
12 12 1
13 15 1
102 102 1
110 110 1
68 68 1
7 7 2
105 105 1
119 119 1
101 101 1
65 73 1
57 57 1
14 14 1
5 5 1
50 51 1
18 30 1
74 74 1
111 111 1
17 17 1
48 48 1
48 48 1
60 60 1
94 95 1
62 62 1
23 23 1
36 62 1
117 117 1
12 12 1
60 75 1
45 45 1
96 96 1
10 10 1
105 105 1
108 108 1
89 89 1
114 118 1
58 58 1
69 69 1
116 116 1
82 82 1
120 120 1
42 42 1
41 41 1
89 89 1
60 67 1
61 61 1
98 114 1
37 37 2
38 38 1
95 95 2
30 30 1
20 57 1
99 99 1
45 45 1
29 30 1
79 79 1
103 103 1
59 59 1
8 8 1
14 14 1
109 109 1
16 16 1
37 37 1
68 68 1
58 58 1
66 69 1
43 43 1
42 42 1
89 89 1
103 104 1
58 59 1
27 27 1
77 77 1
122 122 1
119 119 1
33 33 1
99 99 1
20 21 1
26 26 1
34 34 1
31 33 1
66 66 1
79 79 1
117 117 2
35 36 1
23 23 1
86 86 1
104 104 1
108 108 1
40 40 1
53 53 1
111 111 1
82 82 1
23 23 1
16 16 1
74 74 1
96 96 1
85 85 1
101 101 1
37 37 1
119 119 1
77 77 1
122 123 1
68 68 1
15 16 1
72 72 1
36 36 1
119 120 1
106 106 1
68 68 1
42 43 1
72 72 1
82 82 1
104 104 1
31 31 1
41 41 1
71 71 1
77 77 1
21 21 1
24 24 1
49 49 1
68 69 1
65 65 1
70 71 1
62 62 2
116 116 1
54 54 1
71 71 1
112 112 1
3 3 1
60 60 1
115 115 1
116 116 1
56 56 1
110 110 1
96 96 1
123 123 1
41 42 1
14 14 1
95 96 1
69 69 1
52 52 1
21 21 1
72 72 1
114 114 1
29 29 1
14 14 1
110 110 1
48 48 1
46 46 1
84 85 1
20 20 1
26 26 1
108 108 1
4 4 1
16 17 1
62 62 1
56 56 2
30 30 2
118 120 1
95 96 1
34 34 1
67 67 1
86 86 1
5 5 1
82 82 1
48 48 1
96 104 1
97 97 1
38 38 1
39 39 1
42 42 1
46 46 1
84 84 1
63 63 1
28 28 1
82 82 1
67 67 1
37 37 2
41 43 1
123 123 1
65 65 1
7 8 1
9 9 1
22 22 1
56 56 1
22 22 1
43 46 1
30 32 1
43 43 2
70 70 1
65 65 1
57 57 1
43 44 1
14 14 1
57 57 1
92 92 1
58 58 1
15 15 1
46 48 1
103 103 1
84 84 1
69 69 1
9 9 1
28 28 1
3 3 1
27 27 1
24 24 1
92 93 1
18 18 1
102 102 1
118 120 1
76 76 2
69 69 1
33 33 2
48 48 1
52 52 1
116 116 1
108 108 1
94 94 1
109 109 2
59 59 1
110 110 1
89 89 1
60 60 2
29 29 1
111 111 1
105 105 1
66 66 1
14 14 1
27 87 1
112 112 1
74 83 1
85 86 1
59 60 1
10 17 1
62 62 1
46 46 1
24 24 1
123 123 1
5 8 1
31 31 1
78 78 1
78 79 1
13 13 1
107 107 1
99 99 1
28 28 1
59 68 1
20 20 1
39 39 1
11 12 1
116 116 1
56 56 1
33 33 1
32 32 1
64 64 1
37 38 1
3 4 1
110 110 1
100 100 1
43 43 1
59 59 1
65 65 2
105 106 1
92 92 1
78 78 2
104 104 1
119 119 1
121 122 1
43 43 1
116 116 1
70 70 1
106 106 2
23 23 1
54 54 2
44 44 1
59 59 1
114 114 1
54 54 1
65 65 1
55 55 1
67 67 1
35 35 2
8 11 1
54 54 1
107 107 1
79 111 1
41 45 1
96 96 1
123 123 1
56 56 1
74 74 1
67 67 1
32 33 2
115 115 1
70 70 1
59 63 1
42 43 1
56 56 1
23 23 2
109 109 1
83 83 1
45 45 2
33 33 1
114 114 1
41 42 1
41 41 1
28 28 1
115 115 1
65 65 1
30 30 1
70 70 2
99 100 1
82 82 1
74 74 1
28 28 1
102 102 1
63 63 1
18 18 1
119 121 1
81 81 1
71 71 1
3 3 1
29 29 1
82 82 1
84 84 1
43 43 1
10 10 1
71 71 1
104 104 1
102 102 1
113 113 1
23 23 1
15 94 1
82 83 1
68 68 1
96 96 1
19 19 1
29 29 1
119 119 1
85 85 1
56 56 1
24 33 1
23 23 1
26 26 1
115 115 1
24 24 1
68 68 1
37 38 1
114 120 1
109 109 1
99 99 1
59 59 1
95 96 1
98 98 1
13 95 1
69 69 1
101 101 1
72 72 1
41 41 2
95 95 1
67 67 1
3 4 1
101 101 1
13 13 1
34 34 1
92 92 1
32 39 3
94 94 1
107 107 1
47 47 1
60 61 1
29 29 1
31 31 1
79 79 1
96 96 1
101 101 1
82 82 1
107 107 1
10 10 1
64 64 1
107 108 1
35 36 1
22 22 1
65 65 1
79 80 1
40 44 1
8 8 1
52 53 1
116 116 1
62 73 1
5 5 1
30 30 1
66 66 1
16 16 1
11 11 1
25 25 1
58 58 1
39 39 1
13 13 1
86 86 1
58 58 1
52 52 1
71 71 1
101 101 1
71 71 1
50 50 1
13 13 1
72 72 1
26 26 1
25 84 1
85 85 2
47 47 1
121 121 1
108 108 1
52 52 1
25 25 1
34 35 1
112 112 1
5 5 1
9 9 1
42 42 1
23 24 1
96 99 1
64 64 1
76 76 1
104 104 1
90 96 1
73 73 1
91 93 1
5 5 1
19 19 1
111 111 1
24 26 1
105 106 1
46 46 1
46 46 1
104 104 1
79 79 1
33 34 1
32 32 1
108 108 2
93 94 1
48 48 1
94 94 1
60 62 1
3 3 1
54 54 1
21 21 1
73 73 1
20 20 1
61 61 1
31 32 1
121 123 1
17 17 1
79 79 1
69 71 1
37 37 1
122 122 1
111 111 1
14 14 1
15 97 1
117 118 2
36 36 1
48 49 1
24 24 1
42 42 1
61 62 2
5 5 1
56 56 1
47 47 1
35 35 1
36 36 1
50 50 1
48 48 1
84 84 2
120 120 1
110 110 1
62 67 1
84 85 1
117 117 1
110 110 1
44 44 1
56 56 1
15 16 2
96 96 1
112 112 1
43 43 1
47 47 1
84 86 1
98 106 1
121 121 1
41 41 1
21 21 1
16 16 1
48 48 1
25 26 1
64 64 1
7 8 1
29 30 1
71 71 1
19 102 1
59 59 1
73 73 1
96 96 1
20 20 1
25 25 1
36 37 1
16 16 1
108 108 1
120 120 1
114 115 1
83 83 1
14 15 1
34 34 1
49 50 1
11 11 1
51 51 2
87 87 1
60 60 1
9 9 1
89 110 1
32 32 1
22 22 1
91 91 1
109 109 1
30 30 1
46 46 1
28 30 1
67 67 1
40 55 1
14 15 1
42 42 1
75 75 1
77 77 1
28 88 1
105 105 1
78 78 1
49 49 1
79 80 1
29 29 1
119 119 1
49 49 1
118 118 2
119 119 1
114 114 1
87 87 1
55 55 1
40 46 1
66 69 1
108 109 1
41 45 1
89 90 1
14 14 1
108 110 1
97 97 1
46 48 1
115 119 1
71 71 1
53 57 1
8 8 1
8 9 1
114 114 1
29 29 1
115 115 1
26 26 1
38 38 1
30 31 1
43 46 1
28 88 1
105 105 1
101 101 1
6 6 1
41 41 1
22 30 2
106 106 1
114 116 1
56 56 1
12 12 1
41 41 1
107 107 3
90 90 1
86 86 1
117 118 1
16 17 1
45 50 1
71 71 1
79 79 1
42 42 1
107 107 1
107 107 1
27 27 1
63 66 1
49 50 1
46 46 1
108 118 1
73 88 1
121 121 3
38 38 1
29 29 1
23 24 1
14 14 1
44 74 1
112 117 1
21 59 1
95 95 1
26 27 1
99 99 1
45 45 1
48 48 1
70 70 1
71 71 1
80 96 1
61 61 1
119 119 1
41 41 1
68 68 1
4 4 1
29 29 1
45 46 1
69 69 2
44 44 1
98 98 1
100 100 1
30 30 1
108 108 1
38 38 1
71 71 1
29 29 1
114 117 1
68 69 1
24 24 1
61 61 1
69 71 1
88 88 1
89 89 1
37 40 1
87 87 1
116 116 1
21 21 2
107 110 1
118 118 1
119 119 1
40 40 1
30 30 1
75 75 1
44 44 1
112 116 1
108 108 1
115 115 1
46 46 1
20 21 1
60 60 1
24 34 2
115 115 1
118 119 1
116 116 1
10 10 1
32 32 1
84 84 1
108 108 1
106 106 1
60 60 1
25 26 1
83 84 1
65 71 1
36 36 2
59 60 1
105 121 1
29 29 1
98 98 1
57 57 1
121 121 1
54 54 2
89 89 1
18 18 2
16 16 1
27 27 1
3 3 1
121 122 1
28 29 1
22 22 1
83 83 1
71 71 1
87 87 1
54 54 1
107 107 1
42 49 1
67 67 1
70 70 2
49 49 1
37 38 1
61 61 1
9 9 1
18 19 1
65 65 1
4 4 1
120 120 1
28 28 1
62 62 2
47 47 1
41 43 1
18 18 1
34 34 1
37 39 1
10 10 1
73 74 1
40 56 1
96 96 1
115 115 1
51 51 1
101 101 1
7 7 1
54 54 1
111 111 1
73 73 1
48 48 1
8 8 1
10 10 1
69 69 1
43 43 1
97 97 1
22 22 1
72 72 1
112 112 1
118 119 1
119 119 1
28 28 1
108 108 1
32 32 1
32 32 1
66 66 1
84 84 1
117 119 1
51 51 1
114 114 1
92 92 2
57 57 1
26 26 1
24 24 1
102 102 1
78 78 1
49 49 1
69 69 2
90 90 1
31 31 1
87 88 1
10 17 1
70 70 1
69 70 2
41 45 1
44 44 1
26 26 1
43 43 1
120 121 1
47 47 1
115 115 1
3 3 1
46 46 1
70 70 1
56 56 1
63 63 1
49 49 1
31 31 1
7 8 1
25 25 1
11 11 1
120 120 2
38 38 1
25 25 2
68 68 1
69 70 1
55 55 1
34 35 1
39 39 3
115 115 1
42 42 1
15 102 1
104 104 1
57 57 1
119 119 1
97 97 1
83 83 1
71 71 1
54 55 1
3 3 1
30 30 1
5 5 1
53 53 1
55 55 1
5 5 1
4 4 1
20 20 1
40 41 1
10 10 1
7 7 1
54 54 1
48 48 1
13 13 2
123 123 3
15 15 1
20 21 1
97 102 1
97 97 1
13 13 1
32 32 1
77 77 1
20 24 1
48 48 1
32 32 1
110 110 1
24 24 1
119 119 1
43 45 1
100 100 2
70 70 2
6 6 1
36 36 1
18 18 1
47 47 1
92 92 1
40 54 1
50 107 1
17 78 1
52 56 1
101 101 1
25 25 1
118 121 1
9 9 1
7 7 1
43 43 1
15 15 1
20 21 1
73 76 1
95 95 1
27 86 1
92 92 1
16 16 1
122 122 1
14 14 1
58 58 1
62 62 1
24 24 1
55 55 1
119 119 1
92 92 1
4 4 1
36 36 1
54 54 1
86 86 1
46 46 1
109 110 1
103 103 1
105 105 2
26 26 2
71 71 1
47 47 1
74 75 1
61 61 1
104 104 3
60 60 1
119 119 2
113 116 1
28 28 1
52 52 1
46 46 1
32 32 1
114 121 1
116 116 1
115 115 1
117 117 1
30 30 1
57 57 1
34 34 1
37 37 1
15 16 1
118 121 2
61 61 1
97 98 1
67 67 1
63 63 1
49 49 1
31 31 1
35 35 1
111 111 1
108 109 1
70 70 1
66 66 1
60 60 1
97 105 1
22 22 1
95 95 1
85 85 1
15 15 1
30 31 1
87 87 1
66 66 1
28 28 1
60 67 2
88 88 2
49 49 1
77 77 1
13 15 1
13 77 1
83 83 1
34 34 1
79 79 1
45 45 1
6 6 1
20 20 1
119 119 1
37 37 2
95 95 1
11 11 1
109 109 1
66 66 1
42 43 1
105 106 1
30 30 1
87 93 1
41 41 1
23 24 1
4 4 1
119 119 1
4 7 1
68 68 1
67 67 1
106 106 1
3 3 3
81 82 1
79 79 1
119 119 1
58 58 1
7 7 1
30 31 1
80 80 1
26 26 1
27 30 1
29 29 1
10 10 1
87 87 1
29 29 1
29 30 1
45 45 1
39 39 2
66 68 1
60 60 1
86 86 1
97 98 1
92 92 1
84 84 1
89 90 1
79 111 1
99 99 1
107 107 1
87 87 1
44 44 1
52 52 1
24 24 1
37 37 1
87 87 1
27 27 1
8 8 1
50 50 2
77 77 1
119 119 1
113 113 1
18 18 1
70 70 2
74 75 1
52 52 1
109 109 1
21 21 1
54 54 1
96 103 1
36 36 1
16 16 1
23 24 1
118 119 1
45 48 1
14 15 1
83 83 1
104 104 1
72 72 1
74 74 1
54 54 1
97 97 1
9 9 1
38 38 1
18 18 1
44 45 1
119 119 1
74 74 1
75 75 1
109 110 2
117 117 1
72 108 1
4 4 1
77 77 1
123 123 1
52 52 1
26 26 1
36 36 1
111 116 1
73 73 1
106 106 1
84 85 1
100 100 1
118 118 1
69 70 1
121 121 1
58 58 1
48 48 1
67 67 1
25 26 1
25 26 1
118 118 2
76 76 1
61 61 1
117 117 1
30 30 1
37 37 1
50 50 1
116 116 1
15 15 1
84 84 1
36 36 1
107 107 1
96 96 1
96 96 1
104 104 1
78 78 1
106 107 1
120 121 1
24 24 1
88 89 1
61 62 1
18 18 1
26 26 1
64 64 1
83 83 1
11 11 1
96 96 1
9 9 1
102 102 1
95 95 1
113 113 1
39 39 1
48 48 1
66 66 1
20 20 1
29 29 1
57 57 1
70 70 1
59 59 1
88 88 1
80 80 1
29 29 1
46 46 1
48 48 1
74 74 1
68 68 1
103 103 1
83 83 1
88 88 1
34 34 1
45 45 1
25 26 1
117 117 1
7 7 1
50 54 1
85 85 1
49 49 1
24 24 1
35 36 1
3 4 1
41 43 1
111 111 1
48 48 1
120 120 2
43 43 1
106 106 1
64 64 1
98 98 1
97 97 1
122 122 1
9 9 1
103 103 1
60 62 1
15 15 1
56 56 1
69 69 1
26 26 1
114 114 1
22 26 1
21 21 1
26 26 1
67 67 1
21 58 2
55 55 1
59 59 1
6 6 1
113 113 1
81 81 1
37 37 1
22 26 1
13 13 1
60 60 1
100 106 1
108 108 1
82 83 1
21 21 1
20 76 1
45 45 1
11 12 1
111 111 1
46 46 1
31 31 1
107 108 1
43 43 1
27 27 1
42 42 1
101 101 1
43 45 1
10 11 1
27 27 1
27 27 1
80 80 2
64 64 1
118 119 1
113 121 1
32 33 1
60 60 2
91 96 1
114 117 1
30 30 1
99 100 2
74 74 1
97 97 1
47 47 1
36 37 2
84 84 1
96 96 1
95 95 1
103 103 1
83 83 1
41 41 1
62 62 1
47 47 1
103 103 1
61 61 1
39 39 1
38 38 1
53 53 1
73 73 3
18 78 1
36 36 1
119 119 1
84 84 1
118 119 1
20 20 1
29 29 1
94 94 1
46 48 1
37 37 1
26 26 1
63 64 1
105 105 1
19 19 1
55 56 1
97 97 1
20 20 2
48 48 1
21 21 1
3 3 1
26 26 1
39 39 1
70 70 1
59 62 1
115 115 1
62 62 1
89 89 1
75 75 2
67 67 1
107 107 1
54 54 1
121 121 1
81 81 1
42 42 1
64 64 1
69 69 1
38 38 1
92 92 1
63 64 1
29 29 1
98 98 1
61 61 2
21 21 1
98 98 1
54 54 1
44 44 1
64 64 1
108 108 1
108 108 1
61 61 1
26 26 1
64 64 1
45 45 1
44 44 1
65 65 1
64 64 1
82 83 1
84 84 1
57 57 1
22 74 1
100 105 1
11 11 1
42 42 1
51 51 1
46 48 1
10 10 1
28 28 1
101 102 1
97 97 1
115 115 1
53 53 1
22 23 1
13 13 1
48 48 1
76 76 1
54 54 1
48 48 1
40 62 1
36 36 1
31 31 1
64 64 1
106 122 1
30 30 1
32 32 1
4 4 1
76 76 1
51 52 1
114 114 1
40 40 1
5 5 1
40 43 1
118 118 1
111 111 1
48 48 2
82 82 1
40 45 1
22 22 1
82 82 1
63 73 1
39 39 1
28 87 1
60 60 1
106 106 1
49 49 1
20 20 1
108 108 1
77 77 1
27 27 1
68 68 1
92 92 2
4 4 1
49 49 1
44 44 1
9 9 1
35 35 1
53 53 1
71 71 1
24 24 1
88 88 1
101 101 1
57 57 1
78 110 1
67 67 1
10 10 1
14 14 1
80 80 1
34 34 1
66 67 1
26 26 1
119 119 1
87 87 1
96 96 1
121 121 1
51 51 1
102 103 1
86 86 1
49 49 1
97 97 1
83 83 1
45 45 1
119 119 1
100 100 1
38 38 1
99 103 1
18 18 1
99 99 1
29 29 1
105 105 1
84 84 1
14 14 1
20 20 1
65 71 1
56 56 1
52 52 1
57 57 1
74 75 1
71 72 1
57 57 1
114 114 1
45 50 1
55 55 2
34 34 1
69 69 1
7 7 1
41 41 1
112 112 1
94 94 1
35 35 1
113 113 1
85 85 1
16 16 1
83 83 1
20 20 1
41 41 1
89 89 1
89 89 1
69 69 1
54 54 1
66 71 1
63 63 1
67 67 1
89 90 1
60 60 1
78 110 1
84 84 1
117 119 1
34 34 1
59 59 1
50 50 1
55 55 1
59 59 1
69 69 1
117 117 1
6 6 1
103 104 1
73 73 2
115 115 1
57 57 1
56 57 2
82 82 1
87 87 1
101 101 2
110 110 1
67 67 2
11 12 2
44 44 1
48 48 1
119 119 1
71 71 1
15 82 1
77 83 1
100 100 1
33 35 1
10 12 1
67 67 1
8 8 1
57 57 1
107 107 1
74 74 1
72 72 2
10 10 1
45 45 1
86 87 1
42 45 1
64 65 1
89 89 1
19 91 1
39 41 1
46 46 1
34 34 1
104 104 1
46 46 1
121 121 1
47 47 1
47 47 1
50 50 1
63 63 1
88 88 1
97 97 1
97 97 2
45 45 1
121 121 1
119 120 1
30 30 1
46 46 1
45 45 1
118 118 1
15 81 2
62 73 1
7 7 1
63 63 1
56 56 2
99 100 1
84 85 1
34 34 1
48 48 1
19 19 1
70 70 1
119 119 1
27 27 1
61 61 1
104 104 1
54 54 1
80 80 1
51 51 1
96 96 1
76 77 1
90 93 2
20 20 1
62 62 1
4 4 1
108 109 1
4 4 1
60 60 1
39 39 1
44 44 1
35 35 1
54 54 1
15 15 1
46 46 1
27 27 1
82 84 1
16 16 1
34 34 1
116 116 1
114 114 1
58 58 3
32 32 1
63 66 1
38 38 1
70 70 1
56 56 1
22 84 1
83 83 1
22 23 1
92 92 1
14 20 1
29 29 1
89 89 1
82 82 1
66 66 1
37 37 2
119 119 1
119 119 1
27 27 1
13 77 1
20 20 1
79 79 1
99 99 1
51 51 1
6 6 2
7 7 1
5 5 1
35 35 1
42 45 1
103 104 1
102 102 1
75 76 2
83 83 1
76 76 1
103 103 1
36 36 1
99 105 1
74 74 1
106 106 1
24 25 1
6 6 1
4 7 1
34 34 1
85 85 1
59 59 1
6 10 1
120 120 1
79 79 1
80 80 1
85 85 1
60 60 1
105 105 1
15 15 2
64 64 1
43 43 1
113 113 1
19 19 1
39 39 1
15 15 2
70 70 1
120 120 1
36 37 1
108 108 1
122 122 1
75 75 2
89 89 1
5 5 1
104 104 1
101 104 1
117 117 1
5 5 1
84 84 1
46 47 1
46 46 1
15 15 1
118 118 2
79 79 1
87 87 1
121 123 1
99 100 1
20 21 1
79 79 2
103 103 1
73 73 1
94 94 1
72 72 1
67 72 1
112 112 1
14 14 1
54 55 2
105 105 1
65 67 1
79 80 1
57 57 1
74 74 1
106 106 1
8 8 1
86 86 1
66 66 1
100 100 1
48 48 2
25 25 2
81 82 1
55 55 1
25 25 1
23 23 1
113 113 1
83 83 1
6 6 1
34 34 1
21 21 1
8 8 1
67 67 1
36 37 1
71 72 1
16 16 1
43 43 1
80 80 1
39 44 1
20 21 1
4 4 1
10 91 1
68 69 1
103 103 1
29 29 1
59 59 1
103 103 1
36 62 1
35 36 1
24 25 1
36 36 1
19 20 1
107 107 1
46 47 1
49 49 1
83 83 1
23 23 1
117 117 1
45 45 1
104 104 1
20 31 1
113 113 1
107 107 1
5 5 1
35 35 1
119 121 1
94 94 1
86 86 1
52 52 1
32 32 2
96 96 1
63 64 2
35 36 1
97 97 1
30 30 2
3 3 1
97 100 1
116 117 1
52 52 1
6 6 1
59 59 1
116 116 1
