5	6	1
15	15	1
38	38	1
74	74	2
8	14	1
72	72	4
49	68	1
51	52	1
63	63	3
75	75	1
80	80	1
8	8	1
51	69	1
45	45	3
64	64	3
70	70	3
27	29	1
30	31	1
78	78	4
4	4	2
73	73	3
13	14	1
11	12	2
54	54	2
53	71	1
57	57	3
42	42	3
61	61	3
42	43	2
12	12	3
79	79	2
34	34	1
3	4	2
68	70	2
47	47	1
35	35	2
32	32	2
56	56	1
9	9	2
67	67	1
25	25	1
51	51	1
55	55	3
2	2	3
8	37	1
54	55	1
60	60	2
28	28	1
32	33	2
12	14	1
6	6	1
8	20	1
4	5	1
59	60	1
40	41	1
48	48	1
8	26	1
1	1	1
39	67	1
54	65	1
27	27	2
35	36	1
64	65	1
20	20	1
41	41	1
37	37	1
76	76	2
66	66	2
29	30	1
40	43	1
31	31	1
13	15	1
41	46	1
8	18	1
34	35	1
41	55	1
46	46	1
