bin1    bin2    count
102 102 1
88 88 2
56 56 1
22 22 2
82 82 1
25 25 1
16 16 1
76 76 1
98 98 1
100 101 1
57 57 1
7 7 1
70 70 1
6 6 1
3 3 1
45 45 2
88 88 1
32 32 2
8 13 1
29 29 1
102 102 1
63 63 1
29 29 1
27 27 1
25 25 1
50 50 1
91 91 1
14 14 1
99 99 1
86 86 1
80 80 1
66 66 1
61 61 1
16 16 1
78 78 1
15 25 1
101 101 2
24 25 1
76 76 1
12 93 1
15 32 1
13 13 1
14 14 1
68 68 1
50 50 1
10 10 1
29 74 1
92 92 1
54 54 1
59 60 1
22 22 1
15 15 1
86 86 1
27 27 1
20 20 1
33 60 1
87 87 1
6 6 1
42 43 1
99 99 1
7 7 1
32 32 1
41 42 1
57 57 1
79 79 1
12 12 1
47 47 1
53 53 2
33 33 1
18 18 1
18 18 1
5 6 2
50 50 2
94 94 1
100 101 1
49 51 1
88 88 1
6 7 1
100 100 1
92 92 1
22 22 1
78 95 1
22 23 2
15 15 1
66 66 1
84 84 1
89 89 1
103 103 1
17 17 1
56 56 1
75 75 2
3 33 1
101 101 1
4 4 1
74 74 1
29 29 1
71 71 1
62 62 1
101 101 1
4 4 1
82 82 1
75 75 1
15 15 1
24 24 1
54 54 1
4 4 1
79 92 1
13 13 1
46 47 1
27 27 2
13 13 1
31 34 1
51 51 2
63 63 1
31 34 2
33 34 1
50 50 1
67 67 1
81 81 1
70 70 1
53 53 1
36 79 1
83 83 1
67 87 1
83 83 1
58 58 1
3 3 1
14 16 1
90 90 1
72 72 1
76 76 1
51 51 1
18 18 1
70 70 1
42 42 1
12 12 1
28 28 1
71 71 1
4 4 1
17 17 1
84 84 1
87 87 1
22 22 1
44 44 1
85 85 1
87 94 1
83 83 2
23 23 1
45 45 3
68 69 1
47 47 1
53 53 1
18 27 1
6 6 1
9 9 1
96 96 1
7 7 1
60 60 1
17 17 1
36 36 1
81 81 1
12 12 1
84 95 1
62 62 1
77 77 1
82 82 4
78 78 1
86 86 2
83 83 1
47 47 1
39 39 1
86 88 2
89 89 1
97 97 1
47 47 1
53 53 1
89 89 1
51 51 1
79 79 1
17 17 1
83 83 1
81 81 1
61 62 1
65 65 1
12 12 1
56 56 1
89 89 1
93 93 1
45 45 1
59 60 1
60 60 1
76 76 1
94 94 1
69 69 1
51 51 1
81 81 1
36 36 1
99 99 1
53 53 1
94 94 1
26 59 1
28 39 1
10 11 1
69 69 1
15 15 1
67 67 1
59 59 1
58 58 2
8 8 1
80 80 1
54 54 1
27 27 1
37 37 1
16 62 1
59 59 1
6 6 1
29 29 1
57 57 1
80 80 1
6 7 1
70 70 1
34 34 1
62 93 1
47 47 1
22 22 2
91 91 1
78 78 1
101 101 1
16 16 1
73 73 1
26 26 1
13 13 1
36 36 1
35 35 1
91 91 1
50 50 1
67 67 1
10 10 1
81 81 2
77 77 1
68 97 1
94 95 1
40 42 1
6 6 1
50 69 1
39 40 1
36 36 1
64 64 2
18 60 1
43 44 1
13 13 1
44 44 1
83 83 1
29 29 1
83 83 1
88 88 1
88 88 1
13 14 1
43 43 1
15 15 1
6 7 1
33 33 1
58 58 1
61 62 1
4 4 1
74 74 1
75 75 1
85 86 1
20 21 1
63 63 1
62 62 1
15 17 1
15 15 1
51 51 1
97 97 1
17 17 2
101 101 1
20 20 1
80 80 1
4 4 1
65 91 1
45 45 1
25 25 2
56 56 1
30 30 1
25 25 1
95 95 2
72 92 1
13 38 1
15 15 1
26 28 1
10 10 1
91 91 1
52 52 1
47 47 1
80 80 1
73 73 1
31 32 1
12 12 1
37 37 1
20 20 1
44 44 1
6 6 2
66 66 2
91 91 1
75 75 1
96 97 1
72 73 1
32 32 1
94 94 1
41 41 1
89 89 1
70 70 1
64 64 1
37 37 1
97 97 1
10 10 1
60 61 1
50 50 1
40 40 1
21 21 1
63 63 1
30 31 1
87 88 2
41 41 1
72 72 1
48 48 1
79 79 1
5 5 1
78 78 1
72 73 1
54 91 1
22 23 1
30 30 1
57 57 1
60 61 1
61 61 1
29 29 1
44 44 2
33 33 1
6 6 1
9 9 1
5 5 1
102 102 1
35 35 1
72 72 1
44 44 1
61 61 1
95 95 1
54 54 1
31 31 1
55 55 1
51 51 1
75 82 1
52 52 1
68 68 1
4 4 1
8 8 1
12 12 1
35 35 1
36 36 1
73 73 1
61 61 1
48 49 1
84 84 1
26 26 1
85 85 1
25 25 1
51 51 1
3 3 1
81 81 1
83 83 1
41 41 1
102 102 1
7 30 1
45 45 1
102 102 1
79 79 1
32 32 1
9 9 1
39 39 1
65 65 1
66 68 1
55 55 2
81 81 1
23 23 1
80 80 2
62 62 1
62 62 1
57 57 1
25 25 1
17 17 1
48 75 1
60 60 1
16 25 1
6 6 1
16 16 1
44 44 1
25 25 1
98 98 1
76 76 1
8 8 1
27 27 1
7 7 3
5 6 1
71 94 1
102 102 1
61 63 2
89 89 1
80 80 1
45 45 1
84 84 1
90 90 1
66 66 1
100 100 1
52 52 1
79 79 1
61 61 1
26 27 1
21 21 1
97 97 1
84 84 1
76 76 1
27 27 1
10 10 1
88 89 1
35 35 1
87 87 1
61 61 2
67 67 1
73 73 1
69 69 1
26 59 1
20 20 1
48 48 1
19 21 1
78 78 1
75 75 1
53 75 1
23 23 1
44 44 1
27 27 1
54 54 1
101 101 1
16 16 1
38 38 1
31 41 1
18 18 1
75 75 1
4 4 1
70 71 1
9 92 1
5 5 1
47 47 1
90 90 1
50 50 2
86 86 1
58 58 2
12 12 1
5 5 1
85 85 1
103 103 1
16 17 1
93 93 1
42 43 1
34 34 1
6 6 1
12 12 1
25 25 2
43 43 1
39 39 1
64 66 1
7 7 1
28 72 1
68 70 1
35 35 1
50 50 1
91 91 2
82 83 1
62 62 1
21 21 1
16 16 2
26 26 1
34 34 1
52 52 1
76 76 2
82 82 1
48 48 1
58 58 1
80 80 1
101 101 1
15 15 1
72 72 1
61 61 1
38 85 1
96 96 1
93 93 1
40 40 1
44 44 1
101 101 1
62 62 1
91 91 2
77 77 1
87 88 1
4 6 2
84 85 1
12 12 1
60 70 1
30 30 1
59 59 1
43 44 1
10 10 1
27 27 1
77 77 1
71 94 2
4 7 1
59 59 1
83 83 1
57 57 1
70 94 1
54 54 1
63 92 1
54 55 1
40 103 1
6 6 1
78 78 1
80 80 1
76 76 1
67 87 1
71 71 1
42 44 1
49 92 1
72 72 1
76 76 1
73 73 1
10 10 1
54 54 1
55 55 1
28 28 1
69 69 1
10 10 1
72 72 1
53 53 1
8 9 1
50 50 1
3 3 1
93 93 1
52 52 2
61 65 2
58 58 1
15 15 1
78 98 1
26 70 1
102 102 2
98 98 1
34 34 1
7 7 2
76 76 1
67 67 1
22 22 1
72 72 1
26 71 1
83 83 1
38 38 1
67 67 1
50 50 1
46 46 2
23 23 1
16 16 2
65 65 1
5 5 1
22 22 1
21 21 1
62 62 1
23 24 1
29 29 1
75 75 1
11 11 1
73 73 1
85 85 1
44 44 1
103 103 1
58 58 1
96 96 1
67 67 2
94 94 1
101 101 1
31 58 2
15 15 1
58 58 1
8 8 1
13 13 1
62 62 1
8 8 1
81 81 1
29 29 1
25 26 1
84 85 1
13 13 1
29 42 1
75 75 1
34 34 1
53 53 1
3 7 1
102 102 1
76 76 1
96 96 1
16 16 1
40 40 2
27 27 2
68 68 1
101 101 1
37 38 1
31 31 2
69 69 1
32 32 1
80 80 1
98 98 1
59 59 1
8 8 1
14 26 1
91 91 1
61 61 1
18 18 1
65 65 1
48 48 1
27 27 1
6 6 1
8 91 1
5 7 1
6 6 1
21 21 1
78 78 1
65 65 1
15 15 1
92 92 1
34 34 1
13 38 1
79 81 1
17 17 1
85 85 2
65 65 1
93 94 1
26 26 1
32 32 1
96 96 1
50 51 1
19 19 1
21 21 1
42 42 1
94 94 1
70 70 1
32 32 1
65 65 1
81 81 2
77 96 1
8 8 1
81 81 1
95 95 1
75 75 2
58 58 1
76 76 1
88 88 1
41 41 1
50 90 1
55 55 2
34 34 1
30 30 1
79 79 1
65 65 1
72 72 3
87 87 1
102 102 1
99 99 1
31 31 1
6 7 2
30 73 1
78 78 2
71 71 1
23 23 1
42 43 1
18 18 1
57 57 1
25 25 3
4 4 1
87 87 1
80 80 1
100 101 1
4 4 2
35 35 1
27 27 1
27 27 1
29 29 1
89 89 1
42 42 1
61 61 2
99 99 1
17 17 1
32 32 1
62 62 1
69 70 1
93 93 1
64 64 1
26 26 1
48 48 3
63 63 1
66 66 1
81 81 1
62 62 1
69 69 1
25 25 1
20 21 1
94 94 1
27 29 1
82 82 3
8 8 1
52 52 1
82 87 1
101 101 1
90 90 1
61 61 1
43 43 1
26 26 1
69 69 1
94 94 1
3 7 1
28 28 1
5 5 1
37 37 1
81 81 1
56 56 1
57 57 1
82 85 1
99 99 1
68 72 2
89 89 1
73 73 1
67 67 1
76 76 1
36 36 1
85 85 1
88 88 2
16 16 1
84 87 1
17 17 1
94 94 1
75 97 1
24 25 1
76 76 1
8 8 1
11 11 1
14 14 1
73 73 1
14 14 1
57 57 1
46 46 3
36 37 1
63 63 1
98 98 1
8 8 1
88 88 1
96 96 1
17 17 1
80 80 1
53 53 1
11 11 2
60 60 1
20 20 1
5 6 1
40 40 1
96 96 1
63 63 1
32 32 1
55 55 1
12 12 1
27 27 1
92 92 1
18 18 1
20 20 1
101 101 1
64 64 1
80 80 1
102 102 2
14 14 1
35 35 1
54 54 2
12 12 1
61 61 1
101 101 2
7 7 1
67 67 1
51 69 1
30 30 1
5 5 1
69 69 1
44 44 1
80 80 1
57 57 1
73 74 2
92 92 1
81 81 1
5 5 1
101 101 1
102 102 1
80 80 1
81 81 1
66 66 2
48 48 1
10 10 1
64 64 1
11 11 1
54 54 2
81 81 1
54 91 1
28 28 1
49 49 1
5 5 1
62 62 1
69 69 1
52 52 2
86 86 1
22 22 1
61 61 2
98 98 1
102 102 1
80 80 1
26 71 1
54 54 1
81 81 1
49 56 1
96 97 1
16 16 1
102 102 1
29 29 1
25 25 1
31 31 1
15 15 1
69 69 2
7 7 3
82 83 2
50 50 1
67 67 1
10 10 1
98 98 1
63 63 1
12 12 1
15 15 1
79 79 1
42 43 1
91 91 1
101 101 1
41 41 1
30 30 1
82 82 1
62 62 2
97 97 1
39 39 2
51 51 1
33 33 1
83 84 2
91 91 2
55 55 2
98 98 1
66 66 2
60 60 1
53 53 1
102 102 1
82 82 1
81 81 1
80 80 1
81 81 1
77 96 2
40 40 1
35 35 1
81 81 1
3 3 1
65 65 1
82 82 3
18 18 1
73 73 1
76 76 1
98 98 1
24 24 1
34 34 2
15 15 1
7 30 1
36 36 1
49 49 1
30 64 1
68 94 1
41 41 1
26 26 1
16 16 1
17 17 1
6 6 1
74 74 1
9 9 2
25 25 2
30 31 1
76 79 1
86 86 1
87 87 1
36 36 1
5 5 1
17 43 1
44 44 1
14 14 1
6 6 1
13 13 2
10 10 1
93 93 2
31 33 1
12 12 1
28 28 1
98 98 1
36 36 1
59 59 1
52 52 1
3 3 1
40 40 1
34 34 1
4 4 1
47 47 1
97 97 1
45 45 1
67 97 1
78 78 2
35 35 1
6 6 1
83 84 1
86 86 1
3 22 1
53 53 1
4 4 1
14 14 1
39 39 1
69 95 1
26 94 1
30 30 1
53 53 1
58 58 1
87 88 1
30 30 1
71 94 1
62 62 1
14 14 1
91 91 2
14 14 1
75 75 1
71 92 1
66 101 2
79 79 1
6 6 1
70 70 1
86 86 1
100 100 1
40 40 1
40 40 1
7 7 1
101 101 1
44 44 1
4 4 1
71 71 1
55 55 1
25 25 1
98 98 1
31 32 1
60 60 1
44 44 1
20 20 1
23 24 1
41 41 1
50 50 2
56 56 1
39 39 1
49 49 1
64 64 2
12 12 1
76 76 1
29 29 1
7 7 1
34 36 1
21 21 1
76 76 1
54 54 1
54 55 1
31 103 2
12 12 1
23 23 1
88 88 1
102 102 1
58 58 1
7 27 1
72 93 1
4 4 1
79 80 1
24 24 1
76 76 1
92 92 1
88 88 1
85 85 2
22 22 1
69 69 2
80 80 1
62 63 1
79 79 1
51 51 1
6 6 1
55 55 1
30 30 1
71 71 1
44 44 2
9 92 1
12 12 1
3 34 1
70 70 1
52 90 1
98 98 1
27 27 1
11 12 1
101 101 1
75 75 1
99 99 1
55 55 1
20 20 1
68 92 1
26 26 1
25 25 1
41 41 1
15 15 1
57 57 1
12 12 1
62 62 1
52 52 1
13 13 1
45 45 1
34 34 1
53 83 2
80 80 1
81 81 1
43 43 1
12 12 1
57 57 1
6 50 1
76 79 1
41 41 1
70 70 1
29 29 1
17 43 1
50 50 1
32 32 1
58 58 1
76 76 1
55 55 1
15 15 1
10 10 1
18 26 1
44 44 1
52 52 2
98 98 1
25 25 3
97 97 1
76 76 1
55 55 1
32 58 1
18 18 1
7 7 1
45 46 2
77 77 1
54 54 1
28 28 1
54 54 1
73 73 1
102 102 1
91 91 1
9 27 1
81 81 1
60 60 1
71 71 1
91 91 1
12 12 1
53 53 1
5 5 1
51 51 1
97 97 1
41 41 1
83 83 1
3 25 1
42 43 1
67 88 1
76 76 1
4 4 1
70 70 1
13 80 1
72 72 1
47 47 1
94 94 1
4 4 2
16 17 1
27 27 1
36 36 1
83 83 1
42 42 1
25 25 1
79 79 1
55 55 1
72 72 1
11 11 1
3 52 1
83 83 1
96 96 1
25 25 1
51 51 1
21 22 1
67 67 1
97 97 1
29 54 1
65 65 1
63 63 1
42 42 1
63 63 1
27 27 1
44 45 1
93 93 2
62 72 1
10 10 1
5 5 1
78 78 1
83 83 1
30 30 1
77 77 1
101 101 1
13 14 1
49 81 1
36 36 1
55 91 1
12 12 1
66 66 2
79 79 1
63 63 1
16 16 1
8 8 1
68 69 1
33 33 1
55 55 1
88 88 1
75 75 1
