bin1    bin2    count
92 92 1
93 93 1
94 94 2
54 54 2
107 124 1
100 100 1
75 77 1
16 16 1
113 113 1
49 49 2
109 110 2
21 21 2
13 28 1
45 45 1
97 97 1
7 13 1
48 48 1
65 65 1
52 52 1
71 71 1
66 66 1
48 73 2
19 19 2
111 124 1
98 98 2
3 5 2
54 66 1
45 47 1
33 33 1
88 88 1
97 97 1
12 12 2
36 36 1
108 108 1
50 50 1
109 109 1
6 6 2
60 94 1
123 123 1
126 128 1
38 38 2
61 61 1
52 52 1
31 31 1
89 89 1
35 50 1
16 19 1
24 24 1
13 15 1
43 43 1
79 79 1
36 37 1
56 66 1
107 107 1
48 49 1
11 37 2
7 7 1
95 95 1
75 75 1
56 69 1
9 12 1
88 88 1
67 67 1
86 86 1
75 75 2
36 78 1
90 90 2
29 32 1
107 107 1
18 21 2
30 30 1
48 48 1
121 121 1
96 96 2
113 113 1
48 48 1
3 9 1
27 27 1
112 129 2
38 38 1
64 64 2
22 30 2
54 72 1
50 50 1
52 52 1
126 126 1
99 120 1
16 16 1
87 87 1
3 3 1
120 120 4
46 65 1
70 70 1
46 46 1
97 97 1
16 16 2
12 12 1
67 67 2
53 53 1
33 33 1
39 39 3
38 78 2
100 100 1
115 115 1
9 9 1
6 6 2
55 55 2
106 106 2
58 58 1
72 72 1
120 120 1
61 61 2
25 26 2
33 33 2
30 30 2
18 18 1
39 78 1
108 108 1
68 68 1
4 4 1
19 19 4
96 96 1
105 105 2
56 56 1
102 102 1
17 17 1
83 83 1
34 34 3
27 27 1
12 12 1
23 23 1
8 8 1
68 68 1
57 57 1
26 26 1
13 35 1
4 55 1
85 85 1
69 69 1
97 97 1
87 87 1
106 106 2
77 112 1
68 69 1
13 13 1
92 92 2
13 36 1
117 118 1
16 17 2
86 87 1
20 20 1
38 39 2
13 28 1
112 113 1
120 120 3
31 31 2
125 125 1
102 102 1
10 10 2
11 12 1
8 8 1
89 128 1
63 63 2
22 23 1
59 59 2
89 89 1
8 8 1
83 83 1
26 26 1
13 13 3
55 55 1
10 10 1
37 37 1
95 95 1
19 19 2
71 71 3
10 10 2
102 102 3
50 50 2
57 57 1
54 54 2
86 87 1
87 87 2
54 56 1
50 64 1
3 56 1
93 93 1
107 107 1
108 108 2
16 16 1
41 41 1
123 124 1
43 43 1
118 118 1
115 115 1
92 92 1
24 30 1
9 9 2
30 30 1
50 50 3
109 109 1
39 39 1
48 74 1
62 62 1
70 77 2
21 21 2
115 115 1
85 85 1
82 82 2
107 129 1
125 125 2
102 102 2
105 105 1
12 12 1
23 23 1
15 16 3
100 100 2
23 32 1
129 129 1
13 13 1
124 124 1
76 76 1
72 95 1
106 107 1
100 100 1
19 19 2
58 58 2
106 107 1
123 124 1
89 89 1
27 27 1
33 33 1
14 16 1
95 98 1
62 62 2
48 48 1
55 55 1
111 111 1
46 46 2
61 67 2
19 19 1
101 105 1
118 118 2
4 4 1
23 23 1
95 108 1
26 30 1
71 71 2
91 129 2
94 99 3
46 46 2
104 104 1
83 83 1
108 108 1
44 71 1
57 57 1
36 36 1
93 93 1
105 124 1
79 79 2
74 93 1
116 116 1
83 83 1
10 10 1
36 36 1
100 100 1
107 115 1
11 11 2
122 125 1
84 84 1
109 109 1
13 26 1
20 22 1
59 59 1
63 63 2
25 25 1
31 31 1
102 122 1
36 36 1
102 105 1
24 24 2
112 112 1
3 7 1
82 82 1
54 55 1
122 125 1
43 43 1
3 48 1
102 102 2
74 98 2
68 68 1
65 65 1
66 66 1
117 117 1
28 28 1
59 59 1
85 85 1
10 11 1
37 38 1
117 117 1
25 25 1
121 121 1
46 46 1
28 28 1
53 54 1
31 33 1
9 11 1
103 103 2
43 75 2
114 114 1
9 9 1
22 22 1
77 77 1
117 117 2
22 22 2
73 73 1
89 128 2
94 94 1
32 32 2
44 128 1
51 51 1
53 68 2
107 107 1
70 70 1
36 36 1
30 30 1
101 101 1
12 12 2
122 122 1
61 68 1
57 57 1
64 65 2
125 125 1
119 128 1
38 38 1
23 35 1
94 94 1
120 120 1
124 125 1
42 42 3
39 39 1
93 93 1
93 93 1
70 77 1
125 125 2
26 26 2
99 123 1
17 24 2
32 39 1
61 83 2
108 108 2
97 97 1
12 12 1
6 7 4
6 6 1
60 60 1
52 52 1
34 35 1
45 45 1
98 98 2
32 32 1
79 79 1
91 113 1
72 73 1
51 51 1
66 66 2
75 75 3
89 89 1
27 28 2
56 56 1
110 110 2
40 51 2
63 63 1
77 77 1
10 10 2
100 100 1
48 48 1
102 102 1
108 108 1
88 88 1
20 20 2
33 33 2
89 89 2
126 126 1
98 98 1
11 24 1
28 28 2
99 103 1
71 71 1
7 7 1
97 97 1
59 59 2
27 27 1
106 106 1
14 14 1
63 63 1
67 67 1
46 46 1
97 97 1
47 52 1
32 32 1
53 63 1
15 15 2
59 59 1
48 72 1
96 96 1
78 78 2
55 57 1
24 72 1
32 32 1
114 114 2
69 69 2
3 48 1
102 102 1
90 92 1
123 125 1
72 73 1
105 105 1
45 46 2
63 64 2
84 89 1
116 116 1
5 10 1
13 13 1
69 69 2
25 25 1
41 41 1
119 119 1
17 23 1
111 111 2
30 30 1
103 103 1
14 14 1
49 50 1
42 42 1
57 57 1
44 44 1
98 116 2
41 41 2
70 74 2
89 89 1
76 76 2
10 32 1
25 25 1
30 30 1
66 66 1
64 64 2
16 16 1
53 53 1
17 18 1
102 103 1
70 70 2
126 127 1
20 20 2
91 91 1
115 119 1
126 126 2
68 68 2
3 47 1
27 28 1
17 24 1
23 23 3
92 106 1
12 12 1
79 79 1
93 108 1
23 23 1
101 102 1
96 97 1
69 69 1
60 60 1
120 120 1
111 125 1
64 64 1
63 92 1
9 9 4
66 66 1
11 11 1
118 118 1
29 32 1
110 110 1
115 115 3
21 21 1
47 47 1
12 12 1
120 120 2
27 33 1
19 19 1
112 112 1
17 17 1
107 107 1
45 65 1
21 21 1
48 48 1
72 72 3
120 120 1
18 18 2
103 104 2
12 38 1
13 13 1
62 63 1
11 11 1
120 120 1
35 35 2
41 41 1
53 55 1
63 63 1
106 112 1
41 83 2
94 94 2
63 63 2
42 58 1
53 56 2
62 84 2
111 111 1
16 21 1
87 87 1
88 88 1
72 72 1
81 81 1
102 102 1
100 123 2
111 111 1
92 106 2
83 83 1
70 70 1
98 98 1
49 49 1
107 107 1
109 109 2
5 5 1
106 106 1
16 16 1
97 107 1
29 31 1
34 71 1
68 68 3
20 21 2
36 36 1
107 107 2
102 104 1
22 22 1
49 49 1
117 118 1
101 101 1
106 106 1
84 84 1
13 23 1
51 64 3
59 59 1
45 45 1
83 107 1
52 65 2
88 88 1
53 53 1
85 89 1
76 76 2
108 108 1
4 4 2
76 76 1
11 11 1
28 28 1
44 45 1
5 6 1
42 75 2
18 18 1
122 122 1
4 8 1
9 9 2
70 71 2
85 86 1
123 123 1
36 36 1
116 116 1
55 55 1
7 7 3
18 18 1
70 70 1
37 37 1
91 91 2
103 118 1
88 106 1
34 34 1
21 21 1
52 71 1
26 27 1
45 71 2
123 123 1
87 87 1
20 20 1
82 82 1
96 96 1
103 105 1
99 104 1
65 65 1
88 88 2
3 13 1
5 5 1
76 76 1
37 78 1
53 69 2
96 96 1
89 89 1
55 55 1
32 38 1
14 14 1
106 118 1
84 84 1
92 92 1
101 102 1
101 102 1
23 36 2
75 75 1
103 104 1
38 38 2
12 12 1
88 89 1
35 35 1
37 37 1
66 67 1
88 88 1
42 42 1
54 54 2
86 87 2
90 90 1
95 102 1
29 29 1
41 41 1
19 51 1
46 46 1
25 28 1
90 90 1
111 111 1
59 59 1
122 125 1
123 124 2
92 92 1
48 48 1
104 104 2
55 56 1
46 46 1
87 87 1
48 49 1
115 115 3
25 36 2
108 108 1
45 45 1
85 87 2
17 17 1
60 60 2
91 91 1
97 98 1
62 62 1
83 83 2
97 97 1
95 95 2
76 76 1
96 96 3
27 29 1
64 65 1
14 14 1
83 83 1
29 29 1
89 89 1
112 112 1
123 123 1
56 69 2
64 64 1
62 62 1
61 61 1
65 65 1
86 86 1
129 129 1
109 109 1
45 46 2
115 115 1
73 100 1
39 39 1
100 100 1
11 11 2
67 68 1
62 62 3
80 80 1
13 26 1
106 106 1
66 66 1
22 22 1
117 117 1
107 107 2
107 107 1
62 62 1
54 55 1
86 86 1
124 124 1
122 122 1
80 80 1
42 42 1
26 26 1
106 106 1
11 12 2
51 51 1
100 100 3
44 44 2
40 47 1
17 18 1
76 76 1
61 68 1
113 119 1
69 70 2
55 57 1
54 56 1
93 93 1
88 129 2
89 89 2
95 95 1
86 87 2
76 76 1
36 50 1
96 96 1
112 119 1
44 114 1
20 23 1
21 21 1
104 104 1
75 75 1
40 52 2
63 63 4
77 119 1
47 72 1
12 12 2
22 22 1
29 31 1
123 123 1
127 127 1
19 19 3
102 102 2
87 87 1
39 39 1
53 68 3
67 67 1
43 43 1
75 75 1
85 85 1
45 45 2
58 89 2
54 56 2
3 52 1
113 113 2
12 12 2
96 96 1
34 34 1
127 127 1
120 120 1
117 119 1
76 83 1
10 10 3
119 128 1
101 101 1
12 22 1
69 70 1
105 105 1
74 74 2
110 111 1
76 76 1
76 76 2
80 80 2
10 10 1
35 35 1
60 94 1
42 43 2
116 116 1
75 75 1
30 30 2
109 109 1
58 58 1
105 105 1
121 121 3
123 123 2
66 66 1
115 115 1
13 50 1
45 74 1
86 86 1
36 36 1
9 9 2
114 114 1
97 98 3
101 102 2
56 56 1
13 13 2
29 29 2
37 39 1
47 47 1
87 129 1
55 55 1
58 58 2
104 105 3
32 37 1
26 26 1
29 33 1
111 112 2
44 44 1
32 32 1
95 95 1
23 23 2
59 59 1
86 86 2
22 23 1
26 26 1
100 101 2
97 99 2
39 39 1
38 66 1
121 121 1
58 89 2
4 4 1
48 48 2
50 50 1
102 102 1
61 69 1
45 45 2
72 72 1
60 60 2
12 28 2
63 63 2
73 73 1
83 83 2
36 36 1
35 35 1
122 124 2
106 106 1
118 118 1
58 58 1
8 28 1
106 114 1
60 60 1
59 84 1
115 115 1
10 38 1
46 46 1
95 95 1
29 29 1
52 52 1
7 26 1
104 104 1
92 93 1
35 35 1
76 76 1
49 49 3
51 51 3
71 71 1
67 67 1
66 67 2
11 11 1
8 8 2
62 62 1
65 65 1
124 124 1
100 100 1
56 56 1
115 115 1
105 105 1
97 98 1
12 38 2
70 70 1
6 35 1
49 49 3
8 8 1
103 103 1
47 65 1
42 83 1
45 45 1
16 16 1
123 123 1
61 61 1
109 109 1
32 33 1
108 113 1
68 68 1
8 8 2
82 82 1
18 18 1
100 100 1
127 127 1
49 49 1
10 12 1
72 72 1
76 76 1
72 72 1
54 54 1
111 111 1
36 38 1
39 39 1
8 8 2
91 91 1
14 31 1
119 119 1
55 55 1
35 35 1
36 36 2
40 40 1
111 112 1
79 79 2
10 13 1
81 81 1
33 33 1
76 84 1
14 14 1
21 21 3
103 118 3
105 105 1
115 115 1
35 35 1
4 4 1
40 53 1
101 101 1
98 109 1
86 86 1
118 120 1
11 12 3
57 57 1
28 28 1
20 22 1
85 85 1
66 92 1
42 42 2
54 54 2
78 78 1
117 118 1
94 94 1
63 63 2
62 62 1
105 105 1
3 8 1
88 88 1
83 84 2
94 94 1
99 99 1
30 30 1
3 19 1
101 101 1
75 75 1
7 7 1
94 94 2
61 94 1
60 60 3
110 110 1
62 62 1
17 17 1
74 74 1
82 82 1
61 61 1
35 37 2
46 50 1
24 34 2
128 128 1
69 69 1
30 30 2
53 53 2
38 38 1
24 29 1
25 25 1
62 63 1
122 122 1
27 27 1
124 124 2
81 81 1
111 111 1
23 32 1
61 62 1
80 80 1
113 113 1
77 77 1
55 56 1
111 111 2
3 3 1
19 19 2
106 106 1
50 50 1
62 62 1
20 22 1
44 44 2
63 63 1
60 60 2
40 40 1
114 114 1
123 123 1
13 13 1
108 108 1
90 90 1
59 59 1
40 40 2
22 22 2
50 50 1
102 105 1
116 127 1
35 35 2
50 50 2
48 73 1
31 31 1
51 52 1
58 75 1
53 53 1
118 120 1
71 71 1
45 71 1
4 4 1
39 40 1
31 32 1
98 98 2
10 28 1
3 3 1
104 109 2
17 17 1
126 126 1
69 69 1
37 37 1
92 92 1
53 53 1
124 125 4
34 34 2
35 51 3
70 70 1
3 3 1
30 30 1
22 22 1
21 21 1
78 78 1
17 17 1
99 99 1
65 65 2
44 119 1
79 80 1
118 118 1
107 107 1
127 127 1
87 87 1
119 121 1
124 124 1
43 43 1
22 22 1
77 127 2
85 85 1
68 97 2
91 91 1
56 56 1
76 76 1
107 123 1
112 113 1
108 108 1
69 69 2
83 83 1
36 36 1
6 6 1
122 122 1
8 8 1
25 25 1
9 9 1
35 35 2
9 9 2
65 65 1
52 65 1
34 51 1
106 107 1
54 54 2
47 64 1
46 46 2
110 110 1
100 101 1
113 123 1
35 35 1
87 87 2
37 37 1
3 3 1
53 53 2
19 19 1
28 28 1
34 35 2
17 18 1
44 77 1
71 71 1
31 78 1
48 48 2
65 65 1
79 79 1
89 123 1
90 101 1
58 58 1
61 61 1
121 121 1
69 69 1
62 62 2
73 73 1
71 71 1
71 71 1
30 30 1
97 97 1
87 107 1
92 92 1
77 77 1
10 14 1
106 106 1
32 33 4
5 5 1
76 76 2
77 77 1
19 19 1
28 28 1
60 60 2
25 25 1
73 73 2
88 88 1
71 71 1
78 78 3
62 62 1
44 93 1
36 37 1
119 119 1
98 108 1
99 99 1
95 95 1
53 53 1
22 22 1
28 28 2
120 120 1
84 85 1
50 50 1
26 31 1
4 4 1
37 37 1
74 74 1
97 98 1
112 113 1
17 79 1
79 79 1
92 92 1
96 96 2
118 118 1
11 37 1
46 46 1
15 15 1
3 4 1
77 77 1
113 113 1
31 31 1
29 30 2
34 50 1
53 71 1
120 120 1
119 120 1
23 23 1
59 59 1
15 15 2
90 90 1
102 102 2
44 44 1
117 117 1
25 38 1
65 66 1
64 92 2
49 49 2
95 96 1
54 54 2
69 129 1
109 109 1
65 65 1
27 29 1
41 128 2
66 66 1
96 96 1
80 80 1
18 18 1
89 89 1
54 72 1
124 125 1
39 39 1
57 57 2
18 18 1
112 115 1
109 109 1
34 34 1
20 20 1
29 29 1
60 86 1
64 64 1
17 17 2
129 129 3
20 21 1
51 51 1
69 69 1
74 74 1
92 92 1
66 66 1
62 62 1
14 14 1
119 120 2
6 6 1
110 110 1
119 122 1
86 98 1
103 103 1
35 35 1
119 120 2
53 53 2
83 83 2
115 116 2
113 113 1
47 47 1
43 44 1
52 52 3
10 26 1
68 68 1
7 8 2
24 24 1
110 110 1
43 69 1
79 79 1
75 75 3
45 70 1
68 68 1
116 116 1
8 12 2
82 82 1
120 120 3
78 78 2
77 77 2
42 43 1
89 89 1
53 53 1
49 49 1
24 24 1
35 35 1
53 74 2
123 123 2
92 92 1
49 74 1
61 61 1
84 84 1
51 51 1
69 69 1
91 109 3
10 10 1
41 41 1
70 104 1
73 100 2
18 18 1
115 115 1
13 14 1
28 28 3
7 7 1
92 92 1
65 65 1
21 21 2
48 71 2
124 125 1
36 36 2
24 72 1
124 124 1
8 9 1
49 49 1
80 80 3
107 107 2
32 39 1
126 126 2
97 98 2
34 35 1
89 128 1
36 36 1
10 26 2
46 47 2
113 114 1
48 48 1
70 70 1
4 4 1
64 64 1
62 91 1
75 75 1
105 115 1
30 30 3
72 74 2
76 76 3
10 12 1
68 68 1
84 84 1
80 80 1
9 9 1
25 33 2
61 61 1
77 77 3
127 127 1
89 128 2
122 122 1
97 97 1
45 45 2
35 35 2
41 69 1
101 101 1
60 86 1
5 5 1
67 67 2
18 19 3
69 83 1
107 107 1
45 74 1
22 23 1
19 22 1
119 119 1
48 48 1
119 119 1
19 19 1
94 94 1
15 25 1
90 90 1
31 38 1
91 91 1
27 27 2
107 107 2
53 53 1
23 38 1
26 31 1
61 61 1
114 114 1
95 95 1
87 87 2
127 127 1
28 28 1
112 112 1
52 52 1
107 107 1
56 56 1
113 113 1
59 59 1
102 102 1
67 75 1
70 70 1
74 77 1
6 36 1
3 13 1
19 20 3
93 93 1
85 85 1
23 23 1
16 16 1
75 82 2
29 31 1
96 116 1
88 88 1
102 102 1
45 65 1
42 42 1
67 77 1
49 50 1
95 95 1
129 129 2
61 61 3
50 50 1
35 37 1
111 114 3
97 97 1
16 16 1
61 61 2
115 115 1
60 60 2
69 129 1
13 13 1
122 122 1
26 26 1
30 30 1
69 69 1
45 72 1
41 41 1
88 88 1
59 59 3
25 25 1
91 91 1
43 129 1
10 10 1
119 119 1
121 121 1
21 21 1
31 31 3
50 50 1
105 114 1
4 47 1
24 24 2
76 76 1
35 78 1
42 42 1
63 63 1
104 115 2
77 77 1
107 107 1
70 104 2
86 86 1
24 24 1
61 61 1
113 113 1
43 43 1
36 51 2
90 90 1
96 98 2
21 21 1
64 64 1
74 74 1
46 46 2
34 34 2
18 18 1
10 13 1
107 124 1
25 36 1
18 18 1
27 29 1
36 36 1
21 21 1
58 58 1
52 52 2
69 69 1
3 13 1
63 92 1
103 103 1
62 62 1
45 46 1
29 29 1
103 103 1
32 32 1
50 50 1
12 13 2
74 74 3
59 59 1
100 102 1
115 115 1
30 31 1
84 85 1
17 17 1
123 123 3
44 44 1
99 105 1
87 87 1
96 115 1
61 77 1
49 50 1
95 96 2
30 30 1
66 78 1
67 67 1
105 105 1
109 110 1
83 83 2
65 65 1
36 36 1
81 81 1
43 44 1
28 28 2
87 87 2
44 44 1
72 74 2
12 12 1
120 120 2
93 110 2
60 60 1
74 77 1
66 66 2
44 115 1
127 127 1
56 70 3
74 74 1
28 33 2
100 100 1
60 60 1
71 71 2
37 37 1
102 122 3
23 23 2
71 72 1
78 78 1
103 103 2
18 18 1
107 107 2
3 3 1
41 41 1
72 72 1
92 92 1
50 50 1
53 53 1
52 56 1
118 119 2
56 56 1
126 126 1
28 29 1
84 84 1
54 56 1
107 107 1
115 115 1
56 56 1
42 75 1
122 122 1
45 52 2
30 30 1
103 105 1
40 40 2
127 127 2
112 115 1
93 93 1
48 48 1
65 74 1
43 43 1
36 36 1
108 123 1
109 109 2
106 106 2
12 22 1
31 48 2
102 102 2
68 68 1
99 117 1
14 19 1
53 70 1
17 17 1
12 12 1
56 63 2
22 22 1
78 79 1
62 62 1
79 79 1
49 50 2
124 124 1
64 64 1
9 9 1
74 74 1
120 121 1
45 73 2
43 45 1
72 72 1
41 68 1
98 98 1
80 80 1
120 120 1
56 56 2
61 61 1
12 12 1
112 112 2
45 45 1
119 122 2
52 63 1
119 122 2
46 46 1
17 17 1
128 128 2
53 54 1
13 13 2
99 99 2
66 68 1
4 4 1
34 34 2
59 59 2
80 80 1
37 37 1
104 104 1
34 37 1
48 48 2
121 121 1
62 62 1
67 67 2
19 20 1
16 23 1
61 61 1
9 9 1
52 52 1
16 16 1
52 57 1
87 87 1
21 21 2
11 12 1
44 44 1
110 110 1
67 67 1
20 20 1
51 51 1
99 116 1
11 12 1
11 11 1
57 57 1
83 83 1
85 85 1
17 17 1
122 122 1
71 71 1
93 111 2
52 56 1
120 120 1
118 118 1
92 92 1
113 113 1
16 16 1
59 59 1
90 91 2
124 124 1
122 122 1
16 18 1
61 61 1
66 66 1
51 51 1
95 101 1
85 85 1
104 104 1
77 77 2
123 123 1
119 119 2
125 125 2
25 25 1
31 31 1
65 65 1
35 50 1
109 109 1
28 30 1
100 100 1
43 44 1
10 11 1
69 70 2
79 79 1
21 21 1
65 65 1
24 24 2
4 4 1
55 70 1
75 76 2
90 92 1
106 107 4
62 90 1
30 30 1
35 36 1
105 121 1
36 36 1
52 52 2
69 70 2
75 86 1
59 76 1
38 38 1
26 26 1
14 14 1
37 37 3
88 88 1
25 25 1
67 68 1
18 18 2
111 111 2
62 62 2
92 93 1
56 56 1
72 72 2
71 71 1
98 98 2
35 35 1
84 84 1
112 112 3
100 100 1
61 61 3
23 23 1
82 82 1
46 46 1
16 16 1
41 83 2
22 23 1
53 71 1
100 101 1
8 8 2
40 40 1
33 33 1
54 54 1
83 83 1
63 64 1
24 24 1
89 89 1
25 25 1
109 109 2
16 18 3
105 105 2
120 120 1
63 63 2
42 42 1
74 74 3
36 36 3
53 82 1
24 30 1
18 26 1
94 94 1
105 123 1
108 108 1
74 74 1
77 77 2
39 39 1
127 127 3
20 20 1
96 114 1
60 60 2
36 36 1
50 51 1
10 11 1
101 101 1
106 123 1
80 80 1
13 13 1
25 25 1
75 85 1
46 46 1
102 102 1
30 30 1
28 28 2
10 35 1
38 38 1
7 7 2
86 86 1
97 97 1
88 88 1
65 65 1
69 70 1
55 66 1
12 26 1
47 74 1
116 116 1
16 16 1
92 92 1
97 97 2
8 9 1
56 56 1
103 103 2
103 103 2
86 86 1
11 11 1
4 4 1
93 93 1
64 64 1
49 49 1
13 13 1
119 119 1
5 5 1
107 107 2
105 123 1
33 34 1
70 77 5
27 27 1
12 31 2
86 86 1
16 16 1
100 100 2
99 103 1
8 8 1
68 68 2
108 108 1
59 59 1
120 120 1
127 127 1
113 113 1
3 19 1
97 124 1
50 50 1
91 91 1
104 104 1
95 96 1
22 22 1
45 45 1
34 48 1
119 126 1
107 124 3
90 90 1
62 62 1
95 95 1
80 80 1
91 91 2
11 37 1
66 66 1
117 118 5
11 30 1
45 98 1
128 128 1
91 91 1
76 76 1
9 9 1
105 105 2
54 54 1
123 123 1
112 112 2
66 66 1
119 119 2
127 127 1
22 22 1
49 69 1
107 107 2
31 32 1
86 86 2
54 54 1
14 27 1
125 125 1
84 84 1
122 122 1
28 28 1
111 115 2
119 126 1
6 6 1
60 60 2
76 76 1
14 36 1
114 125 1
60 60 1
83 83 1
108 108 1
45 74 1
61 61 2
104 104 1
5 5 1
46 47 1
40 80 1
57 57 1
118 119 2
57 57 1
58 59 1
91 91 2
57 57 2
95 96 2
94 94 1
65 65 1
26 38 1
45 45 1
67 67 1
14 36 2
11 11 1
84 84 2
59 59 1
112 112 2
45 45 1
90 91 3
40 65 1
96 96 1
31 31 1
92 92 1
90 90 1
24 25 1
23 23 2
124 124 1
38 38 1
93 93 1
82 82 1
103 103 1
67 67 2
95 95 1
86 87 1
5 5 1
41 41 1
79 79 1
100 101 1
87 87 1
44 44 1
65 65 1
44 71 1
73 73 1
27 31 2
3 4 1
114 114 1
104 120 1
37 37 1
102 102 1
23 23 1
69 69 1
58 58 1
5 5 1
51 65 3
15 16 1
38 78 1
75 75 1
25 36 1
106 128 1
9 38 1
75 82 1
21 21 1
88 88 1
105 123 1
96 97 1
42 42 1
20 20 1
70 70 1
72 72 1
41 42 1
115 115 1
118 118 1
82 82 2
106 106 1
63 63 2
61 61 1
23 23 1
5 8 1
42 42 2
18 18 1
31 33 1
50 50 1
41 41 1
11 12 1
56 56 3
114 115 1
23 23 1
4 4 1
98 98 1
71 71 1
107 107 1
107 107 1
99 99 1
79 79 1
82 82 1
103 105 2
91 91 2
55 55 1
97 97 1
35 35 1
10 13 1
101 101 2
46 48 1
97 97 1
28 28 1
16 16 1
9 9 1
3 4 1
83 83 2
91 108 1
4 4 1
120 126 1
45 72 1
45 55 1
95 95 1
121 121 2
25 25 1
117 117 1
76 76 1
54 54 1
76 76 1
39 39 1
44 44 1
118 118 1
75 75 1
104 105 1
119 120 1
31 31 1
56 56 2
18 19 1
96 96 2
92 92 1
122 122 1
59 59 1
110 110 1
5 5 1
60 61 1
107 108 2
28 28 2
16 16 1
121 121 3
56 56 1
7 17 1
3 5 1
91 91 1
6 6 1
29 78 1
91 91 2
26 26 2
6 6 1
84 84 1
70 71 1
65 65 1
39 39 1
105 105 1
34 34 1
59 59 2
42 75 2
80 80 1
96 97 1
84 84 1
42 42 2
58 58 1
87 107 1
76 76 1
107 126 1
72 72 1
110 111 1
77 77 2
54 55 1
89 90 1
42 43 1
52 52 1
62 62 1
59 59 1
24 24 1
100 100 1
120 120 1
103 104 1
52 52 1
81 81 1
113 113 1
56 71 1
65 82 2
40 80 1
13 14 3
128 128 1
111 111 1
10 10 1
119 126 1
87 87 2
87 90 2
5 5 1
105 123 2
89 89 1
13 13 2
26 26 1
70 70 1
71 73 1
64 65 1
59 59 1
29 31 1
48 48 1
69 70 1
22 22 2
110 111 1
125 125 2
94 126 1
36 36 2
10 10 1
82 82 1
106 129 1
49 52 3
55 56 2
68 68 1
122 125 1
76 83 1
69 69 1
25 25 2
41 41 1
89 89 1
35 35 1
53 53 1
83 83 1
61 77 2
109 113 1
75 75 1
52 64 1
37 37 2
73 74 1
97 97 2
119 119 1
119 119 1
80 80 2
64 64 1
25 25 1
18 18 1
44 44 2
10 10 1
119 119 1
35 50 1
40 84 2
48 48 2
81 81 3
45 45 1
113 113 2
58 75 1
26 26 1
94 99 2
46 46 1
10 10 1
31 32 1
70 71 1
104 128 3
62 62 2
62 62 1
40 40 1
94 94 2
80 80 1
60 60 1
19 19 1
43 44 1
70 71 1
70 70 1
89 89 2
53 53 2
30 30 2
123 125 1
24 24 1
67 67 2
112 112 2
51 64 1
25 25 3
30 78 1
57 57 1
111 111 2
68 69 1
24 48 1
17 17 1
103 104 1
86 87 1
121 127 3
103 103 2
55 55 1
122 122 1
110 110 1
108 108 1
63 63 1
15 15 2
30 30 1
118 118 1
89 89 2
106 109 2
88 88 1
42 82 2
92 92 3
15 25 1
104 105 2
62 62 1
71 72 1
61 61 1
37 37 1
93 93 2
84 84 3
99 103 2
97 123 1
16 17 1
129 129 1
120 120 2
88 88 2
108 108 1
112 112 1
127 127 1
98 98 2
127 127 3
18 18 1
46 47 1
83 87 4
69 69 2
59 59 1
32 36 1
76 76 1
118 128 2
69 69 1
3 19 1
35 39 2
69 69 1
90 90 1
10 11 1
12 13 2
77 77 1
77 77 1
80 80 1
72 72 3
105 105 1
50 50 1
13 27 3
6 10 1
96 96 1
23 23 1
123 123 1
125 125 1
56 56 1
106 106 1
112 112 1
83 88 2
61 88 1
9 9 1
70 70 1
96 97 2
46 46 1
47 74 2
17 17 1
65 74 1
74 77 2
22 22 2
105 105 1
44 77 1
33 33 2
79 79 1
57 57 2
113 119 1
25 25 1
48 48 1
100 100 1
19 19 2
67 74 2
55 55 1
19 19 1
87 87 1
14 14 1
116 116 1
94 108 1
68 68 2
5 8 1
16 18 1
52 52 1
20 21 3
41 41 1
4 4 2
44 44 2
3 3 2
61 81 2
47 55 1
74 74 2
25 25 1
100 100 1
108 110 2
12 12 1
4 4 2
5 5 1
8 8 2
30 31 1
67 67 1
68 68 1
40 57 1
79 79 1
102 104 1
76 76 1
105 123 3
113 113 1
53 53 1
80 80 1
25 25 1
105 119 1
35 35 1
61 62 1
59 59 2
107 107 1
48 49 2
42 83 1
68 68 1
23 23 2
69 69 1
25 25 2
109 109 1
51 51 1
79 79 1
20 20 1
50 50 1
98 98 1
6 6 1
127 127 1
43 69 1
25 25 1
45 69 1
74 74 1
88 88 1
89 128 1
53 53 2
6 6 3
60 60 1
7 7 2
71 71 1
113 113 1
91 92 2
68 68 1
60 86 1
126 126 1
125 125 2
112 114 2
9 11 1
93 104 1
47 47 1
19 19 1
59 59 1
16 26 1
47 47 1
61 61 1
6 36 1
14 14 1
111 111 1
102 102 1
123 123 1
126 126 2
94 94 3
103 105 1
34 38 1
13 13 1
50 50 1
88 88 1
21 21 1
58 58 1
37 37 1
103 104 1
29 29 1
98 99 3
67 67 1
90 90 1
87 87 1
93 113 2
114 114 1
13 13 1
57 57 1
75 75 2
30 30 1
22 22 2
27 27 1
97 97 1
72 73 2
110 110 1
93 110 1
75 75 1
121 126 1
29 31 2
24 29 1
118 122 1
82 82 1
100 101 1
85 87 1
122 122 1
81 81 1
6 6 1
95 95 1
78 78 1
84 84 2
25 35 4
85 85 1
90 91 3
83 86 2
69 70 1
79 79 2
66 66 1
96 96 1
6 6 1
3 4 1
109 109 1
104 104 1
5 5 1
117 117 1
111 124 1
7 7 2
111 111 1
114 114 1
96 96 1
53 53 1
59 59 2
50 50 1
128 128 1
8 13 1
19 19 2
81 81 2
11 11 1
50 74 2
35 36 1
25 25 1
43 44 2
31 31 2
55 55 3
89 89 1
113 123 1
59 60 1
11 11 2
40 77 2
126 126 1
95 124 1
106 107 1
108 108 2
5 20 1
17 49 1
80 80 2
65 65 1
118 118 1
37 37 1
40 40 1
83 83 1
127 127 2
97 97 1
27 28 1
122 122 2
105 115 1
56 56 1
29 29 2
53 55 1
35 35 1
124 124 1
88 91 1
104 104 2
91 106 2
77 114 1
76 76 4
17 23 1
103 103 2
96 109 1
56 71 3
15 36 1
16 16 1
5 13 2
64 64 1
46 46 1
97 97 1
57 63 1
52 55 1
112 112 1
45 70 1
54 57 1
122 125 1
68 69 1
16 16 1
90 90 1
122 124 1
117 118 1
11 11 2
31 48 1
8 9 1
59 59 1
6 7 1
39 39 1
52 57 1
3 47 2
14 14 1
59 59 1
19 20 1
112 113 1
47 77 1
50 50 1
84 85 1
124 124 1
3 3 1
9 48 1
90 90 2
22 22 1
55 57 1
30 30 1
8 8 2
49 71 1
61 66 1
54 68 2
94 125 1
22 22 2
87 87 1
65 65 1
43 43 1
71 71 2
28 30 1
126 126 1
116 116 1
4 4 1
88 88 2
12 39 1
19 19 1
33 37 1
33 37 2
121 121 1
127 127 1
35 51 1
81 81 1
55 57 1
99 116 1
124 124 1
9 11 1
89 106 3
99 120 1
86 86 1
48 49 1
28 28 1
89 89 1
37 48 2
34 34 1
92 93 3
89 89 1
99 121 3
83 83 1
43 43 1
121 125 1
43 43 1
38 38 2
110 111 2
101 101 1
83 89 1
63 63 1
116 116 1
25 36 1
33 33 1
86 127 1
34 34 1
107 107 1
88 88 1
97 98 2
27 27 1
69 70 2
54 55 1
59 59 1
110 110 2
129 129 1
105 121 1
113 113 1
84 84 2
50 73 1
74 74 1
6 6 2
97 97 2
91 91 1
15 15 1
24 24 1
42 42 1
97 97 1
66 66 1
119 121 1
86 97 1
55 55 2
30 30 1
45 45 1
28 28 1
3 9 1
129 129 1
9 9 1
56 56 1
42 126 1
18 18 1
30 30 1
85 85 1
95 95 1
28 30 1
67 67 1
16 16 1
17 17 1
50 50 1
126 126 1
14 21 1
38 38 1
113 113 1
108 108 1
35 35 1
23 23 2
126 126 1
61 61 1
30 38 1
89 90 1
63 63 1
58 58 1
33 33 1
109 109 1
83 83 1
20 20 1
83 83 1
28 28 2
105 123 1
46 46 2
97 97 1
74 74 1
101 128 1
126 126 1
95 95 1
111 111 1
83 85 1
30 38 1
63 63 1
118 119 1
57 61 2
122 124 1
4 9 1
10 27 1
67 67 1
92 92 1
36 36 2
17 24 2
6 6 1
20 20 1
118 118 1
32 78 1
84 84 2
95 95 2
27 28 3
54 54 1
7 7 3
114 114 1
47 47 1
65 67 1
57 57 1
9 12 1
43 43 1
97 97 1
112 112 1
36 36 2
101 102 1
45 45 3
75 75 1
90 90 1
116 116 2
28 28 2
94 94 1
67 67 1
39 78 1
31 31 1
77 83 2
96 96 3
85 87 2
79 79 1
109 109 3
127 127 2
72 74 2
53 54 2
15 15 1
81 81 2
75 75 2
36 36 1
98 98 1
50 64 1
99 99 1
55 55 1
13 13 1
36 39 1
23 23 2
113 113 2
87 87 1
58 122 1
40 40 1
8 38 1
49 49 2
54 54 2
82 82 2
124 124 1
48 73 1
92 128 1
36 36 1
105 105 3
19 19 1
55 55 1
12 12 1
39 39 1
17 17 1
6 6 1
7 7 1
100 100 1
20 20 1
26 26 1
24 24 2
84 84 1
75 76 1
100 100 1
84 84 1
62 62 1
115 126 1
64 65 1
95 95 1
113 128 1
34 47 1
17 17 1
108 108 1
21 21 1
45 74 2
46 47 1
101 109 2
12 36 1
122 122 2
8 8 1
83 83 1
5 5 1
128 128 1
23 23 1
96 97 1
90 91 1
113 113 1
125 125 1
65 65 1
44 127 3
56 109 1
30 31 1
76 76 2
20 21 1
56 56 1
104 105 1
63 63 1
89 119 1
128 128 1
44 44 1
85 85 1
68 68 2
108 108 2
128 128 1
115 115 1
96 96 1
62 62 2
99 99 1
34 34 1
79 79 1
37 37 1
124 124 2
34 48 1
17 17 1
46 46 2
68 69 1
52 52 2
63 64 1
88 88 1
59 59 1
19 49 1
47 47 2
63 63 1
104 104 2
28 28 1
53 63 1
47 82 1
10 10 1
118 118 1
98 98 2
126 126 1
46 46 1
71 71 3
116 116 1
54 54 2
92 92 1
123 123 1
77 111 1
75 75 1
103 103 2
14 19 1
27 27 2
10 10 2
83 110 1
65 65 1
93 112 1
78 78 1
112 112 2
93 93 1
72 100 1
95 124 1
102 102 2
29 29 1
24 24 1
44 44 2
44 74 1
62 90 1
16 16 1
39 39 1
102 102 1
46 46 1
20 20 1
118 118 3
9 9 1
94 94 3
58 58 2
124 124 1
25 38 1
26 26 1
128 128 1
7 16 3
8 8 1
19 19 1
5 6 1
122 122 1
29 29 2
55 55 1
85 85 2
107 107 2
77 77 2
119 119 1
94 94 1
31 31 1
84 84 1
102 102 1
60 60 1
87 113 1
95 95 1
93 93 1
118 118 1
43 44 2
78 115 1
20 22 1
89 89 1
76 76 2
62 62 1
114 114 1
6 14 2
63 65 1
85 87 1
119 122 1
36 36 2
29 31 1
29 30 1
108 117 1
77 77 1
76 76 1
56 57 1
23 30 1
10 10 1
45 47 2
66 66 2
7 129 1
119 122 1
99 99 2
113 113 1
113 113 3
39 39 1
121 121 1
95 95 2
12 12 1
49 49 1
44 44 1
67 67 1
12 12 2
110 110 1
7 7 2
64 65 1
45 69 1
95 95 1
101 101 1
86 86 1
101 103 2
107 124 1
23 25 1
53 54 1
106 106 2
8 8 1
15 15 2
14 14 1
46 46 1
90 90 1
101 101 1
99 99 2
66 68 2
23 30 1
57 57 1
67 67 1
93 93 1
41 41 1
75 85 1
15 39 1
17 79 2
40 81 1
49 49 2
14 14 1
81 81 2
13 13 1
88 89 1
62 62 1
32 32 1
87 87 1
20 20 1
104 113 1
61 77 2
18 18 1
63 63 1
116 116 1
68 68 1
122 123 2
107 107 2
26 26 1
63 64 1
49 49 3
69 69 1
72 72 4
11 35 1
37 37 2
35 78 1
119 119 2
4 4 1
95 107 1
23 25 1
121 123 1
104 105 1
19 19 1
62 62 1
112 125 3
15 15 1
48 49 1
101 101 1
55 56 1
92 93 2
53 53 1
13 22 1
4 4 1
117 119 1
61 110 1
122 122 1
90 90 1
42 42 1
80 80 2
19 39 1
103 103 1
12 12 1
64 64 1
109 109 1
38 38 1
40 40 2
60 60 1
86 86 2
96 96 1
42 103 1
24 29 1
113 113 2
54 54 3
58 58 1
69 69 1
82 82 1
9 11 1
87 87 3
121 125 1
45 45 1
40 52 2
30 32 2
12 26 1
81 81 1
8 8 2
61 76 1
76 76 1
45 66 1
3 48 1
113 113 2
12 12 1
127 127 1
64 64 1
43 43 2
83 83 1
128 128 1
104 104 2
30 30 1
79 79 1
36 36 1
77 122 1
75 75 1
6 6 1
100 100 1
123 123 1
15 15 1
120 120 2
22 38 1
17 72 1
66 66 1
125 125 1
84 84 1
59 59 1
87 87 1
63 63 1
84 84 1
42 42 2
69 92 1
77 119 2
83 83 1
95 95 1
123 123 1
41 92 1
82 82 2
8 8 1
52 52 1
14 14 2
62 93 1
53 53 1
12 38 1
119 119 2
123 123 1
5 5 1
116 116 1
53 53 1
87 87 1
29 29 1
74 74 1
86 129 1
4 4 1
95 95 1
16 23 2
24 30 1
57 57 1
122 122 2
45 45 1
93 107 1
99 99 1
128 128 1
81 81 1
67 67 1
88 88 1
55 56 1
27 27 1
30 38 1
48 48 1
101 101 1
44 44 1
39 78 1
101 101 1
22 30 1
35 35 1
46 47 2
59 84 1
75 76 2
60 94 1
22 24 2
94 94 1
10 10 1
107 107 1
114 114 2
85 86 1
76 83 1
30 30 2
113 123 1
86 86 1
38 38 1
105 105 1
76 86 1
117 117 1
5 5 1
37 39 1
74 74 2
35 35 1
54 70 2
3 3 1
50 50 1
97 97 1
52 65 1
42 103 1
77 77 2
64 64 2
71 72 1
4 4 1
112 115 1
115 115 1
95 95 1
61 61 1
47 47 2
13 28 2
53 53 1
97 98 1
97 98 1
116 116 1
21 21 1
92 92 1
63 65 1
110 110 1
71 74 1
56 56 1
77 77 2
91 106 1
102 102 1
101 101 1
38 38 1
121 121 1
54 54 1
37 37 1
12 13 1
116 116 1
26 26 3
119 119 1
76 76 1
44 44 1
55 55 2
121 121 2
39 39 1
90 106 1
38 38 1
46 46 1
94 101 3
20 21 1
126 126 1
60 60 2
111 111 2
128 128 2
86 86 1
55 55 1
3 3 1
67 67 1
60 60 2
43 43 2
45 54 1
117 117 1
46 47 1
107 110 1
103 103 1
76 83 1
10 10 1
40 40 2
14 14 2
53 68 2
47 47 1
29 29 2
61 61 1
57 68 3
40 80 1
56 56 1
24 24 2
40 40 1
26 26 2
95 101 1
102 102 1
113 113 1
102 128 1
97 124 1
3 49 1
75 75 1
6 6 2
51 51 1
79 79 1
33 33 1
76 76 1
94 94 1
48 49 3
100 100 1
58 58 2
59 59 1
69 69 2
49 49 2
30 78 1
113 113 1
26 26 1
112 112 1
28 29 1
48 48 2
16 18 1
98 108 1
74 74 1
48 48 1
98 98 1
46 46 2
41 41 2
10 27 1
34 34 2
27 27 1
118 118 1
126 126 1
15 39 1
46 47 1
5 5 2
66 66 1
73 101 1
89 113 1
12 12 1
66 68 1
128 128 1
66 67 2
59 59 2
16 16 1
95 95 1
115 118 1
43 129 1
18 18 2
98 98 1
54 54 1
113 113 1
92 92 1
5 5 1
73 73 1
61 61 1
79 79 2
41 75 1
3 4 1
75 86 1
109 109 1
26 26 1
89 89 1
95 95 2
111 115 5
110 110 1
93 107 2
47 63 2
102 104 2
100 100 1
49 50 1
113 128 1
84 84 2
85 86 1
9 39 1
35 35 1
44 44 1
43 43 1
80 80 1
62 62 1
98 98 1
54 71 1
29 29 1
29 29 2
18 18 1
64 64 3
32 34 1
86 97 1
97 123 1
110 110 2
57 57 1
58 58 1
54 54 2
110 110 2
8 8 1
114 114 1
91 91 1
122 122 1
14 14 1
41 68 1
103 103 1
30 30 1
106 106 1
59 59 1
48 48 2
54 54 1
23 23 1
93 119 1
54 54 1
97 97 1
95 109 2
91 91 1
86 86 4
32 32 1
21 21 1
54 55 2
117 118 1
14 21 2
83 83 1
26 38 2
27 27 1
94 94 1
21 21 1
28 28 1
100 100 1
54 54 2
43 43 2
77 110 1
40 69 2
44 44 1
122 122 1
84 85 2
112 115 1
25 33 1
115 125 1
30 31 1
29 29 1
14 14 1
84 84 1
113 113 1
88 88 1
29 29 1
26 27 1
84 84 1
105 105 1
123 123 1
80 80 3
110 111 1
11 11 1
39 39 2
55 55 2
59 60 1
97 97 2
30 30 1
59 59 1
76 76 1
127 127 2
55 55 1
123 123 1
113 113 1
30 30 1
54 54 1
125 125 1
125 126 1
91 129 1
36 36 1
50 50 1
51 51 1
119 122 1
115 115 1
52 52 2
68 68 1
41 74 1
6 36 1
10 10 1
7 26 1
37 37 1
56 56 1
113 113 1
43 43 1
108 108 1
41 41 1
45 45 1
57 61 1
106 106 1
83 93 1
20 20 1
84 84 2
91 91 1
128 128 2
106 108 1
25 25 1
112 112 1
117 117 1
14 14 2
39 39 1
79 79 1
51 51 1
93 107 1
32 39 2
16 16 1
72 72 1
97 97 1
10 11 2
8 8 1
76 83 1
64 64 1
33 33 1
122 125 1
26 26 1
76 76 1
43 77 1
46 46 1
44 45 2
119 119 1
88 88 1
92 93 1
97 98 1
88 106 1
30 30 1
13 13 1
67 75 1
15 15 2
65 65 1
36 36 1
62 62 1
110 110 2
124 124 1
16 19 1
41 87 1
72 72 1
36 36 1
62 62 1
57 57 1
8 8 1
127 127 1
88 106 1
76 76 1
16 16 1
123 123 1
45 68 1
118 118 1
33 33 1
24 24 1
10 10 2
7 7 3
42 81 2
15 15 2
97 97 1
110 110 1
48 48 1
30 30 1
17 17 1
22 22 1
42 75 1
26 31 3
84 84 1
68 92 1
116 116 2
89 89 3
75 75 1
93 109 1
118 118 1
57 57 1
105 125 1
119 119 2
86 88 1
99 121 1
127 127 1
122 122 1
47 47 2
13 13 1
34 34 1
115 115 1
14 14 2
112 112 1
126 126 1
26 26 3
45 57 1
69 69 1
126 126 1
50 50 1
4 13 1
80 80 3
48 48 1
83 83 1
76 76 1
71 72 1
16 16 1
110 111 1
104 104 1
95 105 1
30 30 2
87 87 2
29 29 2
106 106 3
99 99 1
5 6 1
64 64 1
18 18 1
13 13 3
17 17 2
98 98 1
5 6 1
91 91 1
29 29 1
86 86 1
98 121 1
88 113 1
78 78 1
110 110 1
84 84 1
77 77 1
107 107 1
110 111 1
82 82 1
57 57 1
121 121 1
71 73 1
116 116 1
58 58 1
107 107 1
47 47 1
90 90 1
41 41 1
33 33 1
38 38 1
57 84 2
59 59 2
121 121 1
27 30 1
20 20 1
127 127 2
7 7 1
41 41 1
44 72 1
108 108 1
119 119 2
92 107 1
64 64 2
17 17 2
15 15 1
118 118 1
125 125 1
60 60 1
95 111 1
83 86 1
68 68 2
65 74 2
125 126 2
5 5 2
99 104 1
3 19 1
6 6 2
111 115 1
120 120 2
112 112 1
77 77 2
33 33 1
62 62 1
50 50 1
120 120 1
26 26 1
77 77 2
20 22 2
45 54 1
43 103 2
32 32 1
46 46 2
9 9 4
52 65 2
95 95 1
24 25 1
38 39 2
14 14 2
93 93 1
40 40 1
44 44 3
108 112 2
81 81 1
72 72 1
23 37 1
67 67 2
73 73 2
80 80 1
46 46 1
7 7 1
35 35 1
28 28 1
17 72 1
19 19 2
66 66 1
89 128 1
18 18 1
69 69 2
13 13 1
98 98 1
127 127 1
25 38 1
117 118 1
86 97 2
63 65 1
89 128 1
72 72 2
64 64 1
55 56 2
78 78 1
105 105 1
86 86 1
68 68 1
30 30 1
55 55 1
29 29 1
75 75 2
119 119 2
127 127 1
123 123 1
24 48 2
14 14 1
48 48 1
89 89 1
58 76 1
86 86 1
81 81 1
101 101 1
68 68 1
64 64 1
40 41 1
87 87 1
16 16 1
122 122 1
111 111 1
108 108 1
42 42 1
9 9 1
128 128 1
92 92 1
26 26 1
45 45 1
22 22 1
118 118 1
71 71 1
117 117 2
51 64 3
21 21 1
120 120 1
93 93 2
92 92 1
88 88 2
88 88 1
99 104 1
117 117 2
24 30 1
90 91 2
95 95 2
26 36 2
68 68 1
112 113 1
11 37 1
124 124 1
47 47 2
103 105 1
72 107 1
66 66 1
95 96 1
22 24 1
53 53 1
22 23 2
44 72 1
64 64 1
83 83 2
45 69 1
57 58 1
123 123 1
48 49 1
71 72 1
107 107 1
45 54 1
31 32 1
104 104 1
122 122 2
84 84 1
98 98 1
44 44 1
104 104 1
121 121 2
69 69 1
105 120 1
69 69 1
68 68 1
116 116 2
16 16 1
115 115 1
117 117 1
101 104 1
50 50 1
122 125 2
52 57 1
40 84 1
48 53 1
126 126 2
22 37 1
66 66 2
22 23 1
69 69 2
59 59 1
55 56 2
63 63 1
5 12 1
11 11 1
96 100 2
58 58 1
66 66 1
16 16 1
69 69 1
19 26 1
40 41 2
50 50 1
70 70 1
24 24 1
122 122 1
58 122 1
12 12 2
50 50 1
123 123 1
45 45 1
114 114 1
13 13 2
38 38 1
94 94 2
98 116 1
8 8 1
105 106 2
125 125 1
29 31 1
39 39 1
45 74 1
26 26 1
124 124 1
21 21 1
29 29 1
89 89 2
46 46 1
114 114 1
58 58 1
70 70 1
68 129 1
10 10 1
34 50 1
61 61 3
106 106 1
80 80 1
77 112 1
44 44 1
74 74 3
97 98 2
27 28 2
62 62 1
45 69 1
111 111 1
87 87 2
58 58 1
119 122 2
94 94 1
85 85 1
80 80 1
42 42 1
26 27 3
116 116 1
9 39 1
22 22 1
123 123 1
45 45 1
42 42 2
44 44 1
29 31 2
93 93 1
99 99 1
60 88 1
34 34 1
43 43 1
74 74 1
114 115 1
52 52 1
118 118 2
93 93 1
22 22 1
63 63 1
95 95 1
23 33 1
42 42 2
19 19 1
59 59 2
96 96 2
58 119 1
19 20 1
63 63 2
50 50 2
98 98 2
68 69 1
65 65 1
117 117 1
84 84 1
59 59 1
107 107 1
93 122 1
108 108 1
33 78 1
50 50 2
50 50 1
73 73 1
13 14 1
60 86 1
28 30 1
75 75 1
20 22 2
79 79 1
63 66 1
63 63 2
67 74 1
43 43 1
47 47 1
93 93 1
105 114 1
45 45 1
69 69 1
83 83 1
95 96 2
124 124 1
109 109 1
86 86 2
16 17 2
122 122 1
80 80 1
25 25 1
28 28 1
72 72 1
76 86 1
44 54 2
98 98 1
95 95 2
31 38 1
99 99 1
99 118 1
34 69 1
22 22 1
53 53 1
69 69 2
13 13 1
91 92 1
93 93 1
117 117 2
31 32 2
106 106 1
17 17 1
106 106 1
55 55 1
58 59 1
20 20 1
62 67 1
112 112 1
95 95 2
98 98 1
72 72 1
80 80 1
120 120 1
90 90 2
95 95 2
120 120 1
75 83 1
45 45 1
69 70 1
93 107 2
118 118 1
55 57 1
58 58 2
7 7 1
61 61 2
22 22 1
52 52 1
84 84 2
25 25 1
89 89 1
50 78 1
44 44 1
3 49 1
95 95 1
9 9 1
48 74 2
63 63 1
36 36 1
23 23 1
13 13 1
40 41 1
40 40 1
74 74 2
44 44 1
6 6 3
60 60 2
79 79 3
46 47 1
34 34 1
89 89 4
114 114 2
13 13 1
82 82 1
88 88 1
30 30 1
12 13 1
117 117 2
100 100 2
41 41 1
127 127 1
67 67 2
98 106 1
123 124 2
57 57 1
4 21 1
107 107 1
39 39 3
103 103 1
45 63 2
99 99 2
15 18 2
105 105 1
52 55 3
56 56 1
51 78 1
53 53 1
7 7 1
12 12 1
113 113 1
122 125 1
68 91 1
102 102 1
77 77 1
115 115 1
90 91 1
102 122 1
63 63 1
58 58 1
85 85 1
110 110 1
19 19 1
104 119 1
102 102 1
37 79 1
112 112 1
11 12 1
71 71 1
97 122 2
43 43 1
115 122 3
10 13 2
5 5 1
46 46 1
79 79 2
88 129 2
45 54 1
89 119 2
23 24 1
100 100 1
91 91 3
33 33 2
14 21 1
60 60 1
84 84 2
124 124 1
52 52 1
75 75 1
27 33 1
102 122 1
105 105 2
52 52 2
121 121 3
66 67 2
128 128 1
84 84 2
79 79 1
69 69 1
114 114 2
31 31 2
42 58 2
90 90 2
5 5 1
98 99 1
36 36 4
33 33 1
123 123 1
124 125 2
73 74 2
7 25 1
66 66 1
77 119 1
91 91 1
34 50 1
44 44 1
16 16 1
110 110 1
95 95 1
104 104 2
92 92 1
88 88 1
82 82 3
93 110 1
75 75 2
87 89 1
24 72 2
115 115 1
122 122 1
114 114 2
36 37 2
125 125 1
87 87 1
56 56 2
48 49 3
102 102 1
19 20 1
46 46 1
31 32 1
58 119 1
45 54 1
35 35 1
69 69 1
21 21 3
66 67 1
47 47 1
116 116 1
36 36 2
57 57 2
46 46 1
72 72 1
68 68 2
95 95 1
69 70 1
84 84 2
54 54 2
4 13 2
61 61 3
111 115 1
36 51 2
74 74 2
99 117 2
117 118 1
42 42 1
70 70 2
54 54 1
83 83 2
101 102 1
55 70 1
64 64 2
31 31 1
84 84 1
83 83 1
11 11 1
91 91 1
76 76 1
24 49 1
80 80 2
4 4 1
6 6 2
13 13 2
14 23 1
89 89 1
57 57 1
21 27 1
111 111 2
59 59 1
67 68 3
4 4 1
105 123 1
106 106 2
90 90 1
97 97 1
113 113 1
55 63 1
33 33 1
105 118 1
51 64 1
13 13 1
96 96 1
65 65 1
94 94 1
39 40 2
78 78 1
16 16 1
12 12 2
92 93 2
94 94 1
96 116 1
47 52 1
45 107 1
87 88 2
50 50 1
103 103 1
12 12 1
119 119 1
56 56 3
99 99 2
110 111 2
75 75 2
69 75 2
40 64 1
78 115 1
13 22 1
40 76 1
14 39 1
20 21 1
91 92 1
45 45 1
68 68 1
72 72 2
97 125 1
84 84 1
79 79 1
101 101 1
127 127 2
85 85 1
65 65 1
45 45 2
94 94 1
46 46 1
106 107 2
6 6 2
72 98 1
23 29 1
26 26 1
47 47 1
128 128 1
53 69 3
87 87 1
123 123 1
104 104 1
93 105 1
126 126 1
108 109 1
68 68 1
76 84 2
79 79 1
37 37 1
94 94 1
86 86 1
69 70 1
18 18 2
124 125 2
50 50 1
113 113 1
69 69 1
97 120 1
57 57 1
12 12 1
48 48 1
98 99 1
15 81 2
15 18 2
121 121 1
20 20 1
62 67 1
126 126 1
17 18 1
74 74 1
74 77 1
76 76 2
15 15 1
41 88 1
98 98 1
72 73 1
58 58 1
44 71 1
120 120 1
102 104 1
124 124 1
94 94 1
76 76 1
66 66 2
104 118 1
84 84 1
57 57 1
16 16 2
77 77 1
88 88 2
107 107 1
26 26 2
95 95 1
87 87 1
21 21 1
78 78 2
19 19 1
30 30 3
11 37 2
99 99 1
113 113 1
14 22 1
101 101 1
52 52 1
60 61 1
68 70 2
24 31 1
39 39 2
103 129 2
23 23 1
63 63 2
119 119 1
91 92 2
3 3 2
96 97 1
84 84 1
26 31 1
93 93 1
65 65 1
16 23 1
53 70 1
51 51 1
109 109 1
19 19 1
28 28 1
48 70 1
8 39 2
6 6 1
95 101 1
73 73 1
94 94 1
70 70 1
8 9 2
10 28 1
94 94 1
114 114 1
44 71 1
77 82 1
77 77 1
30 31 2
44 44 1
21 21 1
70 70 1
12 12 1
98 107 1
80 81 2
65 65 1
39 39 1
58 75 1
15 15 1
127 127 1
7 7 1
15 15 1
102 128 1
24 35 1
100 100 1
16 16 1
98 116 1
123 123 1
39 39 1
25 25 1
73 73 1
14 14 2
88 89 1
111 111 2
102 102 1
63 63 2
107 107 1
78 115 2
7 7 1
14 15 1
10 10 1
119 122 1
121 121 1
48 48 1
7 26 1
84 85 1
35 35 1
93 115 1
89 89 1
74 74 2
60 60 1
36 36 1
86 86 1
45 57 2
57 66 1
29 29 1
61 61 1
69 69 1
129 129 2
80 80 1
125 125 2
94 94 1
101 101 1
123 123 1
121 121 2
84 84 1
74 74 1
77 77 2
62 62 1
94 94 1
34 34 1
39 52 1
40 40 3
91 91 1
10 11 2
23 23 1
97 97 3
42 42 1
34 34 1
123 123 1
100 100 1
62 62 1
126 126 1
42 42 1
72 72 2
103 103 1
122 122 1
20 20 1
119 122 1
101 122 1
105 105 1
21 21 2
55 55 1
124 124 1
67 67 1
32 32 1
94 94 1
108 108 2
20 20 1
75 75 1
82 82 1
100 100 1
97 97 2
90 90 1
106 106 1
103 103 1
65 68 2
10 36 1
122 122 1
79 79 2
43 43 1
84 84 1
56 70 1
99 116 1
100 100 1
102 102 2
66 66 1
63 65 1
56 56 1
93 93 1
28 28 1
102 102 2
35 35 1
123 124 2
39 39 1
117 117 1
65 66 1
116 116 1
71 71 1
33 33 1
13 39 2
6 6 1
64 64 1
108 108 1
116 117 1
112 112 1
30 30 1
107 107 1
53 53 1
17 17 1
48 48 1
8 8 1
95 95 1
126 126 1
63 92 2
64 64 1
124 124 1
46 62 1
102 119 2
4 4 1
52 52 2
76 77 1
47 47 1
125 125 1
41 41 1
67 67 1
7 7 1
42 42 1
64 65 1
25 25 1
69 69 1
10 10 2
11 11 1
83 86 2
112 112 1
44 54 1
67 67 1
73 73 1
31 31 1
111 122 1
48 72 1
88 89 1
10 10 1
8 9 1
66 66 2
65 65 1
53 53 1
107 107 1
116 116 1
59 59 1
94 94 1
101 101 1
120 120 1
65 65 1
35 36 2
6 6 1
4 4 1
97 97 1
30 30 1
118 118 2
8 8 3
50 50 1
28 28 1
71 71 1
17 18 1
121 121 1
99 117 2
127 127 1
45 74 2
92 92 1
95 96 1
81 81 1
39 39 1
3 3 1
105 119 1
36 36 1
94 94 1
80 80 1
99 116 1
65 65 1
8 8 2
76 76 1
47 47 1
61 61 1
11 28 2
31 31 1
79 79 1
94 110 1
41 41 1
8 9 1
36 36 1
78 78 1
22 37 1
4 4 1
49 49 1
87 87 1
121 121 1
90 90 1
48 50 2
36 36 1
8 9 1
113 113 1
26 26 1
72 72 2
16 19 3
67 67 1
54 54 2
68 83 1
97 97 1
100 102 1
69 69 2
68 82 1
19 19 1
105 105 1
34 34 1
13 27 1
75 83 1
76 76 1
25 25 1
88 112 1
122 122 1
55 55 2
24 30 1
125 125 1
121 121 2
43 43 1
7 7 2
38 38 1
107 107 1
104 121 2
38 38 1
87 87 1
97 97 2
34 34 1
13 13 1
110 110 1
59 59 2
49 49 1
63 65 2
35 36 1
34 51 1
41 87 1
91 91 1
28 33 1
68 68 1
114 115 1
96 96 1
6 6 1
61 61 1
37 38 1
126 126 2
126 126 2
75 83 1
45 93 2
19 19 1
45 98 1
89 89 1
13 50 1
119 119 1
96 96 1
110 110 1
128 129 1
30 30 1
77 77 1
13 13 1
79 79 2
44 44 1
120 120 1
18 18 2
90 90 1
121 121 1
40 84 1
73 73 1
103 103 1
79 79 1
24 24 1
114 124 2
88 89 2
68 68 2
59 59 1
8 8 1
32 32 1
115 125 1
72 72 2
58 58 1
8 21 1
102 103 1
85 85 2
7 7 1
74 74 1
113 113 1
107 107 1
92 92 1
97 123 1
25 25 2
79 79 1
48 48 1
93 122 1
62 129 1
68 68 1
14 21 2
21 21 1
112 129 1
114 119 1
77 77 2
13 13 1
6 6 2
20 20 1
89 89 1
106 106 1
34 34 2
66 66 1
55 55 1
49 73 1
40 40 1
26 26 2
34 34 2
21 21 2
102 102 2
35 35 1
30 38 1
81 81 2
47 47 1
58 118 3
39 39 2
86 86 1
17 18 2
60 60 1
42 42 1
79 79 1
69 70 1
4 4 1
118 118 1
113 113 1
97 97 1
10 48 2
101 102 1
8 11 1
103 103 2
13 13 1
66 66 1
111 111 2
18 18 2
109 109 1
76 86 1
80 80 2
114 114 1
101 104 2
101 101 1
110 110 1
125 125 1
90 90 3
75 75 1
76 86 1
14 21 1
38 38 1
95 100 1
52 65 1
113 114 2
13 13 2
80 80 1
25 38 1
61 66 1
70 70 1
43 112 2
107 108 1
80 80 1
72 72 1
62 129 2
110 111 2
104 104 1
62 62 2
118 120 1
13 13 1
46 47 1
63 63 2
59 85 1
9 9 1
98 98 1
49 49 1
7 26 1
101 101 1
55 57 1
107 107 1
92 92 1
17 17 1
46 46 2
62 63 1
68 68 2
24 24 1
23 23 2
124 124 1
58 58 1
57 57 1
87 88 1
69 69 1
97 97 1
94 94 1
85 85 1
67 67 1
127 127 2
96 96 2
71 71 1
24 24 1
18 18 1
14 21 3
46 66 1
79 79 1
37 37 1
35 35 1
124 125 1
12 12 2
91 91 1
66 68 1
15 15 1
58 58 2
48 72 1
104 128 2
58 59 1
61 61 1
119 119 1
54 55 1
23 23 1
75 85 1
14 14 2
121 124 1
43 129 1
52 57 1
80 80 1
104 128 1
128 128 1
54 55 1
97 97 2
13 13 4
36 78 1
40 41 1
90 92 2
4 4 1
41 41 1
87 87 1
10 35 1
63 63 4
93 106 2
118 120 1
119 126 2
4 4 2
78 78 1
23 29 1
14 14 1
67 75 1
57 76 2
53 70 1
32 32 1
104 104 1
116 116 1
66 66 2
32 37 1
97 97 1
108 108 1
65 65 1
27 27 3
54 54 1
115 115 1
115 115 1
110 110 2
56 56 2
55 57 1
31 34 1
103 108 1
16 16 1
96 112 1
100 100 1
62 62 1
48 72 1
105 123 1
76 76 1
110 111 1
77 77 1
113 113 1
79 79 1
94 107 2
27 27 1
127 127 1
105 105 1
27 27 1
39 39 1
38 38 1
12 12 1
14 22 1
106 129 2
99 99 1
112 112 1
61 61 1
93 93 1
70 70 1
58 59 1
56 56 1
75 75 1
26 26 1
15 15 2
112 112 1
63 63 1
98 98 3
76 83 1
120 120 1
12 12 2
18 18 1
118 118 1
64 65 1
126 127 1
68 68 1
127 127 1
52 52 1
16 16 1
109 109 1
97 97 2
34 48 1
31 31 1
98 98 1
33 33 1
83 83 2
58 58 2
107 107 1
58 58 1
58 75 2
82 82 1
110 110 1
24 30 2
27 33 1
55 55 2
74 74 2
44 78 1
35 35 2
19 19 1
41 83 1
55 55 1
90 91 2
16 17 1
77 127 2
11 11 1
89 89 1
43 44 1
68 68 1
43 77 1
80 80 2
10 32 2
29 29 1
9 9 2
38 38 1
102 102 1
99 99 2
106 107 2
35 35 1
30 38 1
71 71 2
13 51 1
63 63 1
95 112 2
111 111 2
98 98 2
116 116 1
91 91 2
105 105 3
91 91 1
33 33 1
92 93 1
62 62 1
18 18 2
105 118 3
37 37 2
108 108 2
58 58 2
51 51 1
34 35 1
23 23 2
94 99 1
31 32 2
52 52 2
52 64 1
69 70 2
14 14 2
96 96 1
93 93 1
64 64 1
36 50 1
32 32 1
91 91 1
52 52 1
105 105 1
85 85 1
94 94 1
53 53 3
34 34 1
40 40 1
105 119 2
49 49 1
70 103 1
99 118 2
26 26 1
74 74 3
13 13 2
63 63 1
72 72 1
46 47 1
6 6 1
71 71 1
25 25 1
13 13 1
87 87 1
11 12 1
45 46 1
89 90 1
78 78 2
76 76 1
95 95 3
42 42 2
49 49 2
9 9 2
120 120 2
78 114 1
45 55 1
12 12 3
22 22 2
110 110 2
26 26 1
42 42 1
72 72 3
101 102 2
114 114 1
32 32 1
17 23 1
114 114 1
76 76 2
46 46 1
72 73 1
122 122 2
76 86 1
78 78 1
55 55 1
42 103 2
80 80 1
107 108 2
53 55 1
44 44 1
118 118 1
25 26 1
31 31 1
89 106 3
116 117 1
16 16 2
102 115 1
123 124 1
30 30 2
119 119 1
36 36 1
24 24 2
45 46 1
79 79 1
88 88 1
16 16 1
5 6 1
111 111 1
95 121 1
115 115 1
77 115 1
65 65 1
49 49 2
57 57 1
92 92 3
21 21 1
43 129 1
33 33 4
88 88 1
99 99 1
45 68 1
59 59 3
75 75 1
77 77 1
87 87 2
128 128 1
29 29 1
97 97 1
8 21 1
51 78 2
60 60 2
12 12 1
54 54 1
19 19 1
46 46 1
115 115 2
75 83 1
9 13 1
14 14 1
100 100 1
73 73 3
40 40 1
90 90 1
20 20 2
96 96 2
123 124 1
28 29 1
5 5 1
111 111 1
53 55 2
72 72 2
59 59 1
49 49 1
53 53 1
87 87 1
54 55 1
124 124 1
11 11 1
21 21 1
17 17 1
113 113 1
101 101 2
20 22 1
66 66 1
66 66 1
128 128 1
86 87 1
123 124 1
68 69 2
107 107 1
53 53 1
69 69 1
114 115 1
74 74 2
27 27 1
7 17 1
9 12 1
15 25 1
114 115 1
30 33 2
54 54 1
72 72 1
25 25 1
116 116 1
66 72 1
111 111 2
41 41 1
115 128 1
71 74 1
68 68 1
92 106 2
127 127 1
25 25 1
24 72 1
27 27 3
34 34 1
22 22 1
54 54 1
31 31 1
46 77 1
109 110 1
97 97 2
64 64 1
31 33 2
81 81 1
72 74 1
65 65 1
71 71 1
26 27 2
8 9 1
7 8 1
73 73 1
56 56 1
127 127 1
9 9 1
38 38 1
87 87 1
77 77 3
63 63 1
98 98 1
25 25 1
22 22 1
29 29 3
79 79 2
52 52 1
20 22 1
52 52 2
26 36 2
108 109 2
96 101 1
84 88 1
51 51 1
87 87 2
100 121 1
117 117 1
25 26 1
49 49 1
49 49 1
81 82 1
108 108 2
97 97 1
11 38 1
100 100 2
79 79 2
13 14 1
25 25 2
111 111 1
17 17 2
46 46 1
90 90 1
96 99 1
101 101 2
63 64 1
66 66 1
83 83 1
11 11 1
34 35 1
94 94 1
39 39 1
20 20 1
97 97 2
53 53 1
28 28 1
8 8 1
120 120 1
25 26 1
70 70 1
116 116 1
24 48 1
94 94 1
39 39 1
26 26 1
122 122 1
91 91 1
41 87 1
44 44 1
28 28 1
4 4 1
32 48 2
94 94 1
11 11 1
31 32 1
70 71 1
43 43 2
112 115 2
4 48 2
91 91 1
39 39 1
117 117 1
108 108 1
52 56 1
124 124 1
71 71 1
78 78 1
41 41 1
79 79 1
72 72 1
90 90 1
19 19 1
56 56 1
116 116 1
52 52 1
54 54 1
4 4 1
18 18 2
114 128 2
121 121 2
71 72 2
70 104 1
47 47 1
63 65 1
44 71 1
94 102 2
39 39 2
68 107 2
16 17 1
115 115 1
115 115 1
68 91 1
16 16 1
34 34 1
59 59 1
25 25 1
100 100 2
120 120 1
48 48 2
89 89 1
99 119 2
61 61 2
91 91 1
25 38 2
8 8 2
43 43 2
44 44 1
80 80 1
4 4 1
53 53 1
119 119 1
66 68 2
119 122 1
96 96 1
96 96 1
63 63 1
20 20 1
79 79 1
10 10 1
61 94 1
9 9 2
88 88 2
96 100 2
47 47 1
98 98 1
64 64 1
24 25 1
53 53 1
38 38 3
48 49 1
11 109 1
15 15 2
77 82 2
9 9 1
53 53 1
56 56 1
90 90 1
49 49 1
20 20 1
67 74 2
56 56 1
66 66 1
34 73 1
77 77 2
73 74 1
8 8 1
95 95 1
67 67 1
113 113 1
113 114 1
24 24 1
5 5 1
98 98 1
53 82 1
88 90 1
97 123 1
76 83 1
3 5 1
48 48 1
7 7 1
50 50 2
3 13 1
81 81 1
47 47 1
54 72 1
128 128 1
67 67 1
112 115 1
33 33 2
20 21 1
97 121 2
18 18 1
84 84 2
39 39 1
8 9 1
29 29 1
67 67 1
108 113 1
119 119 2
117 117 2
65 65 1
126 126 1
116 116 1
80 80 1
36 57 1
57 63 1
56 56 3
70 74 1
49 49 1
41 41 1
98 98 2
98 98 1
119 126 1
23 31 2
81 81 1
122 122 1
32 32 1
48 48 1
3 5 1
63 63 3
104 104 1
46 63 1
114 124 1
25 26 1
101 108 1
12 12 1
114 114 1
25 25 1
23 23 2
115 126 1
128 128 2
101 109 1
62 62 2
41 41 2
23 23 2
71 71 2
54 66 1
62 62 1
51 51 1
36 36 1
51 64 1
6 6 1
9 9 1
19 19 2
118 118 3
122 122 1
36 36 2
92 92 2
42 70 1
58 88 1
60 60 1
86 87 1
7 7 1
63 63 1
79 79 2
91 106 1
34 34 2
28 28 1
4 4 1
46 46 2
76 84 1
49 52 2
47 47 1
55 56 1
20 22 2
110 110 1
6 6 1
40 40 1
30 30 1
92 106 1
109 109 1
34 34 2
101 101 2
86 87 1
68 69 1
53 53 1
33 37 1
63 65 1
20 20 3
29 29 1
64 65 1
49 71 1
39 39 1
58 122 2
34 51 1
39 39 2
82 82 1
9 9 1
29 29 2
84 84 2
129 129 1
40 40 1
31 31 1
90 90 3
46 46 1
48 48 2
106 106 1
54 72 1
44 44 1
103 103 2
105 105 1
121 121 1
129 129 1
63 63 1
83 83 1
40 41 1
33 33 1
92 106 1
124 125 1
62 62 2
72 73 1
89 125 1
86 86 1
40 65 1
49 49 1
45 45 1
58 88 1
50 50 2
9 9 1
76 76 1
10 48 1
86 86 1
23 23 3
106 128 1
32 39 1
91 91 1
21 21 1
47 47 1
24 28 2
99 99 1
32 37 2
48 48 2
96 98 1
85 85 1
10 10 1
68 68 2
59 59 1
77 77 1
91 106 1
84 85 1
122 122 2
45 68 1
125 125 1
107 107 1
42 42 1
41 41 1
116 117 1
19 19 3
34 37 1
90 90 1
8 8 1
10 10 3
25 27 1
106 125 1
10 10 1
6 6 2
96 96 1
44 44 1
112 125 1
116 127 1
123 123 2
3 3 1
62 62 1
104 104 1
69 70 1
12 12 1
84 84 1
61 61 3
104 106 1
46 46 1
7 7 1
32 32 1
123 123 2
124 124 1
52 52 1
102 102 1
9 9 1
95 101 1
67 67 1
20 20 1
54 54 1
16 16 1
9 12 2
36 36 1
122 128 1
92 92 2
55 55 1
42 42 1
16 16 1
118 118 2
44 44 1
84 84 2
8 8 1
110 110 1
51 51 2
73 73 1
83 83 1
66 74 1
34 34 1
69 69 1
74 74 1
5 5 1
59 59 3
39 78 1
32 32 2
113 123 1
127 127 1
96 96 3
36 36 1
72 72 2
121 121 1
43 43 2
118 118 1
50 50 1
18 18 1
76 77 1
62 63 1
26 26 1
24 49 1
28 30 1
95 98 2
83 84 2
75 75 1
35 35 1
57 97 1
57 57 1
59 59 1
24 34 1
107 107 1
80 80 2
99 105 1
38 38 1
80 80 2
8 8 1
12 21 1
124 124 1
6 6 1
61 61 1
22 23 2
35 36 1
76 76 1
116 116 1
69 69 1
33 33 2
16 16 1
84 85 1
113 113 1
128 128 2
16 16 1
61 61 1
107 107 1
118 118 1
45 45 1
74 74 2
57 58 1
34 34 1
12 22 1
30 31 1
48 72 1
77 77 1
4 4 1
102 102 1
75 75 1
100 109 1
36 38 1
73 73 1
129 129 3
11 11 3
83 83 2
34 34 1
95 95 1
91 91 1
125 125 1
41 53 2
76 76 1
27 28 1
41 41 1
12 13 1
8 21 2
66 66 1
114 114 2
40 40 1
20 20 2
88 89 1
40 40 2
93 93 1
111 111 1
100 100 2
52 52 1
90 90 2
88 88 1
42 67 1
54 54 1
63 63 1
119 119 2
86 129 2
124 125 1
120 120 1
75 81 2
127 127 1
84 84 2
120 121 1
60 60 2
94 94 1
81 81 1
45 52 1
108 109 1
47 52 1
72 72 2
10 11 1
53 54 1
37 37 1
123 124 2
111 112 2
90 91 1
106 106 1
21 21 2
117 117 3
105 125 2
20 20 1
62 62 1
14 14 1
88 88 1
84 84 1
4 4 1
46 46 2
91 91 2
120 120 3
11 28 1
61 61 2
122 126 1
115 115 1
110 113 1
71 71 2
44 44 1
50 50 2
60 60 1
77 114 1
59 59 1
40 40 1
44 112 1
76 76 1
89 119 1
43 43 1
85 85 1
24 24 1
36 38 1
53 54 1
32 32 3
45 47 1
75 83 1
66 67 1
25 25 1
47 47 1
51 51 1
68 68 1
60 60 1
94 94 2
62 62 1
44 44 2
90 106 1
75 76 2
60 60 1
75 77 1
91 91 1
39 39 1
40 40 1
35 35 2
21 21 1
95 95 1
97 97 1
6 7 1
35 35 2
61 61 3
78 78 1
40 52 3
106 106 1
90 90 2
79 79 1
88 88 1
105 105 3
26 26 2
69 72 1
49 49 2
61 61 2
36 36 1
57 92 1
121 123 1
126 126 1
116 116 1
26 27 1
49 50 2
76 77 1
17 20 2
105 105 1
125 125 2
82 82 1
76 76 1
6 6 1
47 82 1
63 64 1
44 44 1
24 24 1
127 127 1
125 125 1
112 112 1
19 20 1
27 27 4
127 127 1
94 118 1
40 40 1
40 40 1
97 97 1
100 100 1
40 51 1
34 34 1
26 26 1
22 22 1
23 23 1
62 62 1
82 82 2
49 49 1
96 98 1
66 66 1
25 25 1
72 72 3
115 115 1
72 96 1
89 89 1
119 119 1
120 120 1
53 54 2
103 104 1
32 32 1
34 34 1
57 57 1
76 76 1
101 103 1
26 30 1
126 126 1
38 38 1
104 104 1
60 60 2
112 112 1
3 4 1
112 112 1
48 48 1
61 67 1
39 39 2
110 114 1
103 103 2
39 39 1
75 76 2
45 93 1
104 104 2
50 50 1
52 52 1
42 67 2
35 36 1
23 23 1
57 57 1
46 46 1
79 79 1
107 124 1
61 61 1
9 9 1
37 37 2
32 78 1
103 103 2
41 41 1
38 38 1
86 86 1
24 24 1
46 46 3
44 44 2
79 79 1
58 88 2
10 50 1
36 36 1
62 63 2
32 32 1
22 24 1
23 26 1
12 12 3
123 124 1
95 95 1
111 111 1
33 33 1
83 83 1
100 100 1
41 41 1
59 60 1
70 70 1
8 8 1
13 50 1
43 43 1
122 122 1
43 122 1
77 77 2
6 6 1
76 77 1
60 60 2
105 123 1
3 3 1
43 93 2
4 39 1
6 6 1
109 109 1
82 82 1
55 55 1
73 73 1
43 129 1
41 53 1
55 55 1
97 125 1
14 14 1
81 82 1
98 98 1
45 45 1
89 89 1
44 45 2
112 114 1
19 19 2
79 79 1
14 16 2
121 123 1
73 73 2
7 7 1
40 84 1
112 112 1
59 59 1
17 17 2
128 128 1
115 115 1
74 74 1
64 64 1
84 84 1
93 95 2
28 28 2
91 91 1
102 102 1
106 106 1
32 37 2
6 7 1
102 106 1
61 61 1
38 38 1
110 110 1
45 45 1
36 36 1
111 111 1
92 107 1
101 101 1
3 3 2
7 7 2
89 89 1
93 93 1
75 76 1
52 57 1
10 10 1
49 49 1
13 13 1
47 64 1
3 3 1
65 65 1
97 125 2
11 11 1
74 74 1
58 58 1
71 71 1
118 118 1
24 24 1
114 114 1
25 25 1
45 45 2
18 18 1
65 65 2
102 102 1
7 8 2
47 80 2
47 47 1
15 15 1
43 44 1
50 50 1
56 109 1
59 59 1
94 94 2
15 15 1
48 48 1
33 33 1
31 31 1
108 108 1
80 80 1
16 18 1
15 39 1
4 4 1
108 108 1
30 31 1
73 96 1
76 76 3
97 97 1
34 34 1
61 67 1
57 57 1
103 103 1
96 96 1
40 40 1
72 72 2
110 110 1
84 84 1
19 19 1
7 7 1
80 80 1
21 21 1
25 25 1
35 35 1
13 13 1
123 123 1
63 63 1
99 99 1
19 19 3
89 89 1
118 118 1
67 67 2
45 71 1
119 126 1
36 50 1
117 118 2
12 13 1
55 55 1
24 29 2
107 107 2
60 60 1
105 105 1
86 107 1
75 83 2
72 72 1
111 111 1
13 13 1
59 88 2
109 109 1
21 21 1
24 28 1
36 36 1
70 70 2
106 106 2
25 33 2
64 64 1
43 69 1
118 118 1
126 126 2
41 87 1
7 7 1
90 129 2
36 37 2
45 63 1
13 13 1
106 106 1
53 53 1
23 23 1
51 51 1
123 123 1
17 18 1
97 97 1
110 118 1
104 105 1
125 125 2
9 9 2
13 13 1
90 90 1
57 90 1
43 43 1
76 77 1
47 47 1
88 129 1
9 9 1
59 60 1
125 125 1
101 101 1
25 25 1
68 82 1
118 118 1
111 111 2
67 67 1
87 88 2
92 92 2
48 48 1
116 116 1
33 37 1
74 74 1
57 57 1
35 35 1
8 8 1
90 90 1
129 129 1
68 68 1
78 78 1
86 86 1
65 74 1
50 50 2
94 94 3
82 82 1
24 24 1
81 81 1
37 37 1
82 82 1
107 108 1
123 123 1
44 44 1
64 64 1
83 84 2
79 79 1
105 105 2
38 38 1
75 75 1
9 9 3
60 60 1
14 21 1
111 111 1
50 50 1
61 62 1
87 87 1
60 86 1
20 20 1
63 63 1
127 127 1
37 37 1
80 80 1
32 32 1
76 76 1
65 65 1
40 40 2
84 84 2
56 56 2
92 92 1
57 57 1
59 59 1
108 108 1
10 30 1
71 71 1
113 113 1
5 21 1
55 91 1
50 50 1
104 119 1
72 72 1
97 97 2
90 92 1
56 56 1
105 115 1
120 120 1
67 68 1
14 21 2
37 37 2
54 54 2
105 113 1
93 93 1
27 27 1
47 47 1
71 71 1
93 93 1
60 86 1
10 48 1
6 6 2
38 38 1
113 119 2
99 99 1
119 119 1
25 33 1
125 125 1
7 7 1
74 74 1
42 42 1
87 87 1
92 107 1
75 75 1
12 12 1
76 76 1
12 51 2
43 43 1
102 102 1
3 3 2
15 18 1
33 33 1
103 117 1
32 32 2
8 8 1
43 43 2
25 25 1
113 114 1
20 20 1
64 64 1
31 31 1
64 64 1
109 109 1
36 50 1
91 92 1
19 20 1
102 102 1
8 8 1
39 39 2
44 115 1
4 4 1
48 48 2
47 47 1
52 57 1
64 64 1
68 68 1
19 19 1
112 114 1
27 27 1
121 121 1
99 103 1
46 46 1
8 9 1
103 103 1
113 114 1
96 108 2
77 77 3
90 90 1
63 63 1
19 19 1
22 22 1
63 125 1
13 13 1
53 53 1
40 40 1
99 104 1
106 106 1
86 87 2
37 37 1
117 117 1
37 37 1
98 106 1
76 77 1
111 111 1
17 17 1
28 28 1
9 9 1
28 28 1
76 76 1
104 104 1
86 86 4
106 106 1
94 116 1
67 67 1
79 79 1
26 26 1
20 20 1
81 81 1
89 89 3
28 28 1
57 57 2
13 13 2
51 51 1
102 102 1
5 5 1
56 56 1
129 129 1
16 16 1
41 87 2
31 31 2
8 8 1
63 63 2
43 54 1
53 53 1
108 108 1
9 9 3
66 66 1
34 39 1
66 66 1
62 62 1
65 65 2
66 66 1
17 17 2
86 86 1
97 97 2
82 82 1
124 124 1
120 120 1
9 9 1
44 44 1
91 91 1
35 35 2
111 115 2
116 116 1
63 63 1
87 87 2
66 67 1
16 38 1
77 119 1
71 71 1
113 113 2
16 18 1
29 29 1
58 58 1
124 124 2
43 129 1
112 112 2
61 81 2
60 126 1
91 91 1
40 40 1
32 32 1
97 97 2
65 65 1
18 18 1
81 81 1
62 62 1
30 30 1
119 120 1
118 128 1
12 20 1
36 36 1
61 61 1
106 106 1
31 34 1
62 62 2
17 18 1
122 122 1
113 113 1
21 21 1
70 70 2
97 97 1
110 111 1
58 58 1
64 64 2
128 128 1
16 16 1
111 111 1
104 122 1
99 120 3
58 76 1
105 105 1
87 87 2
59 59 1
75 75 1
111 111 1
92 93 1
94 94 2
70 70 1
37 37 1
26 26 2
90 128 2
41 53 1
98 98 1
46 65 1
119 119 2
101 102 2
20 20 2
98 98 2
50 74 1
98 99 1
59 59 1
54 72 1
66 68 1
102 102 1
41 83 1
3 3 1
48 48 2
63 63 1
126 126 1
86 86 1
123 123 1
16 16 1
80 81 1
91 91 1
115 116 1
87 87 1
86 86 1
76 83 2
106 106 2
50 50 1
39 39 1
109 109 1
10 10 1
96 96 1
51 51 1
71 71 1
15 15 1
80 81 1
87 87 1
92 97 1
19 19 1
34 34 1
25 36 2
90 90 1
63 63 2
115 115 1
108 108 1
28 28 1
49 72 1
91 91 1
4 4 2
13 13 1
6 7 1
57 57 1
48 72 1
122 124 1
126 126 1
76 76 1
9 9 1
116 116 1
84 84 1
78 78 2
8 8 2
113 125 1
45 45 3
67 74 1
42 42 1
67 82 1
76 76 2
6 6 3
52 52 2
79 79 1
29 31 1
9 13 2
105 119 1
52 52 1
69 69 1
90 90 1
93 93 1
18 18 1
61 61 1
79 79 1
59 59 1
120 120 1
63 63 2
123 123 1
8 8 2
3 3 1
61 75 1
61 77 1
22 50 1
116 116 2
7 8 1
126 126 1
117 117 2
45 45 2
124 125 1
78 79 1
92 106 1
14 14 1
8 8 1
10 10 1
77 77 1
113 114 1
51 51 1
25 25 1
20 21 1
92 106 1
12 28 2
95 124 1
68 68 2
95 96 3
111 111 1
86 86 1
60 60 1
117 117 1
23 23 1
41 41 1
45 45 2
105 105 2
102 104 1
11 39 1
49 49 1
88 88 1
43 43 2
6 6 1
6 6 1
6 6 2
41 41 1
114 115 1
118 119 1
114 114 1
39 39 1
35 35 1
64 64 1
58 89 2
7 7 1
43 43 1
124 124 1
98 98 1
69 69 1
95 95 1
39 39 2
43 43 1
55 55 1
33 33 1
57 92 1
93 93 1
16 16 1
91 91 1
80 80 1
13 13 2
29 29 2
24 24 1
22 22 1
65 65 1
123 124 1
95 102 1
127 127 1
91 91 1
40 40 1
53 56 1
67 67 1
114 124 1
113 113 1
129 129 2
6 39 1
31 31 1
34 34 1
28 28 1
46 46 3
80 80 1
16 16 1
39 39 1
74 107 1
37 37 2
24 24 1
77 77 2
43 43 2
89 89 1
17 17 2
101 103 1
44 119 2
67 67 3
93 93 1
42 75 2
16 16 1
112 112 1
103 103 2
11 11 1
79 79 1
8 8 1
87 87 1
110 111 1
62 62 1
127 127 1
49 49 1
91 91 1
38 78 2
71 71 1
123 124 1
34 34 1
103 103 1
76 76 1
90 92 1
44 44 1
106 107 1
87 87 1
33 33 2
24 72 2
68 83 3
57 57 1
77 77 3
34 34 1
127 127 1
6 6 1
9 10 1
112 112 2
108 110 1
62 62 2
10 28 1
4 50 1
84 84 2
41 41 1
16 16 1
47 47 1
89 106 2
22 22 1
23 23 1
7 7 1
87 87 1
68 68 1
26 26 2
94 95 1
73 73 1
66 66 1
37 38 2
111 122 2
42 42 1
55 55 1
80 80 1
13 13 1
75 83 1
45 46 2
45 54 1
65 65 1
89 128 1
96 96 1
4 4 2
54 55 1
34 34 2
36 78 1
99 99 1
104 104 1
48 48 1
11 11 1
59 60 1
67 67 1
121 121 1
62 62 1
81 81 2
90 90 1
128 128 1
59 61 1
113 113 2
47 47 1
4 22 1
91 91 1
43 43 1
76 76 1
68 129 1
91 91 1
98 98 1
35 50 1
127 127 1
70 70 1
9 10 3
15 81 1
42 42 1
83 83 1
4 4 2
34 51 2
78 79 1
10 10 1
42 42 1
63 63 1
79 79 1
41 75 1
108 108 2
83 87 3
83 83 1
75 75 2
56 56 1
41 41 1
98 101 2
14 16 1
68 83 2
117 119 1
100 100 1
71 72 1
78 78 1
25 25 1
9 10 1
106 106 1
107 107 1
90 90 1
60 60 1
96 96 1
5 5 1
80 80 1
54 54 3
116 116 1
41 112 1
127 127 1
121 121 2
126 126 1
48 72 1
23 23 1
45 47 1
107 107 1
36 36 1
88 112 1
62 62 2
13 36 2
11 11 2
127 127 1
26 26 1
17 18 1
63 63 1
18 20 1
117 117 1
75 75 1
15 15 1
85 85 1
82 82 1
40 40 2
26 27 1
66 68 1
4 4 2
24 24 2
63 63 2
9 9 1
32 32 1
60 60 1
22 22 1
63 63 2
29 29 1
5 39 1
20 20 3
72 72 1
98 121 1
61 62 1
100 100 1
91 92 2
33 33 1
111 115 2
61 61 1
53 53 2
121 121 1
22 23 1
88 88 1
4 4 1
46 46 1
93 93 1
117 117 1
114 114 1
104 104 1
104 104 1
108 110 1
32 32 1
105 119 1
6 6 1
115 115 1
64 65 1
38 38 1
75 75 1
23 23 2
110 110 2
17 17 2
103 103 1
78 78 1
126 126 1
48 48 1
99 104 1
74 77 2
108 108 1
36 36 2
55 57 1
95 95 2
100 100 1
4 80 1
98 98 1
92 92 1
72 72 1
57 68 1
52 52 1
87 87 2
102 102 1
61 83 1
4 18 1
21 21 1
17 17 1
63 65 1
87 87 1
36 36 1
20 20 1
88 88 1
91 92 1
12 13 1
82 82 2
4 4 1
112 118 1
54 54 3
62 62 1
59 59 1
34 34 1
9 11 1
33 33 1
24 24 1
38 38 1
63 74 1
121 121 1
20 20 1
13 13 1
65 65 1
110 112 1
11 11 1
33 33 1
13 27 1
59 59 1
39 39 1
29 29 1
63 63 2
3 8 2
8 21 2
45 46 1
60 60 2
55 55 1
67 67 1
114 114 1
54 72 1
110 110 1
43 43 1
30 30 1
106 106 1
71 71 1
68 92 1
75 75 2
123 123 1
122 122 1
20 20 1
87 87 2
17 17 3
91 92 1
73 73 1
94 94 2
114 114 1
107 107 1
66 66 1
87 112 1
97 97 2
108 108 2
88 88 1
31 32 1
59 59 1
122 122 1
60 60 1
76 76 1
122 122 1
77 77 1
50 50 1
42 42 1
119 119 1
74 74 1
67 67 1
83 83 1
22 22 1
28 28 1
94 94 1
66 66 1
76 76 2
105 105 2
80 80 1
100 100 1
4 4 1
42 42 1
106 124 1
111 124 1
11 11 1
13 13 1
74 74 2
16 16 1
106 106 2
50 50 3
74 74 1
87 87 2
84 84 1
93 107 1
48 48 1
124 124 1
118 118 1
97 97 1
21 21 1
116 117 1
54 54 1
75 75 2
60 60 1
45 73 1
59 59 1
115 116 1
111 111 2
103 103 1
87 87 1
56 56 1
72 72 1
95 112 5
50 73 1
27 27 3
111 111 1
91 91 1
86 86 1
34 50 1
102 102 1
40 47 1
14 14 3
50 50 1
102 118 3
36 36 2
6 6 1
96 96 1
120 120 1
18 49 1
35 71 1
66 66 2
104 104 1
84 84 1
31 31 1
94 103 2
48 48 1
106 106 1
112 112 2
116 116 1
125 125 1
108 108 2
23 23 1
112 112 2
78 78 1
63 63 1
103 103 1
125 125 1
102 102 1
27 29 1
110 110 2
61 61 2
105 105 2
58 76 1
108 108 1
103 103 1
103 103 1
77 77 1
53 129 1
64 64 1
88 89 1
15 15 2
82 82 2
60 60 1
62 62 1
127 127 2
124 125 1
97 120 1
40 40 1
59 116 1
100 101 2
106 106 1
82 82 1
5 5 1
113 128 1
30 30 1
53 53 1
27 27 1
18 19 2
104 118 1
37 37 2
120 120 1
60 60 1
91 91 1
21 21 2
32 32 1
10 10 1
94 94 2
87 87 1
12 27 1
74 74 5
117 117 1
45 45 1
127 127 1
18 18 2
34 34 1
38 38 1
32 32 1
62 62 1
106 106 1
107 107 1
103 103 1
35 36 1
70 71 1
52 57 2
7 7 1
69 84 1
52 52 1
4 4 1
75 75 2
117 117 2
38 38 1
114 114 1
70 70 1
95 97 1
72 72 2
31 31 1
53 55 1
30 30 1
119 121 2
61 61 2
83 107 1
53 69 1
36 38 1
95 121 1
28 28 1
11 37 1
10 10 1
21 21 1
96 97 1
34 34 2
7 7 1
104 104 2
114 114 2
55 55 2
105 105 1
42 42 3
121 121 1
19 19 1
28 28 1
85 85 3
57 57 1
27 27 2
89 89 1
108 108 1
87 87 2
23 23 1
78 78 1
17 18 2
92 92 1
11 11 1
20 20 1
56 56 1
3 3 1
49 49 2
27 33 1
119 119 1
116 116 1
82 82 1
85 88 1
104 106 2
102 118 1
64 65 1
128 128 2
44 44 2
23 26 2
24 24 1
40 40 1
16 16 1
29 29 1
61 70 1
95 95 1
100 100 1
16 16 1
53 53 1
95 106 1
51 51 2
50 50 1
122 122 1
62 90 1
9 9 1
128 128 1
65 65 1
59 59 1
63 65 2
128 128 1
76 77 1
87 87 1
109 109 1
59 59 1
76 86 1
63 64 1
94 95 1
127 127 1
43 113 1
10 10 1
26 26 1
34 34 2
96 106 1
89 89 1
42 58 1
61 61 1
11 27 1
10 10 1
30 33 2
80 80 1
32 39 2
57 57 2
16 17 1
109 109 1
50 50 1
87 87 1
78 78 1
117 117 1
39 39 1
86 86 1
102 115 1
38 38 1
31 32 1
75 75 1
8 39 2
114 114 2
17 17 2
49 73 1
69 70 1
118 118 1
127 127 1
5 5 1
124 124 1
52 52 1
112 129 1
13 28 1
53 53 2
10 38 1
48 48 2
38 38 1
114 114 2
100 100 1
28 28 1
22 22 1
53 53 1
127 127 1
105 105 1
39 39 2
99 99 1
89 90 1
76 83 2
26 26 1
57 66 2
64 65 2
103 103 1
47 47 2
37 37 3
88 88 1
55 56 1
35 35 1
88 88 1
35 78 1
52 52 2
13 28 1
44 44 2
52 55 1
113 125 1
46 46 2
60 60 1
29 29 2
126 126 2
69 69 2
114 115 1
81 81 1
35 35 1
13 14 1
127 127 1
82 82 1
108 109 2
10 11 1
5 8 1
59 59 1
110 110 1
91 91 2
45 46 1
51 65 1
108 108 1
81 81 1
18 18 1
107 124 2
128 128 1
26 26 1
45 54 1
91 91 2
11 11 1
127 127 1
60 60 1
19 20 1
26 26 1
102 102 1
32 32 1
105 125 1
97 97 1
127 127 1
9 9 2
7 7 1
83 87 1
90 90 1
96 96 1
113 114 1
75 75 1
105 119 1
73 74 1
54 109 1
56 56 2
82 82 1
85 85 1
102 102 1
127 127 1
126 126 1
28 28 2
29 29 1
32 32 1
63 63 1
58 58 1
50 50 1
47 77 2
53 56 2
100 102 1
114 114 1
119 119 1
44 118 1
91 91 2
15 15 2
120 120 1
44 44 1
84 84 2
105 115 1
12 12 1
33 33 2
77 83 1
78 78 2
87 88 1
104 105 1
108 108 1
115 115 1
68 68 1
32 32 1
8 8 2
43 44 2
96 97 1
86 86 1
8 28 1
100 100 1
113 113 1
42 67 1
108 123 2
113 113 1
107 107 1
28 30 1
80 80 1
30 32 3
108 108 1
90 90 2
62 90 1
113 114 1
41 63 1
108 108 1
12 38 1
69 69 1
40 52 1
59 59 1
102 115 2
79 79 1
51 51 3
107 124 1
3 4 1
97 97 2
59 59 1
93 93 1
4 19 1
45 45 1
51 51 1
39 39 2
25 25 1
12 20 2
128 128 2
35 35 1
13 22 1
26 36 1
103 103 1
110 110 1
107 107 1
69 69 1
4 8 1
73 73 1
95 109 1
116 116 1
13 13 1
111 111 1
46 46 1
38 38 1
28 28 1
58 58 1
39 39 1
63 63 1
7 70 1
70 70 1
111 111 1
93 93 1
10 10 1
102 102 2
60 60 1
123 123 1
15 15 1
100 100 1
109 109 2
62 62 2
3 8 2
93 93 2
82 82 1
103 103 1
103 103 1
68 68 1
89 128 1
110 110 2
49 49 1
41 41 1
105 105 1
32 37 1
119 119 1
91 91 1
77 77 1
51 64 1
40 40 2
73 73 1
98 98 1
12 12 1
24 24 1
121 121 1
89 89 2
56 56 1
90 105 1
105 115 1
102 104 1
91 91 1
15 15 1
56 70 1
78 78 1
50 73 2
9 9 1
98 98 1
50 50 1
95 95 2
7 55 2
124 124 2
60 87 2
25 25 1
91 106 1
47 47 2
85 85 1
53 129 1
64 64 1
115 115 1
19 19 2
33 33 1
106 106 1
77 77 1
106 107 1
30 30 1
52 57 1
75 75 2
13 13 2
48 48 1
85 85 1
43 43 1
43 44 1
65 65 1
29 30 1
83 83 2
97 97 1
79 79 1
56 56 2
6 6 1
81 81 1
101 101 1
34 34 2
94 94 1
84 84 3
41 41 1
30 30 1
36 36 1
7 7 1
58 58 1
45 74 1
102 102 1
123 123 1
102 122 1
37 37 1
59 60 2
87 87 3
51 51 1
129 129 1
12 12 1
34 34 1
9 9 1
60 60 1
69 69 1
51 64 1
67 67 1
75 75 1
35 35 2
125 125 1
100 100 1
115 116 1
71 71 2
76 76 1
112 113 2
3 4 1
92 92 1
45 107 1
52 54 1
77 77 1
3 52 1
93 93 2
93 107 2
95 95 1
9 9 1
39 52 2
4 8 1
110 110 1
75 75 1
4 12 1
5 5 2
35 74 2
78 78 1
89 129 1
22 22 1
95 96 1
89 89 1
9 9 1
96 96 1
28 30 1
49 49 1
76 76 1
78 78 1
41 41 1
5 5 1
95 95 1
66 66 1
126 126 1
79 79 2
92 92 1
127 127 2
12 13 2
6 10 1
99 99 2
98 107 1
36 36 2
64 65 1
75 75 1
85 87 1
56 56 2
8 8 1
104 119 1
96 96 1
84 88 2
83 83 1
113 114 1
40 46 1
83 83 1
90 90 3
32 32 1
91 91 1
119 119 1
62 93 3
67 67 1
100 100 1
58 58 1
16 16 2
5 5 1
97 97 1
114 114 1
22 22 1
107 107 1
77 77 2
90 91 1
7 7 1
93 93 1
17 17 2
22 22 1
124 124 1
3 3 2
34 34 1
102 102 1
91 91 1
105 105 1
86 86 2
66 66 2
34 34 1
108 110 1
118 118 1
5 5 2
68 68 1
47 49 1
86 88 1
75 75 1
41 41 1
65 91 1
20 20 1
3 49 1
97 97 2
93 93 1
88 88 1
9 48 1
34 34 1
73 73 1
13 22 1
108 108 1
9 9 1
54 54 1
94 94 1
86 86 2
59 59 2
18 18 1
61 75 2
125 125 2
83 83 1
54 54 1
10 10 2
92 92 1
107 107 1
11 11 1
123 123 1
14 14 1
69 69 2
33 33 3
7 12 1
9 12 2
42 42 1
61 61 1
62 62 2
46 46 1
65 65 1
44 44 1
58 76 1
34 73 1
84 84 1
46 66 1
16 16 2
106 106 2
52 57 1
73 73 1
108 108 2
80 80 1
86 91 1
95 121 2
77 82 2
7 7 1
127 127 1
49 49 1
48 48 1
24 24 1
89 89 2
5 5 2
68 68 1
16 16 1
95 101 1
23 23 1
40 40 1
22 22 1
112 115 1
49 49 1
33 34 1
20 20 1
44 44 1
82 82 2
12 12 2
8 9 1
42 42 2
34 73 1
103 103 4
126 126 1
26 26 2
100 100 1
55 55 2
34 35 1
36 38 3
86 86 2
34 78 1
21 21 1
24 29 2
12 28 1
53 53 1
125 125 1
19 20 1
40 64 2
32 38 1
105 105 1
58 58 1
127 127 1
115 115 2
111 124 2
13 13 2
9 9 2
26 26 1
128 128 1
75 75 1
53 53 1
75 75 2
120 120 1
14 21 1
86 86 1
89 89 1
38 38 1
75 82 1
83 83 1
33 33 1
77 119 2
46 46 2
19 19 1
115 125 1
90 90 1
40 84 1
74 74 2
110 110 1
123 123 3
35 50 1
80 81 1
3 46 1
13 13 1
92 92 1
30 32 1
75 75 1
50 73 1
95 95 1
60 60 2
99 99 1
46 46 2
90 92 1
83 83 2
71 71 1
61 61 1
77 77 1
72 96 3
77 77 1
113 119 1
27 27 1
4 4 2
33 33 1
24 30 1
94 94 1
93 93 1
32 32 2
127 127 1
84 84 1
20 20 1
66 66 1
8 8 1
97 97 1
126 126 1
4 4 1
116 116 1
90 90 1
26 26 1
43 44 2
55 55 1
110 110 1
101 101 1
45 45 1
120 120 2
32 32 1
69 69 1
71 71 1
95 106 2
67 67 1
28 28 2
122 122 1
60 60 4
53 53 1
83 88 1
74 74 2
13 13 1
66 66 2
74 100 1
69 69 1
115 115 1
126 126 1
69 69 1
19 19 1
44 44 1
17 17 1
59 59 1
90 129 1
122 122 1
94 94 1
55 56 1
115 115 1
111 111 2
7 19 4
93 93 1
113 114 2
75 129 1
99 99 1
7 7 1
123 123 1
123 123 2
115 115 1
63 63 2
100 104 1
100 100 1
50 50 1
38 38 1
103 103 2
30 30 1
99 99 1
74 74 1
32 32 2
117 120 1
94 114 1
47 52 1
100 100 1
102 102 1
119 128 1
48 48 1
13 13 1
43 43 1
39 39 1
125 125 1
83 83 1
67 76 2
6 6 2
102 115 1
46 46 1
102 102 1
14 14 1
57 62 1
43 103 2
102 102 2
26 36 1
11 37 1
39 39 1
85 85 2
104 109 1
45 45 1
45 96 1
80 80 1
52 52 1
50 50 1
88 107 1
21 21 1
75 75 1
41 74 1
16 16 1
13 14 1
49 49 2
48 73 1
105 105 1
72 72 1
76 76 1
78 113 1
44 44 1
46 47 3
106 106 1
12 48 2
111 111 1
12 12 1
45 45 1
50 50 4
52 52 2
14 14 1
126 126 2
40 40 1
97 97 1
119 119 1
26 26 1
126 126 1
41 41 2
22 22 1
123 123 3
48 48 1
42 42 1
84 84 1
37 37 1
61 62 1
109 109 2
57 62 1
91 91 1
33 33 2
28 30 1
21 21 1
3 47 1
16 16 1
80 80 1
50 50 3
52 52 2
65 65 1
40 40 1
17 17 1
117 117 1
94 94 2
128 129 1
122 123 1
106 106 1
105 105 1
3 13 1
36 36 2
65 67 1
92 92 1
113 113 1
97 124 1
3 8 2
30 30 2
24 24 1
34 34 1
16 16 1
90 90 1
55 55 1
30 30 1
95 100 1
54 55 1
112 112 1
112 112 1
38 38 1
43 43 1
50 50 1
25 25 1
38 38 1
22 23 2
18 18 1
52 52 1
41 69 1
111 111 1
65 65 1
58 59 1
48 48 2
93 93 1
84 84 1
6 6 2
64 64 1
95 95 2
88 88 1
68 68 1
112 112 1
57 57 1
15 15 1
40 40 1
87 87 1
65 65 1
81 81 1
49 50 1
32 32 1
9 39 1
39 79 1
37 37 1
59 59 2
15 15 1
110 113 4
36 36 1
43 45 1
79 79 1
114 115 1
58 58 1
66 66 1
40 40 1
86 86 1
54 54 1
123 124 1
29 29 2
20 20 2
11 11 1
7 7 1
81 81 1
58 89 1
53 53 1
8 8 1
43 43 1
49 73 1
32 32 2
115 116 1
3 16 2
108 108 1
59 59 1
103 104 4
22 22 1
119 119 3
88 88 2
60 60 1
71 72 1
36 36 2
13 39 1
93 107 2
62 62 1
128 128 1
105 105 1
59 59 1
94 101 1
112 112 1
12 12 1
67 67 1
45 107 3
87 88 3
78 78 1
99 103 1
10 10 1
59 59 1
83 83 1
53 53 1
35 50 2
41 69 1
100 100 1
46 46 2
58 118 1
28 29 1
7 7 2
108 109 2
92 106 1
67 67 1
10 10 3
93 96 3
71 71 1
68 68 1
63 63 1
30 39 1
113 113 3
32 32 1
75 76 1
103 103 2
54 70 2
59 85 1
100 100 1
108 108 1
16 16 2
65 66 2
122 122 1
16 16 1
44 44 2
110 111 1
120 120 2
113 113 1
52 52 2
7 47 1
14 14 1
89 89 1
16 16 1
86 86 1
122 122 1
34 35 1
107 107 1
53 55 1
96 96 1
17 17 1
77 77 1
47 47 1
89 90 1
19 20 2
56 56 1
46 77 2
113 114 1
87 87 2
76 76 1
9 9 1
124 124 1
73 73 2
122 122 1
112 113 1
76 76 1
79 79 1
80 80 1
110 110 1
3 4 1
95 95 1
43 68 1
57 57 1
7 7 1
12 26 2
116 116 1
123 123 1
58 59 1
98 98 2
4 4 2
13 13 2
37 39 1
88 88 1
58 59 1
81 81 1
90 90 1
15 15 1
62 62 1
25 25 1
57 57 1
104 104 1
48 48 1
125 125 1
126 126 1
78 78 1
45 45 1
41 41 1
115 115 2
5 21 1
69 70 2
49 50 2
54 54 1
13 13 1
37 37 2
4 47 2
64 65 2
89 89 1
62 62 2
68 83 2
23 23 1
8 9 1
84 84 2
121 121 1
61 61 1
55 70 1
113 113 2
38 38 1
70 70 3
33 37 1
61 61 1
52 52 1
56 56 1
82 82 1
97 123 1
119 120 2
52 52 1
59 61 1
49 55 1
54 54 1
75 83 1
99 99 1
50 73 1
56 69 1
34 73 1
112 112 1
17 17 1
113 113 1
35 36 2
26 26 1
68 68 2
50 50 1
8 12 1
124 124 1
21 21 2
16 23 1
40 76 1
89 101 1
98 98 2
70 70 1
60 60 2
37 78 1
110 110 2
4 47 1
8 10 1
77 77 1
124 124 1
38 38 1
121 121 1
87 87 1
34 34 1
112 112 1
44 44 1
38 38 2
16 16 1
12 12 1
74 74 1
15 24 1
59 62 1
53 71 1
78 78 1
119 122 1
107 107 1
72 72 1
31 32 1
77 77 2
97 97 1
69 69 1
44 44 1
33 34 2
110 110 1
30 31 1
115 124 1
16 25 1
36 37 1
36 36 1
67 67 1
94 94 1
11 11 1
124 124 2
43 74 1
88 88 1
106 106 1
69 69 2
55 68 1
46 46 1
65 65 2
115 115 1
123 123 1
124 124 2
123 124 2
97 121 1
19 19 1
98 108 1
91 91 1
125 125 1
61 76 1
65 65 1
44 68 1
28 28 2
29 30 1
62 62 1
61 61 1
25 25 1
11 11 1
123 123 1
104 104 3
114 114 1
128 128 1
120 120 1
103 103 3
28 28 1
72 73 1
40 41 1
81 82 1
20 23 1
70 70 1
7 7 1
47 65 1
26 26 1
5 5 2
124 124 2
83 83 1
119 119 1
58 58 1
90 90 1
108 108 1
10 10 1
9 13 2
109 109 1
87 87 2
47 71 1
69 69 2
74 74 1
102 122 1
45 45 1
111 111 2
112 112 1
89 89 3
88 88 1
20 22 1
41 41 2
67 67 1
24 24 1
81 81 1
21 21 1
69 69 1
94 94 2
110 110 1
115 115 1
98 98 1
120 120 2
64 65 1
91 91 1
74 74 1
67 67 1
8 10 1
27 27 3
16 20 1
91 91 1
110 110 1
10 10 1
4 48 1
113 113 2
37 38 2
78 78 1
101 101 1
6 6 1
40 40 1
9 9 1
38 38 1
23 26 1
64 64 2
22 35 1
31 31 1
27 27 1
90 90 2
34 34 1
98 99 1
104 104 1
43 44 2
63 63 2
26 37 1
11 11 1
30 34 1
96 96 1
102 102 2
21 21 3
110 111 1
63 63 2
6 6 1
113 113 1
41 67 1
43 43 1
68 70 2
24 24 1
26 26 1
59 60 1
90 90 1
43 44 1
91 91 1
20 20 1
4 18 1
25 25 1
97 97 1
90 90 2
27 27 1
88 88 1
46 46 3
116 116 1
106 106 1
46 46 2
45 129 1
54 55 1
98 116 1
37 37 1
87 87 2
6 7 1
26 26 1
55 91 3
60 60 1
127 127 1
99 99 1
77 77 1
86 89 1
63 63 1
48 48 1
8 8 2
68 69 1
39 39 2
42 42 2
12 39 1
77 77 1
23 25 3
109 109 1
53 62 1
113 114 1
45 71 1
36 36 1
25 25 1
58 58 2
66 66 1
35 35 2
44 44 2
22 22 1
95 96 1
29 30 1
54 70 1
29 29 2
57 57 1
59 59 1
18 18 2
50 51 1
104 104 3
129 129 1
6 6 1
46 46 1
100 100 2
95 95 1
81 81 1
20 23 2
59 59 2
108 108 1
108 109 1
53 53 1
5 5 1
46 46 2
53 70 1
56 56 1
73 73 1
102 109 1
17 25 1
123 125 1
10 10 1
71 72 1
77 77 1
86 86 1
13 13 3
55 91 1
87 129 2
58 58 1
113 113 1
73 73 1
107 107 1
24 24 1
49 49 1
61 61 1
18 18 1
19 19 2
13 38 1
3 3 1
102 102 1
36 36 1
124 124 1
96 116 1
106 106 2
20 20 1
10 10 1
30 30 1
86 86 2
61 61 1
3 5 1
44 44 1
41 41 1
46 47 1
68 107 1
91 91 1
56 56 2
66 67 2
51 51 2
7 7 2
57 57 1
12 12 1
59 120 1
30 31 1
92 106 1
67 67 2
110 112 2
83 84 1
13 13 1
29 31 1
101 101 1
6 6 1
129 129 1
44 44 1
36 38 2
82 82 2
96 108 1
120 120 2
38 39 1
94 94 1
35 35 2
112 113 1
54 57 1
33 33 2
40 41 2
115 115 1
92 93 1
95 95 1
110 111 2
86 86 1
40 57 1
43 44 1
31 31 2
96 96 2
75 75 1
119 119 2
56 56 1
86 86 2
33 33 1
33 34 2
100 104 1
119 119 2
47 64 1
109 109 2
115 115 1
93 107 3
72 72 1
124 124 1
4 13 1
100 100 1
80 80 1
57 61 1
80 80 1
97 97 1
48 74 1
59 59 1
73 73 1
123 123 1
45 46 1
21 31 1
62 128 1
23 23 1
38 38 1
92 92 2
58 58 2
44 45 1
80 80 1
26 26 1
109 109 1
80 80 1
100 100 2
39 39 1
112 116 1
115 115 1
39 39 1
115 116 1
121 121 1
10 10 1
95 101 2
127 127 1
93 93 1
59 59 1
19 22 1
117 119 1
35 38 1
52 57 1
10 10 2
4 4 2
46 62 1
114 114 2
93 93 2
16 25 1
111 124 3
46 46 1
87 90 1
59 59 1
88 88 1
44 77 1
102 102 2
52 65 1
78 78 1
45 56 1
114 114 1
109 109 1
87 87 1
75 75 1
109 109 1
98 109 1
117 117 1
109 109 2
86 86 2
27 28 1
113 113 1
92 92 1
93 93 1
11 11 1
38 81 1
94 94 1
59 59 2
92 92 2
85 85 1
37 37 1
121 121 3
43 129 1
66 66 1
102 102 1
39 39 1
42 42 2
60 60 1
75 75 2
84 84 1
110 110 2
63 65 1
81 81 1
60 60 2
21 31 1
123 123 1
101 101 1
6 6 1
125 125 1
77 77 2
105 123 1
114 114 1
115 115 1
82 82 1
59 59 1
78 78 1
122 122 2
113 113 1
54 54 3
116 116 1
42 43 1
59 59 1
99 99 1
84 84 2
126 126 2
99 100 1
55 55 2
55 56 2
67 67 1
59 60 1
12 12 1
13 13 1
52 52 1
112 119 1
117 117 1
51 65 1
22 23 1
126 126 2
24 50 1
77 78 2
82 82 1
63 63 1
14 21 2
10 10 1
128 128 1
111 111 1
25 36 1
127 127 2
28 28 1
122 123 2
20 20 2
42 82 1
100 108 1
108 109 1
41 69 1
29 29 1
58 58 1
35 36 2
30 30 1
118 119 2
98 98 2
109 109 1
116 116 2
8 39 1
23 24 1
91 91 1
46 46 1
56 56 4
128 128 1
72 72 2
58 90 1
108 123 1
116 116 1
62 62 1
94 94 1
85 85 1
110 110 1
33 33 1
104 104 2
55 56 1
6 10 1
23 23 1
63 65 1
13 13 1
36 36 1
122 122 1
127 127 1
62 62 1
107 107 2
67 67 1
44 44 1
52 52 1
107 107 1
19 19 2
17 17 1
35 36 2
4 4 1
28 28 2
63 63 1
86 86 2
60 60 1
51 51 1
107 107 1
91 91 1
35 35 1
91 91 2
83 86 1
14 14 1
64 64 1
124 125 1
54 63 1
44 44 1
99 99 1
124 124 1
91 129 2
47 47 1
9 9 1
123 123 1
63 63 4
44 44 1
13 13 1
38 38 1
46 47 1
46 46 1
65 65 1
58 88 3
113 128 1
22 29 1
50 50 2
67 67 3
5 5 1
87 87 2
37 37 1
101 101 1
11 37 2
75 83 1
37 37 1
110 110 1
12 12 1
80 80 1
77 77 1
3 3 2
12 28 1
74 74 1
124 124 1
40 52 1
90 90 1
40 65 1
52 52 1
8 8 2
110 110 1
20 20 1
96 124 1
20 20 1
58 58 1
80 80 1
51 64 1
16 17 1
55 55 1
93 93 1
18 19 2
41 107 1
37 37 2
72 72 2
10 10 1
122 122 1
4 4 1
32 39 1
70 70 1
79 79 1
11 11 1
100 100 1
53 53 1
91 91 2
107 112 1
45 45 2
99 99 1
126 127 1
13 48 2
108 108 1
18 18 1
47 47 1
41 41 1
58 58 1
20 23 1
38 78 1
5 8 1
66 66 1
4 4 1
79 79 1
53 53 1
76 86 1
107 107 1
49 49 2
48 48 1
36 36 1
7 7 3
18 18 1
44 44 2
15 15 1
42 42 1
101 102 1
74 74 1
28 28 2
15 15 3
75 75 1
67 67 1
10 10 2
126 126 1
82 82 1
42 42 1
44 93 1
98 106 2
34 34 2
112 112 2
59 60 1
46 48 1
111 111 1
41 53 3
95 105 1
110 110 1
34 34 1
80 80 1
50 50 2
13 14 1
56 56 1
90 90 1
109 109 1
74 74 1
18 51 1
123 123 2
65 65 1
76 82 1
91 91 2
116 116 1
60 60 1
48 48 1
109 109 1
13 14 1
122 122 1
125 125 1
25 38 1
114 119 1
80 80 1
69 70 1
76 76 1
11 11 1
103 104 1
92 92 1
68 68 1
62 62 2
67 67 1
22 22 1
96 96 1
126 126 1
50 73 1
85 85 1
11 11 1
43 129 1
30 30 1
19 19 1
42 58 2
10 10 2
41 41 1
112 112 1
43 43 1
25 25 3
52 52 3
60 61 1
92 93 2
24 24 2
44 44 2
126 126 1
111 115 1
37 37 1
126 126 2
120 120 2
74 74 2
24 29 1
91 91 1
32 78 2
104 104 1
48 72 1
80 80 1
23 35 2
56 56 1
22 23 2
31 31 1
14 14 1
67 129 1
110 110 1
45 45 2
12 36 1
93 93 2
104 104 2
75 76 1
20 20 1
72 72 1
69 107 1
112 112 2
45 45 2
58 84 1
11 11 1
14 14 2
93 93 2
53 53 1
57 57 1
63 63 3
59 59 1
128 128 1
13 13 2
69 69 1
115 115 1
59 60 1
57 57 1
64 64 1
91 97 1
18 18 2
71 71 2
100 100 1
109 109 1
24 24 1
5 18 2
107 113 1
82 82 1
14 14 1
68 69 1
35 35 1
8 8 2
87 87 1
55 55 1
12 13 1
86 86 1
92 110 2
37 37 1
73 73 2
43 129 1
113 113 1
77 77 2
93 101 1
64 64 2
5 5 1
56 56 2
35 38 1
55 70 1
77 77 2
84 84 1
108 109 2
68 82 1
107 107 1
76 76 1
86 86 1
56 57 1
95 96 1
122 122 1
64 64 2
125 125 2
52 52 2
115 125 1
24 24 3
5 5 1
47 64 2
60 60 1
91 91 1
86 86 1
104 118 1
38 38 1
15 15 1
46 46 1
55 55 1
60 86 2
106 118 1
108 108 1
60 60 1
24 24 2
3 14 1
125 125 1
68 69 1
10 10 1
46 46 1
35 35 2
44 44 1
64 64 1
105 118 1
97 97 1
55 55 1
4 4 1
40 40 1
15 15 2
48 48 1
16 16 1
77 77 2
93 105 1
77 77 2
66 68 1
44 44 1
92 93 1
81 82 1
68 68 1
122 122 1
10 27 2
23 23 1
68 68 1
31 48 1
78 78 1
53 74 2
97 97 1
64 65 2
45 45 1
38 38 1
24 24 1
77 110 1
58 58 2
61 67 2
38 38 1
108 108 2
40 40 1
100 100 1
55 57 1
74 109 1
12 12 1
77 104 1
89 89 1
38 39 1
101 104 1
25 25 1
127 127 1
115 116 1
86 86 1
88 112 1
80 80 1
59 60 1
67 67 1
19 23 1
26 26 1
36 50 1
89 90 1
59 59 1
113 113 1
33 33 1
59 59 1
108 108 1
95 108 1
68 68 1
119 119 2
75 75 1
41 83 1
60 60 1
119 119 2
99 103 4
107 107 2
92 92 1
17 17 2
75 75 1
91 91 1
7 7 1
5 5 1
102 102 1
50 50 1
45 45 1
116 116 1
128 128 1
73 73 1
91 91 1
50 50 1
52 52 2
90 90 1
59 59 2
127 127 1
94 108 2
41 41 1
108 108 1
49 50 2
91 91 2
127 127 1
119 119 2
23 23 1
113 114 2
121 121 1
80 80 1
118 118 1
13 13 1
31 32 1
10 12 1
94 94 1
47 47 1
6 6 1
55 55 1
102 102 1
23 23 1
117 117 1
34 35 1
111 124 1
32 32 1
41 41 1
44 44 1
92 92 1
11 12 1
8 8 1
42 42 3
19 19 2
128 128 2
72 96 2
29 29 1
50 74 2
40 40 1
24 24 1
90 90 1
66 66 1
125 125 1
110 122 1
66 66 1
34 49 1
10 27 1
67 67 1
18 19 2
116 116 1
21 21 1
21 21 1
105 105 1
69 69 1
18 18 1
22 22 1
104 104 1
126 126 1
91 91 4
47 71 1
117 118 1
106 128 1
75 75 2
109 109 1
82 82 2
4 13 1
75 75 1
26 26 2
51 51 1
99 117 1
52 52 1
24 25 1
34 78 2
17 17 2
24 24 1
56 56 1
11 37 1
74 74 1
24 28 1
33 33 1
42 42 1
81 81 1
52 97 1
60 60 2
95 95 1
128 128 2
97 122 3
106 128 1
27 27 1
126 127 1
4 4 1
80 80 1
28 28 1
65 65 1
110 110 1
4 4 1
109 109 1
20 20 1
66 66 2
17 17 2
115 115 3
37 37 1
97 97 1
88 112 1
11 11 1
49 49 1
93 110 2
83 83 1
92 92 1
128 128 1
71 71 2
126 127 1
123 123 2
52 52 1
75 84 1
70 70 1
14 14 1
93 93 1
48 48 1
44 44 2
70 70 1
94 94 2
124 125 2
58 89 1
128 128 1
40 40 1
129 129 2
96 96 1
64 65 2
90 91 2
89 123 1
101 102 2
105 105 1
98 98 2
14 14 1
43 43 2
61 61 1
94 94 1
22 22 1
72 72 1
56 69 2
35 35 2
76 83 1
85 85 1
53 53 1
26 26 1
115 116 2
91 91 1
16 16 1
110 111 1
123 124 1
7 30 1
112 115 1
29 29 1
61 67 1
102 102 1
11 11 1
63 63 1
76 76 1
39 39 1
27 27 1
56 56 1
42 42 2
35 35 1
6 6 1
8 8 1
20 21 2
70 74 1
61 61 1
60 60 1
56 56 1
40 40 1
39 40 1
30 30 1
94 94 1
3 3 2
70 70 1
43 43 1
65 65 1
10 30 2
56 56 2
44 44 1
115 115 1
14 14 1
129 129 1
108 113 1
61 61 1
93 107 1
57 92 1
19 19 1
72 72 1
108 108 1
88 88 2
23 31 2
26 26 3
87 87 1
28 29 1
43 43 3
28 28 1
16 16 1
104 104 1
108 108 1
77 77 1
13 22 1
69 69 1
20 22 1
66 66 1
77 77 1
16 16 1
31 78 1
29 29 2
76 76 1
123 123 2
100 100 2
71 71 1
57 57 1
32 32 2
118 118 2
52 57 2
115 115 2
6 6 2
73 73 1
101 101 2
62 62 1
46 67 2
92 92 1
26 26 2
90 90 1
126 126 1
16 18 1
93 96 1
11 28 1
44 44 1
45 68 2
17 73 1
99 99 1
50 72 1
100 100 2
57 57 1
124 124 1
44 77 1
39 39 3
22 37 3
118 122 1
84 84 1
41 77 1
80 80 1
72 72 1
80 80 1
79 79 1
104 106 1
128 128 1
47 74 1
59 60 1
121 121 1
102 102 2
62 62 1
35 35 1
97 97 1
86 87 4
103 104 2
118 118 3
21 21 1
118 118 1
54 54 1
63 63 1
107 107 1
110 110 2
28 28 1
87 87 1
33 33 1
40 40 1
17 17 2
22 22 1
90 90 1
95 96 1
16 16 1
75 75 1
107 108 1
57 57 1
36 78 2
51 51 1
68 68 1
59 59 2
61 61 1
31 31 1
48 73 1
31 31 1
60 60 1
23 79 1
20 20 2
82 82 1
124 124 1
58 76 1
105 105 2
100 100 1
9 9 2
82 83 2
53 68 2
117 117 2
106 106 1
3 13 1
25 25 1
17 24 3
34 34 1
25 38 1
27 27 1
84 84 1
81 81 1
17 17 3
25 36 3
26 26 1
101 101 2
42 42 3
36 78 2
9 9 1
62 62 1
120 120 1
118 119 2
30 30 2
76 84 2
7 7 2
95 109 2
38 78 1
44 44 1
37 37 1
102 102 1
42 126 1
104 105 2
101 104 2
5 5 1
24 25 2
123 123 2
11 11 1
32 32 1
52 52 2
90 128 1
19 19 1
48 78 3
103 104 2
10 10 2
92 97 3
99 119 1
6 7 1
76 76 1
55 55 1
110 111 1
100 104 1
66 66 1
96 96 1
128 128 1
117 117 1
4 4 2
123 123 2
9 9 1
79 79 1
104 104 1
11 11 1
90 129 2
29 29 1
102 102 2
121 121 2
42 42 1
27 27 2
112 112 1
105 115 1
24 24 2
32 32 1
60 60 1
62 62 1
110 110 1
59 59 1
122 122 1
7 7 2
81 81 2
9 9 1
23 23 1
43 43 1
88 88 1
73 73 2
5 39 2
122 122 2
46 46 1
44 44 1
34 78 1
49 49 2
115 115 1
93 115 2
80 80 1
93 107 1
17 18 1
17 79 2
29 29 1
19 19 1
124 124 1
91 91 1
122 122 1
50 50 1
129 129 1
114 114 1
75 75 1
92 92 2
122 122 2
100 100 1
34 37 1
11 11 1
92 92 1
85 85 2
32 32 2
116 127 1
64 64 1
85 87 2
4 48 1
119 119 1
78 121 1
47 47 1
112 112 1
4 38 1
12 29 1
13 13 1
97 126 1
99 99 1
52 52 2
68 68 1
48 48 1
113 114 1
60 60 1
67 68 1
31 37 1
71 71 1
67 67 1
74 77 1
101 101 1
108 108 1
93 107 1
102 102 1
82 82 1
31 31 1
37 37 1
25 25 1
33 37 1
9 9 1
17 17 2
117 117 1
113 123 1
94 94 1
120 120 1
46 46 2
23 23 2
119 119 1
69 69 1
8 8 1
106 106 2
58 75 2
19 19 1
106 106 1
6 6 3
104 104 3
27 27 1
17 17 1
76 93 1
66 66 1
55 55 1
17 17 1
76 83 1
109 109 1
40 40 1
85 85 1
86 86 1
111 112 1
61 61 1
110 110 1
127 127 1
63 63 1
60 60 1
70 70 1
92 106 3
47 47 3
76 77 1
20 27 1
67 68 1
118 118 1
44 44 1
10 14 1
50 50 1
50 50 2
67 110 1
19 51 1
28 29 1
24 24 1
37 78 1
54 72 1
10 11 1
20 20 1
13 13 1
114 114 1
105 105 1
78 115 1
26 26 1
54 54 1
93 126 1
99 104 1
52 65 1
60 60 2
60 60 1
48 48 2
17 17 1
51 51 1
6 6 1
106 106 4
97 97 1
61 93 1
125 126 1
16 17 1
94 125 1
57 57 1
42 67 1
113 122 1
46 46 1
41 83 1
108 108 1
62 62 1
15 23 1
102 102 1
59 59 1
74 74 1
10 10 1
113 113 1
89 89 1
6 7 1
125 125 2
45 45 1
53 53 1
75 75 1
99 99 2
125 125 1
109 109 1
64 64 1
45 45 1
13 13 2
29 31 1
115 115 2
94 94 2
95 102 3
80 81 1
15 15 1
85 85 1
69 69 1
17 18 1
114 114 1
106 106 2
127 127 1
75 75 1
44 44 3
78 115 1
104 120 1
80 80 1
58 58 1
94 94 2
91 91 1
122 124 1
49 49 1
75 75 1
31 32 1
46 47 1
74 74 1
21 21 3
47 74 1
12 39 1
63 66 2
111 111 1
127 127 3
97 98 2
54 66 1
85 85 2
55 90 2
59 59 2
16 19 1
121 121 1
87 87 1
24 24 1
127 127 1
55 55 1
30 30 2
107 107 1
123 123 1
21 21 1
112 122 1
21 23 2
12 12 1
116 116 1
16 18 1
20 20 1
119 119 1
63 63 1
124 125 1
39 78 1
90 129 2
124 124 4
19 22 1
9 9 1
49 49 1
110 110 2
47 47 1
93 108 2
109 109 2
73 73 1
53 53 2
4 10 1
108 108 2
108 108 2
107 112 1
8 8 2
30 30 1
47 71 2
84 84 1
105 105 1
44 44 1
16 16 1
64 64 1
14 27 2
65 68 1
85 89 1
21 21 1
102 122 1
102 102 2
48 48 1
93 93 1
75 85 3
88 88 1
115 115 1
88 97 1
106 106 3
43 43 1
68 68 2
90 91 2
73 74 1
119 119 1
123 123 1
45 114 1
86 86 2
74 74 1
24 48 2
84 84 1
31 31 1
69 69 1
20 20 1
127 127 1
61 61 1
102 102 1
92 107 1
3 3 1
115 115 1
17 17 1
107 107 1
46 46 1
112 112 2
61 61 1
15 15 2
105 105 1
29 29 2
93 108 1
46 47 1
66 66 2
76 76 1
114 114 4
47 77 1
100 100 1
115 115 1
99 121 1
68 68 1
41 41 1
80 80 2
21 21 1
8 28 1
48 48 1
19 19 1
23 23 1
46 46 3
31 31 1
41 92 1
116 116 1
42 70 1
43 43 1
64 92 1
73 73 1
41 41 2
45 92 1
35 38 1
98 98 1
115 115 1
80 80 1
123 124 1
19 19 1
96 101 2
41 41 2
27 27 1
37 37 1
108 108 1
127 127 1
45 77 1
35 35 1
31 31 1
99 99 1
108 108 1
71 71 1
119 119 1
102 105 1
64 65 1
105 113 2
14 39 1
12 12 1
73 101 1
14 39 1
116 127 1
28 28 2
71 71 2
44 44 2
66 66 1
13 22 1
88 88 3
115 115 3
82 82 2
100 100 1
62 62 1
101 101 1
103 103 4
122 124 1
66 66 2
102 122 1
80 80 2
25 25 1
25 25 1
125 125 2
16 16 1
52 52 1
22 30 1
116 116 1
91 91 1
32 32 1
126 126 1
95 96 1
69 69 2
105 105 2
84 85 1
70 70 1
97 129 1
8 8 1
91 91 1
93 107 1
17 24 1
67 67 1
126 126 1
35 35 1
97 97 1
77 77 1
117 117 1
60 60 1
76 77 2
124 125 1
66 66 2
87 88 2
124 125 1
54 54 1
3 3 2
3 3 1
71 71 2
127 127 1
63 63 1
89 89 1
25 25 1
92 92 1
46 47 1
65 67 1
115 115 1
39 39 2
26 26 1
45 63 2
124 124 1
87 87 1
97 97 1
63 63 1
90 90 1
32 48 1
119 119 1
66 66 1
97 124 2
46 46 1
97 97 1
113 113 1
122 123 1
121 121 1
125 125 1
127 127 1
41 41 1
7 7 1
127 127 1
44 44 1
75 75 1
113 122 2
107 107 1
55 57 1
100 100 1
27 32 1
12 12 2
53 72 1
59 59 1
93 104 2
45 47 1
127 127 1
113 125 1
7 8 1
104 115 2
5 5 1
42 42 1
45 45 1
69 69 1
28 28 2
68 68 2
73 73 1
106 106 2
3 3 1
40 76 2
53 53 1
53 53 1
102 102 1
22 22 1
34 35 1
91 91 1
82 82 1
25 25 2
52 52 1
115 115 2
123 123 2
66 67 1
45 45 1
65 65 1
39 39 1
96 96 2
71 74 2
84 84 1
23 25 2
98 98 3
37 37 2
61 61 1
106 106 3
78 113 1
8 9 2
72 72 1
17 17 1
86 86 1
43 43 1
59 59 1
63 65 1
34 34 1
4 4 1
119 126 1
76 76 1
57 57 1
70 71 1
27 31 1
117 117 2
97 98 2
45 45 1
106 106 1
63 63 1
100 122 3
64 64 3
26 27 1
55 56 1
54 54 1
103 103 1
95 96 1
48 74 1
9 39 1
47 49 1
26 26 2
19 19 1
102 109 1
52 64 1
55 57 1
3 11 1
101 102 3
46 48 1
93 93 2
44 45 1
40 69 1
10 32 2
34 35 1
35 35 1
31 32 1
87 87 1
61 83 1
41 69 2
5 5 1
67 67 2
97 97 1
62 62 1
107 107 3
73 73 1
96 96 1
101 101 1
7 19 1
44 45 2
43 43 2
81 81 2
41 41 1
105 105 1
56 72 1
66 66 1
118 118 1
48 73 1
50 73 1
97 97 1
45 45 1
87 87 1
104 128 1
94 94 1
77 77 2
49 49 1
86 86 1
73 73 1
57 57 1
102 102 1
14 14 1
12 28 1
110 110 1
41 92 1
99 99 1
6 6 1
89 89 1
121 121 1
9 9 1
89 89 1
70 70 1
91 91 1
36 36 1
111 111 1
112 113 1
43 43 1
65 65 2
121 121 1
88 88 1
39 39 1
19 19 1
118 118 1
38 78 1
71 71 2
20 21 1
4 4 1
14 21 2
110 111 2
127 127 1
57 63 1
111 124 1
17 49 1
93 93 1
112 112 2
33 37 1
22 24 1
95 121 1
54 54 1
15 16 1
31 31 1
18 19 1
105 105 1
34 34 1
6 6 2
7 7 1
113 113 1
39 39 2
31 32 1
129 129 1
9 9 1
6 6 1
74 74 1
73 73 1
10 11 2
67 67 1
40 40 2
25 38 2
62 62 1
20 20 1
24 24 1
20 20 2
46 78 1
95 95 1
99 100 1
40 41 1
58 122 1
122 122 1
37 37 2
24 24 2
121 121 1
62 66 2
10 12 1
36 39 2
111 111 1
7 7 1
55 55 1
77 77 2
35 71 1
96 115 1
8 8 1
25 25 1
74 74 2
34 34 1
62 62 1
119 119 2
19 20 1
11 13 1
69 69 1
25 33 1
80 80 3
58 84 2
102 115 1
84 84 1
33 33 1
117 117 2
41 41 2
98 98 1
34 34 2
25 25 1
94 94 1
102 122 1
67 67 1
120 120 2
16 26 1
100 100 1
21 21 1
99 99 2
89 128 1
108 108 2
25 25 2
45 74 1
101 102 1
115 115 1
120 120 1
75 84 1
89 128 1
94 98 1
9 9 1
8 9 1
57 57 1
7 7 1
97 97 3
106 106 1
106 106 1
95 95 1
17 17 2
21 21 1
115 115 1
105 119 1
121 121 2
89 89 1
95 95 1
68 82 1
107 107 1
15 15 1
102 102 1
95 96 1
123 123 2
87 87 1
21 21 2
17 17 3
88 112 1
86 87 3
61 67 2
96 116 1
50 50 1
106 109 2
127 127 1
94 94 2
92 93 2
97 97 1
94 116 1
73 96 1
97 97 3
41 41 1
43 58 1
53 53 1
57 57 1
42 42 1
15 15 1
19 19 1
75 81 1
83 88 2
78 115 1
6 6 1
111 111 1
46 46 2
93 110 1
10 10 1
16 16 1
97 97 1
80 80 1
102 102 2
30 30 2
87 87 1
13 13 2
36 37 1
87 107 1
17 17 3
65 65 2
37 37 1
50 50 1
72 74 1
52 65 1
113 128 1
127 127 1
33 33 2
43 43 2
30 30 1
59 62 1
93 93 1
114 114 2
76 83 1
74 74 1
53 67 1
25 25 1
24 72 2
80 80 1
62 90 2
63 63 2
4 5 1
95 95 2
89 89 1
94 94 1
93 111 1
36 36 1
64 64 1
71 71 1
69 69 1
60 60 1
26 26 1
88 88 1
17 24 1
53 53 1
9 9 1
14 27 1
45 71 1
78 78 1
14 14 1
11 11 1
23 23 1
29 39 3
127 127 1
114 114 2
111 111 1
82 82 1
54 54 3
74 74 3
84 84 1
102 122 1
17 17 2
37 37 1
123 123 2
21 21 1
56 56 2
85 86 3
110 112 1
73 73 1
44 44 1
16 38 2
43 43 1
110 110 2
95 95 1
24 30 2
25 25 1
77 122 2
24 25 1
95 95 1
117 117 3
76 76 1
101 101 1
43 43 2
123 123 1
53 53 1
72 72 1
111 111 2
111 111 1
18 18 1
49 49 1
45 77 2
113 123 1
91 91 1
38 79 2
109 109 1
80 80 1
89 89 2
106 106 1
91 91 1
80 80 1
15 39 1
31 32 1
36 36 1
111 112 1
105 105 1
91 113 1
37 37 1
4 4 1
82 82 1
129 129 2
87 87 1
62 62 1
80 80 2
79 127 1
22 22 1
36 78 3
41 41 1
126 126 1
85 87 2
94 116 1
43 44 1
123 123 2
95 95 1
6 6 1
87 87 2
25 25 1
26 26 2
105 105 2
127 127 1
52 97 1
22 23 2
67 67 1
14 14 1
118 119 1
51 51 2
44 44 1
65 66 1
44 44 1
92 92 1
107 107 1
15 18 1
36 36 1
115 115 2
26 26 2
123 123 1
72 129 1
87 87 3
115 115 1
58 58 1
99 99 1
16 16 1
72 108 1
20 20 1
111 125 2
124 125 2
75 75 3
48 74 1
84 88 1
80 80 2
39 39 1
9 9 1
72 72 1
105 105 2
21 21 4
125 125 1
85 85 2
89 89 1
31 31 3
24 30 2
110 110 2
38 38 1
4 4 1
99 104 1
120 120 1
51 51 2
33 33 2
127 127 2
99 99 1
127 127 1
118 119 1
48 50 3
16 17 1
104 109 3
37 38 1
50 50 3
116 116 1
53 53 1
94 94 1
46 63 2
82 82 2
15 15 1
100 101 1
42 42 1
63 63 2
66 66 1
41 41 1
51 51 2
16 16 1
68 69 1
25 25 1
67 68 1
88 88 1
88 112 2
91 91 1
5 18 3
83 83 2
11 12 2
108 108 1
121 124 1
113 113 1
61 61 1
64 64 1
4 4 1
56 56 1
95 95 2
116 117 1
90 90 1
72 72 1
86 86 1
102 102 1
97 97 2
59 59 1
97 97 2
118 118 1
91 128 1
42 42 1
59 59 2
69 69 1
77 77 1
120 120 2
123 123 1
79 79 1
47 47 1
44 129 1
81 81 2
19 21 1
65 65 1
31 33 1
114 124 1
112 128 1
9 11 1
98 98 1
42 42 1
49 49 2
108 108 1
24 24 2
30 30 1
108 108 1
79 79 1
13 13 2
101 108 1
52 52 1
32 32 1
56 56 2
7 9 1
97 97 1
82 82 1
106 106 1
34 34 1
28 28 1
52 52 1
95 95 1
101 101 1
80 80 1
16 16 1
76 76 1
31 31 1
110 110 1
6 6 1
35 38 1
48 48 2
9 10 1
120 120 2
66 67 1
74 74 1
85 85 2
101 101 1
118 118 3
66 66 2
37 37 1
59 59 2
3 3 1
14 15 1
74 74 2
90 90 1
70 70 1
26 26 2
9 9 1
105 119 1
25 25 1
17 20 1
105 105 2
32 32 1
91 92 1
108 108 1
50 50 3
51 51 3
97 97 2
114 128 1
27 31 4
33 33 2
52 52 1
43 44 1
61 61 2
28 28 1
91 91 2
69 69 1
46 63 2
66 66 1
99 99 1
17 24 3
57 57 1
90 90 1
42 42 1
95 95 1
45 46 1
70 70 1
29 29 1
88 89 2
114 115 1
59 59 1
127 127 1
77 77 2
72 72 1
107 107 1
37 37 1
61 61 1
125 125 1
41 41 1
67 67 3
55 55 1
41 41 2
8 9 1
39 39 1
92 92 2
52 52 1
18 18 3
45 45 3
28 28 1
40 41 2
33 33 1
123 123 1
5 5 1
41 93 1
42 82 1
129 129 1
63 66 1
112 121 1
9 10 2
66 66 1
95 95 1
7 8 1
54 56 2
86 86 2
86 86 2
22 23 1
37 37 1
103 104 2
115 115 1
115 115 1
4 4 1
45 45 1
86 88 1
93 93 1
18 18 1
15 16 1
47 47 1
92 106 1
97 97 1
3 49 1
46 46 1
112 112 2
57 57 1
5 5 2
61 61 3
104 105 1
111 111 1
37 37 3
12 27 1
89 89 2
19 19 2
45 65 1
7 7 2
18 49 1
129 129 1
86 86 1
115 115 1
16 16 1
85 85 1
44 112 1
78 78 1
86 86 1
7 8 2
68 69 1
92 92 1
9 9 1
42 42 1
92 92 1
5 6 1
4 5 1
21 21 1
101 101 1
56 56 1
107 107 1
105 105 2
61 94 1
95 95 1
106 124 2
15 39 2
85 87 1
78 78 1
68 92 1
108 108 1
109 109 1
84 85 2
34 34 2
102 102 1
49 49 1
123 123 1
91 91 1
57 57 1
82 82 2
45 74 2
85 86 2
24 24 1
106 114 1
87 87 3
11 11 1
72 72 1
100 100 1
115 115 1
60 60 1
45 45 1
86 87 1
17 24 1
107 107 3
49 49 1
45 45 1
68 68 1
19 19 1
6 6 1
34 34 1
41 107 1
7 19 1
58 58 1
101 101 1
3 49 1
82 82 1
129 129 1
15 26 2
38 38 1
10 10 1
95 96 2
46 46 3
105 105 1
72 72 1
53 53 1
114 114 1
3 5 2
77 77 1
97 97 3
124 125 3
91 91 1
17 17 1
44 44 1
109 110 1
129 129 1
99 99 2
9 9 2
90 91 1
79 79 1
74 77 1
91 91 2
17 17 2
75 84 1
81 81 3
3 47 1
97 106 1
82 82 1
80 80 2
53 53 2
95 95 1
72 72 1
13 13 3
68 129 1
41 41 1
92 92 1
44 44 1
71 71 1
16 16 1
74 74 1
13 38 1
52 56 1
46 46 1
32 36 1
122 122 1
10 34 2
98 98 1
10 10 1
102 102 2
90 90 1
74 74 1
44 71 1
27 27 1
95 96 1
29 29 1
24 24 1
96 96 1
47 47 1
84 84 1
90 92 1
83 83 1
25 25 2
28 30 2
67 67 1
4 39 1
6 6 1
113 113 1
45 45 1
94 94 3
53 53 1
62 62 1
70 70 2
62 62 1
4 4 2
110 111 1
53 67 1
3 4 1
27 27 1
16 16 2
89 89 1
11 12 2
108 108 1
45 46 1
109 109 1
66 66 1
66 66 1
19 19 1
93 112 1
86 86 1
69 83 1
71 71 1
44 45 1
33 33 1
120 126 1
52 54 1
77 77 2
12 12 1
47 49 1
119 119 1
93 93 1
45 68 1
33 33 1
53 53 1
46 46 1
56 56 1
125 125 2
42 42 1
19 19 1
75 76 1
44 44 1
75 75 1
116 116 1
3 4 1
62 62 1
65 66 1
41 65 2
53 129 1
24 24 1
69 69 1
25 33 2
95 95 1
73 109 1
52 64 1
66 66 1
118 118 1
10 10 1
71 71 1
24 24 1
90 122 1
108 108 1
100 109 1
73 74 1
53 53 2
93 107 1
73 73 1
81 81 1
68 68 1
102 122 1
50 50 1
116 116 1
62 63 4
96 97 1
94 94 2
90 129 2
8 8 2
107 107 2
120 120 3
48 48 1
15 16 2
58 58 1
56 57 1
21 21 1
96 120 1
111 111 2
98 98 1
77 77 1
40 40 1
58 58 1
59 59 1
108 113 1
126 126 1
104 104 1
93 110 1
91 91 1
75 75 1
51 64 3
84 84 1
103 103 2
127 127 2
128 128 2
95 95 1
15 15 1
9 38 1
62 62 1
51 51 1
45 74 1
16 16 1
77 77 1
78 78 1
55 55 1
123 123 2
110 111 2
81 81 2
51 51 2
6 6 1
48 48 1
106 106 2
86 87 1
46 46 1
54 54 1
78 78 1
94 94 1
86 86 1
96 96 1
42 43 1
3 3 2
113 113 1
98 98 1
105 105 1
102 102 1
39 39 2
77 77 3
45 53 1
99 99 2
63 64 2
129 129 1
62 62 1
6 6 1
35 38 1
102 102 1
71 72 1
77 125 1
99 99 1
90 90 1
21 21 2
42 42 1
16 21 1
26 27 1
39 39 1
66 66 1
83 83 1
77 77 1
47 65 1
40 41 1
112 112 1
84 84 1
93 104 1
34 34 1
69 69 1
48 73 2
44 45 1
127 127 1
105 105 1
37 78 1
6 6 2
91 91 2
65 74 1
103 103 3
102 102 2
51 51 3
87 113 1
24 49 1
19 19 2
97 97 1
30 30 1
47 77 1
97 121 1
89 89 1
100 100 2
122 122 1
53 53 3
127 127 1
43 129 1
115 126 2
42 42 1
111 111 2
6 6 1
44 44 1
95 95 1
46 46 1
49 49 1
91 113 2
66 67 1
8 8 1
33 33 1
63 92 1
10 34 1
75 82 2
31 31 1
97 97 1
46 65 1
124 124 1
22 22 2
119 120 1
85 85 1
67 67 1
121 121 2
29 29 1
33 33 2
95 121 1
74 74 1
107 114 1
81 81 2
80 82 1
117 117 1
29 31 1
56 109 1
19 19 1
66 67 1
32 78 2
5 5 1
66 69 1
53 70 1
77 77 1
114 114 1
64 64 1
98 98 1
104 104 1
51 51 1
38 38 1
60 86 1
71 74 1
102 102 1
13 13 1
20 20 1
67 68 1
92 92 1
86 86 2
4 49 2
66 66 1
111 124 2
96 98 1
97 97 1
35 35 1
62 62 1
16 16 1
84 84 1
14 15 2
83 86 2
60 60 2
95 101 1
79 79 1
90 90 1
39 39 1
6 6 1
108 109 3
80 80 1
39 39 1
59 59 1
58 76 1
103 118 3
40 51 1
41 107 1
113 113 1
29 29 2
84 84 1
73 73 1
96 96 1
75 76 1
47 65 1
30 30 1
22 22 2
71 71 1
107 107 4
9 9 2
58 59 2
19 19 4
120 120 1
68 68 1
99 99 1
69 69 1
67 67 1
67 68 2
11 12 1
121 121 2
86 87 1
49 49 1
3 7 1
11 12 1
124 124 1
110 110 1
32 32 1
19 19 1
63 63 2
53 53 1
16 16 1
110 118 1
44 44 1
105 105 1
62 62 2
24 33 1
62 62 1
21 51 1
33 33 1
45 45 1
49 49 1
48 50 3
104 104 2
124 125 1
40 41 1
56 56 1
111 115 3
62 91 1
64 64 1
90 129 2
17 17 1
73 73 2
128 128 1
38 38 2
31 31 1
15 15 1
67 67 1
40 40 2
59 59 2
13 14 1
22 23 1
89 89 1
29 29 1
11 24 1
44 44 1
88 88 1
16 16 1
46 47 1
74 74 1
87 87 1
100 118 1
117 117 1
80 80 1
72 72 1
35 35 2
123 123 1
92 92 3
76 83 1
77 77 2
26 26 2
95 95 2
55 57 1
101 101 1
17 17 1
121 121 1
49 49 1
121 121 2
34 51 2
99 104 1
91 91 1
11 11 1
25 33 1
65 65 1
76 76 1
82 82 1
49 73 1
109 113 1
88 98 1
35 38 1
80 80 1
107 107 1
45 45 1
118 118 1
23 37 1
37 37 1
27 31 1
88 88 1
49 52 1
89 103 1
31 31 2
122 126 1
20 20 4
3 48 1
8 9 1
86 106 1
122 122 1
109 109 1
122 124 1
121 121 2
109 109 1
40 40 2
53 74 1
56 56 1
64 64 3
113 113 1
121 121 1
69 70 1
74 74 4
66 68 1
74 74 1
58 58 1
19 19 2
32 32 5
42 42 2
31 31 2
49 49 1
35 35 1
10 48 1
66 67 1
74 107 1
80 80 1
49 73 1
69 70 1
73 73 1
57 57 1
111 113 1
89 90 2
33 33 1
67 67 1
76 76 1
24 24 1
98 98 1
103 103 1
101 101 1
62 62 1
121 121 1
18 18 1
5 5 1
58 58 1
115 115 2
54 63 2
118 118 1
65 66 1
80 80 1
42 43 1
113 113 2
57 57 1
14 14 1
25 25 3
61 61 2
40 84 1
61 61 1
40 40 1
121 124 1
74 74 2
107 107 1
60 60 1
24 24 2
115 115 1
20 21 1
108 109 2
81 81 1
71 71 1
40 40 1
63 64 2
39 39 2
55 55 2
26 38 1
107 112 1
100 104 1
26 26 1
18 49 2
24 28 1
34 51 2
8 8 1
45 47 3
109 109 2
92 93 2
109 109 1
5 5 1
90 90 1
16 16 1
94 94 1
62 62 1
38 38 1
124 124 1
122 122 1
13 13 1
105 116 1
86 86 1
25 25 1
43 43 1
87 129 1
56 57 1
100 100 1
36 36 1
97 97 1
18 18 1
61 61 2
82 82 1
35 35 1
98 106 1
95 95 2
27 27 2
82 82 1
8 8 1
129 129 1
103 103 1
18 18 1
115 116 1
37 37 1
9 13 1
99 99 1
40 46 1
66 66 1
65 65 1
9 9 1
52 65 1
95 95 1
42 42 1
101 101 1
126 126 1
80 80 1
49 49 1
56 56 1
35 36 1
94 94 1
43 43 2
127 127 1
40 40 1
112 112 1
113 123 1
64 65 1
58 59 1
109 113 2
88 112 1
81 82 1
114 114 1
50 50 1
43 53 1
88 112 1
124 124 1
99 99 1
72 72 2
8 21 1
115 115 2
66 67 1
48 49 1
32 32 2
17 17 1
63 66 2
82 82 1
24 24 1
23 23 1
120 120 1
31 32 1
53 53 1
61 61 1
121 121 2
47 77 1
16 16 1
15 15 1
98 99 3
26 27 1
79 79 1
122 122 1
23 24 1
16 16 1
28 28 1
91 91 1
102 104 3
17 17 3
71 71 1
78 116 1
114 114 1
75 75 2
12 12 1
42 42 1
25 25 2
6 39 1
108 109 2
95 95 1
91 91 1
100 100 1
13 13 1
66 66 2
44 45 1
126 126 2
19 19 1
27 29 1
33 48 1
54 54 2
22 30 1
95 100 1
117 118 1
75 76 1
125 125 1
56 56 1
106 106 1
68 82 2
108 109 2
8 8 2
56 56 1
97 97 1
76 86 1
65 65 1
33 33 1
84 85 1
61 61 1
39 39 1
83 83 1
84 85 2
88 97 1
114 114 1
61 61 1
54 54 1
18 18 1
68 68 1
47 47 1
6 6 1
49 49 2
11 11 1
98 98 1
46 46 2
61 61 1
75 84 1
99 99 2
118 118 1
30 39 1
77 77 1
116 116 3
59 85 1
78 113 2
91 91 1
16 18 1
63 63 1
17 26 2
60 60 2
96 100 1
54 56 1
8 8 1
101 128 3
33 33 2
82 82 2
74 74 1
72 72 1
35 35 1
99 99 1
102 102 1
98 98 3
11 11 1
20 20 2
119 119 1
111 115 2
21 26 1
123 123 1
17 17 1
6 6 1
111 111 2
60 60 2
129 129 1
90 91 1
127 127 1
109 110 2
102 102 3
85 85 1
34 37 1
94 94 1
47 77 1
126 126 2
126 126 1
112 112 3
36 36 1
55 57 1
57 89 1
108 108 1
29 32 1
25 25 1
19 19 1
36 36 2
100 100 2
93 110 1
20 20 2
87 87 1
121 121 1
32 32 2
41 41 1
37 37 1
82 82 2
25 38 1
110 114 3
105 123 1
111 112 1
99 99 1
41 41 2
4 5 1
60 60 1
81 81 1
26 26 2
116 116 1
41 41 1
41 64 2
36 36 1
46 46 2
17 23 1
13 13 3
59 128 1
114 122 2
44 44 1
54 71 1
6 10 1
122 123 2
22 22 1
3 14 1
123 123 1
128 129 1
41 82 1
40 41 1
63 63 2
40 41 1
24 25 1
29 32 1
83 86 1
119 119 1
118 118 1
60 60 2
6 6 1
101 101 1
46 46 1
13 26 1
13 13 1
44 54 1
