31	31	4
37	38	3
31	55	1
21	22	9
5	5	5
10	11	1
13	13	7
32	32	11
11	12	1
14	15	8
17	17	7
35	35	8
11	11	3
21	34	2
20	20	5
49	49	22
48	48	9
21	21	1
16	16	8
51	51	8
47	47	10
6	6	7
39	48	6
54	54	4
14	14	14
56	56	4
8	8	9
51	56	4
31	32	11
56	57	6
33	33	15
57	57	5
2	2	9
22	22	1
57	58	2
12	21	7
53	53	6
52	52	4
51	55	5
14	40	2
55	57	2
29	29	2
44	44	3
28	28	7
33	34	2
38	38	5
23	23	5
30	30	7
39	40	2
55	55	6
35	42	1
27	27	2
35	51	3
4	4	5
50	50	8
55	58	1
29	32	2
32	52	2
12	20	2
53	54	1
34	34	11
36	36	10
39	39	5
41	41	8
15	15	6
18	18	5
22	23	3
46	46	7
12	12	1
36	38	5
0	55	1
7	7	7
20	29	2
8	19	2
17	40	3
37	37	6
0	0	4
9	21	4
3	3	4
1	50	4
10	10	5
20	35	3
40	40	4
0	1	2
51	52	1
41	42	4
35	40	2
58	58	4
1	1	2
42	42	2
40	50	3
18	19	1
1	36	3
31	35	1
36	39	4
32	37	2
9	9	4
28	30	2
0	51	1
5	19	2
39	51	1
35	36	2
2	3	2
10	39	1
34	36	1
40	56	1
24	51	2
14	34	2
31	33	4
9	38	1
43	43	3
11	30	2
10	56	1
22	29	1
29	31	2
19	19	1
1	5	1
34	39	1
43	45	1
21	23	1
