64	65	3
51	51	1
52	52	5
65	65	7
13	17	2
85	85	2
80	80	4
34	34	6
3	3	3
69	88	1
86	86	4
53	57	1
59	59	3
54	55	6
47	48	4
57	71	3
53	54	2
49	49	3
47	47	1
4	13	3
25	25	6
11	11	2
26	83	1
84	84	2
57	57	3
76	81	2
25	31	2
23	24	2
48	49	6
2	2	3
6	7	4
52	64	2
70	70	2
76	77	1
30	31	1
9	9	1
20	53	2
66	66	2
50	50	6
54	54	2
56	56	1
87	87	2
17	17	2
12	12	1
27	28	2
61	62	2
71	72	3
23	23	2
75	81	2
85	86	3
21	64	1
82	82	2
69	69	3
22	23	2
16	34	2
31	31	4
79	79	4
53	55	3
59	60	1
19	19	6
13	23	2
65	66	2
76	76	1
88	89	2
89	89	3
20	25	2
71	71	2
12	26	2
4	4	2
73	74	2
62	62	1
26	79	3
26	78	1
53	53	4
75	76	1
60	60	2
68	86	1
33	34	2
14	15	1
81	82	1
55	55	2
24	24	3
29	29	1
52	55	1
5	7	1
75	75	1
68	68	1
60	61	1
6	20	1
73	73	1
