22	23	5
46	47	5
24	24	2
42	43	3
21	22	3
22	24	3
30	30	15
44	44	5
16	17	5
16	36	3
39	39	10
27	27	6
22	27	1
38	38	4
21	21	3
38	39	4
35	35	7
33	33	8
23	23	18
36	36	9
16	16	2
27	28	1
43	44	2
43	43	8
32	32	2
30	31	1
19	20	3
19	22	3
19	21	6
46	46	7
34	34	5
31	41	1
37	43	3
31	34	1
30	32	1
17	17	7
40	40	5
26	27	8
29	29	7
37	37	3
42	42	3
28	29	4
28	28	6
32	33	2
36	37	5
25	25	5
15	15	2
39	42	2
14	14	2
40	44	2
41	41	6
16	18	3
26	26	10
26	29	2
32	34	1
20	21	1
31	31	6
47	47	1
45	45	2
31	32	1
47	48	4
15	16	2
19	19	1
22	22	4
37	38	1
48	48	2
38	40	1
