40	40	9
45	45	16
47	48	8
29	29	21
32	32	10
49	49	9
41	41	19
42	42	13
33	34	2
48	49	1
24	24	16
43	43	6
39	40	6
31	31	28
16	17	2
22	22	4
30	30	12
36	37	1
20	21	1
33	35	6
28	29	9
35	35	6
48	48	8
47	47	8
36	36	17
17	35	3
22	23	4
50	50	1
46	46	6
44	44	9
46	50	1
19	37	2
23	31	2
39	42	3
19	19	13
27	27	5
23	23	7
39	39	8
38	38	10
30	31	1
37	37	4
33	33	6
31	32	2
24	30	3
34	34	6
40	41	2
20	22	1
17	17	1
21	22	9
20	20	1
25	28	2
23	24	3
47	49	3
28	30	1
25	25	3
28	28	1
25	26	1
37	38	1
26	27	2
45	46	1
25	27	1
26	26	2
35	36	1
