20	20	99.0
20	21	2.0
20	22	10.0
20	47	4.0
21	21	17.0
21	22	3.0
22	22	162.0
22	23	5.0
22	24	2.0
22	25	1.0
22	26	2.0
22	27	1.0
22	31	2.0
22	33	1.0
22	49	2.0
22	85	1.0
23	23	106.0
23	24	2.0
23	26	2.0
23	27	1.0
23	28	5.0
23	29	2.0
23	99	1.0
24	24	179.0
24	25	7.0
24	26	9.0
24	27	7.0
24	28	3.0
24	29	1.0
24	32	1.0
24	36	1.0
24	37	1.0
24	38	2.0
24	40	2.0
24	49	2.0
24	50	1.0
24	53	3.0
24	54	4.0
24	55	4.0
24	60	10.0
24	61	1.0
25	25	227.0
25	26	14.0
25	27	11.0
25	28	3.0
25	29	2.0
25	35	1.0
25	47	1.0
25	49	8.0
25	50	10.0
25	51	4.0
25	52	1.0
25	54	1.0
25	55	5.0
25	56	1.0
25	58	3.0
25	60	3.0
25	90	1.0
25	91	1.0
26	26	224.0
26	27	17.0
26	28	9.0
26	29	1.0
26	30	1.0
26	31	2.0
26	35	1.0
26	38	1.0
26	41	1.0
26	49	8.0
26	50	1.0
26	51	3.0
26	53	2.0
26	54	4.0
26	55	3.0
26	58	3.0
26	60	2.0
26	61	1.0
26	82	1.0
27	27	229.0
27	28	18.0
27	29	1.0
27	30	1.0
27	35	1.0
27	38	1.0
27	49	5.0
27	51	2.0
27	54	3.0
27	58	2.0
27	89	1.0
28	28	114.0
28	29	2.0
28	30	1.0
28	32	1.0
28	33	2.0
28	49	2.0
28	53	1.0
28	54	2.0
28	55	1.0
29	29	192.0
29	30	2.0
29	32	1.0
29	33	5.0
29	34	2.0
29	48	2.0
29	49	6.0
29	50	2.0
29	58	1.0
29	59	2.0
30	30	85.0
30	31	3.0
30	32	8.0
30	33	3.0
30	47	1.0
30	48	1.0
30	59	3.0
30	62	1.0
30	83	1.0
30	87	1.0
31	31	214.0
31	32	23.0
31	33	8.0
31	34	14.0
31	58	5.0
31	59	7.0
31	62	2.0
31	63	7.0
31	65	4.0
31	90	1.0
31	99	1.0
32	32	117.0
32	33	13.0
32	34	10.0
32	49	1.0
32	50	2.0
32	58	1.0
32	59	3.0
32	62	1.0
32	63	3.0
33	33	239.0
33	34	9.0
33	47	2.0
33	48	4.0
33	49	2.0
33	59	1.0
34	34	176.0
34	35	8.0
34	37	1.0
34	40	3.0
34	44	1.0
34	48	4.0
34	49	1.0
34	58	1.0
34	59	1.0
34	62	1.0
34	63	3.0
34	68	2.0
34	78	1.0
34	92	1.0
35	35	202.0
35	36	10.0
35	37	3.0
35	38	3.0
35	39	2.0
35	49	2.0
35	50	2.0
35	54	2.0
35	55	4.0
35	56	3.0
35	57	3.0
35	58	1.0
35	59	2.0
35	60	4.0
35	62	1.0
35	63	2.0
35	80	1.0
35	81	1.0
35	82	1.0
35	83	2.0
35	84	8.0
35	92	1.0
35	99	1.0
36	36	206.0
36	37	15.0
36	38	12.0
36	39	2.0
36	49	2.0
36	50	1.0
36	51	1.0
36	52	3.0
36	54	1.0
36	55	5.0
36	56	6.0
36	57	2.0
36	60	2.0
36	62	4.0
36	84	1.0
36	85	1.0
37	37	180.0
37	38	13.0
37	39	3.0
37	42	1.0
37	52	1.0
37	53	5.0
37	54	3.0
37	56	2.0
37	61	1.0
37	62	1.0
37	81	2.0
37	82	7.0
37	88	1.0
38	38	219.0
38	39	15.0
38	40	2.0
38	51	1.0
38	54	2.0
38	56	1.0
38	61	1.0
38	82	3.0
38	85	1.0
38	92	2.0
38	93	1.0
39	39	205.0
39	40	1.0
39	47	1.0
39	54	1.0
39	55	1.0
39	62	1.0
39	75	1.0
39	82	6.0
39	84	1.0
39	85	7.0
39	92	4.0
39	101	1.0
40	40	238.0
40	41	5.0
40	43	3.0
40	47	1.0
40	48	2.0
40	51	1.0
40	53	1.0
40	60	5.0
40	61	1.0
40	99	1.0
41	41	215.0
41	42	15.0
41	43	10.0
41	44	6.0
41	45	1.0
41	46	2.0
41	55	1.0
42	42	270.0
42	43	11.0
42	44	12.0
42	52	2.0
42	56	1.0
42	71	2.0
42	101	1.0
43	43	201.0
43	44	7.0
43	45	6.0
43	91	1.0
44	44	202.0
44	45	3.0
44	46	4.0
44	51	1.0
44	55	2.0
44	87	1.0
45	45	211.0
45	46	11.0
45	47	1.0
45	48	2.0
45	50	1.0
45	58	1.0
45	70	1.0
45	75	1.0
46	46	201.0
46	47	10.0
46	48	12.0
46	49	14.0
46	50	6.0
46	53	1.0
46	55	3.0
47	47	214.0
47	48	20.0
47	49	10.0
47	50	8.0
47	51	5.0
47	55	4.0
47	56	1.0
47	57	1.0
47	78	1.0
48	48	213.0
48	49	9.0
48	50	9.0
48	55	5.0
48	56	5.0
49	49	222.0
49	50	22.0
49	51	5.0
49	52	2.0
49	53	1.0
49	56	1.0
49	58	2.0
49	64	1.0
49	87	1.0
49	97	1.0
50	50	196.0
50	51	5.0
50	54	8.0
50	55	8.0
50	56	2.0
50	57	1.0
50	58	4.0
50	60	12.0
50	81	1.0
51	51	179.0
51	52	9.0
51	53	8.0
51	54	12.0
51	55	3.0
51	56	6.0
51	57	1.0
51	59	2.0
51	60	1.0
51	61	1.0
51	68	1.0
52	52	231.0
52	53	11.0
52	54	1.0
52	56	4.0
52	57	3.0
52	59	9.0
52	62	1.0
52	67	1.0
53	53	176.0
53	54	8.0
53	55	5.0
53	57	1.0
53	60	2.0
53	61	2.0
53	62	3.0
53	82	1.0
54	54	205.0
54	55	1.0
54	56	3.0
54	57	3.0
54	60	1.0
54	61	1.0
54	62	1.0
54	93	1.0
55	55	194.0
55	56	8.0
55	58	2.0
55	60	7.0
55	79	1.0
55	92	1.0
56	56	187.0
56	57	6.0
56	58	1.0
56	60	3.0
56	91	2.0
56	92	4.0
57	57	224.0
57	58	15.0
57	59	1.0
57	62	3.0
57	68	2.0
57	69	4.0
57	71	1.0
57	73	1.0
57	85	1.0
57	92	6.0
57	93	1.0
58	58	227.0
58	59	14.0
58	60	4.0
58	61	3.0
58	62	6.0
58	63	6.0
58	67	7.0
58	68	7.0
58	69	7.0
58	91	2.0
58	92	7.0
58	93	2.0
58	101	2.0
59	59	199.0
59	60	3.0
59	61	2.0
59	62	2.0
59	67	12.0
59	68	1.0
59	69	3.0
59	77	1.0
59	81	1.0
59	93	1.0
60	60	203.0
60	61	18.0
60	62	9.0
60	64	1.0
60	67	1.0
60	68	1.0
60	69	2.0
61	61	215.0
61	62	9.0
61	67	2.0
61	68	1.0
61	77	1.0
61	82	1.0
61	84	1.0
62	62	211.0
62	63	13.0
62	64	2.0
62	94	1.0
62	98	3.0
62	99	1.0
62	100	1.0
63	63	224.0
63	64	21.0
63	65	5.0
63	71	3.0
63	72	4.0
63	73	1.0
63	78	9.0
63	79	6.0
63	94	3.0
63	98	2.0
63	100	1.0
64	64	200.0
64	65	8.0
64	66	2.0
64	67	2.0
64	71	2.0
64	77	1.0
64	78	4.0
64	89	1.0
64	91	1.0
64	94	2.0
64	95	1.0
64	98	12.0
64	99	15.0
64	100	5.0
65	65	232.0
65	66	10.0
65	67	3.0
65	70	2.0
65	71	3.0
65	73	1.0
65	78	4.0
65	98	2.0
65	99	1.0
66	66	225.0
66	67	4.0
66	69	2.0
66	70	12.0
66	71	9.0
66	72	2.0
66	73	3.0
66	80	1.0
66	96	1.0
67	67	228.0
67	68	2.0
67	69	6.0
67	70	3.0
67	71	2.0
67	72	1.0
67	78	2.0
68	68	226.0
68	69	25.0
68	77	1.0
69	69	211.0
69	70	5.0
69	71	7.0
69	78	1.0
70	70	233.0
70	71	18.0
70	72	4.0
70	75	1.0
70	77	5.0
70	86	1.0
70	101	2.0
71	71	219.0
71	72	19.0
71	73	4.0
71	75	1.0
71	84	1.0
71	94	1.0
72	72	234.0
72	73	10.0
72	74	1.0
72	75	4.0
72	77	4.0
72	78	10.0
73	73	238.0
73	74	2.0
73	75	6.0
73	76	10.0
73	77	5.0
73	78	8.0
73	79	2.0
73	87	3.0
73	92	1.0
74	74	272.0
74	75	12.0
74	76	8.0
74	77	3.0
74	78	5.0
74	79	8.0
74	81	1.0
74	83	1.0
74	88	3.0
74	89	2.0
74	90	1.0
75	75	212.0
75	76	10.0
75	77	1.0
75	78	1.0
75	79	1.0
75	88	2.0
75	89	1.0
75	90	1.0
76	76	205.0
76	77	5.0
76	78	2.0
76	79	1.0
76	88	1.0
76	90	2.0
77	77	231.0
77	78	14.0
77	87	3.0
77	88	3.0
77	89	2.0
78	78	248.0
78	79	18.0
78	80	2.0
78	86	1.0
79	79	229.0
79	80	2.0
79	86	3.0
79	87	5.0
79	88	5.0
79	90	1.0
80	80	231.0
80	81	16.0
80	83	2.0
80	85	6.0
80	86	2.0
80	89	2.0
80	95	1.0
81	81	247.0
81	82	6.0
81	83	8.0
81	84	5.0
81	85	5.0
81	101	3.0
82	82	118.0
82	83	2.0
82	84	4.0
83	83	185.0
83	84	7.0
83	85	8.0
84	84	157.0
84	88	1.0
85	85	207.0
85	86	3.0
85	88	4.0
85	90	1.0
86	86	225.0
86	87	18.0
86	88	28.0
86	89	6.0
86	90	3.0
87	87	184.0
87	88	16.0
87	89	13.0
87	90	2.0
88	88	224.0
88	89	2.0
88	90	1.0
89	89	269.0
89	90	25.0
89	91	1.0
90	90	230.0
90	91	6.0
91	91	230.0
91	92	15.0
91	93	5.0
91	94	2.0
91	97	1.0
91	99	1.0
91	100	2.0
91	101	5.0
92	92	225.0
92	93	12.0
92	94	1.0
92	95	1.0
92	96	1.0
92	99	3.0
92	100	1.0
92	101	14.0
93	93	214.0
93	94	27.0
93	95	4.0
93	96	2.0
93	97	3.0
93	98	6.0
93	99	4.0
93	101	1.0
93	102	3.0
94	94	206.0
94	95	10.0
94	96	10.0
94	97	8.0
94	98	5.0
94	99	3.0
94	101	2.0
94	102	2.0
95	95	201.0
95	96	20.0
95	97	3.0
95	98	9.0
95	99	3.0
96	96	194.0
96	97	15.0
96	98	8.0
96	99	3.0
97	97	202.0
97	98	22.0
97	99	2.0
98	98	203.0
98	99	11.0
98	100	2.0
98	101	1.0
98	102	3.0
99	99	227.0
99	100	15.0
99	101	3.0
100	100	231.0
100	101	5.0
100	102	3.0
101	101	234.0
101	102	1.0
102	102	104.0
