19	19	151.0
19	20	4.0
19	25	2.0
19	38	1.0
19	79	1.0
19	94	1.0
20	20	269.0
20	21	19.0
20	22	3.0
20	24	11.0
20	25	3.0
20	53	1.0
20	57	1.0
20	68	3.0
20	69	4.0
20	83	1.0
20	89	1.0
20	111	1.0
21	21	293.0
21	22	17.0
21	23	3.0
21	24	13.0
21	25	1.0
21	48	1.0
21	64	1.0
21	67	2.0
21	68	10.0
21	69	6.0
21	70	6.0
21	78	1.0
21	92	1.0
22	22	266.0
22	23	19.0
22	24	17.0
22	25	4.0
22	29	4.0
22	52	2.0
22	59	1.0
22	69	4.0
22	70	10.0
22	71	2.0
22	77	1.0
23	23	289.0
23	24	12.0
23	25	6.0
23	29	1.0
23	68	3.0
23	70	3.0
23	71	3.0
23	78	4.0
23	79	1.0
24	24	292.0
24	25	6.0
24	36	1.0
24	37	4.0
24	38	3.0
24	39	5.0
24	54	1.0
24	60	1.0
24	61	3.0
24	68	13.0
24	69	2.0
24	70	1.0
24	71	6.0
24	72	1.0
24	74	2.0
24	108	2.0
25	25	284.0
25	26	3.0
25	29	10.0
25	31	3.0
25	56	1.0
25	67	4.0
25	72	1.0
25	81	1.0
26	26	299.0
26	27	19.0
26	28	1.0
26	29	1.0
26	30	1.0
26	47	1.0
26	79	7.0
26	81	9.0
26	82	8.0
26	85	3.0
26	86	2.0
26	93	2.0
26	94	9.0
26	95	1.0
26	101	2.0
27	27	305.0
27	28	29.0
27	29	13.0
27	30	11.0
27	31	8.0
27	32	5.0
27	35	6.0
27	42	1.0
27	47	1.0
27	62	3.0
27	66	3.0
27	67	6.0
27	68	1.0
27	73	1.0
27	79	2.0
27	80	9.0
27	85	1.0
27	100	1.0
27	101	1.0
27	106	1.0
28	28	321.0
28	29	29.0
28	30	23.0
28	31	16.0
28	32	12.0
28	47	2.0
28	65	2.0
28	66	2.0
28	95	1.0
28	99	1.0
28	106	5.0
28	107	1.0
28	109	1.0
29	29	291.0
29	30	30.0
29	31	16.0
29	32	6.0
29	33	2.0
29	34	1.0
29	35	1.0
29	36	1.0
29	110	1.0
29	112	1.0
30	30	293.0
30	31	20.0
30	32	8.0
30	34	1.0
30	54	1.0
30	100	1.0
31	31	307.0
31	32	22.0
31	34	11.0
31	35	2.0
31	46	1.0
31	49	1.0
31	50	2.0
31	53	1.0
31	54	2.0
31	63	3.0
31	66	1.0
31	98	1.0
31	100	1.0
31	101	3.0
31	106	2.0
32	32	276.0
32	33	11.0
32	34	13.0
32	35	4.0
32	41	1.0
32	49	1.0
32	50	1.0
32	52	1.0
32	62	1.0
32	64	1.0
32	66	3.0
32	100	2.0
32	101	1.0
32	106	8.0
32	107	3.0
32	108	11.0
33	33	295.0
33	34	25.0
33	35	5.0
33	39	2.0
33	48	2.0
33	49	10.0
33	50	5.0
33	51	1.0
33	55	1.0
33	72	1.0
33	73	1.0
33	101	1.0
33	107	5.0
33	108	10.0
34	34	251.0
34	35	35.0
34	36	4.0
34	38	3.0
34	39	6.0
34	42	1.0
34	46	1.0
34	47	1.0
34	49	4.0
34	50	6.0
34	51	3.0
34	53	7.0
34	54	6.0
34	62	3.0
34	63	1.0
34	64	2.0
34	65	1.0
34	66	3.0
34	84	1.0
34	101	1.0
34	102	4.0
34	103	7.0
34	105	4.0
34	106	1.0
34	107	3.0
34	108	7.0
35	35	239.0
35	36	9.0
35	38	6.0
35	39	1.0
35	40	2.0
35	53	4.0
35	54	3.0
35	55	1.0
35	56	1.0
35	57	1.0
35	58	1.0
35	62	3.0
35	63	6.0
35	64	7.0
35	66	5.0
35	67	2.0
35	95	1.0
35	100	1.0
35	102	3.0
35	103	1.0
35	104	1.0
35	105	3.0
35	106	5.0
35	107	10.0
35	108	3.0
35	109	1.0
36	36	260.0
36	37	40.0
36	38	12.0
36	39	16.0
36	40	8.0
36	41	1.0
36	48	1.0
36	53	5.0
36	54	3.0
36	56	1.0
36	58	1.0
36	60	2.0
36	61	2.0
36	62	3.0
36	63	1.0
36	64	10.0
36	65	2.0
36	66	1.0
36	67	1.0
36	68	1.0
36	103	2.0
36	104	1.0
36	105	5.0
36	114	3.0
37	37	259.0
37	38	22.0
37	39	10.0
37	40	2.0
37	42	1.0
37	53	1.0
37	56	6.0
37	57	9.0
37	58	1.0
37	60	2.0
37	61	2.0
37	62	3.0
37	64	1.0
37	67	1.0
37	68	6.0
37	69	8.0
37	71	7.0
37	72	1.0
37	85	1.0
37	114	1.0
38	38	260.0
38	39	16.0
38	40	9.0
38	41	1.0
38	45	1.0
38	53	1.0
38	55	2.0
38	56	1.0
38	57	8.0
38	58	6.0
38	60	4.0
38	61	8.0
38	62	11.0
38	63	1.0
38	64	6.0
38	65	1.0
38	73	1.0
38	74	1.0
38	76	1.0
39	39	293.0
39	40	22.0
39	41	5.0
39	45	1.0
39	46	1.0
39	61	7.0
39	62	7.0
39	63	1.0
39	64	4.0
39	65	2.0
39	67	1.0
39	68	1.0
39	74	1.0
39	95	3.0
39	98	4.0
39	109	1.0
39	113	1.0
40	40	290.0
40	41	31.0
40	42	12.0
40	43	2.0
40	45	1.0
40	46	2.0
40	70	1.0
40	75	1.0
40	94	1.0
40	95	3.0
40	96	3.0
41	41	278.0
41	42	17.0
41	43	1.0
41	46	6.0
41	48	5.0
41	50	1.0
41	51	5.0
41	74	1.0
41	76	2.0
41	77	1.0
41	82	1.0
41	83	1.0
41	84	2.0
41	85	1.0
41	92	12.0
41	93	2.0
41	94	6.0
41	95	2.0
41	96	5.0
41	97	1.0
41	99	1.0
41	105	4.0
42	42	297.0
42	43	7.0
42	48	3.0
42	50	2.0
42	51	4.0
42	83	1.0
42	92	8.0
42	93	1.0
42	94	14.0
42	95	9.0
42	96	1.0
42	99	4.0
42	104	2.0
42	105	5.0
43	43	276.0
43	44	18.0
43	45	9.0
43	46	5.0
43	49	7.0
43	50	5.0
43	51	2.0
43	62	1.0
43	69	1.0
43	71	1.0
43	75	2.0
43	76	2.0
43	77	1.0
43	81	2.0
43	82	7.0
43	83	9.0
43	84	7.0
43	85	4.0
43	86	4.0
43	87	2.0
43	88	1.0
43	89	1.0
43	90	1.0
43	92	7.0
43	93	8.0
43	94	3.0
44	44	314.0
44	45	13.0
44	46	1.0
44	49	2.0
44	50	4.0
44	51	2.0
44	52	2.0
44	56	1.0
44	57	1.0
44	71	5.0
44	73	2.0
44	74	4.0
44	81	2.0
44	82	7.0
44	83	5.0
44	84	10.0
44	86	1.0
44	87	2.0
44	91	3.0
44	95	2.0
44	99	3.0
44	112	1.0
45	45	288.0
45	46	10.0
45	59	5.0
45	60	1.0
45	63	1.0
45	73	2.0
45	81	2.0
45	84	6.0
45	85	1.0
45	86	6.0
45	87	5.0
45	88	2.0
45	89	4.0
45	90	8.0
45	91	13.0
45	92	2.0
45	96	1.0
45	112	2.0
46	46	253.0
46	47	3.0
46	49	9.0
46	56	3.0
46	57	3.0
46	58	1.0
46	59	7.0
46	60	3.0
46	61	1.0
46	62	2.0
46	70	1.0
46	72	2.0
46	73	5.0
46	74	1.0
46	83	1.0
46	85	2.0
46	86	5.0
46	87	3.0
46	88	2.0
46	89	1.0
46	90	1.0
46	91	6.0
46	92	1.0
46	95	3.0
46	96	5.0
46	97	1.0
46	98	4.0
46	99	3.0
46	101	4.0
46	102	1.0
46	103	6.0
46	104	2.0
47	47	283.0
47	48	7.0
47	52	1.0
47	55	2.0
47	58	1.0
47	59	17.0
47	60	6.0
47	61	2.0
47	68	1.0
47	73	1.0
47	85	1.0
47	87	11.0
47	88	12.0
47	89	1.0
47	91	1.0
47	96	1.0
47	97	3.0
47	99	6.0
47	100	7.0
47	101	8.0
47	102	1.0
47	104	11.0
47	105	3.0
47	106	1.0
47	107	2.0
48	48	242.0
48	49	24.0
48	50	11.0
48	51	10.0
48	52	7.0
48	54	3.0
48	55	5.0
48	56	1.0
48	58	2.0
48	60	1.0
48	71	1.0
48	74	1.0
48	92	1.0
48	94	1.0
48	95	11.0
48	97	2.0
48	98	1.0
48	99	1.0
48	100	4.0
48	101	8.0
48	104	8.0
48	105	3.0
48	107	1.0
48	110	2.0
48	112	1.0
48	113	1.0
49	49	289.0
49	50	12.0
49	51	17.0
49	52	2.0
49	53	2.0
49	54	2.0
49	55	1.0
49	78	2.0
49	79	2.0
49	89	7.0
49	91	1.0
50	50	298.0
50	51	29.0
50	52	9.0
50	53	3.0
50	54	1.0
50	66	3.0
50	71	3.0
50	86	2.0
50	87	5.0
50	88	10.0
50	89	6.0
50	91	6.0
50	92	1.0
50	93	3.0
50	94	1.0
50	96	1.0
50	99	1.0
50	111	1.0
51	51	259.0
51	52	18.0
51	53	5.0
51	54	6.0
51	55	2.0
51	57	1.0
51	71	9.0
51	78	1.0
51	87	2.0
51	88	7.0
51	89	5.0
51	91	6.0
51	92	2.0
51	93	5.0
51	94	2.0
51	96	1.0
51	99	1.0
52	52	263.0
52	53	4.0
52	54	3.0
52	55	7.0
52	56	1.0
52	58	1.0
52	59	2.0
52	61	1.0
52	66	2.0
52	71	11.0
52	72	3.0
52	73	2.0
52	74	6.0
52	75	8.0
52	76	2.0
52	87	2.0
52	91	6.0
52	92	2.0
52	93	1.0
53	53	266.0
53	54	18.0
53	55	12.0
53	56	6.0
53	58	13.0
53	59	2.0
53	60	8.0
53	63	1.0
53	64	9.0
53	94	1.0
53	96	1.0
54	54	248.0
54	55	21.0
54	56	8.0
54	57	8.0
54	58	5.0
54	59	3.0
54	60	4.0
54	71	3.0
54	74	3.0
54	75	9.0
55	55	220.0
55	56	14.0
55	57	6.0
55	58	9.0
55	59	11.0
55	60	16.0
55	61	2.0
55	65	1.0
55	66	2.0
55	71	3.0
55	72	9.0
55	73	4.0
55	74	2.0
55	75	5.0
55	76	4.0
55	85	1.0
55	87	1.0
56	56	238.0
56	57	33.0
56	58	11.0
56	59	12.0
56	60	3.0
56	62	2.0
56	65	12.0
56	66	5.0
56	68	4.0
56	69	3.0
56	70	1.0
56	71	2.0
56	72	5.0
56	73	4.0
56	74	9.0
56	75	5.0
56	76	6.0
56	85	1.0
56	86	6.0
56	88	1.0
57	57	243.0
57	58	13.0
57	59	3.0
57	60	5.0
57	61	11.0
57	63	1.0
57	64	1.0
57	65	2.0
57	66	11.0
57	67	1.0
57	68	8.0
57	69	10.0
57	70	1.0
57	71	8.0
57	72	3.0
57	73	6.0
57	75	2.0
57	76	5.0
57	79	1.0
57	85	1.0
57	86	2.0
57	87	2.0
57	89	2.0
57	95	1.0
57	113	1.0
58	58	234.0
58	59	13.0
58	60	12.0
58	61	4.0
58	62	3.0
58	64	1.0
58	65	5.0
58	66	2.0
58	67	1.0
58	68	5.0
58	77	1.0
59	59	251.0
59	60	13.0
59	61	4.0
59	64	7.0
59	65	5.0
59	66	4.0
59	68	4.0
59	69	4.0
59	72	2.0
59	73	1.0
59	74	1.0
59	83	1.0
59	86	1.0
59	87	4.0
59	88	6.0
60	60	280.0
60	61	12.0
60	62	6.0
60	63	2.0
60	64	10.0
60	65	2.0
60	68	5.0
60	69	2.0
60	78	1.0
60	88	1.0
61	61	288.0
61	62	20.0
61	64	3.0
61	68	1.0
61	86	1.0
62	62	248.0
62	63	12.0
62	64	25.0
62	65	9.0
62	66	7.0
62	67	7.0
62	68	1.0
62	69	2.0
62	76	4.0
62	77	5.0
62	95	1.0
63	63	254.0
63	64	25.0
63	65	11.0
63	66	2.0
63	67	12.0
63	68	8.0
63	69	5.0
63	70	1.0
63	76	2.0
63	77	1.0
64	64	213.0
64	65	6.0
64	66	3.0
64	67	1.0
64	68	2.0
64	72	1.0
64	89	1.0
65	65	243.0
65	66	16.0
65	67	25.0
65	68	8.0
65	69	5.0
65	77	1.0
65	90	1.0
65	99	1.0
66	66	257.0
66	67	27.0
66	68	1.0
66	69	1.0
66	71	1.0
66	75	2.0
66	76	9.0
66	78	2.0
66	79	1.0
66	86	1.0
66	90	1.0
66	91	1.0
67	67	269.0
67	68	8.0
67	69	2.0
67	72	1.0
67	76	5.0
67	77	7.0
67	114	2.0
68	68	260.0
68	69	31.0
68	70	6.0
68	71	3.0
68	72	1.0
68	75	2.0
68	77	7.0
68	86	1.0
69	69	260.0
69	70	6.0
69	71	9.0
69	72	2.0
69	76	7.0
69	78	1.0
69	86	1.0
69	114	1.0
70	70	234.0
70	71	14.0
70	72	20.0
70	73	5.0
70	75	5.0
70	77	1.0
70	78	5.0
70	90	4.0
71	71	247.0
71	72	21.0
71	73	14.0
71	74	1.0
71	75	6.0
71	76	1.0
71	77	2.0
71	78	1.0
71	82	1.0
71	86	4.0
71	87	4.0
71	89	1.0
71	90	4.0
71	91	1.0
71	92	1.0
71	111	1.0
72	72	273.0
72	73	20.0
72	74	6.0
72	75	21.0
72	82	2.0
72	85	9.0
72	86	7.0
72	87	3.0
72	90	5.0
72	91	2.0
72	92	1.0
73	73	264.0
73	74	10.0
73	75	12.0
73	82	4.0
73	85	5.0
73	86	7.0
73	87	4.0
73	88	2.0
73	89	4.0
73	90	8.0
73	91	8.0
74	74	319.0
74	75	27.0
74	76	1.0
74	77	7.0
74	81	2.0
74	82	4.0
74	84	3.0
74	86	2.0
74	87	2.0
74	92	1.0
74	93	1.0
74	95	2.0
75	75	260.0
75	76	5.0
75	77	5.0
75	78	4.0
75	81	1.0
75	82	5.0
75	83	1.0
75	84	4.0
75	86	2.0
75	87	6.0
75	90	1.0
75	91	2.0
75	93	4.0
75	94	1.0
75	95	1.0
76	76	247.0
76	77	34.0
76	80	3.0
76	81	8.0
76	86	1.0
76	90	1.0
76	92	1.0
76	93	5.0
76	94	4.0
76	115	1.0
77	77	309.0
77	78	6.0
77	79	7.0
77	80	2.0
77	81	1.0
77	82	2.0
77	83	1.0
77	85	1.0
77	86	3.0
77	87	3.0
77	93	6.0
77	99	1.0
78	78	290.0
78	79	22.0
78	80	1.0
78	86	1.0
78	87	1.0
78	91	2.0
78	92	5.0
79	79	283.0
79	80	13.0
79	81	1.0
79	82	3.0
79	85	3.0
79	86	2.0
79	87	1.0
79	89	1.0
79	90	1.0
79	92	1.0
80	80	300.0
80	81	18.0
80	82	8.0
80	83	3.0
80	85	7.0
80	86	2.0
80	90	1.0
80	91	3.0
80	94	4.0
81	81	268.0
81	82	17.0
81	83	19.0
81	84	4.0
81	85	4.0
81	86	4.0
81	93	1.0
81	94	5.0
82	82	253.0
82	83	11.0
82	84	8.0
82	85	10.0
82	86	7.0
82	87	8.0
82	93	4.0
82	108	1.0
83	83	236.0
83	84	21.0
83	85	7.0
83	86	2.0
83	87	1.0
83	89	3.0
83	90	13.0
83	91	2.0
83	92	2.0
83	93	1.0
83	95	1.0
83	111	1.0
84	84	255.0
84	85	20.0
84	86	4.0
84	87	2.0
84	89	5.0
84	90	6.0
84	91	1.0
84	92	1.0
84	98	1.0
85	85	251.0
85	86	15.0
85	87	7.0
85	89	4.0
85	90	10.0
85	93	1.0
85	105	1.0
86	86	189.0
86	87	11.0
86	88	2.0
86	89	1.0
86	90	7.0
86	91	2.0
86	94	3.0
86	95	2.0
87	87	240.0
87	88	15.0
87	89	10.0
87	90	12.0
87	91	17.0
87	92	4.0
87	93	3.0
88	88	208.0
88	89	21.0
88	90	6.0
88	91	15.0
88	92	8.0
88	93	2.0
88	113	1.0
89	89	238.0
89	90	13.0
89	91	33.0
89	92	9.0
89	93	8.0
89	94	4.0
90	90	244.0
90	91	15.0
90	92	2.0
90	93	4.0
90	94	2.0
90	100	1.0
91	91	301.0
91	92	7.0
91	93	1.0
91	94	1.0
92	92	282.0
92	93	29.0
92	94	18.0
92	95	4.0
92	103	1.0
93	93	229.0
93	94	32.0
93	95	6.0
93	101	1.0
93	113	1.0
94	94	260.0
94	95	18.0
95	95	256.0
95	96	4.0
95	97	1.0
95	98	1.0
95	99	3.0
95	101	8.0
95	103	4.0
95	105	7.0
95	107	1.0
95	110	1.0
96	96	272.0
96	97	35.0
96	98	29.0
96	99	11.0
96	100	1.0
96	101	11.0
96	102	2.0
96	107	1.0
96	111	2.0
96	112	1.0
97	97	307.0
97	98	26.0
97	99	5.0
97	100	4.0
97	101	10.0
97	102	3.0
97	104	1.0
97	109	2.0
97	111	4.0
97	112	1.0
97	113	2.0
98	98	306.0
98	99	37.0
98	100	3.0
98	102	3.0
98	109	1.0
98	111	3.0
98	112	2.0
98	113	3.0
99	99	302.0
99	100	13.0
99	101	5.0
99	102	6.0
99	103	1.0
99	104	1.0
99	105	1.0
99	107	1.0
99	111	1.0
99	112	2.0
99	113	1.0
100	100	298.0
100	101	15.0
100	102	4.0
100	104	6.0
100	106	1.0
100	107	10.0
100	110	2.0
100	111	3.0
100	112	1.0
100	113	2.0
101	101	304.0
101	102	22.0
101	103	7.0
101	104	2.0
101	105	7.0
101	107	3.0
101	108	4.0
101	109	1.0
101	110	9.0
101	111	2.0
101	112	4.0
101	113	2.0
102	102	245.0
102	103	26.0
102	104	1.0
102	108	9.0
102	109	13.0
102	110	6.0
102	111	1.0
102	112	5.0
102	113	3.0
102	114	1.0
103	103	253.0
103	104	14.0
103	105	7.0
103	107	21.0
103	108	15.0
103	109	12.0
103	112	2.0
104	104	274.0
104	105	22.0
104	106	14.0
104	107	30.0
105	105	237.0
105	106	21.0
105	107	21.0
105	108	1.0
105	109	2.0
106	106	299.0
106	107	22.0
106	108	3.0
106	109	6.0
107	107	261.0
107	108	19.0
107	109	7.0
108	108	251.0
108	109	13.0
108	112	8.0
108	113	3.0
109	109	280.0
109	110	40.0
109	111	3.0
109	112	1.0
109	113	9.0
109	114	3.0
110	110	311.0
110	111	19.0
110	112	3.0
110	113	5.0
110	114	3.0
111	111	350.0
111	112	15.0
111	113	5.0
111	114	16.0
112	112	239.0
112	113	28.0
112	114	1.0
113	113	330.0
113	114	12.0
114	114	283.0
114	115	2.0
115	115	29.0
