1	1	669.0
1	2	55.0
1	3	16.0
1	4	19.0
1	5	5.0
1	14	1.0
1	19	1.0
1	73	1.0
1	91	1.0
1	98	1.0
1	122	6.0
1	126	1.0
2	2	517.0
2	3	15.0
2	4	34.0
2	5	5.0
2	6	1.0
2	12	1.0
2	33	1.0
2	104	1.0
2	121	3.0
2	122	3.0
2	124	1.0
2	129	1.0
2	145	1.0
2	152	1.0
3	3	538.0
3	4	68.0
3	5	6.0
3	14	1.0
3	105	1.0
3	121	2.0
3	122	5.0
3	145	1.0
3	158	2.0
4	4	480.0
4	5	33.0
4	68	1.0
4	88	1.0
4	94	1.0
4	102	1.0
4	122	1.0
4	137	2.0
4	139	1.0
4	158	1.0
5	5	502.0
5	6	7.0
5	27	1.0
5	54	1.0
5	75	1.0
5	81	1.0
5	97	1.0
5	121	1.0
5	152	1.0
5	155	1.0
6	6	409.0
6	8	2.0
6	29	7.0
6	30	1.0
6	68	1.0
6	72	2.0
6	73	15.0
6	74	1.0
6	75	2.0
6	101	1.0
6	128	1.0
6	154	1.0
7	7	492.0
7	8	46.0
7	9	3.0
7	10	16.0
7	11	9.0
7	12	5.0
7	13	10.0
7	14	9.0
7	15	8.0
7	16	12.0
7	19	1.0
7	22	8.0
7	24	1.0
7	25	1.0
7	26	1.0
7	28	2.0
7	29	2.0
7	35	1.0
7	41	1.0
7	42	1.0
7	45	1.0
7	69	1.0
7	72	1.0
7	73	1.0
7	75	1.0
8	8	481.0
8	9	32.0
8	10	33.0
8	11	7.0
8	12	17.0
8	13	3.0
8	14	1.0
8	16	1.0
8	17	2.0
8	18	1.0
8	21	5.0
8	22	2.0
8	33	1.0
8	37	4.0
8	38	9.0
8	49	1.0
8	51	1.0
8	78	1.0
8	104	1.0
8	111	1.0
8	131	1.0
8	156	1.0
9	9	427.0
9	10	45.0
9	11	6.0
9	12	3.0
9	14	4.0
9	15	11.0
9	16	19.0
9	17	15.0
9	18	2.0
9	19	7.0
9	20	2.0
9	21	3.0
9	22	8.0
9	23	12.0
9	27	1.0
9	37	2.0
9	47	1.0
9	66	2.0
9	71	3.0
9	74	2.0
9	75	2.0
9	83	1.0
9	118	1.0
9	128	1.0
9	154	1.0
10	10	450.0
10	11	20.0
10	12	12.0
10	13	6.0
10	14	12.0
10	15	7.0
10	16	11.0
10	17	7.0
10	18	3.0
10	19	17.0
10	20	2.0
10	22	1.0
10	24	3.0
10	37	2.0
10	38	3.0
10	61	1.0
10	77	1.0
10	131	2.0
10	147	2.0
11	11	441.0
11	12	41.0
11	13	14.0
11	18	11.0
11	19	5.0
11	20	4.0
11	21	1.0
11	24	1.0
11	37	7.0
11	38	11.0
11	57	1.0
11	96	1.0
11	103	1.0
12	12	479.0
12	13	23.0
12	14	14.0
12	17	2.0
12	18	22.0
12	19	6.0
12	23	1.0
12	33	1.0
12	37	6.0
12	38	22.0
12	45	2.0
12	50	1.0
12	90	1.0
12	100	1.0
12	107	1.0
13	13	417.0
13	14	26.0
13	16	5.0
13	19	2.0
13	22	5.0
13	24	2.0
13	25	2.0
13	35	1.0
13	36	1.0
13	37	11.0
13	38	19.0
13	39	1.0
13	42	1.0
13	97	3.0
13	121	1.0
13	149	1.0
13	154	1.0
14	14	420.0
14	15	3.0
14	16	18.0
14	17	24.0
14	18	7.0
14	19	6.0
14	20	5.0
14	21	4.0
14	22	19.0
14	23	3.0
14	24	6.0
14	29	1.0
14	33	3.0
14	37	7.0
14	38	10.0
14	41	2.0
14	42	7.0
14	51	3.0
14	52	1.0
14	76	2.0
14	122	1.0
14	130	1.0
14	131	1.0
14	151	1.0
15	15	447.0
15	16	40.0
15	17	34.0
15	18	13.0
15	19	17.0
15	20	2.0
15	22	3.0
15	32	7.0
15	33	4.0
15	34	4.0
15	35	9.0
15	36	3.0
15	37	10.0
15	40	2.0
15	41	6.0
15	42	8.0
15	44	1.0
15	45	1.0
15	46	13.0
15	47	2.0
15	48	1.0
15	56	1.0
15	64	3.0
15	67	1.0
15	70	1.0
15	71	1.0
15	72	5.0
15	75	2.0
15	77	2.0
15	78	9.0
15	79	5.0
15	99	1.0
15	120	1.0
15	139	1.0
15	151	1.0
15	155	1.0
16	16	407.0
16	17	20.0
16	19	7.0
16	20	1.0
16	22	5.0
16	23	4.0
16	32	12.0
16	33	20.0
16	36	1.0
16	37	6.0
16	38	3.0
16	40	1.0
16	41	5.0
16	42	26.0
16	46	2.0
16	54	1.0
16	68	1.0
16	72	3.0
16	75	3.0
16	76	2.0
16	86	1.0
17	17	487.0
17	18	46.0
17	19	25.0
17	20	6.0
17	22	1.0
17	27	2.0
17	33	2.0
17	35	3.0
17	40	12.0
17	41	9.0
17	42	22.0
17	45	1.0
17	49	2.0
17	51	12.0
17	52	1.0
17	53	5.0
17	63	1.0
17	72	1.0
17	76	1.0
17	77	8.0
17	78	6.0
17	79	8.0
17	118	1.0
18	18	462.0
18	19	47.0
18	20	7.0
18	21	11.0
18	22	3.0
18	23	4.0
18	36	1.0
18	38	6.0
18	39	1.0
18	40	2.0
18	42	5.0
18	45	3.0
18	47	1.0
18	49	1.0
18	51	2.0
18	68	2.0
18	72	3.0
18	76	5.0
18	77	10.0
18	78	24.0
18	79	11.0
18	114	1.0
18	120	2.0
18	155	1.0
19	19	403.0
19	20	19.0
19	21	21.0
19	22	22.0
19	23	7.0
19	25	13.0
19	31	3.0
19	32	1.0
19	38	1.0
19	40	6.0
19	62	1.0
19	72	1.0
19	75	3.0
19	78	1.0
19	79	1.0
19	85	1.0
19	139	1.0
20	20	454.0
20	21	25.0
20	22	14.0
20	23	9.0
20	24	19.0
20	25	29.0
20	26	2.0
20	37	1.0
20	48	6.0
20	51	4.0
20	54	1.0
20	58	1.0
20	78	1.0
20	98	1.0
20	111	1.0
20	129	1.0
20	131	2.0
21	21	496.0
21	22	39.0
21	23	25.0
21	24	10.0
21	25	11.0
21	29	1.0
21	34	1.0
21	42	1.0
21	49	7.0
21	50	1.0
21	61	1.0
21	63	1.0
21	64	1.0
21	84	1.0
21	148	1.0
22	22	502.0
22	23	63.0
22	24	23.0
22	25	4.0
22	26	1.0
22	40	1.0
22	61	1.0
22	72	2.0
22	73	3.0
22	103	2.0
23	23	464.0
23	24	33.0
23	33	1.0
23	49	1.0
23	75	2.0
23	77	2.0
23	78	1.0
23	125	1.0
24	24	482.0
24	25	24.0
24	26	3.0
24	30	1.0
24	31	2.0
24	32	1.0
24	35	3.0
24	36	11.0
24	37	14.0
24	38	1.0
24	40	1.0
24	48	1.0
24	63	1.0
24	108	2.0
24	111	1.0
24	137	1.0
24	151	1.0
25	25	516.0
25	26	18.0
25	27	9.0
25	28	5.0
25	30	4.0
25	31	14.0
25	32	18.0
25	35	17.0
25	36	6.0
25	37	3.0
25	38	1.0
25	43	1.0
25	46	1.0
25	49	1.0
25	51	3.0
25	61	6.0
25	64	1.0
25	69	1.0
25	70	1.0
25	73	1.0
25	76	1.0
25	91	1.0
25	114	1.0
26	26	485.0
26	27	29.0
26	28	8.0
26	29	22.0
26	30	38.0
26	31	21.0
26	32	11.0
26	33	2.0
26	34	1.0
26	35	2.0
26	36	22.0
26	38	2.0
26	39	3.0
26	40	1.0
26	41	1.0
26	42	1.0
26	45	2.0
26	50	2.0
26	52	1.0
26	61	2.0
26	65	2.0
26	72	1.0
26	73	4.0
26	75	3.0
26	78	1.0
26	100	1.0
26	115	1.0
27	27	532.0
27	28	49.0
27	29	29.0
27	30	13.0
27	31	21.0
27	32	1.0
27	33	1.0
27	35	2.0
27	36	8.0
27	38	2.0
27	40	2.0
27	41	5.0
27	43	8.0
27	44	9.0
27	45	9.0
27	47	2.0
27	50	2.0
27	66	1.0
27	75	2.0
27	87	1.0
27	98	1.0
27	99	2.0
27	101	1.0
27	102	1.0
27	120	1.0
27	127	1.0
27	142	1.0
27	153	1.0
27	155	1.0
27	158	1.0
28	28	505.0
28	29	18.0
28	30	24.0
28	31	10.0
28	32	7.0
28	36	1.0
28	39	7.0
28	43	1.0
28	44	12.0
28	45	1.0
28	75	3.0
28	91	2.0
28	94	1.0
28	98	1.0
28	99	4.0
28	117	1.0
28	121	1.0
28	145	2.0
29	29	521.0
29	30	35.0
29	31	9.0
29	32	6.0
29	36	4.0
29	39	7.0
29	41	1.0
29	43	4.0
29	44	6.0
29	45	17.0
29	47	1.0
29	52	1.0
29	73	6.0
29	75	11.0
29	96	1.0
29	101	1.0
29	104	1.0
29	113	1.0
29	115	1.0
29	118	2.0
29	121	2.0
29	129	1.0
29	135	1.0
29	145	1.0
30	30	557.0
30	31	18.0
30	32	9.0
30	33	2.0
30	35	3.0
30	36	8.0
30	37	1.0
30	38	1.0
30	39	9.0
30	41	1.0
30	42	1.0
30	45	4.0
30	46	1.0
30	50	3.0
30	71	1.0
30	73	4.0
30	75	4.0
30	81	1.0
30	88	2.0
30	98	1.0
30	104	1.0
30	115	1.0
31	31	548.0
31	32	39.0
31	34	1.0
31	35	8.0
31	36	21.0
31	37	3.0
31	39	1.0
31	41	2.0
31	43	4.0
31	50	1.0
31	57	3.0
31	61	9.0
31	63	1.0
31	74	1.0
31	77	1.0
32	32	455.0
32	33	6.0
32	34	4.0
32	35	1.0
32	36	10.0
32	37	6.0
32	40	3.0
32	41	3.0
32	43	1.0
32	44	1.0
32	45	1.0
32	56	1.0
32	57	1.0
32	61	1.0
32	64	1.0
32	72	1.0
32	75	1.0
32	77	2.0
32	78	2.0
32	86	1.0
32	94	1.0
32	113	2.0
32	126	1.0
32	133	1.0
32	138	1.0
32	140	1.0
32	155	1.0
33	33	488.0
33	34	25.0
33	35	9.0
33	36	5.0
33	49	6.0
33	51	1.0
33	52	1.0
33	55	4.0
33	56	1.0
33	70	10.0
33	75	2.0
33	77	5.0
33	78	2.0
33	79	3.0
33	91	1.0
33	118	8.0
33	119	16.0
33	120	6.0
33	121	1.0
33	123	1.0
33	143	1.0
34	34	470.0
34	35	7.0
34	38	1.0
34	48	1.0
34	49	8.0
34	53	1.0
34	54	1.0
34	56	2.0
34	57	1.0
34	65	1.0
34	66	1.0
34	70	1.0
34	81	7.0
34	82	21.0
34	83	3.0
34	90	2.0
34	103	1.0
34	107	1.0
34	119	8.0
34	120	5.0
34	137	1.0
35	35	416.0
35	36	13.0
35	37	2.0
35	41	10.0
35	43	1.0
35	45	2.0
35	49	20.0
35	50	7.0
35	51	13.0
35	52	17.0
35	56	3.0
35	57	2.0
35	61	1.0
35	63	3.0
35	64	2.0
35	66	1.0
35	68	1.0
35	76	1.0
35	80	1.0
35	82	15.0
35	83	14.0
35	90	1.0
35	98	2.0
35	100	1.0
35	102	1.0
35	117	1.0
35	120	2.0
35	136	2.0
35	141	1.0
35	153	1.0
36	36	452.0
36	37	28.0
36	38	3.0
36	39	10.0
36	40	7.0
36	41	3.0
36	42	5.0
36	44	1.0
36	45	2.0
36	47	1.0
36	50	5.0
36	52	1.0
36	54	3.0
36	55	10.0
36	57	1.0
36	80	2.0
36	83	1.0
36	84	3.0
36	90	1.0
36	92	2.0
36	93	2.0
36	96	5.0
36	97	5.0
36	98	3.0
36	99	3.0
36	103	1.0
36	106	1.0
36	113	1.0
36	119	1.0
36	123	1.0
36	145	4.0
37	37	459.0
37	38	33.0
37	39	1.0
37	42	8.0
37	45	1.0
37	46	4.0
37	48	2.0
37	50	1.0
37	51	1.0
37	52	3.0
37	54	1.0
37	55	11.0
37	62	1.0
37	75	1.0
37	93	4.0
37	94	1.0
37	95	14.0
37	96	20.0
37	97	7.0
37	98	1.0
37	99	5.0
37	100	2.0
37	151	1.0
38	38	454.0
38	39	27.0
38	40	5.0
38	41	27.0
38	42	6.0
38	43	2.0
38	45	1.0
38	48	1.0
38	54	4.0
38	93	4.0
38	94	3.0
38	95	15.0
38	96	6.0
38	97	4.0
38	100	4.0
38	101	1.0
38	104	1.0
38	105	1.0
38	112	1.0
38	124	1.0
38	141	1.0
38	151	2.0
39	39	483.0
39	40	18.0
39	41	16.0
39	42	7.0
39	43	10.0
39	44	7.0
39	45	19.0
39	46	10.0
39	47	10.0
39	48	4.0
39	51	1.0
39	52	12.0
39	53	6.0
39	62	1.0
39	94	1.0
39	97	8.0
39	99	1.0
39	100	1.0
39	112	1.0
39	120	1.0
40	40	455.0
40	41	27.0
40	42	14.0
40	43	11.0
40	44	5.0
40	45	6.0
40	46	13.0
40	47	8.0
40	48	4.0
40	49	3.0
40	51	11.0
40	52	6.0
40	53	22.0
40	54	2.0
40	80	1.0
40	95	2.0
40	98	1.0
40	101	1.0
40	116	3.0
40	118	2.0
40	127	1.0
41	41	490.0
41	42	28.0
41	43	1.0
41	44	5.0
41	45	16.0
41	46	37.0
41	47	6.0
41	51	9.0
41	52	14.0
41	53	8.0
41	56	4.0
41	86	1.0
41	94	4.0
41	95	2.0
41	100	2.0
41	114	1.0
41	118	1.0
41	154	1.0
42	42	507.0
42	43	20.0
42	44	1.0
42	45	2.0
42	46	13.0
42	48	2.0
42	51	12.0
42	66	1.0
42	85	11.0
42	86	13.0
42	91	1.0
42	94	3.0
42	95	1.0
42	101	4.0
42	136	1.0
42	142	2.0
42	156	1.0
43	43	465.0
43	44	30.0
43	45	16.0
43	46	2.0
43	47	5.0
43	48	1.0
43	49	2.0
43	52	1.0
43	66	5.0
43	83	1.0
43	85	3.0
43	86	1.0
43	92	1.0
43	94	2.0
43	95	1.0
43	100	1.0
43	101	4.0
43	102	2.0
43	112	1.0
43	117	4.0
43	124	1.0
43	125	1.0
43	126	1.0
43	127	1.0
43	130	1.0
44	44	538.0
44	45	7.0
44	46	4.0
44	47	7.0
44	48	1.0
44	50	1.0
44	61	1.0
44	75	3.0
44	76	1.0
44	99	3.0
44	100	1.0
44	101	1.0
44	117	1.0
44	126	1.0
44	128	2.0
44	132	1.0
44	134	1.0
44	141	1.0
44	145	1.0
45	45	493.0
45	46	50.0
45	47	32.0
45	48	1.0
45	51	3.0
45	52	6.0
45	53	12.0
45	54	1.0
45	56	1.0
45	62	1.0
45	66	1.0
45	71	1.0
45	112	1.0
45	114	1.0
45	128	1.0
45	152	1.0
46	46	459.0
46	47	31.0
46	50	1.0
46	51	6.0
46	52	38.0
46	53	20.0
46	54	2.0
46	55	1.0
46	56	5.0
46	69	1.0
46	97	2.0
46	127	2.0
47	47	529.0
47	48	23.0
47	51	3.0
47	52	33.0
47	53	17.0
47	54	31.0
47	55	15.0
47	56	2.0
47	66	1.0
47	68	1.0
47	97	2.0
47	98	3.0
47	117	1.0
48	48	518.0
48	49	30.0
48	50	14.0
48	51	16.0
48	52	7.0
48	53	18.0
48	54	16.0
48	93	1.0
48	96	1.0
48	97	1.0
48	98	23.0
48	99	1.0
48	139	1.0
49	49	462.0
49	50	32.0
49	51	13.0
49	52	6.0
49	53	4.0
49	54	7.0
49	77	2.0
49	78	1.0
49	82	13.0
49	83	1.0
49	84	2.0
49	93	1.0
49	95	1.0
49	106	1.0
49	111	1.0
49	118	1.0
49	119	1.0
49	120	1.0
49	142	1.0
50	50	530.0
50	51	37.0
50	52	16.0
50	53	17.0
50	54	30.0
50	55	3.0
50	56	1.0
50	69	1.0
50	82	3.0
50	83	9.0
50	84	6.0
50	96	3.0
50	97	1.0
50	98	6.0
50	99	7.0
50	112	1.0
50	140	1.0
51	51	480.0
51	52	17.0
51	53	19.0
51	54	10.0
51	55	2.0
51	62	1.0
51	65	1.0
51	66	1.0
51	80	2.0
51	82	2.0
51	83	5.0
51	84	6.0
51	86	1.0
51	89	2.0
51	91	1.0
51	93	1.0
51	97	5.0
51	98	12.0
51	99	5.0
51	123	1.0
51	156	1.0
52	52	454.0
52	53	31.0
52	54	44.0
52	55	2.0
52	56	1.0
52	64	1.0
52	82	5.0
52	83	11.0
52	84	2.0
52	92	1.0
52	93	2.0
52	96	17.0
52	97	5.0
52	98	12.0
52	99	9.0
52	106	1.0
52	116	1.0
52	121	1.0
52	126	1.0
52	131	1.0
52	137	1.0
53	53	485.0
53	54	27.0
53	55	1.0
53	56	4.0
53	57	2.0
53	80	1.0
53	82	2.0
53	84	13.0
53	87	1.0
53	89	1.0
53	93	2.0
53	98	4.0
53	99	5.0
53	131	2.0
54	54	469.0
54	55	29.0
54	56	3.0
54	64	1.0
54	80	2.0
54	83	10.0
54	84	6.0
54	92	1.0
54	93	4.0
54	94	1.0
54	95	2.0
54	96	2.0
54	97	7.0
54	98	13.0
54	99	4.0
54	117	1.0
54	135	1.0
54	138	1.0
55	55	487.0
55	56	34.0
55	57	1.0
55	63	10.0
55	64	6.0
55	69	1.0
55	75	1.0
55	80	1.0
55	82	2.0
55	83	3.0
55	84	6.0
55	87	3.0
55	91	8.0
55	92	4.0
55	93	2.0
55	94	2.0
55	95	7.0
55	96	18.0
55	97	2.0
55	100	1.0
55	116	9.0
55	117	6.0
55	118	2.0
55	130	2.0
55	131	1.0
55	135	1.0
55	137	2.0
55	138	3.0
56	56	340.0
56	57	21.0
56	58	1.0
56	62	2.0
56	63	13.0
56	64	3.0
56	80	6.0
56	81	1.0
56	82	1.0
56	84	11.0
56	85	6.0
56	87	1.0
56	89	13.0
56	90	3.0
56	91	16.0
56	92	11.0
56	93	2.0
56	96	6.0
56	100	1.0
56	105	1.0
56	114	1.0
56	116	1.0
56	118	1.0
56	128	2.0
56	140	1.0
57	57	324.0
57	58	2.0
57	61	15.0
57	62	8.0
57	63	4.0
57	64	1.0
57	65	1.0
57	80	6.0
57	81	3.0
57	82	3.0
57	84	1.0
57	85	2.0
57	88	1.0
57	89	10.0
57	90	4.0
57	91	8.0
57	93	1.0
57	96	1.0
57	101	1.0
57	111	1.0
57	113	2.0
57	114	5.0
57	115	5.0
57	136	5.0
57	137	3.0
58	58	36.0
58	61	9.0
58	62	3.0
58	88	1.0
61	61	1630.0
61	62	37.0
61	64	4.0
61	71	1.0
61	88	3.0
61	91	1.0
61	108	2.0
61	109	4.0
61	113	8.0
61	114	2.0
61	115	6.0
61	116	1.0
61	124	2.0
61	128	1.0
61	132	1.0
61	135	3.0
61	136	1.0
61	139	1.0
61	140	1.0
61	143	1.0
61	145	2.0
61	146	5.0
61	147	6.0
62	62	619.0
62	63	12.0
62	89	1.0
62	100	1.0
62	108	4.0
62	109	2.0
62	112	2.0
62	113	2.0
62	122	1.0
62	136	1.0
62	143	1.0
62	144	3.0
63	63	350.0
63	64	28.0
63	68	2.0
63	73	1.0
63	77	1.0
63	81	1.0
63	90	1.0
63	109	4.0
63	110	4.0
63	112	3.0
63	113	6.0
63	121	1.0
63	122	1.0
63	143	2.0
63	145	1.0
63	155	1.0
64	64	400.0
64	65	5.0
64	66	1.0
64	100	2.0
64	109	2.0
64	110	1.0
64	113	7.0
64	116	7.0
64	117	2.0
64	118	1.0
64	141	3.0
64	145	11.0
64	152	1.0
65	65	371.0
65	66	8.0
65	68	1.0
65	70	2.0
65	75	1.0
65	76	1.0
65	81	1.0
65	88	2.0
65	115	10.0
65	116	6.0
65	117	4.0
65	118	2.0
65	119	2.0
65	120	4.0
65	121	5.0
65	122	8.0
65	123	9.0
65	124	3.0
65	138	1.0
65	139	3.0
65	140	4.0
65	143	1.0
65	146	1.0
65	150	1.0
66	66	414.0
66	67	9.0
66	68	15.0
66	69	9.0
66	70	9.0
66	71	4.0
66	72	4.0
66	74	1.0
66	75	2.0
66	76	1.0
66	77	1.0
66	87	1.0
66	102	13.0
66	103	2.0
66	105	1.0
66	116	1.0
66	117	5.0
66	119	1.0
66	121	10.0
66	131	1.0
66	138	1.0
66	139	3.0
66	156	2.0
66	158	13.0
67	67	460.0
67	68	80.0
67	69	40.0
67	70	21.0
67	71	25.0
67	72	1.0
67	75	2.0
67	79	7.0
67	80	4.0
67	91	1.0
67	99	1.0
67	103	15.0
67	107	2.0
67	109	1.0
67	117	5.0
67	118	8.0
67	120	1.0
67	126	1.0
67	133	1.0
67	156	2.0
67	158	5.0
68	68	509.0
68	69	36.0
68	70	26.0
68	71	12.0
68	75	1.0
68	76	2.0
68	79	12.0
68	80	5.0
68	100	1.0
68	103	6.0
68	114	1.0
68	117	7.0
68	118	9.0
68	119	1.0
68	120	1.0
68	123	4.0
68	130	1.0
68	139	1.0
68	155	1.0
68	158	11.0
68	159	1.0
69	69	513.0
69	70	41.0
69	71	17.0
69	75	7.0
69	77	5.0
69	79	4.0
69	82	2.0
69	83	1.0
69	85	1.0
69	102	1.0
69	103	3.0
69	104	1.0
69	105	13.0
69	106	1.0
69	107	2.0
69	108	1.0
69	109	1.0
69	116	1.0
69	117	24.0
69	118	7.0
69	125	1.0
69	128	1.0
69	148	2.0
70	70	528.0
70	71	23.0
70	72	7.0
70	75	19.0
70	76	3.0
70	77	5.0
70	78	8.0
70	79	12.0
70	90	1.0
70	97	1.0
70	103	6.0
70	104	12.0
70	105	33.0
70	117	6.0
70	118	5.0
70	119	2.0
70	120	11.0
70	121	1.0
70	132	1.0
70	140	1.0
71	71	499.0
71	72	8.0
71	76	13.0
71	77	5.0
71	80	2.0
71	100	1.0
71	102	4.0
71	103	23.0
71	104	18.0
71	119	1.0
71	120	4.0
71	157	1.0
71	158	2.0
71	159	1.0
72	72	251.0
72	73	2.0
72	74	3.0
72	75	9.0
72	76	6.0
72	77	6.0
72	78	12.0
72	99	1.0
72	102	6.0
72	103	9.0
72	104	4.0
72	105	3.0
72	114	1.0
72	121	1.0
72	125	1.0
73	73	579.0
73	74	14.0
73	75	20.0
73	83	1.0
73	100	3.0
73	122	1.0
73	150	1.0
73	155	1.0
74	74	88.0
74	75	1.0
74	101	1.0
74	137	1.0
75	75	450.0
75	76	4.0
75	80	1.0
75	82	1.0
75	83	1.0
75	89	2.0
75	97	1.0
75	102	3.0
75	103	11.0
75	104	5.0
75	105	8.0
75	107	6.0
75	118	1.0
76	76	210.0
76	77	10.0
76	78	1.0
76	79	1.0
76	80	3.0
76	82	1.0
76	88	1.0
76	96	4.0
76	97	3.0
76	98	3.0
76	101	1.0
76	102	5.0
76	105	2.0
76	106	1.0
76	107	4.0
76	118	1.0
76	119	6.0
76	120	1.0
76	134	1.0
76	140	1.0
76	145	1.0
76	147	1.0
77	77	515.0
77	78	47.0
77	79	26.0
77	80	4.0
77	82	2.0
77	92	1.0
77	96	3.0
77	97	1.0
77	98	21.0
77	99	2.0
77	104	2.0
77	111	1.0
77	114	1.0
77	116	1.0
77	117	1.0
77	119	2.0
77	120	3.0
77	121	2.0
77	125	1.0
77	130	1.0
77	140	1.0
78	78	413.0
78	79	39.0
78	81	1.0
78	83	2.0
78	96	1.0
78	97	5.0
78	98	6.0
78	119	4.0
78	120	5.0
78	151	1.0
79	79	436.0
79	80	8.0
79	96	4.0
79	97	3.0
79	98	8.0
79	101	2.0
79	106	4.0
79	107	5.0
79	118	3.0
79	119	9.0
79	120	5.0
79	127	1.0
80	80	417.0
80	81	15.0
80	82	6.0
80	83	13.0
80	84	6.0
80	89	1.0
80	90	3.0
80	91	2.0
80	92	3.0
80	93	6.0
80	95	1.0
80	96	3.0
80	97	6.0
80	113	5.0
80	114	2.0
80	117	1.0
80	118	2.0
80	119	14.0
80	120	3.0
80	121	3.0
80	122	3.0
81	81	418.0
81	82	31.0
81	83	36.0
81	84	5.0
81	85	1.0
81	89	12.0
81	90	37.0
81	91	4.0
81	94	2.0
81	95	1.0
81	105	2.0
81	106	15.0
81	107	5.0
81	113	1.0
81	116	1.0
81	119	13.0
81	120	7.0
81	124	1.0
81	135	1.0
82	82	472.0
82	83	54.0
82	84	9.0
82	89	3.0
82	90	13.0
82	98	1.0
82	106	28.0
82	107	8.0
82	108	2.0
82	109	1.0
82	112	1.0
82	116	2.0
82	117	9.0
82	119	14.0
82	120	9.0
82	124	1.0
83	83	428.0
83	84	4.0
83	86	1.0
83	89	4.0
83	90	3.0
83	91	1.0
83	93	1.0
83	96	1.0
83	105	2.0
83	106	12.0
83	107	6.0
83	108	1.0
83	117	4.0
83	119	7.0
83	120	3.0
83	145	1.0
84	84	396.0
84	85	43.0
84	86	6.0
84	87	19.0
84	88	2.0
84	89	5.0
84	90	9.0
84	91	12.0
84	92	11.0
84	93	18.0
84	95	2.0
84	96	7.0
84	97	8.0
84	99	1.0
84	106	5.0
84	151	1.0
85	85	367.0
85	86	40.0
85	87	19.0
85	88	9.0
85	89	10.0
85	90	5.0
85	91	17.0
85	92	25.0
85	93	9.0
85	94	13.0
85	95	7.0
85	96	7.0
85	97	4.0
85	98	1.0
85	103	1.0
85	106	1.0
85	107	1.0
85	112	1.0
85	124	8.0
85	125	8.0
85	126	11.0
85	146	1.0
85	148	1.0
86	86	486.0
86	87	28.0
86	89	6.0
86	90	5.0
86	91	1.0
86	92	4.0
86	93	4.0
86	94	22.0
86	95	10.0
86	96	22.0
86	97	8.0
86	98	1.0
86	105	1.0
86	107	4.0
86	123	1.0
86	124	4.0
86	125	6.0
86	126	12.0
86	127	10.0
86	138	1.0
86	141	2.0
87	87	461.0
87	88	29.0
87	89	25.0
87	90	15.0
87	91	20.0
87	92	14.0
87	93	15.0
87	94	4.0
87	95	5.0
87	96	1.0
87	98	1.0
87	119	1.0
87	121	1.0
87	123	3.0
87	124	1.0
87	125	7.0
87	126	15.0
87	136	5.0
87	137	4.0
87	138	1.0
88	88	454.0
88	89	26.0
88	90	1.0
88	91	7.0
88	92	7.0
88	98	2.0
88	101	1.0
88	111	1.0
88	113	2.0
88	114	5.0
88	115	10.0
88	116	2.0
88	122	2.0
88	135	6.0
88	136	14.0
88	137	13.0
89	89	452.0
89	90	40.0
89	91	16.0
89	92	11.0
89	95	2.0
89	96	1.0
89	105	2.0
89	107	5.0
89	113	1.0
89	114	3.0
89	115	3.0
89	116	2.0
89	131	1.0
89	135	1.0
89	136	2.0
89	137	9.0
89	139	1.0
89	152	1.0
90	90	485.0
90	91	41.0
90	92	6.0
90	93	2.0
90	94	5.0
90	95	18.0
90	97	1.0
90	105	8.0
90	106	1.0
90	107	5.0
90	116	3.0
90	122	1.0
90	127	1.0
90	129	1.0
90	131	1.0
90	135	2.0
90	137	1.0
90	157	1.0
91	91	478.0
91	92	36.0
91	93	3.0
91	94	7.0
91	95	4.0
91	96	2.0
91	97	1.0
91	103	1.0
91	113	1.0
91	115	1.0
91	128	1.0
91	129	1.0
91	130	1.0
91	134	1.0
91	135	5.0
91	136	1.0
91	137	3.0
91	138	1.0
91	139	1.0
91	158	1.0
92	92	484.0
92	93	30.0
92	94	15.0
92	95	15.0
92	96	17.0
92	97	9.0
92	121	1.0
92	122	1.0
92	130	1.0
92	135	2.0
92	137	2.0
92	138	3.0
93	93	463.0
93	94	51.0
93	95	16.0
93	96	11.0
93	97	4.0
93	104	1.0
93	107	1.0
93	113	3.0
93	145	1.0
94	94	451.0
94	95	36.0
94	96	6.0
94	97	1.0
94	98	1.0
94	118	1.0
94	123	1.0
94	124	2.0
94	125	2.0
94	126	1.0
94	154	1.0
94	157	1.0
95	95	443.0
95	96	38.0
95	97	13.0
95	98	10.0
95	121	2.0
95	129	1.0
96	96	423.0
96	97	16.0
96	98	13.0
96	99	3.0
96	105	2.0
96	106	1.0
97	97	439.0
97	98	26.0
97	99	14.0
97	107	7.0
97	124	1.0
97	131	1.0
97	140	1.0
97	158	4.0
98	98	499.0
98	99	18.0
98	100	1.0
98	105	2.0
98	106	3.0
98	107	2.0
98	111	1.0
98	121	1.0
98	127	1.0
98	128	1.0
98	148	1.0
98	155	1.0
99	99	515.0
99	100	34.0
99	120	1.0
99	145	1.0
99	150	1.0
100	100	538.0
100	101	46.0
100	102	4.0
100	110	1.0
100	128	2.0
100	132	1.0
100	143	1.0
100	150	1.0
100	158	1.0
101	101	507.0
101	102	10.0
101	107	1.0
101	110	2.0
101	124	2.0
101	129	1.0
101	132	2.0
101	158	5.0
102	102	312.0
102	103	2.0
102	104	4.0
102	128	2.0
102	155	3.0
102	156	2.0
102	158	2.0
103	103	483.0
103	104	38.0
103	105	2.0
103	124	1.0
103	129	1.0
103	131	5.0
103	132	2.0
103	139	1.0
103	149	1.0
103	151	8.0
103	152	28.0
103	153	4.0
103	154	3.0
103	155	6.0
103	156	9.0
103	157	1.0
103	158	1.0
103	159	1.0
104	104	501.0
104	105	20.0
104	118	1.0
104	120	1.0
104	129	13.0
104	131	2.0
104	132	3.0
104	133	4.0
104	134	4.0
104	151	2.0
104	152	4.0
104	153	7.0
104	155	1.0
104	156	1.0
104	157	1.0
105	105	489.0
105	106	10.0
105	107	4.0
105	108	1.0
105	117	2.0
105	121	2.0
105	127	1.0
105	128	3.0
105	129	6.0
105	130	10.0
105	131	16.0
105	132	3.0
105	133	5.0
105	134	14.0
105	135	1.0
105	141	8.0
105	142	10.0
105	143	1.0
105	147	1.0
105	149	4.0
105	154	6.0
105	155	2.0
105	156	1.0
105	157	18.0
106	106	439.0
106	107	24.0
106	108	3.0
106	116	1.0
106	117	10.0
106	119	8.0
106	120	9.0
106	124	1.0
106	128	2.0
106	131	9.0
106	133	1.0
106	134	17.0
106	141	4.0
106	142	10.0
106	143	5.0
106	147	5.0
106	148	13.0
106	150	10.0
106	158	3.0
107	107	505.0
107	108	7.0
107	109	2.0
107	111	1.0
107	116	6.0
107	117	7.0
107	119	2.0
107	123	1.0
107	144	5.0
107	145	1.0
107	147	9.0
107	148	3.0
107	149	3.0
107	150	13.0
107	152	1.0
108	108	437.0
108	109	22.0
108	110	13.0
108	111	13.0
108	112	5.0
108	113	13.0
108	114	1.0
108	116	20.0
108	117	33.0
108	118	14.0
108	120	6.0
108	142	1.0
108	143	2.0
108	144	4.0
108	147	2.0
108	153	1.0
108	155	1.0
108	158	1.0
109	109	416.0
109	110	20.0
109	111	1.0
109	112	9.0
109	113	12.0
109	116	9.0
109	117	7.0
109	118	23.0
109	119	4.0
109	120	10.0
109	122	5.0
109	124	1.0
109	132	2.0
109	136	1.0
109	158	1.0
110	110	448.0
110	111	34.0
110	112	46.0
110	113	14.0
110	116	1.0
110	118	4.0
110	124	2.0
110	143	5.0
111	111	484.0
111	112	67.0
111	113	3.0
111	117	1.0
111	143	3.0
111	144	1.0
112	112	445.0
112	113	6.0
112	118	2.0
112	122	1.0
112	143	5.0
112	155	1.0
113	113	427.0
113	114	3.0
113	115	12.0
113	116	3.0
113	118	5.0
113	119	2.0
113	120	1.0
113	122	5.0
113	123	1.0
113	133	2.0
113	135	9.0
113	137	2.0
113	138	1.0
113	143	1.0
113	144	1.0
114	114	419.0
114	115	41.0
114	116	30.0
114	123	2.0
114	124	2.0
114	125	1.0
114	134	1.0
114	135	8.0
114	136	5.0
114	137	14.0
114	142	1.0
115	115	431.0
115	116	16.0
115	119	1.0
115	123	17.0
115	124	17.0
115	125	1.0
115	135	15.0
115	136	1.0
115	137	10.0
115	138	4.0
115	142	3.0
116	116	476.0
116	117	11.0
116	118	7.0
116	119	3.0
116	120	15.0
116	121	2.0
116	122	10.0
116	123	4.0
116	135	8.0
116	137	7.0
116	151	1.0
117	117	458.0
117	118	32.0
117	119	6.0
117	120	9.0
117	123	2.0
117	155	1.0
118	118	460.0
118	119	9.0
118	120	15.0
118	122	4.0
118	124	1.0
118	155	1.0
119	119	458.0
119	120	43.0
119	121	1.0
119	122	9.0
119	157	1.0
120	120	448.0
120	121	3.0
120	122	22.0
120	123	2.0
120	125	1.0
120	129	1.0
120	136	1.0
120	141	2.0
120	158	2.0
121	121	461.0
121	122	14.0
121	128	2.0
121	132	1.0
121	134	1.0
121	138	1.0
121	155	1.0
122	122	466.0
122	123	17.0
122	131	1.0
122	134	1.0
122	158	6.0
123	123	452.0
123	124	19.0
123	125	10.0
123	126	22.0
123	127	7.0
123	156	1.0
123	157	6.0
123	158	17.0
123	159	3.0
124	124	410.0
124	125	50.0
124	126	13.0
124	127	9.0
124	128	2.0
124	135	1.0
124	155	1.0
124	156	3.0
124	157	2.0
124	158	1.0
125	125	450.0
125	126	27.0
125	127	4.0
125	132	1.0
125	156	1.0
125	157	3.0
125	158	5.0
126	126	456.0
126	127	31.0
126	128	11.0
126	129	6.0
126	156	1.0
126	157	1.0
127	127	619.0
127	128	21.0
127	129	9.0
127	130	7.0
127	131	1.0
127	134	3.0
127	143	1.0
127	145	1.0
127	156	1.0
127	157	2.0
127	158	1.0
128	128	466.0
128	129	59.0
128	130	28.0
128	131	5.0
128	134	1.0
128	135	1.0
128	152	1.0
128	154	1.0
128	157	1.0
129	129	506.0
129	130	32.0
129	131	6.0
129	132	3.0
129	133	6.0
129	134	2.0
129	141	1.0
129	147	2.0
129	151	2.0
129	152	3.0
129	155	1.0
129	157	2.0
130	130	458.0
130	131	20.0
130	133	4.0
130	134	1.0
130	135	6.0
130	136	1.0
130	137	5.0
130	141	2.0
130	142	1.0
130	145	1.0
130	149	1.0
130	151	1.0
130	152	1.0
130	156	3.0
131	131	515.0
131	132	50.0
131	133	13.0
131	134	16.0
131	135	1.0
131	138	1.0
131	141	4.0
131	150	1.0
131	151	3.0
131	152	4.0
131	153	5.0
131	154	12.0
131	155	7.0
131	157	3.0
132	132	527.0
132	133	27.0
132	134	3.0
132	137	1.0
132	151	3.0
132	152	13.0
132	153	2.0
132	154	4.0
132	155	25.0
132	156	19.0
132	157	1.0
132	158	1.0
133	133	468.0
133	134	30.0
133	138	1.0
133	150	2.0
133	152	3.0
133	153	1.0
133	154	2.0
133	155	8.0
133	156	14.0
133	157	10.0
133	158	7.0
134	134	460.0
134	135	24.0
134	137	1.0
134	138	5.0
134	141	3.0
134	142	5.0
134	143	4.0
134	145	1.0
134	149	1.0
134	152	1.0
134	157	5.0
135	135	464.0
135	136	13.0
135	137	21.0
135	138	6.0
135	140	1.0
135	141	1.0
135	142	4.0
135	148	1.0
135	158	1.0
136	136	391.0
136	137	28.0
136	142	6.0
136	145	1.0
137	137	451.0
137	138	18.0
137	139	7.0
137	140	1.0
137	141	2.0
137	142	5.0
137	150	2.0
138	138	485.0
138	139	20.0
138	140	29.0
138	141	21.0
138	155	1.0
138	157	1.0
139	139	560.0
139	140	46.0
139	141	1.0
139	145	1.0
140	140	431.0
140	141	36.0
140	144	1.0
140	150	1.0
140	154	2.0
141	141	460.0
141	142	22.0
141	147	1.0
142	142	435.0
142	143	17.0
142	144	1.0
142	145	2.0
142	147	4.0
142	149	5.0
142	150	5.0
142	154	1.0
143	143	265.0
143	144	9.0
143	145	7.0
143	147	3.0
143	148	7.0
143	149	6.0
143	150	3.0
144	144	412.0
144	145	7.0
144	146	47.0
144	147	24.0
144	148	15.0
144	150	10.0
145	145	376.0
145	146	29.0
145	147	34.0
145	148	18.0
145	149	2.0
145	150	1.0
146	146	455.0
146	147	37.0
146	148	18.0
146	153	1.0
147	147	474.0
147	148	10.0
147	150	6.0
148	148	499.0
148	149	21.0
148	150	23.0
149	149	448.0
149	150	17.0
149	151	2.0
149	152	5.0
149	153	6.0
149	154	1.0
149	156	1.0
149	157	6.0
149	158	4.0
150	150	555.0
150	151	13.0
150	153	1.0
150	154	1.0
150	157	2.0
151	151	579.0
151	152	36.0
151	153	6.0
151	155	7.0
151	157	1.0
152	152	452.0
152	153	33.0
152	154	8.0
152	155	19.0
152	156	8.0
152	157	5.0
153	153	434.0
153	154	37.0
153	155	2.0
153	157	1.0
153	158	1.0
154	154	502.0
154	155	43.0
154	157	4.0
154	158	1.0
155	155	584.0
155	156	38.0
155	157	4.0
156	156	529.0
156	157	20.0
156	158	4.0
157	157	555.0
157	158	34.0
158	158	545.0
158	159	2.0
159	159	66.0
160	1	10.0
160	2	13.0
160	3	10.0
160	4	9.0
160	5	4.0
160	6	1.0
160	22	1.0
160	37	1.0
160	67	2.0
160	70	1.0
160	78	1.0
160	86	2.0
160	92	1.0
160	121	4.0
160	122	6.0
160	123	2.0
160	131	1.0
160	158	3.0
160	160	538.0
