1	1	661.0
1	2	15.0
1	4	1.0
1	6	1.0
1	22	1.0
1	74	1.0
1	83	1.0
2	2	598.0
2	3	8.0
2	10	1.0
2	17	1.0
2	64	1.0
2	68	1.0
2	84	1.0
3	3	631.0
3	4	30.0
3	5	1.0
3	6	3.0
3	7	1.0
3	26	2.0
3	31	1.0
3	79	1.0
3	89	1.0
4	4	588.0
4	5	32.0
4	6	8.0
4	7	2.0
4	8	1.0
4	10	1.0
4	17	1.0
4	25	1.0
4	26	13.0
4	27	7.0
4	30	1.0
5	5	538.0
5	6	38.0
5	7	1.0
5	8	4.0
5	9	5.0
5	10	3.0
5	16	1.0
5	25	19.0
5	26	12.0
5	27	8.0
5	64	1.0
6	6	496.0
6	7	11.0
6	8	23.0
6	10	8.0
6	11	3.0
6	12	5.0
6	14	1.0
6	25	13.0
6	26	30.0
6	27	9.0
6	67	2.0
7	7	512.0
7	8	45.0
7	9	14.0
7	10	7.0
7	11	9.0
7	12	19.0
7	13	7.0
7	14	2.0
7	15	2.0
7	25	3.0
7	26	3.0
7	27	1.0
7	31	1.0
7	63	1.0
7	64	1.0
8	8	484.0
8	9	34.0
8	10	8.0
8	11	7.0
8	12	12.0
8	13	5.0
8	20	1.0
8	23	2.0
8	25	16.0
8	26	15.0
8	27	2.0
8	56	1.0
9	9	526.0
9	10	42.0
9	11	14.0
9	12	11.0
9	20	1.0
9	21	1.0
9	24	1.0
9	25	7.0
9	26	10.0
9	27	2.0
9	59	1.0
9	68	1.0
10	10	496.0
10	11	17.0
10	12	4.0
10	25	20.0
10	26	1.0
10	27	10.0
10	61	1.0
10	74	1.0
11	11	579.0
11	12	35.0
11	17	1.0
11	20	2.0
11	22	3.0
11	24	1.0
11	25	6.0
11	29	1.0
11	33	1.0
11	88	2.0
11	89	1.0
12	12	554.0
12	13	35.0
12	14	12.0
12	15	2.0
12	27	5.0
12	28	1.0
12	35	1.0
12	60	1.0
13	13	545.0
13	14	32.0
13	15	14.0
13	16	6.0
13	17	4.0
13	18	7.0
13	20	2.0
13	22	1.0
13	27	1.0
13	28	3.0
13	57	1.0
14	14	401.0
14	15	4.0
14	17	5.0
14	18	2.0
14	21	1.0
14	25	1.0
14	27	4.0
14	28	1.0
14	68	1.0
15	15	363.0
15	16	13.0
15	17	19.0
15	18	12.0
15	19	1.0
15	20	1.0
15	29	2.0
15	70	4.0
16	16	239.0
16	17	31.0
16	18	12.0
17	17	603.0
17	18	9.0
17	19	1.0
17	26	1.0
17	28	1.0
17	57	1.0
18	18	204.0
18	19	9.0
18	29	1.0
18	69	1.0
18	71	2.0
18	73	2.0
19	19	555.0
19	20	25.0
19	22	8.0
19	23	3.0
19	24	1.0
19	28	1.0
19	58	1.0
19	73	4.0
19	74	2.0
19	82	1.0
19	88	1.0
20	20	522.0
20	21	28.0
20	22	13.0
20	23	4.0
20	24	23.0
20	25	4.0
20	27	6.0
20	28	1.0
20	46	1.0
20	48	1.0
20	68	1.0
20	77	1.0
21	21	325.0
21	22	42.0
21	23	6.0
21	24	12.0
21	29	2.0
21	31	1.0
21	67	1.0
21	88	4.0
22	22	447.0
22	23	25.0
22	24	9.0
22	30	1.0
22	49	1.0
22	50	1.0
23	23	513.0
23	24	42.0
23	25	1.0
23	26	1.0
23	56	1.0
23	60	1.0
23	78	1.0
23	84	4.0
24	24	495.0
24	25	9.0
24	27	2.0
24	84	7.0
25	25	499.0
25	26	16.0
25	27	12.0
25	28	1.0
25	54	1.0
25	55	1.0
25	62	1.0
25	77	3.0
25	81	4.0
25	82	3.0
25	83	14.0
25	84	2.0
25	86	1.0
26	26	495.0
26	27	27.0
26	31	1.0
26	52	1.0
26	53	6.0
26	54	1.0
26	59	1.0
26	62	6.0
26	63	4.0
26	64	1.0
26	65	1.0
26	77	4.0
26	78	1.0
26	79	3.0
26	80	3.0
26	81	6.0
26	82	6.0
26	83	5.0
26	84	2.0
26	89	1.0
27	27	600.0
27	28	10.0
27	46	1.0
27	53	6.0
27	54	14.0
27	55	1.0
27	61	1.0
27	62	8.0
27	63	2.0
27	64	3.0
27	65	10.0
27	73	1.0
27	74	1.0
27	77	2.0
27	80	2.0
27	82	1.0
27	83	1.0
27	87	1.0
28	28	381.0
28	29	5.0
28	46	1.0
28	48	1.0
28	54	2.0
28	57	3.0
28	58	10.0
28	59	2.0
28	60	4.0
28	61	7.0
28	62	3.0
28	63	4.0
28	64	4.0
28	65	2.0
28	66	1.0
28	69	1.0
28	75	1.0
29	29	337.0
29	30	19.0
29	31	9.0
29	57	1.0
29	58	1.0
29	67	1.0
29	71	1.0
29	88	6.0
30	30	542.0
30	31	4.0
30	61	1.0
31	31	528.0
31	32	1.0
31	33	2.0
31	48	1.0
31	74	1.0
31	77	1.0
31	81	1.0
32	32	262.0
32	33	4.0
32	34	2.0
32	35	1.0
32	83	1.0
33	33	279.0
33	34	15.0
33	35	3.0
33	46	48.0
33	67	1.0
33	72	1.0
33	73	1.0
33	80	1.0
33	87	1.0
34	34	458.0
34	35	12.0
34	46	31.0
35	35	154.0
35	46	3.0
46	46	727.0
46	47	8.0
46	48	4.0
46	49	10.0
46	50	1.0
46	60	1.0
46	66	1.0
46	70	1.0
47	47	427.0
47	48	33.0
47	49	3.0
47	68	1.0
48	48	457.0
48	49	17.0
48	50	7.0
48	51	2.0
48	52	3.0
48	53	3.0
48	54	2.0
48	56	6.0
48	57	6.0
48	58	3.0
48	66	1.0
48	73	1.0
48	85	3.0
49	49	646.0
49	50	17.0
49	51	3.0
49	52	1.0
49	54	1.0
49	56	3.0
49	57	9.0
49	58	9.0
49	74	1.0
50	50	600.0
50	51	32.0
50	52	14.0
50	53	1.0
50	54	1.0
50	55	1.0
50	56	13.0
50	57	14.0
50	58	9.0
50	72	2.0
50	84	2.0
50	88	1.0
51	51	492.0
51	52	27.0
51	53	2.0
51	54	5.0
51	55	10.0
51	56	1.0
51	57	2.0
51	58	4.0
51	59	4.0
51	60	2.0
51	61	4.0
51	66	5.0
51	73	1.0
51	84	1.0
51	86	2.0
51	87	1.0
51	88	2.0
52	52	485.0
52	53	9.0
52	54	10.0
52	55	9.0
52	57	3.0
52	58	1.0
52	59	1.0
52	61	2.0
52	62	4.0
52	63	3.0
52	72	3.0
52	73	2.0
52	81	1.0
52	83	2.0
52	84	1.0
52	87	3.0
53	53	453.0
53	54	18.0
53	55	13.0
53	57	1.0
53	58	2.0
53	61	1.0
53	62	3.0
53	63	1.0
53	65	1.0
53	66	4.0
53	71	3.0
53	72	10.0
53	73	19.0
53	75	8.0
53	76	1.0
53	77	3.0
53	79	4.0
53	82	2.0
53	83	1.0
53	86	17.0
53	89	1.0
54	54	533.0
54	55	31.0
54	58	2.0
54	59	1.0
54	61	4.0
54	62	22.0
54	63	19.0
54	64	1.0
54	65	3.0
54	72	3.0
54	73	3.0
54	75	6.0
54	76	6.0
54	77	14.0
54	79	6.0
54	81	2.0
54	82	6.0
54	86	5.0
54	87	6.0
54	88	1.0
55	55	551.0
55	56	16.0
55	59	3.0
55	62	10.0
55	63	1.0
55	71	1.0
55	72	9.0
55	73	9.0
55	76	13.0
55	77	4.0
55	79	1.0
55	80	2.0
55	81	1.0
55	83	1.0
55	85	3.0
55	86	2.0
55	87	9.0
56	56	553.0
56	57	33.0
56	58	12.0
56	63	1.0
56	65	2.0
56	66	8.0
56	71	2.0
56	72	1.0
56	74	2.0
56	75	11.0
56	76	15.0
56	79	5.0
56	80	5.0
56	82	1.0
56	83	1.0
56	84	5.0
56	85	6.0
57	57	598.0
57	58	12.0
57	62	1.0
57	63	1.0
57	64	3.0
57	65	4.0
57	66	2.0
57	73	3.0
57	74	7.0
57	75	4.0
57	76	1.0
57	84	1.0
58	58	486.0
58	59	10.0
58	60	3.0
58	61	4.0
58	62	1.0
58	63	9.0
58	64	12.0
58	65	7.0
58	66	6.0
58	69	1.0
58	74	2.0
58	75	16.0
58	78	1.0
58	79	2.0
58	83	1.0
58	84	4.0
58	86	1.0
58	89	1.0
59	59	466.0
59	60	38.0
59	61	21.0
59	62	6.0
59	63	19.0
59	64	12.0
59	65	10.0
59	66	1.0
59	73	1.0
59	81	1.0
59	86	2.0
59	87	2.0
59	88	3.0
60	60	443.0
60	61	40.0
60	62	12.0
60	63	11.0
60	64	13.0
60	65	9.0
60	66	2.0
60	73	1.0
60	80	1.0
60	86	1.0
60	88	3.0
60	89	1.0
61	61	446.0
61	62	14.0
61	63	16.0
61	64	1.0
61	77	1.0
61	86	4.0
61	87	1.0
62	62	464.0
62	63	25.0
62	64	4.0
62	65	7.0
62	66	3.0
62	74	1.0
62	76	7.0
62	77	13.0
62	80	3.0
62	83	5.0
62	87	2.0
62	88	2.0
63	63	428.0
63	64	22.0
63	65	22.0
63	66	12.0
63	74	1.0
63	76	1.0
63	78	1.0
64	64	427.0
64	65	29.0
64	66	4.0
64	75	8.0
64	79	2.0
64	81	1.0
64	87	1.0
64	88	2.0
65	65	553.0
65	66	27.0
65	68	3.0
65	74	1.0
65	75	1.0
65	76	6.0
65	77	1.0
65	79	3.0
65	89	1.0
66	66	533.0
66	67	15.0
66	74	1.0
66	75	7.0
66	76	7.0
66	77	2.0
66	79	3.0
66	80	1.0
66	88	3.0
66	89	18.0
67	67	622.0
67	68	73.0
67	69	11.0
67	70	3.0
67	72	1.0
67	74	1.0
67	75	1.0
67	83	1.0
67	88	14.0
67	89	28.0
68	68	536.0
68	69	33.0
68	72	4.0
68	74	2.0
68	79	1.0
68	89	1.0
68	90	6.0
69	69	476.0
69	70	15.0
69	71	1.0
69	72	15.0
69	73	1.0
69	74	5.0
69	76	1.0
69	90	8.0
70	70	411.0
70	71	10.0
70	74	10.0
71	71	412.0
71	72	22.0
71	73	11.0
71	74	5.0
71	78	1.0
71	85	4.0
71	86	7.0
72	72	493.0
72	73	35.0
72	74	12.0
72	79	1.0
72	85	8.0
72	87	9.0
72	90	1.0
73	73	564.0
73	74	12.0
73	76	1.0
73	86	5.0
73	87	1.0
74	74	469.0
74	75	19.0
74	77	5.0
74	89	3.0
75	75	489.0
75	76	25.0
75	77	5.0
75	78	1.0
75	79	8.0
75	83	1.0
75	89	4.0
76	76	478.0
76	77	25.0
76	78	1.0
76	79	12.0
76	80	6.0
76	84	1.0
77	77	550.0
77	78	15.0
77	79	6.0
77	80	3.0
77	81	14.0
77	82	3.0
77	83	4.0
77	84	8.0
78	78	507.0
78	79	61.0
78	80	22.0
78	81	10.0
78	82	6.0
78	83	2.0
78	89	1.0
79	79	558.0
79	80	33.0
79	81	15.0
79	82	2.0
79	83	3.0
79	84	2.0
79	85	1.0
79	86	1.0
79	89	1.0
80	80	555.0
80	81	20.0
80	82	7.0
80	83	4.0
80	84	4.0
80	86	1.0
81	81	548.0
81	82	7.0
81	83	16.0
81	84	30.0
81	85	2.0
81	86	1.0
82	82	564.0
82	83	69.0
82	84	7.0
82	85	2.0
83	83	547.0
83	84	26.0
83	85	2.0
83	88	2.0
84	84	581.0
84	85	9.0
85	85	600.0
85	86	38.0
85	87	28.0
86	86	592.0
86	87	41.0
87	87	632.0
87	88	7.0
88	88	575.0
88	89	25.0
88	90	1.0
89	89	624.0
90	90	95.0
91	1	15.0
91	2	2.0
91	3	1.0
91	55	1.0
91	66	1.0
91	87	1.0
91	89	1.0
91	91	637.0
