1	1	541.0
1	2	22.0
1	3	12.0
1	4	5.0
1	7	1.0
1	8	2.0
1	64	1.0
1	98	9.0
1	99	1.0
1	100	6.0
1	101	4.0
1	102	1.0
1	114	1.0
1	115	1.0
1	130	2.0
1	131	1.0
1	132	4.0
1	140	4.0
1	152	1.0
1	155	9.0
1	156	9.0
1	157	3.0
2	2	560.0
2	3	22.0
2	4	7.0
2	5	1.0
2	7	2.0
2	26	1.0
2	33	4.0
2	45	1.0
2	61	1.0
2	63	2.0
2	65	1.0
2	77	1.0
2	82	1.0
2	94	2.0
2	98	5.0
2	110	1.0
2	112	1.0
2	132	1.0
2	137	1.0
2	140	1.0
2	143	1.0
2	149	1.0
2	152	1.0
2	155	5.0
2	156	4.0
2	157	2.0
2	158	1.0
3	3	475.0
3	4	36.0
3	5	4.0
3	6	2.0
3	7	5.0
3	8	5.0
3	10	1.0
3	26	1.0
3	34	4.0
3	35	4.0
3	37	1.0
3	55	6.0
3	56	4.0
3	61	8.0
3	62	2.0
3	63	16.0
3	64	1.0
3	136	1.0
3	145	1.0
3	152	5.0
3	154	4.0
3	155	15.0
3	156	8.0
3	158	1.0
4	4	500.0
4	5	28.0
4	6	2.0
4	7	4.0
4	8	7.0
4	14	1.0
4	16	1.0
4	18	1.0
4	34	5.0
4	35	2.0
4	36	1.0
4	56	5.0
4	57	1.0
4	61	5.0
4	62	3.0
4	63	10.0
4	64	1.0
4	66	1.0
4	69	2.0
4	70	1.0
4	76	1.0
4	81	1.0
4	128	2.0
4	142	1.0
4	151	3.0
4	152	10.0
4	153	7.0
4	156	8.0
5	5	418.0
5	6	15.0
5	7	1.0
5	13	1.0
5	15	8.0
5	22	1.0
5	29	3.0
5	30	3.0
5	35	1.0
5	40	2.0
5	57	2.0
5	64	1.0
5	66	3.0
5	69	2.0
5	75	1.0
5	76	1.0
5	77	3.0
5	81	1.0
5	83	1.0
5	98	1.0
5	109	1.0
5	129	1.0
5	137	1.0
5	145	1.0
5	150	9.0
5	151	15.0
5	158	1.0
6	6	388.0
6	7	21.0
6	8	8.0
6	12	7.0
6	13	5.0
6	14	4.0
6	15	10.0
6	16	9.0
6	18	1.0
6	22	2.0
6	29	3.0
6	30	10.0
6	36	1.0
6	40	6.0
6	48	1.0
6	50	1.0
6	51	10.0
6	52	2.0
6	53	2.0
6	54	4.0
6	55	2.0
6	76	1.0
6	77	1.0
6	78	1.0
6	151	1.0
6	154	1.0
6	156	2.0
7	7	399.0
7	8	30.0
7	9	9.0
7	10	11.0
7	11	3.0
7	12	5.0
7	13	4.0
7	14	1.0
7	15	3.0
7	29	7.0
7	37	1.0
7	47	1.0
7	50	13.0
7	51	9.0
7	52	9.0
7	54	2.0
7	63	1.0
7	66	3.0
7	69	1.0
7	75	1.0
7	98	1.0
7	149	1.0
7	153	2.0
7	154	2.0
7	155	2.0
7	156	10.0
7	157	4.0
7	158	1.0
8	8	411.0
8	9	36.0
8	10	34.0
8	11	6.0
8	12	18.0
8	13	14.0
8	14	8.0
8	16	1.0
8	27	1.0
8	29	2.0
8	30	2.0
8	33	1.0
8	36	3.0
8	37	2.0
8	38	1.0
8	43	1.0
8	49	3.0
8	50	3.0
8	51	1.0
8	52	1.0
8	64	1.0
8	98	1.0
8	103	2.0
8	152	1.0
8	154	1.0
8	157	4.0
9	9	364.0
9	10	33.0
9	11	14.0
9	12	17.0
9	13	3.0
9	14	10.0
9	15	1.0
9	24	2.0
9	37	1.0
9	38	1.0
9	42	1.0
9	44	1.0
9	48	3.0
9	49	3.0
9	50	2.0
9	51	2.0
9	52	9.0
9	64	5.0
9	67	1.0
9	147	1.0
9	150	1.0
10	10	411.0
10	11	25.0
10	12	3.0
10	13	2.0
10	14	4.0
10	32	1.0
10	33	3.0
10	36	6.0
10	37	12.0
10	38	2.0
10	40	1.0
10	41	2.0
10	49	3.0
10	50	4.0
10	52	5.0
10	57	1.0
10	67	4.0
10	78	1.0
10	79	2.0
10	80	1.0
10	121	1.0
10	127	1.0
11	11	382.0
11	12	35.0
11	13	17.0
11	14	18.0
11	15	2.0
11	16	5.0
11	18	2.0
11	25	1.0
11	46	1.0
11	51	1.0
11	68	2.0
11	73	2.0
11	79	2.0
11	80	1.0
11	97	1.0
11	158	3.0
12	12	409.0
12	13	44.0
12	14	32.0
12	15	13.0
12	16	5.0
12	17	2.0
12	18	1.0
12	22	1.0
12	43	1.0
12	49	5.0
12	52	1.0
12	66	2.0
12	68	3.0
12	105	2.0
12	115	1.0
12	135	1.0
12	148	2.0
12	157	2.0
12	158	1.0
13	13	362.0
13	14	48.0
13	15	20.0
13	16	18.0
13	18	2.0
13	19	3.0
13	21	1.0
13	22	2.0
13	37	1.0
13	42	9.0
13	43	1.0
13	54	1.0
13	63	1.0
13	66	2.0
13	75	1.0
13	152	2.0
14	14	372.0
14	15	14.0
14	16	26.0
14	17	2.0
14	18	3.0
14	20	1.0
14	21	2.0
14	22	3.0
14	42	2.0
14	43	2.0
14	48	7.0
14	49	4.0
14	66	6.0
14	93	2.0
14	158	1.0
15	15	415.0
15	16	26.0
15	18	1.0
15	20	1.0
15	21	9.0
15	22	10.0
15	23	2.0
15	25	1.0
15	30	1.0
15	44	1.0
15	45	7.0
15	46	13.0
15	48	5.0
15	52	1.0
15	56	2.0
15	64	3.0
15	65	8.0
15	66	14.0
15	70	1.0
15	76	6.0
15	81	6.0
15	82	1.0
15	83	1.0
15	97	1.0
15	99	1.0
15	117	1.0
16	16	423.0
16	17	12.0
16	18	18.0
16	19	5.0
16	20	4.0
16	21	11.0
16	22	7.0
16	23	2.0
16	40	1.0
16	41	3.0
16	42	13.0
16	43	17.0
16	44	4.0
16	47	1.0
16	64	2.0
16	65	2.0
16	66	2.0
16	76	1.0
16	81	1.0
16	127	1.0
16	141	1.0
17	17	388.0
17	18	58.0
17	19	13.0
17	20	8.0
17	21	6.0
17	22	6.0
17	23	1.0
17	37	1.0
17	38	1.0
17	42	9.0
17	43	6.0
17	44	17.0
17	47	8.0
17	48	8.0
17	77	1.0
17	111	1.0
18	18	402.0
18	19	38.0
18	20	18.0
18	21	2.0
18	22	21.0
18	23	1.0
18	37	1.0
18	42	6.0
18	44	3.0
18	45	1.0
18	47	8.0
18	48	6.0
18	67	2.0
18	95	1.0
18	108	1.0
18	109	1.0
18	144	1.0
19	19	438.0
19	20	27.0
19	21	12.0
19	22	25.0
19	23	12.0
19	31	1.0
19	32	3.0
19	34	1.0
19	39	1.0
19	41	5.0
19	42	4.0
19	43	2.0
19	47	2.0
19	129	1.0
19	151	1.0
20	20	449.0
20	21	38.0
20	22	22.0
20	23	10.0
20	31	1.0
20	36	2.0
20	38	1.0
20	40	4.0
20	41	9.0
20	42	2.0
20	47	1.0
20	83	1.0
20	122	1.0
21	21	452.0
21	22	35.0
21	23	10.0
21	24	3.0
21	26	2.0
21	42	1.0
21	45	1.0
21	47	2.0
21	50	1.0
21	53	2.0
21	93	1.0
21	98	1.0
21	100	1.0
21	103	1.0
21	133	1.0
22	22	449.0
22	23	25.0
22	24	2.0
22	37	1.0
22	45	5.0
22	47	7.0
22	48	3.0
22	49	1.0
22	53	1.0
22	55	2.0
22	66	1.0
22	78	1.0
22	90	1.0
22	101	1.0
22	128	1.0
23	23	409.0
23	24	15.0
23	25	7.0
23	30	2.0
23	31	1.0
23	47	5.0
23	64	1.0
23	70	1.0
23	85	1.0
23	133	1.0
24	24	459.0
24	25	18.0
24	26	2.0
24	27	22.0
24	28	3.0
24	29	3.0
24	30	8.0
24	31	4.0
24	32	1.0
24	35	1.0
24	52	1.0
24	73	1.0
24	77	5.0
24	78	10.0
24	79	12.0
25	25	477.0
25	26	43.0
25	27	12.0
25	28	8.0
25	30	2.0
25	31	2.0
25	40	1.0
25	41	5.0
25	44	11.0
25	66	2.0
25	67	11.0
25	68	9.0
25	71	3.0
25	77	4.0
25	79	2.0
25	105	1.0
25	113	1.0
25	115	1.0
26	26	465.0
26	27	23.0
26	28	25.0
26	29	10.0
26	30	3.0
26	31	5.0
26	33	1.0
26	44	2.0
26	45	7.0
26	46	6.0
26	47	1.0
26	64	1.0
26	67	9.0
26	68	5.0
26	71	1.0
26	113	1.0
26	145	1.0
26	157	1.0
27	27	460.0
27	28	28.0
27	29	8.0
27	30	12.0
27	31	3.0
27	32	9.0
27	33	4.0
27	43	1.0
27	44	1.0
27	45	4.0
27	46	8.0
27	55	1.0
27	56	1.0
27	68	2.0
27	79	10.0
27	105	1.0
27	148	1.0
27	155	1.0
28	28	448.0
28	29	46.0
28	30	19.0
28	31	3.0
28	32	3.0
28	33	1.0
28	34	1.0
28	36	2.0
28	45	6.0
28	46	2.0
28	47	1.0
28	53	1.0
28	79	1.0
28	99	1.0
28	116	1.0
28	122	1.0
28	127	1.0
28	139	1.0
28	153	1.0
28	154	2.0
29	29	436.0
29	30	29.0
29	31	6.0
29	32	5.0
29	33	4.0
29	35	1.0
29	36	1.0
29	43	2.0
29	44	5.0
29	45	5.0
29	46	2.0
29	47	3.0
29	151	2.0
29	152	4.0
29	153	1.0
29	154	2.0
29	155	3.0
30	30	444.0
30	31	25.0
30	32	11.0
30	33	5.0
30	34	5.0
30	35	5.0
30	36	3.0
30	37	4.0
30	38	1.0
30	39	1.0
30	43	8.0
30	44	5.0
30	45	3.0
30	49	1.0
30	55	1.0
30	81	10.0
30	84	1.0
30	99	1.0
30	104	1.0
30	126	7.0
30	144	1.0
30	145	1.0
30	146	1.0
30	151	7.0
30	152	7.0
31	31	471.0
31	32	38.0
31	33	2.0
31	34	9.0
31	35	8.0
31	36	5.0
31	37	1.0
31	39	4.0
31	40	1.0
31	68	1.0
31	77	1.0
31	81	2.0
31	123	1.0
31	124	2.0
31	125	4.0
31	126	8.0
31	127	4.0
31	128	10.0
31	144	1.0
31	145	5.0
32	32	383.0
32	33	15.0
32	34	19.0
32	35	8.0
32	36	1.0
32	37	1.0
32	38	2.0
32	39	1.0
32	43	3.0
32	44	1.0
32	65	1.0
32	72	1.0
32	76	1.0
32	78	1.0
32	81	3.0
32	89	2.0
32	93	1.0
32	121	1.0
32	124	2.0
32	125	8.0
32	126	1.0
32	128	1.0
32	143	1.0
32	145	3.0
32	146	3.0
32	147	1.0
32	149	2.0
32	150	10.0
33	33	429.0
33	34	15.0
33	35	2.0
33	36	2.0
33	37	13.0
33	38	7.0
33	39	1.0
33	43	8.0
33	44	2.0
33	46	1.0
33	51	1.0
33	65	3.0
33	66	1.0
33	76	3.0
33	77	5.0
33	78	5.0
33	79	14.0
33	80	2.0
33	91	6.0
33	92	1.0
33	95	1.0
33	135	1.0
33	141	1.0
33	149	1.0
33	150	13.0
34	34	396.0
34	35	37.0
34	36	12.0
34	37	9.0
34	38	1.0
34	39	3.0
34	46	1.0
34	55	1.0
34	77	11.0
34	78	9.0
34	79	8.0
34	80	3.0
34	81	1.0
34	82	2.0
34	124	1.0
34	125	3.0
34	126	4.0
34	128	1.0
34	139	1.0
34	144	6.0
34	145	11.0
34	146	1.0
34	147	2.0
35	35	395.0
35	36	27.0
35	37	7.0
35	39	7.0
35	40	1.0
35	41	2.0
35	53	1.0
35	55	1.0
35	74	1.0
35	77	10.0
35	78	13.0
35	79	7.0
35	80	1.0
35	88	1.0
35	100	1.0
35	125	1.0
35	144	1.0
35	145	3.0
35	150	2.0
35	152	2.0
36	36	450.0
36	37	53.0
36	38	28.0
36	39	18.0
36	40	15.0
36	41	14.0
36	42	3.0
36	43	6.0
36	44	1.0
36	48	1.0
36	65	1.0
36	77	1.0
36	79	9.0
36	80	10.0
36	81	4.0
36	86	1.0
36	87	1.0
36	126	1.0
36	145	3.0
36	157	1.0
37	37	465.0
37	38	31.0
37	39	17.0
37	40	11.0
37	41	3.0
37	42	8.0
37	43	9.0
37	44	3.0
37	50	1.0
37	67	1.0
37	77	3.0
37	78	2.0
37	80	6.0
37	81	6.0
37	82	3.0
37	83	1.0
37	86	3.0
37	98	1.0
37	100	1.0
37	106	1.0
37	120	1.0
37	139	1.0
37	144	3.0
38	38	416.0
38	39	47.0
38	40	20.0
38	41	18.0
38	42	5.0
38	43	14.0
38	44	2.0
38	48	1.0
38	52	1.0
38	56	1.0
38	66	1.0
38	81	11.0
38	82	5.0
38	83	1.0
38	84	6.0
38	85	6.0
38	86	6.0
38	120	1.0
38	124	1.0
39	39	443.0
39	40	11.0
39	41	12.0
39	42	1.0
39	43	4.0
39	44	1.0
39	65	1.0
39	66	2.0
39	74	1.0
39	76	2.0
39	82	2.0
39	83	6.0
39	84	4.0
39	85	5.0
39	86	3.0
39	87	7.0
39	90	1.0
39	125	1.0
39	138	1.0
39	147	2.0
40	40	394.0
40	41	35.0
40	42	16.0
40	43	31.0
40	47	1.0
40	55	1.0
40	56	1.0
40	68	1.0
40	81	1.0
40	84	1.0
40	86	6.0
40	87	3.0
40	99	1.0
40	100	1.0
40	102	1.0
40	107	1.0
40	119	1.0
40	130	1.0
41	41	452.0
41	42	14.0
41	43	6.0
41	44	1.0
41	49	1.0
41	51	2.0
41	55	1.0
41	61	1.0
41	65	2.0
41	66	5.0
41	67	6.0
41	68	4.0
41	69	8.0
41	70	4.0
41	72	1.0
41	87	2.0
41	91	1.0
41	99	1.0
41	114	1.0
41	117	5.0
41	118	3.0
41	119	7.0
41	120	8.0
41	125	1.0
42	42	474.0
42	43	30.0
42	44	2.0
42	45	3.0
42	46	12.0
42	47	10.0
42	48	7.0
42	49	2.0
42	50	5.0
42	51	1.0
42	65	1.0
42	81	2.0
42	84	1.0
42	86	15.0
42	87	11.0
42	88	2.0
42	111	1.0
43	43	468.0
43	44	30.0
43	47	4.0
43	48	1.0
43	49	1.0
43	65	2.0
43	66	1.0
43	67	1.0
43	69	1.0
43	77	1.0
43	87	3.0
43	88	1.0
43	111	1.0
43	157	1.0
44	44	526.0
44	45	26.0
44	46	6.0
44	47	13.0
44	48	3.0
44	49	4.0
44	52	1.0
44	53	2.0
44	54	1.0
44	55	2.0
44	56	11.0
44	66	7.0
44	67	9.0
44	68	1.0
44	69	2.0
44	109	1.0
45	45	449.0
45	46	38.0
45	47	35.0
45	48	4.0
45	49	27.0
45	50	7.0
45	51	6.0
45	54	4.0
45	55	2.0
45	56	4.0
45	67	1.0
45	69	3.0
45	72	1.0
45	80	1.0
45	127	1.0
45	128	1.0
46	46	456.0
46	47	29.0
46	48	1.0
46	49	8.0
46	50	5.0
46	51	1.0
46	53	7.0
46	54	1.0
46	55	2.0
46	56	10.0
46	67	2.0
46	68	7.0
46	72	1.0
46	82	1.0
46	104	1.0
46	126	1.0
46	159	1.0
47	47	460.0
47	48	34.0
47	49	7.0
47	50	5.0
47	51	8.0
47	53	10.0
47	54	3.0
47	56	2.0
47	95	1.0
47	114	1.0
47	138	2.0
48	48	428.0
48	49	26.0
48	50	6.0
48	51	4.0
48	52	3.0
48	53	2.0
48	54	1.0
48	64	1.0
48	73	1.0
48	78	1.0
48	87	1.0
48	96	1.0
48	101	1.0
48	128	1.0
48	132	1.0
49	49	417.0
49	50	35.0
49	51	18.0
49	52	18.0
49	53	4.0
49	54	4.0
49	55	2.0
49	112	1.0
49	124	1.0
50	50	467.0
50	51	34.0
50	52	19.0
50	53	10.0
50	54	2.0
50	55	4.0
50	56	8.0
50	61	1.0
50	78	1.0
50	97	1.0
51	51	423.0
51	52	30.0
51	53	16.0
51	54	5.0
51	55	11.0
51	56	10.0
51	89	2.0
51	98	2.0
51	106	1.0
51	123	1.0
51	133	1.0
51	143	1.0
51	145	1.0
51	154	1.0
52	52	409.0
52	53	24.0
52	54	11.0
52	55	17.0
52	56	1.0
52	61	4.0
52	66	1.0
52	84	1.0
52	125	1.0
53	53	413.0
53	54	31.0
53	55	22.0
53	56	12.0
53	57	6.0
53	61	5.0
53	62	3.0
53	63	1.0
53	64	1.0
53	68	2.0
53	73	1.0
53	103	1.0
53	141	1.0
54	54	392.0
54	55	38.0
54	56	8.0
54	57	4.0
54	61	3.0
54	65	2.0
54	86	1.0
54	133	1.0
55	55	447.0
55	56	21.0
55	57	7.0
55	61	1.0
55	64	1.0
55	88	1.0
55	102	1.0
55	107	1.0
55	123	1.0
56	56	318.0
56	57	14.0
56	61	5.0
56	62	5.0
56	63	7.0
56	64	1.0
56	65	2.0
56	68	6.0
56	70	1.0
56	71	1.0
56	73	1.0
56	76	1.0
56	81	1.0
56	84	1.0
56	85	2.0
56	86	1.0
56	101	1.0
56	106	2.0
57	57	319.0
57	58	1.0
57	61	14.0
57	62	10.0
57	63	6.0
57	68	1.0
57	69	1.0
57	70	6.0
57	71	8.0
57	72	4.0
57	80	1.0
57	82	1.0
57	83	2.0
57	84	3.0
57	85	3.0
57	86	4.0
57	92	4.0
57	93	1.0
57	129	1.0
58	58	28.0
58	61	3.0
58	62	1.0
58	120	1.0
61	61	1586.0
61	62	40.0
61	63	10.0
61	64	3.0
61	65	1.0
61	66	1.0
61	68	1.0
61	70	3.0
61	71	5.0
61	75	1.0
61	85	1.0
61	87	1.0
61	93	2.0
61	94	1.0
61	95	2.0
61	96	6.0
61	97	7.0
61	98	1.0
61	99	3.0
61	100	1.0
61	106	1.0
61	110	1.0
61	142	1.0
61	145	1.0
61	156	1.0
62	62	556.0
62	63	4.0
62	64	4.0
62	65	1.0
62	70	2.0
62	76	2.0
62	86	1.0
62	92	1.0
62	93	1.0
62	96	5.0
62	97	6.0
63	63	276.0
63	64	19.0
63	66	3.0
63	67	1.0
63	78	1.0
63	81	3.0
63	86	2.0
63	96	1.0
63	100	3.0
63	101	7.0
63	102	2.0
63	143	1.0
63	149	1.0
63	150	2.0
63	157	1.0
64	64	316.0
64	65	5.0
64	66	6.0
64	69	1.0
64	70	3.0
64	76	4.0
64	80	2.0
64	81	6.0
64	82	9.0
64	83	3.0
64	84	4.0
64	86	1.0
64	95	2.0
64	96	2.0
64	97	1.0
64	101	1.0
64	102	3.0
64	105	1.0
64	142	1.0
64	157	6.0
64	158	2.0
65	65	309.0
65	66	15.0
65	67	7.0
65	68	1.0
65	69	13.0
65	70	3.0
65	72	1.0
65	75	8.0
65	76	14.0
65	77	6.0
65	78	2.0
65	79	1.0
65	80	5.0
65	81	6.0
65	82	4.0
65	83	1.0
65	87	1.0
65	91	4.0
65	92	5.0
65	93	6.0
65	98	13.0
65	100	1.0
65	129	1.0
65	143	3.0
65	145	5.0
66	66	322.0
66	67	13.0
66	68	19.0
66	69	11.0
66	70	16.0
66	71	7.0
66	72	11.0
66	73	2.0
66	75	1.0
66	76	6.0
66	79	4.0
66	80	9.0
66	81	3.0
66	82	1.0
66	90	5.0
66	91	9.0
66	92	5.0
66	93	1.0
66	99	1.0
66	101	1.0
66	102	3.0
66	122	1.0
66	131	1.0
66	148	2.0
67	67	450.0
67	68	54.0
67	69	33.0
67	70	23.0
67	71	14.0
67	72	2.0
67	78	1.0
67	81	1.0
67	84	1.0
67	85	1.0
67	86	1.0
67	90	1.0
67	91	1.0
67	92	8.0
67	93	7.0
67	94	4.0
67	95	3.0
67	98	2.0
67	105	1.0
67	113	1.0
67	138	1.0
67	139	1.0
67	148	1.0
67	153	1.0
68	68	453.0
68	69	20.0
68	70	26.0
68	71	28.0
68	72	5.0
68	73	1.0
68	76	6.0
68	90	4.0
68	91	2.0
68	92	4.0
68	94	4.0
68	95	3.0
68	96	3.0
68	97	8.0
68	98	15.0
68	104	2.0
68	105	2.0
68	109	1.0
68	110	1.0
68	139	1.0
68	148	2.0
68	149	1.0
68	151	1.0
69	69	454.0
69	70	25.0
69	71	9.0
69	72	8.0
69	75	1.0
69	77	2.0
69	84	2.0
69	85	4.0
69	86	1.0
69	92	3.0
69	93	4.0
69	95	2.0
69	96	2.0
69	97	10.0
69	98	4.0
69	102	1.0
69	103	2.0
69	105	3.0
69	109	1.0
69	110	2.0
69	127	1.0
69	135	1.0
69	142	2.0
69	148	1.0
70	70	482.0
70	71	41.0
70	72	7.0
70	78	1.0
70	80	1.0
70	82	3.0
70	83	1.0
70	84	1.0
70	85	4.0
70	86	2.0
70	87	1.0
70	88	4.0
70	89	2.0
70	90	1.0
70	91	1.0
70	95	3.0
70	96	7.0
70	97	6.0
70	98	1.0
70	100	2.0
70	102	1.0
70	105	2.0
70	106	3.0
70	107	2.0
70	109	4.0
70	111	1.0
70	113	1.0
70	141	1.0
70	142	2.0
70	145	1.0
71	71	449.0
71	72	8.0
71	85	3.0
71	87	2.0
71	88	6.0
71	89	9.0
71	90	3.0
71	91	2.0
71	92	1.0
71	96	1.0
71	97	2.0
71	98	1.0
71	102	3.0
71	103	4.0
71	107	3.0
71	109	4.0
71	110	2.0
71	116	1.0
71	133	1.0
71	135	4.0
71	141	5.0
71	142	1.0
71	147	1.0
71	148	7.0
71	149	1.0
72	72	256.0
72	73	14.0
72	74	1.0
72	75	8.0
72	76	3.0
72	79	5.0
72	85	1.0
72	87	2.0
72	88	1.0
72	90	1.0
72	91	1.0
72	92	3.0
72	98	2.0
72	100	1.0
72	101	1.0
72	102	2.0
72	107	3.0
72	129	1.0
72	141	3.0
72	145	2.0
72	146	6.0
72	147	1.0
72	148	7.0
72	149	1.0
73	73	484.0
73	74	5.0
73	75	24.0
73	87	1.0
73	97	1.0
73	124	1.0
73	138	13.0
73	139	1.0
73	141	1.0
73	146	1.0
73	148	2.0
73	149	10.0
73	150	7.0
74	74	92.0
74	75	13.0
74	76	3.0
74	147	1.0
74	148	1.0
74	149	1.0
74	150	2.0
75	75	378.0
75	76	6.0
75	77	6.0
75	79	6.0
75	82	1.0
75	101	1.0
75	109	1.0
75	139	3.0
75	141	2.0
75	145	2.0
75	146	6.0
75	147	2.0
75	148	1.0
75	149	15.0
76	76	181.0
76	77	3.0
76	80	2.0
76	81	7.0
76	82	8.0
76	83	3.0
76	84	3.0
76	86	1.0
76	90	7.0
76	91	5.0
76	92	3.0
76	93	2.0
76	98	7.0
76	102	2.0
76	139	1.0
76	150	3.0
76	152	1.0
77	77	441.0
77	78	51.0
77	79	32.0
77	80	11.0
77	81	1.0
77	86	1.0
77	91	6.0
77	92	1.0
77	93	4.0
77	97	4.0
77	98	1.0
77	102	1.0
77	108	1.0
77	109	3.0
77	111	3.0
77	112	5.0
77	114	5.0
77	128	1.0
77	129	2.0
77	138	1.0
77	144	4.0
77	145	16.0
77	146	5.0
77	147	1.0
77	148	5.0
77	149	1.0
77	152	1.0
78	78	410.0
78	79	24.0
78	80	18.0
78	81	1.0
78	90	1.0
78	91	2.0
78	92	2.0
78	93	8.0
78	97	5.0
78	98	1.0
78	109	1.0
78	111	3.0
78	112	1.0
78	114	2.0
78	116	1.0
78	128	1.0
78	129	2.0
78	142	1.0
78	144	6.0
78	145	5.0
78	146	5.0
78	147	8.0
78	148	3.0
78	150	1.0
78	158	1.0
79	79	403.0
79	80	29.0
79	81	5.0
79	91	3.0
79	92	3.0
79	93	6.0
79	98	5.0
79	107	5.0
79	108	6.0
79	109	5.0
79	110	3.0
79	111	1.0
79	112	2.0
79	114	1.0
79	145	12.0
79	146	6.0
79	147	7.0
79	155	1.0
79	158	2.0
80	80	399.0
80	81	33.0
80	82	10.0
80	85	1.0
80	86	3.0
80	87	1.0
80	90	10.0
80	91	3.0
80	92	4.0
80	93	5.0
80	97	1.0
80	98	1.0
80	100	1.0
80	102	2.0
80	104	1.0
80	110	1.0
80	114	2.0
80	115	2.0
80	116	1.0
80	128	1.0
80	129	2.0
80	130	1.0
80	142	1.0
80	144	10.0
80	145	11.0
80	146	5.0
80	147	12.0
80	148	1.0
80	149	4.0
80	150	2.0
81	81	387.0
81	82	34.0
81	83	1.0
81	84	1.0
81	85	6.0
81	86	8.0
81	89	3.0
81	90	8.0
81	91	3.0
81	98	4.0
81	106	1.0
81	126	1.0
81	133	1.0
81	143	1.0
81	144	14.0
81	145	4.0
81	146	10.0
81	147	12.0
81	149	4.0
81	150	1.0
81	151	1.0
82	82	392.0
82	83	10.0
82	84	12.0
82	85	9.0
82	86	6.0
82	87	10.0
82	88	4.0
82	89	6.0
82	90	1.0
82	97	4.0
82	98	3.0
82	103	3.0
82	106	5.0
82	107	5.0
82	108	1.0
82	114	3.0
82	115	4.0
82	116	1.0
82	123	1.0
82	126	1.0
82	134	1.0
82	135	4.0
82	137	1.0
82	140	1.0
82	141	5.0
82	142	3.0
82	143	3.0
82	144	9.0
82	145	1.0
82	146	4.0
82	147	6.0
82	148	10.0
82	149	4.0
82	151	1.0
82	155	1.0
83	83	381.0
83	84	27.0
83	85	29.0
83	86	17.0
83	87	2.0
83	88	1.0
83	91	1.0
83	92	1.0
83	93	3.0
83	95	2.0
83	96	4.0
83	98	5.0
83	105	5.0
83	106	7.0
83	107	7.0
83	109	1.0
83	110	1.0
83	111	3.0
83	112	3.0
83	115	9.0
83	135	11.0
83	136	3.0
83	137	6.0
83	141	2.0
83	142	11.0
83	143	3.0
83	144	6.0
84	84	379.0
84	85	19.0
84	86	11.0
84	87	1.0
84	88	1.0
84	89	3.0
84	90	1.0
84	91	2.0
84	92	3.0
84	93	5.0
84	95	9.0
84	96	12.0
84	97	2.0
84	103	3.0
84	105	6.0
84	106	17.0
84	116	1.0
84	129	1.0
84	132	1.0
84	135	3.0
84	136	4.0
84	137	7.0
84	141	2.0
84	143	8.0
84	144	1.0
85	85	374.0
85	86	9.0
85	88	5.0
85	89	3.0
85	92	5.0
85	93	2.0
85	95	1.0
85	96	5.0
85	97	2.0
85	103	17.0
85	104	1.0
85	105	3.0
85	106	9.0
85	115	4.0
85	116	1.0
85	117	1.0
85	130	1.0
85	135	1.0
85	139	1.0
85	141	2.0
85	142	3.0
85	143	1.0
85	144	1.0
85	152	1.0
86	86	403.0
86	87	33.0
86	88	10.0
86	89	9.0
86	95	3.0
86	96	1.0
86	98	2.0
86	102	3.0
86	107	4.0
86	108	2.0
86	112	2.0
86	113	7.0
86	114	3.0
86	115	2.0
86	116	1.0
86	117	3.0
86	118	2.0
86	119	1.0
86	121	2.0
86	123	9.0
86	128	1.0
86	134	1.0
86	135	2.0
86	141	10.0
86	142	10.0
86	143	5.0
86	144	4.0
86	148	3.0
86	149	2.0
87	87	420.0
87	88	32.0
87	89	32.0
87	90	24.0
87	91	2.0
87	92	2.0
87	107	1.0
87	118	10.0
87	119	8.0
87	120	1.0
87	121	1.0
87	123	4.0
87	132	1.0
87	135	1.0
87	141	3.0
87	142	2.0
87	143	7.0
87	147	4.0
87	148	6.0
87	149	17.0
87	150	1.0
88	88	394.0
88	89	46.0
88	90	5.0
88	91	7.0
88	92	2.0
88	95	4.0
88	96	6.0
88	97	3.0
88	102	1.0
88	103	5.0
88	104	1.0
88	105	1.0
88	106	3.0
88	107	2.0
88	115	3.0
88	116	1.0
88	118	5.0
88	125	1.0
88	128	2.0
88	130	1.0
88	135	12.0
88	140	1.0
88	141	10.0
88	142	12.0
88	143	1.0
88	149	1.0
88	150	1.0
89	89	381.0
89	90	19.0
89	91	2.0
89	93	1.0
89	94	2.0
89	95	1.0
89	96	1.0
89	102	1.0
89	106	1.0
89	111	2.0
89	112	1.0
89	114	2.0
89	115	2.0
89	118	2.0
89	119	2.0
89	120	1.0
89	141	2.0
89	142	12.0
89	146	1.0
89	147	5.0
89	148	12.0
89	149	6.0
89	150	1.0
90	90	434.0
90	91	13.0
90	92	6.0
90	93	4.0
90	94	1.0
90	95	4.0
90	96	4.0
90	98	2.0
90	102	1.0
90	103	3.0
90	104	1.0
90	106	1.0
90	111	14.0
90	112	5.0
90	116	2.0
90	117	1.0
90	118	2.0
90	119	5.0
90	120	3.0
90	126	1.0
90	139	1.0
90	140	1.0
90	141	8.0
90	142	2.0
90	145	1.0
90	146	3.0
90	147	6.0
90	148	2.0
90	149	2.0
90	150	2.0
90	152	1.0
91	91	410.0
91	92	16.0
91	93	5.0
91	94	7.0
91	95	8.0
91	96	1.0
91	97	2.0
91	98	1.0
91	102	2.0
91	103	3.0
91	105	1.0
91	107	2.0
91	109	7.0
91	110	4.0
91	111	6.0
91	112	3.0
91	115	1.0
91	117	1.0
91	119	4.0
91	127	1.0
91	130	3.0
91	133	2.0
91	140	2.0
91	141	17.0
91	142	3.0
91	146	1.0
91	147	1.0
91	150	7.0
92	92	422.0
92	93	12.0
92	94	2.0
92	95	8.0
92	96	8.0
92	97	1.0
92	98	13.0
92	101	1.0
92	102	6.0
92	103	13.0
92	104	2.0
92	105	5.0
92	106	4.0
92	107	4.0
92	108	6.0
92	109	2.0
92	110	2.0
92	111	1.0
92	112	2.0
92	113	3.0
92	115	1.0
92	119	1.0
92	125	1.0
92	129	4.0
92	130	1.0
92	141	4.0
92	142	1.0
92	147	1.0
93	93	386.0
93	94	11.0
93	95	19.0
93	96	14.0
93	97	3.0
93	98	11.0
93	102	2.0
93	103	10.0
93	105	3.0
93	106	5.0
93	113	5.0
93	115	4.0
93	116	4.0
93	118	1.0
93	139	1.0
93	141	3.0
93	142	1.0
93	145	2.0
94	94	414.0
94	95	37.0
94	96	7.0
94	97	5.0
94	98	4.0
94	100	1.0
94	102	3.0
94	104	4.0
94	105	6.0
94	113	2.0
94	114	3.0
94	115	5.0
94	116	2.0
94	119	1.0
94	121	1.0
94	123	1.0
94	130	7.0
94	139	1.0
94	140	2.0
94	141	8.0
94	142	3.0
94	143	6.0
94	149	1.0
95	95	422.0
95	96	35.0
95	97	10.0
95	98	2.0
95	102	3.0
95	104	1.0
95	105	14.0
95	106	1.0
95	113	2.0
95	115	3.0
95	116	4.0
95	118	1.0
95	130	1.0
95	140	1.0
95	141	1.0
95	143	1.0
96	96	425.0
96	97	22.0
96	102	7.0
96	114	1.0
96	115	11.0
96	116	3.0
96	125	1.0
96	130	2.0
96	140	1.0
96	141	2.0
96	142	6.0
96	143	2.0
96	144	5.0
97	97	423.0
97	98	9.0
97	99	1.0
97	102	1.0
97	104	3.0
97	105	3.0
97	114	6.0
97	115	6.0
97	116	10.0
97	128	4.0
97	129	7.0
97	130	1.0
97	140	2.0
97	141	2.0
97	142	1.0
97	143	5.0
97	144	2.0
98	98	447.0
98	99	9.0
98	100	10.0
98	101	2.0
98	105	1.0
98	117	1.0
98	124	5.0
98	128	1.0
98	140	1.0
98	141	1.0
98	142	1.0
98	143	2.0
98	149	1.0
98	154	1.0
98	158	1.0
99	99	443.0
99	100	42.0
99	101	9.0
99	102	9.0
99	103	3.0
99	114	2.0
99	119	2.0
99	133	1.0
99	137	1.0
99	138	4.0
99	153	1.0
100	100	526.0
100	101	17.0
100	102	4.0
100	105	1.0
100	112	1.0
100	113	1.0
100	116	1.0
100	117	4.0
100	118	1.0
100	123	1.0
100	124	1.0
100	127	1.0
100	131	1.0
100	132	6.0
100	133	1.0
100	138	1.0
100	142	1.0
100	150	1.0
101	101	480.0
101	102	11.0
101	103	2.0
101	104	3.0
101	123	1.0
101	128	1.0
101	131	3.0
101	132	2.0
101	136	1.0
101	139	4.0
101	140	3.0
101	142	1.0
102	102	293.0
102	103	15.0
102	104	4.0
102	105	7.0
102	123	1.0
102	125	1.0
102	126	1.0
102	134	1.0
102	135	2.0
102	138	4.0
102	140	1.0
102	141	2.0
102	154	1.0
103	103	406.0
103	104	31.0
103	105	11.0
103	106	14.0
103	107	5.0
103	108	2.0
103	109	4.0
103	110	1.0
103	111	1.0
103	112	1.0
103	121	1.0
103	125	6.0
103	134	1.0
103	135	2.0
103	137	5.0
103	138	4.0
103	141	2.0
104	104	503.0
104	105	21.0
104	106	3.0
104	107	2.0
104	121	1.0
104	124	2.0
104	137	1.0
104	138	6.0
105	105	440.0
105	106	36.0
105	107	5.0
105	108	1.0
105	109	11.0
105	110	5.0
105	111	6.0
105	112	6.0
105	113	1.0
105	114	4.0
105	115	1.0
105	123	4.0
105	125	3.0
105	132	3.0
105	133	3.0
105	134	1.0
105	135	8.0
105	136	6.0
105	137	8.0
105	138	1.0
105	141	1.0
105	149	1.0
106	106	417.0
106	107	18.0
106	108	4.0
106	109	12.0
106	110	14.0
106	111	8.0
106	112	3.0
106	113	3.0
106	114	2.0
106	115	1.0
106	121	1.0
106	123	3.0
106	125	3.0
106	126	2.0
106	131	1.0
106	132	1.0
106	135	3.0
106	136	2.0
106	137	2.0
106	138	1.0
107	107	452.0
107	108	25.0
107	109	16.0
107	110	16.0
107	111	8.0
107	112	8.0
107	113	8.0
107	115	1.0
107	126	1.0
107	127	2.0
107	134	6.0
107	135	12.0
107	136	3.0
107	141	3.0
107	142	5.0
107	145	1.0
107	146	4.0
107	147	5.0
107	148	2.0
108	108	367.0
108	109	26.0
108	110	14.0
108	111	16.0
108	112	21.0
108	113	18.0
108	114	9.0
108	115	3.0
108	116	1.0
108	118	2.0
108	124	1.0
108	125	12.0
108	126	22.0
108	127	6.0
108	132	1.0
108	134	4.0
108	138	3.0
108	139	1.0
108	140	1.0
108	142	12.0
108	143	1.0
108	145	3.0
108	146	7.0
108	147	8.0
108	148	1.0
108	156	1.0
109	109	346.0
109	110	28.0
109	111	15.0
109	112	22.0
109	113	16.0
109	114	2.0
109	115	8.0
109	116	1.0
109	125	5.0
109	126	9.0
109	133	1.0
109	134	1.0
109	136	2.0
109	137	1.0
109	142	2.0
109	145	4.0
109	146	2.0
109	148	2.0
109	149	1.0
109	154	1.0
110	110	409.0
110	111	24.0
110	112	20.0
110	113	12.0
110	115	2.0
110	123	2.0
110	125	3.0
110	126	8.0
110	127	6.0
110	134	1.0
110	136	2.0
110	142	3.0
111	111	456.0
111	112	37.0
111	113	5.0
111	115	2.0
111	117	1.0
111	126	4.0
111	127	12.0
111	134	2.0
111	135	2.0
111	136	10.0
111	137	5.0
111	143	1.0
111	145	3.0
111	146	4.0
111	148	1.0
112	112	383.0
112	113	12.0
112	114	3.0
112	115	8.0
112	125	5.0
112	126	6.0
112	127	5.0
112	132	1.0
112	133	13.0
112	134	9.0
112	137	5.0
112	140	1.0
112	141	1.0
112	142	7.0
112	145	1.0
112	146	5.0
112	150	1.0
113	113	370.0
113	114	23.0
113	115	21.0
113	116	12.0
113	117	7.0
113	118	6.0
113	121	2.0
113	122	4.0
113	123	5.0
113	124	5.0
113	125	5.0
113	126	27.0
113	127	5.0
113	128	1.0
113	132	2.0
113	133	2.0
113	134	3.0
113	135	2.0
113	142	2.0
113	143	2.0
113	146	1.0
114	114	392.0
114	115	20.0
114	116	25.0
114	117	14.0
114	118	15.0
114	119	2.0
114	120	2.0
114	121	8.0
114	122	1.0
114	124	2.0
114	125	8.0
114	126	13.0
114	127	3.0
114	128	5.0
114	129	1.0
114	131	3.0
114	132	10.0
114	133	8.0
114	134	7.0
114	136	1.0
114	137	1.0
114	139	6.0
114	142	3.0
114	145	1.0
115	115	385.0
115	116	43.0
115	117	2.0
115	118	5.0
115	119	2.0
115	121	6.0
115	122	4.0
115	123	8.0
115	125	1.0
115	128	5.0
115	129	3.0
115	134	1.0
115	136	3.0
115	141	1.0
115	142	31.0
115	143	1.0
115	144	3.0
116	116	397.0
116	117	25.0
116	118	1.0
116	119	2.0
116	121	9.0
116	122	6.0
116	123	2.0
116	128	16.0
116	129	5.0
116	132	1.0
116	134	9.0
116	135	8.0
116	136	2.0
116	137	6.0
116	138	2.0
116	141	3.0
116	142	12.0
116	143	2.0
116	144	1.0
116	149	1.0
117	117	403.0
117	118	63.0
117	119	9.0
117	120	14.0
117	121	9.0
117	123	9.0
117	124	6.0
117	127	5.0
117	128	1.0
117	132	2.0
117	134	1.0
117	135	13.0
117	136	14.0
117	137	1.0
117	138	3.0
117	139	1.0
117	141	1.0
118	118	372.0
118	119	36.0
118	120	10.0
118	121	3.0
118	122	3.0
118	123	10.0
118	124	6.0
118	127	2.0
118	129	2.0
118	132	1.0
118	134	1.0
118	135	4.0
118	136	2.0
118	137	2.0
119	119	376.0
119	120	33.0
119	121	9.0
119	122	6.0
119	135	6.0
119	136	14.0
119	137	3.0
119	141	4.0
119	142	2.0
120	120	443.0
120	121	24.0
120	122	11.0
120	123	6.0
120	124	1.0
120	127	2.0
120	137	1.0
120	143	1.0
120	157	1.0
121	121	415.0
121	122	55.0
121	123	18.0
121	124	1.0
121	126	2.0
121	128	1.0
121	141	1.0
121	143	1.0
121	144	4.0
121	146	1.0
121	148	1.0
121	156	1.0
122	122	430.0
122	123	9.0
122	126	2.0
122	143	11.0
122	144	1.0
122	145	1.0
122	148	1.0
123	123	404.0
123	124	22.0
123	125	8.0
123	126	10.0
123	127	4.0
123	128	1.0
123	138	6.0
123	154	1.0
124	124	345.0
124	125	18.0
124	126	13.0
124	127	13.0
124	128	1.0
124	129	2.0
124	131	2.0
124	132	6.0
124	138	1.0
124	142	3.0
124	149	2.0
124	159	1.0
125	125	348.0
125	126	19.0
125	127	17.0
125	128	2.0
125	131	3.0
125	133	4.0
125	134	1.0
125	139	8.0
125	141	2.0
125	142	8.0
125	143	1.0
125	144	2.0
125	145	1.0
125	147	1.0
125	148	3.0
125	152	1.0
126	126	372.0
126	127	22.0
126	131	2.0
126	132	3.0
126	133	2.0
126	138	2.0
126	139	2.0
126	142	3.0
126	144	12.0
126	145	8.0
126	146	2.0
126	147	3.0
127	127	481.0
127	128	14.0
127	129	1.0
127	131	2.0
127	132	4.0
127	133	2.0
127	138	1.0
127	142	1.0
127	144	1.0
127	145	3.0
127	146	6.0
127	147	16.0
127	148	1.0
127	149	1.0
128	128	424.0
128	129	41.0
128	130	10.0
128	132	3.0
128	138	1.0
128	139	1.0
128	141	1.0
128	142	4.0
128	143	1.0
128	146	3.0
128	157	1.0
128	158	4.0
129	129	441.0
129	130	28.0
129	131	3.0
129	138	1.0
129	139	2.0
129	140	3.0
129	141	3.0
129	142	6.0
129	159	1.0
130	130	402.0
130	131	28.0
130	134	1.0
130	140	5.0
130	143	1.0
130	148	1.0
130	150	2.0
130	156	1.0
130	158	6.0
131	131	526.0
131	132	32.0
131	133	18.0
131	134	18.0
131	139	25.0
131	140	2.0
131	150	1.0
132	132	464.0
132	133	41.0
132	134	11.0
132	139	12.0
132	140	1.0
132	141	8.0
133	133	438.0
133	134	22.0
133	136	1.0
133	137	3.0
133	139	11.0
133	140	3.0
133	141	5.0
133	144	1.0
134	134	460.0
134	135	10.0
134	136	3.0
134	137	1.0
134	139	24.0
134	140	9.0
134	141	1.0
134	142	1.0
135	135	418.0
135	136	19.0
135	137	19.0
135	138	4.0
135	140	1.0
135	141	1.0
135	142	2.0
135	154	1.0
136	136	392.0
136	137	34.0
136	138	13.0
136	139	1.0
136	151	1.0
136	152	2.0
137	137	456.0
137	138	19.0
137	139	1.0
137	152	3.0
138	138	482.0
138	139	7.0
138	146	1.0
138	151	7.0
138	152	9.0
138	154	2.0
139	139	432.0
139	140	38.0
139	141	8.0
139	150	1.0
139	154	2.0
139	155	3.0
139	156	1.0
139	157	1.0
140	140	447.0
140	141	26.0
140	146	1.0
140	149	2.0
140	150	1.0
140	155	3.0
141	141	455.0
141	142	38.0
141	143	3.0
141	144	3.0
141	149	1.0
141	155	6.0
142	142	412.0
142	143	11.0
142	144	3.0
142	145	5.0
142	146	1.0
142	148	1.0
142	150	1.0
142	156	1.0
143	143	275.0
143	144	12.0
143	148	7.0
144	144	411.0
144	145	24.0
144	146	12.0
144	147	15.0
144	148	22.0
144	149	9.0
144	150	1.0
145	145	403.0
145	146	24.0
145	147	15.0
145	148	7.0
145	149	1.0
146	146	381.0
146	147	50.0
146	148	9.0
146	149	2.0
146	152	1.0
147	147	427.0
147	148	19.0
147	149	11.0
147	150	4.0
147	154	1.0
148	148	492.0
148	149	22.0
148	150	4.0
149	149	348.0
149	150	7.0
149	152	2.0
149	153	6.0
150	150	517.0
150	151	21.0
150	152	12.0
151	151	506.0
151	152	15.0
151	153	5.0
151	154	4.0
151	157	3.0
151	158	1.0
152	152	476.0
152	153	34.0
152	154	15.0
152	155	7.0
152	156	2.0
152	157	5.0
152	158	1.0
153	153	397.0
153	154	51.0
153	155	6.0
153	156	6.0
153	157	2.0
154	154	414.0
154	155	20.0
154	156	19.0
154	157	2.0
155	155	525.0
155	156	54.0
155	157	10.0
155	158	1.0
156	156	492.0
156	157	21.0
156	158	2.0
156	159	1.0
157	157	532.0
157	158	49.0
157	159	1.0
158	158	452.0
158	159	9.0
159	159	60.0
160	1	22.0
160	2	11.0
160	3	1.0
160	54	1.0
160	85	1.0
160	98	10.0
160	100	1.0
160	101	6.0
160	114	2.0
160	116	1.0
160	117	6.0
160	118	2.0
160	123	1.0
160	124	2.0
160	131	10.0
160	132	1.0
160	139	1.0
160	140	9.0
160	142	1.0
160	154	2.0
160	155	14.0
160	157	2.0
160	160	491.0
