1	1	668.0
1	2	35.0
1	3	5.0
1	4	10.0
1	5	3.0
1	44	2.0
1	48	2.0
1	53	1.0
1	61	1.0
1	70	1.0
1	157	1.0
2	2	645.0
2	3	16.0
2	4	21.0
2	5	7.0
2	13	1.0
2	32	1.0
2	40	1.0
2	42	1.0
2	43	2.0
2	66	1.0
2	138	1.0
2	156	1.0
3	3	632.0
3	4	41.0
3	5	4.0
3	8	1.0
3	32	1.0
3	38	2.0
3	39	3.0
3	40	7.0
3	41	6.0
3	42	2.0
3	43	4.0
3	66	1.0
3	79	1.0
3	122	1.0
3	128	1.0
3	134	1.0
3	147	1.0
3	151	1.0
3	152	1.0
4	4	620.0
4	5	16.0
4	7	1.0
4	8	1.0
4	27	1.0
4	28	1.0
4	38	1.0
4	39	5.0
4	40	10.0
4	41	2.0
4	42	1.0
4	71	1.0
4	91	1.0
4	101	1.0
4	116	1.0
4	146	1.0
4	148	1.0
5	5	547.0
5	6	22.0
5	7	9.0
5	8	8.0
5	39	1.0
5	55	2.0
5	66	1.0
5	75	1.0
5	104	1.0
5	110	1.0
5	135	1.0
5	140	2.0
6	6	493.0
6	7	2.0
6	8	3.0
6	9	1.0
6	11	1.0
6	26	1.0
6	44	4.0
6	47	1.0
6	84	1.0
6	85	1.0
6	99	1.0
6	100	1.0
6	140	1.0
6	144	1.0
6	146	1.0
7	7	589.0
7	8	31.0
7	20	1.0
7	33	1.0
7	42	1.0
7	52	1.0
7	105	1.0
7	106	1.0
7	135	1.0
7	155	1.0
8	8	581.0
8	9	12.0
8	10	10.0
8	11	5.0
8	12	1.0
8	13	1.0
8	15	1.0
8	17	1.0
8	19	2.0
8	20	7.0
8	21	2.0
8	37	1.0
8	38	5.0
8	39	6.0
8	44	9.0
8	45	4.0
8	47	1.0
8	55	1.0
8	57	1.0
8	85	1.0
8	99	1.0
8	100	1.0
8	101	2.0
8	157	1.0
9	9	490.0
9	10	16.0
9	11	12.0
9	12	1.0
9	17	1.0
9	18	7.0
9	19	1.0
9	20	7.0
9	21	1.0
9	23	1.0
9	38	3.0
9	39	2.0
9	45	1.0
9	46	1.0
9	47	6.0
9	48	11.0
9	49	8.0
9	52	3.0
9	55	4.0
9	56	1.0
9	81	1.0
9	98	1.0
9	101	5.0
10	10	506.0
10	11	19.0
10	12	2.0
10	13	4.0
10	14	13.0
10	17	7.0
10	18	7.0
10	19	12.0
10	20	3.0
10	21	2.0
10	22	1.0
10	33	1.0
10	34	1.0
10	36	1.0
10	37	4.0
10	39	4.0
10	41	1.0
10	46	4.0
10	47	2.0
10	48	2.0
10	51	1.0
10	52	1.0
10	54	4.0
10	55	1.0
10	67	1.0
10	78	1.0
10	97	1.0
10	101	6.0
10	110	1.0
10	113	1.0
10	115	1.0
10	122	1.0
10	141	1.0
11	11	516.0
11	12	11.0
11	13	1.0
11	14	7.0
11	16	1.0
11	17	6.0
11	19	4.0
11	26	1.0
11	29	1.0
11	35	1.0
11	38	4.0
11	39	16.0
11	44	7.0
11	45	5.0
11	46	10.0
11	47	8.0
11	48	2.0
11	49	4.0
11	52	1.0
11	107	1.0
11	124	1.0
11	136	1.0
12	12	545.0
12	13	27.0
12	14	16.0
12	15	15.0
12	16	8.0
12	17	6.0
12	19	7.0
12	21	2.0
12	33	1.0
12	34	2.0
12	35	1.0
12	36	14.0
12	37	11.0
12	38	6.0
12	39	2.0
12	40	5.0
12	41	1.0
12	45	2.0
12	46	3.0
12	53	1.0
12	81	1.0
12	90	1.0
13	13	523.0
13	14	47.0
13	15	24.0
13	16	2.0
13	19	1.0
13	23	1.0
13	34	1.0
13	36	2.0
13	37	5.0
13	38	6.0
13	39	5.0
13	52	1.0
13	54	1.0
13	125	1.0
13	141	1.0
13	143	1.0
13	151	1.0
14	14	506.0
14	15	21.0
14	16	12.0
14	37	4.0
14	38	3.0
14	39	1.0
14	77	1.0
14	84	1.0
14	99	1.0
14	152	1.0
14	155	1.0
15	15	484.0
15	16	16.0
15	18	3.0
15	19	1.0
15	23	1.0
15	33	12.0
15	34	13.0
15	35	7.0
15	36	14.0
15	37	4.0
15	45	1.0
15	93	1.0
15	98	1.0
16	16	520.0
16	17	13.0
16	18	9.0
16	19	3.0
16	32	1.0
16	33	7.0
16	34	11.0
16	35	1.0
16	40	1.0
16	45	1.0
16	47	3.0
16	124	1.0
16	153	1.0
17	17	545.0
17	18	24.0
17	19	9.0
17	20	10.0
17	21	1.0
17	22	3.0
17	30	1.0
17	33	4.0
17	35	4.0
17	45	5.0
17	46	13.0
17	47	5.0
17	48	3.0
17	49	3.0
17	56	1.0
17	99	1.0
17	129	1.0
18	18	531.0
18	19	21.0
18	20	10.0
18	21	2.0
18	22	1.0
18	23	1.0
18	31	2.0
18	32	9.0
18	33	8.0
18	34	12.0
18	35	12.0
18	43	2.0
18	44	1.0
18	45	1.0
18	48	1.0
18	101	3.0
18	114	1.0
18	119	1.0
18	126	1.0
18	158	1.0
19	19	535.0
19	20	19.0
19	21	5.0
19	22	7.0
19	23	1.0
19	24	1.0
19	32	13.0
19	33	6.0
19	34	2.0
19	35	14.0
19	36	2.0
19	40	1.0
19	45	10.0
19	46	6.0
19	47	2.0
19	54	1.0
19	86	1.0
19	101	1.0
19	108	1.0
20	20	522.0
20	21	17.0
20	22	4.0
20	23	2.0
20	24	1.0
20	31	1.0
20	32	6.0
20	33	3.0
20	35	6.0
20	43	1.0
20	44	6.0
20	45	3.0
20	46	9.0
20	47	9.0
20	48	1.0
20	50	1.0
20	64	1.0
20	100	1.0
20	101	5.0
20	106	1.0
20	117	1.0
20	137	1.0
20	153	1.0
21	21	569.0
21	22	36.0
21	23	26.0
21	24	5.0
21	31	7.0
21	32	4.0
21	39	2.0
21	41	3.0
21	43	1.0
21	44	7.0
21	45	12.0
21	46	5.0
21	47	1.0
21	77	3.0
21	78	1.0
21	91	2.0
21	114	1.0
21	122	1.0
22	22	562.0
22	23	14.0
22	24	8.0
22	25	3.0
22	28	1.0
22	29	2.0
22	31	1.0
22	32	1.0
22	40	2.0
22	41	6.0
22	42	1.0
22	43	5.0
22	44	5.0
22	63	2.0
22	76	1.0
22	77	4.0
22	78	1.0
22	79	6.0
22	81	4.0
22	82	2.0
22	89	1.0
22	99	1.0
23	23	522.0
23	24	6.0
23	29	11.0
23	30	2.0
23	31	7.0
23	32	4.0
23	37	1.0
23	38	1.0
23	40	2.0
23	41	3.0
23	42	9.0
23	43	4.0
23	45	2.0
23	50	1.0
23	56	1.0
23	75	2.0
23	77	1.0
23	92	1.0
23	102	1.0
23	128	1.0
23	144	1.0
24	24	548.0
24	25	9.0
24	27	4.0
24	28	5.0
24	29	16.0
24	30	18.0
24	31	14.0
24	32	3.0
24	33	2.0
24	39	5.0
24	40	7.0
24	41	5.0
24	42	15.0
24	43	10.0
24	48	1.0
24	51	1.0
24	76	1.0
24	77	2.0
24	78	4.0
24	81	4.0
24	84	1.0
24	109	1.0
25	25	615.0
25	26	45.0
25	27	11.0
25	28	8.0
25	29	5.0
25	30	1.0
25	37	1.0
25	39	10.0
25	43	9.0
25	51	9.0
25	53	1.0
25	67	7.0
25	68	10.0
25	76	6.0
25	78	1.0
25	79	10.0
25	82	1.0
25	103	1.0
26	26	596.0
26	27	26.0
26	28	12.0
26	29	13.0
26	33	1.0
26	39	1.0
26	50	2.0
26	51	1.0
26	68	1.0
26	79	3.0
26	81	1.0
27	27	567.0
27	28	21.0
27	29	8.0
27	30	1.0
27	36	1.0
27	44	1.0
27	51	16.0
27	52	9.0
27	53	2.0
27	54	3.0
27	55	2.0
27	57	1.0
27	67	4.0
27	69	11.0
27	70	1.0
27	79	1.0
27	85	1.0
27	96	2.0
27	104	2.0
27	109	1.0
27	135	1.0
27	147	1.0
27	149	1.0
28	28	615.0
28	29	23.0
28	30	6.0
28	31	5.0
28	46	1.0
28	50	3.0
28	51	2.0
28	68	1.0
28	75	1.0
28	146	1.0
29	29	598.0
29	30	28.0
29	31	1.0
29	32	1.0
29	46	1.0
29	76	1.0
29	79	4.0
29	87	1.0
29	102	1.0
30	30	613.0
30	31	31.0
30	32	2.0
30	33	2.0
30	36	1.0
30	45	6.0
30	47	2.0
30	56	1.0
30	100	1.0
31	31	565.0
31	32	19.0
31	33	2.0
31	36	1.0
31	43	1.0
31	45	7.0
31	46	2.0
31	48	3.0
31	51	5.0
31	81	1.0
31	90	1.0
32	32	553.0
32	33	8.0
32	34	3.0
32	35	3.0
32	78	2.0
32	86	1.0
32	89	1.0
32	91	1.0
32	109	1.0
32	140	1.0
32	156	1.0
32	158	1.0
33	33	541.0
33	34	30.0
33	35	13.0
33	36	3.0
33	38	1.0
33	43	1.0
33	44	2.0
33	55	1.0
33	118	1.0
33	144	1.0
34	34	525.0
34	35	8.0
34	36	2.0
34	42	1.0
34	61	1.0
34	65	1.0
34	91	1.0
34	153	1.0
35	35	530.0
35	36	30.0
35	37	1.0
35	42	2.0
35	45	7.0
35	49	1.0
35	56	1.0
35	67	1.0
35	71	1.0
35	89	1.0
35	102	2.0
35	147	1.0
36	36	618.0
36	37	37.0
36	38	3.0
36	42	2.0
36	43	4.0
36	45	5.0
36	55	1.0
36	87	1.0
36	109	1.0
36	134	1.0
36	142	1.0
36	158	1.0
37	37	611.0
37	38	9.0
37	40	4.0
37	41	2.0
37	42	12.0
37	43	4.0
37	44	1.0
37	56	1.0
37	67	1.0
37	102	1.0
37	134	1.0
37	141	1.0
38	38	586.0
38	39	30.0
38	40	4.0
38	41	18.0
38	42	8.0
38	43	5.0
38	62	1.0
38	68	1.0
38	73	1.0
38	134	1.0
38	155	1.0
39	39	624.0
39	40	16.0
39	41	28.0
39	43	5.0
39	51	1.0
39	56	1.0
39	57	1.0
39	77	1.0
39	87	1.0
39	117	1.0
39	123	1.0
39	144	1.0
40	40	556.0
40	41	65.0
40	42	5.0
40	43	6.0
40	44	4.0
40	45	4.0
40	46	2.0
40	64	2.0
40	92	1.0
40	97	1.0
40	103	1.0
41	41	646.0
41	42	16.0
41	43	6.0
41	44	3.0
41	45	6.0
41	46	3.0
41	72	1.0
41	129	1.0
42	42	592.0
42	43	19.0
42	44	2.0
42	45	4.0
42	66	1.0
42	76	1.0
42	83	1.0
42	122	1.0
42	131	1.0
42	132	1.0
43	43	541.0
43	44	7.0
43	45	8.0
43	46	2.0
43	47	4.0
43	49	1.0
43	51	1.0
43	98	1.0
43	101	1.0
43	129	1.0
43	136	1.0
43	139	1.0
44	44	640.0
44	45	18.0
44	47	2.0
44	49	1.0
44	57	2.0
44	72	1.0
44	77	1.0
44	80	1.0
44	86	1.0
44	95	2.0
44	102	1.0
44	122	1.0
44	131	1.0
44	151	1.0
45	45	614.0
45	46	15.0
45	47	13.0
45	48	1.0
45	49	1.0
45	65	1.0
45	66	1.0
45	76	1.0
45	80	1.0
45	84	1.0
45	100	3.0
45	101	4.0
45	102	1.0
45	147	1.0
45	149	1.0
46	46	497.0
46	47	37.0
46	48	6.0
46	49	18.0
46	50	24.0
46	55	1.0
46	101	1.0
46	107	1.0
46	121	1.0
46	128	1.0
47	47	606.0
47	48	16.0
47	49	23.0
47	50	25.0
47	52	1.0
47	53	2.0
47	54	4.0
47	55	2.0
47	101	14.0
47	109	1.0
47	115	1.0
47	130	1.0
47	138	1.0
47	157	1.0
48	48	585.0
48	49	14.0
48	50	18.0
48	51	10.0
48	52	11.0
48	53	26.0
48	54	2.0
48	55	19.0
48	56	3.0
48	69	1.0
48	100	2.0
48	101	4.0
48	109	1.0
49	49	575.0
49	50	38.0
49	51	6.0
49	52	10.0
49	53	4.0
49	54	8.0
49	83	1.0
49	101	5.0
49	135	1.0
49	142	1.0
50	50	573.0
50	51	26.0
50	52	17.0
50	53	5.0
50	54	3.0
50	55	1.0
50	56	3.0
50	78	1.0
50	100	1.0
50	101	8.0
50	109	1.0
50	116	1.0
50	123	1.0
50	152	1.0
50	156	1.0
51	51	556.0
51	52	20.0
51	53	8.0
51	54	12.0
51	55	3.0
51	56	2.0
51	65	1.0
51	67	6.0
51	68	2.0
51	69	8.0
51	70	3.0
51	96	1.0
51	101	4.0
51	102	1.0
51	103	1.0
51	144	1.0
52	52	496.0
52	53	40.0
52	54	28.0
52	55	28.0
52	56	4.0
52	57	1.0
52	58	1.0
52	62	1.0
52	67	1.0
52	69	13.0
52	70	2.0
52	71	2.0
52	82	1.0
52	93	1.0
52	101	2.0
52	103	6.0
52	104	1.0
52	111	1.0
52	141	1.0
52	145	1.0
53	53	585.0
53	54	38.0
53	55	12.0
53	56	2.0
53	57	1.0
53	61	2.0
53	63	2.0
53	69	3.0
53	70	4.0
53	71	12.0
53	72	8.0
53	100	1.0
53	103	1.0
53	105	1.0
53	113	1.0
54	54	560.0
54	55	23.0
54	56	7.0
54	57	2.0
54	58	1.0
54	61	1.0
54	63	1.0
54	67	1.0
54	69	2.0
54	70	6.0
54	72	4.0
54	73	1.0
54	101	5.0
54	102	1.0
54	103	4.0
54	104	2.0
54	120	1.0
54	139	1.0
54	149	1.0
54	152	1.0
55	55	551.0
55	56	19.0
55	62	1.0
55	67	1.0
55	72	2.0
55	85	1.0
55	100	3.0
55	101	9.0
55	122	1.0
55	133	1.0
56	56	476.0
56	57	6.0
56	61	2.0
56	62	2.0
56	63	3.0
56	64	1.0
56	67	1.0
56	70	2.0
56	71	1.0
56	72	3.0
56	73	1.0
56	100	2.0
56	101	5.0
56	102	1.0
56	103	2.0
56	152	1.0
56	154	1.0
57	57	414.0
57	58	5.0
57	61	26.0
57	62	1.0
57	63	2.0
57	64	1.0
57	67	1.0
57	71	2.0
57	72	2.0
57	73	2.0
57	79	3.0
57	84	1.0
57	89	2.0
57	95	2.0
57	96	2.0
57	97	13.0
57	99	2.0
57	146	1.0
58	58	34.0
58	61	5.0
58	62	2.0
61	61	1870.0
61	62	30.0
61	63	4.0
61	64	1.0
61	65	2.0
61	70	9.0
61	71	14.0
61	72	1.0
61	81	2.0
61	84	2.0
61	85	1.0
61	86	2.0
61	87	2.0
61	89	1.0
61	96	1.0
61	97	2.0
61	99	12.0
61	100	3.0
61	101	1.0
61	107	1.0
61	111	1.0
61	116	1.0
61	127	1.0
61	133	1.0
62	62	484.0
62	63	8.0
62	70	7.0
62	71	2.0
62	72	1.0
62	98	1.0
62	99	1.0
62	102	1.0
62	110	2.0
62	134	1.0
63	63	396.0
63	64	16.0
63	65	4.0
63	70	6.0
63	71	1.0
63	72	4.0
63	73	3.0
63	80	2.0
63	91	1.0
63	100	1.0
63	102	2.0
63	106	1.0
63	110	1.0
63	156	4.0
64	64	484.0
64	65	18.0
64	70	7.0
64	71	2.0
64	72	1.0
64	99	1.0
64	100	1.0
64	101	4.0
64	102	8.0
64	106	1.0
64	110	1.0
64	122	1.0
64	128	1.0
64	146	1.0
64	156	2.0
65	65	415.0
65	66	31.0
65	69	1.0
65	70	6.0
65	72	5.0
65	75	3.0
65	80	2.0
65	82	2.0
65	87	3.0
65	88	1.0
65	90	12.0
65	97	1.0
65	98	1.0
65	99	16.0
65	105	1.0
65	106	5.0
65	128	2.0
65	129	2.0
65	144	1.0
65	148	1.0
66	66	487.0
66	67	6.0
66	68	3.0
66	69	3.0
66	70	3.0
66	71	1.0
66	72	5.0
66	73	2.0
66	75	1.0
66	78	1.0
66	80	4.0
66	81	3.0
66	82	1.0
66	87	2.0
66	88	2.0
66	90	4.0
66	98	2.0
66	99	18.0
66	103	7.0
66	104	1.0
66	105	8.0
66	106	5.0
66	107	1.0
66	153	1.0
67	67	563.0
67	68	45.0
67	69	19.0
67	70	1.0
67	86	1.0
67	103	8.0
67	104	3.0
67	105	10.0
67	106	1.0
67	124	1.0
67	127	1.0
67	133	1.0
68	68	604.0
68	69	26.0
68	70	4.0
68	87	2.0
68	89	1.0
68	98	1.0
68	105	2.0
68	106	2.0
68	107	1.0
69	69	574.0
69	70	20.0
69	71	2.0
69	77	1.0
69	80	2.0
69	87	1.0
69	90	7.0
69	91	3.0
69	98	1.0
69	101	1.0
69	103	8.0
69	105	4.0
69	106	8.0
69	113	1.0
69	133	1.0
70	70	652.0
70	71	15.0
70	72	3.0
70	82	1.0
70	86	1.0
70	87	4.0
70	88	1.0
70	97	1.0
70	98	1.0
70	99	4.0
70	102	11.0
70	103	8.0
70	104	2.0
70	105	11.0
71	71	537.0
71	76	1.0
71	80	1.0
71	82	2.0
71	84	4.0
71	93	1.0
71	95	1.0
71	96	1.0
71	97	3.0
71	98	3.0
71	99	4.0
71	100	1.0
71	102	2.0
71	103	6.0
71	105	4.0
72	72	294.0
72	73	9.0
72	74	1.0
72	76	2.0
72	87	1.0
72	94	1.0
72	95	1.0
72	98	1.0
72	102	1.0
72	106	1.0
72	135	1.0
72	154	1.0
73	73	602.0
73	74	6.0
73	75	1.0
73	76	1.0
73	77	1.0
73	102	1.0
73	103	1.0
73	107	2.0
73	110	2.0
73	114	1.0
73	138	1.0
73	141	1.0
73	144	1.0
73	156	1.0
73	158	7.0
73	159	1.0
74	74	111.0
74	75	1.0
74	77	4.0
74	78	1.0
74	83	1.0
74	101	1.0
74	158	3.0
75	75	558.0
75	76	13.0
75	77	11.0
75	78	3.0
75	79	3.0
75	83	1.0
75	98	1.0
75	102	1.0
75	124	1.0
75	159	1.0
76	76	262.0
76	77	11.0
76	78	8.0
76	79	8.0
76	80	5.0
76	81	4.0
76	82	3.0
76	83	5.0
76	88	1.0
76	89	5.0
76	96	2.0
76	101	1.0
77	77	578.0
77	78	29.0
77	79	5.0
77	80	15.0
77	81	7.0
77	82	7.0
77	83	7.0
77	84	1.0
77	86	1.0
77	87	3.0
77	88	7.0
77	89	3.0
77	95	2.0
77	97	2.0
77	98	1.0
77	99	1.0
77	110	1.0
78	78	531.0
78	79	16.0
78	80	11.0
78	81	23.0
78	82	5.0
78	83	4.0
78	87	5.0
78	88	3.0
78	89	10.0
78	97	1.0
78	100	2.0
78	119	1.0
78	124	1.0
78	129	1.0
78	136	1.0
79	79	531.0
79	80	6.0
79	81	6.0
79	82	10.0
79	83	3.0
79	84	4.0
79	85	2.0
79	86	1.0
79	87	2.0
79	88	6.0
79	89	4.0
79	95	2.0
79	96	16.0
79	99	2.0
79	100	3.0
79	109	3.0
79	110	15.0
79	111	4.0
79	112	1.0
79	113	1.0
79	125	1.0
80	80	481.0
80	81	27.0
80	82	16.0
80	83	2.0
80	84	1.0
80	87	2.0
80	88	16.0
80	89	3.0
80	95	1.0
80	97	2.0
80	98	2.0
80	109	1.0
80	110	5.0
80	142	1.0
81	81	530.0
81	82	40.0
81	83	5.0
81	85	1.0
81	87	3.0
81	88	9.0
81	89	3.0
81	100	1.0
81	111	1.0
82	82	498.0
82	83	12.0
82	84	13.0
82	85	1.0
82	86	1.0
82	87	17.0
82	88	2.0
82	89	1.0
82	95	2.0
82	96	4.0
82	97	1.0
82	98	1.0
82	99	7.0
82	100	1.0
82	107	1.0
82	110	1.0
82	121	1.0
82	152	1.0
83	83	527.0
83	84	16.0
83	85	14.0
83	86	7.0
83	89	2.0
83	90	1.0
83	95	1.0
83	110	4.0
84	84	505.0
84	85	13.0
84	86	19.0
84	91	5.0
84	93	2.0
84	95	3.0
84	96	2.0
84	97	1.0
84	99	4.0
84	110	2.0
84	111	1.0
84	139	1.0
85	85	488.0
85	86	39.0
85	87	1.0
85	89	1.0
85	90	10.0
85	91	2.0
85	92	3.0
85	95	3.0
85	96	7.0
85	107	2.0
85	108	3.0
85	109	11.0
85	110	4.0
85	113	8.0
85	116	1.0
86	86	525.0
86	87	10.0
86	89	7.0
86	90	2.0
86	91	5.0
86	92	1.0
86	93	1.0
86	94	4.0
86	95	10.0
86	96	10.0
86	99	2.0
86	100	3.0
86	105	2.0
86	109	1.0
86	110	5.0
86	111	2.0
86	115	2.0
86	132	1.0
86	151	1.0
87	87	498.0
87	88	13.0
87	89	10.0
87	90	3.0
87	96	4.0
87	97	5.0
87	99	3.0
87	100	2.0
87	107	5.0
87	108	2.0
87	114	3.0
87	144	1.0
88	88	528.0
88	89	12.0
88	90	5.0
88	91	6.0
88	92	1.0
88	97	2.0
88	99	2.0
88	106	2.0
88	107	7.0
88	114	2.0
88	134	1.0
88	145	1.0
89	89	456.0
89	90	13.0
89	91	14.0
89	92	8.0
89	95	2.0
89	96	2.0
89	99	1.0
89	106	4.0
89	107	12.0
89	110	1.0
89	114	3.0
89	115	12.0
89	119	1.0
89	127	1.0
90	90	548.0
90	91	14.0
90	92	5.0
90	94	1.0
90	99	4.0
90	106	3.0
90	133	1.0
90	134	1.0
90	137	1.0
90	157	1.0
91	91	541.0
91	92	13.0
91	93	6.0
91	94	6.0
91	95	4.0
91	98	2.0
91	99	1.0
91	106	1.0
91	107	15.0
91	113	1.0
91	114	6.0
91	115	2.0
91	122	1.0
91	124	1.0
91	130	1.0
91	138	1.0
92	92	584.0
92	93	19.0
92	94	11.0
92	95	4.0
92	96	2.0
92	97	2.0
92	103	1.0
92	107	6.0
92	108	2.0
92	114	6.0
92	115	10.0
92	123	1.0
92	140	1.0
92	144	1.0
92	147	1.0
93	93	544.0
93	94	8.0
93	95	10.0
93	96	2.0
93	97	7.0
93	105	1.0
93	108	1.0
93	109	2.0
93	113	7.0
93	114	3.0
93	116	4.0
93	117	2.0
93	118	1.0
93	121	1.0
93	123	18.0
93	124	12.0
93	125	4.0
93	128	1.0
93	131	2.0
94	94	564.0
94	95	28.0
94	96	3.0
94	97	3.0
94	99	1.0
94	107	6.0
94	108	2.0
94	112	2.0
94	113	3.0
94	114	9.0
94	115	6.0
94	123	1.0
94	126	2.0
95	95	526.0
95	96	26.0
95	97	8.0
95	99	7.0
95	100	1.0
95	102	1.0
95	108	5.0
95	109	1.0
95	111	4.0
95	112	1.0
95	113	8.0
95	123	2.0
95	125	1.0
95	138	1.0
95	139	1.0
95	148	1.0
95	157	1.0
96	96	538.0
96	97	10.0
96	99	1.0
96	100	4.0
96	107	1.0
96	108	9.0
96	112	5.0
96	113	5.0
96	114	5.0
96	121	2.0
96	123	1.0
96	125	6.0
96	140	1.0
96	156	2.0
96	158	1.0
97	97	495.0
97	98	9.0
97	99	6.0
97	100	2.0
97	108	6.0
97	109	2.0
97	112	3.0
97	113	3.0
97	121	9.0
97	122	2.0
97	124	2.0
97	125	20.0
97	126	6.0
97	127	7.0
97	138	1.0
97	142	1.0
97	157	2.0
97	159	1.0
98	98	617.0
98	99	11.0
98	100	2.0
98	104	1.0
98	107	1.0
98	114	2.0
98	121	1.0
98	127	8.0
98	128	8.0
98	129	5.0
98	130	2.0
99	99	554.0
99	100	5.0
99	102	4.0
99	105	2.0
99	106	5.0
99	111	1.0
99	132	1.0
99	148	1.0
100	100	549.0
100	101	11.0
100	102	10.0
100	128	1.0
100	136	1.0
100	138	1.0
100	155	5.0
100	156	9.0
100	157	8.0
100	158	1.0
101	101	581.0
101	102	4.0
101	120	1.0
101	131	1.0
101	140	1.0
101	151	3.0
101	152	1.0
101	153	5.0
101	154	4.0
101	155	16.0
101	156	7.0
101	157	8.0
102	102	385.0
102	103	18.0
102	104	5.0
102	114	1.0
102	129	2.0
102	149	1.0
102	156	1.0
102	157	7.0
103	103	593.0
103	104	31.0
103	105	11.0
103	124	1.0
104	104	595.0
104	105	17.0
104	107	4.0
104	108	1.0
104	112	5.0
104	118	1.0
104	132	2.0
104	137	1.0
104	157	2.0
104	158	1.0
105	105	598.0
105	106	31.0
105	107	2.0
105	108	1.0
105	112	1.0
105	114	1.0
105	124	5.0
105	125	1.0
105	126	1.0
105	139	2.0
105	140	4.0
105	141	5.0
105	144	1.0
105	145	1.0
105	150	5.0
106	106	590.0
106	107	13.0
106	108	3.0
106	110	1.0
106	111	1.0
106	113	1.0
106	114	3.0
106	124	2.0
106	125	4.0
106	126	7.0
106	127	2.0
106	132	1.0
106	135	1.0
106	137	3.0
106	139	8.0
106	141	2.0
106	144	1.0
106	145	3.0
106	150	4.0
107	107	543.0
107	108	21.0
107	114	12.0
107	115	2.0
107	127	4.0
107	131	1.0
107	137	3.0
107	141	1.0
107	145	1.0
108	108	582.0
108	109	16.0
108	110	8.0
108	111	16.0
108	112	23.0
108	113	14.0
108	114	2.0
108	117	1.0
108	125	5.0
108	148	1.0
109	109	504.0
109	110	18.0
109	111	24.0
109	112	14.0
109	113	15.0
109	116	1.0
109	121	1.0
109	122	14.0
109	123	9.0
109	124	4.0
109	125	1.0
109	126	3.0
109	128	1.0
109	137	1.0
109	152	1.0
110	110	524.0
110	111	22.0
110	112	12.0
110	113	2.0
110	122	4.0
110	124	2.0
110	125	1.0
111	111	540.0
111	112	28.0
111	113	7.0
111	121	1.0
111	122	10.0
111	123	12.0
111	124	1.0
111	125	6.0
111	127	2.0
111	150	2.0
112	112	552.0
112	113	26.0
112	122	6.0
112	124	3.0
112	125	1.0
112	127	2.0
112	150	1.0
113	113	482.0
113	114	6.0
113	115	5.0
113	116	2.0
113	117	1.0
113	119	3.0
113	122	4.0
113	123	3.0
113	124	4.0
113	125	11.0
113	126	7.0
113	133	1.0
113	134	1.0
113	141	1.0
113	142	1.0
113	144	1.0
113	145	9.0
113	146	3.0
113	159	1.0
114	114	512.0
114	115	29.0
114	125	3.0
114	126	2.0
114	128	1.0
114	129	1.0
114	133	1.0
114	134	6.0
114	139	4.0
114	140	7.0
114	141	6.0
114	142	2.0
114	144	2.0
114	145	1.0
114	146	12.0
114	150	2.0
115	115	514.0
115	116	26.0
115	120	1.0
115	124	9.0
115	125	1.0
115	126	1.0
115	131	1.0
115	133	1.0
115	139	1.0
115	140	1.0
115	142	2.0
115	144	10.0
115	145	9.0
115	146	2.0
115	147	1.0
115	148	4.0
115	149	1.0
115	150	3.0
116	116	573.0
116	117	20.0
116	118	9.0
116	119	6.0
116	120	8.0
116	121	1.0
116	123	5.0
116	124	5.0
116	130	1.0
116	135	5.0
116	139	6.0
116	145	5.0
116	147	1.0
116	149	1.0
117	117	515.0
117	118	37.0
117	119	10.0
117	120	20.0
117	121	26.0
117	123	2.0
117	124	1.0
117	131	1.0
117	132	3.0
117	133	1.0
117	134	3.0
117	135	3.0
117	138	3.0
117	139	6.0
117	150	1.0
117	151	1.0
117	152	1.0
118	118	544.0
118	119	24.0
118	120	21.0
118	121	7.0
118	122	2.0
118	123	4.0
118	124	2.0
118	125	2.0
118	126	2.0
118	130	3.0
118	132	1.0
118	134	4.0
118	135	6.0
118	138	9.0
118	139	2.0
118	150	8.0
119	119	491.0
119	120	32.0
119	121	4.0
119	122	11.0
119	123	4.0
119	124	10.0
119	125	7.0
119	126	2.0
119	127	1.0
119	134	3.0
119	135	12.0
119	136	8.0
119	137	1.0
119	138	2.0
119	145	1.0
119	149	4.0
119	150	1.0
119	154	1.0
120	120	522.0
120	121	15.0
120	122	8.0
120	123	2.0
120	124	2.0
120	125	1.0
120	126	3.0
120	127	1.0
120	131	7.0
120	134	1.0
120	135	14.0
120	136	6.0
120	137	1.0
120	138	4.0
120	148	1.0
120	150	4.0
120	151	4.0
120	158	1.0
121	121	502.0
121	122	16.0
121	123	8.0
121	124	5.0
121	125	4.0
121	126	10.0
121	127	2.0
121	135	8.0
121	141	1.0
121	151	2.0
121	153	1.0
122	122	556.0
122	123	18.0
122	124	10.0
122	125	3.0
122	126	12.0
122	127	2.0
123	123	485.0
123	124	31.0
123	125	8.0
123	126	5.0
123	127	8.0
123	129	1.0
123	133	1.0
123	139	1.0
123	145	2.0
123	150	3.0
123	151	1.0
123	153	1.0
124	124	507.0
124	125	23.0
124	126	22.0
124	127	13.0
124	130	2.0
124	134	1.0
124	136	1.0
124	139	1.0
124	145	8.0
124	149	2.0
124	150	8.0
124	152	1.0
125	125	495.0
125	126	39.0
125	127	12.0
125	141	1.0
125	142	1.0
125	144	2.0
125	145	7.0
125	147	1.0
126	126	551.0
126	127	19.0
126	135	3.0
126	144	8.0
126	145	5.0
126	146	2.0
126	150	3.0
126	155	1.0
127	127	657.0
127	128	4.0
127	129	1.0
127	130	4.0
127	131	3.0
127	142	4.0
127	145	4.0
127	149	10.0
127	150	12.0
127	154	3.0
128	128	608.0
128	129	37.0
128	130	25.0
128	132	2.0
128	136	1.0
128	139	1.0
128	152	1.0
129	129	630.0
129	130	30.0
129	148	3.0
129	149	4.0
129	152	1.0
129	153	1.0
129	156	1.0
129	159	1.0
130	130	493.0
130	131	20.0
130	132	4.0
130	134	1.0
130	138	5.0
130	139	15.0
130	140	3.0
130	158	1.0
131	131	664.0
131	132	40.0
131	134	24.0
131	135	10.0
131	136	1.0
131	137	4.0
131	138	12.0
131	139	9.0
131	140	8.0
131	141	2.0
131	142	5.0
131	143	1.0
131	144	1.0
131	146	4.0
131	153	1.0
132	132	633.0
132	133	28.0
132	134	15.0
132	138	5.0
132	139	5.0
132	140	10.0
132	141	7.0
132	142	8.0
132	144	1.0
132	146	4.0
132	147	1.0
132	149	2.0
132	150	1.0
132	158	1.0
133	133	570.0
133	134	16.0
133	135	1.0
133	138	2.0
133	140	13.0
133	141	5.0
133	142	17.0
133	143	6.0
133	146	4.0
134	134	577.0
134	135	14.0
134	136	9.0
134	137	16.0
134	138	17.0
134	139	3.0
134	140	6.0
134	142	8.0
134	143	2.0
134	144	3.0
134	146	1.0
134	150	1.0
135	135	610.0
135	136	12.0
135	137	5.0
135	138	19.0
135	139	3.0
135	141	1.0
135	145	1.0
135	154	1.0
135	158	1.0
136	136	489.0
136	137	32.0
136	138	4.0
136	142	2.0
136	143	4.0
136	144	4.0
136	145	5.0
137	137	539.0
137	138	14.0
137	139	1.0
137	140	1.0
137	141	3.0
137	143	4.0
137	144	6.0
137	145	2.0
137	148	1.0
137	149	4.0
137	150	6.0
138	138	523.0
138	139	6.0
138	141	1.0
138	144	1.0
138	147	1.0
138	158	3.0
139	139	600.0
139	140	20.0
139	141	4.0
139	143	1.0
139	144	3.0
140	140	598.0
140	141	47.0
140	145	1.0
140	146	2.0
140	148	3.0
140	149	5.0
140	150	8.0
140	158	2.0
141	141	580.0
141	142	16.0
141	143	3.0
141	144	10.0
141	145	9.0
141	146	14.0
141	147	8.0
141	148	12.0
141	149	8.0
141	150	7.0
142	142	534.0
142	143	9.0
142	144	11.0
142	145	14.0
142	146	14.0
142	147	15.0
142	148	4.0
142	149	4.0
142	150	5.0
143	143	298.0
143	144	9.0
143	145	3.0
143	146	2.0
143	147	3.0
143	149	5.0
143	150	4.0
144	144	513.0
144	145	21.0
144	146	10.0
144	147	12.0
144	148	9.0
144	149	4.0
144	150	3.0
144	153	1.0
145	145	488.0
145	146	17.0
145	147	9.0
145	148	1.0
145	149	6.0
145	150	7.0
145	158	1.0
146	146	479.0
146	147	33.0
146	148	3.0
146	150	3.0
147	147	591.0
147	148	19.0
147	149	2.0
148	148	563.0
148	149	7.0
148	150	7.0
149	149	476.0
149	150	20.0
149	153	10.0
149	154	1.0
150	150	544.0
150	151	3.0
150	152	4.0
151	151	607.0
151	152	25.0
151	153	8.0
151	154	2.0
151	155	12.0
151	156	8.0
151	157	1.0
152	152	560.0
152	153	20.0
152	154	4.0
152	155	7.0
152	156	2.0
153	153	455.0
153	154	17.0
153	155	12.0
153	157	1.0
154	154	589.0
154	155	31.0
154	156	4.0
154	157	1.0
155	155	718.0
155	156	32.0
155	157	1.0
156	156	605.0
156	157	6.0
157	157	680.0
157	158	32.0
158	158	673.0
158	159	4.0
159	159	96.0
160	1	3.0
160	2	1.0
160	3	2.0
160	4	2.0
160	5	10.0
160	6	4.0
160	7	5.0
160	8	4.0
160	11	2.0
160	12	6.0
160	13	2.0
160	14	3.0
160	15	1.0
160	16	1.0
160	19	1.0
160	43	1.0
160	44	3.0
160	45	1.0
160	56	1.0
160	72	1.0
160	73	6.0
160	74	1.0
160	75	3.0
160	98	1.0
160	107	1.0
160	157	1.0
160	158	3.0
160	160	576.0
