1	1	462.0
1	2	36.0
1	3	7.0
1	4	8.0
1	5	4.0
1	6	5.0
1	7	3.0
1	17	2.0
1	25	7.0
1	26	17.0
1	37	3.0
1	38	5.0
1	41	3.0
1	42	1.0
1	44	1.0
1	61	6.0
1	62	1.0
1	67	1.0
1	73	1.0
1	76	1.0
2	2	407.0
2	3	27.0
2	4	1.0
2	6	3.0
2	7	1.0
2	17	4.0
2	25	4.0
2	26	9.0
2	36	1.0
2	41	7.0
2	42	14.0
2	58	1.0
2	60	1.0
2	62	1.0
2	75	1.0
3	3	417.0
3	4	12.0
3	5	26.0
3	6	8.0
3	7	2.0
3	16	10.0
3	17	8.0
3	35	1.0
3	41	1.0
3	42	3.0
4	4	461.0
4	5	16.0
4	6	33.0
4	7	7.0
4	17	1.0
4	32	1.0
4	39	1.0
4	46	1.0
4	58	1.0
4	64	1.0
5	5	473.0
5	6	49.0
5	7	3.0
5	19	1.0
5	29	1.0
5	37	1.0
5	62	1.0
5	74	1.0
5	75	1.0
5	77	1.0
5	78	1.0
6	6	487.0
6	7	23.0
6	16	7.0
6	17	9.0
6	29	1.0
6	41	2.0
6	59	1.0
6	67	1.0
6	73	1.0
6	78	1.0
6	79	1.0
7	7	488.0
7	8	23.0
7	9	7.0
7	15	1.0
7	16	7.0
7	17	4.0
7	41	5.0
7	42	2.0
7	72	1.0
7	73	12.0
7	74	8.0
7	75	1.0
7	78	4.0
8	8	477.0
8	9	31.0
8	10	2.0
8	14	1.0
8	15	12.0
8	16	14.0
8	40	8.0
8	41	5.0
8	49	1.0
8	52	2.0
8	60	1.0
8	61	3.0
8	64	1.0
8	73	4.0
8	74	5.0
8	75	5.0
8	78	1.0
9	9	454.0
9	10	30.0
9	11	4.0
9	16	5.0
9	40	10.0
9	41	1.0
9	57	1.0
9	60	2.0
9	61	9.0
9	65	1.0
9	73	2.0
9	74	5.0
9	75	2.0
9	76	1.0
10	10	388.0
10	11	33.0
10	12	28.0
10	13	12.0
10	14	10.0
10	15	1.0
10	16	2.0
10	20	1.0
10	45	1.0
10	49	1.0
10	76	1.0
11	11	389.0
11	12	22.0
11	13	7.0
11	16	2.0
11	21	1.0
11	57	1.0
11	66	1.0
11	68	1.0
12	12	395.0
12	13	20.0
12	14	14.0
12	15	7.0
12	38	1.0
12	61	1.0
12	75	1.0
13	13	377.0
13	14	53.0
13	15	12.0
13	25	1.0
13	50	1.0
13	78	1.0
14	14	435.0
14	15	23.0
14	47	2.0
14	75	1.0
14	76	2.0
14	77	4.0
15	15	330.0
15	16	7.0
15	18	6.0
15	20	6.0
15	75	6.0
15	76	5.0
15	77	8.0
16	16	328.0
16	17	18.0
16	18	2.0
16	20	1.0
16	21	1.0
16	40	1.0
16	42	2.0
16	68	1.0
16	74	4.0
16	76	1.0
17	17	521.0
17	18	10.0
17	29	4.0
17	40	7.0
17	41	14.0
17	42	17.0
17	73	5.0
17	75	1.0
17	79	1.0
18	18	264.0
18	21	1.0
18	29	6.0
18	30	1.0
18	37	8.0
18	40	4.0
18	41	5.0
18	42	5.0
18	43	2.0
18	61	1.0
18	73	1.0
18	74	1.0
18	77	5.0
19	19	372.0
19	20	5.0
19	62	1.0
19	73	1.0
20	20	259.0
20	21	18.0
20	45	1.0
20	57	1.0
20	58	1.0
20	76	1.0
21	21	441.0
21	22	10.0
21	25	12.0
21	40	1.0
21	44	1.0
21	52	1.0
21	65	1.0
21	79	1.0
22	22	103.0
22	72	1.0
25	25	302.0
25	36	1.0
25	43	1.0
25	50	1.0
25	69	1.0
26	26	455.0
26	27	6.0
26	37	3.0
26	38	19.0
26	42	2.0
26	43	1.0
26	60	2.0
26	61	6.0
26	62	2.0
27	27	520.0
27	28	12.0
27	29	5.0
27	30	12.0
27	35	1.0
27	36	10.0
27	37	2.0
27	38	1.0
27	40	3.0
27	41	14.0
27	42	1.0
27	44	1.0
27	52	1.0
27	61	1.0
27	62	6.0
27	78	1.0
28	28	387.0
28	29	29.0
28	30	5.0
28	31	1.0
28	36	1.0
28	37	1.0
28	55	1.0
28	58	1.0
28	61	1.0
29	29	371.0
29	30	29.0
29	31	1.0
29	32	1.0
29	33	1.0
29	34	3.0
29	35	1.0
29	36	2.0
29	37	7.0
29	38	6.0
29	40	2.0
29	42	1.0
29	48	1.0
29	64	2.0
29	65	3.0
30	30	408.0
30	31	13.0
30	34	3.0
30	35	3.0
30	36	3.0
30	37	14.0
30	38	1.0
30	39	10.0
30	40	3.0
30	41	4.0
30	42	1.0
30	62	15.0
30	64	3.0
30	65	3.0
31	31	435.0
31	32	24.0
31	33	3.0
31	34	4.0
31	35	18.0
31	36	2.0
31	38	10.0
31	39	20.0
31	40	9.0
31	44	1.0
31	76	1.0
32	32	445.0
32	33	27.0
32	34	11.0
32	35	6.0
32	38	14.0
32	39	7.0
32	49	2.0
32	50	4.0
32	62	1.0
32	74	1.0
33	33	439.0
33	34	14.0
33	35	2.0
33	36	13.0
33	38	12.0
33	40	1.0
33	50	2.0
33	51	7.0
33	53	1.0
33	55	2.0
33	58	1.0
33	59	3.0
33	63	1.0
34	34	298.0
34	35	17.0
34	36	11.0
34	37	1.0
34	38	1.0
34	49	2.0
34	52	5.0
34	55	1.0
34	56	7.0
34	58	2.0
34	59	2.0
34	62	2.0
34	65	2.0
34	66	3.0
34	71	1.0
35	35	467.0
35	36	12.0
35	37	2.0
35	43	1.0
35	45	3.0
35	55	3.0
35	56	10.0
35	57	28.0
35	58	9.0
35	61	1.0
35	62	17.0
35	63	1.0
35	65	4.0
35	74	1.0
35	81	1.0
36	36	398.0
36	37	6.0
36	38	2.0
36	40	2.0
36	41	5.0
36	42	5.0
36	45	15.0
36	46	3.0
36	48	1.0
36	50	2.0
36	51	1.0
36	52	2.0
36	53	1.0
36	56	1.0
36	58	3.0
36	64	2.0
36	71	4.0
36	72	3.0
36	74	1.0
36	75	1.0
37	37	489.0
37	38	14.0
37	39	5.0
37	40	6.0
37	41	1.0
37	42	1.0
37	49	1.0
37	60	6.0
37	61	16.0
37	62	15.0
37	71	1.0
37	73	4.0
38	38	446.0
38	39	5.0
38	49	2.0
38	50	1.0
38	52	1.0
38	58	3.0
38	60	1.0
38	61	6.0
38	62	3.0
38	69	1.0
38	74	1.0
39	39	431.0
39	40	8.0
39	45	2.0
39	46	2.0
39	47	1.0
39	48	2.0
39	49	8.0
39	52	2.0
39	59	1.0
39	60	3.0
39	61	10.0
39	62	1.0
39	66	1.0
40	40	454.0
40	41	28.0
40	42	15.0
40	43	1.0
40	61	5.0
40	62	5.0
40	64	1.0
40	65	1.0
40	75	1.0
40	79	1.0
40	80	14.0
41	41	473.0
41	42	32.0
41	61	3.0
41	62	5.0
41	64	1.0
41	73	3.0
41	74	1.0
41	79	1.0
41	80	6.0
41	81	1.0
42	42	454.0
42	43	18.0
42	44	5.0
42	45	6.0
42	46	12.0
42	47	3.0
42	48	4.0
42	49	2.0
42	57	1.0
42	58	1.0
42	61	3.0
42	62	1.0
42	73	3.0
43	43	418.0
43	44	17.0
43	45	10.0
43	46	4.0
43	47	10.0
43	56	4.0
43	61	5.0
43	62	16.0
43	65	2.0
43	71	9.0
43	72	5.0
43	73	7.0
43	80	1.0
44	44	284.0
44	45	13.0
44	46	1.0
44	47	3.0
44	48	2.0
44	56	1.0
44	57	1.0
44	62	2.0
44	65	1.0
44	69	1.0
44	71	3.0
44	72	4.0
45	45	364.0
45	46	35.0
45	47	7.0
45	48	11.0
45	56	4.0
45	60	2.0
45	62	1.0
45	70	4.0
45	71	16.0
45	72	2.0
46	46	483.0
46	47	32.0
46	48	17.0
46	49	1.0
46	60	1.0
46	70	2.0
46	71	2.0
46	79	1.0
47	47	430.0
47	48	15.0
47	69	1.0
47	71	1.0
47	73	1.0
48	48	503.0
48	49	6.0
48	50	1.0
48	51	3.0
48	54	2.0
48	56	2.0
48	59	1.0
48	61	1.0
48	66	3.0
48	67	2.0
48	70	6.0
48	71	6.0
48	72	10.0
49	49	402.0
49	50	33.0
49	51	16.0
49	52	21.0
49	53	6.0
49	54	22.0
49	55	6.0
49	56	4.0
49	58	4.0
49	60	7.0
49	66	6.0
49	69	2.0
49	71	3.0
49	72	1.0
49	77	1.0
50	50	353.0
50	51	43.0
50	52	17.0
50	53	4.0
50	54	4.0
50	59	1.0
50	60	1.0
50	66	10.0
50	68	1.0
50	69	4.0
51	51	361.0
51	52	17.0
51	53	13.0
51	54	16.0
51	58	1.0
51	59	1.0
51	60	6.0
51	66	7.0
51	68	2.0
51	70	1.0
52	52	389.0
52	53	12.0
52	54	13.0
52	55	7.0
52	58	1.0
52	59	1.0
52	60	6.0
52	61	1.0
52	66	1.0
52	69	1.0
52	73	1.0
53	53	426.0
53	54	55.0
53	55	10.0
53	58	1.0
53	60	2.0
53	66	3.0
53	69	1.0
54	54	400.0
54	55	11.0
54	57	1.0
54	58	1.0
54	59	4.0
54	60	4.0
55	55	493.0
55	56	10.0
55	57	14.0
55	58	17.0
55	59	6.0
55	60	2.0
55	65	1.0
55	66	1.0
55	71	1.0
55	72	1.0
55	80	2.0
56	56	409.0
56	57	24.0
56	58	4.0
56	61	1.0
56	62	1.0
56	71	4.0
56	72	23.0
56	73	5.0
56	79	1.0
57	57	391.0
57	58	4.0
57	59	2.0
57	62	5.0
57	65	8.0
57	72	7.0
57	73	4.0
58	58	354.0
58	59	12.0
58	61	1.0
58	64	1.0
58	65	5.0
58	66	6.0
58	74	1.0
59	59	403.0
59	60	5.0
59	61	1.0
59	62	4.0
59	63	12.0
59	64	4.0
59	65	1.0
60	60	375.0
60	61	38.0
60	63	7.0
60	64	7.0
60	68	1.0
61	61	454.0
61	62	19.0
61	63	1.0
61	73	4.0
61	75	1.0
61	78	1.0
62	62	332.0
62	63	4.0
62	64	4.0
62	66	1.0
62	72	2.0
62	73	5.0
63	63	419.0
63	64	24.0
63	65	2.0
63	71	1.0
63	77	1.0
64	64	453.0
64	65	24.0
65	65	376.0
65	66	6.0
65	67	6.0
66	66	405.0
66	67	24.0
66	68	13.0
66	69	18.0
66	70	11.0
66	71	6.0
66	72	10.0
67	67	347.0
67	68	43.0
67	69	7.0
67	70	23.0
67	71	4.0
67	72	6.0
67	80	1.0
68	68	371.0
68	69	22.0
68	70	20.0
68	72	6.0
69	69	383.0
69	70	35.0
69	72	5.0
70	70	461.0
70	71	39.0
70	72	8.0
71	71	480.0
71	72	48.0
71	73	1.0
72	72	540.0
72	73	7.0
73	73	468.0
73	74	25.0
73	75	19.0
73	76	2.0
73	77	2.0
73	79	1.0
74	74	468.0
74	75	16.0
74	76	9.0
74	77	4.0
74	79	1.0
75	75	495.0
75	76	29.0
75	77	13.0
75	78	1.0
76	76	493.0
76	77	9.0
76	78	1.0
76	79	2.0
77	77	439.0
77	78	15.0
77	79	1.0
78	78	474.0
78	79	23.0
78	80	1.0
78	81	1.0
79	79	495.0
79	80	6.0
79	81	1.0
80	80	507.0
80	81	5.0
81	81	45.0
82	1	1.0
82	25	1.0
82	27	1.0
82	28	1.0
82	37	1.0
82	43	1.0
82	66	1.0
82	75	1.0
82	79	14.0
82	80	8.0
82	81	2.0
82	82	433.0
