1	1	146.0
1	2	3.0
1	13	1.0
1	24	1.0
2	1	2.0
2	2	171.0
2	15	1.0
3	3	93.0
3	29	1.0
4	4	57.0
4	6	1.0
5	4	1.0
5	5	66.0
5	6	1.0
6	5	4.0
6	6	65.0
6	7	2.0
6	8	1.0
7	6	3.0
7	7	127.0
7	8	4.0
8	5	1.0
8	6	1.0
8	7	2.0
8	8	119.0
8	9	1.0
9	1	1.0
9	9	152.0
9	10	2.0
10	6	1.0
10	7	1.0
10	9	1.0
10	10	100.0
10	11	2.0
11	10	2.0
11	11	95.0
11	12	1.0
12	11	1.0
12	12	174.0
12	13	7.0
12	14	1.0
12	27	1.0
12	68	1.0
13	12	7.0
13	13	185.0
13	14	1.0
14	12	1.0
14	14	151.0
14	19	3.0
14	25	2.0
14	28	1.0
15	15	135.0
15	17	1.0
15	25	1.0
16	15	2.0
16	16	74.0
16	17	2.0
16	23	1.0
17	2	1.0
17	15	2.0
17	16	1.0
17	17	239.0
17	18	2.0
17	21	1.0
17	22	1.0
17	28	1.0
18	14	1.0
18	16	1.0
18	17	4.0
18	18	78.0
18	21	1.0
18	22	1.0
19	18	1.0
19	19	188.0
19	20	1.0
19	26	3.0
20	17	1.0
20	19	3.0
20	20	190.0
20	21	1.0
20	24	2.0
20	25	1.0
20	26	2.0
20	50	1.0
21	14	2.0
21	19	1.0
21	20	3.0
21	21	115.0
21	22	1.0
21	26	1.0
22	15	2.0
22	17	2.0
22	22	129.0
22	23	3.0
22	24	1.0
22	25	1.0
22	27	1.0
23	16	2.0
23	21	1.0
23	23	198.0
23	24	1.0
23	27	1.0
23	48	1.0
23	49	1.0
24	14	2.0
24	23	3.0
24	24	213.0
24	25	3.0
24	26	1.0
24	27	2.0
24	28	1.0
24	48	2.0
24	67	1.0
25	14	1.0
25	19	1.0
25	23	1.0
25	24	2.0
25	25	207.0
25	26	3.0
25	27	2.0
25	31	3.0
25	46	1.0
25	71	1.0
26	19	1.0
26	25	2.0
26	26	178.0
26	27	4.0
27	14	3.0
27	17	2.0
27	24	1.0
27	25	3.0
27	27	204.0
27	28	2.0
28	24	2.0
28	26	1.0
28	27	2.0
28	28	129.0
28	66	1.0
29	13	1.0
29	29	121.0
29	30	2.0
29	88	4.0
30	2	2.0
30	27	1.0
30	30	163.0
30	31	1.0
30	49	1.0
30	82	1.0
31	25	1.0
31	28	1.0
31	30	1.0
31	31	189.0
31	33	2.0
32	32	118.0
32	33	1.0
32	34	2.0
33	32	1.0
33	33	112.0
33	34	1.0
33	35	1.0
33	46	8.0
34	33	1.0
34	34	197.0
34	35	2.0
34	46	2.0
35	34	1.0
35	35	57.0
46	33	1.0
46	34	2.0
46	46	310.0
46	47	3.0
46	49	2.0
46	88	1.0
47	7	1.0
47	47	194.0
47	48	2.0
47	51	1.0
47	57	2.0
48	24	2.0
48	27	1.0
48	47	3.0
48	48	194.0
48	49	2.0
49	24	1.0
49	28	1.0
49	48	3.0
49	49	193.0
49	50	1.0
49	81	1.0
50	48	1.0
50	49	2.0
50	50	197.0
50	51	1.0
50	52	2.0
50	53	3.0
51	50	3.0
51	51	173.0
51	52	2.0
51	53	1.0
52	46	1.0
52	50	5.0
52	51	4.0
52	52	172.0
52	53	1.0
52	54	1.0
52	55	1.0
52	57	1.0
53	52	1.0
53	53	189.0
53	54	5.0
53	55	2.0
53	87	1.0
54	53	2.0
54	54	208.0
54	55	5.0
54	56	4.0
54	57	1.0
54	85	1.0
54	86	1.0
55	51	3.0
55	53	3.0
55	54	6.0
55	55	201.0
55	56	2.0
55	85	2.0
55	86	1.0
56	53	1.0
56	54	1.0
56	55	2.0
56	56	222.0
56	57	3.0
57	24	1.0
57	46	1.0
57	47	1.0
57	56	4.0
57	57	189.0
58	57	3.0
58	58	174.0
58	59	7.0
58	60	1.0
58	62	3.0
58	63	1.0
59	58	4.0
59	59	176.0
59	60	3.0
59	61	1.0
59	63	1.0
60	55	1.0
60	59	1.0
60	60	170.0
60	61	6.0
60	62	2.0
60	63	5.0
60	65	2.0
61	60	3.0
61	61	188.0
61	62	3.0
61	65	1.0
62	60	2.0
62	62	194.0
62	63	1.0
62	64	2.0
63	61	3.0
63	62	1.0
63	63	169.0
63	64	5.0
63	65	1.0
63	66	1.0
63	85	1.0
64	54	1.0
64	60	4.0
64	62	2.0
64	63	1.0
64	64	183.0
64	65	2.0
64	66	1.0
65	61	2.0
65	62	2.0
65	63	1.0
65	64	5.0
65	65	214.0
65	66	1.0
66	64	1.0
66	65	1.0
66	66	231.0
67	66	1.0
67	67	216.0
67	68	4.0
67	87	1.0
68	67	1.0
68	68	208.0
68	70	2.0
68	85	1.0
69	69	199.0
69	70	2.0
69	71	1.0
70	69	1.0
70	70	114.0
70	71	1.0
71	53	1.0
71	68	1.0
71	70	1.0
71	71	165.0
71	72	2.0
72	69	1.0
72	71	1.0
72	72	152.0
72	73	7.0
72	80	2.0
73	71	1.0
73	72	4.0
73	73	199.0
73	78	2.0
73	80	3.0
73	81	4.0
74	46	1.0
74	62	1.0
74	70	1.0
74	74	116.0
74	78	2.0
74	80	1.0
75	75	88.0
75	76	2.0
75	77	2.0
76	76	100.0
77	77	100.0
77	78	1.0
77	80	1.0
78	69	1.0
78	73	3.0
78	77	1.0
78	78	97.0
78	79	4.0
78	80	1.0
79	73	1.0
79	77	1.0
79	78	1.0
79	79	103.0
79	80	6.0
80	74	1.0
80	77	4.0
80	78	1.0
80	79	1.0
80	80	86.0
80	81	1.0
81	67	1.0
81	73	2.0
81	79	2.0
81	80	3.0
81	81	108.0
81	82	1.0
82	23	1.0
82	81	2.0
82	82	102.0
82	83	2.0
83	82	1.0
83	83	114.0
83	84	1.0
84	83	1.0
84	84	165.0
85	54	3.0
85	56	1.0
85	68	1.0
85	85	212.0
85	86	2.0
86	55	2.0
86	67	1.0
86	86	192.0
86	87	5.0
87	21	1.0
87	29	1.0
87	84	1.0
87	85	2.0
87	86	3.0
87	87	191.0
88	29	4.0
88	46	1.0
88	47	1.0
88	88	186.0
88	89	3.0
89	57	1.0
89	88	1.0
89	89	175.0
90	26	1.0
90	89	2.0
90	90	31.0
91	1	1.0
91	2	1.0
91	66	1.0
91	91	192.0
