1	1	359.0
1	2	8.0
1	3	1.0
1	53	1.0
1	179	1.0
2	2	347.0
2	3	14.0
2	4	3.0
2	5	9.0
2	12	1.0
2	95	1.0
3	3	321.0
3	4	21.0
3	5	21.0
3	6	4.0
3	8	1.0
3	9	1.0
3	12	1.0
3	68	1.0
3	90	1.0
3	94	1.0
3	112	1.0
3	144	1.0
3	170	1.0
4	4	292.0
4	5	30.0
4	6	22.0
4	8	1.0
4	9	1.0
4	72	1.0
4	77	2.0
4	137	1.0
4	140	1.0
5	5	306.0
5	6	8.0
5	77	1.0
5	175	1.0
6	6	383.0
6	7	23.0
6	8	14.0
6	14	1.0
6	55	1.0
6	118	1.0
7	7	393.0
7	8	37.0
7	14	1.0
7	47	1.0
8	8	355.0
8	9	2.0
8	15	1.0
8	24	1.0
8	27	2.0
8	32	1.0
8	33	1.0
8	34	1.0
8	40	4.0
8	41	5.0
8	44	2.0
8	75	9.0
8	76	6.0
8	186	1.0
9	9	138.0
9	10	26.0
9	11	13.0
9	12	5.0
9	14	1.0
9	16	1.0
9	18	1.0
9	25	2.0
9	27	1.0
9	28	5.0
9	29	3.0
9	30	1.0
9	39	3.0
9	40	6.0
9	41	1.0
9	43	2.0
9	46	1.0
9	48	6.0
9	74	3.0
9	75	3.0
9	76	2.0
9	164	1.0
9	179	1.0
10	10	269.0
10	11	27.0
10	12	10.0
10	13	6.0
10	14	15.0
10	15	5.0
10	19	1.0
10	25	4.0
10	27	3.0
10	28	1.0
10	29	7.0
10	30	1.0
10	32	2.0
10	33	1.0
10	34	2.0
10	40	1.0
10	41	4.0
10	43	10.0
10	44	3.0
10	49	1.0
10	74	7.0
10	76	1.0
10	78	1.0
10	95	1.0
10	106	1.0
10	135	1.0
10	147	1.0
10	152	1.0
10	173	1.0
10	188	1.0
11	11	261.0
11	12	13.0
11	13	6.0
11	14	7.0
11	15	7.0
11	17	2.0
11	28	1.0
11	31	1.0
11	32	2.0
11	34	4.0
11	35	2.0
11	36	4.0
11	39	1.0
11	40	4.0
11	41	8.0
11	43	12.0
11	44	3.0
11	57	3.0
11	66	1.0
11	74	5.0
11	75	5.0
11	76	1.0
11	114	1.0
11	151	1.0
11	172	1.0
12	12	227.0
12	13	25.0
12	14	6.0
12	15	2.0
12	17	1.0
12	30	4.0
12	31	9.0
12	32	2.0
12	33	1.0
12	34	1.0
12	40	4.0
12	41	4.0
12	74	6.0
12	75	6.0
12	76	4.0
12	97	1.0
12	110	1.0
12	113	1.0
12	168	1.0
12	173	1.0
12	190	1.0
13	13	295.0
13	14	16.0
13	15	5.0
13	22	1.0
13	29	1.0
13	30	2.0
13	31	13.0
13	49	1.0
13	105	1.0
13	125	2.0
14	14	265.0
14	15	23.0
14	16	4.0
14	17	7.0
14	18	2.0
14	19	3.0
14	25	2.0
14	28	1.0
14	29	5.0
14	30	11.0
14	31	1.0
14	43	1.0
14	75	2.0
14	86	1.0
14	111	1.0
14	141	1.0
14	148	1.0
14	155	1.0
15	15	258.0
15	16	18.0
15	17	17.0
15	18	11.0
15	19	17.0
15	21	1.0
15	24	2.0
15	30	2.0
15	106	1.0
15	148	1.0
16	16	291.0
16	17	22.0
16	18	12.0
16	19	7.0
16	20	10.0
16	25	7.0
16	28	1.0
16	30	6.0
16	86	1.0
16	106	3.0
16	133	1.0
17	17	275.0
17	18	15.0
17	19	7.0
17	20	12.0
17	21	4.0
17	22	5.0
17	25	1.0
17	28	1.0
17	32	4.0
17	35	4.0
17	36	10.0
17	40	2.0
17	52	1.0
17	116	1.0
18	18	247.0
18	19	16.0
18	20	21.0
18	21	2.0
18	22	1.0
18	25	6.0
18	28	2.0
18	29	4.0
18	30	4.0
18	31	2.0
18	32	2.0
18	35	4.0
18	36	3.0
18	61	1.0
18	106	5.0
18	114	2.0
18	115	2.0
18	134	1.0
18	142	2.0
18	162	2.0
19	19	251.0
19	20	11.0
19	21	15.0
19	22	6.0
19	23	3.0
19	24	4.0
19	25	4.0
19	35	3.0
19	77	1.0
19	78	1.0
19	106	1.0
19	155	1.0
19	188	1.0
20	20	229.0
20	21	25.0
20	22	3.0
20	23	7.0
20	25	1.0
20	30	2.0
20	32	1.0
20	34	1.0
20	35	3.0
20	36	1.0
20	100	1.0
20	104	2.0
20	105	2.0
20	106	6.0
20	114	10.0
20	115	3.0
20	181	1.0
21	21	268.0
21	22	27.0
21	23	2.0
21	30	1.0
21	31	2.0
21	32	1.0
21	36	3.0
21	46	1.0
21	92	1.0
21	107	1.0
22	22	240.0
22	23	14.0
22	24	1.0
22	27	1.0
22	31	1.0
22	32	5.0
22	33	1.0
22	34	2.0
22	35	7.0
22	36	1.0
22	67	1.0
22	83	1.0
22	96	1.0
22	114	1.0
23	23	243.0
23	24	33.0
23	29	1.0
23	30	5.0
23	31	1.0
23	32	2.0
23	35	5.0
23	36	4.0
23	99	1.0
23	106	1.0
23	114	3.0
23	116	1.0
23	165	1.0
23	186	2.0
24	24	315.0
24	25	18.0
24	28	1.0
24	30	2.0
24	75	1.0
24	100	1.0
24	106	1.0
24	114	4.0
24	120	2.0
24	127	1.0
24	138	1.0
24	158	1.0
24	187	1.0
25	25	278.0
25	26	22.0
25	27	12.0
25	28	6.0
25	29	12.0
25	32	1.0
25	39	2.0
25	40	1.0
25	61	1.0
25	75	4.0
25	76	2.0
25	78	1.0
25	91	1.0
25	103	3.0
25	106	6.0
25	142	1.0
25	157	1.0
25	161	1.0
25	164	1.0
25	185	2.0
26	26	299.0
26	27	11.0
26	28	5.0
26	29	8.0
26	30	3.0
26	69	1.0
26	75	2.0
26	76	1.0
26	77	17.0
26	78	4.0
26	85	1.0
26	87	1.0
26	90	1.0
26	94	3.0
26	96	1.0
26	102	3.0
26	104	1.0
26	124	1.0
26	150	1.0
26	159	1.0
26	171	1.0
26	185	2.0
26	186	4.0
27	27	257.0
27	28	27.0
27	29	22.0
27	30	19.0
27	75	3.0
27	76	6.0
27	77	5.0
27	78	12.0
27	90	2.0
27	93	1.0
27	94	5.0
27	144	1.0
27	156	6.0
27	157	2.0
27	159	4.0
27	162	3.0
27	186	2.0
28	28	294.0
28	29	13.0
28	30	13.0
28	74	2.0
28	75	2.0
28	76	4.0
28	77	2.0
28	78	2.0
28	85	1.0
28	89	1.0
28	90	1.0
28	93	3.0
28	94	1.0
28	99	1.0
28	104	5.0
28	106	3.0
28	113	1.0
28	114	1.0
28	129	1.0
28	155	1.0
28	156	1.0
28	157	3.0
28	158	2.0
28	159	11.0
28	176	1.0
28	186	8.0
28	187	1.0
29	29	229.0
29	30	8.0
29	75	1.0
29	77	6.0
29	78	2.0
29	90	6.0
29	92	1.0
29	93	6.0
29	94	1.0
29	98	1.0
29	103	1.0
29	104	4.0
29	105	1.0
29	106	1.0
29	118	1.0
29	146	2.0
29	156	3.0
29	157	1.0
29	158	2.0
29	159	2.0
29	161	4.0
30	30	255.0
30	31	6.0
30	32	2.0
30	34	1.0
30	35	2.0
30	146	1.0
30	156	3.0
30	157	1.0
30	158	4.0
30	161	1.0
30	186	9.0
31	31	289.0
31	32	9.0
31	33	6.0
31	34	11.0
31	35	11.0
31	36	1.0
31	37	3.0
31	40	2.0
31	41	6.0
31	44	1.0
31	57	1.0
31	61	1.0
31	91	8.0
31	92	10.0
31	93	2.0
31	97	1.0
31	105	1.0
31	123	1.0
31	133	2.0
32	32	219.0
32	33	13.0
32	34	20.0
32	35	11.0
32	36	8.0
32	37	5.0
32	39	5.0
32	40	7.0
32	41	5.0
32	42	3.0
32	43	1.0
32	44	1.0
32	72	2.0
32	74	3.0
32	89	1.0
32	91	3.0
32	92	4.0
32	93	3.0
32	97	1.0
32	98	1.0
33	33	249.0
33	34	19.0
33	35	24.0
33	36	7.0
33	37	1.0
33	40	16.0
33	41	9.0
33	43	5.0
33	44	2.0
33	61	8.0
33	62	4.0
33	63	4.0
33	67	1.0
33	74	6.0
33	86	1.0
33	91	5.0
33	92	6.0
33	97	1.0
33	98	2.0
33	142	1.0
33	174	1.0
34	34	244.0
34	35	13.0
34	36	9.0
34	37	8.0
34	38	1.0
34	39	1.0
34	40	3.0
34	41	4.0
34	42	1.0
34	43	1.0
34	62	1.0
34	63	1.0
34	73	2.0
34	74	3.0
34	92	6.0
34	108	1.0
34	154	1.0
35	35	234.0
35	36	17.0
35	37	10.0
35	39	3.0
35	41	8.0
35	42	7.0
35	43	3.0
35	62	1.0
35	72	1.0
35	74	5.0
35	92	1.0
35	93	1.0
35	120	1.0
35	127	1.0
36	36	227.0
36	37	17.0
36	39	1.0
36	41	2.0
36	42	4.0
36	43	2.0
36	44	1.0
36	57	2.0
36	61	1.0
36	62	8.0
36	63	5.0
36	72	1.0
36	73	3.0
36	74	2.0
36	94	1.0
36	116	1.0
36	182	1.0
37	37	309.0
37	38	24.0
37	39	9.0
37	40	2.0
37	41	2.0
37	42	9.0
37	56	1.0
37	57	5.0
37	62	3.0
37	69	1.0
37	73	5.0
37	74	3.0
37	160	1.0
37	171	1.0
37	175	1.0
38	38	306.0
38	39	13.0
38	42	2.0
38	57	2.0
38	67	1.0
38	80	1.0
38	163	1.0
39	39	282.0
39	40	5.0
39	41	2.0
39	42	12.0
39	43	2.0
39	44	1.0
39	54	3.0
39	56	10.0
39	57	10.0
39	58	1.0
39	61	1.0
39	74	2.0
39	75	2.0
39	106	1.0
39	111	1.0
39	120	1.0
39	147	1.0
39	163	1.0
39	167	1.0
40	40	246.0
40	41	17.0
40	42	1.0
40	43	5.0
40	44	1.0
40	57	1.0
40	74	14.0
40	75	5.0
40	76	4.0
40	84	2.0
40	91	4.0
40	92	4.0
40	93	2.0
40	94	5.0
40	95	4.0
40	97	8.0
40	98	4.0
40	99	1.0
40	100	4.0
40	103	2.0
40	126	1.0
40	141	1.0
40	143	2.0
40	154	10.0
40	171	1.0
40	183	1.0
41	41	280.0
41	42	5.0
41	57	1.0
41	58	5.0
41	60	1.0
41	74	4.0
41	78	1.0
41	91	2.0
41	92	5.0
41	95	6.0
41	96	2.0
41	97	4.0
41	98	5.0
41	99	7.0
41	100	2.0
41	105	2.0
41	114	1.0
41	174	1.0
42	42	273.0
42	43	19.0
42	44	1.0
42	45	1.0
42	57	11.0
42	58	5.0
42	59	4.0
42	72	3.0
42	73	1.0
42	74	5.0
42	98	6.0
42	150	1.0
42	153	1.0
42	187	1.0
43	43	235.0
43	44	24.0
43	45	4.0
43	47	1.0
43	57	7.0
43	73	1.0
43	76	2.0
43	83	1.0
43	135	1.0
43	175	1.0
44	44	263.0
44	45	9.0
44	46	1.0
44	47	2.0
44	48	1.0
44	57	8.0
44	73	2.0
44	76	3.0
44	78	3.0
44	79	10.0
44	80	3.0
44	81	1.0
44	83	1.0
44	133	1.0
44	160	1.0
45	45	242.0
45	46	26.0
45	48	1.0
45	57	1.0
45	63	1.0
45	72	4.0
45	73	1.0
45	74	1.0
45	80	1.0
45	81	1.0
45	83	1.0
46	46	243.0
46	47	4.0
46	48	10.0
46	49	1.0
46	65	1.0
46	66	1.0
46	68	9.0
46	72	3.0
46	73	1.0
46	93	1.0
46	101	1.0
46	105	1.0
47	47	277.0
47	48	11.0
47	68	4.0
47	120	2.0
47	180	1.0
47	184	1.0
48	48	273.0
48	49	1.0
48	65	3.0
48	66	3.0
48	67	3.0
48	68	6.0
48	72	1.0
48	84	1.0
48	97	1.0
48	111	1.0
48	134	1.0
48	153	1.0
48	172	1.0
49	49	142.0
49	55	2.0
49	59	1.0
49	66	1.0
49	68	1.0
49	79	1.0
49	83	1.0
49	84	1.0
49	131	1.0
49	150	2.0
49	155	1.0
49	191	1.0
52	52	85.0
52	53	9.0
52	55	1.0
52	56	1.0
52	58	1.0
52	71	1.0
53	53	266.0
53	54	17.0
53	55	9.0
53	56	1.0
53	102	1.0
53	117	1.0
53	128	1.0
53	137	1.0
53	160	1.0
54	54	282.0
54	55	18.0
54	56	10.0
54	63	1.0
54	65	2.0
54	83	1.0
55	55	298.0
55	56	18.0
55	65	1.0
55	68	2.0
55	70	2.0
55	71	1.0
55	82	1.0
55	94	1.0
55	105	2.0
55	162	1.0
55	165	1.0
56	56	268.0
56	57	20.0
56	58	2.0
56	68	2.0
56	69	5.0
56	71	11.0
56	72	1.0
56	73	1.0
56	115	1.0
56	128	1.0
56	133	1.0
56	185	1.0
57	57	294.0
57	58	13.0
57	60	12.0
57	61	3.0
57	62	3.0
57	63	1.0
57	68	1.0
57	69	2.0
57	71	2.0
57	72	9.0
57	73	11.0
57	74	5.0
57	98	5.0
57	116	1.0
57	123	1.0
58	58	284.0
58	59	19.0
58	60	7.0
58	61	8.0
58	62	5.0
58	63	6.0
58	64	5.0
58	71	2.0
58	94	1.0
58	95	6.0
58	97	2.0
58	98	1.0
58	99	1.0
58	105	5.0
58	106	7.0
58	168	1.0
59	59	216.0
59	60	16.0
59	61	22.0
59	62	7.0
59	63	11.0
59	64	13.0
59	65	2.0
59	69	2.0
59	70	1.0
59	71	1.0
59	95	5.0
59	98	1.0
59	106	2.0
59	144	1.0
59	178	1.0
59	187	1.0
60	60	235.0
60	61	20.0
60	62	6.0
60	63	17.0
60	64	8.0
60	65	1.0
60	66	2.0
60	67	6.0
60	69	5.0
60	70	1.0
60	71	7.0
60	72	1.0
60	73	1.0
60	75	2.0
60	76	2.0
60	78	1.0
60	79	2.0
60	95	1.0
60	99	1.0
60	105	2.0
60	106	1.0
60	113	1.0
60	118	1.0
60	146	1.0
60	153	1.0
61	61	220.0
61	62	11.0
61	63	21.0
61	65	1.0
61	69	2.0
61	71	1.0
61	72	4.0
61	73	7.0
61	91	1.0
61	92	1.0
61	94	1.0
61	105	4.0
61	106	7.0
61	107	2.0
62	62	255.0
62	63	28.0
62	65	1.0
62	69	1.0
62	72	1.0
62	73	3.0
62	74	1.0
62	76	1.0
62	79	1.0
62	95	1.0
62	106	5.0
62	186	1.0
63	63	209.0
63	64	3.0
63	65	2.0
63	66	1.0
63	67	5.0
63	68	5.0
63	69	12.0
63	71	3.0
63	73	3.0
63	74	1.0
63	75	1.0
63	79	1.0
63	135	1.0
64	64	236.0
64	65	5.0
64	66	6.0
64	67	5.0
64	69	14.0
64	70	7.0
64	71	1.0
64	72	1.0
64	73	2.0
64	74	2.0
64	75	1.0
64	76	1.0
64	79	1.0
64	107	1.0
64	109	3.0
64	134	1.0
65	65	245.0
65	66	11.0
65	67	12.0
65	68	6.0
65	69	3.0
65	70	6.0
65	72	1.0
65	73	7.0
65	77	7.0
65	78	5.0
65	79	1.0
65	80	10.0
65	86	1.0
65	99	1.0
65	103	1.0
65	107	1.0
65	115	1.0
65	116	1.0
65	117	1.0
65	118	1.0
65	128	1.0
65	144	1.0
65	146	1.0
66	66	226.0
66	67	6.0
66	68	4.0
66	69	2.0
66	70	9.0
66	73	11.0
66	77	2.0
66	78	12.0
66	79	10.0
66	80	2.0
66	94	1.0
66	104	1.0
66	107	2.0
66	109	7.0
66	183	1.0
67	67	262.0
67	68	17.0
67	69	14.0
67	70	3.0
67	71	5.0
67	73	1.0
67	74	3.0
67	75	1.0
67	76	1.0
67	104	1.0
67	108	1.0
68	68	257.0
68	69	6.0
68	73	1.0
68	74	8.0
68	75	3.0
68	76	7.0
68	122	1.0
69	69	237.0
69	70	11.0
69	71	11.0
69	72	1.0
69	73	4.0
69	74	12.0
69	75	1.0
69	76	5.0
69	78	2.0
69	102	1.0
69	115	2.0
69	150	1.0
70	70	217.0
70	71	11.0
70	72	3.0
70	73	13.0
70	74	3.0
70	75	1.0
70	76	6.0
70	78	4.0
70	79	2.0
70	80	2.0
70	106	1.0
70	107	1.0
70	108	1.0
70	109	3.0
70	127	1.0
71	71	239.0
71	72	18.0
71	73	9.0
71	74	6.0
71	75	1.0
71	76	5.0
71	77	9.0
71	117	2.0
71	118	1.0
71	142	1.0
72	72	244.0
72	73	16.0
72	74	6.0
72	75	5.0
72	76	3.0
72	77	1.0
72	126	1.0
72	189	1.0
73	73	288.0
73	74	3.0
73	75	7.0
73	77	7.0
73	78	13.0
73	80	3.0
73	107	1.0
73	109	1.0
73	110	1.0
73	119	1.0
73	173	1.0
74	74	248.0
74	75	5.0
74	76	14.0
74	77	1.0
74	109	2.0
74	131	1.0
75	75	230.0
75	76	20.0
75	77	1.0
76	76	248.0
76	77	8.0
76	78	7.0
76	98	1.0
76	118	5.0
76	138	1.0
76	145	1.0
77	77	289.0
77	78	19.0
77	79	2.0
77	80	3.0
77	103	2.0
77	104	3.0
77	105	3.0
77	106	2.0
77	115	3.0
77	117	5.0
77	118	8.0
77	119	2.0
77	143	1.0
77	144	1.0
77	176	1.0
77	187	1.0
78	78	284.0
78	79	15.0
78	80	6.0
78	81	2.0
78	99	1.0
78	103	1.0
78	107	1.0
78	109	5.0
78	111	1.0
78	116	3.0
78	117	1.0
78	130	2.0
78	140	1.0
78	146	1.0
78	155	1.0
78	172	1.0
78	179	1.0
79	79	273.0
79	80	9.0
79	81	4.0
79	83	1.0
79	84	2.0
79	85	1.0
79	89	3.0
79	90	1.0
79	91	4.0
79	92	1.0
79	94	1.0
79	103	1.0
79	105	1.0
79	107	5.0
79	108	3.0
79	109	5.0
79	110	1.0
79	115	2.0
79	116	4.0
79	117	3.0
79	118	1.0
79	173	1.0
80	80	261.0
80	81	15.0
80	82	1.0
80	84	2.0
80	85	6.0
80	86	2.0
80	87	3.0
80	88	2.0
80	89	4.0
80	90	10.0
80	91	12.0
80	93	1.0
80	94	1.0
80	98	1.0
80	107	2.0
80	109	1.0
80	110	1.0
80	112	2.0
80	113	1.0
80	114	2.0
80	115	6.0
80	116	4.0
80	117	5.0
80	118	4.0
80	119	4.0
80	151	1.0
80	152	1.0
81	81	243.0
81	82	12.0
81	83	3.0
81	84	7.0
81	85	5.0
81	86	2.0
81	87	1.0
81	90	1.0
81	91	1.0
81	101	1.0
81	105	1.0
81	111	1.0
81	112	9.0
81	113	8.0
81	114	1.0
81	120	1.0
81	144	1.0
81	151	4.0
81	152	3.0
81	153	6.0
81	161	1.0
81	177	1.0
82	82	267.0
82	83	4.0
82	84	3.0
82	85	5.0
82	86	6.0
82	112	7.0
82	121	1.0
82	128	1.0
82	144	5.0
82	148	2.0
82	149	5.0
82	150	5.0
82	151	1.0
82	152	2.0
82	153	6.0
82	175	1.0
83	83	285.0
83	84	10.0
83	103	1.0
83	110	3.0
83	111	3.0
83	112	3.0
83	113	1.0
83	114	3.0
83	115	2.0
83	120	3.0
83	121	2.0
83	126	3.0
83	128	7.0
83	129	1.0
83	141	2.0
83	144	1.0
83	145	1.0
83	153	14.0
83	154	7.0
83	161	1.0
83	180	1.0
83	181	1.0
84	84	231.0
84	85	8.0
84	87	2.0
84	88	1.0
84	91	3.0
84	94	4.0
84	95	1.0
84	96	9.0
84	99	1.0
84	100	13.0
84	102	3.0
84	103	2.0
84	128	1.0
84	129	1.0
84	134	1.0
84	143	1.0
84	150	1.0
84	152	1.0
84	153	1.0
84	154	13.0
84	155	6.0
84	164	1.0
84	175	1.0
84	185	3.0
85	85	288.0
85	86	24.0
85	87	13.0
85	88	3.0
85	89	5.0
85	90	8.0
85	91	5.0
85	101	10.0
85	102	5.0
85	125	4.0
85	155	5.0
85	156	12.0
85	184	1.0
85	186	2.0
86	86	259.0
86	87	17.0
86	88	8.0
86	89	1.0
86	90	5.0
86	91	4.0
86	93	1.0
86	94	3.0
86	101	7.0
86	102	1.0
86	103	1.0
86	104	1.0
86	120	1.0
86	125	8.0
86	141	1.0
86	152	1.0
86	155	4.0
86	156	4.0
86	166	1.0
86	184	1.0
86	186	1.0
87	87	236.0
87	88	14.0
87	89	3.0
87	90	7.0
87	91	3.0
87	92	3.0
87	93	3.0
87	102	1.0
87	107	2.0
87	122	6.0
87	123	8.0
87	124	4.0
87	125	2.0
87	136	2.0
87	166	1.0
87	169	1.0
87	171	1.0
87	172	1.0
88	88	283.0
88	89	24.0
88	90	1.0
88	91	7.0
88	94	1.0
88	122	1.0
88	123	2.0
88	159	8.0
88	160	8.0
88	161	2.0
88	162	5.0
88	164	5.0
88	166	1.0
88	168	1.0
89	89	246.0
89	90	7.0
89	91	12.0
89	122	1.0
89	160	9.0
89	161	5.0
89	162	3.0
89	163	8.0
89	164	2.0
89	169	1.0
89	170	2.0
89	175	2.0
89	177	1.0
89	178	4.0
89	180	1.0
89	182	1.0
89	184	1.0
89	187	2.0
89	188	1.0
90	90	280.0
90	93	4.0
90	94	5.0
90	155	4.0
90	156	11.0
90	159	1.0
90	160	1.0
90	161	2.0
90	163	1.0
90	185	3.0
90	186	3.0
91	91	230.0
91	92	16.0
91	93	11.0
91	94	9.0
91	95	2.0
91	96	9.0
91	97	3.0
91	101	1.0
91	102	2.0
91	185	2.0
92	92	244.0
92	93	14.0
92	94	8.0
92	95	2.0
92	96	4.0
92	97	3.0
92	98	3.0
92	99	1.0
92	101	1.0
92	102	4.0
92	112	1.0
92	135	1.0
92	147	1.0
92	148	5.0
92	149	6.0
92	150	3.0
92	154	11.0
92	155	1.0
92	185	1.0
93	93	245.0
93	94	21.0
93	101	1.0
93	102	4.0
93	108	1.0
93	134	1.0
93	146	1.0
93	147	2.0
93	148	4.0
93	150	1.0
93	154	1.0
93	155	1.0
93	156	2.0
93	157	1.0
93	162	1.0
93	185	4.0
93	186	2.0
94	94	249.0
94	95	3.0
94	96	10.0
94	97	2.0
94	98	2.0
94	99	1.0
94	100	1.0
94	101	2.0
94	102	1.0
94	106	2.0
94	113	1.0
94	116	1.0
94	146	1.0
94	148	2.0
94	150	2.0
94	152	1.0
94	154	2.0
94	155	3.0
94	156	2.0
94	185	3.0
94	186	1.0
95	95	268.0
95	96	24.0
95	97	17.0
95	98	4.0
95	99	7.0
95	100	3.0
95	101	2.0
95	102	1.0
95	105	5.0
95	106	12.0
95	116	1.0
95	117	1.0
95	141	2.0
95	142	7.0
95	145	4.0
95	146	2.0
95	147	7.0
95	148	1.0
95	150	1.0
95	154	7.0
95	155	3.0
95	165	1.0
96	96	249.0
96	97	16.0
96	98	1.0
96	99	2.0
96	100	2.0
96	101	2.0
96	117	5.0
96	118	4.0
96	119	1.0
96	135	1.0
96	137	1.0
96	141	1.0
96	145	2.0
96	147	1.0
96	154	2.0
96	155	7.0
96	156	3.0
96	157	1.0
96	182	1.0
96	185	2.0
97	97	249.0
97	98	10.0
97	99	2.0
97	101	4.0
97	102	1.0
97	103	1.0
97	105	2.0
97	117	1.0
97	118	8.0
97	132	1.0
97	135	3.0
97	141	1.0
97	142	3.0
97	143	5.0
97	145	3.0
97	146	1.0
97	148	2.0
97	149	1.0
97	150	10.0
97	152	1.0
97	154	1.0
97	155	3.0
97	156	1.0
98	98	233.0
98	99	6.0
98	100	5.0
98	105	4.0
98	106	1.0
98	118	2.0
98	125	6.0
98	126	1.0
98	127	7.0
98	131	1.0
98	132	1.0
98	135	1.0
98	142	7.0
98	143	9.0
98	144	2.0
98	145	7.0
98	154	1.0
98	155	2.0
98	189	1.0
99	99	297.0
99	100	18.0
99	101	3.0
99	102	7.0
99	103	7.0
99	104	2.0
99	105	13.0
99	106	7.0
99	119	2.0
99	125	6.0
99	136	1.0
99	142	4.0
99	143	2.0
99	144	11.0
99	145	7.0
99	146	7.0
99	147	4.0
99	152	2.0
99	154	2.0
99	155	2.0
99	159	1.0
100	100	275.0
100	101	8.0
100	102	9.0
100	103	10.0
100	104	1.0
100	105	1.0
100	122	1.0
100	125	1.0
100	141	1.0
100	142	4.0
100	143	5.0
100	144	6.0
100	145	3.0
100	146	3.0
100	147	3.0
100	148	1.0
100	154	8.0
100	155	12.0
100	159	1.0
101	101	292.0
101	102	27.0
101	118	1.0
101	122	3.0
101	123	1.0
101	125	8.0
101	127	1.0
101	142	3.0
101	143	1.0
101	146	1.0
101	147	10.0
101	148	5.0
101	149	2.0
101	150	1.0
101	154	2.0
101	155	12.0
101	184	1.0
101	185	4.0
102	102	240.0
102	103	9.0
102	114	1.0
102	122	1.0
102	123	3.0
102	125	1.0
102	126	2.0
102	130	1.0
102	142	6.0
102	144	2.0
102	146	2.0
102	147	4.0
102	148	1.0
102	149	4.0
102	154	9.0
102	155	6.0
102	165	1.0
102	170	1.0
102	175	1.0
102	176	1.0
102	185	2.0
103	103	247.0
103	104	16.0
103	105	3.0
103	106	1.0
103	108	16.0
103	110	1.0
103	111	1.0
103	125	1.0
103	127	2.0
103	128	1.0
103	141	1.0
103	142	5.0
103	143	6.0
103	144	2.0
103	145	1.0
103	147	1.0
103	154	1.0
103	168	1.0
103	172	1.0
103	175	1.0
103	176	2.0
104	104	232.0
104	105	1.0
104	106	12.0
104	107	18.0
104	108	14.0
104	109	5.0
104	111	2.0
104	113	1.0
104	114	1.0
104	126	1.0
104	137	1.0
104	141	3.0
104	142	2.0
104	143	13.0
104	180	1.0
105	105	272.0
105	106	17.0
105	107	1.0
105	108	1.0
105	109	8.0
105	110	4.0
105	111	7.0
105	115	1.0
105	116	2.0
105	117	1.0
105	119	2.0
105	125	15.0
105	126	1.0
105	127	2.0
105	129	1.0
105	131	2.0
105	135	1.0
105	138	1.0
105	140	2.0
105	141	1.0
105	142	1.0
105	143	6.0
105	175	2.0
105	176	9.0
105	190	1.0
106	106	251.0
106	107	3.0
106	108	1.0
106	109	2.0
106	110	3.0
106	114	18.0
106	115	5.0
106	121	4.0
106	138	1.0
106	167	1.0
107	107	231.0
107	108	20.0
107	109	7.0
107	111	2.0
107	113	1.0
107	115	4.0
107	116	22.0
107	117	1.0
107	119	2.0
107	120	1.0
107	123	1.0
107	124	6.0
107	125	1.0
107	127	1.0
107	128	5.0
107	129	2.0
107	138	2.0
107	139	5.0
107	151	1.0
107	170	2.0
107	171	3.0
107	172	1.0
107	174	1.0
107	175	7.0
107	178	1.0
108	108	249.0
108	109	6.0
108	111	2.0
108	113	1.0
108	115	1.0
108	116	1.0
108	117	2.0
108	119	2.0
108	126	1.0
108	127	4.0
108	128	1.0
108	129	4.0
108	133	2.0
108	137	1.0
108	138	8.0
108	139	2.0
108	140	3.0
108	141	3.0
108	143	2.0
108	160	1.0
108	170	3.0
108	171	1.0
108	172	1.0
108	174	3.0
108	175	12.0
108	176	2.0
109	109	248.0
109	110	8.0
109	114	4.0
109	115	4.0
109	116	10.0
109	117	2.0
109	119	1.0
109	121	6.0
109	125	2.0
109	126	1.0
109	130	1.0
109	137	1.0
109	139	3.0
109	140	10.0
109	141	1.0
109	143	2.0
109	152	1.0
109	155	2.0
109	160	1.0
109	171	2.0
109	176	3.0
109	180	1.0
110	110	257.0
110	111	6.0
110	112	5.0
110	113	3.0
110	114	7.0
110	115	11.0
110	116	10.0
110	117	1.0
110	119	2.0
110	120	17.0
110	121	18.0
110	125	2.0
110	128	3.0
110	139	2.0
110	140	1.0
110	143	6.0
110	153	3.0
110	175	4.0
110	176	1.0
111	111	241.0
111	112	11.0
111	113	8.0
111	116	1.0
111	117	4.0
111	118	1.0
111	119	3.0
111	120	8.0
111	121	4.0
111	124	1.0
111	125	7.0
111	126	5.0
111	127	2.0
111	128	8.0
111	131	4.0
111	137	1.0
111	138	6.0
111	139	2.0
111	140	5.0
111	142	1.0
111	143	7.0
111	153	1.0
111	154	1.0
111	170	1.0
111	171	2.0
111	172	2.0
111	173	1.0
111	174	1.0
111	175	1.0
112	112	240.0
112	113	5.0
112	114	6.0
112	119	5.0
112	120	7.0
112	127	1.0
112	128	10.0
112	133	2.0
112	137	2.0
112	144	3.0
112	152	4.0
112	153	3.0
112	156	3.0
112	157	3.0
112	158	1.0
112	159	4.0
112	161	4.0
112	162	3.0
112	163	12.0
112	164	1.0
112	167	1.0
112	169	1.0
112	170	3.0
112	171	2.0
112	172	1.0
112	175	1.0
112	181	4.0
112	183	2.0
112	184	1.0
113	113	281.0
113	114	17.0
113	115	5.0
113	116	4.0
113	117	1.0
113	119	5.0
113	120	2.0
113	122	1.0
113	123	8.0
113	124	10.0
113	127	1.0
113	128	1.0
113	129	6.0
113	131	1.0
113	138	1.0
113	139	4.0
113	152	5.0
113	153	6.0
113	167	1.0
113	170	2.0
113	173	2.0
113	174	1.0
113	177	3.0
114	114	250.0
114	115	8.0
114	117	1.0
114	119	6.0
114	120	1.0
114	121	4.0
114	122	1.0
114	152	1.0
114	153	6.0
114	161	1.0
115	115	274.0
115	116	19.0
115	117	14.0
115	118	1.0
115	119	5.0
115	120	5.0
115	121	8.0
115	125	3.0
115	130	1.0
115	138	1.0
115	139	3.0
115	142	2.0
115	143	1.0
115	144	1.0
115	175	1.0
116	116	247.0
116	119	3.0
116	120	1.0
116	121	7.0
116	124	5.0
116	125	1.0
116	127	2.0
116	128	1.0
116	129	3.0
116	139	7.0
116	172	1.0
116	175	10.0
116	176	2.0
116	182	1.0
117	117	223.0
117	118	11.0
117	119	10.0
117	120	1.0
117	126	3.0
117	127	6.0
117	129	1.0
117	131	2.0
117	132	1.0
117	136	6.0
117	138	6.0
117	139	1.0
117	140	3.0
117	141	4.0
117	145	1.0
117	146	2.0
117	151	1.0
117	152	2.0
117	153	2.0
117	155	1.0
117	175	2.0
117	181	1.0
118	118	228.0
118	119	4.0
118	126	1.0
118	127	3.0
118	131	4.0
118	132	6.0
118	134	3.0
118	135	7.0
118	136	6.0
118	138	2.0
118	142	3.0
118	143	4.0
118	145	6.0
118	156	1.0
118	182	1.0
119	119	195.0
119	120	6.0
119	122	1.0
119	125	1.0
119	129	6.0
119	130	1.0
119	131	2.0
119	132	2.0
119	136	1.0
119	138	4.0
119	139	1.0
119	140	7.0
119	141	1.0
119	142	1.0
119	143	1.0
119	145	4.0
119	146	1.0
119	152	1.0
119	155	5.0
119	156	1.0
120	120	271.0
120	121	10.0
120	122	7.0
120	123	1.0
120	132	1.0
120	139	2.0
120	143	4.0
120	144	8.0
120	153	1.0
120	166	1.0
120	182	1.0
120	188	1.0
121	121	277.0
121	122	10.0
121	126	7.0
121	128	18.0
121	130	2.0
121	132	1.0
121	133	6.0
121	139	1.0
121	141	2.0
121	144	2.0
121	145	8.0
121	154	1.0
121	175	3.0
122	122	249.0
122	123	10.0
122	124	4.0
122	125	6.0
122	126	9.0
122	127	5.0
122	128	6.0
122	129	1.0
122	131	2.0
122	133	2.0
122	136	3.0
122	144	3.0
122	147	1.0
122	169	1.0
122	171	3.0
122	172	1.0
122	180	1.0
122	189	3.0
123	123	292.0
123	124	15.0
123	125	5.0
123	129	3.0
123	130	1.0
123	131	1.0
123	134	3.0
123	135	4.0
123	166	2.0
123	167	1.0
123	169	5.0
123	171	3.0
123	172	3.0
123	175	1.0
123	177	4.0
123	185	1.0
123	186	1.0
123	187	1.0
123	189	1.0
124	124	260.0
124	125	13.0
124	128	4.0
124	129	5.0
124	131	1.0
124	134	2.0
124	135	4.0
124	136	12.0
124	137	2.0
124	138	1.0
124	139	1.0
124	143	1.0
124	145	1.0
124	154	1.0
124	170	6.0
124	171	3.0
124	172	5.0
124	173	3.0
124	175	1.0
124	176	1.0
125	125	250.0
125	126	7.0
125	127	9.0
125	128	1.0
125	129	2.0
125	130	2.0
125	131	11.0
125	132	4.0
125	134	1.0
125	135	1.0
125	136	2.0
125	137	1.0
125	138	1.0
125	140	5.0
125	142	4.0
125	143	2.0
125	145	1.0
125	155	1.0
125	175	1.0
125	176	2.0
126	126	258.0
126	127	12.0
126	128	6.0
126	130	2.0
126	131	3.0
126	132	5.0
126	133	1.0
126	135	1.0
126	138	7.0
126	139	1.0
126	142	11.0
126	143	2.0
126	144	5.0
126	145	2.0
126	174	1.0
126	177	1.0
127	127	262.0
127	128	9.0
127	129	3.0
127	130	5.0
127	131	3.0
127	132	17.0
127	133	5.0
127	134	2.0
127	135	1.0
127	137	2.0
127	138	1.0
127	142	2.0
127	143	9.0
127	145	5.0
127	161	1.0
127	170	1.0
127	171	3.0
127	173	1.0
127	174	2.0
127	175	2.0
127	179	1.0
127	180	1.0
128	128	228.0
128	129	8.0
128	132	2.0
128	134	1.0
128	135	2.0
128	137	5.0
128	141	4.0
128	142	3.0
128	143	1.0
128	144	5.0
128	145	2.0
128	154	3.0
128	161	4.0
128	162	1.0
128	163	1.0
128	169	3.0
128	170	4.0
128	171	5.0
128	172	6.0
128	173	4.0
128	174	10.0
128	175	1.0
128	177	1.0
129	129	241.0
129	130	2.0
129	132	2.0
129	133	5.0
129	134	4.0
129	135	2.0
129	139	7.0
129	144	1.0
129	145	7.0
129	146	1.0
129	170	5.0
129	171	8.0
129	172	1.0
129	173	2.0
129	174	4.0
129	175	2.0
129	176	2.0
129	177	6.0
129	185	4.0
130	130	251.0
130	131	14.0
130	132	17.0
130	133	6.0
130	134	8.0
130	135	4.0
130	136	4.0
130	137	1.0
130	138	8.0
130	139	14.0
130	140	1.0
130	145	1.0
130	150	1.0
130	151	2.0
130	152	4.0
130	156	8.0
130	157	2.0
130	160	10.0
130	161	4.0
130	162	1.0
130	169	1.0
130	170	10.0
130	171	3.0
130	172	1.0
130	173	3.0
130	174	2.0
130	178	2.0
130	183	1.0
131	131	240.0
131	132	11.0
131	133	1.0
131	134	11.0
131	135	9.0
131	136	5.0
131	138	3.0
131	139	3.0
131	142	1.0
131	145	3.0
131	152	2.0
131	155	4.0
131	156	1.0
131	159	1.0
131	160	3.0
131	161	3.0
131	170	2.0
131	171	3.0
131	173	3.0
132	132	206.0
132	133	11.0
132	134	8.0
132	135	3.0
132	137	1.0
132	138	2.0
132	139	1.0
132	140	5.0
132	144	1.0
132	145	3.0
132	155	2.0
132	159	1.0
132	160	2.0
132	161	1.0
133	133	230.0
133	134	11.0
133	135	4.0
133	136	7.0
133	137	4.0
133	140	3.0
133	145	9.0
133	150	5.0
133	155	1.0
133	156	3.0
133	159	1.0
133	160	1.0
133	161	7.0
133	162	7.0
133	163	1.0
133	167	1.0
133	168	4.0
133	169	1.0
133	170	1.0
133	171	3.0
133	173	4.0
133	177	2.0
133	178	1.0
133	179	5.0
133	180	3.0
133	186	1.0
134	134	221.0
134	135	13.0
134	136	15.0
134	138	2.0
134	139	8.0
134	142	1.0
134	146	1.0
134	150	5.0
134	151	2.0
134	155	2.0
134	156	4.0
134	159	1.0
134	160	1.0
134	162	2.0
134	173	5.0
134	175	1.0
134	182	12.0
134	183	7.0
135	135	218.0
135	136	9.0
135	141	1.0
135	142	4.0
135	143	1.0
135	144	1.0
135	148	2.0
135	149	1.0
135	150	8.0
135	151	1.0
135	155	1.0
135	156	2.0
135	171	5.0
135	172	2.0
135	173	8.0
135	179	1.0
135	182	4.0
135	183	1.0
135	185	2.0
136	136	232.0
136	137	11.0
136	138	2.0
136	139	6.0
136	140	3.0
136	146	1.0
136	147	2.0
136	151	1.0
136	155	3.0
136	156	2.0
136	160	4.0
136	161	6.0
136	162	2.0
136	163	1.0
136	167	2.0
136	168	2.0
136	169	3.0
136	170	5.0
136	171	5.0
136	172	3.0
136	173	2.0
136	177	1.0
136	178	1.0
136	179	2.0
136	180	1.0
136	181	3.0
136	182	1.0
136	183	1.0
136	185	2.0
137	137	222.0
137	138	10.0
137	139	10.0
137	156	3.0
137	158	2.0
137	161	4.0
137	162	11.0
137	166	2.0
137	167	7.0
137	168	3.0
137	169	1.0
137	170	3.0
137	172	4.0
137	173	3.0
137	174	3.0
137	175	2.0
137	178	3.0
137	179	1.0
137	180	3.0
137	181	10.0
137	182	3.0
137	183	8.0
138	138	237.0
138	139	20.0
138	142	1.0
138	145	1.0
138	155	1.0
138	157	1.0
138	160	4.0
138	168	1.0
138	169	4.0
138	170	3.0
138	171	2.0
138	172	5.0
138	173	1.0
138	174	5.0
138	175	2.0
138	176	1.0
138	179	1.0
138	180	8.0
138	181	7.0
138	182	3.0
138	183	4.0
139	139	275.0
139	141	5.0
139	152	3.0
139	155	2.0
139	160	2.0
139	169	5.0
139	170	8.0
139	172	6.0
139	173	4.0
139	178	3.0
139	180	1.0
139	181	3.0
139	183	5.0
140	140	285.0
140	141	20.0
140	144	2.0
140	145	7.0
140	146	17.0
140	147	3.0
140	148	4.0
140	149	14.0
140	152	1.0
140	153	1.0
140	155	4.0
140	156	1.0
140	170	1.0
140	175	1.0
141	141	297.0
141	142	1.0
141	143	5.0
141	145	4.0
141	146	1.0
141	147	9.0
141	148	6.0
141	149	6.0
141	152	4.0
141	153	5.0
141	154	8.0
141	155	2.0
141	166	1.0
141	171	2.0
142	142	263.0
142	143	30.0
142	144	8.0
142	145	1.0
142	146	1.0
142	147	1.0
142	150	1.0
142	154	3.0
142	155	1.0
142	171	1.0
143	143	243.0
143	144	5.0
143	145	4.0
143	147	1.0
143	153	1.0
143	154	2.0
143	155	3.0
143	176	1.0
143	182	1.0
144	144	259.0
144	145	8.0
144	146	4.0
144	147	1.0
144	152	1.0
144	153	1.0
144	154	1.0
145	145	250.0
145	146	6.0
145	148	1.0
145	153	1.0
145	154	1.0
145	155	5.0
145	159	1.0
145	171	1.0
145	177	1.0
145	185	2.0
146	146	249.0
146	147	19.0
146	148	2.0
146	149	1.0
146	152	8.0
146	153	1.0
146	154	2.0
146	155	4.0
146	166	1.0
146	169	1.0
146	170	3.0
146	178	3.0
146	183	9.0
146	184	2.0
146	185	2.0
147	147	268.0
147	148	17.0
147	149	2.0
147	150	2.0
147	152	1.0
147	153	1.0
147	154	5.0
147	155	2.0
147	156	1.0
147	166	11.0
147	167	2.0
147	168	2.0
147	178	1.0
147	179	1.0
147	181	1.0
147	183	2.0
147	184	12.0
147	185	4.0
148	148	285.0
148	149	31.0
148	150	16.0
148	152	3.0
148	153	3.0
148	154	11.0
148	155	3.0
148	157	1.0
148	164	2.0
148	165	5.0
148	166	8.0
148	178	1.0
149	149	228.0
149	150	24.0
149	151	1.0
149	153	1.0
149	154	15.0
149	157	1.0
149	165	1.0
150	150	258.0
150	151	13.0
150	154	4.0
150	155	1.0
150	156	3.0
150	164	9.0
150	165	3.0
150	166	3.0
150	182	1.0
151	151	256.0
151	152	12.0
151	153	1.0
151	155	1.0
151	156	8.0
151	157	2.0
151	159	1.0
151	160	2.0
151	161	2.0
151	164	2.0
151	165	6.0
151	170	1.0
151	171	1.0
151	182	1.0
152	152	266.0
152	153	21.0
152	155	1.0
152	156	1.0
153	153	284.0
153	154	10.0
153	158	1.0
154	154	265.0
154	155	3.0
154	178	1.0
155	155	264.0
155	156	3.0
155	180	1.0
155	185	10.0
155	186	1.0
156	156	219.0
156	157	9.0
156	158	4.0
156	159	6.0
156	160	12.0
156	161	4.0
156	162	2.0
156	170	2.0
156	175	1.0
156	181	3.0
156	182	1.0
156	183	2.0
156	185	5.0
156	186	5.0
157	157	241.0
157	158	24.0
157	159	11.0
157	160	1.0
157	162	5.0
157	163	3.0
157	164	6.0
157	165	3.0
157	186	2.0
157	189	1.0
158	158	251.0
158	159	9.0
158	160	4.0
158	162	5.0
158	164	1.0
158	166	3.0
158	167	8.0
158	168	3.0
158	170	2.0
158	183	1.0
158	184	9.0
158	185	1.0
158	186	1.0
158	187	2.0
159	159	240.0
159	160	15.0
159	162	3.0
159	163	3.0
159	166	1.0
159	167	1.0
159	168	3.0
159	169	3.0
159	170	4.0
159	174	1.0
159	182	1.0
159	183	2.0
159	184	2.0
159	186	2.0
159	187	1.0
160	160	227.0
160	161	13.0
160	162	8.0
160	163	5.0
160	168	1.0
160	169	1.0
160	170	4.0
160	171	9.0
161	161	252.0
161	162	16.0
161	163	6.0
161	164	4.0
161	167	1.0
161	168	1.0
161	169	1.0
161	170	1.0
161	173	2.0
161	174	1.0
161	175	2.0
161	182	1.0
161	183	2.0
162	162	214.0
162	163	16.0
162	164	3.0
162	165	1.0
162	167	1.0
162	168	4.0
162	169	2.0
162	170	2.0
162	173	1.0
162	179	1.0
162	180	1.0
162	181	5.0
162	182	1.0
163	163	228.0
163	164	12.0
163	165	4.0
163	181	2.0
163	182	10.0
163	183	15.0
164	164	272.0
164	165	31.0
164	167	5.0
164	168	2.0
164	181	6.0
164	183	4.0
164	185	1.0
165	165	224.0
165	166	12.0
165	167	4.0
165	168	8.0
165	173	1.0
165	174	7.0
165	175	5.0
165	176	2.0
165	177	1.0
165	179	1.0
165	181	1.0
165	183	2.0
165	185	1.0
166	166	240.0
166	167	14.0
166	168	16.0
166	169	5.0
166	170	1.0
166	171	1.0
166	172	2.0
166	173	1.0
166	174	2.0
166	175	5.0
166	176	2.0
166	177	9.0
166	178	3.0
166	180	3.0
166	181	6.0
166	184	8.0
166	185	1.0
167	167	244.0
167	168	14.0
167	169	1.0
167	171	1.0
167	174	3.0
167	175	3.0
167	176	1.0
167	177	2.0
167	178	1.0
167	179	6.0
167	180	5.0
167	181	10.0
167	182	2.0
167	183	14.0
167	186	1.0
168	168	239.0
168	169	1.0
168	170	1.0
168	174	6.0
168	175	6.0
168	176	3.0
168	177	4.0
168	178	8.0
168	179	8.0
168	180	6.0
168	181	5.0
168	182	1.0
168	183	4.0
168	184	4.0
169	169	274.0
169	170	17.0
169	172	2.0
169	173	2.0
169	174	7.0
169	176	1.0
169	177	4.0
169	178	1.0
169	179	5.0
169	180	5.0
169	181	2.0
169	183	6.0
169	184	9.0
169	185	5.0
169	189	1.0
170	170	285.0
170	171	2.0
170	172	3.0
170	173	4.0
170	174	8.0
170	178	2.0
170	179	5.0
170	180	1.0
170	181	2.0
170	183	5.0
170	184	17.0
170	185	4.0
171	171	274.0
171	172	25.0
171	173	16.0
171	174	5.0
171	175	9.0
171	176	3.0
171	177	2.0
171	181	2.0
171	190	1.0
172	172	240.0
172	173	14.0
172	174	11.0
172	175	2.0
172	176	1.0
172	177	8.0
172	179	11.0
172	180	5.0
172	185	1.0
173	173	249.0
173	174	13.0
173	175	3.0
173	176	7.0
173	177	3.0
173	179	3.0
173	180	7.0
173	184	2.0
173	185	2.0
174	174	278.0
174	175	7.0
174	176	7.0
174	177	15.0
174	178	5.0
174	179	11.0
174	180	2.0
175	175	225.0
175	176	10.0
175	177	12.0
175	178	7.0
175	179	1.0
176	176	230.0
176	177	24.0
176	178	4.0
176	179	7.0
176	184	2.0
176	186	2.0
176	188	1.0
176	189	1.0
177	177	236.0
177	178	11.0
177	179	12.0
177	180	5.0
177	181	4.0
177	184	9.0
177	185	6.0
177	186	1.0
177	189	1.0
178	178	285.0
178	179	7.0
178	180	6.0
178	181	2.0
178	182	2.0
178	183	10.0
178	184	12.0
178	186	1.0
179	179	235.0
179	180	19.0
179	181	7.0
179	183	2.0
179	184	5.0
179	185	4.0
180	180	230.0
180	181	10.0
180	183	4.0
180	184	1.0
180	185	7.0
180	188	1.0
181	181	262.0
181	182	5.0
181	183	15.0
181	184	3.0
181	185	3.0
182	182	253.0
182	183	20.0
182	184	3.0
182	190	1.0
183	183	236.0
183	184	12.0
184	184	254.0
184	185	7.0
185	185	305.0
185	186	4.0
185	187	2.0
185	189	3.0
186	186	267.0
186	187	2.0
187	187	331.0
187	188	8.0
187	189	9.0
187	190	2.0
188	188	262.0
188	189	19.0
188	190	6.0
189	189	244.0
189	190	2.0
190	190	291.0
191	191	9.0
192	1	19.0
192	2	11.0
192	18	1.0
192	49	1.0
192	190	1.0
192	192	392.0
