1	1	411.0
1	2	39.0
1	3	13.0
1	4	12.0
1	6	1.0
1	9	1.0
1	10	5.0
1	11	6.0
1	16	1.0
1	43	2.0
1	44	4.0
1	45	4.0
1	47	2.0
1	50	2.0
1	52	1.0
1	54	1.0
1	56	1.0
1	60	2.0
1	88	1.0
1	91	1.0
1	119	1.0
1	125	1.0
1	131	1.0
2	2	421.0
2	3	21.0
2	4	29.0
2	9	1.0
2	10	10.0
2	11	1.0
2	16	1.0
2	44	7.0
2	54	3.0
2	55	1.0
2	57	4.0
2	59	5.0
2	60	2.0
2	97	1.0
2	122	1.0
3	3	464.0
3	4	22.0
3	5	3.0
3	6	14.0
3	7	2.0
3	9	8.0
3	10	6.0
3	11	1.0
3	13	1.0
3	44	2.0
3	58	2.0
3	60	8.0
4	4	431.0
4	5	9.0
4	6	5.0
4	7	1.0
4	8	8.0
4	9	4.0
4	10	5.0
4	54	7.0
4	56	3.0
4	58	2.0
4	59	6.0
4	60	2.0
4	61	3.0
4	62	3.0
4	93	1.0
4	116	1.0
5	5	403.0
5	6	13.0
5	7	2.0
5	8	6.0
5	10	1.0
5	42	1.0
5	56	1.0
5	60	4.0
5	61	3.0
5	62	3.0
5	63	2.0
6	6	435.0
6	7	26.0
6	8	11.0
6	9	4.0
6	10	2.0
6	11	5.0
6	12	1.0
6	15	2.0
6	20	1.0
6	21	1.0
6	22	1.0
6	52	2.0
6	62	1.0
6	63	1.0
6	134	1.0
7	7	405.0
7	8	19.0
7	9	21.0
7	10	5.0
7	11	9.0
7	12	2.0
7	14	1.0
7	15	3.0
7	20	1.0
7	22	1.0
7	23	3.0
7	26	1.0
7	42	1.0
7	61	2.0
7	62	2.0
7	63	5.0
7	81	1.0
7	93	1.0
7	126	1.0
8	8	418.0
8	9	17.0
8	10	2.0
8	11	2.0
8	48	1.0
8	60	1.0
8	61	2.0
8	77	1.0
8	118	1.0
9	9	383.0
9	10	13.0
9	11	14.0
9	13	2.0
9	23	1.0
9	27	1.0
9	29	5.0
9	30	6.0
9	33	1.0
9	34	1.0
9	35	3.0
9	42	4.0
9	55	1.0
9	63	1.0
9	75	1.0
9	123	1.0
9	130	1.0
10	10	457.0
10	11	40.0
10	25	1.0
10	28	2.0
10	35	12.0
10	36	3.0
10	42	4.0
10	43	1.0
10	44	2.0
10	68	1.0
10	74	1.0
10	75	1.0
11	11	452.0
11	12	4.0
11	13	1.0
11	14	1.0
11	22	4.0
11	23	8.0
11	29	1.0
11	30	2.0
11	34	2.0
11	35	7.0
11	37	3.0
11	42	1.0
11	44	6.0
11	45	7.0
11	91	1.0
12	12	407.0
12	13	17.0
12	21	1.0
12	22	1.0
12	23	2.0
12	37	2.0
12	38	2.0
12	42	1.0
12	43	4.0
12	45	2.0
12	48	1.0
12	70	1.0
12	72	2.0
12	93	1.0
13	13	452.0
13	14	18.0
13	15	4.0
13	21	1.0
13	29	9.0
13	30	3.0
13	33	4.0
13	34	4.0
13	35	1.0
13	45	1.0
13	62	1.0
13	66	2.0
13	75	1.0
13	104	1.0
14	14	435.0
14	15	18.0
14	16	1.0
14	18	2.0
14	19	1.0
14	26	3.0
14	27	1.0
14	29	12.0
14	30	10.0
14	33	7.0
14	34	7.0
14	62	1.0
14	67	1.0
14	87	3.0
14	92	7.0
14	93	4.0
14	98	1.0
15	15	454.0
15	16	17.0
15	17	8.0
15	18	17.0
15	21	2.0
15	34	2.0
15	38	1.0
15	42	1.0
15	43	3.0
15	62	3.0
15	63	1.0
15	67	1.0
15	68	2.0
15	87	2.0
15	92	2.0
15	93	6.0
15	115	1.0
15	117	2.0
16	16	383.0
16	17	18.0
16	18	5.0
16	21	2.0
16	22	1.0
16	29	1.0
16	34	1.0
16	38	1.0
16	39	1.0
16	43	4.0
16	61	2.0
16	62	4.0
16	66	1.0
16	86	3.0
16	87	12.0
16	89	2.0
16	91	5.0
16	92	12.0
16	93	8.0
16	108	1.0
17	17	309.0
17	18	1.0
17	21	2.0
17	22	2.0
17	38	1.0
17	61	3.0
17	62	3.0
17	63	1.0
17	64	4.0
17	65	1.0
17	66	5.0
17	67	4.0
17	68	4.0
17	70	1.0
17	71	3.0
17	91	1.0
17	111	1.0
17	127	2.0
18	18	331.0
18	20	9.0
18	21	7.0
18	22	9.0
18	23	4.0
18	31	1.0
18	39	2.0
18	42	1.0
18	59	1.0
18	62	1.0
18	66	1.0
18	69	1.0
18	78	1.0
18	93	13.0
18	113	1.0
18	134	1.0
19	19	329.0
19	20	18.0
19	21	5.0
19	22	1.0
19	23	3.0
19	24	3.0
19	50	4.0
19	51	3.0
19	52	4.0
19	53	2.0
19	54	2.0
19	55	3.0
19	57	1.0
19	58	8.0
19	59	5.0
19	60	6.0
19	62	2.0
19	69	1.0
19	75	2.0
19	82	2.0
19	83	7.0
19	85	2.0
19	86	22.0
19	87	2.0
19	90	1.0
19	97	1.0
19	98	7.0
19	101	1.0
19	102	3.0
19	103	2.0
19	127	2.0
19	129	1.0
19	133	1.0
20	20	393.0
20	21	24.0
20	22	7.0
20	23	6.0
20	24	2.0
20	25	3.0
20	33	1.0
20	34	1.0
20	44	1.0
20	53	10.0
20	54	6.0
20	55	1.0
20	56	1.0
20	59	1.0
20	74	4.0
20	83	3.0
20	86	3.0
20	88	5.0
20	114	1.0
21	21	417.0
21	22	28.0
21	23	7.0
21	53	1.0
21	54	3.0
21	61	1.0
21	73	1.0
21	83	1.0
21	86	3.0
21	87	1.0
21	89	1.0
21	134	2.0
22	22	427.0
22	23	16.0
22	24	4.0
22	27	1.0
22	42	1.0
22	54	1.0
22	73	1.0
22	129	1.0
23	23	396.0
23	24	31.0
23	25	3.0
23	27	1.0
23	29	2.0
23	30	5.0
23	36	1.0
23	42	1.0
23	50	5.0
23	52	2.0
23	53	6.0
23	54	1.0
23	55	8.0
23	56	2.0
23	59	1.0
23	61	3.0
23	62	1.0
23	67	1.0
23	73	2.0
23	74	4.0
23	80	1.0
23	89	1.0
23	90	1.0
23	101	1.0
23	120	2.0
23	129	1.0
23	130	1.0
23	133	1.0
24	24	428.0
24	25	12.0
24	27	4.0
24	29	9.0
24	30	1.0
24	33	1.0
24	34	2.0
24	52	1.0
24	53	5.0
24	58	1.0
24	59	1.0
24	61	1.0
24	74	12.0
24	119	2.0
24	120	1.0
24	133	2.0
25	25	426.0
25	26	25.0
25	27	14.0
25	28	2.0
25	29	3.0
25	53	4.0
25	54	1.0
25	59	1.0
25	73	1.0
25	74	2.0
25	106	1.0
25	133	2.0
26	26	387.0
26	27	15.0
26	29	5.0
26	30	6.0
26	33	2.0
26	34	3.0
26	66	1.0
26	87	1.0
26	97	1.0
27	27	411.0
27	28	25.0
27	29	2.0
27	30	1.0
27	32	4.0
27	33	1.0
27	34	2.0
27	50	1.0
27	84	3.0
27	86	7.0
27	88	3.0
27	89	5.0
27	90	2.0
27	91	1.0
27	116	1.0
27	126	1.0
27	127	1.0
27	128	1.0
27	129	2.0
27	131	6.0
27	132	8.0
27	133	1.0
28	28	411.0
28	29	15.0
28	30	10.0
28	33	1.0
28	35	1.0
28	38	1.0
28	42	1.0
28	53	1.0
28	62	1.0
28	84	2.0
28	86	2.0
28	88	1.0
28	89	10.0
28	119	1.0
28	128	1.0
28	129	8.0
28	130	6.0
28	131	5.0
28	132	14.0
28	133	10.0
29	29	415.0
29	30	28.0
29	32	1.0
29	33	3.0
29	34	7.0
29	37	1.0
29	120	1.0
30	30	428.0
30	31	4.0
30	32	8.0
30	33	20.0
30	34	7.0
30	35	1.0
31	31	439.0
31	32	32.0
31	42	1.0
31	77	2.0
31	89	1.0
31	107	1.0
31	128	1.0
32	32	408.0
32	33	13.0
32	38	1.0
32	70	2.0
32	89	1.0
32	117	1.0
32	129	1.0
32	132	4.0
32	133	2.0
33	33	407.0
33	34	30.0
33	63	1.0
34	34	448.0
34	35	6.0
34	50	1.0
34	94	1.0
34	104	1.0
34	114	2.0
35	35	411.0
35	36	19.0
35	37	9.0
35	38	4.0
35	42	1.0
35	53	1.0
35	98	1.0
35	101	1.0
35	104	1.0
35	129	1.0
36	36	439.0
36	37	11.0
36	43	1.0
37	37	335.0
37	38	18.0
37	43	4.0
37	131	1.0
38	38	337.0
38	39	33.0
38	42	81.0
38	43	4.0
38	59	1.0
38	79	1.0
38	80	1.0
38	99	1.0
38	111	1.0
38	114	2.0
38	121	1.0
38	126	1.0
38	133	1.0
39	39	124.0
39	42	56.0
39	86	1.0
39	94	1.0
39	113	1.0
39	131	1.0
39	134	1.0
42	42	998.0
42	43	7.0
42	44	1.0
42	47	1.0
42	49	1.0
42	53	2.0
42	68	1.0
42	78	1.0
42	80	1.0
42	81	1.0
42	82	1.0
42	87	2.0
42	98	4.0
42	123	1.0
42	129	1.0
43	43	450.0
43	44	2.0
43	45	1.0
43	56	6.0
43	122	1.0
44	44	485.0
44	45	6.0
44	50	1.0
44	53	1.0
44	100	1.0
45	45	414.0
45	46	8.0
45	47	5.0
45	48	6.0
45	83	1.0
45	88	1.0
46	46	123.0
46	47	7.0
46	48	2.0
46	51	1.0
46	88	1.0
46	97	1.0
46	104	1.0
46	134	1.0
47	47	215.0
47	48	6.0
47	49	2.0
47	50	1.0
47	51	2.0
47	55	1.0
47	57	1.0
47	75	1.0
48	48	171.0
48	51	1.0
48	52	1.0
48	55	3.0
49	49	283.0
49	50	8.0
49	51	5.0
49	55	3.0
49	88	1.0
49	100	1.0
50	50	493.0
50	51	5.0
50	52	17.0
50	53	1.0
50	54	6.0
50	55	5.0
50	56	6.0
50	57	6.0
50	58	1.0
50	65	1.0
50	80	2.0
50	84	1.0
50	92	1.0
50	114	1.0
50	126	1.0
51	51	109.0
51	52	3.0
51	58	3.0
51	88	2.0
51	89	2.0
51	97	1.0
51	126	4.0
51	127	1.0
52	52	326.0
52	53	37.0
52	56	2.0
52	57	1.0
52	58	1.0
52	59	5.0
52	60	1.0
52	61	1.0
52	62	1.0
52	63	1.0
52	71	1.0
52	73	1.0
52	74	1.0
52	98	1.0
52	99	1.0
52	102	1.0
52	126	3.0
52	127	2.0
52	128	1.0
53	53	383.0
53	54	12.0
53	55	2.0
53	56	7.0
53	57	3.0
53	58	7.0
53	59	3.0
53	60	4.0
53	73	2.0
53	74	1.0
53	85	1.0
53	89	1.0
53	94	1.0
53	103	1.0
53	104	1.0
53	131	1.0
54	54	407.0
54	55	9.0
54	56	14.0
54	57	18.0
54	58	8.0
54	59	19.0
54	60	1.0
54	73	1.0
54	75	8.0
54	87	1.0
54	133	1.0
54	134	6.0
54	135	1.0
55	55	331.0
55	56	19.0
55	57	23.0
55	58	6.0
55	59	5.0
55	61	2.0
56	56	334.0
56	57	25.0
56	58	2.0
56	59	1.0
56	61	2.0
56	63	1.0
56	130	1.0
57	57	332.0
57	58	13.0
57	59	3.0
57	60	2.0
57	61	2.0
57	74	2.0
57	75	1.0
57	81	1.0
57	89	1.0
57	99	1.0
57	134	1.0
58	58	340.0
58	59	17.0
58	60	3.0
58	61	1.0
58	62	2.0
58	67	1.0
58	74	2.0
58	75	3.0
58	80	1.0
58	97	3.0
58	98	7.0
58	99	1.0
58	102	2.0
58	126	6.0
58	127	7.0
58	133	1.0
59	59	378.0
59	60	10.0
59	61	9.0
59	73	4.0
59	74	14.0
59	75	5.0
59	88	1.0
59	98	1.0
59	133	1.0
59	134	1.0
60	60	376.0
60	61	20.0
60	62	6.0
60	63	8.0
60	66	1.0
60	69	1.0
60	71	2.0
60	73	2.0
60	74	1.0
60	75	8.0
60	82	1.0
60	94	1.0
60	98	1.0
60	102	4.0
60	103	3.0
60	125	1.0
60	127	1.0
61	61	385.0
61	62	8.0
61	63	22.0
61	66	2.0
61	68	2.0
61	74	2.0
61	75	1.0
61	79	1.0
61	97	1.0
61	98	2.0
61	99	2.0
61	102	3.0
61	103	5.0
61	104	12.0
61	122	1.0
61	126	1.0
61	127	1.0
62	62	421.0
62	63	19.0
62	64	4.0
62	65	13.0
62	66	5.0
62	68	4.0
62	69	1.0
62	73	1.0
62	90	6.0
62	91	1.0
62	92	7.0
62	93	1.0
62	97	1.0
62	101	6.0
62	119	4.0
62	120	6.0
63	63	395.0
63	64	25.0
63	65	13.0
63	66	1.0
63	68	7.0
63	69	3.0
63	91	1.0
63	98	1.0
63	106	1.0
63	118	1.0
63	119	2.0
63	120	3.0
64	64	447.0
64	65	23.0
64	66	5.0
64	67	3.0
64	68	4.0
64	69	2.0
64	80	1.0
64	90	1.0
64	94	1.0
64	95	5.0
64	96	3.0
64	103	3.0
64	109	1.0
65	65	366.0
65	66	9.0
65	67	11.0
65	68	5.0
65	69	5.0
65	70	19.0
65	91	1.0
65	93	2.0
65	94	1.0
65	95	8.0
65	97	2.0
65	98	7.0
65	99	1.0
65	103	1.0
65	117	1.0
65	119	2.0
66	66	348.0
66	67	29.0
66	68	16.0
66	69	9.0
66	90	1.0
66	91	1.0
66	94	5.0
66	95	2.0
66	96	1.0
66	102	2.0
66	104	2.0
67	67	359.0
67	68	19.0
67	69	9.0
67	70	1.0
67	72	1.0
67	86	1.0
67	88	2.0
67	89	2.0
67	90	2.0
67	91	5.0
67	93	3.0
67	94	6.0
67	95	6.0
68	68	366.0
68	69	18.0
68	70	2.0
68	74	2.0
68	90	2.0
68	91	1.0
68	93	6.0
68	94	4.0
68	95	1.0
68	98	2.0
68	101	1.0
68	102	1.0
68	120	6.0
69	69	411.0
69	70	15.0
69	74	1.0
69	89	8.0
69	90	6.0
69	91	9.0
69	92	1.0
69	93	1.0
69	94	3.0
69	101	4.0
69	107	1.0
69	120	2.0
69	127	1.0
70	70	378.0
70	71	6.0
70	72	11.0
70	90	1.0
70	91	5.0
70	94	4.0
70	99	5.0
70	101	4.0
70	102	7.0
70	104	4.0
70	112	1.0
70	122	3.0
70	123	3.0
70	125	2.0
71	71	476.0
71	72	16.0
71	73	20.0
71	78	1.0
71	93	3.0
71	94	3.0
71	102	11.0
71	103	21.0
71	104	10.0
71	105	6.0
71	110	1.0
71	120	2.0
71	121	3.0
71	122	3.0
71	123	2.0
72	72	498.0
72	73	28.0
72	104	5.0
72	105	12.0
72	116	1.0
72	118	1.0
72	121	1.0
72	122	13.0
72	123	1.0
72	132	1.0
73	73	484.0
73	74	11.0
73	75	1.0
73	96	2.0
73	102	3.0
73	103	1.0
73	105	15.0
73	109	1.0
73	111	1.0
73	120	1.0
73	121	1.0
73	122	1.0
73	129	1.0
73	132	1.0
73	133	1.0
73	134	3.0
74	74	359.0
74	75	7.0
74	76	10.0
74	77	6.0
74	97	1.0
74	104	1.0
74	116	1.0
74	118	1.0
74	127	2.0
75	75	394.0
75	76	1.0
75	77	7.0
75	78	5.0
75	88	1.0
75	98	4.0
75	103	1.0
75	104	1.0
75	107	2.0
75	113	1.0
76	76	421.0
76	77	15.0
76	78	15.0
76	79	3.0
76	80	4.0
76	105	1.0
76	106	1.0
76	108	4.0
77	77	445.0
77	78	20.0
77	79	4.0
77	103	1.0
77	107	4.0
77	108	3.0
78	78	362.0
78	79	14.0
78	80	2.0
78	81	2.0
78	106	1.0
79	79	477.0
79	80	29.0
79	104	1.0
80	80	570.0
80	81	14.0
80	92	1.0
81	81	355.0
81	82	16.0
81	83	1.0
81	89	2.0
81	90	1.0
81	96	2.0
81	107	2.0
81	109	2.0
81	111	3.0
81	112	2.0
81	127	1.0
82	82	444.0
82	83	14.0
82	84	11.0
82	85	6.0
82	86	6.0
82	87	5.0
82	88	1.0
82	89	1.0
82	90	1.0
82	91	3.0
82	92	11.0
82	95	2.0
82	97	1.0
82	99	2.0
82	100	7.0
82	104	1.0
82	105	1.0
82	107	2.0
82	108	8.0
82	109	4.0
82	110	3.0
82	111	6.0
82	131	1.0
82	132	1.0
83	83	338.0
83	84	27.0
83	85	12.0
83	86	9.0
83	87	1.0
83	88	2.0
83	89	7.0
83	90	6.0
83	91	7.0
83	92	10.0
83	96	1.0
83	98	2.0
83	99	1.0
83	100	13.0
83	107	1.0
83	109	4.0
83	110	1.0
83	127	1.0
84	84	387.0
84	85	16.0
84	86	14.0
84	87	12.0
84	88	3.0
84	89	8.0
84	90	6.0
84	92	1.0
84	96	1.0
84	99	6.0
84	100	1.0
84	127	2.0
84	131	7.0
85	85	403.0
85	86	17.0
85	87	7.0
85	88	2.0
85	90	9.0
85	91	1.0
85	92	2.0
85	97	1.0
85	99	1.0
85	100	2.0
85	126	1.0
85	127	5.0
85	131	5.0
85	132	1.0
85	133	1.0
86	86	427.0
86	87	15.0
86	88	7.0
86	89	1.0
86	90	4.0
86	91	1.0
86	92	4.0
86	122	1.0
86	127	1.0
86	128	4.0
86	129	1.0
86	131	4.0
87	87	463.0
87	88	23.0
87	90	5.0
87	91	9.0
87	92	9.0
87	96	1.0
87	99	1.0
87	101	1.0
87	131	2.0
88	88	377.0
88	89	7.0
88	91	4.0
88	92	2.0
88	115	1.0
88	127	2.0
88	128	5.0
88	129	10.0
88	130	9.0
88	131	2.0
89	89	324.0
89	90	12.0
89	91	2.0
89	92	4.0
89	97	4.0
89	101	3.0
89	127	4.0
89	129	5.0
89	130	4.0
89	131	5.0
89	132	6.0
90	90	383.0
90	91	28.0
90	92	4.0
90	93	5.0
90	94	1.0
90	97	5.0
90	101	1.0
90	102	1.0
90	103	1.0
90	110	1.0
90	116	1.0
90	127	1.0
90	133	2.0
91	91	446.0
91	92	24.0
91	93	5.0
91	94	2.0
91	97	3.0
91	100	5.0
91	101	2.0
91	102	1.0
91	108	1.0
91	111	1.0
91	120	1.0
91	129	1.0
91	131	1.0
91	133	11.0
92	92	424.0
92	93	8.0
92	94	4.0
92	95	1.0
92	96	3.0
92	97	5.0
92	100	7.0
92	103	2.0
92	115	1.0
93	93	397.0
93	94	17.0
93	95	1.0
93	97	2.0
93	101	5.0
93	102	3.0
93	104	1.0
93	117	3.0
93	118	3.0
93	119	3.0
93	120	2.0
93	121	2.0
93	123	2.0
93	125	4.0
93	135	1.0
94	94	426.0
94	95	1.0
94	96	10.0
94	100	1.0
94	101	13.0
94	102	2.0
94	109	2.0
94	111	1.0
94	117	1.0
94	118	1.0
94	121	2.0
94	123	2.0
94	124	1.0
94	125	4.0
95	95	472.0
95	96	15.0
95	97	1.0
95	98	1.0
95	99	1.0
95	109	4.0
95	110	1.0
95	111	5.0
95	112	1.0
95	123	1.0
95	124	5.0
95	125	9.0
96	96	381.0
96	97	5.0
96	99	10.0
96	100	5.0
96	101	2.0
96	106	2.0
96	108	1.0
96	109	3.0
96	110	2.0
96	111	1.0
96	112	2.0
96	116	2.0
96	122	2.0
96	123	1.0
96	124	7.0
96	125	7.0
96	126	1.0
97	97	481.0
97	98	21.0
97	99	23.0
97	100	14.0
97	101	3.0
97	102	3.0
97	103	5.0
97	124	1.0
97	125	6.0
97	127	4.0
97	131	1.0
97	132	1.0
98	98	451.0
98	99	13.0
98	100	3.0
98	103	4.0
98	104	4.0
98	105	2.0
98	116	1.0
98	117	2.0
98	125	1.0
98	126	6.0
98	127	2.0
99	99	497.0
99	100	15.0
99	101	1.0
99	102	2.0
99	103	12.0
99	104	5.0
99	105	2.0
99	109	1.0
99	114	2.0
99	124	1.0
99	125	1.0
99	126	2.0
99	127	3.0
100	100	381.0
100	101	2.0
100	102	1.0
100	109	1.0
100	110	2.0
100	124	1.0
100	125	1.0
101	101	410.0
101	103	1.0
101	109	2.0
101	116	1.0
101	117	2.0
101	119	10.0
101	120	10.0
101	123	1.0
101	125	2.0
102	102	441.0
102	103	13.0
102	104	2.0
102	115	2.0
102	121	3.0
102	123	1.0
102	124	1.0
102	125	2.0
103	103	452.0
103	104	27.0
103	105	5.0
103	121	2.0
103	122	1.0
103	123	6.0
103	125	1.0
103	126	3.0
104	104	450.0
104	105	9.0
105	105	474.0
105	106	12.0
105	107	1.0
105	108	4.0
105	109	2.0
105	110	2.0
105	111	2.0
105	113	2.0
105	114	1.0
105	115	1.0
105	123	1.0
105	125	2.0
105	126	1.0
106	106	431.0
106	107	32.0
106	108	13.0
106	109	11.0
106	111	1.0
106	113	3.0
106	117	1.0
106	134	1.0
107	107	400.0
107	108	22.0
107	109	13.0
107	110	9.0
107	111	3.0
107	113	1.0
107	123	1.0
108	108	397.0
108	109	14.0
108	110	6.0
108	111	15.0
108	125	3.0
109	109	410.0
109	110	23.0
109	111	13.0
109	112	5.0
109	124	5.0
109	125	1.0
110	110	376.0
110	111	10.0
110	112	7.0
110	114	1.0
110	120	2.0
110	122	2.0
110	123	1.0
110	124	4.0
110	125	3.0
111	111	404.0
111	112	9.0
111	115	1.0
111	116	1.0
111	119	4.0
111	123	2.0
111	124	6.0
111	125	3.0
112	112	386.0
112	113	29.0
112	114	5.0
112	115	1.0
112	116	4.0
112	123	1.0
112	124	10.0
112	125	1.0
112	129	1.0
113	113	415.0
113	114	29.0
113	115	6.0
113	133	1.0
114	114	458.0
114	115	45.0
114	122	1.0
115	115	419.0
115	116	20.0
115	117	5.0
115	118	5.0
115	121	2.0
115	122	6.0
115	123	13.0
115	124	3.0
116	116	467.0
116	117	19.0
116	118	18.0
116	119	2.0
116	120	3.0
116	122	15.0
116	123	7.0
116	124	3.0
116	125	2.0
116	128	1.0
117	117	403.0
117	118	13.0
117	121	2.0
117	122	10.0
117	123	1.0
117	128	2.0
117	130	1.0
118	118	433.0
118	119	10.0
118	121	3.0
118	122	1.0
118	123	3.0
118	128	1.0
118	134	1.0
119	119	429.0
119	120	39.0
119	133	2.0
120	120	432.0
120	121	11.0
120	122	6.0
120	133	2.0
121	121	512.0
121	122	40.0
121	123	16.0
121	125	1.0
121	131	1.0
122	122	437.0
122	123	19.0
122	125	1.0
123	123	439.0
123	124	7.0
123	125	1.0
123	129	1.0
123	130	3.0
124	124	433.0
124	125	20.0
124	126	2.0
124	129	4.0
124	130	1.0
124	131	1.0
125	125	485.0
125	126	8.0
125	130	12.0
125	131	14.0
125	133	2.0
126	126	434.0
126	127	17.0
126	128	8.0
126	129	7.0
126	133	1.0
127	127	411.0
127	128	20.0
127	129	11.0
128	128	373.0
128	129	23.0
128	130	8.0
128	131	3.0
129	129	446.0
129	130	8.0
129	131	7.0
129	132	2.0
130	130	495.0
130	131	28.0
130	132	11.0
130	133	6.0
131	131	445.0
131	132	12.0
131	133	7.0
132	132	546.0
132	133	39.0
133	133	450.0
133	134	4.0
134	134	469.0
134	135	10.0
135	135	197.0
136	1	16.0
136	2	6.0
136	3	6.0
136	4	2.0
136	37	1.0
136	45	1.0
136	47	2.0
136	51	2.0
136	55	1.0
136	59	3.0
136	60	6.0
136	73	1.0
136	117	1.0
136	134	2.0
136	135	1.0
136	136	405.0
