1	1	885.0
1	2	28.0
1	3	2.0
1	4	2.0
1	5	9.0
1	6	3.0
1	7	4.0
1	34	1.0
1	36	1.0
1	39	1.0
1	40	4.0
1	53	1.0
1	105	1.0
1	112	1.0
2	2	857.0
2	3	29.0
2	4	8.0
2	5	15.0
2	26	1.0
2	35	2.0
2	36	5.0
2	37	1.0
2	38	11.0
2	39	2.0
2	40	5.0
2	41	3.0
2	42	4.0
2	52	1.0
2	95	1.0
2	97	1.0
2	150	1.0
2	153	1.0
2	155	1.0
2	157	1.0
3	3	706.0
3	4	60.0
3	5	1.0
3	29	1.0
3	33	1.0
3	36	11.0
3	37	2.0
3	38	5.0
3	39	4.0
3	40	8.0
3	41	1.0
3	42	12.0
3	45	2.0
3	46	5.0
3	47	1.0
3	63	1.0
3	80	1.0
3	92	1.0
3	147	1.0
3	152	1.0
4	4	701.0
4	5	8.0
4	33	2.0
4	35	2.0
4	36	11.0
4	37	4.0
4	38	2.0
4	39	4.0
4	40	22.0
4	41	7.0
4	42	4.0
4	45	1.0
4	46	1.0
4	48	1.0
4	55	1.0
4	88	2.0
4	98	1.0
4	135	1.0
4	140	1.0
4	141	1.0
4	154	1.0
5	5	702.0
5	6	16.0
5	7	1.0
5	8	4.0
5	20	1.0
5	22	1.0
5	40	1.0
5	41	2.0
5	54	1.0
5	69	1.0
5	75	1.0
5	97	2.0
5	104	1.0
5	105	1.0
5	110	1.0
5	124	1.0
5	125	1.0
5	130	1.0
5	131	1.0
5	143	1.0
6	6	661.0
6	7	18.0
6	8	11.0
6	9	1.0
6	10	2.0
6	14	1.0
6	24	1.0
6	38	1.0
6	39	1.0
6	72	1.0
6	76	1.0
6	97	1.0
6	102	1.0
6	119	1.0
6	155	1.0
7	7	622.0
7	8	40.0
7	9	8.0
7	10	7.0
7	11	3.0
7	12	6.0
7	16	1.0
7	30	1.0
7	106	1.0
7	129	1.0
8	8	604.0
8	9	22.0
8	10	45.0
8	11	16.0
8	12	1.0
8	53	4.0
8	54	6.0
9	9	574.0
9	10	32.0
9	11	10.0
9	12	14.0
9	32	1.0
9	39	1.0
9	54	2.0
9	57	1.0
9	68	1.0
9	77	1.0
9	86	1.0
9	110	1.0
9	114	1.0
10	10	560.0
10	11	26.0
10	12	7.0
10	18	1.0
10	29	1.0
10	38	1.0
10	44	1.0
10	53	5.0
10	54	1.0
10	93	1.0
10	107	1.0
10	134	1.0
11	11	571.0
11	12	40.0
11	13	11.0
11	14	6.0
11	50	1.0
11	56	1.0
11	83	1.0
11	93	1.0
12	12	539.0
12	13	26.0
12	14	15.0
12	15	13.0
12	16	1.0
12	17	1.0
12	20	2.0
12	21	4.0
12	22	8.0
12	30	2.0
12	32	1.0
12	37	2.0
12	40	1.0
12	67	1.0
12	92	2.0
12	103	1.0
13	13	637.0
13	14	55.0
13	15	17.0
13	16	1.0
13	21	3.0
13	108	1.0
13	128	1.0
14	14	568.0
14	15	14.0
14	16	6.0
14	21	11.0
14	22	3.0
14	101	1.0
14	107	1.0
14	113	1.0
14	134	1.0
15	15	560.0
15	16	29.0
15	17	11.0
15	18	1.0
15	20	3.0
15	21	13.0
15	22	1.0
15	27	1.0
15	30	3.0
15	86	1.0
15	98	1.0
15	133	1.0
15	145	1.0
16	16	632.0
16	17	26.0
16	18	8.0
16	19	1.0
16	21	1.0
16	25	1.0
16	26	1.0
16	30	1.0
16	35	1.0
16	36	1.0
16	54	1.0
16	61	1.0
16	69	1.0
16	94	1.0
16	143	1.0
17	17	618.0
17	18	22.0
17	19	5.0
17	20	3.0
17	26	1.0
17	30	4.0
17	36	5.0
17	38	1.0
17	45	1.0
17	61	1.0
17	66	1.0
17	111	1.0
17	136	1.0
17	141	1.0
18	18	602.0
18	19	40.0
18	20	13.0
18	21	2.0
18	22	3.0
18	23	1.0
18	26	7.0
18	30	3.0
18	36	4.0
18	61	1.0
18	87	1.0
18	103	1.0
18	113	1.0
18	137	1.0
18	138	1.0
18	141	3.0
18	150	2.0
18	151	1.0
19	19	571.0
19	20	21.0
19	21	9.0
19	25	4.0
19	26	20.0
19	27	12.0
19	35	2.0
19	36	11.0
19	52	1.0
19	112	1.0
19	133	1.0
19	144	1.0
19	153	1.0
19	157	1.0
20	20	598.0
20	21	23.0
20	22	17.0
20	23	4.0
20	24	2.0
20	26	1.0
20	27	14.0
20	30	7.0
20	36	6.0
20	38	2.0
20	42	1.0
20	52	1.0
20	61	1.0
20	66	1.0
20	67	1.0
20	87	1.0
20	89	1.0
20	91	1.0
20	110	1.0
20	133	1.0
20	141	18.0
21	21	647.0
21	22	41.0
21	23	1.0
21	24	3.0
21	25	7.0
21	27	1.0
21	28	3.0
21	30	5.0
21	45	2.0
21	48	1.0
21	71	1.0
21	87	9.0
21	99	1.0
22	22	631.0
22	23	15.0
22	24	3.0
22	28	1.0
22	55	1.0
22	56	1.0
22	61	1.0
22	64	1.0
22	75	1.0
22	86	2.0
22	87	13.0
22	88	1.0
22	89	5.0
22	90	1.0
22	123	2.0
22	127	1.0
22	129	1.0
22	141	5.0
22	153	1.0
23	23	664.0
23	24	10.0
23	26	1.0
23	27	3.0
23	28	3.0
23	54	1.0
23	63	1.0
23	64	1.0
23	87	9.0
23	88	11.0
23	89	5.0
23	113	1.0
23	132	1.0
23	138	1.0
23	139	1.0
23	141	2.0
23	142	9.0
23	143	2.0
23	144	5.0
23	151	1.0
23	155	1.0
24	24	624.0
24	25	36.0
24	26	9.0
24	27	2.0
24	39	1.0
24	40	5.0
24	41	2.0
24	42	2.0
24	45	6.0
24	50	2.0
24	57	1.0
24	68	1.0
24	75	1.0
24	85	3.0
24	86	16.0
24	87	12.0
24	89	5.0
24	113	1.0
24	115	1.0
24	128	2.0
24	153	1.0
25	25	682.0
25	26	21.0
25	27	2.0
25	38	23.0
25	39	3.0
25	40	1.0
25	52	1.0
25	54	1.0
25	65	1.0
25	75	1.0
25	86	1.0
25	106	1.0
25	120	1.0
25	145	1.0
26	26	677.0
26	27	19.0
26	28	6.0
26	36	3.0
26	37	3.0
26	38	11.0
26	39	2.0
26	50	1.0
26	51	2.0
26	75	1.0
26	79	2.0
26	112	2.0
26	114	1.0
26	117	1.0
26	141	1.0
26	152	1.0
27	27	722.0
27	28	15.0
27	36	1.0
27	37	1.0
27	38	1.0
27	39	1.0
27	47	1.0
27	94	1.0
27	103	1.0
27	120	1.0
27	133	1.0
27	136	1.0
28	28	713.0
28	29	34.0
28	30	13.0
28	31	3.0
28	34	15.0
28	35	1.0
28	36	1.0
28	37	1.0
28	41	1.0
28	51	1.0
28	54	1.0
28	89	1.0
28	99	1.0
28	103	1.0
28	143	1.0
28	144	1.0
28	148	1.0
29	29	636.0
29	30	17.0
29	31	1.0
29	32	3.0
29	33	3.0
29	34	14.0
29	35	13.0
29	36	1.0
29	37	4.0
29	41	3.0
29	44	1.0
29	48	1.0
29	61	1.0
29	82	1.0
29	90	1.0
29	105	1.0
30	30	722.0
30	31	18.0
30	32	6.0
30	33	9.0
30	35	18.0
30	36	10.0
30	37	17.0
30	39	1.0
30	40	1.0
30	80	1.0
30	83	1.0
31	31	720.0
31	32	21.0
31	33	20.0
31	34	16.0
31	35	10.0
31	41	2.0
31	55	2.0
31	80	1.0
31	82	1.0
31	99	1.0
31	117	1.0
31	148	1.0
32	32	599.0
32	33	45.0
32	34	10.0
32	35	11.0
32	36	1.0
32	40	7.0
32	41	4.0
32	42	7.0
32	43	1.0
32	44	2.0
32	50	1.0
32	62	1.0
32	72	1.0
32	88	1.0
32	130	1.0
33	33	609.0
33	34	38.0
33	35	8.0
33	37	1.0
33	40	3.0
33	41	8.0
33	42	5.0
33	43	3.0
33	44	13.0
33	46	1.0
33	55	3.0
33	70	1.0
33	150	1.0
33	151	1.0
34	34	594.0
34	35	16.0
34	36	11.0
34	40	2.0
34	41	26.0
34	43	1.0
34	52	1.0
34	107	1.0
34	134	2.0
34	143	1.0
35	35	533.0
35	36	7.0
35	37	4.0
35	39	2.0
35	40	11.0
35	41	13.0
35	42	1.0
35	46	1.0
35	56	1.0
35	94	1.0
35	100	1.0
35	102	1.0
35	113	1.0
35	124	1.0
35	129	1.0
35	137	1.0
35	144	1.0
35	156	1.0
36	36	729.0
36	37	33.0
36	39	3.0
36	40	11.0
36	41	1.0
36	47	1.0
36	61	1.0
36	90	1.0
36	113	1.0
36	133	1.0
36	137	1.0
37	37	670.0
37	38	4.0
37	39	14.0
37	40	8.0
37	42	3.0
37	45	1.0
37	46	7.0
37	57	1.0
37	61	1.0
37	85	1.0
37	95	1.0
37	109	2.0
37	129	2.0
37	131	2.0
37	132	2.0
38	38	605.0
38	39	38.0
38	40	5.0
38	42	3.0
38	45	19.0
38	46	19.0
38	47	5.0
38	66	1.0
38	73	1.0
38	113	1.0
38	137	1.0
38	144	1.0
38	148	1.0
38	156	2.0
39	39	623.0
39	40	13.0
39	41	1.0
39	43	1.0
39	45	4.0
39	46	3.0
39	47	7.0
39	55	1.0
39	56	1.0
39	62	1.0
39	76	1.0
39	102	1.0
39	136	1.0
40	40	607.0
40	41	64.0
40	42	4.0
40	45	6.0
40	46	9.0
40	50	4.0
40	65	1.0
40	80	1.0
40	103	1.0
40	119	1.0
40	153	1.0
40	154	1.0
41	41	707.0
41	42	8.0
41	43	1.0
41	45	5.0
41	46	2.0
41	47	2.0
41	49	1.0
41	50	5.0
41	55	1.0
41	85	1.0
41	86	1.0
41	112	2.0
41	113	1.0
41	114	1.0
41	118	1.0
42	42	624.0
42	43	21.0
42	44	6.0
42	45	27.0
42	46	31.0
42	47	4.0
42	48	8.0
42	49	5.0
42	50	16.0
42	64	1.0
42	66	1.0
42	85	3.0
42	86	3.0
42	99	1.0
42	108	13.0
42	110	2.0
42	111	2.0
42	112	3.0
42	113	3.0
42	115	4.0
42	118	7.0
42	120	1.0
42	121	1.0
42	151	1.0
43	43	712.0
43	44	29.0
43	45	10.0
43	46	8.0
43	47	5.0
43	55	2.0
43	61	1.0
43	104	2.0
43	107	2.0
43	108	24.0
43	109	1.0
43	110	18.0
43	111	2.0
43	118	2.0
43	120	1.0
43	123	4.0
43	124	2.0
44	44	716.0
44	45	3.0
44	46	7.0
44	47	2.0
44	53	4.0
44	54	3.0
44	55	10.0
44	68	1.0
44	101	1.0
44	102	1.0
44	108	13.0
44	109	1.0
44	110	7.0
44	111	1.0
44	118	11.0
44	120	5.0
44	121	10.0
44	125	1.0
44	128	1.0
45	45	714.0
45	46	46.0
45	47	8.0
45	48	2.0
45	49	2.0
45	50	1.0
45	86	9.0
45	106	1.0
45	107	1.0
45	111	7.0
45	113	1.0
45	115	3.0
45	118	5.0
45	120	1.0
45	128	1.0
45	132	1.0
45	139	2.0
46	46	664.0
46	47	17.0
46	48	7.0
46	49	4.0
46	50	17.0
46	51	6.0
46	66	1.0
46	73	2.0
46	80	1.0
46	86	14.0
46	101	1.0
46	108	4.0
46	111	6.0
46	112	8.0
46	115	7.0
46	117	13.0
46	118	7.0
46	120	1.0
46	121	4.0
46	122	1.0
46	131	1.0
46	136	1.0
47	47	755.0
47	48	5.0
47	49	8.0
47	64	1.0
47	66	1.0
47	80	1.0
47	88	1.0
47	95	1.0
47	108	4.0
47	111	11.0
47	112	12.0
47	113	5.0
47	114	11.0
47	115	3.0
47	116	3.0
47	117	3.0
47	118	2.0
47	121	2.0
47	124	1.0
47	127	1.0
47	143	1.0
47	150	1.0
48	48	612.0
48	49	22.0
48	50	3.0
48	51	2.0
48	55	1.0
48	57	3.0
48	81	2.0
48	85	2.0
48	86	1.0
48	88	1.0
48	94	1.0
48	107	1.0
48	108	1.0
48	109	1.0
48	111	1.0
48	112	14.0
48	113	11.0
48	114	7.0
48	115	12.0
48	116	4.0
48	117	13.0
48	150	1.0
49	49	579.0
49	50	30.0
49	51	4.0
49	67	1.0
49	82	2.0
49	85	1.0
49	86	1.0
49	91	1.0
49	110	1.0
49	111	1.0
49	112	4.0
49	113	11.0
49	114	2.0
49	115	2.0
49	117	5.0
49	118	3.0
49	125	1.0
49	131	1.0
50	50	647.0
50	51	19.0
50	52	7.0
50	108	1.0
50	112	8.0
50	113	3.0
50	117	8.0
50	118	2.0
50	121	1.0
50	123	1.0
50	128	1.0
51	51	660.0
51	52	23.0
51	53	2.0
51	54	1.0
51	55	4.0
51	63	1.0
51	71	1.0
51	78	1.0
51	79	1.0
51	83	1.0
51	101	1.0
51	109	1.0
51	112	4.0
51	117	9.0
51	119	2.0
51	120	14.0
51	121	1.0
51	122	6.0
51	125	3.0
51	127	6.0
51	129	1.0
52	52	611.0
52	53	17.0
52	54	13.0
52	61	1.0
52	76	1.0
52	90	1.0
52	106	1.0
52	109	3.0
52	119	5.0
52	124	1.0
52	125	1.0
52	152	1.0
53	53	540.0
53	54	15.0
53	55	5.0
53	56	2.0
53	61	3.0
53	87	1.0
53	93	1.0
53	95	1.0
53	109	4.0
53	112	1.0
53	115	1.0
53	118	4.0
53	119	17.0
53	121	2.0
53	122	2.0
53	125	7.0
53	128	1.0
54	54	607.0
54	55	36.0
54	57	1.0
54	68	1.0
54	105	1.0
54	109	1.0
54	119	2.0
54	120	2.0
54	121	3.0
54	125	3.0
54	131	1.0
54	141	1.0
54	155	1.0
55	55	653.0
55	56	12.0
55	61	3.0
55	84	1.0
55	88	1.0
55	108	1.0
55	109	3.0
55	110	9.0
55	119	2.0
55	120	6.0
55	121	9.0
55	122	7.0
55	123	6.0
55	125	2.0
55	134	1.0
56	56	515.0
56	57	8.0
56	61	7.0
56	63	11.0
56	64	3.0
56	82	1.0
56	104	1.0
56	106	2.0
56	109	1.0
56	110	7.0
56	119	3.0
56	122	1.0
56	123	1.0
56	124	2.0
56	125	2.0
56	138	1.0
56	150	1.0
56	159	1.0
57	57	507.0
57	58	5.0
57	61	26.0
57	62	8.0
57	64	1.0
57	67	1.0
57	86	1.0
57	108	1.0
57	109	2.0
57	110	2.0
57	122	5.0
57	125	7.0
57	126	5.0
57	127	1.0
58	58	36.0
58	61	6.0
58	62	1.0
58	121	1.0
61	61	1881.0
61	62	26.0
61	63	9.0
61	64	1.0
61	65	2.0
61	77	1.0
61	81	1.0
61	86	1.0
61	91	1.0
61	101	1.0
61	106	4.0
61	107	2.0
61	111	2.0
61	126	2.0
61	129	2.0
61	130	1.0
61	133	1.0
61	149	1.0
62	62	478.0
62	63	5.0
62	64	2.0
62	87	1.0
62	110	1.0
62	126	1.0
62	128	1.0
63	63	450.0
63	64	22.0
63	65	1.0
63	83	1.0
63	105	4.0
63	106	1.0
63	124	1.0
63	125	1.0
63	126	8.0
63	127	1.0
63	138	1.0
63	151	3.0
63	152	1.0
63	153	1.0
63	154	4.0
64	64	536.0
64	65	5.0
64	76	1.0
64	79	1.0
64	86	1.0
64	87	1.0
64	90	6.0
64	91	1.0
64	105	4.0
64	107	5.0
64	123	2.0
64	124	2.0
64	151	9.0
64	152	3.0
64	154	3.0
64	155	1.0
64	156	1.0
65	65	484.0
65	66	21.0
65	75	2.0
65	79	1.0
65	81	1.0
65	88	2.0
65	90	8.0
65	103	2.0
65	105	1.0
65	106	2.0
65	107	6.0
65	109	1.0
65	114	1.0
65	116	1.0
65	123	2.0
65	124	1.0
65	125	1.0
65	135	12.0
65	136	1.0
65	138	2.0
65	139	4.0
65	143	1.0
65	148	1.0
65	151	1.0
65	152	1.0
65	153	1.0
65	156	3.0
65	157	11.0
65	158	7.0
66	66	601.0
66	67	4.0
66	68	3.0
66	69	2.0
66	70	3.0
66	71	8.0
66	72	14.0
66	73	2.0
66	75	1.0
66	78	3.0
66	80	3.0
66	81	4.0
66	82	2.0
66	89	1.0
66	90	2.0
66	92	14.0
66	93	11.0
66	94	3.0
66	95	1.0
66	96	2.0
66	97	3.0
66	99	1.0
66	106	1.0
66	127	5.0
66	129	1.0
66	131	1.0
66	133	4.0
66	134	5.0
66	135	19.0
66	137	3.0
66	138	11.0
66	139	5.0
66	148	1.0
66	152	3.0
66	154	3.0
66	155	4.0
66	156	1.0
66	157	11.0
66	158	16.0
67	67	687.0
67	68	54.0
67	69	16.0
67	70	4.0
67	71	1.0
67	74	1.0
67	76	11.0
67	77	2.0
67	88	1.0
67	92	2.0
67	93	6.0
67	95	3.0
67	96	1.0
67	97	8.0
67	114	1.0
67	127	1.0
67	134	8.0
67	135	5.0
67	149	5.0
67	151	7.0
67	152	2.0
67	153	1.0
67	154	4.0
67	155	5.0
68	68	625.0
68	69	41.0
68	70	4.0
68	76	3.0
68	92	5.0
68	93	4.0
68	95	3.0
68	96	11.0
68	97	2.0
68	111	1.0
68	124	2.0
68	125	4.0
68	126	5.0
68	132	2.0
68	134	5.0
68	135	5.0
68	137	1.0
68	145	1.0
68	148	5.0
68	149	4.0
68	150	1.0
68	151	3.0
68	152	2.0
68	153	3.0
68	154	4.0
68	155	4.0
69	69	673.0
69	70	10.0
69	71	17.0
69	76	1.0
69	77	1.0
69	81	1.0
69	82	4.0
69	83	8.0
69	84	5.0
69	85	5.0
69	86	8.0
69	88	2.0
69	93	6.0
69	94	1.0
69	96	3.0
69	97	3.0
69	110	1.0
69	125	17.0
69	126	14.0
69	136	2.0
69	138	2.0
69	139	8.0
69	140	2.0
69	141	1.0
69	148	2.0
69	149	4.0
69	152	1.0
69	153	2.0
69	154	1.0
69	155	2.0
70	70	670.0
70	71	54.0
70	72	4.0
70	76	6.0
70	77	1.0
70	78	4.0
70	79	4.0
70	80	9.0
70	81	7.0
70	83	3.0
70	84	2.0
70	85	5.0
70	86	7.0
70	87	3.0
70	88	4.0
70	93	17.0
70	98	1.0
70	105	5.0
70	108	5.0
70	109	1.0
70	117	1.0
70	124	1.0
70	125	5.0
70	126	3.0
70	129	1.0
70	134	1.0
70	135	10.0
70	136	6.0
70	138	3.0
70	139	1.0
70	140	1.0
70	141	2.0
70	145	1.0
70	147	1.0
70	152	7.0
70	153	7.0
70	154	4.0
70	155	2.0
70	156	8.0
71	71	681.0
71	72	13.0
71	76	1.0
71	77	6.0
71	78	1.0
71	79	9.0
71	80	1.0
71	85	3.0
71	86	5.0
71	87	3.0
71	88	3.0
71	89	1.0
71	93	15.0
71	94	7.0
71	95	2.0
71	96	4.0
71	97	3.0
71	99	1.0
71	105	1.0
71	109	1.0
71	111	1.0
71	124	1.0
71	125	2.0
71	126	2.0
71	127	2.0
71	135	7.0
71	136	2.0
71	137	5.0
71	138	1.0
71	148	1.0
71	149	1.0
71	152	10.0
71	153	8.0
71	154	2.0
71	155	4.0
71	156	6.0
71	157	1.0
72	72	360.0
72	73	11.0
72	74	2.0
72	75	5.0
72	76	1.0
72	79	1.0
72	80	2.0
72	81	6.0
72	82	1.0
72	84	1.0
72	86	5.0
72	88	4.0
72	93	1.0
72	94	7.0
72	95	1.0
72	116	1.0
72	117	1.0
72	127	1.0
72	129	3.0
72	130	1.0
72	131	1.0
72	135	5.0
72	136	1.0
72	137	2.0
72	149	1.0
72	155	3.0
72	157	2.0
73	73	854.0
73	74	11.0
73	75	9.0
73	77	1.0
73	88	1.0
73	98	1.0
73	103	2.0
73	108	1.0
73	131	1.0
73	133	1.0
73	134	1.0
73	135	7.0
73	139	1.0
73	141	1.0
73	156	6.0
73	157	1.0
74	74	133.0
74	75	3.0
74	99	1.0
74	109	1.0
74	150	1.0
75	75	621.0
75	77	1.0
75	78	1.0
75	80	6.0
75	81	2.0
75	92	1.0
75	97	5.0
75	102	1.0
75	111	1.0
75	127	14.0
75	128	21.0
75	129	3.0
75	130	14.0
75	131	1.0
75	135	6.0
75	149	1.0
75	154	1.0
75	155	1.0
76	76	309.0
76	77	14.0
76	79	5.0
76	80	12.0
76	81	11.0
76	82	2.0
76	83	1.0
76	87	1.0
76	88	1.0
76	89	2.0
76	90	1.0
76	91	1.0
76	92	1.0
76	93	4.0
76	94	3.0
76	99	1.0
76	101	4.0
76	102	4.0
76	130	1.0
76	140	1.0
77	77	665.0
77	78	37.0
77	79	20.0
77	80	9.0
77	81	4.0
77	82	10.0
77	83	12.0
77	92	4.0
77	93	7.0
77	94	2.0
77	95	3.0
77	96	1.0
77	98	1.0
77	103	2.0
77	114	1.0
77	118	2.0
77	119	3.0
77	120	3.0
77	129	1.0
77	134	2.0
77	146	1.0
77	157	1.0
77	158	1.0
78	78	563.0
78	79	34.0
78	80	10.0
78	81	3.0
78	82	7.0
78	83	2.0
78	84	1.0
78	89	2.0
78	93	13.0
78	94	4.0
78	118	4.0
78	119	16.0
78	134	1.0
78	136	1.0
78	137	1.0
78	138	1.0
78	158	1.0
79	79	578.0
79	80	21.0
79	81	5.0
79	82	10.0
79	83	7.0
79	91	1.0
79	92	4.0
79	93	4.0
79	96	2.0
79	102	1.0
79	103	2.0
79	108	1.0
79	118	10.0
79	119	9.0
79	120	1.0
79	122	1.0
79	129	1.0
80	80	585.0
80	81	16.0
80	82	6.0
80	83	2.0
80	84	8.0
80	85	14.0
80	87	1.0
80	88	3.0
80	89	9.0
80	92	7.0
80	96	3.0
80	99	1.0
80	103	5.0
80	104	5.0
80	105	1.0
80	127	1.0
80	130	6.0
80	135	2.0
80	136	6.0
80	137	5.0
80	138	2.0
80	139	3.0
80	141	1.0
80	145	1.0
80	150	1.0
80	151	1.0
80	152	1.0
81	81	524.0
81	82	27.0
81	83	10.0
81	84	14.0
81	85	2.0
81	89	2.0
81	91	2.0
81	92	3.0
81	93	1.0
81	94	1.0
81	95	1.0
81	102	1.0
81	103	17.0
81	104	7.0
81	114	1.0
81	116	5.0
81	121	2.0
81	129	1.0
81	135	3.0
81	136	10.0
81	137	6.0
81	138	5.0
81	150	1.0
82	82	549.0
82	83	15.0
82	84	21.0
82	85	8.0
82	88	1.0
82	89	2.0
82	92	7.0
82	93	4.0
82	94	2.0
82	95	7.0
82	96	11.0
82	103	9.0
82	104	1.0
82	111	1.0
82	116	5.0
82	118	3.0
82	122	1.0
82	126	4.0
82	136	5.0
82	137	3.0
82	138	1.0
82	139	6.0
82	152	2.0
83	83	504.0
83	84	23.0
83	87	2.0
83	90	2.0
83	93	3.0
83	94	3.0
83	95	11.0
83	96	1.0
83	103	6.0
83	104	5.0
83	105	5.0
83	108	1.0
83	118	3.0
83	124	2.0
83	125	1.0
83	126	4.0
83	130	1.0
83	136	1.0
83	138	2.0
83	139	1.0
83	140	1.0
83	141	1.0
83	147	1.0
84	84	514.0
84	85	24.0
84	86	1.0
84	87	1.0
84	89	1.0
84	92	5.0
84	95	9.0
84	96	6.0
84	103	3.0
84	104	10.0
84	105	5.0
84	106	1.0
84	116	4.0
84	124	1.0
84	126	8.0
84	127	1.0
84	135	2.0
84	136	16.0
84	137	5.0
84	138	8.0
84	140	3.0
84	141	1.0
84	142	1.0
84	147	1.0
84	155	1.0
85	85	491.0
85	86	23.0
85	87	7.0
85	88	5.0
85	89	10.0
85	90	1.0
85	95	1.0
85	104	13.0
85	105	1.0
85	108	8.0
85	109	1.0
85	112	1.0
85	113	8.0
85	114	4.0
85	115	15.0
85	116	11.0
85	124	2.0
85	125	2.0
85	126	2.0
85	133	1.0
85	136	14.0
85	137	8.0
85	138	6.0
85	139	3.0
85	140	6.0
85	141	3.0
85	153	1.0
85	155	3.0
86	86	622.0
86	87	7.0
86	88	8.0
86	89	11.0
86	104	1.0
86	106	6.0
86	109	2.0
86	111	2.0
86	112	2.0
86	113	3.0
86	115	11.0
86	119	1.0
86	123	2.0
86	124	4.0
86	125	11.0
86	126	2.0
86	128	1.0
86	136	7.0
86	137	3.0
86	138	3.0
86	145	3.0
86	146	1.0
86	148	3.0
86	153	7.0
86	154	1.0
87	87	595.0
87	88	16.0
87	89	17.0
87	90	1.0
87	105	1.0
87	110	1.0
87	123	1.0
87	124	1.0
87	127	1.0
87	136	3.0
87	137	12.0
87	138	1.0
87	139	1.0
87	140	3.0
87	141	2.0
87	142	1.0
87	144	1.0
87	156	1.0
87	157	1.0
87	158	2.0
88	88	565.0
88	89	36.0
88	91	3.0
88	96	1.0
88	111	3.0
88	113	4.0
88	114	16.0
88	115	6.0
88	116	9.0
88	121	1.0
88	126	1.0
88	127	1.0
88	129	3.0
88	135	4.0
88	136	1.0
88	137	5.0
88	138	1.0
88	142	1.0
88	144	9.0
88	145	1.0
88	152	7.0
88	155	3.0
88	157	5.0
88	158	7.0
89	89	514.0
89	90	16.0
89	91	2.0
89	92	1.0
89	96	1.0
89	102	3.0
89	103	2.0
89	111	1.0
89	113	1.0
89	114	2.0
89	115	2.0
89	134	2.0
89	135	1.0
89	136	4.0
89	137	2.0
89	141	4.0
89	142	8.0
89	144	11.0
89	145	3.0
89	150	1.0
89	158	4.0
90	90	627.0
90	91	13.0
90	97	2.0
90	101	1.0
90	112	1.0
90	128	1.0
90	132	1.0
90	133	3.0
90	134	1.0
90	137	2.0
90	142	2.0
90	143	2.0
90	144	8.0
90	145	32.0
90	146	1.0
90	147	12.0
90	151	1.0
90	158	3.0
91	91	574.0
91	92	8.0
91	96	1.0
91	97	8.0
91	102	7.0
91	103	5.0
91	126	1.0
91	132	3.0
91	133	15.0
91	134	4.0
91	142	18.0
91	143	11.0
91	144	2.0
91	145	8.0
91	146	4.0
91	147	3.0
91	148	2.0
91	155	5.0
91	156	7.0
91	158	4.0
92	92	687.0
92	93	8.0
92	94	11.0
92	95	10.0
92	96	16.0
92	97	7.0
92	102	3.0
92	116	1.0
92	118	1.0
92	120	1.0
92	135	1.0
92	136	2.0
92	138	5.0
92	142	3.0
92	143	5.0
92	150	1.0
92	151	1.0
92	154	1.0
92	157	1.0
93	93	656.0
93	94	20.0
93	95	13.0
93	96	7.0
93	97	2.0
93	103	1.0
93	127	1.0
93	135	3.0
93	137	7.0
93	138	1.0
93	148	1.0
94	94	612.0
94	95	32.0
94	96	4.0
94	98	1.0
94	99	1.0
94	137	1.0
94	140	1.0
94	142	1.0
94	147	8.0
94	149	6.0
94	151	1.0
95	95	593.0
95	96	37.0
95	97	9.0
95	98	1.0
95	120	1.0
95	126	2.0
95	129	1.0
95	135	2.0
95	140	1.0
95	142	4.0
95	148	1.0
95	149	12.0
95	152	1.0
96	96	668.0
96	97	27.0
96	98	3.0
96	105	1.0
96	126	2.0
96	129	1.0
96	135	4.0
96	138	2.0
96	142	10.0
96	143	3.0
96	145	3.0
96	146	3.0
96	147	10.0
96	148	17.0
96	149	6.0
96	152	3.0
97	97	578.0
97	98	14.0
97	101	2.0
97	102	1.0
97	127	6.0
97	128	2.0
97	129	2.0
97	130	3.0
97	131	4.0
97	133	1.0
97	137	1.0
97	138	3.0
97	142	10.0
97	143	7.0
97	144	7.0
97	145	2.0
97	147	2.0
97	148	12.0
97	150	3.0
97	152	2.0
97	154	4.0
97	155	5.0
97	156	1.0
98	98	754.0
98	99	35.0
98	100	5.0
98	140	1.0
98	147	7.0
98	148	21.0
98	149	2.0
99	99	661.0
99	100	13.0
99	101	3.0
99	127	2.0
99	128	1.0
99	146	2.0
99	148	5.0
99	150	1.0
99	152	1.0
100	100	758.0
100	101	20.0
100	117	1.0
100	126	1.0
100	137	1.0
100	148	2.0
100	151	1.0
100	158	1.0
101	101	671.0
101	102	13.0
101	103	7.0
101	127	1.0
101	139	2.0
101	140	5.0
101	142	1.0
101	150	14.0
101	153	4.0
101	155	1.0
101	157	3.0
101	159	2.0
102	102	413.0
102	103	30.0
102	104	3.0
102	116	1.0
102	135	1.0
102	140	1.0
102	141	1.0
102	150	1.0
102	151	1.0
102	155	2.0
102	157	1.0
102	158	1.0
103	103	544.0
103	104	22.0
103	105	13.0
103	106	2.0
103	117	1.0
103	124	3.0
103	135	2.0
103	138	2.0
103	139	9.0
103	140	7.0
103	144	2.0
103	150	18.0
103	152	1.0
103	153	3.0
103	154	4.0
103	155	1.0
103	156	2.0
103	157	6.0
103	159	2.0
104	104	647.0
104	105	13.0
104	106	3.0
104	107	5.0
104	110	5.0
104	111	2.0
104	123	3.0
104	124	4.0
104	138	4.0
104	139	14.0
104	140	9.0
104	141	2.0
104	150	1.0
104	158	1.0
104	159	2.0
105	105	665.0
105	106	15.0
105	107	7.0
105	108	4.0
105	123	1.0
105	124	7.0
105	125	8.0
105	126	3.0
105	128	1.0
105	134	1.0
105	136	3.0
105	137	1.0
105	138	2.0
105	139	4.0
105	140	7.0
105	141	12.0
105	142	5.0
105	143	2.0
105	144	4.0
105	146	1.0
105	147	4.0
105	150	2.0
105	151	5.0
105	152	3.0
105	153	9.0
105	155	2.0
105	158	3.0
105	159	1.0
106	106	634.0
106	107	38.0
106	109	1.0
106	110	2.0
106	115	1.0
106	124	6.0
106	125	5.0
106	126	2.0
106	127	1.0
106	132	1.0
106	136	2.0
106	143	2.0
106	144	6.0
106	146	4.0
106	147	13.0
106	148	2.0
106	152	3.0
106	153	4.0
106	156	1.0
107	107	606.0
107	108	16.0
107	109	9.0
107	110	3.0
107	111	10.0
107	112	1.0
107	120	3.0
107	122	13.0
107	123	6.0
107	126	1.0
107	127	5.0
107	128	1.0
107	132	1.0
107	133	2.0
107	142	2.0
107	143	2.0
107	144	10.0
107	145	6.0
107	146	8.0
107	147	1.0
107	148	7.0
107	152	2.0
107	153	2.0
107	158	2.0
108	108	605.0
108	109	24.0
108	110	12.0
108	111	18.0
108	112	1.0
108	115	1.0
108	117	1.0
108	118	7.0
108	119	1.0
108	120	3.0
108	121	8.0
108	122	6.0
108	123	1.0
108	136	6.0
108	142	2.0
108	143	3.0
108	144	5.0
108	145	1.0
108	146	17.0
108	147	8.0
108	156	1.0
109	109	535.0
109	110	15.0
109	111	15.0
109	112	7.0
109	113	1.0
109	118	12.0
109	119	12.0
109	120	3.0
109	121	6.0
109	122	3.0
109	123	2.0
109	124	4.0
109	125	12.0
109	127	5.0
109	136	5.0
109	142	2.0
109	143	6.0
109	144	6.0
109	145	2.0
109	146	9.0
109	147	3.0
109	148	2.0
110	110	594.0
110	111	27.0
110	112	11.0
110	113	11.0
110	114	1.0
110	115	2.0
110	116	4.0
110	118	4.0
110	119	3.0
110	120	2.0
110	121	2.0
110	122	5.0
110	123	8.0
110	124	6.0
110	125	4.0
110	138	1.0
110	146	5.0
110	148	1.0
111	111	590.0
111	112	16.0
111	113	3.0
111	114	1.0
111	118	2.0
111	120	1.0
111	122	4.0
111	123	4.0
111	124	3.0
111	126	2.0
111	127	1.0
111	132	1.0
111	138	2.0
111	143	2.0
111	146	6.0
111	148	1.0
112	112	657.0
112	113	25.0
112	114	11.0
112	115	12.0
112	116	3.0
112	117	8.0
112	152	1.0
113	113	572.0
113	114	30.0
113	115	10.0
113	116	14.0
113	117	10.0
113	131	1.0
113	140	1.0
113	154	1.0
113	157	1.0
114	114	609.0
114	115	30.0
114	116	13.0
114	117	22.0
114	118	3.0
114	122	1.0
115	115	576.0
115	116	28.0
115	117	8.0
115	136	1.0
116	116	683.0
116	117	5.0
116	118	1.0
116	120	3.0
116	135	1.0
116	136	6.0
116	137	3.0
116	143	1.0
116	151	1.0
116	158	1.0
117	117	574.0
117	118	13.0
117	119	4.0
117	120	15.0
117	121	4.0
117	122	6.0
117	123	2.0
117	143	1.0
117	155	2.0
117	158	1.0
118	118	525.0
118	119	30.0
118	120	24.0
118	121	12.0
118	122	13.0
118	123	2.0
118	125	4.0
119	119	549.0
119	120	37.0
119	121	5.0
119	122	4.0
119	124	3.0
119	125	13.0
119	127	2.0
119	144	1.0
119	155	2.0
120	120	512.0
120	121	22.0
120	122	15.0
120	123	3.0
120	125	3.0
120	127	8.0
120	146	1.0
121	121	597.0
121	122	35.0
121	123	11.0
121	124	10.0
121	127	1.0
121	130	1.0
121	137	1.0
121	148	1.0
122	122	549.0
122	123	15.0
122	124	19.0
122	125	7.0
122	126	4.0
122	127	6.0
122	133	2.0
122	135	3.0
122	154	1.0
123	123	567.0
123	124	49.0
123	125	1.0
123	126	4.0
123	127	12.0
123	136	3.0
123	141	1.0
123	142	9.0
123	143	7.0
123	144	1.0
123	146	1.0
123	148	2.0
123	151	3.0
123	152	9.0
123	158	4.0
123	159	5.0
124	124	543.0
124	125	13.0
124	126	22.0
124	127	4.0
124	136	8.0
124	139	2.0
124	141	2.0
124	142	7.0
124	143	4.0
124	144	1.0
124	147	2.0
124	149	2.0
124	152	15.0
124	158	7.0
124	159	1.0
125	125	538.0
125	126	29.0
125	127	3.0
125	129	1.0
125	136	1.0
125	140	1.0
125	144	3.0
125	147	1.0
125	148	10.0
125	153	2.0
125	157	1.0
126	126	632.0
126	127	17.0
126	135	2.0
126	138	2.0
126	140	1.0
126	147	1.0
126	148	6.0
126	152	4.0
126	154	1.0
126	158	3.0
127	127	780.0
127	128	15.0
127	129	1.0
127	130	6.0
127	131	21.0
127	133	7.0
127	135	5.0
127	151	1.0
127	154	1.0
127	155	2.0
127	156	1.0
127	157	1.0
127	158	4.0
128	128	640.0
128	129	34.0
128	130	14.0
128	131	17.0
128	132	2.0
128	133	19.0
128	134	13.0
128	135	2.0
128	137	1.0
128	140	1.0
128	154	4.0
128	158	1.0
129	129	671.0
129	130	23.0
129	131	3.0
129	132	6.0
129	133	7.0
129	134	19.0
129	135	11.0
129	136	3.0
129	137	1.0
129	142	1.0
129	151	2.0
129	155	3.0
129	156	1.0
129	157	4.0
130	130	525.0
130	131	29.0
130	132	3.0
130	133	18.0
130	134	4.0
130	135	3.0
130	154	2.0
130	155	1.0
130	156	1.0
130	157	2.0
131	131	732.0
131	132	35.0
131	133	14.0
131	134	3.0
131	135	1.0
131	140	1.0
131	146	1.0
131	152	1.0
131	154	4.0
132	132	689.0
132	133	29.0
132	134	27.0
132	149	1.0
132	150	5.0
132	151	6.0
132	152	1.0
132	156	4.0
132	158	6.0
133	133	627.0
133	134	20.0
133	141	2.0
133	155	3.0
133	156	9.0
133	158	2.0
134	134	685.0
134	135	16.0
134	136	1.0
134	150	3.0
134	151	3.0
134	152	8.0
134	154	5.0
134	155	15.0
134	156	7.0
134	158	1.0
135	135	660.0
135	137	10.0
135	138	1.0
135	139	1.0
135	149	5.0
135	151	1.0
135	152	3.0
135	153	1.0
135	154	12.0
135	155	17.0
135	156	15.0
135	157	5.0
135	158	2.0
136	136	597.0
136	137	35.0
136	138	14.0
136	139	2.0
136	140	2.0
136	141	1.0
136	142	1.0
136	144	1.0
136	145	1.0
136	148	3.0
136	153	1.0
136	156	1.0
137	137	698.0
137	138	31.0
137	139	1.0
137	140	2.0
137	142	1.0
137	151	1.0
137	157	3.0
137	158	8.0
138	138	633.0
138	139	9.0
138	140	8.0
138	141	3.0
138	155	3.0
138	157	5.0
138	158	1.0
139	139	706.0
139	140	15.0
139	141	7.0
139	149	3.0
139	150	14.0
139	152	1.0
139	153	3.0
139	155	3.0
139	156	2.0
139	157	8.0
139	158	11.0
140	140	663.0
140	141	37.0
140	142	1.0
140	146	1.0
140	150	3.0
140	151	1.0
140	155	1.0
140	158	2.0
140	159	7.0
141	141	690.0
141	142	31.0
141	149	1.0
141	150	1.0
142	142	674.0
142	143	10.0
142	144	6.0
142	145	1.0
142	146	3.0
142	147	4.0
142	148	13.0
143	143	368.0
143	144	15.0
143	145	6.0
143	147	1.0
143	154	1.0
143	157	1.0
144	144	494.0
144	145	30.0
144	146	16.0
144	147	6.0
144	148	8.0
144	156	1.0
145	145	526.0
145	146	26.0
145	147	17.0
145	148	19.0
145	153	1.0
146	146	523.0
146	147	24.0
146	148	4.0
147	147	650.0
147	148	8.0
147	149	1.0
148	148	660.0
148	149	7.0
148	151	3.0
148	152	4.0
148	153	2.0
148	157	1.0
149	149	608.0
149	150	4.0
149	151	22.0
149	152	11.0
149	153	19.0
149	154	1.0
149	155	5.0
149	156	3.0
149	157	2.0
150	150	730.0
150	151	6.0
150	152	1.0
150	153	11.0
150	154	2.0
150	155	13.0
150	156	1.0
150	157	1.0
151	151	735.0
151	152	22.0
151	154	7.0
151	155	1.0
151	157	2.0
151	158	14.0
152	152	646.0
152	153	2.0
152	154	5.0
152	155	2.0
152	156	2.0
152	157	2.0
152	158	13.0
153	153	549.0
153	154	21.0
153	155	15.0
153	156	2.0
153	157	2.0
154	154	615.0
154	155	21.0
154	156	19.0
154	158	1.0
155	155	807.0
155	156	37.0
155	157	4.0
156	156	710.0
156	157	31.0
156	158	8.0
157	157	785.0
157	158	25.0
158	158	722.0
158	159	3.0
159	159	64.0
160	1	19.0
160	2	10.0
160	3	2.0
160	5	17.0
160	6	5.0
160	7	3.0
160	13	1.0
160	26	1.0
160	30	1.0
160	77	1.0
160	99	2.0
160	101	1.0
160	105	1.0
160	149	1.0
160	150	1.0
160	160	810.0
