9	9	68.0
9	11	2.0
10	10	380.0
10	11	3.0
10	14	5.0
10	15	2.0
10	22	1.0
10	43	1.0
11	11	161.0
11	15	1.0
11	22	1.0
11	26	1.0
11	28	1.0
11	43	1.0
14	14	95.0
14	15	1.0
15	15	225.0
15	16	25.0
15	17	2.0
15	18	1.0
16	16	378.0
16	17	26.0
16	18	18.0
16	19	1.0
16	20	5.0
16	21	1.0
16	34	1.0
17	17	339.0
17	18	44.0
17	19	21.0
17	20	4.0
17	29	1.0
18	18	308.0
18	19	11.0
18	20	1.0
19	19	303.0
19	20	8.0
19	21	6.0
19	22	23.0
19	23	17.0
19	24	4.0
19	25	1.0
19	26	1.0
20	20	304.0
20	21	24.0
20	22	12.0
20	23	9.0
20	24	7.0
20	25	6.0
20	26	1.0
20	27	3.0
20	28	9.0
20	29	13.0
20	39	1.0
21	21	326.0
21	22	9.0
21	23	6.0
21	24	17.0
21	25	14.0
21	26	29.0
21	27	4.0
21	28	9.0
21	29	1.0
21	33	1.0
22	22	305.0
22	23	33.0
22	24	8.0
22	25	3.0
22	26	10.0
22	27	1.0
22	29	1.0
22	30	1.0
22	32	1.0
22	42	1.0
23	23	339.0
23	24	3.0
23	25	5.0
23	26	5.0
23	28	5.0
23	29	6.0
23	32	3.0
23	33	6.0
23	34	4.0
24	24	288.0
24	25	23.0
24	26	28.0
24	29	6.0
25	25	323.0
25	26	28.0
25	27	1.0
25	28	12.0
25	29	4.0
26	26	307.0
26	27	5.0
26	28	1.0
26	29	2.0
26	30	5.0
26	31	1.0
26	48	1.0
27	27	360.0
27	28	32.0
27	29	17.0
27	30	26.0
27	31	5.0
27	32	4.0
27	33	2.0
27	35	1.0
28	28	313.0
28	29	36.0
28	30	5.0
28	32	6.0
28	33	15.0
28	34	10.0
28	40	1.0
29	29	318.0
29	30	26.0
29	31	12.0
29	32	6.0
29	33	9.0
29	34	1.0
29	38	2.0
29	45	1.0
30	30	343.0
30	31	24.0
30	32	11.0
30	33	6.0
31	31	315.0
31	32	30.0
31	33	9.0
32	32	365.0
32	33	32.0
32	34	6.0
33	33	331.0
33	34	36.0
33	35	4.0
33	41	1.0
34	34	446.0
34	35	5.0
35	35	425.0
35	36	7.0
35	37	11.0
35	45	1.0
36	36	413.0
36	37	37.0
36	38	12.0
36	39	4.0
36	40	1.0
37	37	391.0
37	38	30.0
37	39	12.0
37	40	6.0
37	41	1.0
38	38	399.0
38	39	29.0
38	40	12.0
38	41	3.0
38	46	1.0
39	39	428.0
39	40	24.0
39	41	2.0
40	40	395.0
40	41	19.0
41	41	418.0
41	42	52.0
41	43	3.0
41	44	1.0
41	46	1.0
42	42	367.0
42	43	27.0
42	44	9.0
42	45	8.0
42	46	3.0
42	47	6.0
43	43	415.0
43	44	17.0
43	45	4.0
43	47	2.0
44	44	378.0
44	45	32.0
44	46	2.0
44	47	4.0
45	45	454.0
45	46	22.0
45	47	10.0
46	46	474.0
46	47	12.0
46	48	2.0
47	47	403.0
47	48	5.0
48	48	46.0
