2	2	56.0
2	3	3.0
2	69	1.0
2	135	1.0
3	3	137.0
3	4	5.0
3	5	3.0
3	6	13.0
3	7	13.0
3	8	3.0
3	9	1.0
3	41	1.0
4	4	171.0
4	5	12.0
4	6	9.0
4	7	6.0
4	8	6.0
4	9	2.0
4	145	1.0
5	5	170.0
5	6	11.0
5	7	7.0
5	9	2.0
6	6	192.0
6	7	16.0
7	7	159.0
7	8	3.0
7	97	1.0
7	132	1.0
8	8	172.0
8	9	20.0
8	31	3.0
8	32	5.0
8	143	1.0
9	9	188.0
9	10	2.0
9	11	6.0
9	12	1.0
9	31	1.0
9	32	6.0
9	40	1.0
9	117	1.0
9	144	1.0
10	10	151.0
10	11	6.0
10	12	13.0
10	14	1.0
10	15	1.0
10	29	1.0
10	31	14.0
10	32	4.0
10	33	7.0
10	34	5.0
10	36	3.0
11	11	177.0
11	12	11.0
11	13	1.0
11	14	1.0
11	15	2.0
11	26	1.0
11	27	1.0
11	30	1.0
11	31	3.0
11	32	3.0
11	33	1.0
11	37	1.0
11	41	1.0
11	104	1.0
12	12	199.0
12	13	6.0
12	14	7.0
12	15	10.0
12	27	2.0
12	28	2.0
12	29	1.0
12	30	2.0
12	31	6.0
12	32	4.0
12	33	1.0
12	36	2.0
12	37	2.0
12	46	1.0
12	104	1.0
13	13	177.0
13	14	3.0
13	15	2.0
13	16	10.0
13	17	1.0
13	27	10.0
13	28	5.0
13	30	2.0
13	33	2.0
13	92	1.0
13	154	1.0
14	14	187.0
14	15	3.0
14	16	3.0
14	25	4.0
14	26	5.0
14	28	5.0
14	29	1.0
14	32	3.0
14	33	2.0
14	34	1.0
14	35	4.0
14	41	2.0
14	42	1.0
14	44	3.0
14	79	1.0
15	15	198.0
15	16	10.0
15	17	9.0
15	18	7.0
15	26	1.0
15	27	3.0
16	16	163.0
16	17	9.0
16	18	1.0
16	19	3.0
16	20	1.0
16	23	1.0
16	25	3.0
16	27	7.0
16	28	6.0
16	49	1.0
17	17	212.0
17	18	4.0
17	63	1.0
18	18	213.0
18	19	1.0
18	137	1.0
19	19	185.0
19	20	6.0
19	21	5.0
19	23	20.0
19	24	1.0
19	25	1.0
19	29	2.0
19	122	1.0
20	20	166.0
20	21	5.0
20	22	6.0
20	23	9.0
20	24	7.0
20	93	1.0
20	148	1.0
21	21	153.0
21	22	5.0
21	23	5.0
21	26	1.0
22	22	213.0
22	23	4.0
22	49	1.0
22	79	1.0
22	93	1.0
23	23	158.0
23	24	1.0
24	24	212.0
24	25	1.0
24	26	1.0
24	34	1.0
24	44	2.0
24	45	6.0
24	46	1.0
24	47	1.0
24	48	1.0
24	49	2.0
25	25	170.0
25	26	12.0
25	27	11.0
25	28	9.0
25	29	1.0
25	43	1.0
25	44	5.0
25	46	1.0
25	47	1.0
25	137	1.0
26	26	154.0
26	27	4.0
26	30	2.0
26	35	6.0
26	36	2.0
26	41	2.0
26	42	2.0
26	43	2.0
26	44	6.0
26	45	1.0
26	46	1.0
26	47	1.0
26	49	2.0
26	50	1.0
26	71	1.0
26	87	1.0
26	109	1.0
27	27	162.0
27	28	17.0
27	29	5.0
27	30	10.0
27	42	1.0
27	43	1.0
27	44	3.0
28	28	158.0
28	29	11.0
28	41	2.0
28	42	1.0
28	43	1.0
29	29	166.0
29	30	7.0
29	41	2.0
29	42	7.0
29	43	2.0
29	112	1.0
30	30	150.0
30	33	5.0
30	34	2.0
30	35	1.0
30	36	3.0
30	37	1.0
30	40	2.0
30	41	1.0
30	42	11.0
30	44	1.0
30	92	1.0
30	144	1.0
31	31	184.0
31	32	13.0
31	33	4.0
31	36	6.0
31	37	3.0
31	40	1.0
31	50	1.0
31	56	1.0
31	61	1.0
32	32	153.0
32	33	11.0
32	34	6.0
32	36	6.0
32	37	4.0
32	38	1.0
32	39	1.0
32	40	1.0
32	41	4.0
32	42	3.0
33	33	173.0
33	34	11.0
33	36	3.0
33	37	6.0
33	38	1.0
33	39	1.0
33	40	1.0
33	41	6.0
33	42	3.0
34	34	151.0
34	35	4.0
34	36	8.0
34	37	3.0
34	41	2.0
34	42	2.0
34	43	2.0
34	44	2.0
34	45	2.0
34	46	1.0
34	50	6.0
34	53	1.0
34	56	1.0
34	58	4.0
34	124	1.0
35	35	172.0
35	36	2.0
35	38	1.0
35	40	2.0
35	41	1.0
35	43	4.0
35	45	1.0
35	50	2.0
35	53	3.0
35	55	1.0
35	56	2.0
35	58	1.0
35	97	1.0
36	36	183.0
36	37	5.0
36	42	4.0
36	44	1.0
36	47	1.0
36	48	1.0
36	49	2.0
36	50	3.0
36	52	3.0
36	53	1.0
36	54	3.0
36	55	2.0
36	56	3.0
36	57	1.0
36	58	2.0
36	61	1.0
36	131	1.0
37	37	144.0
37	38	4.0
37	39	5.0
37	40	10.0
37	41	2.0
37	42	3.0
37	49	1.0
37	50	4.0
37	54	3.0
38	38	185.0
38	39	12.0
38	40	4.0
38	49	1.0
38	50	4.0
38	54	14.0
38	55	1.0
38	58	2.0
38	72	1.0
38	79	1.0
38	92	2.0
39	39	241.0
39	40	8.0
39	49	2.0
39	50	7.0
39	53	18.0
39	54	4.0
39	55	5.0
39	57	3.0
39	139	1.0
39	145	1.0
40	40	204.0
40	41	8.0
40	43	1.0
40	44	1.0
40	50	2.0
40	51	2.0
40	53	1.0
40	54	1.0
40	56	1.0
40	70	1.0
40	99	1.0
40	149	2.0
41	41	183.0
41	42	9.0
41	43	9.0
41	44	4.0
41	51	1.0
42	42	218.0
42	43	4.0
42	80	1.0
42	110	1.0
43	43	187.0
43	44	7.0
43	45	1.0
43	49	5.0
43	50	1.0
43	56	1.0
44	44	160.0
44	45	2.0
44	46	1.0
44	47	1.0
44	48	2.0
44	49	5.0
44	50	3.0
44	51	2.0
44	74	1.0
44	112	1.0
45	45	197.0
45	46	4.0
45	47	12.0
45	48	4.0
45	49	11.0
45	51	7.0
45	98	1.0
46	46	185.0
46	47	14.0
46	48	4.0
46	49	5.0
46	50	1.0
46	51	6.0
46	52	2.0
46	56	1.0
46	108	1.0
46	124	1.0
47	47	187.0
47	48	18.0
47	49	1.0
47	51	3.0
47	52	2.0
47	53	4.0
47	55	1.0
47	56	3.0
48	48	186.0
48	49	8.0
48	51	1.0
48	56	1.0
48	108	1.0
49	49	140.0
49	50	6.0
49	52	1.0
49	53	1.0
49	54	1.0
49	55	2.0
49	57	3.0
49	58	1.0
49	72	1.0
49	146	1.0
50	50	180.0
50	51	2.0
50	53	3.0
50	54	2.0
50	56	6.0
50	57	4.0
50	58	4.0
50	83	1.0
51	51	160.0
51	52	2.0
51	53	2.0
51	55	1.0
51	56	1.0
51	111	1.0
52	52	54.0
52	53	1.0
52	55	1.0
52	57	3.0
52	61	1.0
52	99	1.0
52	102	2.0
53	53	197.0
53	55	3.0
53	56	7.0
53	57	3.0
53	62	1.0
53	73	1.0
54	54	148.0
54	55	1.0
54	57	1.0
54	58	1.0
54	66	1.0
54	69	1.0
54	70	1.0
54	72	2.0
54	73	1.0
54	74	1.0
54	88	1.0
54	90	1.0
54	92	2.0
54	93	1.0
55	55	152.0
55	56	11.0
55	57	9.0
55	58	1.0
55	86	1.0
55	90	1.0
55	93	1.0
55	110	1.0
55	128	1.0
56	56	164.0
56	57	7.0
56	58	1.0
56	61	2.0
56	65	1.0
56	147	1.0
56	150	2.0
57	57	181.0
57	58	1.0
57	61	2.0
57	62	2.0
57	71	1.0
57	88	1.0
57	93	1.0
57	98	1.0
57	100	1.0
57	134	1.0
58	58	123.0
58	61	11.0
58	65	1.0
58	90	1.0
58	93	2.0
61	61	89.0
61	62	2.0
61	66	1.0
61	71	1.0
61	72	1.0
61	74	2.0
61	93	1.0
61	130	1.0
62	62	163.0
62	66	4.0
62	72	8.0
62	73	4.0
62	74	6.0
62	75	1.0
62	76	1.0
63	63	176.0
63	64	5.0
63	65	2.0
63	69	2.0
63	72	4.0
63	73	1.0
63	74	7.0
63	75	8.0
63	76	6.0
63	77	7.0
63	78	2.0
63	79	2.0
63	80	2.0
63	81	2.0
63	83	5.0
63	84	6.0
63	85	3.0
63	87	1.0
63	88	1.0
63	108	1.0
64	64	187.0
64	65	5.0
64	68	2.0
64	69	6.0
64	70	1.0
64	72	1.0
64	75	5.0
64	76	3.0
64	77	10.0
64	78	8.0
64	80	3.0
64	81	2.0
64	82	2.0
64	83	2.0
64	84	2.0
64	85	2.0
64	86	1.0
64	87	1.0
64	94	1.0
64	96	1.0
64	116	1.0
65	65	182.0
65	66	4.0
65	68	1.0
65	69	10.0
65	71	1.0
65	73	1.0
65	74	1.0
65	77	6.0
65	78	9.0
65	79	4.0
65	86	1.0
65	88	5.0
65	90	1.0
65	92	4.0
65	93	3.0
65	132	1.0
66	66	182.0
66	68	1.0
66	69	5.0
66	70	1.0
66	71	2.0
66	72	3.0
66	73	3.0
66	74	2.0
66	75	3.0
66	78	1.0
67	67	183.0
67	68	7.0
67	69	1.0
67	70	8.0
67	71	10.0
67	73	5.0
68	68	192.0
68	69	4.0
68	70	6.0
68	71	5.0
68	72	1.0
68	73	2.0
68	76	1.0
68	77	1.0
68	85	1.0
68	87	2.0
68	91	3.0
68	92	1.0
68	118	1.0
69	69	171.0
69	70	9.0
69	71	2.0
69	72	2.0
69	73	1.0
69	74	6.0
69	77	1.0
69	79	1.0
69	85	4.0
69	87	1.0
69	93	1.0
69	148	1.0
69	151	1.0
70	70	160.0
70	71	2.0
70	73	3.0
70	74	6.0
70	75	3.0
70	130	1.0
70	139	1.0
71	71	182.0
71	72	1.0
71	73	6.0
71	74	1.0
71	117	1.0
72	72	112.0
72	73	2.0
72	74	3.0
72	75	1.0
72	76	5.0
72	78	3.0
72	89	1.0
72	90	6.0
72	91	1.0
72	92	2.0
72	103	1.0
73	73	204.0
73	74	10.0
73	75	1.0
73	93	1.0
73	139	1.0
74	74	152.0
74	75	4.0
74	78	3.0
74	85	1.0
74	92	2.0
75	75	182.0
75	76	1.0
75	77	5.0
75	78	6.0
75	82	1.0
75	105	2.0
75	122	1.0
76	76	163.0
76	77	2.0
76	80	1.0
76	81	6.0
76	82	5.0
76	95	2.0
76	96	1.0
76	100	1.0
76	133	1.0
77	77	154.0
77	78	4.0
77	79	5.0
77	80	1.0
77	81	1.0
77	82	2.0
77	83	1.0
77	84	1.0
77	85	3.0
77	86	2.0
77	87	3.0
77	88	1.0
77	92	2.0
77	136	1.0
78	78	145.0
78	79	4.0
78	80	1.0
78	81	1.0
78	83	1.0
78	84	1.0
78	88	1.0
78	91	1.0
78	93	7.0
78	103	1.0
78	110	1.0
79	79	174.0
79	81	1.0
79	83	4.0
79	84	2.0
79	85	5.0
79	86	1.0
79	87	2.0
79	88	2.0
79	89	1.0
79	90	1.0
79	91	1.0
79	92	9.0
79	93	5.0
79	94	2.0
79	105	1.0
80	80	178.0
80	81	6.0
80	83	1.0
80	84	2.0
80	85	14.0
80	86	9.0
80	87	12.0
80	88	4.0
80	92	1.0
80	108	1.0
81	81	166.0
81	82	10.0
81	83	3.0
81	84	6.0
81	87	3.0
81	91	1.0
81	92	1.0
81	93	1.0
81	94	2.0
81	100	1.0
82	82	160.0
82	83	2.0
82	87	1.0
82	93	2.0
82	94	1.0
82	95	5.0
82	100	1.0
83	83	188.0
83	84	6.0
83	85	2.0
83	87	2.0
83	94	1.0
83	95	4.0
83	96	2.0
83	97	4.0
83	98	2.0
83	104	1.0
83	112	1.0
83	118	1.0
84	84	172.0
84	85	1.0
84	87	3.0
84	94	2.0
84	95	8.0
84	96	2.0
84	97	5.0
84	98	1.0
84	99	1.0
84	104	4.0
84	105	1.0
84	108	1.0
85	85	172.0
85	86	5.0
85	87	13.0
85	88	2.0
85	91	2.0
85	92	1.0
85	151	2.0
86	86	163.0
86	87	5.0
86	88	5.0
86	92	3.0
86	117	1.0
87	87	152.0
87	88	3.0
87	91	1.0
87	92	2.0
87	94	3.0
87	108	1.0
88	88	117.0
88	89	3.0
88	90	6.0
88	91	1.0
88	92	2.0
88	93	4.0
88	94	1.0
88	146	1.0
89	89	67.0
89	90	8.0
89	91	4.0
89	92	2.0
89	94	1.0
90	90	82.0
90	91	3.0
90	92	2.0
90	93	2.0
91	91	81.0
92	92	152.0
92	93	1.0
93	93	148.0
93	94	8.0
93	95	5.0
93	128	1.0
93	143	1.0
94	94	177.0
94	95	8.0
94	96	3.0
94	99	5.0
94	100	10.0
94	101	4.0
95	95	152.0
95	96	10.0
95	97	7.0
95	98	6.0
95	99	9.0
95	100	2.0
95	105	5.0
95	106	4.0
95	107	5.0
96	96	163.0
96	97	4.0
96	98	8.0
96	99	3.0
96	100	1.0
96	104	1.0
96	105	3.0
96	142	1.0
97	97	184.0
97	98	6.0
97	99	8.0
97	104	4.0
97	105	2.0
97	106	2.0
98	98	166.0
98	99	13.0
98	105	3.0
98	107	5.0
98	149	1.0
99	99	167.0
99	100	1.0
99	101	2.0
99	105	1.0
99	106	2.0
99	107	6.0
100	100	193.0
100	101	18.0
100	108	1.0
101	101	127.0
101	102	1.0
101	111	1.0
102	102	156.0
102	103	2.0
102	107	2.0
102	108	5.0
102	109	1.0
102	110	1.0
102	126	1.0
102	131	3.0
102	133	2.0
102	134	1.0
102	135	4.0
103	103	157.0
103	105	1.0
103	106	5.0
103	107	5.0
103	108	5.0
103	109	3.0
103	110	2.0
103	111	4.0
103	131	8.0
103	132	6.0
103	133	8.0
103	134	1.0
103	135	3.0
103	136	6.0
103	137	2.0
104	104	157.0
104	105	14.0
104	106	1.0
104	111	1.0
104	112	9.0
104	113	1.0
105	105	169.0
105	106	3.0
105	107	4.0
105	111	2.0
105	112	6.0
105	113	1.0
105	116	1.0
105	137	1.0
106	106	180.0
106	107	12.0
106	108	15.0
106	109	1.0
106	110	1.0
106	111	3.0
106	112	1.0
106	135	3.0
106	136	10.0
107	107	195.0
107	108	1.0
107	111	1.0
107	112	1.0
107	136	1.0
108	108	172.0
108	109	3.0
108	111	1.0
108	125	1.0
108	132	5.0
108	133	1.0
108	135	10.0
108	136	7.0
109	109	188.0
109	110	9.0
109	111	1.0
109	113	6.0
109	132	13.0
109	133	3.0
109	135	5.0
109	137	3.0
109	139	1.0
110	110	189.0
110	111	1.0
110	112	3.0
110	131	2.0
110	132	6.0
110	133	8.0
110	136	4.0
110	137	10.0
110	138	6.0
110	139	13.0
111	111	189.0
111	112	6.0
111	113	1.0
111	126	1.0
111	136	7.0
111	137	2.0
111	141	1.0
112	112	183.0
112	113	18.0
112	114	3.0
112	136	10.0
112	137	2.0
112	138	2.0
113	113	164.0
113	114	9.0
113	115	1.0
113	116	1.0
113	117	2.0
113	124	1.0
113	137	1.0
113	138	4.0
113	139	1.0
113	143	2.0
113	150	2.0
114	114	159.0
114	115	4.0
114	116	1.0
114	117	6.0
114	118	2.0
114	123	1.0
114	124	1.0
114	125	1.0
114	143	2.0
114	144	3.0
114	150	3.0
114	151	14.0
115	115	176.0
115	116	16.0
115	117	7.0
115	118	2.0
115	123	1.0
115	124	4.0
115	125	4.0
115	128	1.0
115	138	4.0
115	139	1.0
115	142	1.0
115	143	4.0
115	144	2.0
115	151	8.0
116	116	176.0
116	117	8.0
116	124	5.0
116	125	1.0
116	126	2.0
116	138	2.0
116	140	2.0
116	141	1.0
116	143	1.0
116	144	1.0
116	151	7.0
117	117	183.0
117	118	4.0
117	123	2.0
117	124	3.0
117	125	2.0
117	128	1.0
117	139	2.0
117	140	3.0
117	150	4.0
117	151	2.0
118	118	173.0
118	119	7.0
118	123	1.0
118	128	1.0
118	140	1.0
119	119	154.0
119	120	8.0
119	121	2.0
119	122	5.0
119	123	12.0
119	124	1.0
119	125	2.0
119	126	3.0
119	127	3.0
119	153	5.0
120	120	160.0
120	121	4.0
120	125	2.0
120	126	5.0
120	127	17.0
120	140	3.0
120	141	2.0
120	146	1.0
120	150	2.0
121	121	157.0
121	122	9.0
121	123	1.0
121	150	2.0
122	122	202.0
122	123	2.0
122	127	1.0
122	141	7.0
122	146	6.0
122	148	1.0
122	150	3.0
123	123	189.0
123	124	10.0
123	125	7.0
123	126	2.0
123	127	2.0
123	128	2.0
123	150	1.0
123	151	1.0
123	152	1.0
123	153	3.0
123	154	1.0
124	124	176.0
124	125	1.0
124	126	8.0
124	128	1.0
124	137	1.0
124	140	1.0
124	141	5.0
124	143	3.0
124	144	2.0
124	151	1.0
124	152	2.0
124	153	4.0
124	154	2.0
125	125	152.0
125	126	17.0
125	140	2.0
125	141	1.0
125	150	1.0
125	154	8.0
126	126	178.0
126	140	3.0
126	141	1.0
126	151	1.0
126	154	2.0
127	127	190.0
127	128	3.0
127	140	1.0
127	141	6.0
127	144	1.0
127	146	1.0
127	150	7.0
128	128	193.0
128	129	3.0
128	130	7.0
128	139	2.0
128	140	5.0
128	141	3.0
128	142	1.0
128	143	3.0
128	144	3.0
128	145	2.0
128	146	1.0
128	149	7.0
128	150	5.0
129	129	210.0
129	130	13.0
129	131	1.0
129	133	2.0
129	139	4.0
129	142	4.0
129	143	1.0
129	144	1.0
129	145	4.0
129	146	1.0
129	149	3.0
130	130	164.0
130	131	1.0
130	133	1.0
130	142	2.0
130	145	11.0
130	146	5.0
130	147	7.0
130	149	4.0
131	131	188.0
131	132	3.0
131	133	6.0
131	134	7.0
131	138	1.0
131	139	1.0
132	132	171.0
132	133	11.0
132	134	2.0
132	136	3.0
132	137	2.0
133	133	204.0
133	134	9.0
133	135	1.0
133	139	1.0
134	134	173.0
134	135	3.0
135	135	166.0
135	136	5.0
136	136	201.0
136	137	6.0
137	137	168.0
137	138	12.0
137	139	1.0
137	142	2.0
138	138	165.0
138	139	9.0
138	140	1.0
138	142	12.0
138	143	5.0
138	144	1.0
138	145	1.0
139	139	154.0
139	140	3.0
139	142	5.0
139	143	3.0
139	144	1.0
139	145	7.0
140	140	151.0
140	141	5.0
140	143	5.0
140	144	4.0
140	150	2.0
141	141	142.0
141	142	1.0
141	143	4.0
141	144	9.0
141	145	4.0
141	146	1.0
141	148	2.0
141	150	1.0
142	142	200.0
142	143	13.0
142	144	7.0
142	145	4.0
142	146	3.0
142	147	1.0
142	150	2.0
143	143	150.0
143	144	11.0
143	150	2.0
143	151	1.0
144	144	170.0
144	145	5.0
144	146	6.0
144	147	1.0
144	150	3.0
145	145	205.0
145	146	13.0
145	147	11.0
145	148	1.0
145	149	5.0
145	150	2.0
146	146	156.0
146	147	5.0
146	148	7.0
146	149	2.0
146	150	7.0
147	147	183.0
147	148	29.0
147	149	4.0
148	148	158.0
148	149	2.0
148	150	4.0
149	149	160.0
149	150	6.0
150	150	193.0
150	151	2.0
151	151	148.0
151	154	1.0
152	152	168.0
152	153	6.0
152	154	2.0
153	153	180.0
153	154	1.0
154	154	125.0
