1	1	522.0
1	2	56.0
1	24	1.0
1	25	1.0
1	26	1.0
1	29	2.0
1	33	1.0
1	50	1.0
1	54	4.0
1	55	3.0
2	2	471.0
2	3	8.0
2	6	1.0
2	33	1.0
2	55	5.0
3	3	425.0
3	4	23.0
3	6	1.0
3	9	1.0
3	15	2.0
3	20	1.0
3	51	1.0
3	54	1.0
4	4	456.0
4	5	8.0
4	7	1.0
4	29	1.0
4	32	1.0
4	44	1.0
5	5	391.0
5	6	14.0
5	7	16.0
5	8	14.0
5	9	4.0
5	10	1.0
5	17	3.0
5	21	1.0
5	32	1.0
5	46	1.0
5	47	1.0
6	6	448.0
6	7	47.0
6	8	15.0
6	9	8.0
6	10	3.0
6	16	2.0
6	17	1.0
7	7	404.0
7	8	8.0
7	9	12.0
7	34	1.0
7	45	1.0
8	8	417.0
8	9	20.0
8	10	1.0
8	11	1.0
8	37	1.0
9	9	403.0
9	10	19.0
9	11	3.0
9	12	3.0
9	13	3.0
9	16	2.0
9	56	1.0
10	10	435.0
10	11	55.0
10	12	10.0
10	13	2.0
10	16	4.0
10	24	1.0
10	31	1.0
10	49	1.0
11	11	427.0
11	12	47.0
11	13	14.0
11	25	6.0
11	33	1.0
11	43	1.0
11	50	1.0
12	12	396.0
12	13	13.0
12	14	4.0
12	15	1.0
12	16	3.0
12	19	1.0
12	21	1.0
12	25	2.0
12	49	1.0
13	13	441.0
13	14	13.0
13	15	2.0
13	16	10.0
13	23	1.0
13	25	8.0
13	45	1.0
14	14	387.0
14	15	46.0
14	16	19.0
14	19	1.0
14	23	1.0
14	25	4.0
15	15	435.0
15	16	37.0
15	17	2.0
15	24	1.0
15	25	1.0
15	30	1.0
16	16	427.0
16	17	16.0
16	18	2.0
16	25	4.0
16	52	1.0
17	17	498.0
17	18	13.0
17	36	1.0
18	18	439.0
18	19	35.0
18	20	3.0
18	30	18.0
18	31	4.0
18	45	1.0
18	49	1.0
18	61	1.0
19	19	446.0
19	20	9.0
19	21	4.0
19	24	1.0
19	30	10.0
19	31	2.0
19	57	1.0
19	61	5.0
20	20	419.0
20	21	29.0
20	22	10.0
20	30	15.0
20	31	1.0
20	32	1.0
20	61	7.0
21	21	432.0
21	22	26.0
21	23	10.0
21	59	1.0
21	62	1.0
22	22	409.0
22	23	24.0
22	29	2.0
22	30	2.0
22	34	1.0
22	44	1.0
22	60	1.0
22	61	1.0
23	23	449.0
23	24	13.0
23	25	7.0
23	29	1.0
23	30	6.0
23	31	1.0
23	32	1.0
23	47	1.0
24	24	463.0
24	25	12.0
24	26	2.0
24	29	1.0
24	30	10.0
24	31	1.0
24	54	1.0
25	25	392.0
25	26	9.0
25	29	6.0
25	30	2.0
25	31	1.0
25	42	1.0
25	59	1.0
26	26	100.0
26	29	3.0
29	29	176.0
29	30	2.0
29	51	1.0
29	52	1.0
30	30	421.0
30	31	21.0
30	42	1.0
30	47	1.0
30	61	4.0
31	31	482.0
31	32	8.0
31	52	2.0
32	32	397.0
32	33	21.0
32	42	3.0
32	46	1.0
32	50	2.0
32	52	6.0
32	61	9.0
32	62	4.0
33	33	437.0
33	34	17.0
33	35	1.0
33	37	1.0
33	49	2.0
33	50	2.0
34	34	479.0
34	35	42.0
34	36	5.0
34	38	1.0
34	41	2.0
34	42	5.0
34	43	5.0
34	47	1.0
34	48	3.0
34	50	3.0
34	54	1.0
34	60	1.0
35	35	446.0
35	36	24.0
35	39	1.0
35	44	1.0
35	45	18.0
35	47	1.0
35	48	5.0
35	56	1.0
36	36	441.0
36	37	19.0
36	38	4.0
36	39	1.0
36	43	1.0
36	44	6.0
36	45	4.0
36	48	14.0
36	49	2.0
37	37	449.0
37	38	11.0
37	39	32.0
37	40	1.0
37	42	1.0
37	47	1.0
37	48	9.0
37	57	1.0
38	38	421.0
38	39	46.0
38	40	2.0
38	42	1.0
38	43	1.0
38	44	20.0
38	45	2.0
38	48	3.0
38	49	5.0
38	52	1.0
38	57	2.0
39	39	468.0
39	40	21.0
39	41	1.0
39	44	8.0
39	48	2.0
39	49	3.0
40	40	440.0
40	41	40.0
40	42	9.0
40	43	7.0
40	44	2.0
40	49	4.0
40	50	1.0
40	51	3.0
41	41	425.0
41	42	4.0
41	43	2.0
41	44	1.0
41	49	5.0
41	50	15.0
41	51	15.0
41	52	2.0
42	42	463.0
42	43	15.0
42	44	14.0
42	48	2.0
42	49	1.0
42	51	1.0
42	52	1.0
42	55	1.0
42	58	1.0
43	43	476.0
43	44	22.0
43	48	1.0
43	49	10.0
43	50	2.0
44	44	480.0
44	45	3.0
44	48	5.0
44	49	6.0
44	59	1.0
45	45	451.0
45	46	28.0
45	47	8.0
45	48	16.0
45	51	1.0
45	60	1.0
46	46	439.0
46	47	37.0
46	48	4.0
47	47	479.0
47	48	16.0
47	49	5.0
48	48	492.0
48	49	24.0
49	49	483.0
49	50	19.0
49	51	1.0
49	52	2.0
49	54	1.0
50	50	431.0
50	51	20.0
50	52	10.0
50	53	3.0
50	54	1.0
51	51	448.0
51	56	1.0
52	52	417.0
52	53	26.0
52	54	23.0
53	53	380.0
53	54	37.0
53	55	5.0
53	60	1.0
54	54	385.0
54	55	7.0
54	56	2.0
54	60	2.0
55	55	453.0
55	56	3.0
55	59	1.0
55	60	2.0
55	62	4.0
56	56	503.0
56	57	18.0
56	58	16.0
56	59	2.0
56	62	1.0
57	57	542.0
57	58	14.0
58	58	419.0
58	59	32.0
58	60	11.0
58	61	1.0
59	59	462.0
59	60	27.0
60	60	487.0
60	61	10.0
60	62	3.0
61	61	528.0
61	62	5.0
62	62	488.0
64	1	18.0
64	2	13.0
64	18	1.0
64	30	1.0
64	36	1.0
64	50	1.0
64	53	2.0
64	55	3.0
64	58	1.0
64	64	418.0
