1	1	80.0
1	9	4.0
2	2	92.0
2	3	1.0
2	6	1.0
2	7	2.0
2	79	2.0
3	2	2.0
3	3	105.0
3	4	2.0
3	5	1.0
3	27	1.0
4	3	2.0
4	4	115.0
4	5	3.0
4	24	1.0
4	25	1.0
5	2	1.0
5	3	1.0
5	5	93.0
5	6	2.0
5	7	2.0
6	5	4.0
6	6	103.0
6	10	1.0
7	2	1.0
7	5	1.0
7	7	99.0
7	8	2.0
7	22	1.0
8	7	4.0
8	8	100.0
8	9	1.0
8	23	1.0
9	1	1.0
9	9	98.0
9	10	2.0
9	11	1.0
9	36	1.0
10	9	1.0
10	10	115.0
10	11	1.0
11	10	2.0
11	11	102.0
11	14	1.0
11	22	1.0
12	11	1.0
12	12	92.0
13	13	119.0
13	14	1.0
13	15	1.0
14	1	1.0
14	13	1.0
14	14	59.0
15	15	19.0
15	19	1.0
18	18	57.0
18	19	1.0
18	20	2.0
18	76	1.0
19	19	86.0
19	75	2.0
20	13	1.0
20	19	1.0
20	20	82.0
20	65	2.0
20	69	1.0
20	76	1.0
21	12	1.0
21	20	1.0
21	21	89.0
21	68	1.0
21	73	1.0
22	7	2.0
22	22	110.0
22	23	3.0
22	25	1.0
22	68	1.0
22	70	1.0
23	7	1.0
23	10	1.0
23	20	1.0
23	22	1.0
23	23	91.0
23	24	2.0
23	65	1.0
24	4	1.0
24	22	2.0
24	23	1.0
24	24	108.0
24	25	2.0
24	27	2.0
24	53	1.0
24	65	1.0
25	24	1.0
25	25	98.0
25	54	1.0
26	25	2.0
26	26	89.0
26	27	1.0
26	28	2.0
26	50	3.0
27	4	1.0
27	27	91.0
27	28	2.0
28	26	1.0
28	27	2.0
28	28	103.0
28	29	2.0
28	30	1.0
28	77	1.0
29	26	1.0
29	28	2.0
29	29	96.0
29	76	1.0
30	24	1.0
30	26	1.0
30	30	101.0
31	31	110.0
31	32	2.0
31	77	1.0
32	31	1.0
32	32	102.0
32	33	1.0
32	37	1.0
33	3	1.0
33	32	1.0
33	33	97.0
33	34	1.0
33	44	1.0
34	33	2.0
34	34	104.0
34	37	1.0
34	39	2.0
35	34	4.0
35	35	107.0
35	36	1.0
35	37	1.0
35	38	1.0
35	39	1.0
36	35	2.0
36	36	99.0
36	37	1.0
36	58	1.0
37	35	2.0
37	36	2.0
37	37	104.0
37	38	4.0
37	39	3.0
38	35	4.0
38	37	2.0
38	38	110.0
38	43	1.0
39	35	1.0
39	36	1.0
39	39	96.0
39	40	4.0
39	41	2.0
40	39	1.0
40	40	95.0
40	41	1.0
41	36	1.0
41	41	98.0
41	42	2.0
42	41	3.0
42	42	104.0
42	43	2.0
43	34	2.0
43	41	1.0
43	42	1.0
43	43	90.0
43	44	1.0
44	34	1.0
44	43	1.0
44	44	98.0
44	45	3.0
45	44	1.0
45	45	122.0
46	45	1.0
46	46	127.0
47	47	113.0
48	47	1.0
48	48	117.0
48	49	2.0
48	50	1.0
48	51	1.0
48	56	1.0
49	27	1.0
49	48	1.0
49	49	118.0
49	50	2.0
49	51	3.0
49	52	1.0
49	54	3.0
50	48	1.0
50	49	2.0
50	50	112.0
51	26	1.0
51	48	1.0
51	49	4.0
51	50	3.0
51	51	115.0
51	53	1.0
52	25	1.0
52	51	1.0
52	52	76.0
53	40	1.0
53	52	1.0
53	53	100.0
53	54	1.0
54	49	1.0
54	52	1.0
54	53	1.0
54	54	86.0
54	55	3.0
54	65	1.0
55	50	1.0
55	52	2.0
55	54	2.0
55	55	120.0
55	56	1.0
56	6	1.0
56	55	1.0
56	56	130.0
57	56	1.0
57	57	90.0
57	58	5.0
57	59	2.0
57	60	3.0
58	55	1.0
58	58	111.0
58	59	1.0
58	60	2.0
59	58	1.0
59	59	98.0
59	60	1.0
60	60	109.0
60	61	2.0
60	71	1.0
61	60	1.0
61	61	103.0
61	63	4.0
61	64	1.0
61	71	1.0
62	61	1.0
62	62	85.0
62	64	5.0
62	67	1.0
63	61	2.0
63	62	1.0
63	63	89.0
64	14	1.0
64	62	1.0
64	63	2.0
64	64	93.0
64	66	2.0
65	52	1.0
65	64	1.0
65	65	93.0
65	66	3.0
65	67	2.0
66	23	1.0
66	65	4.0
66	66	94.0
66	67	4.0
66	73	2.0
67	37	1.0
67	62	1.0
67	64	1.0
67	67	119.0
67	73	1.0
68	68	84.0
68	70	1.0
68	71	1.0
68	73	1.0
69	21	1.0
69	68	1.0
69	69	94.0
70	70	80.0
70	71	2.0
70	72	1.0
71	60	1.0
71	70	1.0
71	71	131.0
71	75	1.0
72	3	1.0
72	19	1.0
72	72	100.0
72	73	1.0
72	74	1.0
72	75	1.0
73	66	1.0
73	72	3.0
73	73	125.0
74	74	102.0
74	75	1.0
74	77	1.0
75	72	1.0
75	74	5.0
75	75	96.0
75	77	2.0
76	32	1.0
76	76	121.0
76	77	2.0
77	30	1.0
77	76	1.0
77	77	125.0
78	77	1.0
78	78	5.0
79	1	1.0
79	2	1.0
79	31	1.0
79	79	97.0
