1	1	169.0
2	1	2.0
2	2	198.0
2	13	1.0
2	38	1.0
2	91	2.0
2	144	1.0
3	3	169.0
4	2	1.0
4	4	190.0
4	5	3.0
5	4	2.0
5	5	177.0
5	75	1.0
5	104	1.0
6	6	203.0
6	7	1.0
7	6	1.0
7	7	170.0
8	8	165.0
8	58	1.0
8	61	2.0
8	62	1.0
8	75	1.0
8	110	1.0
8	159	1.0
8	161	1.0
8	180	1.0
8	181	1.0
8	182	1.0
8	183	1.0
9	8	1.0
9	9	91.0
9	10	2.0
9	13	2.0
9	179	1.0
10	8	1.0
10	10	176.0
10	11	1.0
10	12	1.0
10	15	1.0
10	58	1.0
10	107	1.0
10	108	2.0
10	114	1.0
11	10	1.0
11	11	150.0
11	12	2.0
11	13	1.0
11	87	1.0
11	112	1.0
12	9	1.0
12	10	1.0
12	11	2.0
12	12	179.0
12	13	1.0
12	174	1.0
13	9	1.0
13	12	3.0
13	13	182.0
13	15	3.0
13	17	1.0
13	18	1.0
13	109	1.0
13	112	1.0
13	172	1.0
13	173	1.0
14	13	2.0
14	14	174.0
14	15	2.0
14	146	1.0
14	172	1.0
14	173	2.0
14	183	1.0
14	185	1.0
15	13	1.0
15	14	1.0
15	15	191.0
15	16	2.0
15	17	1.0
15	134	1.0
15	174	1.0
16	11	1.0
16	13	1.0
16	16	189.0
16	17	1.0
16	108	1.0
16	146	1.0
17	16	4.0
17	17	185.0
17	20	1.0
17	76	1.0
18	18	168.0
18	20	1.0
18	21	1.0
18	22	1.0
19	17	1.0
19	18	1.0
19	19	191.0
19	21	2.0
19	168	1.0
19	175	1.0
19	176	1.0
20	19	2.0
20	20	183.0
20	159	1.0
21	18	1.0
21	19	1.0
21	20	1.0
21	21	160.0
21	22	3.0
22	21	1.0
22	22	189.0
22	23	1.0
22	157	1.0
23	22	2.0
23	23	198.0
23	24	2.0
23	26	1.0
23	32	1.0
23	157	1.0
24	23	4.0
24	24	172.0
25	23	1.0
25	24	1.0
25	25	183.0
25	26	1.0
25	146	1.0
26	26	155.0
26	30	1.0
26	32	2.0
26	37	2.0
26	76	1.0
27	26	1.0
27	27	185.0
27	28	2.0
27	30	1.0
27	34	1.0
27	36	1.0
27	42	1.0
27	49	1.0
27	179	1.0
28	27	2.0
28	28	163.0
28	31	2.0
28	32	2.0
28	37	1.0
29	27	2.0
29	28	3.0
29	29	163.0
29	30	1.0
29	31	1.0
29	42	1.0
29	80	1.0
30	27	2.0
30	28	2.0
30	30	210.0
30	33	2.0
30	34	1.0
30	35	1.0
30	129	2.0
31	15	1.0
31	27	1.0
31	28	2.0
31	31	184.0
31	32	1.0
31	34	1.0
31	42	1.0
32	20	1.0
32	23	1.0
32	26	2.0
32	30	4.0
32	31	1.0
32	32	160.0
32	33	1.0
32	35	1.0
32	37	1.0
32	49	1.0
32	165	1.0
33	27	1.0
33	33	185.0
33	34	2.0
33	35	1.0
33	36	1.0
34	28	1.0
34	30	2.0
34	31	3.0
34	34	175.0
34	39	1.0
34	124	1.0
34	126	1.0
34	127	1.0
34	136	1.0
35	22	1.0
35	27	1.0
35	28	1.0
35	35	204.0
35	36	2.0
35	160	1.0
36	19	1.0
36	28	1.0
36	31	3.0
36	33	1.0
36	36	183.0
36	37	1.0
36	38	2.0
37	29	1.0
37	30	1.0
37	31	2.0
37	36	3.0
37	37	156.0
37	38	2.0
37	82	1.0
37	90	1.0
37	102	1.0
38	26	1.0
38	27	1.0
38	30	1.0
38	36	1.0
38	37	3.0
38	38	158.0
38	39	1.0
38	140	1.0
39	38	3.0
39	39	167.0
39	40	3.0
39	184	1.0
40	36	1.0
40	39	1.0
40	40	151.0
40	41	2.0
41	31	1.0
41	40	1.0
41	41	175.0
41	42	1.0
41	45	2.0
42	29	1.0
42	31	1.0
42	42	173.0
42	43	1.0
42	129	3.0
42	138	1.0
43	31	1.0
43	43	156.0
43	44	1.0
43	45	6.0
43	47	1.0
43	71	1.0
43	129	3.0
43	190	1.0
44	42	2.0
44	43	4.0
44	44	149.0
44	45	2.0
44	46	5.0
44	47	4.0
44	150	2.0
45	43	2.0
45	44	4.0
45	45	151.0
45	46	3.0
45	47	1.0
46	32	1.0
46	42	1.0
46	43	1.0
46	44	1.0
46	45	4.0
46	46	182.0
46	47	4.0
46	53	1.0
46	63	1.0
47	44	1.0
47	45	2.0
47	46	3.0
47	47	191.0
47	151	1.0
48	6	1.0
48	46	2.0
48	48	162.0
48	65	1.0
48	123	1.0
48	125	2.0
48	126	1.0
48	149	1.0
48	150	3.0
49	5	3.0
49	49	119.0
49	132	2.0
52	52	46.0
52	102	2.0
52	155	1.0
53	52	1.0
53	53	165.0
53	54	1.0
53	104	1.0
53	156	1.0
54	43	1.0
54	52	1.0
54	54	171.0
54	55	1.0
54	155	1.0
54	171	1.0
54	172	1.0
54	186	1.0
55	19	1.0
55	53	2.0
55	55	175.0
55	56	3.0
56	54	1.0
56	55	2.0
56	56	214.0
56	57	3.0
56	147	1.0
56	166	1.0
57	57	167.0
57	152	1.0
57	154	3.0
57	162	1.0
58	14	1.0
58	57	1.0
58	58	152.0
58	59	4.0
58	62	1.0
58	64	1.0
58	85	1.0
58	102	1.0
59	10	1.0
59	59	153.0
59	60	3.0
59	61	1.0
59	62	1.0
59	63	5.0
59	157	1.0
59	162	1.0
60	19	1.0
60	60	168.0
60	62	1.0
60	63	1.0
60	175	1.0
61	59	2.0
61	61	161.0
61	62	2.0
61	64	1.0
61	151	1.0
61	155	1.0
61	161	1.0
61	162	2.0
61	172	2.0
62	5	1.0
62	31	1.0
62	58	1.0
62	60	1.0
62	62	193.0
62	64	1.0
62	86	1.0
62	162	1.0
63	16	1.0
63	62	1.0
63	63	177.0
63	64	1.0
63	65	1.0
63	76	1.0
63	163	1.0
64	61	1.0
64	63	2.0
64	64	157.0
64	65	2.0
64	137	1.0
64	153	1.0
65	63	1.0
65	64	3.0
65	65	187.0
65	66	3.0
65	67	2.0
65	164	1.0
66	66	195.0
66	67	1.0
66	144	2.0
66	149	1.0
66	150	1.0
67	66	3.0
67	67	170.0
67	125	1.0
67	150	1.0
68	68	198.0
68	71	1.0
68	103	1.0
68	123	1.0
68	135	1.0
68	136	1.0
68	141	2.0
68	145	1.0
69	67	1.0
69	69	59.0
69	70	1.0
69	100	1.0
70	65	1.0
70	67	1.0
70	70	171.0
70	71	1.0
70	73	1.0
70	127	1.0
70	136	2.0
71	71	169.0
71	72	2.0
71	135	1.0
72	71	1.0
72	72	188.0
72	73	1.0
72	74	1.0
72	78	1.0
72	83	1.0
72	99	1.0
72	134	1.0
72	169	1.0
72	185	1.0
73	71	1.0
73	73	171.0
73	75	1.0
73	78	2.0
73	99	1.0
74	74	202.0
74	76	1.0
74	92	3.0
75	74	3.0
75	75	161.0
75	76	5.0
75	94	1.0
76	73	1.0
76	75	1.0
76	76	163.0
77	76	4.0
77	77	188.0
77	78	1.0
77	79	1.0
77	80	2.0
77	82	1.0
77	84	1.0
77	85	3.0
78	73	1.0
78	77	2.0
78	78	186.0
78	80	1.0
78	83	1.0
78	84	2.0
78	85	1.0
78	104	1.0
79	24	1.0
79	77	1.0
79	78	2.0
79	79	164.0
79	80	7.0
79	83	1.0
79	141	1.0
80	79	2.0
80	80	173.0
80	81	3.0
81	78	2.0
81	79	1.0
81	80	2.0
81	81	193.0
81	82	2.0
81	83	1.0
81	84	1.0
81	112	1.0
82	43	1.0
82	82	189.0
82	86	1.0
83	82	2.0
83	83	191.0
83	84	1.0
83	85	1.0
84	61	2.0
84	63	1.0
84	77	1.0
84	83	1.0
84	84	179.0
84	136	1.0
84	141	1.0
84	143	1.0
85	58	1.0
85	77	2.0
85	78	4.0
85	84	1.0
85	85	198.0
85	156	1.0
85	175	1.0
86	86	200.0
86	87	2.0
86	88	1.0
86	177	2.0
86	179	1.0
87	15	1.0
87	83	1.0
87	86	4.0
87	87	170.0
87	88	1.0
87	89	1.0
88	87	2.0
88	88	154.0
88	140	1.0
89	87	1.0
89	88	1.0
89	89	178.0
89	90	1.0
90	90	183.0
91	72	1.0
91	75	1.0
91	91	168.0
91	92	3.0
91	93	1.0
91	94	1.0
91	104	1.0
91	111	1.0
91	176	1.0
92	72	1.0
92	74	1.0
92	91	2.0
92	92	155.0
92	94	1.0
92	104	1.0
93	4	1.0
93	92	2.0
93	93	207.0
93	94	2.0
94	92	1.0
94	93	2.0
94	94	173.0
94	99	2.0
95	4	1.0
95	71	1.0
95	93	2.0
95	95	191.0
95	97	1.0
95	98	2.0
95	99	1.0
96	95	1.0
96	96	177.0
96	98	1.0
96	101	1.0
96	102	2.0
96	103	1.0
97	95	1.0
97	97	173.0
97	101	1.0
98	96	3.0
98	97	2.0
98	98	168.0
98	101	1.0
99	73	1.0
99	74	1.0
99	80	1.0
99	93	1.0
99	99	160.0
100	66	1.0
100	69	1.0
100	95	3.0
100	98	2.0
100	100	187.0
100	101	2.0
100	102	1.0
100	118	1.0
100	123	1.0
100	124	1.0
101	53	2.0
101	101	183.0
101	102	1.0
101	107	1.0
101	120	2.0
101	186	1.0
102	25	1.0
102	101	1.0
102	102	205.0
102	106	1.0
102	113	1.0
102	185	1.0
102	186	2.0
103	98	1.0
103	101	1.0
103	103	183.0
103	105	1.0
104	89	1.0
104	103	1.0
104	104	206.0
104	105	2.0
105	8	1.0
105	103	1.0
105	104	1.0
105	105	178.0
105	107	1.0
106	105	3.0
106	106	175.0
106	112	1.0
106	113	1.0
106	114	2.0
107	56	2.0
107	65	1.0
107	106	2.0
107	107	169.0
107	108	1.0
107	114	1.0
107	115	1.0
107	174	1.0
108	9	2.0
108	16	2.0
108	43	1.0
108	107	1.0
108	108	220.0
108	114	2.0
108	123	4.0
108	167	1.0
108	170	3.0
109	106	1.0
109	109	173.0
109	110	3.0
109	112	1.0
109	122	1.0
109	171	1.0
109	178	1.0
110	10	1.0
110	109	1.0
110	110	166.0
110	111	2.0
110	178	1.0
110	180	1.0
111	13	1.0
111	106	1.0
111	110	1.0
111	111	179.0
111	172	1.0
112	33	1.0
112	112	172.0
112	113	1.0
112	172	1.0
113	80	2.0
113	105	1.0
113	112	1.0
113	113	193.0
113	114	2.0
113	164	1.0
113	173	1.0
114	106	2.0
114	107	3.0
114	113	2.0
114	114	188.0
114	115	2.0
114	120	1.0
115	53	1.0
115	107	1.0
115	113	1.0
115	114	2.0
115	115	157.0
115	116	4.0
115	118	1.0
115	181	1.0
116	115	4.0
116	116	168.0
116	117	1.0
117	74	1.0
117	116	2.0
117	117	201.0
117	118	1.0
117	119	2.0
118	116	1.0
118	118	219.0
118	119	1.0
118	139	1.0
118	185	1.0
119	87	1.0
119	114	1.0
119	117	1.0
119	118	2.0
119	119	143.0
119	120	1.0
119	122	1.0
120	101	1.0
120	102	3.0
120	103	1.0
120	119	3.0
120	120	182.0
120	168	1.0
121	67	1.0
121	121	188.0
121	173	1.0
122	3	1.0
122	66	1.0
122	119	1.0
122	122	173.0
122	123	1.0
123	66	1.0
123	100	1.0
123	108	1.0
123	122	1.0
123	123	223.0
124	28	1.0
124	68	1.0
124	123	1.0
124	124	169.0
124	125	3.0
124	133	1.0
125	65	1.0
125	123	1.0
125	124	1.0
125	125	184.0
125	126	1.0
125	127	1.0
125	149	1.0
126	21	1.0
126	75	1.0
126	126	189.0
126	127	3.0
126	129	1.0
127	29	1.0
127	127	183.0
127	128	1.0
127	129	1.0
128	125	1.0
128	126	1.0
128	127	1.0
128	128	170.0
128	133	1.0
128	148	1.0
129	42	1.0
129	128	1.0
129	129	179.0
129	130	1.0
129	131	1.0
129	133	1.0
129	141	1.0
130	70	1.0
130	86	1.0
130	110	1.0
130	130	176.0
130	131	1.0
130	132	1.0
130	133	2.0
130	134	1.0
130	135	1.0
130	137	1.0
130	152	1.0
131	128	2.0
131	130	2.0
131	131	190.0
131	132	4.0
131	133	1.0
131	136	1.0
131	180	1.0
131	183	1.0
132	21	1.0
132	86	1.0
132	130	3.0
132	131	1.0
132	132	151.0
132	133	2.0
132	135	1.0
132	137	4.0
133	87	1.0
133	128	1.0
133	131	4.0
133	132	3.0
133	133	164.0
133	137	1.0
133	138	1.0
133	171	1.0
133	177	1.0
134	40	1.0
134	88	1.0
134	130	2.0
134	131	2.0
134	134	197.0
134	179	1.0
134	180	1.0
134	183	1.0
135	80	1.0
135	104	1.0
135	129	1.0
135	130	1.0
135	134	1.0
135	135	170.0
135	136	2.0
135	137	1.0
135	142	1.0
136	68	1.0
136	69	1.0
136	134	1.0
136	135	1.0
136	136	174.0
136	141	1.0
136	145	1.0
136	146	1.0
137	85	1.0
137	132	1.0
137	137	152.0
137	138	1.0
137	139	1.0
137	140	1.0
137	144	1.0
137	160	1.0
138	9	1.0
138	47	1.0
138	130	1.0
138	133	3.0
138	135	1.0
138	138	182.0
138	139	3.0
139	69	1.0
139	85	1.0
139	99	1.0
139	130	1.0
139	132	2.0
139	133	1.0
139	134	2.0
139	135	1.0
139	136	1.0
139	138	2.0
139	139	164.0
139	140	1.0
139	141	1.0
139	144	1.0
139	145	3.0
139	189	1.0
140	47	1.0
140	68	1.0
140	77	1.0
140	130	1.0
140	140	212.0
140	141	2.0
141	12	1.0
141	68	2.0
141	71	1.0
141	131	1.0
141	141	166.0
142	142	190.0
142	143	3.0
142	144	2.0
142	145	1.0
143	142	4.0
143	143	186.0
143	144	2.0
143	145	1.0
144	143	1.0
144	144	165.0
144	145	3.0
144	154	1.0
144	155	1.0
145	32	1.0
145	40	1.0
145	145	156.0
145	154	1.0
145	158	1.0
145	182	1.0
146	14	1.0
146	53	1.0
146	129	1.0
146	130	1.0
146	141	1.0
146	144	1.0
146	146	163.0
146	147	1.0
146	157	1.0
146	158	1.0
146	161	1.0
146	167	1.0
146	169	1.0
147	128	1.0
147	140	1.0
147	141	1.0
147	147	155.0
147	148	1.0
147	156	1.0
147	159	2.0
147	164	1.0
148	125	1.0
148	147	3.0
148	148	154.0
148	160	1.0
148	166	1.0
149	13	1.0
149	18	1.0
149	57	1.0
149	66	1.0
149	67	1.0
149	105	1.0
149	125	1.0
149	128	1.0
149	149	189.0
149	150	1.0
149	151	1.0
149	160	2.0
149	167	1.0
150	15	1.0
150	47	2.0
150	48	3.0
150	65	2.0
150	66	1.0
150	67	1.0
150	148	1.0
150	150	174.0
150	161	3.0
151	53	1.0
151	66	1.0
151	150	1.0
151	151	173.0
152	54	1.0
152	57	2.0
152	151	1.0
152	152	155.0
152	153	4.0
153	57	2.0
153	70	1.0
153	152	2.0
153	153	166.0
153	154	1.0
153	170	1.0
154	40	1.0
154	144	1.0
154	153	1.0
154	154	197.0
154	155	4.0
154	165	1.0
154	179	1.0
155	154	1.0
155	155	178.0
155	156	2.0
155	159	1.0
155	165	1.0
156	8	1.0
156	59	1.0
156	70	1.0
156	145	2.0
156	154	2.0
156	155	2.0
156	156	187.0
156	157	3.0
156	161	1.0
157	52	1.0
157	142	1.0
157	145	1.0
157	146	1.0
157	156	1.0
157	157	179.0
157	168	1.0
158	104	1.0
158	156	1.0
158	158	163.0
158	159	3.0
158	160	2.0
158	167	2.0
158	168	1.0
159	9	1.0
159	147	2.0
159	148	1.0
159	151	2.0
159	158	1.0
159	159	190.0
159	160	2.0
159	163	1.0
159	164	1.0
159	166	1.0
159	167	1.0
159	168	1.0
159	170	1.0
160	8	1.0
160	40	1.0
160	60	1.0
160	152	1.0
160	160	174.0
160	162	1.0
160	163	1.0
160	165	1.0
161	100	1.0
161	148	2.0
161	149	1.0
161	150	1.0
161	161	163.0
161	162	1.0
161	164	1.0
161	189	1.0
162	61	1.0
162	62	1.0
162	149	2.0
162	162	161.0
162	163	3.0
162	164	1.0
163	160	2.0
163	161	1.0
163	162	2.0
163	163	145.0
163	164	1.0
163	169	1.0
164	127	1.0
164	147	1.0
164	153	1.0
164	159	2.0
164	162	2.0
164	164	184.0
164	165	1.0
165	54	1.0
165	156	1.0
165	163	2.0
165	164	1.0
165	165	181.0
166	120	1.0
166	121	1.0
166	166	168.0
166	171	1.0
166	175	2.0
167	114	1.0
167	124	1.0
167	141	1.0
167	167	177.0
167	168	1.0
167	170	1.0
168	107	1.0
168	158	1.0
168	159	1.0
168	167	7.0
168	168	177.0
168	174	1.0
169	20	1.0
169	108	1.0
169	149	2.0
169	156	1.0
169	159	1.0
169	169	193.0
169	170	1.0
170	15	1.0
170	20	1.0
170	153	1.0
170	167	2.0
170	168	3.0
170	169	2.0
170	170	210.0
170	171	1.0
170	174	1.0
171	12	1.0
171	14	1.0
171	109	1.0
171	154	1.0
171	168	1.0
171	170	1.0
171	171	177.0
171	172	2.0
171	173	2.0
172	54	1.0
172	111	1.0
172	112	1.0
172	166	1.0
172	171	1.0
172	172	189.0
172	174	1.0
173	15	2.0
173	49	1.0
173	109	2.0
173	121	1.0
173	150	1.0
173	173	165.0
173	174	1.0
174	12	1.0
174	168	1.0
174	170	1.0
174	171	1.0
174	172	1.0
174	173	1.0
174	174	179.0
175	19	1.0
175	59	1.0
175	60	1.0
175	86	1.0
175	107	1.0
175	175	154.0
175	177	1.0
175	180	1.0
176	56	1.0
176	176	156.0
176	177	1.0
176	180	1.0
177	9	1.0
177	108	2.0
177	131	1.0
177	133	1.0
177	175	2.0
177	176	1.0
177	177	178.0
177	178	2.0
177	181	1.0
177	182	1.0
177	183	1.0
178	8	1.0
178	67	1.0
178	114	1.0
178	131	2.0
178	175	1.0
178	178	186.0
178	179	1.0
178	180	4.0
178	181	5.0
178	182	1.0
178	183	1.0
179	8	1.0
179	85	1.0
179	105	1.0
179	110	1.0
179	174	1.0
179	178	2.0
179	179	160.0
179	180	1.0
180	109	2.0
180	129	1.0
180	131	1.0
180	175	1.0
180	177	1.0
180	178	2.0
180	180	178.0
180	182	1.0
181	178	1.0
181	179	2.0
181	180	2.0
181	181	188.0
181	182	1.0
181	184	1.0
182	177	1.0
182	181	1.0
182	182	164.0
182	183	4.0
183	182	4.0
183	183	175.0
184	40	1.0
184	124	1.0
184	128	1.0
184	155	1.0
184	184	184.0
184	185	1.0
185	185	182.0
186	53	1.0
186	54	1.0
186	56	1.0
186	122	1.0
186	185	1.0
186	186	172.0
186	188	1.0
186	189	1.0
187	187	189.0
187	188	1.0
187	189	1.0
187	190	2.0
188	113	1.0
188	187	4.0
188	188	160.0
188	189	2.0
188	190	1.0
189	185	1.0
189	187	1.0
189	188	1.0
189	189	166.0
189	190	3.0
190	39	1.0
190	187	1.0
190	188	1.0
190	190	199.0
191	191	11.0
192	191	2.0
192	192	179.0
