1	1	341.0
1	2	19.0
1	7	3.0
1	15	1.0
1	63	2.0
1	78	1.0
2	2	332.0
2	3	7.0
2	4	1.0
2	6	4.0
2	7	4.0
2	43	1.0
2	80	2.0
3	3	298.0
3	4	24.0
3	5	3.0
3	6	3.0
3	7	1.0
3	12	1.0
3	48	1.0
3	49	1.0
3	79	5.0
3	80	3.0
4	4	374.0
4	5	11.0
4	6	1.0
4	7	6.0
4	57	1.0
4	65	1.0
4	76	1.0
4	79	9.0
4	80	8.0
5	5	302.0
5	6	25.0
5	7	9.0
5	28	1.0
5	44	1.0
5	79	3.0
5	80	1.0
6	6	345.0
6	7	4.0
6	8	1.0
6	52	2.0
6	80	1.0
7	7	365.0
7	8	15.0
7	10	1.0
7	28	1.0
7	55	1.0
7	64	1.0
8	8	319.0
8	9	6.0
8	10	10.0
8	11	8.0
8	16	1.0
8	18	1.0
8	21	3.0
8	34	1.0
8	35	1.0
8	37	4.0
8	43	1.0
8	46	2.0
8	47	1.0
8	50	7.0
8	52	1.0
8	57	6.0
8	58	4.0
8	59	1.0
8	79	1.0
9	9	287.0
9	10	21.0
9	11	16.0
9	12	1.0
9	14	1.0
9	16	2.0
9	17	3.0
9	18	3.0
9	19	4.0
9	20	1.0
9	21	1.0
9	30	1.0
9	31	3.0
9	35	3.0
9	37	4.0
9	49	1.0
9	50	3.0
9	52	2.0
9	53	1.0
9	54	1.0
9	57	2.0
9	58	2.0
9	59	1.0
9	66	1.0
9	69	1.0
10	10	290.0
10	11	17.0
10	18	3.0
10	22	1.0
10	37	7.0
10	46	1.0
10	55	1.0
11	11	347.0
11	16	6.0
11	17	4.0
11	18	8.0
11	19	10.0
11	37	4.0
12	12	315.0
12	13	6.0
12	14	8.0
12	15	10.0
12	16	3.0
12	19	2.0
12	20	5.0
12	31	2.0
12	34	1.0
12	36	3.0
13	13	281.0
13	14	31.0
13	15	6.0
13	20	4.0
13	21	2.0
13	25	1.0
13	36	2.0
13	55	1.0
14	14	307.0
14	15	3.0
14	20	1.0
14	22	2.0
14	25	1.0
14	26	1.0
14	27	1.0
14	56	3.0
15	15	264.0
15	16	5.0
15	20	4.0
15	29	1.0
15	36	1.0
16	16	242.0
16	17	6.0
16	18	9.0
16	19	5.0
16	20	1.0
16	21	1.0
16	35	2.0
16	36	2.0
16	37	1.0
16	45	1.0
16	46	1.0
16	56	2.0
16	71	1.0
16	72	1.0
17	17	401.0
17	18	14.0
17	19	4.0
17	27	9.0
17	28	5.0
17	33	1.0
17	46	1.0
17	56	1.0
18	18	193.0
18	19	11.0
18	20	1.0
18	21	1.0
18	26	5.0
18	27	2.0
18	29	2.0
18	30	2.0
18	37	2.0
18	56	1.0
19	19	279.0
19	20	14.0
19	26	7.0
19	30	2.0
19	36	2.0
19	53	1.0
19	80	1.0
20	20	194.0
20	21	10.0
20	26	7.0
20	30	7.0
20	31	10.0
20	32	2.0
20	36	3.0
20	48	1.0
20	53	2.0
20	54	1.0
20	60	3.0
21	21	284.0
21	22	5.0
21	25	6.0
21	31	1.0
21	33	1.0
21	34	2.0
21	35	6.0
21	36	5.0
21	40	1.0
21	41	1.0
21	45	2.0
21	49	3.0
21	50	9.0
21	52	3.0
21	59	1.0
21	60	1.0
22	22	61.0
22	25	1.0
22	43	1.0
22	45	5.0
22	47	1.0
22	48	2.0
22	49	3.0
25	25	253.0
25	26	7.0
25	50	1.0
25	54	1.0
25	58	2.0
25	64	1.0
26	26	281.0
26	27	7.0
26	28	3.0
26	30	4.0
26	35	1.0
26	53	1.0
26	57	2.0
26	58	2.0
26	59	1.0
26	79	1.0
27	27	374.0
27	28	22.0
27	30	3.0
27	38	8.0
27	40	1.0
27	42	5.0
27	43	2.0
27	44	2.0
27	45	1.0
28	28	314.0
28	29	19.0
28	30	4.0
28	42	6.0
28	43	1.0
28	44	2.0
29	29	300.0
29	30	18.0
29	31	2.0
29	42	1.0
29	49	1.0
29	54	1.0
29	57	8.0
29	58	4.0
30	30	280.0
30	31	11.0
30	32	2.0
30	34	5.0
30	51	1.0
30	57	4.0
30	58	3.0
31	31	355.0
31	32	23.0
31	33	7.0
31	34	5.0
31	35	2.0
32	32	368.0
32	33	31.0
32	34	5.0
32	35	1.0
32	45	1.0
33	33	313.0
33	34	2.0
33	35	1.0
33	66	1.0
34	34	191.0
34	35	10.0
34	51	3.0
34	59	11.0
35	35	310.0
35	36	11.0
35	51	2.0
35	52	2.0
35	58	2.0
35	59	9.0
35	60	7.0
35	71	1.0
36	36	312.0
36	45	4.0
36	46	1.0
36	47	1.0
36	50	1.0
36	51	15.0
36	59	3.0
36	60	12.0
36	61	3.0
37	37	349.0
37	38	5.0
37	39	7.0
37	41	6.0
37	45	1.0
37	60	1.0
37	61	3.0
38	38	323.0
38	39	20.0
38	40	17.0
38	42	2.0
38	70	1.0
39	39	298.0
39	40	1.0
39	42	1.0
39	49	1.0
40	40	355.0
40	41	13.0
40	48	1.0
40	57	4.0
40	58	3.0
40	65	2.0
40	74	1.0
40	75	2.0
40	79	1.0
41	41	375.0
41	42	7.0
41	45	1.0
41	46	1.0
41	47	2.0
41	48	1.0
41	49	4.0
41	51	1.0
41	52	2.0
41	57	1.0
41	79	4.0
42	42	362.0
42	43	7.0
42	44	5.0
42	45	1.0
42	66	1.0
42	79	2.0
43	43	319.0
43	44	4.0
43	45	3.0
43	46	1.0
43	48	5.0
43	55	1.0
43	62	1.0
43	73	1.0
44	44	198.0
44	45	4.0
44	49	1.0
44	56	1.0
44	61	3.0
44	62	1.0
44	71	3.0
44	72	3.0
45	45	263.0
45	46	1.0
45	47	1.0
45	48	3.0
45	49	3.0
45	50	2.0
45	60	2.0
45	61	4.0
45	62	8.0
45	65	1.0
45	66	1.0
45	71	9.0
45	72	10.0
46	46	305.0
46	47	28.0
46	49	7.0
46	50	4.0
46	52	1.0
46	61	1.0
47	47	326.0
47	48	10.0
47	49	1.0
47	52	1.0
47	78	1.0
47	80	2.0
48	48	380.0
48	49	4.0
48	80	2.0
49	49	265.0
49	50	13.0
49	51	3.0
49	52	11.0
49	54	4.0
49	57	1.0
49	58	6.0
49	60	1.0
49	61	3.0
50	50	301.0
50	51	8.0
50	52	18.0
50	53	10.0
50	54	3.0
50	57	2.0
50	58	2.0
50	60	1.0
50	80	1.0
51	51	317.0
51	52	11.0
51	53	4.0
51	55	1.0
51	59	6.0
51	60	3.0
52	52	295.0
52	53	9.0
52	55	2.0
52	57	1.0
52	58	2.0
52	59	4.0
52	60	1.0
53	53	270.0
53	54	33.0
53	55	3.0
53	56	1.0
54	54	271.0
54	55	6.0
54	58	1.0
55	55	332.0
55	56	28.0
55	57	1.0
55	58	1.0
55	74	1.0
55	76	1.0
56	56	352.0
56	57	3.0
56	58	1.0
56	59	2.0
56	60	2.0
57	57	296.0
57	58	20.0
57	59	6.0
57	80	3.0
58	58	277.0
58	59	6.0
58	60	1.0
59	59	290.0
59	60	16.0
59	72	1.0
60	60	250.0
60	61	15.0
60	62	1.0
60	71	2.0
61	61	339.0
61	62	11.0
61	64	1.0
61	71	4.0
61	72	1.0
62	62	288.0
62	63	5.0
62	64	1.0
62	65	1.0
62	66	5.0
62	67	1.0
62	70	3.0
62	71	11.0
62	72	5.0
63	63	310.0
63	64	24.0
63	65	5.0
63	66	3.0
63	67	1.0
63	71	5.0
64	64	321.0
64	65	9.0
64	66	7.0
64	67	5.0
64	71	1.0
64	72	2.0
64	75	1.0
65	65	291.0
65	66	4.0
65	74	1.0
66	66	314.0
66	67	12.0
66	68	3.0
66	70	1.0
66	71	4.0
67	67	250.0
67	68	18.0
67	70	6.0
67	71	1.0
68	68	257.0
68	69	6.0
68	70	7.0
69	69	296.0
69	70	18.0
70	70	333.0
70	71	5.0
70	72	1.0
71	71	353.0
71	72	8.0
71	76	6.0
72	72	363.0
72	73	7.0
73	73	357.0
73	74	14.0
73	75	3.0
74	74	357.0
74	75	12.0
75	75	356.0
75	76	13.0
76	76	355.0
76	77	7.0
77	77	352.0
77	78	4.0
78	78	357.0
78	79	10.0
79	79	366.0
79	80	4.0
80	80	328.0
80	81	1.0
81	81	36.0
82	1	8.0
82	42	2.0
82	43	1.0
82	47	1.0
82	48	1.0
82	80	2.0
82	82	257.0
