85	85	2
73	73	10
4	4	1
80	80	6
47	48	1
26	26	3
91	91	4
91	91	1
29	29	1
39	39	9
72	73	1
58	58	1
91	91	5
94	94	1
69	69	2
49	49	1
79	89	1
85	86	4
72	77	1
92	93	2
74	74	5
72	73	1
72	76	1
66	70	1
51	59	1
94	94	2
89	90	1
19	19	2
89	90	1
68	68	1
39	39	4
30	30	15
34	34	1
59	59	2
48	49	2
90	91	1
34	34	1
38	38	2
39	40	1
63	63	34
67	79	1
81	81	1
91	92	1
15	16	1
37	37	4
57	59	1
54	54	2
62	62	1
77	78	1
53	53	1
72	72	2
70	70	3
67	67	3
20	20	1
90	91	1
90	91	1
33	33	2
47	47	2
20	21	1
10	10	3
46	46	1
72	72	3
13	13	3
86	86	3
9	9	2
45	45	6
75	76	1
92	92	1
61	61	2
85	85	2
86	86	2
90	91	2
59	60	1
52	52	2
63	69	1
91	91	1
15	15	4
41	41	1
55	55	1
26	26	4
47	48	1
21	21	1
27	28	1
34	34	2
62	65	1
87	87	7
78	79	1
20	21	1
91	93	2
72	72	11
15	15	1
75	76	1
90	90	1
12	12	1
4	4	2
91	92	2
50	50	5
89	92	2
28	28	1
77	77	3
14	14	2
20	21	1
65	67	1
72	78	1
80	80	4
34	34	1
49	50	1
73	74	3
93	93	1
34	34	4
76	76	3
22	22	1
41	42	1
89	91	1
70	72	1
11	11	2
80	80	9
64	64	1
52	52	2
89	91	1
52	52	1
67	72	1
65	65	7
87	87	3
85	85	1
77	79	1
3	3	5
17	21	1
64	64	3
67	68	2
38	39	1
90	92	2
78	80	1
74	74	1
88	88	3
69	69	2
43	43	1
85	85	14
14	14	1
83	83	2
87	87	4
39	39	5
79	82	2
57	57	6
10	12	1
79	90	4
49	49	1
56	60	1
50	50	1
43	43	1
68	69	1
44	45	1
44	44	1
61	61	2
61	70	1
76	90	2
92	92	2
19	19	1
87	87	1
17	17	2
80	80	1
42	43	1
84	86	1
87	87	5
72	73	1
76	76	2
78	78	1
56	56	2
53	53	2
7	7	4
32	33	4
13	13	1
19	23	1
75	76	1
94	94	1
58	58	2
58	58	1
74	75	1
28	28	5
90	90	1
48	70	1
67	71	1
87	87	18
43	43	7
90	91	1
15	15	2
55	56	1
82	82	8
78	79	2
71	72	1
74	74	3
69	69	4
30	30	9
68	71	1
49	49	4
10	10	1
10	11	2
90	91	1
23	23	3
76	78	1
66	66	9
70	70	2
58	58	2
60	60	1
86	86	1
19	19	1
81	82	2
17	18	1
82	82	1
15	15	6
59	60	1
77	78	1
59	60	1
62	62	2
37	37	1
82	87	1
29	33	1
42	42	6
53	53	1
12	12	4
91	91	3
49	49	6
84	84	4
43	46	1
51	52	1
76	89	1
80	80	3
72	72	2
89	89	4
89	92	1
81	84	1
65	65	3
19	19	1
36	36	2
65	66	1
38	38	3
55	55	2
32	32	1
46	46	8
80	81	1
72	77	1
54	54	1
49	50	1
91	92	1
72	75	1
33	33	2
89	89	1
90	91	3
19	19	1
21	22	1
80	80	4
91	93	1
9	9	4
71	72	1
43	43	1
62	66	1
53	53	2
77	80	1
79	79	1
38	38	3
51	53	1
59	62	1
90	90	1
76	76	1
58	58	1
76	90	1
75	75	3
59	60	1
67	67	1
80	81	1
45	48	1
29	51	1
57	60	1
32	35	1
24	24	4
43	47	1
90	92	3
66	66	4
72	72	7
51	51	1
7	7	1
48	48	1
78	78	1
5	5	1
10	10	5
16	16	2
75	76	1
3	3	1
57	57	1
22	22	1
50	50	4
38	39	1
86	87	4
61	61	2
71	71	5
9	9	2
84	84	4
64	64	5
30	30	1
43	43	2
81	81	2
72	77	1
68	72	1
91	91	1
85	85	1
69	69	1
60	61	1
16	16	6
72	72	1
33	33	2
19	19	1
75	80	1
18	18	3
76	89	1
39	40	1
51	53	1
86	93	1
89	89	6
73	73	2
35	35	2
51	55	1
54	55	1
47	47	2
35	35	1
90	90	6
81	81	13
59	60	1
93	93	1
36	42	1
56	56	1
56	56	2
72	76	1
90	92	1
41	41	1
31	31	1
52	55	1
25	27	1
64	94	1
42	49	1
15	15	11
17	17	3
55	55	1
35	35	2
78	87	1
4	4	1
53	55	1
70	70	1
43	52	1
72	75	1
38	38	1
27	27	3
79	80	1
61	61	2
83	83	1
45	45	1
6	6	7
44	44	1
76	76	5
66	69	1
90	90	3
70	70	2
3	3	8
81	81	6
79	79	1
25	44	1
90	92	3
4	4	3
73	74	2
66	66	7
28	28	4
42	42	1
43	43	2
18	18	1
66	67	1
76	76	1
89	89	1
91	93	1
42	42	1
50	50	3
75	75	3
71	71	1
29	29	1
19	19	1
76	90	1
86	90	1
77	78	1
91	94	1
60	60	1
49	49	3
18	19	1
75	77	2
31	31	1
90	92	1
75	80	1
82	82	3
53	58	1
91	91	2
47	47	3
61	62	1
59	60	1
81	82	3
47	48	1
55	57	1
41	44	1
12	12	5
66	66	3
59	59	1
73	73	1
73	73	3
62	63	1
69	69	4
76	77	2
61	61	1
46	46	1
45	46	1
44	44	4
84	84	4
76	77	2
89	90	1
74	74	1
47	47	1
62	62	2
61	61	3
23	23	3
60	60	2
17	17	5
77	77	4
66	67	2
76	78	8
71	77	1
26	26	1
46	46	3
86	86	1
21	21	6
76	76	2
67	68	1
75	75	2
63	63	1
89	89	1
3	3	2
89	89	1
83	85	1
78	79	1
18	18	3
63	70	1
71	72	2
48	48	4
84	84	2
53	54	1
7	7	1
10	11	3
72	73	1
45	46	1
3	3	2
