43	48	1
68	68	12
43	48	1
62	83	1
40	40	1
78	85	1
32	58	1
55	65	1
56	63	1
51	51	8
39	40	2
25	25	4
86	88	1
91	95	1
41	45	1
19	19	5
36	56	6
74	74	2
41	41	3
68	71	2
97	97	4
40	40	1
23	27	1
53	54	2
67	67	1
17	17	5
88	88	2
55	58	3
95	95	4
40	40	1
38	92	1
77	84	2
91	91	1
36	37	1
24	24	2
93	93	1
81	81	16
81	82	1
27	28	1
88	88	2
73	73	2
79	86	1
47	47	1
74	74	8
60	61	2
26	27	2
33	62	7
8	9	1
17	17	1
80	80	2
26	29	1
83	85	1
39	52	1
85	85	5
11	11	1
37	38	4
53	53	2
93	95	1
60	60	3
74	76	1
81	82	2
25	26	1
56	57	1
6	8	3
20	20	1
26	27	2
58	58	1
73	77	1
66	67	1
27	29	3
41	41	1
48	48	1
77	77	5
54	55	1
79	83	1
64	64	6
11	13	2
83	83	4
90	94	1
27	28	11
40	55	1
54	55	4
68	68	2
12	14	1
37	37	7
37	37	1
50	66	1
63	63	9
35	35	1
37	37	4
11	13	2
72	73	1
65	69	1
36	40	1
70	71	1
88	88	5
21	21	1
12	13	3
61	64	1
68	68	6
50	50	1
12	12	5
49	49	1
44	44	7
27	28	2
89	89	6
7	7	1
50	51	1
64	64	1
29	29	3
67	67	1
68	69	1
58	67	1
48	48	1
65	85	1
62	87	1
9	65	1
58	65	1
34	35	1
11	13	1
71	79	3
41	41	1
74	75	1
4	80	1
15	15	1
88	89	3
42	52	1
67	89	1
69	69	1
60	71	1
50	52	1
67	69	1
84	87	2
71	71	8
36	36	5
80	81	1
31	32	1
67	70	1
58	81	1
97	97	1
39	39	3
90	90	1
66	67	1
85	86	1
43	43	1
71	71	1
23	23	3
93	93	27
65	65	1
84	85	3
66	66	2
4	4	9
89	89	2
80	81	1
25	25	1
82	82	2
28	28	2
91	91	1
73	81	3
10	93	1
46	46	4
73	73	1
62	62	2
56	67	2
50	50	5
56	58	1
78	79	2
38	40	1
94	94	1
83	83	1
42	42	1
24	25	2
65	85	1
38	39	1
22	22	4
61	87	2
20	20	2
58	60	1
72	72	2
52	52	1
39	49	1
78	78	3
28	28	1
88	93	1
77	81	1
55	55	1
97	97	6
84	89	1
41	48	1
32	32	1
51	70	2
94	94	1
55	55	1
96	96	3
62	72	1
45	46	1
86	86	7
82	83	1
64	64	1
9	10	1
32	32	2
65	71	1
24	24	4
75	75	3
70	80	1
3	3	1
67	73	1
34	36	1
18	18	1
47	48	1
66	72	1
61	62	1
41	41	7
30	30	1
40	69	1
40	41	1
77	77	3
15	16	1
40	49	1
40	54	1
69	70	1
70	70	3
54	55	1
67	72	1
78	78	1
71	74	2
79	79	4
57	57	4
55	55	11
84	84	1
77	85	2
40	40	1
95	95	1
35	35	8
25	31	1
25	26	1
49	49	1
58	65	1
35	35	2
82	93	1
22	22	1
66	67	1
86	94	1
94	94	1
97	97	2
72	88	3
76	76	3
70	70	1
6	7	1
33	33	1
53	67	3
89	91	1
78	85	1
33	33	1
11	12	2
38	38	4
30	30	3
22	32	1
37	37	1
6	6	6
60	68	6
53	53	1
80	80	8
13	13	1
25	25	3
79	79	2
55	56	2
43	50	1
96	97	1
21	21	2
7	10	1
25	34	1
76	76	2
44	50	1
36	36	2
68	69	2
14	15	1
86	86	1
32	33	3
62	62	8
58	58	1
90	90	3
90	90	1
60	68	1
77	83	1
76	79	1
56	56	5
40	48	1
21	24	1
64	64	2
11	12	1
11	11	2
90	90	26
45	46	1
77	77	1
37	37	1
27	27	1
50	74	1
24	24	1
42	42	1
85	86	1
63	63	1
80	82	4
60	60	7
75	80	1
40	53	2
87	89	1
6	6	2
54	54	3
80	82	3
49	49	1
38	40	1
35	35	1
93	93	4
77	78	1
72	72	4
70	73	1
61	61	2
22	22	1
84	86	1
76	76	1
67	67	3
20	20	3
51	80	2
81	81	1
77	81	1
24	24	4
80	81	1
52	52	2
60	68	1
53	54	2
63	63	1
74	75	2
49	49	3
8	9	1
79	86	1
73	73	7
40	66	1
50	52	1
25	25	1
68	69	9
54	58	1
6	6	8
87	90	1
88	90	2
63	67	1
62	62	2
90	90	1
52	54	2
17	17	2
86	86	3
13	13	2
86	86	5
25	30	1
55	55	4
79	79	3
84	84	2
12	12	4
97	97	1
88	88	2
74	85	1
81	81	2
50	71	1
49	49	1
61	62	1
75	81	2
63	63	6
64	68	3
9	9	4
27	27	2
95	95	1
50	71	1
81	81	1
75	75	3
40	41	1
92	93	2
30	31	1
45	45	5
79	81	1
76	81	3
34	37	1
35	36	2
68	68	1
8	8	1
82	87	1
22	22	1
36	57	1
49	51	2
53	54	1
31	33	1
67	74	2
6	7	2
34	34	6
25	27	2
86	86	2
63	63	13
73	73	1
38	38	10
15	15	1
59	59	12
51	76	1
19	19	2
17	17	1
79	79	3
69	69	11
4	4	5
48	49	1
41	49	1
36	37	1
23	25	1
72	73	1
33	37	1
96	96	2
95	96	1
38	38	6
66	66	7
86	88	2
40	44	1
89	89	1
87	91	1
70	73	1
58	59	1
51	54	1
69	72	1
78	84	1
61	61	2
89	89	4
40	43	2
39	39	2
37	38	3
36	36	2
78	80	1
73	73	7
78	80	1
93	93	2
73	73	2
54	54	1
50	50	3
3	3	1
95	95	1
30	31	1
51	52	1
94	94	2
52	52	7
26	26	1
14	14	3
70	71	2
59	61	1
84	85	1
19	20	5
69	72	1
57	57	1
48	48	5
50	76	1
48	50	1
82	82	2
65	66	1
85	85	1
53	56	1
58	67	1
48	48	1
51	57	1
11	11	5
73	75	4
66	78	1
24	29	2
63	63	14
86	89	2
69	74	3
49	80	1
88	90	1
54	95	4
62	62	1
82	82	4
29	46	1
32	32	4
24	25	1
26	26	2
60	61	4
75	75	1
15	15	2
8	8	2
15	15	1
55	55	1
80	80	3
79	84	2
47	47	1
17	24	1
68	72	1
55	56	1
77	77	1
5	8	2
42	43	1
47	49	3
50	50	10
52	53	1
46	46	2
52	62	1
23	29	1
43	43	1
70	71	1
37	37	2
78	81	1
41	43	1
96	97	1
71	74	3
19	19	1
6	6	3
70	70	2
58	68	2
43	43	4
53	55	1
67	71	1
24	53	1
27	27	7
73	73	1
76	76	6
40	44	1
19	19	1
29	29	2
48	49	3
5	5	1
24	28	1
90	90	4
54	72	2
63	92	3
85	85	2
60	61	1
82	82	1
73	74	1
11	11	2
96	97	2
55	62	1
48	48	1
85	85	1
6	8	1
46	46	1
39	47	1
92	93	1
63	65	1
97	98	1
86	93	1
31	31	3
74	80	1
89	90	3
56	57	1
38	39	4
79	79	2
46	46	1
25	25	2
96	96	3
95	95	1
41	41	1
8	8	9
20	20	7
60	68	1
80	84	2
65	86	1
6	6	3
89	94	1
52	59	1
42	49	1
96	96	1
58	63	4
74	82	1
58	68	2
74	76	1
26	26	2
71	76	2
32	60	1
51	70	1
41	41	2
18	18	2
47	47	7
40	48	1
56	56	5
14	14	1
79	80	1
40	47	1
71	71	1
51	79	2
44	44	1
59	60	3
12	13	1
55	55	1
22	23	1
18	18	1
77	85	2
28	46	1
91	91	9
63	63	1
28	28	2
55	62	1
95	95	1
58	61	2
50	54	1
30	46	1
44	49	1
5	6	1
46	46	9
22	22	1
42	43	1
50	50	4
59	59	3
76	76	1
63	93	1
30	30	1
10	17	2
89	97	1
50	76	2
38	38	2
33	33	1
55	57	1
18	18	5
80	84	1
48	50	1
68	69	5
22	24	1
24	24	1
66	66	3
54	55	1
67	67	6
91	92	1
42	43	1
26	26	1
32	46	1
23	26	3
51	51	1
44	49	1
32	32	9
51	53	1
56	84	2
65	66	1
26	27	1
8	8	3
26	62	1
11	11	25
60	60	2
55	55	1
69	69	2
40	40	1
52	53	3
37	37	1
74	75	2
4	6	1
70	73	1
61	82	1
91	96	1
19	19	2
50	71	2
39	39	3
95	97	2
88	88	1
31	31	1
5	5	1
10	10	2
19	21	1
67	67	4
21	22	1
51	51	4
68	68	1
79	79	1
40	49	2
17	17	4
10	10	4
92	94	1
59	68	4
64	64	1
25	29	1
63	65	1
84	93	4
93	93	4
29	29	2
31	31	1
9	9	2
53	53	3
23	28	1
12	12	10
36	56	1
14	14	1
49	52	1
6	9	2
74	78	1
28	29	1
80	80	3
51	52	1
30	30	1
49	50	3
63	63	1
64	84	3
11	14	1
11	12	1
89	89	2
24	31	1
57	57	1
72	73	3
14	14	2
60	60	7
61	84	1
25	29	1
26	26	1
64	71	5
28	28	8
44	44	1
41	43	4
32	32	4
16	16	2
70	70	7
90	90	2
90	96	1
58	69	1
62	84	1
66	66	1
46	47	2
7	7	9
27	30	1
89	93	1
6	25	1
63	89	1
