7	11	1
93	113	2
37	39	5
70	70	9
11	12	5
105	106	2
33	35	1
117	117	16
61	61	6
76	76	27
9	14	1
72	77	3
91	91	28
31	39	5
99	117	1
50	52	3
96	98	1
6	11	3
97	98	3
12	20	1
113	115	1
6	11	1
5	6	3
94	119	10
89	104	1
116	116	3
96	107	2
54	56	1
27	46	1
89	91	1
121	122	10
101	101	5
101	115	2
31	61	6
12	12	1
17	20	1
29	34	7
29	39	3
46	48	3
42	42	42
42	60	2
49	52	5
30	33	4
31	37	1
3	4	2
46	47	1
22	22	19
9	9	3
93	94	6
70	71	2
102	102	14
38	39	13
78	82	10
10	14	1
118	121	1
55	55	21
29	34	1
28	39	1
40	61	1
6	20	2
80	80	2
17	17	35
51	55	1
79	80	7
35	39	3
116	117	5
89	100	2
43	48	1
7	9	3
34	62	1
120	120	47
50	51	5
37	61	1
37	43	1
32	35	2
21	27	1
13	14	11
117	118	2
81	87	1
92	94	2
106	109	1
97	119	4
14	94	2
18	19	1
51	51	44
89	99	1
102	112	4
123	123	6
9	49	1
107	114	1
27	51	1
102	105	1
78	81	1
90	93	1
92	93	6
77	99	1
96	118	3
79	81	2
85	85	17
101	103	2
11	12	3
3	4	9
51	52	1
69	69	7
95	96	8
118	122	3
79	90	2
67	76	1
89	99	1
14	14	2
81	92	3
51	52	4
77	80	7
85	87	8
78	80	1
87	88	1
53	54	2
25	30	4
106	108	2
11	11	4
92	97	4
75	80	1
106	106	3
23	23	20
21	21	1
26	27	1
46	48	2
14	16	1
60	90	1
4	6	1
91	112	1
40	41	7
93	97	1
59	74	2
60	62	1
42	53	1
47	50	1
81	86	2
50	51	1
31	38	2
104	117	1
78	103	1
96	98	1
46	50	8
57	58	1
4	39	3
70	117	2
107	122	1
93	97	1
48	48	4
76	77	3
97	101	1
15	15	90
34	35	2
44	58	1
94	95	2
58	59	1
60	89	3
32	32	11
23	27	1
17	20	3
71	80	3
101	105	1
4	5	6
3	4	1
45	47	1
26	33	1
101	116	8
7	7	34
106	113	1
10	16	3
84	84	6
93	112	1
15	16	40
8	9	3
111	114	2
113	115	2
15	17	2
15	21	2
111	115	2
32	33	2
30	39	2
106	113	2
93	93	24
22	23	9
73	73	26
75	80	6
29	44	1
117	118	3
73	75	1
91	99	4
81	82	3
30	33	1
84	85	9
27	31	1
57	63	4
99	102	2
79	87	7
11	14	1
82	85	1
87	87	11
32	33	1
15	21	2
112	112	27
9	11	1
18	27	1
42	63	1
95	120	5
74	74	34
84	91	2
102	103	1
100	101	1
5	39	1
99	102	1
18	33	1
7	11	1
26	28	1
76	77	7
47	63	1
19	29	1
44	46	2
116	120	2
17	39	1
87	88	1
113	122	3
16	21	5
27	49	3
19	20	1
101	113	2
16	22	3
41	50	2
78	91	1
29	62	3
9	11	1
98	117	2
13	13	52
24	30	1
109	111	5
114	114	8
42	51	1
5	5	28
97	98	11
61	62	4
41	43	1
51	53	2
57	60	9
116	117	11
78	79	5
22	24	1
84	91	3
113	113	42
18	64	1
39	50	3
41	50	1
78	83	1
68	69	9
95	118	1
73	74	6
31	40	1
39	111	1
4	21	1
70	118	8
42	42	9
16	17	6
47	49	1
81	83	2
59	60	3
73	86	1
56	68	1
55	55	2
4	5	7
101	115	2
60	86	2
61	62	1
104	105	1
27	27	32
66	92	1
115	117	2
101	111	4
52	52	9
34	119	1
55	56	1
45	46	2
105	105	41
36	40	2
106	106	17
68	69	2
110	110	38
17	29	1
24	38	1
118	122	3
75	76	12
94	95	1
5	5	14
51	52	3
5	6	2
9	26	3
22	93	1
113	114	2
86	86	5
41	51	1
14	18	1
