48	48	2
9	46	1
36	37	1
59	60	1
47	47	1
11	12	1
3	9	1
20	20	1
55	55	2
27	27	5
8	10	1
26	26	2
17	18	1
21	21	1
10	10	1
45	46	1
35	35	4
35	35	1
16	16	1
33	33	3
5	10	1
13	13	4
33	42	1
31	32	1
16	16	2
57	57	1
15	15	2
38	38	3
57	57	1
36	36	1
60	60	2
18	24	1
13	14	1
55	56	1
16	17	1
21	22	1
27	31	1
47	47	1
34	34	1
58	58	3
33	33	1
57	60	1
54	55	1
29	32	1
41	41	2
12	14	1
7	15	1
14	14	2
24	26	1
49	50	1
14	18	1
29	29	3
57	57	1
44	47	1
28	28	1
43	47	1
11	25	1
44	44	4
16	16	1
12	12	1
27	27	1
3	3	2
21	31	1
47	47	1
45	46	1
20	20	2
5	5	2
20	34	1
3	5	1
42	43	1
15	22	1
11	25	1
49	49	2
40	60	1
18	18	1
56	56	1
25	25	2
35	35	1
31	32	1
59	59	4
30	31	2
34	34	1
45	45	1
53	55	1
10	10	2
51	51	1
11	47	1
49	50	1
5	5	2
49	49	3
28	28	1
56	56	1
30	30	1
10	10	3
35	35	1
12	12	1
33	33	1
60	60	7
31	31	2
58	59	1
9	9	1
58	58	3
16	16	5
16	17	1
32	32	2
49	59	1
13	13	1
17	20	1
53	53	2
12	12	1
4	4	2
27	31	1
7	12	1
52	58	1
27	27	1
28	28	1
60	61	1
41	41	3
11	48	1
10	10	1
48	48	1
54	55	1
21	36	1
32	32	2
50	50	1
49	49	2
10	10	1
19	27	1
15	31	1
21	21	1
29	29	1
32	37	1
18	25	1
45	45	2
27	30	2
36	37	1
21	21	1
7	14	1
14	20	2
55	57	1
36	50	3
29	29	2
49	49	1
36	36	1
56	56	3
7	7	1
25	25	2
19	31	1
31	31	1
54	54	1
50	52	1
32	45	1
12	22	1
24	24	1
51	51	1
56	56	1
13	13	5
42	42	1
49	51	1
19	19	3
40	40	5
30	33	1
8	27	1
38	38	2
16	18	2
60	60	6
37	37	1
29	30	1
44	44	4
49	51	1
26	27	1
31	31	1
12	17	1
17	19	1
7	7	1
34	34	2
12	14	2
32	32	2
14	25	1
10	10	4
51	51	1
14	25	1
53	53	2
53	59	1
19	19	1
29	34	1
13	14	2
24	36	1
20	20	2
42	44	1
17	17	5
45	46	1
6	6	1
37	51	1
3	10	1
14	16	1
58	58	2
47	47	1
14	25	5
41	41	1
30	32	2
22	22	3
5	5	1
14	14	1
48	48	1
35	35	2
12	14	1
34	34	1
39	41	1
47	47	1
28	28	1
46	46	2
54	54	5
30	30	1
56	56	3
31	32	1
13	31	1
52	52	1
36	40	1
3	11	1
15	15	2
19	19	1
21	24	1
12	15	1
19	19	2
57	57	2
19	21	1
39	40	2
60	60	2
41	41	1
31	31	1
58	58	1
37	38	1
55	55	3
16	37	1
6	10	1
21	23	1
37	37	1
49	49	2
45	45	1
57	57	1
31	31	1
60	60	2
18	18	6
49	59	1
22	22	2
4	4	1
37	37	2
60	60	1
17	24	1
29	29	1
16	16	6
24	59	1
23	23	4
17	35	1
45	45	1
27	27	3
50	50	1
10	46	1
9	9	1
17	23	1
50	50	1
55	55	1
52	52	2
52	52	3
25	25	4
5	6	1
58	58	1
11	12	1
23	23	4
51	52	2
3	3	3
10	10	1
59	59	2
36	36	1
61	61	4
14	18	2
31	31	3
45	46	1
12	36	1
14	15	1
57	57	6
32	49	2
54	54	1
3	3	1
60	60	1
45	45	4
26	27	1
21	21	1
47	47	1
12	15	1
54	54	1
20	20	1
18	18	4
6	6	1
53	53	2
30	60	1
26	26	2
27	33	1
44	44	1
24	24	2
4	5	1
25	25	3
25	25	2
50	50	3
12	36	1
30	32	1
7	7	2
24	24	2
59	59	1
50	50	4
16	16	2
9	9	2
46	46	1
30	34	1
4	6	1
16	18	1
23	23	5
56	58	1
58	60	1
5	5	1
39	39	1
23	24	1
50	50	1
35	35	4
31	49	1
56	56	2
30	30	3
12	12	6
43	43	6
49	49	2
31	50	1
10	48	1
31	48	1
38	38	2
32	32	1
14	14	2
43	43	2
58	61	1
57	58	1
11	11	1
14	22	1
32	32	2
10	10	1
52	52	1
53	53	2
24	44	1
43	44	1
32	33	1
21	22	1
13	18	8
21	21	1
60	60	6
21	21	3
58	60	2
35	36	1
19	61	1
15	17	1
31	32	1
11	11	3
37	38	1
12	12	5
31	33	1
36	37	1
20	41	1
15	29	1
23	23	3
16	16	1
12	29	1
16	16	1
6	6	1
14	15	1
36	38	1
34	34	1
37	37	1
35	41	1
40	41	1
35	47	1
30	30	2
12	31	1
15	15	8
58	58	2
53	53	2
3	9	1
17	17	1
27	32	2
11	11	1
48	48	3
30	32	1
42	42	2
25	31	3
57	57	3
14	14	1
5	5	1
37	37	2
18	19	1
25	26	1
42	42	4
15	15	2
15	24	1
27	27	3
40	40	4
36	36	2
37	41	1
50	54	1
34	34	1
32	33	1
58	60	1
26	27	1
