50	60	1
146	147	3
88	95	3
169	171	2
121	129	2
153	153	7
141	157	6
103	104	2
61	64	1
131	157	1
29	29	1
139	151	15
166	166	14
60	65	1
116	117	11
122	122	20
69	83	1
126	129	3
3	68	1
118	118	2
141	145	1
106	135	2
166	170	1
138	165	3
32	33	1
115	115	2
91	92	1
106	122	1
127	140	3
44	49	2
8	8	9
124	125	3
143	145	2
79	80	1
38	38	12
146	152	3
13	14	5
46	51	1
171	171	1
104	106	1
129	129	7
14	21	3
152	153	1
88	96	4
165	165	15
33	33	15
131	132	1
4	6	1
136	136	2
65	69	1
48	53	5
108	109	1
57	60	7
139	155	1
112	113	2
160	160	5
48	50	6
90	90	26
116	129	1
40	43	3
46	67	4
61	85	2
41	56	1
179	180	1
25	34	1
147	147	1
109	113	3
23	40	1
119	119	15
5	6	1
108	111	2
76	118	1
145	145	8
63	65	1
93	94	2
150	154	1
126	126	24
49	50	6
60	66	1
125	125	1
19	20	3
93	94	1
159	178	1
25	25	3
128	128	13
173	174	1
20	21	3
105	108	6
3	4	4
67	67	29
116	118	2
10	49	1
133	139	2
94	121	1
44	56	1
139	151	1
50	68	2
21	24	2
75	76	6
129	166	7
44	49	1
150	154	3
168	169	2
127	132	1
87	87	2
148	153	2
149	149	16
124	124	3
102	105	1
167	170	1
106	133	1
12	14	2
108	121	1
122	122	3
43	62	1
124	136	1
18	21	2
139	142	3
30	84	3
76	77	1
107	107	15
147	151	1
56	59	1
120	121	6
94	141	1
33	35	1
68	69	5
30	69	2
109	111	1
131	131	1
53	70	3
113	118	4
83	84	1
149	154	2
174	178	1
115	116	3
17	68	1
173	180	3
174	174	6
157	157	13
118	118	4
75	78	1
107	108	8
59	78	1
38	43	1
52	53	1
24	28	3
123	127	1
104	104	5
92	103	3
110	110	4
75	76	1
113	113	9
116	117	3
11	27	1
131	145	1
34	133	3
16	42	1
108	111	6
76	76	3
102	104	4
159	173	2
14	14	5
34	133	1
49	50	6
139	140	1
137	143	2
34	58	1
39	46	1
73	112	1
79	138	1
129	131	3
119	120	4
107	109	8
124	147	2
128	167	2
131	140	1
38	42	1
51	54	3
158	159	1
75	77	2
112	118	3
69	70	6
149	149	1
35	37	2
9	12	2
179	179	6
118	133	1
19	21	3
114	116	1
72	74	5
19	19	16
142	149	1
129	130	8
73	79	5
4	69	1
140	140	28
45	45	5
11	26	2
58	66	1
21	104	2
25	33	5
137	141	2
69	86	1
99	116	1
147	154	2
142	142	40
59	59	17
89	171	1
129	130	5
148	154	1
17	19	2
48	91	1
14	16	4
146	146	24
41	61	2
130	131	1
85	86	6
10	10	5
39	39	3
41	43	1
76	76	4
160	161	2
152	165	1
91	125	2
126	128	1
15	45	7
10	10	3
72	73	2
174	178	1
65	84	3
32	130	1
159	171	2
132	135	1
146	152	4
69	72	3
138	141	1
177	177	17
127	134	1
164	167	1
125	127	4
107	111	1
96	108	4
48	53	4
178	180	1
135	137	1
58	58	11
63	66	2
16	16	3
96	120	2
50	50	47
92	96	2
105	107	1
46	47	1
147	147	3
46	47	2
23	24	3
55	58	4
106	109	1
21	104	3
79	81	1
128	169	2
59	59	6
15	17	4
127	127	29
15	43	1
61	63	3
43	43	23
66	69	1
50	70	1
147	150	4
173	179	4
88	88	1
91	95	4
137	141	2
128	128	3
153	164	1
76	79	4
124	136	7
89	91	2
32	131	1
151	154	2
155	160	1
79	132	1
60	61	1
89	120	1
43	43	1
105	105	6
160	168	1
56	83	2
114	118	1
132	132	11
128	133	1
144	148	11
6	19	1
48	52	2
135	136	2
37	112	1
158	158	17
143	146	1
104	134	1
107	110	1
51	55	4
17	17	29
146	158	1
70	72	1
40	41	2
109	136	1
148	150	3
43	49	2
154	162	2
131	135	1
99	100	2
17	19	1
5	19	2
52	52	1
46	61	5
27	29	1
98	117	1
135	140	3
107	110	5
44	45	4
4	15	1
38	38	3
150	163	2
13	60	2
141	142	6
11	12	1
114	114	10
92	95	1
39	41	1
88	96	2
25	29	1
12	17	2
131	136	1
85	86	2
41	54	2
6	8	3
137	143	1
146	151	1
118	135	4
164	164	3
116	116	12
159	159	18
77	85	1
129	164	1
144	147	1
62	69	1
85	88	1
14	15	3
150	150	2
60	83	1
81	82	2
102	103	5
7	31	3
15	15	1
52	73	3
65	74	2
73	77	11
24	40	3
170	178	3
156	157	4
40	73	1
68	73	2
171	172	2
145	147	3
36	83	1
157	177	2
99	99	4
6	70	5
167	168	2
90	121	1
77	82	1
44	46	1
24	25	2
57	61	1
131	132	1
3	5	1
112	116	4
4	6	3
15	45	1
18	39	1
104	105	8
31	39	1
68	68	22
42	51	1
22	27	2
52	56	1
177	179	1
126	146	1
139	140	1
107	113	1
58	60	6
99	100	7
63	63	29
77	79	2
73	79	2
40	41	1
53	68	5
40	40	3
94	96	2
122	125	1
34	35	1
40	51	1
58	65	1
112	113	2
140	142	11
107	136	1
46	46	3
110	132	1
27	31	1
89	92	2
65	66	3
124	169	2
15	16	2
80	80	3
160	161	1
29	84	1
91	91	16
48	49	8
15	58	1
8	8	1
125	126	1
132	133	1
126	126	23
38	52	1
49	49	9
137	167	2
126	133	1
3	5	1
113	114	2
106	107	7
78	79	1
18	19	1
87	87	8
130	135	1
109	109	8
154	164	1
101	102	2
139	142	3
115	134	2
31	87	2
178	178	6
53	54	1
16	19	2
131	131	2
59	59	4
138	143	5
163	178	1
62	63	2
12	15	2
44	45	12
85	86	2
109	110	4
92	93	1
37	83	1
140	167	1
64	65	1
39	40	3
69	70	11
97	98	1
138	138	4
141	143	1
133	135	7
47	48	2
140	141	1
141	148	1
16	17	7
68	71	2
114	115	1
129	137	1
25	28	2
89	89	2
76	95	8
124	130	1
61	67	1
38	38	2
3	18	1
107	111	4
123	126	8
114	114	3
35	36	8
154	162	2
157	159	2
59	60	7
66	85	1
153	162	1
113	117	1
14	41	1
132	136	1
106	107	5
76	76	1
65	68	1
4	18	1
95	98	1
126	140	1
107	110	3
158	162	1
134	143	2
124	149	1
144	147	2
102	102	1
58	65	1
34	34	36
47	57	3
154	155	1
109	111	1
82	83	5
107	111	2
9	45	1
5	20	1
10	10	6
85	88	1
79	79	29
151	162	6
74	149	1
90	90	11
162	162	4
14	42	1
76	83	1
114	114	2
143	145	5
63	65	5
130	145	4
30	30	1
7	7	25
163	164	1
90	93	2
12	40	3
99	99	4
66	74	1
48	96	1
64	82	1
178	180	1
113	135	1
148	149	1
6	49	1
153	160	1
125	127	1
113	174	1
34	131	2
171	174	2
160	179	1
83	83	9
65	74	1
136	136	5
39	42	1
105	109	1
112	119	3
167	167	2
127	135	4
78	79	2
29	33	1
78	81	1
48	48	23
98	99	1
63	90	3
90	91	2
73	74	2
10	27	1
164	167	1
22	23	1
128	134	1
110	140	1
147	152	3
114	118	1
17	43	1
113	113	13
153	153	14
173	173	8
170	170	13
165	166	1
137	142	1
39	46	1
108	119	3
102	103	5
100	105	1
61	64	1
54	60	1
73	74	1
136	136	19
135	135	9
133	134	2
24	31	1
96	115	3
123	126	1
46	57	3
157	181	1
9	49	1
101	103	7
47	61	9
77	116	3
164	164	12
63	64	5
59	60	3
135	136	1
73	99	2
154	167	1
144	150	1
14	14	37
37	44	1
20	40	3
89	96	3
3	3	2
22	23	12
171	173	1
65	74	4
83	83	9
50	69	11
178	181	2
27	27	2
147	151	2
35	40	4
125	130	1
141	150	1
82	82	2
107	111	3
157	157	3
145	145	30
121	126	2
180	181	1
21	29	1
4	39	2
99	102	1
142	146	2
140	142	1
83	84	2
21	23	1
158	160	1
94	94	5
101	103	1
21	24	1
41	66	4
106	111	1
38	39	1
157	179	1
49	91	1
46	66	4
108	113	2
13	13	4
145	145	4
130	142	1
94	100	2
49	89	1
62	85	2
153	164	1
25	25	11
146	151	1
61	85	3
101	104	2
70	71	2
37	83	2
71	72	9
39	39	3
174	178	3
77	78	1
4	4	41
57	58	2
149	151	2
114	117	3
144	144	4
110	110	8
105	105	4
37	37	13
168	172	1
77	95	3
98	108	1
46	163	1
155	155	1
165	166	5
113	130	1
142	144	3
114	135	1
49	50	5
88	95	1
70	72	9
87	87	3
127	145	1
55	60	2
52	77	1
132	132	4
44	60	1
4	5	4
125	166	5
171	179	1
31	33	2
33	87	1
74	80	1
73	77	2
57	58	3
138	150	1
21	21	7
44	44	6
158	158	19
21	21	13
58	61	2
166	166	13
161	161	4
