87	89	1
81	81	7
23	25	1
7	8	7
33	35	4
44	44	1
16	43	8
63	67	1
13	16	2
4	4	1
64	64	7
93	95	1
47	47	1
86	86	7
77	80	1
57	60	2
73	74	1
43	45	5
18	21	1
43	72	5
50	50	14
49	49	7
81	86	1
34	36	4
75	87	1
9	9	14
6	7	23
25	38	1
68	69	4
75	84	1
47	64	1
40	61	2
11	11	19
75	75	1
70	72	2
45	53	1
31	62	1
25	26	3
10	12	1
19	20	2
47	48	3
85	92	1
9	12	1
52	88	1
84	90	1
15	15	12
3	3	1
28	43	4
40	46	2
63	76	1
29	29	1
37	38	2
40	61	2
55	67	1
71	82	1
39	40	3
84	84	9
84	93	4
72	73	10
52	54	1
70	73	2
94	94	27
54	69	2
50	59	1
56	57	1
19	27	2
97	98	1
46	47	1
68	69	1
13	14	2
33	37	1
65	67	1
40	67	1
66	67	6
40	43	1
50	67	1
14	19	1
14	15	3
64	73	1
54	66	2
51	64	1
97	97	9
66	66	14
65	67	1
67	85	1
73	80	1
84	84	1
40	40	1
52	62	1
49	51	1
47	49	7
12	12	2
50	50	2
73	73	20
50	51	1
83	83	9
67	80	1
78	79	3
50	67	1
23	23	1
27	29	2
12	14	1
26	43	3
73	73	4
61	63	1
54	68	1
11	11	2
74	75	2
65	67	1
42	42	7
29	62	1
6	6	7
9	10	1
48	50	3
39	40	5
42	43	1
84	90	1
28	36	1
80	82	2
79	92	1
58	78	4
53	54	2
31	60	4
28	43	1
6	7	8
53	53	2
47	49	1
18	18	3
54	57	1
24	25	1
76	81	1
28	30	1
26	36	1
39	41	1
41	75	4
58	79	1
36	44	1
78	89	1
34	36	4
47	51	1
58	61	6
4	6	1
57	85	1
30	42	3
67	67	6
55	55	1
15	16	5
66	76	1
65	69	1
11	14	1
69	70	5
70	73	1
59	62	1
54	72	4
63	63	12
11	14	1
66	72	1
22	23	2
39	61	3
43	43	3
26	28	2
19	20	1
30	31	1
88	88	30
33	87	2
35	36	1
70	71	1
65	75	2
28	29	1
31	33	3
79	85	1
45	46	1
65	78	1
97	97	1
40	72	1
57	57	15
55	56	2
14	16	1
85	91	1
43	68	1
28	72	1
8	8	6
50	54	1
21	22	1
50	85	1
83	93	3
88	89	7
5	5	1
93	94	1
52	61	1
23	23	10
5	5	3
29	30	1
9	11	1
7	11	1
90	90	1
57	64	2
72	72	1
56	56	6
59	60	1
49	80	1
8	8	4
65	68	2
32	33	2
71	96	1
25	26	3
85	87	1
50	57	3
70	72	2
67	79	1
76	88	1
85	88	5
14	15	1
79	84	1
76	76	3
9	11	3
55	57	1
25	25	20
48	50	4
84	85	7
34	35	2
62	68	1
82	83	1
44	84	1
31	31	10
25	25	1
4	7	3
8	14	1
49	51	2
20	20	11
91	91	10
89	89	3
88	89	1
42	95	1
94	96	6
14	16	2
69	70	2
76	81	1
57	58	4
75	78	4
7	7	1
81	84	2
70	71	1
7	10	3
13	13	2
34	88	2
39	43	2
6	7	2
8	9	3
54	74	1
3	48	1
19	21	1
55	61	1
46	49	2
48	57	1
55	57	2
65	66	1
87	92	1
33	89	1
11	14	1
9	9	3
26	30	1
49	49	3
48	48	1
84	84	5
19	19	3
67	72	2
27	34	1
15	16	4
27	29	4
40	42	11
71	77	2
11	12	11
92	93	2
94	96	2
58	66	1
28	39	1
63	66	2
53	58	2
58	79	1
61	66	4
87	93	1
22	23	1
46	48	1
22	31	1
94	94	40
54	72	1
68	69	1
49	77	1
31	32	1
52	55	1
27	28	2
39	40	1
95	95	2
21	27	2
62	67	3
50	51	1
53	53	10
19	20	1
49	51	1
32	32	6
76	78	1
13	14	1
51	51	4
52	58	5
7	9	1
83	87	3
50	56	4
44	45	1
41	42	3
32	32	2
27	34	1
88	89	1
46	83	1
16	17	1
31	31	17
71	75	1
14	14	3
44	50	3
26	28	3
47	78	1
54	74	1
9	15	1
51	68	1
23	33	1
95	95	2
89	89	16
66	67	6
40	40	1
58	58	1
51	52	1
23	31	4
67	74	1
74	75	1
39	43	5
4	4	5
52	53	2
20	20	4
96	96	6
61	79	1
9	9	1
57	57	5
45	71	1
86	87	3
62	65	1
45	49	1
48	54	8
52	54	3
95	97	1
48	51	1
54	76	1
78	81	1
28	29	1
71	74	2
65	67	2
46	47	2
8	10	2
49	53	1
79	92	2
85	93	1
48	49	1
77	78	2
72	73	1
43	43	15
55	61	1
41	41	22
51	66	1
45	72	1
11	13	2
29	56	1
66	67	2
89	90	3
50	64	1
52	53	2
4	4	3
67	67	1
41	64	1
43	72	1
5	5	3
21	21	14
5	6	1
39	42	1
54	77	2
83	93	2
76	80	1
73	73	19
71	73	1
36	37	1
23	31	1
23	23	1
35	35	5
11	98	2
36	41	1
87	90	1
78	89	1
33	50	3
95	96	2
24	24	3
94	95	1
28	42	1
77	82	1
47	59	6
70	74	1
83	94	1
60	60	4
7	9	1
81	83	1
81	82	1
15	60	1
10	13	2
13	13	5
76	92	6
61	66	1
52	65	2
48	55	1
67	67	12
47	47	13
86	89	1
36	39	2
29	31	1
38	57	1
26	45	1
36	42	2
34	35	1
36	38	1
81	84	1
67	78	2
49	71	1
92	98	1
26	26	1
47	50	2
79	84	1
16	17	1
40	62	1
63	69	1
40	43	1
82	85	2
83	83	5
10	12	1
9	9	1
82	82	12
32	61	1
17	17	1
49	54	1
53	55	4
63	77	2
87	93	1
64	68	1
87	88	1
64	78	2
71	71	2
57	57	5
74	76	1
83	86	1
56	57	3
62	67	2
78	81	1
62	63	4
52	54	1
63	63	8
46	47	2
29	30	3
46	54	1
29	30	2
67	68	1
4	5	1
13	13	8
9	47	1
40	64	1
35	37	1
67	73	2
52	57	1
46	47	1
65	69	2
77	86	1
44	86	1
85	86	1
40	43	1
65	77	1
48	49	1
52	53	2
75	76	1
95	95	2
55	74	1
17	17	4
69	70	2
77	77	10
27	39	1
3	4	4
71	71	2
45	46	1
43	45	1
28	43	2
96	98	2
17	20	1
87	90	2
76	76	10
54	55	3
85	85	11
25	43	1
80	86	7
35	42	1
43	43	20
7	14	1
62	65	1
41	41	1
44	44	2
58	58	2
50	95	2
28	90	1
88	90	1
7	10	2
77	90	1
75	80	2
