6	6	2
62	62	2
70	73	1
78	78	1
89	89	1
67	67	2
64	64	2
60	60	2
73	74	1
51	51	1
66	66	1
4	4	5
58	58	1
60	60	4
85	85	1
4	4	1
37	37	2
30	30	4
30	30	1
83	84	1
20	20	1
6	8	1
39	39	1
24	25	1
64	64	1
48	48	2
39	39	1
18	18	3
39	39	4
49	51	1
46	47	2
33	33	1
62	62	1
36	36	1
82	82	1
15	16	1
30	30	1
52	52	1
30	31	1
61	63	1
17	19	2
34	43	1
13	13	2
86	87	1
24	24	1
11	11	1
6	6	2
49	50	1
40	40	1
6	7	1
26	27	1
47	47	2
89	89	1
5	8	1
56	57	2
54	54	3
33	33	3
16	51	1
26	28	1
69	69	3
24	24	1
19	19	1
8	9	2
13	44	1
26	55	1
89	89	1
51	51	2
66	66	1
50	50	1
68	90	1
48	48	3
71	73	1
45	45	1
52	52	1
63	63	1
76	76	2
88	88	1
81	81	7
31	54	1
45	46	1
23	23	1
79	79	17
17	17	1
12	12	1
39	42	1
54	57	1
78	78	1
31	34	1
59	62	1
4	4	2
30	30	8
65	65	3
31	31	3
72	72	2
41	41	1
76	76	1
28	32	1
6	6	1
53	53	1
12	12	2
50	50	1
42	42	1
70	70	2
78	79	1
29	29	3
25	25	1
83	83	1
58	58	1
50	50	2
10	10	1
73	87	1
24	24	2
87	87	6
44	44	4
43	43	2
83	83	1
36	36	1
29	42	1
38	38	1
70	70	1
51	69	1
80	80	1
71	72	1
34	34	2
23	59	1
3	3	1
16	42	1
14	16	1
71	71	13
37	37	1
23	23	6
11	11	1
58	59	1
16	71	1
48	55	6
54	54	4
84	86	2
59	59	2
70	73	1
36	37	1
19	45	1
29	29	1
32	33	1
73	86	1
85	85	1
12	12	1
57	62	1
34	35	1
44	44	1
24	25	1
32	33	1
13	18	1
30	31	2
62	64	1
82	82	5
74	74	5
69	70	1
26	26	1
18	18	3
42	42	2
55	55	1
68	68	1
81	81	3
52	52	3
61	61	5
50	50	2
14	14	5
10	18	1
46	47	1
82	82	1
86	86	2
57	58	1
78	78	2
42	42	1
55	55	6
36	38	1
55	55	2
83	85	1
61	62	1
70	70	2
7	7	1
33	36	2
22	22	5
71	71	2
69	73	1
45	45	2
85	85	2
11	12	2
13	14	2
33	33	2
52	53	1
84	85	1
35	42	2
14	14	2
30	30	1
84	84	1
72	72	1
54	55	2
64	64	1
27	27	3
35	35	2
13	13	4
86	86	5
68	70	1
47	47	1
20	20	5
73	73	1
17	17	1
39	39	1
63	63	1
31	32	1
15	15	1
10	16	1
54	54	2
28	29	1
81	81	1
35	35	2
32	32	2
4	4	1
35	35	7
26	26	3
8	8	7
67	67	2
49	49	1
19	20	1
70	72	1
31	31	1
64	64	2
87	87	1
49	49	2
22	22	1
38	38	2
44	48	1
13	57	1
53	57	1
56	56	3
55	55	1
53	53	2
31	31	1
13	13	4
61	61	1
53	54	1
23	28	1
18	19	1
31	33	1
43	44	2
33	34	1
82	82	4
13	13	4
33	33	4
16	21	1
27	28	1
44	48	1
19	19	3
27	33	2
22	22	2
55	55	6
54	90	2
63	63	1
86	88	1
26	29	2
34	34	4
15	16	1
65	66	1
56	56	3
24	24	3
71	71	3
3	3	2
49	49	1
18	19	1
77	77	1
16	16	2
86	87	1
63	63	1
57	57	2
77	80	2
41	41	1
29	30	2
54	55	1
68	68	1
30	33	1
19	19	1
65	65	4
67	67	1
35	35	2
21	21	3
59	59	1
85	85	1
54	60	1
43	44	1
77	77	2
9	10	1
81	81	3
11	12	1
53	53	1
83	83	1
25	27	1
79	79	5
62	62	1
76	76	2
46	46	4
13	13	1
64	64	4
28	28	1
33	34	1
21	48	1
45	47	1
15	16	1
71	72	3
16	46	1
17	17	2
71	72	1
60	61	1
64	65	1
74	74	5
70	71	1
16	16	3
45	48	1
56	57	1
58	58	2
77	77	1
34	78	1
16	16	1
73	73	1
53	54	1
7	7	1
22	22	6
33	33	4
44	44	1
30	30	5
34	42	1
31	32	2
70	70	1
56	56	1
59	59	2
85	86	2
23	23	1
19	19	1
47	47	1
15	15	2
83	83	3
73	73	2
9	10	2
53	53	2
21	23	1
82	82	2
65	68	1
67	67	2
65	65	2
63	63	4
46	46	3
77	79	1
85	85	1
80	80	5
4	6	3
52	53	1
10	11	1
78	78	2
26	26	1
54	55	4
26	26	3
25	25	2
27	27	3
27	58	1
87	88	1
11	11	1
82	82	1
79	79	2
47	47	2
13	16	1
56	59	2
28	28	2
53	74	1
30	34	1
7	7	2
87	87	1
36	36	2
12	12	2
44	46	1
33	42	1
48	49	7
15	16	1
32	34	1
7	7	4
51	51	1
33	33	1
14	18	2
12	12	2
49	52	1
52	52	1
33	34	1
53	58	1
72	72	2
54	54	3
27	27	2
38	38	2
49	55	2
76	76	1
36	36	1
43	43	7
19	20	1
54	54	1
30	32	1
28	28	3
28	28	1
67	68	1
37	37	1
24	24	2
25	27	1
31	79	1
17	17	1
66	67	1
86	86	1
34	34	2
36	36	1
69	69	2
41	41	1
6	8	1
11	11	2
68	90	1
8	8	1
79	81	1
32	32	1
36	58	1
75	76	1
45	69	1
57	57	1
87	88	2
55	55	4
14	16	1
14	18	1
5	5	2
21	21	1
24	25	2
50	50	1
13	13	11
76	77	1
4	6	1
12	12	2
59	59	3
55	57	1
81	81	1
67	69	1
40	40	3
10	13	1
6	6	1
8	8	1
3	3	3
43	43	1
56	56	2
12	22	1
52	52	1
24	25	1
71	71	6
71	72	1
84	84	1
34	34	2
55	56	1
44	44	1
37	38	1
34	34	3
83	83	1
29	29	5
13	13	1
14	16	1
47	47	3
38	38	3
48	48	3
3	5	1
11	11	1
40	40	1
11	13	1
15	16	1
9	9	1
44	46	1
25	27	1
45	45	2
73	73	2
71	72	1
7	8	1
68	68	1
24	24	3
28	29	1
55	57	1
41	43	1
44	44	3
30	31	6
32	32	1
78	79	1
61	61	1
18	18	1
77	77	2
11	15	1
22	22	1
31	31	3
22	23	1
80	82	1
61	61	4
21	21	1
18	18	5
86	87	1
28	28	2
48	49	4
74	74	3
65	65	1
17	18	1
49	49	2
84	84	2
73	73	7
74	74	1
87	87	1
79	79	2
63	64	1
76	76	2
23	24	1
59	60	1
88	89	1
10	10	7
4	4	2
68	68	2
39	40	1
49	49	2
49	49	1
51	51	1
54	54	7
29	33	2
49	49	1
65	66	1
26	27	1
61	61	1
83	83	2
66	66	2
7	9	1
84	84	2
33	35	1
6	7	1
10	13	1
70	70	3
65	65	2
72	86	1
9	10	1
72	72	3
20	21	2
6	44	3
37	40	1
45	69	2
54	57	1
44	46	1
17	17	1
86	88	1
32	32	2
27	28	1
17	17	7
44	44	1
78	79	2
29	33	1
84	84	1
28	31	1
24	24	1
66	66	1
36	36	3
69	69	1
36	36	2
15	15	1
21	21	13
82	83	1
41	43	1
22	24	1
24	24	6
75	75	3
61	61	2
49	49	1
31	31	1
59	59	3
80	82	2
70	70	2
5	6	1
62	62	2
72	72	3
57	57	5
3	4	4
81	81	1
32	32	7
66	66	4
34	34	2
43	43	1
3	6	1
34	36	1
86	86	3
57	57	2
78	78	2
38	42	1
11	12	1
4	7	1
69	69	1
84	84	1
45	46	1
72	86	1
54	54	1
20	21	1
20	20	4
61	62	1
10	10	2
16	16	3
12	17	1
8	10	1
28	29	2
