70	73	2
51	52	1
43	43	9
99	100	5
91	92	1
9	9	2
64	65	1
13	13	25
92	92	1
70	71	4
30	31	2
8	8	2
17	18	1
34	35	2
81	81	19
26	27	1
120	120	20
108	108	3
79	79	1
55	55	10
35	36	1
118	118	30
81	81	5
110	110	50
14	30	1
94	95	1
15	16	2
101	101	2
55	55	1
84	98	1
59	60	1
97	97	1
83	83	13
44	44	1
97	98	1
117	117	15
73	74	2
13	13	2
36	36	6
90	90	23
97	98	1
9	9	27
119	119	3
48	48	6
62	62	9
107	109	2
91	93	1
103	103	32
60	61	1
102	110	2
119	119	1
59	61	1
26	29	2
34	34	1
107	109	7
26	27	9
63	63	2
47	48	3
93	95	1
62	64	1
111	112	1
88	88	4
106	107	1
63	63	1
55	55	1
69	69	1
38	105	1
47	47	1
90	91	5
93	96	1
67	67	22
107	108	2
84	84	6
99	99	3
82	83	1
43	43	10
29	34	3
52	53	1
94	96	1
63	63	2
112	113	1
70	72	1
62	62	3
47	47	27
99	99	5
58	58	23
39	39	15
106	106	27
51	51	4
49	113	1
96	97	1
108	109	1
105	109	1
67	67	23
64	66	2
50	51	1
8	8	25
94	96	2
97	98	2
95	96	2
39	40	1
46	47	1
53	53	1
52	96	3
31	31	10
96	96	3
120	120	2
16	16	27
66	97	1
33	33	14
118	118	17
114	114	17
102	102	12
81	81	22
97	97	10
35	35	1
109	109	15
59	59	3
50	50	2
99	114	1
57	57	7
90	90	30
85	86	2
112	114	1
67	69	1
86	87	1
80	80	1
13	13	4
38	39	1
67	68	1
77	77	2
26	27	3
16	16	13
71	74	1
35	36	1
57	59	2
65	66	1
40	41	3
71	71	24
31	32	5
48	48	17
92	92	21
51	51	6
4	4	2
50	61	1
60	60	10
51	51	1
115	115	1
99	99	20
101	101	18
15	15	2
52	52	26
34	34	23
115	115	15
113	113	27
55	55	11
60	60	2
49	50	1
78	78	8
39	39	11
61	64	1
65	65	27
108	108	23
64	65	1
119	120	2
61	62	2
74	74	22
49	50	1
27	28	1
14	14	11
51	52	1
69	69	2
75	76	8
104	104	3
45	45	2
113	114	1
67	67	10
93	93	1
99	99	1
41	41	23
29	29	35
44	45	1
119	119	2
12	33	2
63	64	3
102	102	7
95	98	1
82	82	9
15	15	3
6	6	9
97	98	3
90	91	6
49	49	2
61	62	1
59	59	12
56	57	4
44	44	13
116	116	1
109	110	2
69	71	2
36	37	3
110	110	7
27	29	1
36	37	2
42	43	1
53	65	3
92	93	1
112	112	30
71	72	2
67	67	1
38	78	1
71	79	1
41	41	13
93	94	3
120	120	2
82	82	1
77	78	2
86	86	17
90	90	1
103	103	14
30	30	32
83	83	10
100	100	1
48	48	7
25	25	23
3	3	34
27	28	1
