151	151	11
99	100	8
62	68	1
44	44	5
59	61	1
86	90	3
87	101	1
136	136	6
30	31	1
99	108	2
43	45	2
48	86	2
83	97	2
86	88	1
76	76	9
133	133	9
132	132	1
69	79	1
83	84	1
131	142	1
24	24	12
78	81	1
114	116	1
76	76	9
7	7	1
82	101	1
92	93	1
99	99	18
47	69	1
89	101	2
12	13	2
84	84	1
103	103	6
81	91	5
125	125	16
38	107	1
124	125	1
68	70	1
36	46	1
97	97	4
4	4	5
137	138	5
16	17	1
144	145	3
90	90	1
83	84	2
12	40	1
71	72	1
60	63	1
83	96	2
68	80	1
141	145	2
42	44	3
56	69	1
5	7	2
49	51	2
39	39	4
122	122	8
46	47	4
127	132	2
144	145	4
96	97	2
98	99	4
79	90	1
75	76	1
6	8	1
81	82	2
111	111	6
79	88	2
44	47	1
60	68	1
40	41	2
131	131	10
89	102	3
80	86	1
63	64	5
110	110	1
46	82	1
45	91	6
138	146	1
49	51	3
13	13	5
64	65	3
83	85	3
66	73	3
102	104	1
109	137	1
71	105	1
90	136	2
23	23	1
101	101	2
57	59	1
18	19	1
81	99	4
22	22	8
104	104	8
75	76	1
101	102	2
136	136	2
99	114	1
63	90	1
121	128	1
65	65	1
52	53	1
48	138	1
3	5	1
148	149	2
39	46	3
67	72	2
56	69	8
88	102	1
19	19	4
109	137	2
49	49	2
111	147	1
35	64	1
21	22	2
80	80	9
59	60	1
8	39	1
84	88	1
3	4	2
44	44	2
69	80	1
33	66	1
46	47	1
96	100	1
17	22	1
103	109	2
12	13	6
55	57	1
6	7	3
25	26	5
114	140	1
90	96	1
47	49	3
45	47	1
83	103	3
112	114	2
83	86	1
63	82	1
149	151	1
151	151	8
82	89	2
100	114	3
78	79	2
139	145	2
28	28	7
85	85	1
55	90	1
121	121	1
105	105	2
90	91	2
64	66	1
46	46	8
51	55	2
45	47	5
44	90	2
58	69	2
119	129	5
17	22	4
105	106	1
68	80	2
129	131	2
61	61	2
50	50	1
77	77	12
9	14	1
124	125	1
34	35	1
36	36	9
66	73	1
126	126	2
57	80	1
53	59	1
52	53	1
123	124	6
137	137	10
26	28	1
151	151	1
7	10	2
64	64	1
4	5	2
55	88	1
70	72	4
69	88	1
72	73	6
11	15	1
39	40	5
7	42	1
92	92	3
128	129	3
114	114	8
122	123	1
9	9	9
38	47	3
121	124	1
134	137	4
98	128	1
69	89	2
31	33	1
27	29	2
145	145	11
107	108	2
20	20	1
92	92	18
54	55	4
103	111	1
43	46	1
88	90	3
98	98	10
82	82	5
13	14	1
55	58	2
39	43	1
72	109	1
66	73	2
39	39	1
102	102	6
78	80	1
99	100	8
127	127	12
133	133	1
75	100	1
48	51	2
36	36	3
43	43	25
41	43	2
99	111	2
121	125	1
113	113	5
66	67	1
4	5	2
8	10	1
72	92	1
68	86	1
13	14	2
4	4	1
15	124	1
66	66	2
50	50	11
22	22	4
98	99	1
58	58	3
138	142	2
118	136	4
36	39	2
48	51	3
121	121	14
102	102	10
69	71	1
38	38	3
59	64	1
18	18	1
42	104	1
7	7	14
4	42	1
17	18	1
75	75	1
40	41	1
105	106	5
33	33	7
105	112	1
90	90	5
27	28	1
5	5	9
130	133	1
72	72	10
88	91	1
4	7	1
110	111	2
101	111	3
54	92	6
52	91	1
74	75	4
121	121	3
45	90	1
98	98	2
112	114	1
56	80	1
146	147	1
41	41	1
96	102	1
54	92	6
36	37	3
98	98	2
109	134	1
6	9	1
15	17	1
28	28	1
118	119	2
101	112	7
60	67	1
19	23	2
106	106	1
93	135	1
67	73	1
90	136	4
45	49	2
120	120	3
103	115	2
64	65	4
79	79	3
54	55	1
27	27	3
83	89	1
98	102	1
41	83	1
17	18	1
55	109	1
97	97	2
21	107	1
74	76	1
88	91	1
30	30	6
73	80	1
121	122	1
81	81	10
81	82	1
64	67	1
27	77	4
102	102	4
75	75	1
76	99	4
98	122	2
54	79	3
18	18	5
16	22	5
41	41	1
71	72	1
84	93	1
77	79	1
49	51	1
48	51	1
85	144	1
79	86	1
84	85	4
79	79	8
41	104	2
20	67	1
134	134	5
101	114	1
102	103	1
31	31	6
81	83	5
28	28	2
131	131	19
131	141	1
77	88	1
133	135	1
92	92	12
50	51	2
43	44	2
49	50	3
140	141	3
103	130	1
38	38	1
51	51	1
135	138	1
55	77	1
124	124	2
15	16	1
40	42	1
129	129	1
97	101	1
10	15	1
78	82	1
79	88	1
36	36	1
58	64	1
91	91	14
4	5	1
38	41	1
32	32	1
44	91	4
137	138	1
63	71	1
123	123	13
112	132	1
62	64	2
46	63	4
4	106	1
83	85	3
10	10	2
141	142	1
5	6	1
132	142	1
102	102	6
57	57	2
143	144	3
27	28	4
16	17	1
43	89	1
26	26	7
133	140	1
150	150	17
80	88	2
55	58	2
100	101	2
49	149	1
13	40	1
70	73	1
100	102	1
144	144	2
147	147	1
61	79	2
57	87	2
104	109	1
151	151	8
47	48	3
82	84	3
56	59	1
124	124	7
89	130	1
126	140	2
35	36	1
8	116	1
40	47	1
112	113	1
52	66	2
57	68	1
89	103	1
118	150	1
57	81	3
79	89	1
146	146	1
76	79	3
39	41	1
122	123	4
7	40	1
58	67	1
124	126	3
103	103	3
82	88	2
55	58	1
47	63	4
71	88	1
131	141	1
126	133	1
48	109	1
145	145	1
53	54	4
77	77	30
87	91	1
99	101	2
52	52	6
90	92	1
59	59	1
134	137	3
90	91	9
9	15	1
53	56	1
105	113	1
4	5	2
104	104	9
15	18	2
51	51	2
101	101	2
63	68	1
9	9	2
132	134	1
42	44	1
45	46	2
128	133	2
100	103	3
10	13	3
103	136	1
122	122	12
149	149	1
18	21	3
128	129	3
29	29	2
114	114	1
137	138	8
21	21	2
131	140	4
83	103	1
123	123	1
50	50	8
109	134	1
90	90	26
76	76	2
113	114	2
43	44	1
45	49	1
41	43	3
56	57	2
102	102	1
31	31	1
92	93	3
44	45	1
93	93	2
27	30	1
68	71	2
86	89	1
63	63	5
49	49	11
81	88	1
55	55	6
5	8	2
81	91	1
60	69	1
122	122	3
126	126	11
19	19	2
56	58	4
100	102	1
82	96	3
136	136	4
113	115	1
61	63	1
64	65	2
49	49	1
61	61	1
82	96	1
90	100	2
45	49	1
149	150	1
67	73	2
135	136	5
102	115	1
142	142	1
51	52	3
112	113	2
74	76	2
39	47	1
131	133	3
82	102	8
87	90	3
54	54	3
123	124	1
27	29	1
62	63	1
97	130	1
25	27	1
84	85	5
67	72	1
101	103	1
15	17	5
43	55	1
107	107	1
104	104	1
91	91	10
6	6	1
60	61	1
60	72	1
83	85	1
145	147	1
52	53	3
109	133	1
123	123	9
135	138	2
37	38	1
65	66	2
140	140	9
124	125	1
40	54	1
150	151	2
90	93	1
13	13	20
70	76	1
80	82	1
102	102	2
150	150	2
18	21	1
22	28	1
28	122	1
60	61	1
17	20	1
103	136	1
8	9	3
104	130	4
46	55	3
108	108	2
59	62	1
97	98	2
40	83	1
83	86	3
29	29	6
78	88	1
52	55	1
45	45	1
101	111	1
20	20	4
86	86	12
92	93	1
19	21	1
117	128	7
45	45	15
145	145	4
111	114	4
