43	45	3
35	36	3
47	74	2
54	54	8
82	87	2
86	90	1
30	32	1
52	53	1
78	80	1
86	86	27
31	32	3
76	76	6
115	119	1
103	104	3
19	21	6
18	19	5
64	65	1
32	32	19
99	100	1
27	28	1
43	47	1
61	63	4
55	55	5
57	57	3
82	87	3
63	63	16
4	7	2
105	105	3
99	110	1
83	95	1
100	101	6
53	55	1
54	54	10
14	26	4
55	64	2
41	41	10
101	103	1
69	70	2
71	71	29
56	56	21
4	32	2
75	115	1
74	74	19
14	21	1
61	62	2
103	119	1
109	109	3
20	20	37
92	92	21
29	91	1
59	64	4
91	91	27
108	112	2
103	104	7
104	105	3
104	107	1
69	72	2
109	112	1
90	92	2
60	75	1
5	102	1
105	105	30
37	38	1
22	28	2
43	45	1
6	6	2
48	94	2
49	49	3
104	105	3
11	11	1
46	47	6
19	20	1
29	30	1
69	93	1
116	116	2
93	94	1
113	120	2
87	89	2
26	95	1
19	98	1
68	75	1
55	79	1
90	98	1
14	26	1
25	28	1
44	80	2
60	65	3
93	96	1
29	33	2
42	43	1
64	65	4
51	58	3
32	91	1
78	80	5
72	73	2
94	109	3
88	89	4
43	76	1
68	69	1
43	44	2
13	14	2
80	81	1
28	47	1
85	85	33
98	99	2
106	113	7
79	79	2
109	119	1
45	45	32
95	96	1
54	54	7
61	61	20
107	107	3
85	85	1
4	5	1
72	80	1
4	7	1
99	102	1
51	51	1
75	76	2
11	11	29
89	97	1
116	116	2
95	97	3
69	73	4
99	100	2
116	116	39
24	29	1
110	110	4
36	36	42
82	82	1
15	15	38
58	58	32
116	118	2
111	119	1
13	26	1
17	17	1
103	114	1
80	85	1
118	118	38
64	117	1
70	73	1
45	76	1
72	86	1
5	7	3
7	91	1
116	118	1
95	95	1
76	79	4
32	32	2
44	46	9
89	90	3
7	7	2
82	83	1
82	119	1
85	86	1
75	79	1
81	81	3
50	50	1
8	9	1
66	67	2
15	17	1
82	119	1
90	90	2
32	34	1
70	70	3
76	78	1
37	37	38
24	25	1
82	118	4
76	76	20
12	13	1
63	63	14
104	104	2
36	85	1
14	23	1
7	8	5
79	109	1
111	111	2
87	91	1
79	118	1
45	49	2
34	36	2
111	111	3
76	80	2
88	118	1
27	27	4
69	73	2
45	47	3
18	18	3
116	117	2
119	119	2
33	36	1
13	26	2
31	49	3
3	4	3
58	74	1
33	52	1
105	114	3
78	108	1
33	39	1
70	71	3
30	30	3
9	9	1
80	85	2
88	88	2
6	10	3
58	58	5
101	102	1
87	88	1
8	42	1
23	24	1
77	77	2
12	107	1
30	113	1
111	111	5
86	119	1
22	26	1
16	16	3
44	82	2
5	5	26
109	116	1
8	10	3
114	115	3
58	58	1
60	61	2
49	87	1
43	45	1
71	83	1
98	110	1
24	24	1
80	82	5
31	31	1
115	116	1
109	111	1
31	31	31
17	17	33
11	17	1
106	108	1
4	32	1
44	79	1
6	8	3
110	110	31
25	30	1
12	16	1
117	117	59
70	117	4
24	102	1
106	118	1
88	89	2
55	55	34
10	79	1
57	96	1
106	120	1
73	76	1
106	106	27
49	55	1
116	119	1
16	90	1
52	52	10
108	115	4
115	115	2
80	83	3
21	22	2
35	91	1
19	19	23
24	24	24
87	91	1
44	74	1
26	27	1
74	74	2
72	72	3
20	21	5
25	30	1
50	86	1
76	77	3
11	12	2
47	49	1
71	87	2
79	80	2
96	106	2
89	116	1
86	87	2
31	32	3
114	116	1
21	21	34
68	74	1
81	87	2
5	6	1
76	76	5
97	107	1
35	39	2
64	76	3
107	111	1
93	95	1
78	82	1
97	109	1
42	71	2
103	107	1
88	95	1
21	26	2
15	17	2
72	73	3
50	53	1
99	99	8
92	108	4
29	30	1
82	86	2
101	102	4
79	83	1
82	86	1
42	42	5
79	79	1
54	55	1
84	92	1
83	88	1
42	46	1
29	29	2
78	82	3
102	105	3
59	74	2
40	41	1
19	21	2
56	56	3
10	10	38
64	64	10
25	26	1
83	90	1
24	24	3
3	8	3
23	59	1
70	119	1
41	42	3
40	41	2
81	81	6
94	94	2
24	29	3
108	111	1
95	97	1
90	106	1
52	54	1
104	114	2
104	104	3
70	73	1
14	28	1
14	14	1
117	117	5
100	101	2
36	36	3
75	76	1
39	39	19
6	42	2
14	14	3
59	63	1
63	63	2
7	7	1
111	118	1
87	87	19
15	16	2
29	29	5
51	53	4
78	82	1
80	80	38
34	36	2
57	58	1
84	87	1
93	98	1
73	85	1
76	84	1
62	69	1
96	102	1
96	108	1
9	10	8
106	115	1
4	5	2
111	116	2
75	76	1
34	36	6
61	61	7
52	53	2
19	19	4
104	105	3
48	48	11
10	10	1
67	72	1
75	75	6
79	79	4
90	90	7
98	100	2
37	37	1
114	117	6
3	11	1
55	55	18
6	7	2
113	114	1
106	110	2
16	18	1
110	116	1
21	21	6
21	89	1
55	56	1
113	114	6
37	38	2
114	114	24
8	9	1
23	24	2
115	115	1
7	35	2
88	88	1
113	119	2
84	85	1
18	39	1
40	54	1
16	17	1
104	105	1
39	39	16
107	107	28
112	112	1
22	22	9
99	100	1
32	34	2
38	40	1
88	93	1
103	103	1
26	28	2
82	109	3
18	99	1
83	118	1
7	8	1
60	64	1
110	112	1
85	86	1
85	85	2
80	89	1
21	22	1
83	84	1
93	93	27
79	90	1
83	96	1
110	117	4
119	119	56
104	104	35
70	71	1
83	83	28
3	5	2
113	113	2
106	108	1
5	6	1
87	94	1
27	27	6
59	60	3
100	101	4
103	103	24
96	96	2
71	73	5
74	74	37
86	93	3
102	102	2
96	107	1
7	7	8
80	82	4
115	117	1
89	89	33
32	33	3
32	109	3
97	117	3
63	63	3
19	36	1
22	23	1
69	69	1
94	95	2
73	73	6
44	47	1
109	119	3
80	82	4
115	119	2
38	105	1
23	25	1
19	111	2
13	26	7
89	89	51
7	39	3
33	34	2
99	102	1
79	106	2
109	111	2
105	113	1
10	11	1
54	59	2
36	37	1
79	82	1
81	82	2
59	71	4
72	116	1
110	111	2
60	61	2
100	101	1
30	35	3
63	64	1
42	42	19
93	93	8
9	9	3
42	47	1
59	63	3
89	90	8
114	115	2
86	118	5
80	82	2
95	95	23
89	90	1
82	118	2
29	31	1
84	93	2
77	78	1
59	60	1
68	68	4
3	8	1
44	47	5
81	82	3
44	85	2
17	17	2
99	101	1
35	94	1
35	35	20
71	72	10
109	115	1
106	108	1
75	75	1
117	117	40
72	73	1
109	111	5
111	111	14
56	57	2
111	115	2
48	94	1
60	64	1
28	31	5
111	115	1
76	78	1
115	117	1
116	119	3
119	119	35
114	117	1
12	16	4
98	98	14
88	89	2
16	17	4
74	113	1
46	46	4
71	71	1
48	48	1
108	116	1
85	87	1
56	57	1
73	74	1
29	29	12
79	85	5
46	47	1
86	87	1
77	77	7
70	72	2
3	24	2
26	27	1
71	75	1
88	88	11
41	51	2
89	89	45
15	16	1
107	107	2
10	10	2
96	98	2
118	119	2
22	28	1
37	39	3
15	15	5
80	86	1
56	56	46
106	106	29
96	96	14
89	90	1
7	8	1
58	65	1
103	103	37
109	109	21
6	32	1
16	17	1
84	86	3
106	107	2
78	109	2
42	47	1
3	5	4
29	31	1
110	118	3
39	40	1
55	58	1
70	72	1
78	112	2
28	28	1
41	54	3
86	93	3
31	35	1
109	110	3
94	94	39
15	16	3
38	38	4
118	119	3
23	23	16
62	64	2
55	56	4
70	71	2
89	95	2
22	27	3
80	86	1
91	108	1
8	8	2
79	80	1
111	113	1
109	109	7
79	82	2
59	60	3
56	58	1
35	36	1
15	15	4
21	21	27
42	43	4
85	85	1
59	71	3
60	67	3
40	41	1
9	10	1
22	23	1
111	119	1
75	79	2
16	16	40
79	80	3
91	91	5
117	117	20
38	39	2
90	95	1
14	14	12
113	116	4
113	113	2
77	78	2
84	84	1
22	26	4
41	41	3
59	59	2
95	95	16
53	53	1
70	100	1
3	6	1
34	35	1
17	17	28
76	76	21
99	100	2
88	95	1
71	75	6
80	83	4
55	55	1
114	119	1
117	117	2
64	77	1
5	15	2
21	22	5
26	26	1
117	120	1
3	7	2
44	45	1
83	83	2
90	106	1
36	37	1
61	67	1
62	62	6
21	21	6
89	90	2
108	109	1
85	85	1
115	116	6
82	87	1
65	65	2
53	53	2
112	113	2
35	35	13
99	99	4
119	120	2
90	90	29
57	60	1
79	109	1
85	85	1
76	78	1
96	106	3
34	37	5
22	28	4
51	52	1
44	78	2
48	48	1
45	45	3
36	55	1
19	20	3
88	109	2
67	75	2
26	27	2
88	88	1
116	118	4
75	76	2
90	106	4
87	89	2
109	109	1
59	59	4
69	75	2
64	68	1
40	41	1
43	109	1
95	96	8
108	117	1
23	28	1
104	106	2
15	16	7
108	111	2
90	96	1
46	47	2
84	84	2
38	39	3
109	112	1
90	98	1
8	91	1
94	99	1
87	88	3
102	107	1
28	32	1
54	55	1
79	88	3
98	108	2
6	7	5
109	110	2
10	23	1
53	53	21
86	88	3
99	111	1
102	102	42
61	67	2
106	112	5
100	101	2
89	108	2
75	75	2
98	111	1
38	38	31
82	84	1
86	88	3
50	51	2
14	15	6
64	65	1
117	117	4
28	28	13
16	17	1
67	67	12
75	77	5
112	117	3
108	116	1
88	96	2
23	23	9
44	88	1
21	23	1
86	88	1
36	40	4
28	50	1
69	69	5
80	83	3
64	65	3
20	21	6
43	44	4
28	29	3
92	116	1
17	18	2
43	76	1
106	111	1
45	47	1
72	117	4
19	20	4
77	78	1
106	107	1
89	93	1
9	113	1
96	104	1
106	113	5
57	76	1
103	106	3
38	40	2
77	77	2
36	109	1
111	119	1
70	113	7
70	74	3
63	74	2
100	100	24
94	94	41
68	70	1
40	40	24
19	56	1
90	93	1
3	25	3
85	88	1
59	71	1
74	77	2
4	32	2
80	81	4
31	34	3
100	108	3
83	116	1
35	35	1
