1	1	133.0
1	2	3.0
1	3	4.0
1	5	5.0
1	6	4.0
1	8	6.0
1	10	2.0
1	23	3.0
1	24	2.0
1	96	1.0
1	122	1.0
1	127	1.0
1	128	1.0
2	2	133.0
2	3	4.0
2	4	1.0
2	5	1.0
2	6	4.0
2	7	5.0
2	8	1.0
2	9	2.0
2	13	2.0
2	17	1.0
2	21	1.0
2	22	10.0
2	23	2.0
2	24	1.0
2	112	3.0
2	113	3.0
2	122	3.0
2	123	1.0
2	136	1.0
3	3	109.0
3	4	9.0
3	5	1.0
3	6	2.0
3	7	4.0
3	8	4.0
3	9	1.0
3	10	2.0
3	15	1.0
3	17	1.0
3	21	1.0
3	22	4.0
3	23	2.0
3	24	2.0
3	25	2.0
3	37	2.0
3	38	1.0
3	84	1.0
3	110	1.0
3	123	6.0
3	124	1.0
4	4	138.0
4	6	1.0
4	7	9.0
4	8	4.0
4	9	1.0
4	10	4.0
4	11	1.0
4	13	1.0
4	16	1.0
4	17	2.0
4	19	1.0
4	21	1.0
4	22	1.0
4	23	1.0
4	25	2.0
4	27	2.0
4	31	1.0
4	37	3.0
4	38	1.0
4	123	4.0
4	124	1.0
4	129	1.0
5	5	117.0
5	6	7.0
5	7	1.0
5	8	1.0
5	9	1.0
5	10	1.0
5	12	1.0
5	22	1.0
5	25	1.0
5	27	2.0
5	28	5.0
5	29	1.0
5	128	3.0
6	6	102.0
6	8	3.0
6	9	2.0
6	10	5.0
6	15	1.0
6	25	1.0
6	26	3.0
6	27	3.0
6	28	1.0
6	29	2.0
6	37	5.0
6	113	1.0
6	124	1.0
7	7	107.0
7	8	5.0
7	9	9.0
7	10	2.0
7	11	1.0
7	13	1.0
7	15	1.0
7	16	1.0
7	17	1.0
7	18	1.0
7	23	1.0
7	25	3.0
7	26	3.0
7	27	2.0
7	102	1.0
7	121	2.0
7	123	4.0
7	124	1.0
8	8	106.0
8	9	8.0
8	10	3.0
8	11	1.0
8	15	1.0
8	17	1.0
8	23	2.0
8	24	2.0
8	25	2.0
8	26	2.0
8	27	2.0
8	28	2.0
8	29	2.0
8	117	1.0
8	123	1.0
8	129	1.0
9	9	112.0
9	11	1.0
9	12	1.0
9	13	1.0
9	14	1.0
9	17	2.0
9	26	2.0
9	27	2.0
9	28	1.0
9	122	4.0
9	123	1.0
10	10	102.0
10	11	4.0
10	12	1.0
10	18	1.0
10	22	2.0
10	23	4.0
10	24	3.0
10	25	2.0
10	26	1.0
10	28	1.0
10	29	3.0
10	123	2.0
10	124	1.0
10	138	1.0
11	11	116.0
11	12	4.0
11	14	2.0
11	15	3.0
11	16	2.0
11	18	3.0
11	20	1.0
11	21	1.0
11	24	4.0
11	25	2.0
11	29	6.0
11	31	1.0
11	38	1.0
11	39	3.0
11	120	6.0
11	121	3.0
11	122	2.0
12	12	108.0
12	13	5.0
12	14	5.0
12	15	3.0
12	16	4.0
12	17	6.0
12	18	7.0
12	19	1.0
12	20	1.0
12	21	2.0
12	22	1.0
12	24	5.0
12	27	1.0
12	38	1.0
12	70	1.0
12	90	1.0
12	106	1.0
12	121	1.0
13	13	124.0
13	14	18.0
13	16	6.0
13	18	1.0
13	21	1.0
13	22	1.0
13	36	1.0
13	43	1.0
13	98	1.0
13	122	1.0
13	123	1.0
14	14	136.0
14	15	6.0
14	16	7.0
14	18	6.0
14	19	3.0
14	24	1.0
14	37	2.0
14	105	1.0
14	108	1.0
14	109	2.0
14	111	1.0
14	128	1.0
15	15	125.0
15	16	11.0
15	17	2.0
15	18	5.0
15	19	4.0
15	20	1.0
15	21	5.0
15	35	1.0
15	72	1.0
15	106	1.0
15	108	3.0
15	115	1.0
15	117	2.0
15	122	4.0
15	124	1.0
16	16	142.0
16	17	3.0
16	18	1.0
16	19	1.0
16	20	2.0
16	24	1.0
16	70	1.0
16	72	1.0
16	105	4.0
16	108	2.0
16	112	1.0
16	117	1.0
16	123	1.0
16	124	2.0
16	128	1.0
16	129	1.0
17	17	133.0
17	24	1.0
17	68	1.0
17	70	1.0
17	80	1.0
17	104	3.0
17	106	3.0
17	107	2.0
17	108	2.0
17	117	3.0
17	120	3.0
17	129	4.0
17	130	1.0
18	18	126.0
18	19	3.0
18	20	1.0
18	21	3.0
18	23	1.0
18	37	2.0
18	38	3.0
18	70	1.0
18	90	1.0
18	91	1.0
18	92	1.0
18	105	1.0
18	119	1.0
18	120	1.0
18	121	3.0
18	122	2.0
18	123	1.0
19	19	128.0
19	20	9.0
19	21	5.0
19	22	3.0
19	23	1.0
19	32	1.0
19	33	1.0
19	38	1.0
19	72	3.0
19	94	2.0
19	95	1.0
19	109	1.0
19	110	3.0
19	112	6.0
19	113	1.0
19	114	1.0
19	120	1.0
19	121	2.0
20	20	127.0
20	21	12.0
20	34	1.0
20	71	6.0
20	72	2.0
20	75	1.0
20	92	1.0
20	93	1.0
20	95	1.0
20	101	1.0
20	105	1.0
20	111	1.0
20	112	2.0
20	114	1.0
20	122	2.0
21	21	116.0
21	22	10.0
21	23	10.0
21	27	1.0
21	28	1.0
21	92	1.0
21	94	1.0
21	95	1.0
21	98	1.0
21	99	3.0
21	105	1.0
21	106	1.0
21	112	1.0
22	22	122.0
22	23	13.0
22	24	1.0
22	25	1.0
22	29	1.0
22	30	2.0
22	31	1.0
22	74	2.0
22	90	2.0
22	91	1.0
22	97	1.0
22	98	2.0
22	99	1.0
22	105	1.0
22	112	1.0
22	113	2.0
23	23	132.0
23	24	7.0
23	27	1.0
23	32	2.0
23	35	1.0
23	76	2.0
23	78	1.0
23	90	2.0
23	92	1.0
23	98	1.0
23	99	1.0
23	120	1.0
24	24	114.0
24	25	2.0
24	31	1.0
24	32	3.0
24	36	1.0
24	38	1.0
24	66	2.0
24	76	1.0
24	78	4.0
24	79	2.0
24	89	1.0
24	90	1.0
24	91	2.0
24	98	3.0
24	99	2.0
24	103	1.0
24	118	2.0
25	25	143.0
25	26	4.0
25	27	1.0
25	28	2.0
25	29	3.0
25	36	1.0
25	37	1.0
25	38	1.0
25	71	2.0
25	72	2.0
25	73	2.0
25	74	2.0
25	77	6.0
25	100	1.0
25	102	1.0
25	103	2.0
26	26	97.0
26	27	4.0
26	28	4.0
26	29	1.0
26	30	1.0
26	32	1.0
26	37	1.0
26	38	2.0
26	72	1.0
26	73	1.0
26	76	1.0
26	102	6.0
26	103	3.0
27	27	111.0
27	28	5.0
27	29	3.0
27	36	2.0
27	37	3.0
28	28	102.0
28	29	8.0
28	30	1.0
28	35	1.0
28	75	1.0
29	29	110.0
29	30	9.0
29	36	2.0
29	39	1.0
29	72	1.0
29	87	1.0
30	30	100.0
30	31	8.0
30	32	3.0
30	38	1.0
30	73	4.0
30	74	2.0
30	75	1.0
30	99	1.0
31	31	97.0
31	32	4.0
31	33	1.0
31	73	2.0
31	74	1.0
31	75	3.0
31	76	2.0
31	77	4.0
31	89	1.0
31	99	5.0
31	100	1.0
31	102	1.0
31	103	1.0
32	32	113.0
32	33	2.0
32	66	1.0
32	69	1.0
32	75	2.0
32	76	3.0
32	77	1.0
32	79	1.0
32	91	1.0
32	93	1.0
32	98	2.0
32	99	4.0
32	100	1.0
32	106	1.0
32	119	1.0
32	120	2.0
33	33	111.0
33	34	6.0
33	115	1.0
33	126	2.0
33	132	1.0
34	34	156.0
34	35	3.0
34	87	1.0
34	88	1.0
34	101	1.0
34	116	1.0
35	35	135.0
35	36	6.0
35	37	1.0
35	38	2.0
35	42	1.0
35	66	1.0
35	116	2.0
35	131	2.0
35	132	4.0
36	36	122.0
36	37	2.0
36	38	1.0
36	39	1.0
36	124	2.0
37	37	132.0
37	38	8.0
37	41	1.0
37	66	2.0
37	73	1.0
37	100	6.0
38	38	106.0
38	39	1.0
38	43	1.0
38	66	3.0
38	72	1.0
38	96	1.0
38	100	1.0
38	101	1.0
38	102	1.0
38	107	1.0
38	118	1.0
39	39	7.0
39	69	1.0
39	72	1.0
40	40	2.0
40	43	1.0
41	41	1.0
41	66	1.0
42	42	1.0
43	43	4.0
43	71	1.0
44	44	12.0
44	100	1.0
44	101	2.0
44	105	1.0
45	45	1.0
45	66	1.0
45	68	1.0
46	67	1.0
47	47	2.0
66	66	28.0
66	70	2.0
66	71	2.0
66	72	1.0
66	106	1.0
66	117	1.0
67	67	7.0
67	97	1.0
68	68	36.0
68	107	1.0
69	69	12.0
69	103	1.0
70	70	3.0
70	71	1.0
70	108	1.0
71	71	127.0
71	72	4.0
71	100	1.0
71	101	2.0
71	103	2.0
71	104	1.0
71	106	2.0
71	117	6.0
71	119	1.0
71	120	1.0
72	72	96.0
72	73	6.0
72	74	1.0
72	100	5.0
72	108	2.0
72	109	6.0
72	112	2.0
72	115	1.0
72	116	3.0
72	117	5.0
72	118	2.0
72	119	3.0
72	124	1.0
73	73	112.0
73	74	5.0
73	75	3.0
73	76	5.0
73	77	2.0
73	78	1.0
73	83	1.0
73	84	1.0
73	85	2.0
73	100	3.0
73	102	4.0
73	103	1.0
73	108	4.0
73	115	3.0
73	116	3.0
73	118	2.0
73	119	1.0
73	120	2.0
74	74	95.0
74	75	5.0
74	77	3.0
74	78	1.0
74	82	1.0
74	83	2.0
74	84	3.0
74	99	1.0
74	100	1.0
74	110	1.0
74	115	7.0
74	119	1.0
74	120	1.0
74	139	1.0
75	75	99.0
75	76	11.0
75	77	3.0
75	79	1.0
75	99	1.0
75	103	1.0
75	106	1.0
75	108	1.0
75	109	1.0
75	110	4.0
75	111	1.0
75	114	1.0
75	115	2.0
75	135	1.0
76	76	123.0
76	77	7.0
76	78	6.0
76	105	2.0
76	106	2.0
76	116	1.0
76	117	1.0
76	118	1.0
76	119	2.0
77	77	136.0
77	78	3.0
77	98	1.0
77	103	2.0
77	105	1.0
77	110	1.0
77	123	1.0
78	78	121.0
78	79	7.0
78	83	7.0
78	84	1.0
78	89	1.0
78	95	2.0
78	98	2.0
78	107	3.0
78	118	1.0
78	120	4.0
78	121	1.0
79	79	141.0
79	80	4.0
79	82	1.0
79	84	1.0
79	85	1.0
79	86	1.0
79	88	1.0
79	90	1.0
79	98	8.0
79	99	1.0
79	107	1.0
79	118	1.0
79	120	1.0
79	121	1.0
79	123	7.0
79	124	1.0
80	80	140.0
80	84	1.0
80	86	6.0
80	87	2.0
80	88	1.0
80	89	1.0
80	90	3.0
80	106	1.0
80	108	1.0
80	109	1.0
80	115	2.0
80	120	4.0
80	121	2.0
81	81	134.0
81	82	11.0
81	83	4.0
81	84	3.0
81	85	6.0
81	86	3.0
81	87	1.0
81	102	1.0
81	106	4.0
81	107	2.0
81	108	1.0
81	116	1.0
81	121	3.0
82	82	134.0
82	83	16.0
82	85	2.0
82	86	2.0
82	90	2.0
82	114	1.0
82	120	4.0
82	121	6.0
82	123	1.0
83	83	122.0
83	84	10.0
83	85	3.0
83	108	1.0
83	115	1.0
83	120	1.0
83	121	4.0
84	84	129.0
84	85	14.0
84	86	2.0
84	105	1.0
84	114	4.0
84	115	3.0
84	116	1.0
84	121	1.0
85	85	124.0
85	86	6.0
85	87	1.0
85	92	1.0
85	108	5.0
85	109	1.0
85	112	1.0
85	114	3.0
85	115	1.0
85	116	6.0
85	118	1.0
85	119	1.0
85	121	4.0
86	86	133.0
86	87	12.0
86	88	3.0
86	90	6.0
86	114	2.0
86	115	3.0
86	121	1.0
86	123	1.0
87	87	139.0
87	88	6.0
87	89	3.0
87	90	1.0
87	91	1.0
87	98	2.0
87	108	1.0
87	115	1.0
87	116	3.0
87	117	3.0
87	119	3.0
87	120	1.0
87	123	3.0
87	124	1.0
87	129	2.0
88	88	106.0
88	91	1.0
88	95	2.0
88	96	1.0
88	97	1.0
88	112	3.0
88	113	2.0
88	115	7.0
88	116	1.0
88	120	1.0
88	123	3.0
88	139	1.0
89	89	126.0
89	90	2.0
89	91	2.0
89	92	1.0
89	93	2.0
89	94	3.0
89	96	4.0
89	98	2.0
89	110	1.0
89	111	4.0
89	117	8.0
89	118	3.0
89	119	1.0
89	125	1.0
89	128	1.0
90	90	112.0
90	91	3.0
90	93	4.0
90	95	1.0
90	96	1.0
90	97	1.0
90	110	1.0
90	111	1.0
90	116	2.0
90	117	3.0
90	119	1.0
90	120	2.0
90	121	2.0
90	126	1.0
91	91	128.0
91	92	4.0
91	93	3.0
91	94	4.0
91	95	4.0
91	96	2.0
91	97	2.0
91	98	1.0
91	100	3.0
91	101	1.0
91	111	5.0
91	116	1.0
91	117	2.0
91	119	1.0
91	122	2.0
91	123	2.0
91	124	1.0
91	130	2.0
91	133	1.0
92	92	109.0
92	93	6.0
92	94	12.0
92	97	1.0
92	98	2.0
92	111	1.0
92	112	1.0
92	130	2.0
92	139	3.0
93	93	149.0
93	94	5.0
93	95	1.0
93	96	2.0
93	98	4.0
93	110	4.0
93	111	2.0
93	117	2.0
93	120	5.0
94	94	133.0
94	95	5.0
94	96	3.0
94	97	1.0
94	98	8.0
94	110	2.0
94	111	4.0
94	112	2.0
95	95	152.0
95	96	7.0
95	97	1.0
95	98	1.0
95	99	1.0
95	117	1.0
95	126	1.0
95	127	2.0
95	130	1.0
96	96	162.0
96	97	10.0
96	98	1.0
96	99	1.0
96	100	1.0
96	111	1.0
96	112	1.0
96	116	1.0
96	117	3.0
96	124	2.0
96	125	3.0
96	126	1.0
96	129	1.0
96	133	1.0
96	136	2.0
96	138	5.0
96	139	4.0
97	97	133.0
97	98	1.0
97	99	4.0
97	116	4.0
97	117	4.0
97	124	1.0
97	125	2.0
97	126	4.0
97	127	2.0
97	129	1.0
97	136	1.0
97	138	1.0
98	98	133.0
98	99	3.0
98	103	1.0
99	99	117.0
99	100	8.0
99	123	1.0
99	125	2.0
100	100	123.0
100	101	6.0
100	102	4.0
100	103	1.0
100	105	1.0
100	124	2.0
100	125	5.0
100	129	1.0
101	101	161.0
101	102	4.0
101	103	2.0
101	122	3.0
101	123	1.0
102	102	132.0
102	103	10.0
102	104	2.0
102	127	1.0
103	103	123.0
103	105	1.0
104	104	106.0
104	105	8.0
104	107	1.0
104	108	1.0
105	105	123.0
105	106	4.0
105	108	1.0
105	109	1.0
105	112	2.0
105	113	7.0
105	117	1.0
106	106	101.0
106	107	11.0
106	108	2.0
106	109	1.0
106	112	1.0
106	117	1.0
106	118	3.0
106	119	1.0
106	132	1.0
107	107	149.0
107	108	14.0
107	118	2.0
107	119	1.0
107	131	2.0
107	136	1.0
108	108	127.0
108	109	3.0
108	112	1.0
108	117	2.0
108	118	1.0
108	119	6.0
108	130	1.0
109	109	134.0
109	110	9.0
109	111	1.0
109	113	3.0
109	114	3.0
109	115	1.0
109	118	4.0
109	119	10.0
109	120	1.0
110	110	132.0
110	111	8.0
110	112	3.0
110	113	7.0
110	115	2.0
110	117	1.0
110	119	4.0
111	111	143.0
111	112	7.0
111	113	2.0
111	114	3.0
111	116	7.0
111	117	4.0
111	118	2.0
111	119	5.0
111	133	1.0
112	112	159.0
112	113	9.0
112	114	2.0
112	119	2.0
112	120	1.0
113	113	140.0
113	114	3.0
113	115	5.0
113	117	1.0
113	119	2.0
114	114	131.0
114	115	15.0
114	135	3.0
115	115	114.0
115	117	1.0
115	119	8.0
116	116	187.0
116	117	2.0
116	118	4.0
116	119	2.0
116	125	1.0
117	117	158.0
117	118	4.0
117	119	5.0
117	130	1.0
118	118	135.0
118	119	9.0
118	133	1.0
119	119	123.0
120	120	139.0
120	121	6.0
120	122	2.0
121	121	143.0
121	122	6.0
122	122	107.0
122	123	10.0
122	124	1.0
122	133	1.0
122	136	1.0
123	123	131.0
123	124	1.0
124	124	140.0
124	125	9.0
124	128	1.0
124	129	3.0
124	130	1.0
124	138	3.0
125	125	152.0
125	126	14.0
125	127	2.0
125	130	8.0
125	131	1.0
125	136	1.0
125	137	1.0
125	138	1.0
126	126	160.0
126	127	12.0
126	130	1.0
126	131	2.0
126	138	3.0
126	139	1.0
127	127	134.0
127	128	3.0
127	130	2.0
127	131	2.0
127	132	1.0
127	133	1.0
127	134	2.0
128	128	153.0
128	129	7.0
128	132	2.0
129	129	161.0
129	130	7.0
130	130	161.0
130	131	13.0
131	131	189.0
131	132	1.0
131	136	1.0
131	137	1.0
132	132	158.0
132	133	4.0
132	134	3.0
132	135	3.0
133	133	116.0
133	134	2.0
133	135	1.0
133	136	4.0
133	137	4.0
134	134	186.0
134	135	8.0
134	136	2.0
135	135	141.0
135	136	5.0
135	137	2.0
135	139	3.0
135	140	3.0
136	136	159.0
136	137	5.0
136	138	5.0
136	139	3.0
137	137	139.0
137	138	6.0
137	139	5.0
138	138	135.0
138	139	9.0
139	139	162.0
139	140	6.0
140	140	142.0
140	141	2.0
141	141	8.0
142	1	2.0
142	14	2.0
142	23	1.0
142	35	3.0
142	124	1.0
142	125	2.0
142	127	4.0
142	128	2.0
142	129	1.0
142	134	1.0
142	142	109.0
