1	1	141.0
1	2	3.0
1	3	1.0
1	80	1.0
1	81	1.0
1	173	1.0
1	175	1.0
1	199	2.0
2	1	4.0
2	2	155.0
2	3	2.0
2	4	2.0
2	60	1.0
2	87	2.0
2	88	1.0
2	90	1.0
2	163	1.0
2	199	2.0
3	2	1.0
3	3	166.0
3	18	1.0
3	78	2.0
3	81	1.0
3	86	2.0
3	89	1.0
3	90	1.0
4	4	136.0
4	5	1.0
4	7	1.0
4	17	1.0
4	31	2.0
4	64	1.0
4	66	1.0
4	80	1.0
5	4	1.0
5	5	160.0
5	16	1.0
5	32	1.0
5	34	1.0
5	75	1.0
5	77	1.0
5	79	4.0
5	80	2.0
5	84	1.0
5	122	1.0
6	5	2.0
6	6	143.0
6	8	3.0
6	16	1.0
6	19	2.0
6	35	1.0
6	49	1.0
6	76	1.0
6	77	1.0
7	6	2.0
7	7	156.0
7	19	1.0
7	34	1.0
7	52	1.0
7	76	4.0
7	81	1.0
8	4	1.0
8	6	2.0
8	8	157.0
8	18	1.0
8	19	1.0
8	23	1.0
8	31	2.0
8	36	1.0
8	51	1.0
8	52	1.0
8	53	1.0
8	76	3.0
8	84	1.0
9	9	156.0
9	21	1.0
9	34	2.0
9	45	2.0
9	48	1.0
9	49	1.0
9	50	1.0
9	75	1.0
9	104	1.0
10	10	165.0
10	11	2.0
10	14	1.0
10	80	1.0
10	167	1.0
11	10	1.0
11	11	138.0
11	35	1.0
11	50	1.0
11	61	1.0
12	11	4.0
12	12	173.0
12	14	1.0
12	74	3.0
12	127	2.0
13	11	1.0
13	12	1.0
13	13	183.0
13	38	1.0
13	52	1.0
13	74	1.0
13	127	1.0
14	4	1.0
14	10	2.0
14	12	1.0
14	13	1.0
14	14	165.0
14	50	1.0
14	54	2.0
15	15	146.0
15	33	1.0
15	35	1.0
15	42	1.0
15	75	1.0
16	3	1.0
16	4	2.0
16	6	3.0
16	16	164.0
16	17	1.0
16	32	1.0
16	82	1.0
16	96	1.0
17	3	1.0
17	4	2.0
17	17	140.0
17	24	1.0
17	66	1.0
18	3	1.0
18	5	1.0
18	18	155.0
18	19	2.0
18	20	1.0
18	31	4.0
19	6	1.0
19	7	1.0
19	8	1.0
19	19	129.0
19	20	1.0
19	21	1.0
19	24	1.0
19	34	1.0
19	82	1.0
19	85	1.0
20	16	1.0
20	17	1.0
20	20	164.0
20	21	9.0
20	22	1.0
20	25	2.0
20	34	1.0
20	45	1.0
20	78	2.0
20	82	1.0
21	17	1.0
21	20	3.0
21	21	165.0
21	32	2.0
21	33	1.0
21	82	1.0
21	84	1.0
22	20	2.0
22	21	1.0
22	22	146.0
22	25	1.0
22	32	1.0
23	19	1.0
23	20	3.0
23	22	1.0
23	23	165.0
23	24	2.0
23	25	1.0
24	6	1.0
24	8	1.0
24	22	1.0
24	23	1.0
24	24	152.0
24	25	3.0
24	34	1.0
24	65	1.0
24	81	1.0
25	17	1.0
25	24	1.0
25	25	143.0
25	26	4.0
25	27	1.0
25	30	1.0
25	34	2.0
25	38	1.0
25	81	1.0
25	137	1.0
26	23	1.0
26	24	2.0
26	25	1.0
26	26	105.0
26	34	1.0
26	81	1.0
26	85	1.0
26	117	1.0
27	25	1.0
27	27	166.0
27	28	1.0
27	31	1.0
27	49	1.0
27	57	1.0
28	27	1.0
28	28	148.0
28	29	2.0
28	30	1.0
28	56	1.0
28	57	1.0
28	73	1.0
28	125	1.0
28	126	2.0
28	148	1.0
28	193	1.0
29	28	2.0
29	29	167.0
29	30	2.0
29	124	2.0
29	125	1.0
30	29	3.0
30	30	158.0
30	33	1.0
30	65	1.0
30	184	1.0
31	4	1.0
31	13	1.0
31	17	1.0
31	19	2.0
31	31	144.0
31	32	1.0
31	38	1.0
31	163	1.0
32	4	1.0
32	16	1.0
32	19	1.0
32	32	139.0
32	33	1.0
32	36	1.0
32	130	1.0
32	186	2.0
33	9	2.0
33	19	1.0
33	22	1.0
33	25	1.0
33	32	5.0
33	33	137.0
33	34	1.0
33	36	4.0
33	87	1.0
33	104	1.0
33	105	1.0
34	7	1.0
34	10	1.0
34	19	1.0
34	20	5.0
34	21	1.0
34	24	1.0
34	26	1.0
34	34	127.0
34	86	1.0
35	15	2.0
35	16	1.0
35	35	155.0
35	36	1.0
35	39	1.0
35	81	1.0
35	88	1.0
35	140	1.0
36	26	1.0
36	32	1.0
36	36	124.0
36	38	2.0
36	52	1.0
36	71	1.0
36	81	2.0
36	87	1.0
37	27	1.0
37	30	1.0
37	31	5.0
37	32	1.0
37	36	3.0
37	37	176.0
37	52	1.0
37	130	2.0
37	184	1.0
38	27	2.0
38	30	1.0
38	31	1.0
38	36	1.0
38	38	147.0
38	39	2.0
38	44	1.0
38	57	1.0
38	67	1.0
38	127	2.0
38	184	1.0
39	27	1.0
39	32	1.0
39	35	1.0
39	36	1.0
39	37	1.0
39	38	2.0
39	39	164.0
39	42	1.0
39	126	1.0
39	127	1.0
40	35	1.0
40	39	1.0
40	40	162.0
40	43	1.0
40	48	2.0
40	125	1.0
41	23	1.0
41	24	1.0
41	40	2.0
41	41	136.0
41	52	1.0
41	57	2.0
42	12	1.0
42	42	194.0
42	53	1.0
42	127	1.0
43	14	1.0
43	38	3.0
43	43	157.0
43	44	3.0
43	50	1.0
43	53	2.0
43	58	1.0
43	70	1.0
44	33	1.0
44	43	2.0
44	44	146.0
44	45	1.0
44	46	2.0
44	53	2.0
44	58	1.0
44	59	4.0
44	60	1.0
44	70	1.0
44	76	1.0
44	156	3.0
45	9	1.0
45	45	178.0
45	46	2.0
45	48	1.0
45	50	1.0
45	52	2.0
45	59	1.0
45	70	2.0
45	83	1.0
45	84	1.0
45	87	1.0
45	151	1.0
45	156	1.0
46	4	1.0
46	16	1.0
46	44	1.0
46	45	2.0
46	46	161.0
46	47	1.0
46	48	1.0
46	51	3.0
47	1	1.0
47	44	1.0
47	47	146.0
47	48	3.0
47	53	1.0
47	76	1.0
47	125	1.0
47	127	1.0
47	142	1.0
48	39	1.0
48	40	1.0
48	46	1.0
48	47	3.0
48	48	145.0
48	49	1.0
48	53	2.0
48	124	1.0
48	128	1.0
48	150	1.0
49	9	1.0
49	11	1.0
49	39	2.0
49	40	1.0
49	43	1.0
49	44	1.0
49	45	1.0
49	47	1.0
49	49	177.0
49	125	1.0
49	128	3.0
49	132	1.0
50	8	1.0
50	9	2.0
50	10	1.0
50	11	1.0
50	18	1.0
50	45	2.0
50	46	2.0
50	48	1.0
50	49	1.0
50	50	172.0
50	62	2.0
50	72	1.0
50	128	1.0
51	8	1.0
51	42	1.0
51	45	3.0
51	46	3.0
51	50	1.0
51	51	153.0
51	76	1.0
51	82	1.0
51	87	1.0
51	100	1.0
51	126	2.0
52	8	1.0
52	36	1.0
52	37	1.0
52	52	174.0
52	53	2.0
52	55	1.0
52	132	1.0
52	181	1.0
52	193	1.0
53	47	1.0
53	53	164.0
53	75	1.0
54	14	1.0
54	41	2.0
54	42	1.0
54	54	154.0
54	55	3.0
55	13	2.0
55	54	1.0
55	55	168.0
56	12	1.0
56	13	1.0
56	16	1.0
56	41	1.0
56	54	1.0
56	55	1.0
56	56	142.0
56	57	4.0
56	141	1.0
57	29	1.0
57	55	1.0
57	56	1.0
57	57	151.0
57	184	2.0
57	185	1.0
58	29	1.0
58	32	1.0
58	41	1.0
58	44	1.0
58	58	163.0
58	59	4.0
58	70	1.0
58	71	1.0
58	125	1.0
58	126	2.0
58	183	1.0
59	45	1.0
59	59	177.0
59	69	1.0
59	71	2.0
59	156	1.0
60	50	2.0
60	59	3.0
60	60	156.0
60	62	1.0
60	64	1.0
60	67	1.0
60	69	4.0
61	61	166.0
61	62	3.0
61	89	1.0
61	114	1.0
62	59	2.0
62	60	5.0
62	61	4.0
62	62	133.0
62	63	2.0
62	65	1.0
62	67	2.0
62	81	1.0
62	88	1.0
62	89	2.0
62	156	3.0
63	34	1.0
63	62	1.0
63	63	142.0
63	64	1.0
63	90	1.0
64	2	1.0
64	4	1.0
64	23	1.0
64	60	1.0
64	64	164.0
64	65	5.0
64	66	2.0
64	67	1.0
64	69	3.0
64	73	1.0
64	76	2.0
64	79	1.0
65	58	1.0
65	60	2.0
65	63	2.0
65	65	141.0
65	66	5.0
65	67	2.0
65	125	1.0
65	153	1.0
65	196	1.0
66	64	2.0
66	65	4.0
66	66	134.0
66	70	1.0
66	109	1.0
66	122	1.0
67	60	1.0
67	62	3.0
67	66	1.0
67	67	165.0
67	68	1.0
67	69	2.0
67	72	1.0
67	154	1.0
68	60	1.0
68	62	4.0
68	67	3.0
68	68	148.0
68	72	1.0
68	84	1.0
69	28	1.0
69	59	1.0
69	60	2.0
69	64	4.0
69	66	1.0
69	67	1.0
69	68	1.0
69	69	152.0
69	72	3.0
69	81	2.0
69	153	1.0
70	44	1.0
70	46	2.0
70	50	1.0
70	66	1.0
70	69	1.0
70	70	140.0
70	71	3.0
71	56	1.0
71	65	1.0
71	70	3.0
71	71	138.0
71	72	1.0
71	197	1.0
72	13	1.0
72	55	1.0
72	60	1.0
72	67	1.0
72	68	1.0
72	69	1.0
72	71	1.0
72	72	175.0
72	73	2.0
72	82	2.0
72	127	1.0
72	182	1.0
73	5	2.0
73	6	1.0
73	56	2.0
73	57	2.0
73	67	3.0
73	68	1.0
73	70	2.0
73	71	1.0
73	73	153.0
73	74	5.0
73	82	1.0
73	127	2.0
73	128	3.0
73	141	1.0
73	152	1.0
74	14	1.0
74	54	3.0
74	55	1.0
74	74	175.0
74	75	2.0
74	127	2.0
74	129	2.0
74	153	1.0
75	14	1.0
75	15	1.0
75	33	1.0
75	43	1.0
75	48	1.0
75	52	1.0
75	73	1.0
75	74	1.0
75	75	93.0
75	82	1.0
76	6	1.0
76	9	3.0
76	48	1.0
76	51	1.0
76	76	128.0
76	79	1.0
76	84	1.0
76	141	1.0
77	5	1.0
77	6	2.0
77	7	3.0
77	15	2.0
77	76	1.0
77	77	159.0
77	78	1.0
77	79	2.0
77	80	1.0
77	82	1.0
77	120	1.0
78	3	3.0
78	15	1.0
78	66	1.0
78	74	1.0
78	75	1.0
78	77	2.0
78	78	148.0
78	79	3.0
78	125	1.0
78	146	1.0
79	3	1.0
79	5	1.0
79	6	3.0
79	45	1.0
79	63	1.0
79	64	1.0
79	78	2.0
79	79	131.0
79	80	1.0
79	81	1.0
80	1	1.0
80	3	1.0
80	4	1.0
80	64	1.0
80	77	3.0
80	79	1.0
80	80	152.0
80	82	1.0
80	131	1.0
81	26	1.0
81	81	125.0
81	82	1.0
81	83	2.0
81	84	2.0
81	85	1.0
82	8	1.0
82	24	1.0
82	36	1.0
82	44	2.0
82	72	2.0
82	74	1.0
82	77	1.0
82	81	2.0
82	82	122.0
82	83	1.0
82	84	2.0
82	85	1.0
82	154	1.0
83	68	1.0
83	77	1.0
83	81	1.0
83	83	137.0
83	84	1.0
83	149	1.0
84	35	1.0
84	76	1.0
84	83	1.0
84	84	147.0
85	62	1.0
85	81	2.0
85	84	1.0
85	85	143.0
85	90	1.0
85	110	1.0
85	111	2.0
85	158	1.0
86	3	2.0
86	26	1.0
86	33	1.0
86	35	2.0
86	40	1.0
86	86	124.0
86	90	1.0
86	111	1.0
86	131	1.0
86	159	1.0
86	160	1.0
87	33	1.0
87	51	1.0
87	84	1.0
87	86	3.0
87	87	152.0
87	88	3.0
87	106	1.0
87	130	1.0
87	131	4.0
87	163	1.0
87	175	1.0
87	199	1.0
88	26	1.0
88	35	1.0
88	87	2.0
88	88	140.0
88	89	1.0
88	130	1.0
88	140	1.0
88	163	1.0
89	67	1.0
89	89	118.0
89	90	2.0
89	114	1.0
89	139	1.0
89	160	1.0
89	184	1.0
90	34	1.0
90	89	3.0
90	90	82.0
93	93	75.0
93	95	1.0
93	97	1.0
93	99	1.0
93	130	1.0
93	157	1.0
93	158	1.0
94	93	1.0
94	94	137.0
94	97	1.0
94	98	1.0
94	110	1.0
94	117	1.0
94	120	1.0
94	139	1.0
94	157	1.0
94	158	1.0
94	180	1.0
95	95	134.0
95	96	1.0
95	97	2.0
95	99	1.0
95	102	4.0
95	111	2.0
95	134	1.0
96	96	154.0
96	99	1.0
97	93	2.0
97	94	3.0
97	97	165.0
97	98	1.0
97	99	1.0
97	100	1.0
97	102	1.0
97	113	1.0
97	131	2.0
97	134	1.0
97	136	1.0
97	137	1.0
97	144	1.0
97	180	2.0
98	94	1.0
98	96	2.0
98	97	3.0
98	98	146.0
98	102	1.0
98	110	1.0
98	134	1.0
98	143	1.0
98	145	1.0
98	147	1.0
98	180	1.0
98	189	1.0
99	96	1.0
99	97	1.0
99	99	153.0
99	100	2.0
99	101	1.0
99	130	2.0
99	131	2.0
99	138	1.0
99	139	1.0
100	75	1.0
100	98	1.0
100	100	137.0
100	101	3.0
100	121	1.0
100	131	1.0
100	132	1.0
100	133	1.0
101	57	1.0
101	97	1.0
101	99	2.0
101	100	3.0
101	101	145.0
101	102	1.0
101	119	1.0
101	121	2.0
101	122	1.0
101	132	1.0
101	134	1.0
101	156	1.0
102	96	1.0
102	101	2.0
102	102	128.0
102	103	2.0
102	107	1.0
102	132	1.0
102	137	1.0
103	101	1.0
103	102	1.0
103	103	127.0
103	104	3.0
103	105	1.0
103	106	2.0
103	108	1.0
103	135	1.0
104	46	1.0
104	83	1.0
104	86	1.0
104	101	1.0
104	103	2.0
104	104	130.0
104	105	2.0
104	106	3.0
104	107	1.0
104	108	1.0
104	131	1.0
105	23	1.0
105	32	1.0
105	103	1.0
105	104	1.0
105	105	147.0
105	106	5.0
105	117	1.0
105	130	1.0
105	131	4.0
105	133	1.0
106	86	1.0
106	104	5.0
106	105	3.0
106	106	156.0
106	107	2.0
106	108	1.0
106	113	1.0
106	132	1.0
106	135	1.0
107	104	1.0
107	106	2.0
107	107	150.0
107	108	4.0
107	109	1.0
107	113	2.0
107	117	3.0
107	118	1.0
107	133	1.0
107	191	2.0
108	79	1.0
108	103	1.0
108	104	1.0
108	106	4.0
108	107	5.0
108	108	147.0
108	110	1.0
108	116	2.0
108	117	1.0
108	118	2.0
108	120	1.0
108	131	1.0
108	186	1.0
108	192	1.0
109	85	1.0
109	109	138.0
109	110	1.0
109	113	2.0
109	114	1.0
109	166	1.0
109	175	2.0
109	176	1.0
110	93	1.0
110	108	1.0
110	110	154.0
110	111	2.0
110	120	1.0
110	137	1.0
110	167	1.0
110	174	1.0
110	175	1.0
111	108	1.0
111	110	4.0
111	111	144.0
111	112	2.0
111	113	4.0
111	114	2.0
111	134	1.0
111	136	1.0
111	138	1.0
111	177	2.0
112	89	1.0
112	93	1.0
112	109	2.0
112	111	2.0
112	112	140.0
112	113	2.0
112	114	1.0
112	135	1.0
112	136	1.0
112	140	2.0
112	175	2.0
113	33	1.0
113	85	1.0
113	86	1.0
113	87	1.0
113	106	4.0
113	111	4.0
113	112	2.0
113	113	161.0
113	114	1.0
113	115	1.0
113	137	1.0
114	60	2.0
114	106	1.0
114	107	1.0
114	108	1.0
114	109	1.0
114	111	3.0
114	113	2.0
114	114	157.0
114	115	1.0
114	118	1.0
114	182	1.0
114	186	2.0
115	110	1.0
115	113	1.0
115	115	143.0
115	118	1.0
115	191	1.0
115	193	1.0
116	107	1.0
116	108	1.0
116	116	151.0
116	117	6.0
116	118	3.0
116	121	1.0
116	138	2.0
116	139	1.0
116	157	2.0
116	191	1.0
117	6	1.0
117	103	2.0
117	105	1.0
117	107	2.0
117	108	2.0
117	116	3.0
117	117	134.0
117	118	2.0
117	138	2.0
118	107	3.0
118	115	1.0
118	116	3.0
118	117	1.0
118	118	132.0
118	120	2.0
118	139	1.0
118	181	1.0
118	191	1.0
118	192	1.0
119	107	1.0
119	116	1.0
119	117	2.0
119	118	3.0
119	119	142.0
119	120	2.0
119	121	1.0
119	122	1.0
119	139	2.0
119	152	1.0
119	155	1.0
119	159	1.0
119	164	1.0
120	94	1.0
120	96	1.0
120	110	1.0
120	119	4.0
120	120	143.0
120	121	1.0
120	138	1.0
120	152	2.0
120	158	1.0
120	159	2.0
121	100	2.0
121	119	1.0
121	121	126.0
121	123	1.0
121	131	1.0
121	132	2.0
121	159	2.0
121	187	1.0
122	121	1.0
122	122	164.0
122	123	1.0
122	192	2.0
123	101	1.0
123	123	146.0
123	146	1.0
123	188	1.0
123	189	3.0
123	195	2.0
124	47	2.0
124	123	1.0
124	124	152.0
124	125	1.0
124	142	1.0
124	143	3.0
124	170	1.0
124	183	3.0
125	29	1.0
125	51	2.0
125	57	2.0
125	70	1.0
125	123	2.0
125	125	143.0
125	126	2.0
126	12	3.0
126	27	1.0
126	28	1.0
126	38	1.0
126	39	1.0
126	46	1.0
126	49	1.0
126	51	1.0
126	56	1.0
126	57	1.0
126	74	1.0
126	125	1.0
126	126	137.0
126	127	2.0
126	128	1.0
127	12	1.0
127	40	1.0
127	42	2.0
127	46	1.0
127	47	2.0
127	51	1.0
127	70	1.0
127	71	1.0
127	73	1.0
127	127	172.0
127	128	3.0
128	40	1.0
128	48	2.0
128	49	1.0
128	73	1.0
128	126	1.0
128	127	3.0
128	128	162.0
129	12	1.0
129	28	1.0
129	30	1.0
129	103	1.0
129	124	1.0
129	129	138.0
129	169	1.0
129	184	1.0
129	187	1.0
130	30	1.0
130	31	2.0
130	36	1.0
130	87	3.0
130	89	1.0
130	95	1.0
130	99	1.0
130	105	2.0
130	130	144.0
130	131	4.0
130	132	2.0
131	82	1.0
131	99	1.0
131	105	1.0
131	121	1.0
131	130	4.0
131	131	133.0
132	7	1.0
132	52	2.0
132	88	1.0
132	99	1.0
132	100	2.0
132	104	1.0
132	106	1.0
132	119	2.0
132	130	1.0
132	132	152.0
132	133	3.0
132	134	1.0
132	135	1.0
132	138	1.0
133	101	5.0
133	102	2.0
133	105	1.0
133	108	1.0
133	120	1.0
133	129	1.0
133	132	1.0
133	133	150.0
133	136	1.0
134	97	2.0
134	99	1.0
134	104	1.0
134	123	1.0
134	134	154.0
134	135	3.0
134	137	2.0
134	152	1.0
134	153	1.0
134	154	1.0
134	157	1.0
134	180	1.0
135	99	1.0
135	103	2.0
135	106	1.0
135	112	1.0
135	113	1.0
135	134	3.0
135	135	146.0
135	136	1.0
135	137	1.0
135	179	1.0
136	49	1.0
136	97	1.0
136	101	2.0
136	108	1.0
136	130	1.0
136	133	1.0
136	134	1.0
136	135	2.0
136	136	142.0
136	137	1.0
136	151	1.0
136	179	1.0
137	105	1.0
137	108	1.0
137	117	1.0
137	123	1.0
137	134	3.0
137	135	1.0
137	136	2.0
137	137	150.0
137	153	1.0
137	155	1.0
137	156	1.0
137	160	1.0
138	110	2.0
138	115	3.0
138	116	1.0
138	119	1.0
138	120	1.0
138	134	1.0
138	135	1.0
138	138	148.0
138	173	1.0
139	84	1.0
139	112	1.0
139	116	1.0
139	139	174.0
139	176	2.0
139	177	1.0
140	112	1.0
140	139	6.0
140	140	152.0
141	30	1.0
141	57	1.0
141	71	1.0
141	113	1.0
141	128	1.0
141	129	1.0
141	141	148.0
141	142	1.0
142	123	1.0
142	142	139.0
142	143	2.0
142	145	1.0
142	148	1.0
142	149	2.0
142	184	1.0
142	185	1.0
142	196	1.0
143	124	1.0
143	143	139.0
143	145	1.0
143	148	2.0
143	185	1.0
144	144	140.0
144	145	1.0
144	148	1.0
144	182	1.0
144	186	1.0
144	195	1.0
145	12	1.0
145	41	1.0
145	143	2.0
145	144	4.0
145	145	153.0
145	148	1.0
145	149	1.0
145	150	1.0
146	144	1.0
146	145	1.0
146	146	149.0
146	147	1.0
146	150	1.0
147	13	1.0
147	124	1.0
147	146	1.0
147	147	147.0
147	148	1.0
148	79	1.0
148	115	1.0
148	135	1.0
148	147	5.0
148	148	151.0
148	149	2.0
148	150	2.0
148	151	2.0
148	152	1.0
149	143	1.0
149	148	2.0
149	149	172.0
150	125	1.0
150	128	1.0
150	147	1.0
150	149	2.0
150	150	166.0
150	151	1.0
150	153	1.0
151	6	1.0
151	125	1.0
151	137	1.0
151	150	1.0
151	151	151.0
151	152	3.0
151	153	2.0
151	155	1.0
151	195	1.0
152	83	1.0
152	147	1.0
152	152	131.0
152	153	1.0
152	155	2.0
152	160	2.0
152	166	1.0
153	82	1.0
153	84	1.0
153	117	1.0
153	120	1.0
153	134	3.0
153	145	1.0
153	152	1.0
153	153	139.0
153	154	1.0
153	157	1.0
153	161	1.0
153	163	2.0
154	68	1.0
154	74	1.0
154	83	2.0
154	103	2.0
154	108	1.0
154	145	1.0
154	154	166.0
154	162	1.0
154	192	2.0
155	32	1.0
155	117	2.0
155	137	1.0
155	144	1.0
155	150	2.0
155	152	1.0
155	155	139.0
155	156	5.0
155	157	2.0
155	193	1.0
155	194	2.0
156	45	1.0
156	59	1.0
156	61	1.0
156	69	1.0
156	82	1.0
156	134	2.0
156	136	2.0
156	151	4.0
156	152	1.0
156	153	1.0
156	155	2.0
156	156	164.0
156	157	2.0
157	60	2.0
157	68	1.0
157	83	2.0
157	94	3.0
157	98	2.0
157	134	1.0
157	152	1.0
157	156	2.0
157	157	133.0
158	94	1.0
158	97	1.0
158	120	1.0
158	158	148.0
158	160	1.0
158	163	2.0
159	86	4.0
159	89	1.0
159	93	1.0
159	112	1.0
159	119	4.0
159	132	1.0
159	155	1.0
159	158	5.0
159	159	149.0
159	161	1.0
159	171	1.0
159	174	1.0
160	87	1.0
160	89	1.0
160	120	1.0
160	134	1.0
160	151	1.0
160	157	1.0
160	158	1.0
160	160	126.0
160	161	3.0
160	174	1.0
160	177	1.0
160	199	1.0
161	15	1.0
161	117	1.0
161	148	1.0
161	151	1.0
161	153	1.0
161	154	2.0
161	159	1.0
161	160	2.0
161	161	139.0
161	163	1.0
161	164	4.0
161	176	1.0
162	8	1.0
162	152	1.0
162	154	1.0
162	161	2.0
162	162	113.0
162	163	2.0
162	165	1.0
162	171	4.0
162	192	3.0
163	1	2.0
163	87	1.0
163	119	1.0
163	157	1.0
163	161	3.0
163	162	1.0
163	163	122.0
163	164	3.0
163	166	1.0
163	199	1.0
164	44	1.0
164	119	1.0
164	154	1.0
164	161	2.0
164	163	2.0
164	164	122.0
164	172	2.0
164	175	1.0
164	192	1.0
165	116	1.0
165	117	1.0
165	161	1.0
165	165	136.0
165	166	3.0
165	167	1.0
165	173	2.0
166	116	1.0
166	154	1.0
166	165	2.0
166	166	127.0
166	173	1.0
167	39	1.0
167	138	1.0
167	165	1.0
167	166	1.0
167	167	147.0
167	168	2.0
167	170	1.0
167	181	3.0
167	191	2.0
167	192	1.0
167	193	1.0
168	5	1.0
168	168	144.0
168	169	4.0
168	173	2.0
168	180	1.0
168	181	1.0
169	123	1.0
169	165	1.0
169	167	4.0
169	168	2.0
169	169	184.0
169	172	1.0
169	181	2.0
169	182	1.0
169	183	2.0
169	191	1.0
169	192	1.0
170	31	1.0
170	161	1.0
170	163	1.0
170	167	2.0
170	169	1.0
170	170	144.0
170	191	1.0
171	87	1.0
171	93	1.0
171	110	1.0
171	111	1.0
171	164	1.0
171	170	1.0
171	171	145.0
171	172	2.0
171	174	1.0
171	178	1.0
171	179	1.0
171	185	1.0
172	157	1.0
172	169	1.0
172	172	166.0
172	174	1.0
172	175	2.0
172	178	1.0
172	179	1.0
172	181	1.0
172	187	1.0
172	190	1.0
172	199	1.0
173	138	1.0
173	166	2.0
173	167	1.0
173	172	4.0
173	173	136.0
173	178	1.0
173	180	1.0
173	183	1.0
174	111	1.0
174	112	1.0
174	160	3.0
174	163	1.0
174	164	1.0
174	167	2.0
174	172	2.0
174	173	1.0
174	174	124.0
174	179	1.0
174	190	1.0
175	88	1.0
175	109	1.0
175	139	1.0
175	163	1.0
175	172	1.0
175	174	1.0
175	175	141.0
175	189	1.0
176	161	1.0
176	162	1.0
176	166	1.0
176	170	1.0
176	172	1.0
176	176	160.0
176	177	2.0
176	178	1.0
176	184	1.0
176	185	1.0
177	111	1.0
177	139	1.0
177	140	1.0
177	158	1.0
177	176	2.0
177	177	154.0
177	178	5.0
177	179	1.0
178	162	1.0
178	171	4.0
178	172	1.0
178	174	1.0
178	178	132.0
178	179	1.0
178	180	2.0
178	185	1.0
178	187	1.0
178	188	1.0
178	189	2.0
178	190	1.0
179	93	1.0
179	111	1.0
179	135	1.0
179	137	1.0
179	174	1.0
179	176	3.0
179	177	1.0
179	178	4.0
179	179	161.0
179	180	1.0
179	183	1.0
180	45	1.0
180	97	3.0
180	98	1.0
180	115	1.0
180	138	1.0
180	171	1.0
180	172	1.0
180	173	2.0
180	174	1.0
180	177	1.0
180	179	1.0
180	180	131.0
180	186	1.0
180	190	1.0
181	115	1.0
181	118	1.0
181	166	1.0
181	167	1.0
181	169	2.0
181	170	1.0
181	172	1.0
181	173	3.0
181	174	1.0
181	181	152.0
181	182	1.0
181	191	1.0
182	115	1.0
182	138	1.0
182	168	2.0
182	171	1.0
182	181	2.0
182	182	138.0
182	183	1.0
182	191	1.0
183	123	1.0
183	125	1.0
183	169	1.0
183	183	161.0
183	186	1.0
183	191	1.0
184	30	1.0
184	37	1.0
184	58	2.0
184	109	1.0
184	126	2.0
184	177	1.0
184	179	1.0
184	183	1.0
184	184	147.0
184	186	1.0
184	188	1.0
185	20	1.0
185	57	1.0
185	169	1.0
185	171	1.0
185	172	1.0
185	175	1.0
185	179	1.0
185	180	2.0
185	184	2.0
185	185	147.0
185	186	2.0
186	30	1.0
186	53	1.0
186	111	1.0
186	123	1.0
186	138	3.0
186	182	1.0
186	183	4.0
186	184	1.0
186	185	1.0
186	186	165.0
186	187	5.0
186	190	1.0
187	114	1.0
187	129	1.0
187	141	3.0
187	178	1.0
187	179	1.0
187	187	146.0
187	188	8.0
187	189	2.0
188	97	1.0
188	115	1.0
188	123	1.0
188	124	1.0
188	136	1.0
188	141	1.0
188	178	1.0
188	187	5.0
188	188	167.0
189	98	1.0
189	109	1.0
189	154	1.0
189	172	1.0
189	176	2.0
189	178	2.0
189	179	1.0
189	182	1.0
189	186	1.0
189	187	1.0
189	189	141.0
189	190	2.0
190	169	1.0
190	172	1.0
190	174	1.0
190	175	1.0
190	176	1.0
190	190	135.0
191	70	1.0
191	109	1.0
191	110	1.0
191	114	2.0
191	115	1.0
191	116	1.0
191	166	1.0
191	167	3.0
191	170	1.0
191	181	1.0
191	182	1.0
191	191	131.0
191	192	1.0
192	43	1.0
192	111	1.0
192	114	1.0
192	118	1.0
192	149	1.0
192	154	1.0
192	167	1.0
192	191	1.0
192	192	146.0
192	193	2.0
193	115	1.0
193	116	2.0
193	117	1.0
193	118	1.0
193	119	2.0
193	153	1.0
193	155	1.0
193	186	1.0
193	191	1.0
193	192	1.0
193	193	155.0
193	195	1.0
194	7	1.0
194	42	1.0
194	182	2.0
194	183	1.0
194	185	1.0
194	187	1.0
194	194	154.0
195	96	1.0
195	146	1.0
195	183	2.0
195	194	1.0
195	195	143.0
196	48	1.0
196	58	1.0
196	70	1.0
196	183	1.0
196	195	5.0
196	196	150.0
197	194	1.0
197	195	1.0
197	197	147.0
199	1	2.0
199	2	1.0
199	87	1.0
199	88	1.0
199	161	2.0
199	164	1.0
199	174	2.0
199	199	117.0
