1	1	1.0
2	68	1.0
3	3	1.0
4	4	1.0
4	22	1.0
5	5	1.0
5	57	1.0
6	6	3.0
7	7	4.0
7	20	1.0
7	69	1.0
9	9	3.0
9	12	1.0
11	11	2.0
13	65	1.0
15	15	5.0
18	18	83.0
18	26	1.0
18	36	1.0
18	37	1.0
18	39	1.0
18	70	1.0
19	19	73.0
19	24	2.0
19	34	1.0
19	42	5.0
19	76	1.0
19	77	1.0
20	20	171.0
20	21	10.0
20	22	7.0
20	23	2.0
20	34	2.0
20	42	4.0
20	77	1.0
21	21	163.0
21	22	8.0
21	23	8.0
21	24	2.0
21	34	4.0
21	35	4.0
22	22	165.0
22	23	4.0
22	25	7.0
22	34	1.0
22	35	2.0
23	23	153.0
23	24	3.0
23	25	1.0
23	34	2.0
23	35	3.0
24	24	159.0
24	25	5.0
24	34	9.0
24	35	1.0
24	38	1.0
24	41	5.0
24	50	1.0
25	25	142.0
25	34	3.0
25	36	1.0
25	40	1.0
25	41	2.0
25	75	2.0
26	26	136.0
26	27	11.0
26	32	2.0
26	33	7.0
26	34	1.0
26	35	1.0
26	36	4.0
26	38	8.0
26	41	1.0
26	75	4.0
27	27	149.0
27	28	1.0
27	32	7.0
27	33	8.0
27	35	1.0
27	36	1.0
27	38	5.0
27	39	1.0
27	41	3.0
27	43	4.0
27	44	1.0
27	46	1.0
27	47	1.0
27	50	7.0
27	60	1.0
27	73	1.0
27	75	5.0
28	28	36.0
28	37	1.0
28	44	2.0
28	45	1.0
28	47	1.0
28	50	1.0
28	51	1.0
28	54	2.0
28	55	1.0
28	69	1.0
28	72	1.0
29	29	11.0
29	39	1.0
29	44	1.0
29	58	1.0
30	30	1.0
31	31	2.0
31	35	1.0
32	32	129.0
32	33	9.0
32	36	2.0
32	37	1.0
32	38	4.0
32	39	1.0
32	43	5.0
32	44	4.0
32	50	2.0
32	72	2.0
33	33	155.0
33	36	2.0
33	38	2.0
33	43	2.0
33	44	7.0
33	47	1.0
33	50	2.0
33	72	1.0
33	75	4.0
34	34	161.0
34	35	7.0
34	36	1.0
34	37	1.0
34	41	2.0
34	42	1.0
34	52	1.0
34	75	1.0
35	35	155.0
35	36	3.0
35	37	20.0
35	38	3.0
35	39	3.0
35	41	2.0
35	75	1.0
36	36	104.0
36	37	5.0
36	38	2.0
36	39	3.0
36	41	3.0
36	75	5.0
37	37	89.0
37	41	2.0
37	42	1.0
38	38	85.0
38	39	2.0
38	41	2.0
38	44	1.0
38	50	1.0
38	60	1.0
38	71	1.0
38	75	1.0
39	39	50.0
39	60	1.0
39	61	1.0
39	63	1.0
39	67	4.0
39	69	5.0
39	77	1.0
40	40	8.0
40	42	1.0
41	41	130.0
41	42	1.0
41	75	4.0
41	76	4.0
42	42	158.0
42	43	6.0
42	73	1.0
42	75	1.0
42	76	8.0
42	77	3.0
43	43	194.0
43	44	9.0
43	46	1.0
43	47	4.0
43	50	1.0
43	55	3.0
43	64	1.0
43	71	1.0
43	72	6.0
43	73	12.0
43	75	4.0
43	76	5.0
43	77	4.0
44	44	196.0
44	46	2.0
44	47	3.0
44	50	8.0
44	55	1.0
44	72	6.0
44	73	6.0
44	74	2.0
44	75	2.0
45	45	102.0
45	46	12.0
45	47	5.0
45	48	6.0
45	49	1.0
45	51	1.0
45	54	1.0
45	55	9.0
45	56	1.0
45	57	1.0
45	58	2.0
45	59	1.0
45	60	3.0
45	61	1.0
45	63	1.0
45	72	4.0
45	73	2.0
45	74	1.0
45	75	1.0
46	46	152.0
46	47	7.0
46	55	17.0
46	57	2.0
46	60	1.0
46	68	1.0
46	71	1.0
46	72	8.0
46	73	1.0
47	47	136.0
47	48	3.0
47	50	7.0
47	53	1.0
47	54	2.0
47	55	1.0
47	57	2.0
47	58	1.0
47	72	4.0
47	73	11.0
47	74	8.0
48	48	44.0
48	51	1.0
48	54	3.0
48	55	2.0
48	57	1.0
48	58	2.0
48	60	1.0
48	61	1.0
49	49	18.0
49	55	1.0
49	56	2.0
49	64	1.0
50	50	86.0
50	54	1.0
50	66	1.0
50	73	1.0
50	75	3.0
51	51	27.0
51	52	2.0
51	53	1.0
51	54	3.0
51	55	2.0
51	60	1.0
51	61	5.0
51	67	1.0
52	52	50.0
52	53	4.0
52	54	2.0
52	56	1.0
52	64	1.0
52	65	2.0
52	69	1.0
53	53	64.0
53	60	2.0
53	63	1.0
53	66	2.0
53	69	1.0
54	54	70.0
54	55	2.0
54	57	2.0
54	58	1.0
54	60	2.0
54	63	2.0
54	66	1.0
54	67	1.0
54	74	1.0
55	55	129.0
55	56	3.0
55	59	4.0
55	60	5.0
55	66	1.0
55	72	2.0
56	56	13.0
56	61	2.0
57	57	27.0
57	72	6.0
57	74	1.0
58	58	34.0
58	63	1.0
58	72	1.0
59	59	19.0
59	61	1.0
60	60	146.0
60	61	3.0
60	63	2.0
60	67	6.0
60	68	7.0
60	69	2.0
60	70	1.0
60	72	1.0
60	73	1.0
60	77	6.0
61	61	215.0
61	62	13.0
61	63	4.0
61	64	1.0
61	66	4.0
61	68	9.0
61	69	9.0
61	71	2.0
61	76	4.0
61	77	6.0
62	62	198.0
62	63	1.0
62	66	4.0
62	68	2.0
62	69	9.0
62	76	7.0
62	77	2.0
63	63	95.0
63	64	1.0
63	65	2.0
63	69	1.0
63	76	5.0
64	64	61.0
64	65	1.0
64	66	2.0
64	68	1.0
64	69	1.0
65	65	135.0
65	67	1.0
65	68	1.0
65	69	2.0
66	66	114.0
66	69	8.0
66	76	2.0
67	67	221.0
67	68	6.0
67	69	1.0
67	77	7.0
68	68	203.0
68	69	9.0
68	71	1.0
68	73	1.0
68	77	4.0
69	69	190.0
69	70	1.0
69	75	3.0
69	77	3.0
70	70	88.0
70	71	8.0
70	72	1.0
70	73	1.0
70	74	14.0
71	71	143.0
71	72	2.0
71	73	1.0
71	74	10.0
71	75	3.0
71	77	1.0
72	72	145.0
72	73	7.0
72	74	7.0
73	73	141.0
73	74	2.0
73	75	1.0
73	77	1.0
74	74	185.0
75	75	145.0
75	76	2.0
76	76	289.0
76	77	10.0
77	77	326.0
77	78	3.0
78	78	6.0
79	79	4.0
