1	1	445.0
1	2	4.0
1	5	3.0
1	33	1.0
1	35	1.0
1	38	1.0
1	46	1.0
1	55	2.0
1	60	1.0
1	209	1.0
1	241	1.0
1	244	4.0
2	1	6.0
2	2	421.0
2	6	2.0
2	8	1.0
2	29	1.0
2	47	3.0
2	55	1.0
2	57	2.0
2	63	1.0
2	79	2.0
2	80	1.0
2	113	1.0
2	120	1.0
2	176	1.0
2	244	2.0
3	2	3.0
3	3	389.0
3	4	1.0
3	6	4.0
3	7	2.0
3	32	1.0
3	39	2.0
3	52	1.0
3	60	4.0
3	61	1.0
3	63	1.0
3	113	1.0
3	150	1.0
3	244	1.0
4	4	434.0
4	13	2.0
4	14	2.0
4	17	1.0
4	19	1.0
4	37	1.0
4	40	2.0
4	41	1.0
4	53	1.0
4	54	1.0
4	62	1.0
4	130	2.0
4	190	1.0
4	194	1.0
4	240	1.0
5	1	1.0
5	5	367.0
5	6	2.0
5	8	1.0
5	18	1.0
5	32	3.0
5	37	1.0
5	41	1.0
5	42	1.0
5	54	1.0
5	82	2.0
5	116	1.0
5	172	1.0
5	210	1.0
5	242	2.0
6	2	2.0
6	3	1.0
6	4	1.0
6	6	439.0
6	7	2.0
6	8	1.0
6	13	1.0
6	42	2.0
6	58	1.0
6	59	2.0
6	60	1.0
6	78	1.0
6	83	1.0
6	96	1.0
6	104	1.0
6	241	1.0
7	1	1.0
7	3	3.0
7	4	1.0
7	7	419.0
7	8	1.0
7	31	1.0
7	34	1.0
7	35	1.0
7	37	1.0
7	45	1.0
7	51	2.0
7	59	1.0
7	71	1.0
7	75	2.0
7	83	1.0
7	84	1.0
7	189	1.0
7	222	1.0
7	244	2.0
8	2	2.0
8	3	1.0
8	5	1.0
8	6	1.0
8	7	2.0
8	8	435.0
8	16	1.0
8	33	1.0
8	35	1.0
8	37	2.0
8	49	1.0
8	63	1.0
8	89	1.0
8	103	1.0
8	115	1.0
8	134	1.0
8	241	1.0
8	242	1.0
8	244	1.0
9	8	1.0
9	9	319.0
9	10	2.0
9	11	1.0
9	12	1.0
9	17	1.0
9	38	1.0
9	206	1.0
10	9	2.0
10	10	300.0
10	13	1.0
10	19	1.0
10	21	1.0
10	31	1.0
10	32	1.0
10	39	1.0
10	62	1.0
10	209	1.0
11	10	3.0
11	11	265.0
11	12	1.0
11	13	2.0
11	26	1.0
12	10	1.0
12	12	249.0
12	13	4.0
12	16	3.0
12	22	1.0
12	54	1.0
13	4	1.0
13	9	1.0
13	13	239.0
13	14	3.0
13	15	2.0
13	16	2.0
13	19	1.0
13	21	1.0
13	23	1.0
13	29	2.0
13	36	2.0
14	13	3.0
14	14	263.0
14	16	4.0
14	21	2.0
14	22	1.0
14	24	1.0
14	45	1.0
14	135	1.0
15	9	1.0
15	13	3.0
15	14	7.0
15	15	331.0
15	16	3.0
15	18	1.0
15	24	1.0
15	31	1.0
15	36	1.0
15	44	1.0
15	165	1.0
15	227	1.0
16	9	4.0
16	10	1.0
16	13	4.0
16	14	1.0
16	15	4.0
16	16	330.0
16	17	1.0
16	19	2.0
16	20	3.0
16	21	1.0
16	37	2.0
16	115	1.0
17	5	3.0
17	16	1.0
17	17	280.0
17	18	1.0
17	19	1.0
17	32	3.0
17	40	1.0
17	41	4.0
17	43	2.0
17	48	1.0
17	56	1.0
17	57	1.0
17	205	1.0
18	12	1.0
18	13	1.0
18	15	2.0
18	17	1.0
18	18	321.0
18	19	3.0
18	20	2.0
18	45	2.0
18	203	1.0
18	225	1.0
19	4	2.0
19	12	1.0
19	14	1.0
19	18	3.0
19	19	297.0
19	23	1.0
19	31	1.0
19	195	1.0
20	13	2.0
20	14	1.0
20	18	4.0
20	19	2.0
20	20	378.0
20	21	1.0
20	22	1.0
20	23	1.0
20	28	1.0
20	33	1.0
20	59	1.0
20	165	1.0
20	227	1.0
21	13	1.0
21	16	2.0
21	17	1.0
21	21	358.0
21	22	3.0
21	23	1.0
21	30	1.0
21	31	1.0
21	40	1.0
21	57	2.0
21	58	2.0
21	189	1.0
21	204	1.0
22	11	3.0
22	14	1.0
22	16	2.0
22	19	3.0
22	21	2.0
22	22	344.0
22	23	4.0
22	29	1.0
22	39	1.0
22	40	1.0
22	51	1.0
22	52	1.0
22	56	1.0
22	58	2.0
22	59	1.0
22	188	1.0
23	14	1.0
23	20	1.0
23	21	1.0
23	23	468.0
23	24	3.0
23	25	3.0
23	29	1.0
23	39	2.0
23	53	1.0
23	59	1.0
23	68	1.0
23	161	1.0
23	188	1.0
23	192	1.0
24	23	2.0
24	24	314.0
24	25	3.0
24	27	3.0
24	54	4.0
24	55	3.0
24	68	1.0
24	85	2.0
24	223	1.0
25	24	2.0
25	25	384.0
25	27	1.0
25	30	3.0
25	54	1.0
25	55	1.0
25	61	1.0
25	62	2.0
25	64	3.0
25	65	1.0
25	85	1.0
25	98	1.0
25	100	1.0
25	113	1.0
25	114	2.0
25	122	1.0
25	161	1.0
26	22	3.0
26	26	269.0
26	64	1.0
26	65	1.0
26	99	1.0
26	176	1.0
27	26	2.0
27	27	297.0
27	28	2.0
27	68	1.0
27	198	1.0
28	12	1.0
28	26	1.0
28	27	1.0
28	28	334.0
28	31	4.0
28	33	1.0
28	39	1.0
28	55	2.0
28	69	1.0
28	102	3.0
29	22	1.0
29	24	1.0
29	26	1.0
29	28	1.0
29	29	377.0
29	30	1.0
29	35	1.0
29	39	1.0
29	40	2.0
29	41	3.0
29	55	1.0
29	60	2.0
29	105	2.0
30	11	1.0
30	20	1.0
30	21	1.0
30	23	1.0
30	25	1.0
30	26	1.0
30	30	342.0
30	31	2.0
30	51	1.0
30	66	1.0
30	68	1.0
30	103	1.0
30	104	1.0
30	191	1.0
31	8	1.0
31	10	2.0
31	16	1.0
31	23	2.0
31	24	1.0
31	25	1.0
31	28	1.0
31	29	1.0
31	30	1.0
31	31	327.0
31	32	1.0
31	33	3.0
31	34	1.0
31	40	2.0
31	55	1.0
31	66	2.0
31	68	3.0
31	103	1.0
31	158	1.0
31	244	2.0
32	10	3.0
32	30	1.0
32	31	2.0
32	32	212.0
32	33	1.0
32	38	4.0
32	60	1.0
32	64	1.0
32	68	1.0
32	74	1.0
32	85	1.0
32	86	1.0
32	88	1.0
33	6	1.0
33	20	1.0
33	23	2.0
33	24	1.0
33	28	1.0
33	29	1.0
33	31	1.0
33	33	317.0
33	34	1.0
33	35	2.0
33	37	1.0
33	39	1.0
33	88	1.0
33	105	1.0
33	121	1.0
33	170	1.0
33	181	1.0
33	202	1.0
33	244	2.0
34	33	1.0
34	34	288.0
34	35	1.0
34	36	1.0
34	50	2.0
34	51	1.0
34	75	1.0
34	77	2.0
34	244	1.0
35	5	2.0
35	7	1.0
35	31	1.0
35	33	1.0
35	35	257.0
35	36	2.0
35	41	1.0
35	49	1.0
35	56	3.0
35	68	1.0
35	169	1.0
35	195	1.0
35	211	1.0
36	3	1.0
36	4	2.0
36	5	1.0
36	8	1.0
36	15	1.0
36	35	1.0
36	36	299.0
36	37	1.0
36	41	1.0
36	73	1.0
37	5	3.0
37	9	1.0
37	33	1.0
37	36	1.0
37	37	331.0
37	38	3.0
37	41	1.0
37	42	1.0
37	73	1.0
37	84	1.0
37	86	1.0
37	87	1.0
37	91	1.0
38	1	1.0
38	9	1.0
38	17	1.0
38	19	1.0
38	20	1.0
38	36	1.0
38	37	8.0
38	38	343.0
38	41	1.0
38	42	1.0
38	86	2.0
38	88	1.0
38	114	1.0
38	203	2.0
38	213	1.0
39	8	1.0
39	10	1.0
39	23	1.0
39	26	1.0
39	31	1.0
39	32	3.0
39	33	1.0
39	38	5.0
39	39	277.0
39	42	3.0
39	66	1.0
39	86	1.0
39	88	3.0
39	102	1.0
39	181	1.0
39	191	1.0
39	244	1.0
40	22	1.0
40	40	252.0
40	41	3.0
40	48	3.0
40	56	2.0
40	57	1.0
40	170	1.0
40	195	1.0
41	3	1.0
41	17	2.0
41	32	1.0
41	36	1.0
41	37	1.0
41	38	3.0
41	40	1.0
41	41	276.0
41	42	2.0
41	43	1.0
41	50	1.0
41	83	2.0
41	196	1.0
41	204	1.0
42	9	1.0
42	25	1.0
42	42	290.0
42	43	5.0
42	45	2.0
42	63	1.0
42	75	1.0
42	77	1.0
42	103	2.0
42	193	1.0
42	244	1.0
43	24	2.0
43	27	1.0
43	33	1.0
43	39	1.0
43	42	1.0
43	43	351.0
43	45	1.0
43	46	3.0
43	69	1.0
43	74	2.0
43	170	1.0
43	190	1.0
44	7	1.0
44	43	1.0
44	44	328.0
44	45	2.0
44	47	1.0
44	48	2.0
44	53	1.0
44	71	1.0
44	97	2.0
44	124	1.0
44	193	1.0
44	196	1.0
45	29	1.0
45	43	1.0
45	44	3.0
45	45	278.0
45	46	2.0
45	47	3.0
45	48	2.0
46	2	1.0
46	14	2.0
46	20	1.0
46	43	2.0
46	45	5.0
46	46	315.0
46	47	3.0
47	12	1.0
47	14	2.0
47	17	1.0
47	18	1.0
47	21	1.0
47	43	1.0
47	44	1.0
47	45	3.0
47	46	7.0
47	47	326.0
47	48	1.0
47	85	1.0
47	139	1.0
48	27	1.0
48	40	1.0
48	47	1.0
48	48	371.0
48	75	1.0
48	84	2.0
48	86	1.0
48	123	1.0
48	174	2.0
49	6	1.0
49	31	1.0
49	49	316.0
49	50	2.0
49	58	1.0
49	59	1.0
49	72	1.0
49	75	3.0
49	77	4.0
50	3	1.0
50	4	1.0
50	7	2.0
50	31	1.0
50	34	2.0
50	35	2.0
50	49	2.0
50	50	372.0
50	51	1.0
50	52	4.0
50	59	1.0
50	75	1.0
50	77	3.0
50	105	2.0
50	138	1.0
51	5	1.0
51	51	400.0
51	53	1.0
51	54	2.0
51	58	1.0
51	66	1.0
51	67	5.0
51	68	1.0
51	77	1.0
51	78	2.0
51	104	1.0
51	105	1.0
51	206	1.0
52	5	3.0
52	51	1.0
52	52	400.0
52	53	3.0
52	58	1.0
52	59	2.0
52	63	2.0
52	66	2.0
52	70	1.0
52	76	1.0
52	87	1.0
52	187	1.0
53	22	1.0
53	25	1.0
53	30	1.0
53	43	2.0
53	47	1.0
53	50	2.0
53	51	3.0
53	52	6.0
53	53	392.0
53	58	1.0
53	59	2.0
53	60	2.0
53	68	1.0
53	70	1.0
53	71	1.0
53	85	1.0
53	124	1.0
53	212	1.0
54	13	1.0
54	16	2.0
54	20	1.0
54	24	2.0
54	52	1.0
54	54	406.0
54	55	3.0
54	61	3.0
54	70	4.0
54	79	1.0
54	85	2.0
54	129	1.0
54	148	1.0
54	151	1.0
55	1	1.0
55	2	4.0
55	3	1.0
55	6	1.0
55	28	2.0
55	32	1.0
55	39	2.0
55	42	1.0
55	54	2.0
55	55	390.0
55	58	1.0
55	60	1.0
55	61	3.0
55	83	1.0
55	130	1.0
55	217	1.0
56	17	1.0
56	21	2.0
56	35	1.0
56	40	1.0
56	54	1.0
56	56	402.0
56	57	3.0
56	59	3.0
56	61	1.0
56	89	1.0
56	244	1.0
57	2	1.0
57	6	1.0
57	18	2.0
57	21	3.0
57	56	2.0
57	57	366.0
57	58	4.0
57	59	4.0
57	60	3.0
57	78	1.0
57	79	1.0
57	80	1.0
57	116	1.0
57	120	1.0
58	6	1.0
58	21	1.0
58	49	1.0
58	56	1.0
58	58	295.0
58	59	2.0
58	63	5.0
58	64	2.0
58	71	1.0
58	72	1.0
58	82	1.0
58	83	1.0
58	189	1.0
58	204	1.0
59	6	1.0
59	7	1.0
59	21	2.0
59	22	3.0
59	23	2.0
59	35	2.0
59	49	2.0
59	53	2.0
59	56	4.0
59	58	3.0
59	59	286.0
59	65	1.0
59	66	1.0
59	68	1.0
60	1	1.0
60	3	2.0
60	28	1.0
60	29	2.0
60	32	1.0
60	33	1.0
60	50	1.0
60	53	2.0
60	60	304.0
60	68	1.0
60	80	1.0
60	83	1.0
60	105	2.0
60	163	1.0
60	242	1.0
60	244	1.0
61	2	1.0
61	54	1.0
61	55	1.0
61	60	1.0
61	61	283.0
61	62	3.0
61	89	2.0
61	130	1.0
61	131	2.0
61	136	1.0
61	190	1.0
62	62	285.0
62	63	1.0
62	70	1.0
62	86	1.0
62	104	2.0
62	129	1.0
62	133	1.0
62	184	1.0
62	202	1.0
63	4	1.0
63	25	3.0
63	26	1.0
63	52	1.0
63	54	1.0
63	58	2.0
63	62	2.0
63	63	250.0
63	70	1.0
63	100	1.0
63	130	1.0
63	202	1.0
64	26	2.0
64	63	4.0
64	64	293.0
64	65	1.0
64	67	1.0
64	71	1.0
64	74	1.0
64	169	1.0
65	25	1.0
65	50	1.0
65	64	5.0
65	65	283.0
65	66	2.0
65	67	1.0
65	68	3.0
65	69	1.0
65	167	1.0
65	169	1.0
66	24	1.0
66	25	2.0
66	30	1.0
66	31	4.0
66	32	1.0
66	51	2.0
66	52	1.0
66	59	2.0
66	60	1.0
66	65	1.0
66	66	348.0
66	67	3.0
66	68	4.0
66	77	1.0
66	169	1.0
67	35	2.0
67	50	1.0
67	51	3.0
67	52	1.0
67	53	1.0
67	57	1.0
67	59	1.0
67	61	1.0
67	65	2.0
67	66	2.0
67	67	340.0
67	68	3.0
67	75	1.0
67	76	1.0
67	77	1.0
67	78	1.0
67	79	1.0
67	104	1.0
67	168	1.0
67	169	1.0
68	24	3.0
68	25	1.0
68	39	1.0
68	50	2.0
68	55	1.0
68	59	2.0
68	60	2.0
68	65	2.0
68	66	3.0
68	67	4.0
68	68	355.0
68	69	1.0
68	85	1.0
68	98	1.0
68	102	1.0
68	114	1.0
68	115	1.0
68	169	1.0
68	211	1.0
69	28	2.0
69	58	1.0
69	64	1.0
69	65	4.0
69	67	1.0
69	68	2.0
69	69	298.0
69	70	2.0
69	74	1.0
69	98	1.0
69	102	1.0
69	106	1.0
69	137	2.0
69	168	1.0
69	174	1.0
69	209	1.0
69	239	1.0
70	54	1.0
70	70	311.0
70	74	3.0
70	82	1.0
70	98	1.0
70	116	2.0
70	129	2.0
71	7	1.0
71	34	2.0
71	36	1.0
71	53	1.0
71	54	1.0
71	58	2.0
71	64	2.0
71	65	1.0
71	70	3.0
71	71	238.0
71	72	5.0
71	73	2.0
71	74	2.0
71	97	1.0
71	206	1.0
72	3	1.0
72	7	1.0
72	35	1.0
72	36	1.0
72	58	1.0
72	71	4.0
72	72	247.0
72	84	1.0
72	86	4.0
72	91	1.0
73	7	1.0
73	28	1.0
73	72	6.0
73	73	250.0
73	86	3.0
73	95	2.0
73	123	1.0
73	174	1.0
74	50	2.0
74	64	1.0
74	65	2.0
74	69	1.0
74	70	2.0
74	71	1.0
74	74	288.0
74	75	2.0
74	85	1.0
74	96	1.0
74	135	2.0
74	208	1.0
75	50	2.0
75	63	1.0
75	71	1.0
75	74	1.0
75	75	278.0
75	76	1.0
75	83	1.0
75	103	2.0
75	118	1.0
75	119	1.0
75	124	1.0
75	126	1.0
75	138	1.0
75	155	1.0
75	164	2.0
75	165	1.0
75	167	2.0
75	175	1.0
75	183	1.0
75	206	1.0
75	208	2.0
76	65	1.0
76	71	1.0
76	74	1.0
76	75	3.0
76	76	250.0
76	77	1.0
76	83	1.0
76	88	1.0
76	155	2.0
76	168	1.0
76	175	1.0
76	208	1.0
77	34	1.0
77	49	2.0
77	52	1.0
77	66	1.0
77	67	1.0
77	72	1.0
77	75	1.0
77	77	211.0
77	78	5.0
77	79	1.0
77	80	3.0
77	83	1.0
77	103	1.0
78	6	1.0
78	12	1.0
78	51	2.0
78	60	1.0
78	67	1.0
78	76	1.0
78	77	3.0
78	78	210.0
78	79	1.0
78	81	1.0
78	124	1.0
78	125	2.0
78	126	1.0
78	127	2.0
78	154	2.0
78	204	1.0
79	52	1.0
79	75	1.0
79	76	1.0
79	78	3.0
79	79	253.0
79	80	1.0
79	84	1.0
79	87	1.0
79	119	3.0
79	125	2.0
79	155	1.0
79	158	1.0
79	175	1.0
80	42	1.0
80	57	1.0
80	77	1.0
80	79	4.0
80	80	258.0
80	81	4.0
80	120	1.0
80	121	1.0
80	123	1.0
81	5	1.0
81	52	1.0
81	70	1.0
81	77	1.0
81	79	1.0
81	80	3.0
81	81	229.0
81	82	1.0
81	88	1.0
81	185	1.0
82	4	1.0
82	53	1.0
82	75	1.0
82	79	1.0
82	81	2.0
82	82	256.0
82	84	1.0
82	213	1.0
83	4	3.0
83	5	1.0
83	7	1.0
83	35	1.0
83	60	1.0
83	68	1.0
83	75	1.0
83	82	2.0
83	83	226.0
83	119	1.0
83	175	3.0
84	7	1.0
84	34	3.0
84	72	1.0
84	73	1.0
84	75	3.0
84	78	1.0
84	81	1.0
84	82	1.0
84	84	231.0
84	85	2.0
84	86	1.0
84	88	2.0
84	91	1.0
84	119	1.0
84	120	1.0
85	19	1.0
85	20	2.0
85	24	1.0
85	32	1.0
85	53	1.0
85	54	1.0
85	55	2.0
85	61	2.0
85	85	281.0
85	86	3.0
85	87	1.0
85	120	2.0
85	171	2.0
86	24	1.0
86	27	1.0
86	30	1.0
86	36	1.0
86	46	1.0
86	73	1.0
86	85	3.0
86	86	269.0
86	120	1.0
86	122	1.0
86	126	1.0
86	190	1.0
86	191	2.0
86	209	1.0
87	39	1.0
87	53	2.0
87	80	1.0
87	87	55.0
87	90	1.0
87	91	1.0
87	107	1.0
87	112	2.0
87	124	1.0
88	9	1.0
88	19	1.0
88	30	1.0
88	31	1.0
88	32	3.0
88	33	2.0
88	39	3.0
88	47	1.0
88	53	1.0
88	73	1.0
88	75	1.0
88	79	2.0
88	85	1.0
88	86	1.0
88	87	2.0
88	88	211.0
88	124	2.0
89	8	2.0
89	47	1.0
89	56	1.0
89	86	2.0
89	88	1.0
89	89	134.0
89	122	2.0
89	136	1.0
89	165	1.0
90	87	1.0
90	89	1.0
90	90	34.0
90	91	6.0
90	104	1.0
90	114	1.0
91	89	1.0
91	90	4.0
91	91	99.0
91	92	1.0
91	121	1.0
91	137	1.0
91	205	1.0
91	244	1.0
92	7	1.0
92	92	91.0
92	123	1.0
92	133	1.0
92	138	1.0
95	21	1.0
95	95	245.0
95	100	1.0
95	109	1.0
95	118	1.0
95	135	1.0
95	200	1.0
96	44	1.0
96	70	1.0
96	74	1.0
96	96	199.0
96	97	1.0
96	98	1.0
96	105	1.0
96	115	1.0
96	117	1.0
96	136	1.0
96	137	1.0
96	167	1.0
97	12	1.0
97	18	1.0
97	28	1.0
97	44	3.0
97	97	255.0
97	98	4.0
97	99	2.0
97	100	2.0
97	124	1.0
97	145	1.0
97	173	1.0
98	69	1.0
98	70	2.0
98	96	2.0
98	97	1.0
98	98	322.0
98	103	1.0
98	150	1.0
99	39	1.0
99	63	1.0
99	70	1.0
99	72	1.0
99	97	1.0
99	98	2.0
99	99	342.0
99	116	1.0
99	150	3.0
99	167	1.0
99	174	1.0
99	177	1.0
99	191	1.0
99	207	1.0
100	6	1.0
100	15	1.0
100	25	4.0
100	64	2.0
100	69	1.0
100	97	1.0
100	100	295.0
100	150	2.0
100	151	1.0
101	61	2.0
101	96	1.0
101	100	1.0
101	101	284.0
101	102	2.0
101	103	1.0
101	111	1.0
101	112	1.0
101	116	1.0
101	136	2.0
101	152	1.0
101	153	2.0
102	6	2.0
102	28	2.0
102	30	2.0
102	39	1.0
102	69	1.0
102	101	3.0
102	102	294.0
102	103	2.0
102	106	3.0
102	112	1.0
102	131	1.0
102	133	1.0
102	135	1.0
102	153	1.0
102	164	1.0
103	30	2.0
103	33	1.0
103	83	1.0
103	102	1.0
103	103	302.0
103	104	3.0
103	105	1.0
103	111	1.0
103	123	1.0
103	124	1.0
103	125	1.0
103	154	1.0
103	164	1.0
104	24	1.0
104	100	1.0
104	101	1.0
104	103	3.0
104	104	281.0
104	105	2.0
104	106	1.0
104	125	1.0
105	7	1.0
105	31	1.0
105	35	1.0
105	51	1.0
105	98	1.0
105	102	3.0
105	103	3.0
105	104	3.0
105	105	294.0
105	106	2.0
105	108	3.0
105	109	1.0
105	114	1.0
105	115	1.0
105	117	1.0
105	149	1.0
106	28	1.0
106	69	1.0
106	106	386.0
106	108	1.0
107	101	1.0
107	106	4.0
107	107	305.0
107	108	9.0
107	109	1.0
107	138	1.0
107	159	2.0
108	105	1.0
108	107	3.0
108	108	247.0
108	109	1.0
108	114	1.0
108	115	2.0
109	1	1.0
109	33	1.0
109	34	1.0
109	39	1.0
109	109	418.0
109	110	5.0
109	111	2.0
109	114	3.0
109	118	3.0
109	131	1.0
109	135	1.0
109	136	2.0
109	145	1.0
109	244	1.0
110	63	1.0
110	107	2.0
110	108	1.0
110	109	3.0
110	110	207.0
110	121	1.0
110	129	2.0
110	161	1.0
110	166	1.0
111	104	1.0
111	111	241.0
111	112	1.0
111	113	1.0
111	120	3.0
111	129	2.0
111	135	1.0
111	136	1.0
111	140	1.0
111	242	1.0
112	4	1.0
112	53	1.0
112	87	3.0
112	102	2.0
112	108	1.0
112	111	1.0
112	112	240.0
112	113	2.0
112	127	1.0
113	7	1.0
113	49	1.0
113	73	1.0
113	112	1.0
113	113	351.0
113	120	1.0
113	121	1.0
113	123	1.0
113	125	1.0
114	70	1.0
114	74	1.0
114	96	2.0
114	99	1.0
114	114	365.0
114	115	4.0
114	118	1.0
114	119	2.0
114	120	3.0
114	127	1.0
114	132	1.0
114	179	1.0
114	221	1.0
115	61	2.0
115	66	1.0
115	85	1.0
115	105	1.0
115	107	2.0
115	108	1.0
115	114	2.0
115	115	378.0
115	116	1.0
115	117	1.0
115	119	1.0
115	121	1.0
115	144	1.0
115	145	1.0
115	176	1.0
116	70	2.0
116	104	4.0
116	105	1.0
116	115	1.0
116	116	296.0
116	118	1.0
116	129	1.0
116	135	2.0
116	211	1.0
117	74	1.0
117	114	1.0
117	115	2.0
117	117	368.0
117	118	5.0
117	123	1.0
117	124	1.0
117	135	1.0
117	136	2.0
118	61	1.0
118	68	1.0
118	70	1.0
118	84	1.0
118	91	1.0
118	92	1.0
118	114	2.0
118	115	3.0
118	117	6.0
118	118	401.0
118	119	4.0
118	123	1.0
118	127	1.0
118	206	1.0
119	10	1.0
119	75	1.0
119	79	2.0
119	86	1.0
119	92	1.0
119	118	2.0
119	119	425.0
119	137	2.0
119	142	4.0
119	169	1.0
119	174	1.0
120	21	1.0
120	81	1.0
120	113	5.0
120	114	1.0
120	119	2.0
120	120	446.0
120	121	5.0
120	122	2.0
120	123	1.0
121	1	1.0
121	61	1.0
121	79	1.0
121	99	1.0
121	114	1.0
121	118	1.0
121	120	6.0
121	121	458.0
121	122	1.0
121	125	1.0
121	126	1.0
121	131	2.0
121	151	1.0
121	213	1.0
121	224	1.0
122	2	2.0
122	61	1.0
122	62	2.0
122	71	1.0
122	95	1.0
122	111	1.0
122	113	1.0
122	115	2.0
122	121	2.0
122	122	347.0
122	123	4.0
122	124	2.0
122	127	2.0
122	135	1.0
122	158	1.0
122	191	1.0
122	199	1.0
123	73	1.0
123	80	1.0
123	90	1.0
123	117	3.0
123	118	1.0
123	119	1.0
123	123	252.0
123	124	3.0
123	127	1.0
123	135	1.0
123	160	1.0
124	61	1.0
124	67	1.0
124	79	1.0
124	85	1.0
124	86	1.0
124	118	1.0
124	122	1.0
124	123	1.0
124	124	358.0
124	125	6.0
124	126	1.0
124	127	1.0
124	186	2.0
124	187	1.0
124	200	1.0
125	35	1.0
125	76	2.0
125	78	1.0
125	79	2.0
125	124	2.0
125	125	395.0
125	126	2.0
125	134	1.0
125	142	1.0
125	154	1.0
125	165	1.0
125	195	2.0
125	229	1.0
126	41	1.0
126	78	1.0
126	79	1.0
126	113	1.0
126	121	1.0
126	124	2.0
126	125	1.0
126	126	379.0
126	127	2.0
126	129	1.0
126	132	2.0
126	151	1.0
126	157	1.0
126	187	1.0
126	199	1.0
126	209	2.0
127	2	1.0
127	16	2.0
127	79	1.0
127	120	1.0
127	123	1.0
127	124	2.0
127	125	1.0
127	126	4.0
127	127	498.0
127	128	1.0
127	135	1.0
127	136	2.0
127	137	3.0
127	138	3.0
127	139	2.0
127	151	1.0
127	185	1.0
127	188	1.0
127	193	1.0
127	200	1.0
127	208	1.0
127	212	1.0
127	244	1.0
128	25	1.0
128	61	1.0
128	120	3.0
128	122	2.0
128	127	1.0
128	128	488.0
128	129	3.0
128	130	1.0
128	136	1.0
128	160	1.0
128	172	1.0
128	192	1.0
128	193	1.0
128	194	1.0
128	201	1.0
128	219	1.0
129	5	2.0
129	55	1.0
129	111	1.0
129	126	2.0
129	128	2.0
129	129	386.0
129	130	1.0
129	134	1.0
129	139	1.0
129	161	1.0
129	173	1.0
129	187	1.0
129	189	1.0
130	4	1.0
130	55	2.0
130	62	1.0
130	63	1.0
130	107	1.0
130	121	1.0
130	127	1.0
130	129	5.0
130	130	281.0
130	131	1.0
130	132	1.0
130	196	3.0
131	55	1.0
131	61	1.0
131	77	1.0
131	112	1.0
131	113	2.0
131	125	3.0
131	130	2.0
131	131	173.0
131	133	2.0
131	135	2.0
131	142	2.0
132	92	1.0
132	121	1.0
132	126	2.0
132	128	1.0
132	130	1.0
132	131	1.0
132	132	191.0
132	139	1.0
132	164	1.0
133	25	2.0
133	62	3.0
133	102	1.0
133	103	1.0
133	128	1.0
133	131	1.0
133	132	2.0
133	133	327.0
133	134	1.0
133	164	2.0
134	36	2.0
134	86	1.0
134	103	1.0
134	110	1.0
134	131	1.0
134	133	1.0
134	134	374.0
134	135	4.0
134	136	4.0
134	154	1.0
134	165	1.0
134	173	2.0
134	174	1.0
134	198	1.0
134	203	4.0
134	210	2.0
135	25	1.0
135	54	1.0
135	61	1.0
135	95	1.0
135	105	1.0
135	113	2.0
135	122	1.0
135	123	1.0
135	134	2.0
135	135	426.0
135	160	2.0
135	175	2.0
135	178	1.0
135	190	1.0
135	197	1.0
135	206	1.0
136	57	2.0
136	61	1.0
136	103	1.0
136	105	1.0
136	111	1.0
136	117	2.0
136	118	1.0
136	134	1.0
136	135	1.0
136	136	323.0
136	137	4.0
136	138	1.0
136	175	1.0
136	190	2.0
136	191	1.0
136	201	1.0
137	89	2.0
137	96	3.0
137	97	1.0
137	100	1.0
137	101	1.0
137	115	2.0
137	116	3.0
137	119	1.0
137	124	1.0
137	127	1.0
137	136	7.0
137	137	339.0
137	138	1.0
137	139	1.0
137	144	1.0
137	176	1.0
137	183	1.0
137	201	1.0
138	108	1.0
138	137	2.0
138	138	314.0
138	142	3.0
138	143	1.0
138	144	1.0
138	159	3.0
138	162	1.0
138	167	1.0
138	184	1.0
138	187	1.0
138	199	2.0
138	205	1.0
138	207	2.0
138	208	1.0
139	127	1.0
139	139	242.0
139	161	1.0
139	182	1.0
139	193	4.0
139	196	1.0
139	198	1.0
139	199	2.0
140	125	2.0
140	140	126.0
140	154	5.0
140	185	1.0
140	186	1.0
141	137	1.0
141	141	113.0
141	143	1.0
141	186	1.0
141	187	1.0
141	190	1.0
141	205	1.0
141	227	1.0
142	73	1.0
142	103	1.0
142	119	1.0
142	125	1.0
142	137	2.0
142	141	2.0
142	142	91.0
142	151	1.0
142	158	1.0
142	187	1.0
143	37	1.0
143	79	1.0
143	125	1.0
143	127	2.0
143	139	2.0
143	141	1.0
143	143	158.0
143	146	1.0
143	147	1.0
143	186	1.0
143	188	1.0
143	193	1.0
143	210	1.0
144	68	1.0
144	137	2.0
144	138	1.0
144	143	1.0
144	144	345.0
144	145	2.0
144	146	7.0
144	151	1.0
144	158	1.0
144	191	1.0
144	212	2.0
145	56	1.0
145	91	2.0
145	136	2.0
145	138	2.0
145	144	3.0
145	145	262.0
145	146	2.0
145	147	1.0
145	150	1.0
145	158	1.0
145	210	1.0
145	223	1.0
146	44	1.0
146	92	1.0
146	128	2.0
146	138	1.0
146	139	1.0
146	143	1.0
146	144	1.0
146	145	4.0
146	146	171.0
146	151	2.0
146	194	1.0
146	201	1.0
147	146	1.0
147	147	238.0
147	148	1.0
147	149	1.0
147	167	1.0
147	192	1.0
147	215	1.0
147	220	1.0
147	223	1.0
148	118	1.0
148	126	1.0
148	127	1.0
148	142	1.0
148	145	1.0
148	147	2.0
148	148	264.0
148	149	2.0
148	150	1.0
148	192	1.0
148	214	1.0
149	140	1.0
149	148	3.0
149	149	268.0
149	150	1.0
149	151	1.0
149	155	1.0
149	163	1.0
149	193	1.0
149	194	2.0
149	195	1.0
149	196	1.0
149	214	1.0
150	114	1.0
150	126	1.0
150	128	1.0
150	139	1.0
150	145	1.0
150	148	1.0
150	149	1.0
150	150	243.0
150	151	1.0
150	169	1.0
150	172	1.0
150	192	1.0
150	193	1.0
150	209	1.0
150	217	1.0
151	104	1.0
151	116	1.0
151	126	2.0
151	127	3.0
151	150	3.0
151	151	216.0
151	152	4.0
151	153	1.0
151	155	2.0
151	168	1.0
151	169	1.0
151	192	1.0
151	195	1.0
151	209	3.0
151	210	3.0
152	105	1.0
152	116	1.0
152	126	2.0
152	127	3.0
152	143	2.0
152	150	1.0
152	151	2.0
152	152	294.0
152	153	6.0
152	158	1.0
152	168	2.0
152	187	1.0
152	210	1.0
153	23	1.0
153	72	1.0
153	97	1.0
153	101	1.0
153	102	2.0
153	104	1.0
153	119	1.0
153	141	1.0
153	143	1.0
153	151	1.0
153	152	1.0
153	153	310.0
153	154	4.0
153	164	3.0
153	165	1.0
153	187	1.0
153	189	1.0
153	225	1.0
153	227	1.0
154	97	1.0
154	103	1.0
154	125	1.0
154	140	5.0
154	152	1.0
154	153	9.0
154	154	211.0
154	185	1.0
154	194	1.0
155	3	1.0
155	15	1.0
155	76	1.0
155	134	1.0
155	152	1.0
155	153	1.0
155	155	267.0
155	158	1.0
155	163	1.0
155	166	2.0
155	167	1.0
155	168	1.0
155	173	1.0
155	174	1.0
156	31	1.0
156	79	1.0
156	156	167.0
156	157	3.0
156	164	1.0
156	170	1.0
156	183	1.0
156	185	1.0
157	76	1.0
157	155	1.0
157	157	206.0
157	158	3.0
157	163	1.0
157	174	1.0
157	176	1.0
157	183	1.0
157	184	2.0
157	205	1.0
157	207	2.0
158	157	1.0
158	158	283.0
158	159	4.0
158	162	1.0
158	183	4.0
158	185	1.0
158	212	1.0
159	106	1.0
159	115	1.0
159	142	1.0
159	145	1.0
159	158	2.0
159	159	375.0
159	160	1.0
159	184	1.0
159	198	1.0
159	199	1.0
159	200	2.0
159	208	1.0
159	239	1.0
160	115	1.0
160	154	1.0
160	157	1.0
160	159	6.0
160	160	299.0
160	161	1.0
160	196	1.0
160	205	1.0
160	206	1.0
160	224	1.0
161	128	1.0
161	149	1.0
161	160	1.0
161	161	256.0
161	170	1.0
161	186	1.0
161	204	1.0
161	206	1.0
162	159	2.0
162	161	1.0
162	162	272.0
162	165	1.0
162	171	1.0
162	173	1.0
162	181	1.0
162	184	3.0
162	196	1.0
162	224	1.0
163	97	1.0
163	162	3.0
163	163	367.0
163	164	2.0
163	165	2.0
163	171	1.0
163	175	1.0
163	177	1.0
163	181	2.0
163	215	2.0
163	227	2.0
164	1	1.0
164	16	1.0
164	40	1.0
164	75	3.0
164	76	1.0
164	104	2.0
164	109	1.0
164	124	1.0
164	132	1.0
164	134	4.0
164	156	1.0
164	162	2.0
164	164	493.0
164	165	3.0
164	166	2.0
164	169	2.0
164	173	1.0
164	177	1.0
164	178	1.0
164	216	1.0
165	18	2.0
165	45	1.0
165	112	1.0
165	125	1.0
165	134	3.0
165	164	2.0
165	165	395.0
165	170	1.0
165	210	1.0
166	97	1.0
166	154	1.0
166	156	1.0
166	160	1.0
166	165	4.0
166	166	430.0
166	169	1.0
166	170	4.0
166	171	1.0
166	172	4.0
166	177	1.0
166	178	1.0
166	179	1.0
166	192	1.0
166	214	1.0
166	215	1.0
166	217	1.0
167	7	2.0
167	67	2.0
167	75	1.0
167	76	1.0
167	128	1.0
167	163	1.0
167	164	3.0
167	165	1.0
167	166	3.0
167	167	315.0
167	168	2.0
167	169	2.0
167	178	1.0
168	76	1.0
168	99	1.0
168	100	1.0
168	116	1.0
168	147	1.0
168	155	1.0
168	167	2.0
168	168	319.0
168	170	1.0
168	171	1.0
168	217	1.0
168	244	1.0
169	68	1.0
169	74	1.0
169	146	1.0
169	149	1.0
169	150	1.0
169	160	1.0
169	167	1.0
169	168	1.0
169	169	452.0
169	170	1.0
169	174	1.0
169	185	1.0
169	214	1.0
169	216	2.0
169	217	1.0
170	107	1.0
170	166	1.0
170	167	2.0
170	170	453.0
170	174	2.0
170	175	1.0
170	177	2.0
170	192	1.0
170	216	1.0
170	224	1.0
171	150	1.0
171	156	1.0
171	163	1.0
171	164	1.0
171	166	1.0
171	167	1.0
171	170	2.0
171	171	294.0
171	177	2.0
171	178	1.0
171	182	1.0
171	183	1.0
171	191	3.0
171	192	1.0
171	207	1.0
171	217	1.0
171	218	1.0
172	134	1.0
172	160	2.0
172	161	1.0
172	166	1.0
172	170	2.0
172	171	1.0
172	172	345.0
172	174	1.0
172	176	1.0
172	177	1.0
172	181	1.0
172	183	2.0
172	205	2.0
172	206	1.0
172	213	1.0
172	216	1.0
173	74	1.0
173	97	1.0
173	164	1.0
173	165	3.0
173	169	1.0
173	171	1.0
173	172	1.0
173	173	389.0
173	174	1.0
173	176	2.0
173	177	2.0
173	178	1.0
173	180	1.0
173	184	1.0
173	197	1.0
173	203	1.0
173	207	1.0
173	217	1.0
174	75	1.0
174	76	1.0
174	135	1.0
174	165	1.0
174	168	1.0
174	170	1.0
174	172	1.0
174	173	3.0
174	174	501.0
174	175	3.0
174	176	2.0
174	183	1.0
174	184	1.0
174	185	1.0
174	192	1.0
175	79	1.0
175	82	1.0
175	84	1.0
175	144	1.0
175	162	1.0
175	164	1.0
175	171	1.0
175	172	1.0
175	174	3.0
175	175	449.0
175	176	2.0
175	177	2.0
175	178	2.0
175	181	1.0
175	187	1.0
176	41	1.0
176	50	1.0
176	76	1.0
176	98	2.0
176	156	1.0
176	165	2.0
176	171	2.0
176	173	3.0
176	174	2.0
176	175	2.0
176	176	426.0
176	177	3.0
176	178	1.0
176	179	1.0
176	181	1.0
176	183	1.0
176	205	1.0
176	207	2.0
176	208	2.0
177	55	1.0
177	155	1.0
177	163	3.0
177	164	1.0
177	174	1.0
177	175	1.0
177	176	4.0
177	177	421.0
177	181	1.0
177	183	1.0
177	191	1.0
177	201	1.0
178	75	1.0
178	164	1.0
178	170	1.0
178	171	3.0
178	172	2.0
178	173	1.0
178	174	3.0
178	175	2.0
178	176	1.0
178	178	395.0
178	209	1.0
178	242	1.0
179	168	2.0
179	169	1.0
179	177	1.0
179	178	1.0
179	179	320.0
179	180	3.0
179	181	2.0
179	183	3.0
179	211	1.0
179	212	1.0
180	59	1.0
180	171	1.0
180	172	1.0
180	177	1.0
180	179	3.0
180	180	356.0
180	181	5.0
180	191	1.0
180	228	1.0
181	157	1.0
181	158	1.0
181	162	1.0
181	169	1.0
181	179	4.0
181	180	1.0
181	181	365.0
181	182	3.0
181	183	1.0
181	209	1.0
181	215	1.0
182	137	1.0
182	157	1.0
182	159	1.0
182	162	2.0
182	176	1.0
182	177	1.0
182	179	1.0
182	180	1.0
182	181	2.0
182	182	233.0
182	183	2.0
182	203	1.0
182	208	2.0
183	135	1.0
183	160	1.0
183	169	1.0
183	174	1.0
183	177	1.0
183	179	1.0
183	182	2.0
183	183	305.0
183	184	1.0
183	208	1.0
184	26	1.0
184	57	1.0
184	95	1.0
184	134	1.0
184	157	2.0
184	158	1.0
184	169	1.0
184	170	1.0
184	177	1.0
184	184	327.0
184	185	6.0
184	186	2.0
184	193	2.0
184	200	1.0
184	228	1.0
185	129	1.0
185	140	1.0
185	154	1.0
185	162	1.0
185	170	1.0
185	174	1.0
185	178	1.0
185	182	1.0
185	183	1.0
185	184	3.0
185	185	354.0
185	186	1.0
185	190	1.0
185	191	1.0
185	194	1.0
185	199	2.0
185	207	1.0
185	215	1.0
186	124	1.0
186	153	1.0
186	154	1.0
186	176	1.0
186	186	262.0
186	188	1.0
186	193	1.0
187	85	1.0
187	86	1.0
187	124	2.0
187	140	1.0
187	142	2.0
187	143	1.0
187	152	3.0
187	162	2.0
187	166	1.0
187	185	1.0
187	186	1.0
187	187	399.0
187	188	4.0
187	189	1.0
187	190	2.0
187	201	1.0
187	203	1.0
187	210	1.0
187	226	1.0
188	126	1.0
188	139	1.0
188	153	3.0
188	186	2.0
188	188	254.0
188	189	2.0
188	196	1.0
188	202	1.0
188	203	3.0
189	18	1.0
189	23	2.0
189	58	3.0
189	134	1.0
189	152	1.0
189	169	1.0
189	187	1.0
189	188	4.0
189	189	257.0
189	190	2.0
189	194	2.0
189	195	1.0
189	202	1.0
189	205	1.0
189	207	1.0
190	7	1.0
190	8	1.0
190	117	1.0
190	120	2.0
190	121	1.0
190	133	1.0
190	158	1.0
190	163	1.0
190	171	2.0
190	175	1.0
190	188	1.0
190	189	2.0
190	190	356.0
190	203	1.0
190	213	2.0
190	241	1.0
191	16	1.0
191	128	1.0
191	138	1.0
191	142	1.0
191	171	3.0
191	172	1.0
191	179	1.0
191	181	1.0
191	191	297.0
191	192	6.0
191	195	1.0
191	201	1.0
191	212	1.0
191	215	1.0
192	45	1.0
192	128	1.0
192	136	1.0
192	146	1.0
192	147	2.0
192	155	1.0
192	192	362.0
192	195	1.0
192	215	2.0
192	219	1.0
192	224	1.0
193	137	1.0
193	138	1.0
193	139	1.0
193	149	3.0
193	177	1.0
193	185	1.0
193	193	347.0
193	194	1.0
193	195	2.0
193	196	1.0
194	148	1.0
194	149	2.0
194	165	1.0
194	194	292.0
194	195	6.0
195	148	2.0
195	177	2.0
195	180	1.0
195	182	1.0
195	191	1.0
195	193	3.0
195	194	1.0
195	195	342.0
195	196	1.0
195	214	1.0
195	224	2.0
196	106	1.0
196	192	1.0
196	195	5.0
196	196	324.0
196	197	4.0
196	208	2.0
196	218	1.0
196	222	1.0
197	23	1.0
197	36	1.0
197	171	1.0
197	173	1.0
197	189	1.0
197	193	1.0
197	196	2.0
197	197	418.0
197	198	5.0
197	199	2.0
197	207	2.0
197	208	1.0
197	217	1.0
197	218	1.0
198	127	1.0
198	134	1.0
198	159	2.0
198	182	1.0
198	197	12.0
198	198	441.0
198	199	2.0
198	207	1.0
198	219	1.0
198	220	2.0
199	143	1.0
199	145	1.0
199	172	1.0
199	199	276.0
199	208	1.0
199	214	1.0
199	231	1.0
200	89	2.0
200	120	1.0
200	135	1.0
200	138	3.0
200	191	1.0
200	197	1.0
200	198	1.0
200	200	272.0
200	201	4.0
200	205	1.0
200	206	2.0
200	214	1.0
200	219	1.0
200	230	1.0
201	7	2.0
201	30	1.0
201	35	1.0
201	112	1.0
201	128	4.0
201	136	3.0
201	137	1.0
201	146	2.0
201	176	1.0
201	191	2.0
201	192	1.0
201	197	2.0
201	198	1.0
201	200	3.0
201	201	469.0
201	203	2.0
201	206	1.0
201	210	1.0
201	217	1.0
201	219	1.0
201	220	1.0
202	5	1.0
202	118	1.0
202	135	1.0
202	160	1.0
202	188	1.0
202	191	2.0
202	202	410.0
202	203	2.0
202	204	1.0
202	205	1.0
203	6	1.0
203	24	1.0
203	27	1.0
203	33	1.0
203	134	2.0
203	135	1.0
203	190	1.0
203	191	1.0
203	201	1.0
203	202	4.0
203	203	366.0
203	204	2.0
203	205	2.0
203	236	1.0
204	89	1.0
204	132	3.0
204	190	1.0
204	198	1.0
204	202	2.0
204	203	3.0
204	204	456.0
204	206	1.0
204	207	1.0
204	225	2.0
205	3	1.0
205	89	2.0
205	96	1.0
205	117	1.0
205	118	1.0
205	138	2.0
205	160	1.0
205	161	2.0
205	182	1.0
205	189	1.0
205	190	1.0
205	201	1.0
205	202	1.0
205	205	437.0
205	206	4.0
205	227	1.0
206	2	1.0
206	5	1.0
206	45	1.0
206	71	1.0
206	116	1.0
206	145	1.0
206	172	1.0
206	182	1.0
206	201	1.0
206	202	1.0
206	205	2.0
206	206	413.0
206	207	2.0
206	208	1.0
207	75	1.0
207	98	1.0
207	99	1.0
207	141	1.0
207	155	2.0
207	157	1.0
207	171	1.0
207	175	1.0
207	176	3.0
207	177	1.0
207	206	2.0
207	207	431.0
207	208	1.0
207	218	1.0
208	20	1.0
208	134	1.0
208	142	1.0
208	154	1.0
208	155	1.0
208	157	1.0
208	176	4.0
208	177	1.0
208	196	1.0
208	197	3.0
208	199	1.0
208	201	1.0
208	205	1.0
208	207	1.0
208	208	453.0
208	209	2.0
208	216	1.0
208	232	1.0
209	151	1.0
209	166	3.0
209	184	1.0
209	185	1.0
209	196	1.0
209	208	1.0
209	209	371.0
209	210	5.0
209	214	1.0
209	215	1.0
209	228	1.0
210	3	1.0
210	109	1.0
210	144	1.0
210	149	1.0
210	151	2.0
210	164	1.0
210	165	2.0
210	209	6.0
210	210	391.0
210	220	1.0
210	225	2.0
210	228	1.0
211	23	1.0
211	147	1.0
211	148	3.0
211	152	1.0
211	160	1.0
211	192	2.0
211	193	1.0
211	194	2.0
211	211	372.0
211	212	5.0
211	213	1.0
211	214	2.0
211	221	1.0
212	1	1.0
212	178	1.0
212	193	1.0
212	211	3.0
212	212	341.0
212	213	4.0
212	214	1.0
212	216	1.0
212	224	1.0
213	132	1.0
213	148	1.0
213	167	2.0
213	211	5.0
213	212	3.0
213	213	381.0
213	214	3.0
213	215	1.0
213	216	2.0
213	224	1.0
213	226	1.0
214	22	1.0
214	41	1.0
214	113	1.0
214	148	1.0
214	195	1.0
214	196	1.0
214	213	3.0
214	214	402.0
214	216	1.0
215	120	1.0
215	147	2.0
215	163	1.0
215	193	1.0
215	214	1.0
215	215	369.0
215	216	1.0
215	218	1.0
215	223	1.0
216	125	1.0
216	179	1.0
216	192	1.0
216	215	1.0
216	216	483.0
216	217	3.0
217	62	1.0
217	173	1.0
217	191	1.0
217	207	1.0
217	211	1.0
217	216	1.0
217	217	376.0
217	218	4.0
217	223	2.0
217	240	1.0
218	144	1.0
218	173	1.0
218	215	1.0
218	217	2.0
218	218	379.0
219	20	1.0
219	30	1.0
219	114	1.0
219	128	2.0
219	164	1.0
219	190	1.0
219	191	2.0
219	192	1.0
219	193	1.0
219	218	2.0
219	219	353.0
219	236	1.0
219	239	3.0
220	62	1.0
220	74	1.0
220	114	1.0
220	144	1.0
220	191	1.0
220	200	1.0
220	212	1.0
220	220	364.0
220	221	1.0
220	224	3.0
220	232	2.0
221	1	1.0
221	86	1.0
221	98	1.0
221	121	1.0
221	199	1.0
221	220	3.0
221	221	256.0
221	222	1.0
222	17	1.0
222	25	1.0
222	143	2.0
222	210	2.0
222	211	2.0
222	220	2.0
222	221	1.0
222	222	302.0
222	223	1.0
222	224	1.0
222	225	1.0
222	230	3.0
223	138	1.0
223	144	1.0
223	197	1.0
223	198	1.0
223	216	1.0
223	222	1.0
223	223	312.0
223	224	3.0
223	230	2.0
224	20	1.0
224	96	1.0
224	102	1.0
224	147	1.0
224	188	1.0
224	192	1.0
224	215	1.0
224	216	1.0
224	217	3.0
224	221	4.0
224	223	1.0
224	224	348.0
224	225	4.0
224	226	1.0
225	144	1.0
225	145	1.0
225	153	1.0
225	208	1.0
225	210	2.0
225	224	2.0
225	225	322.0
225	228	3.0
225	229	1.0
225	230	1.0
226	34	1.0
226	115	1.0
226	138	1.0
226	187	1.0
226	189	2.0
226	199	1.0
226	209	1.0
226	225	1.0
226	226	264.0
226	228	1.0
226	229	1.0
227	21	1.0
227	58	3.0
227	163	1.0
227	189	2.0
227	223	1.0
227	224	1.0
227	226	2.0
227	227	313.0
227	228	1.0
227	231	1.0
228	54	1.0
228	143	3.0
228	149	1.0
228	162	1.0
228	187	1.0
228	209	1.0
228	210	1.0
228	225	4.0
228	226	1.0
228	227	2.0
228	228	269.0
228	230	1.0
228	231	4.0
229	153	4.0
229	225	1.0
229	226	2.0
229	228	1.0
229	229	290.0
230	64	1.0
230	114	1.0
230	152	1.0
230	178	1.0
230	223	1.0
230	225	1.0
230	227	1.0
230	228	1.0
230	230	270.0
230	231	6.0
231	197	1.0
231	220	1.0
231	224	1.0
231	227	1.0
231	228	1.0
231	229	1.0
231	230	3.0
231	231	286.0
232	198	1.0
232	232	262.0
232	233	1.0
232	237	2.0
233	129	1.0
233	203	1.0
233	233	259.0
233	234	3.0
233	237	1.0
234	170	1.0
234	218	1.0
234	233	3.0
234	234	236.0
234	235	1.0
234	236	2.0
235	234	2.0
235	235	262.0
235	236	3.0
235	240	2.0
235	241	2.0
236	202	1.0
236	233	1.0
236	234	1.0
236	235	5.0
236	236	289.0
237	232	2.0
237	233	1.0
237	235	1.0
237	236	1.0
237	237	283.0
237	239	1.0
238	237	6.0
238	238	278.0
238	239	3.0
239	15	1.0
239	89	1.0
239	147	1.0
239	190	3.0
239	208	1.0
239	235	1.0
239	238	3.0
239	239	359.0
239	244	1.0
240	31	1.0
240	63	1.0
240	106	1.0
240	191	1.0
240	204	1.0
240	218	1.0
240	235	1.0
240	239	3.0
240	240	476.0
240	241	2.0
240	242	1.0
241	1	1.0
241	168	1.0
241	188	1.0
241	210	1.0
241	235	3.0
241	236	1.0
241	237	1.0
241	239	1.0
241	240	6.0
241	241	429.0
241	244	1.0
242	5	1.0
242	82	1.0
242	110	2.0
242	132	1.0
242	240	1.0
242	242	357.0
243	237	1.0
243	243	17.0
244	1	2.0
244	4	1.0
244	5	2.0
244	7	2.0
244	30	1.0
244	31	1.0
244	33	3.0
244	39	1.0
244	40	1.0
244	62	1.0
244	79	1.0
244	105	1.0
244	109	1.0
244	120	1.0
244	123	1.0
244	163	1.0
244	166	2.0
244	241	1.0
244	244	382.0
