1	1	3.0
1	73	1.0
1	75	1.0
1	107	1.0
1	118	1.0
2	2	150.0
2	3	2.0
2	4	3.0
2	5	5.0
2	6	7.0
2	80	1.0
2	86	1.0
2	97	1.0
2	98	1.0
3	3	244.0
3	4	7.0
3	5	6.0
3	6	5.0
3	58	1.0
3	121	1.0
4	4	143.0
4	6	8.0
4	230	1.0
5	5	208.0
5	84	1.0
5	85	1.0
6	6	172.0
6	7	1.0
6	17	1.0
6	217	1.0
7	7	26.0
7	27	2.0
7	121	1.0
7	209	1.0
8	8	40.0
8	9	3.0
8	27	1.0
8	33	1.0
8	43	2.0
8	44	1.0
8	111	1.0
9	9	21.0
9	27	4.0
9	100	1.0
9	112	1.0
10	10	2.0
11	11	2.0
11	125	1.0
12	12	2.0
12	34	1.0
12	115	1.0
12	133	1.0
13	13	4.0
13	39	1.0
13	239	1.0
14	14	1.0
14	48	1.0
15	15	14.0
15	143	1.0
16	95	1.0
17	17	25.0
17	122	1.0
18	18	1.0
18	82	1.0
18	116	1.0
18	153	1.0
19	19	1.0
19	119	1.0
19	133	1.0
19	223	1.0
20	20	2.0
20	167	1.0
20	169	1.0
21	209	1.0
22	51	1.0
22	160	1.0
23	23	1.0
23	85	1.0
23	164	1.0
23	165	1.0
23	189	1.0
24	24	5.0
24	31	2.0
24	85	1.0
24	187	1.0
24	197	1.0
24	237	1.0
25	25	3.0
25	32	1.0
25	122	1.0
25	230	1.0
26	26	4.0
26	32	2.0
26	74	1.0
26	219	2.0
26	236	1.0
27	27	85.0
27	32	1.0
27	125	1.0
27	128	2.0
27	238	1.0
28	162	1.0
28	209	1.0
28	220	1.0
28	221	1.0
29	29	1.0
29	39	1.0
29	138	1.0
29	236	1.0
30	30	1.0
30	84	1.0
31	31	27.0
31	32	3.0
31	33	3.0
31	101	1.0
31	154	1.0
32	32	141.0
32	33	3.0
32	46	5.0
32	110	1.0
32	171	1.0
32	174	1.0
33	33	39.0
33	43	1.0
33	70	1.0
33	80	1.0
33	81	2.0
33	82	1.0
33	99	1.0
33	131	1.0
33	132	1.0
33	158	1.0
33	172	1.0
33	218	1.0
33	219	1.0
33	223	4.0
33	233	1.0
33	242	1.0
34	34	1.0
34	196	1.0
34	230	1.0
35	180	1.0
36	36	1.0
36	97	1.0
37	37	217.0
37	38	14.0
37	46	1.0
37	55	1.0
37	56	3.0
37	62	2.0
37	63	1.0
37	68	2.0
37	69	1.0
37	72	1.0
37	79	1.0
37	82	4.0
37	84	3.0
37	85	15.0
37	86	9.0
37	87	1.0
37	97	3.0
37	106	2.0
37	155	1.0
37	160	1.0
37	161	1.0
38	38	226.0
38	39	6.0
38	82	3.0
38	83	2.0
38	84	3.0
38	85	8.0
38	86	8.0
38	97	2.0
38	114	1.0
38	202	1.0
38	222	1.0
39	39	246.0
39	42	5.0
39	43	8.0
39	44	5.0
39	45	3.0
39	46	2.0
39	47	4.0
39	52	1.0
39	53	3.0
39	61	2.0
39	85	1.0
39	99	2.0
39	100	1.0
39	101	2.0
39	102	3.0
39	150	2.0
40	40	71.0
40	41	2.0
40	42	6.0
40	43	2.0
40	44	5.0
40	45	3.0
40	46	4.0
40	47	5.0
40	50	1.0
40	102	1.0
40	155	1.0
40	162	1.0
41	41	72.0
41	42	3.0
41	43	1.0
41	44	2.0
41	45	1.0
41	46	4.0
41	47	2.0
41	50	1.0
41	52	11.0
41	57	3.0
41	61	3.0
41	102	1.0
41	103	1.0
42	42	168.0
42	43	6.0
42	44	2.0
42	45	4.0
42	46	3.0
42	47	4.0
42	50	1.0
42	52	10.0
42	57	2.0
42	60	1.0
42	61	4.0
42	77	2.0
42	78	4.0
42	79	2.0
42	101	1.0
42	102	3.0
42	103	3.0
42	104	1.0
42	194	1.0
43	43	208.0
43	44	12.0
43	45	2.0
43	46	3.0
43	47	7.0
43	48	1.0
43	52	6.0
43	57	1.0
43	61	9.0
43	79	2.0
43	96	1.0
43	102	1.0
43	103	4.0
43	104	4.0
43	156	1.0
43	233	1.0
44	44	126.0
44	45	2.0
44	46	6.0
44	47	8.0
44	50	2.0
44	52	2.0
44	54	9.0
44	55	1.0
44	57	6.0
44	60	3.0
44	61	5.0
44	79	1.0
44	103	4.0
44	104	3.0
44	162	1.0
45	45	70.0
45	46	10.0
45	47	7.0
45	50	1.0
45	89	1.0
45	103	3.0
46	46	191.0
46	47	15.0
46	52	1.0
46	61	1.0
46	103	1.0
46	104	1.0
46	159	1.0
46	209	1.0
46	231	1.0
47	47	126.0
47	52	1.0
47	61	4.0
47	78	1.0
47	101	2.0
47	103	3.0
48	48	6.0
48	57	1.0
48	61	1.0
50	50	19.0
50	51	1.0
50	57	1.0
50	58	1.0
50	61	1.0
50	119	1.0
50	138	1.0
50	169	1.0
51	51	144.0
51	53	6.0
51	54	3.0
51	55	4.0
51	56	4.0
51	57	14.0
51	58	2.0
51	61	4.0
51	63	8.0
51	68	4.0
51	69	10.0
51	74	2.0
51	76	3.0
51	77	2.0
51	79	1.0
51	81	3.0
51	83	1.0
51	86	1.0
51	103	5.0
51	104	1.0
51	106	1.0
51	125	3.0
52	52	154.0
52	53	2.0
52	54	1.0
52	56	1.0
52	57	4.0
52	60	1.0
52	61	2.0
52	78	1.0
52	80	1.0
52	102	3.0
52	103	6.0
52	104	2.0
53	53	219.0
53	54	8.0
53	56	4.0
53	57	1.0
53	61	4.0
53	62	10.0
53	75	2.0
53	77	3.0
53	78	2.0
53	79	6.0
53	80	6.0
53	98	1.0
53	104	9.0
53	105	2.0
53	132	1.0
53	173	3.0
53	177	1.0
53	214	1.0
53	233	1.0
54	54	256.0
54	56	2.0
54	57	3.0
54	62	11.0
54	63	7.0
54	69	8.0
54	75	1.0
54	76	3.0
54	77	1.0
54	80	3.0
54	91	1.0
54	96	1.0
54	113	1.0
54	119	1.0
54	136	1.0
54	148	1.0
54	207	1.0
55	55	188.0
55	56	7.0
55	57	1.0
55	58	4.0
55	63	2.0
55	64	1.0
55	68	3.0
55	69	24.0
55	74	1.0
55	76	6.0
55	81	13.0
55	106	4.0
55	115	1.0
55	196	1.0
56	56	204.0
56	57	11.0
56	58	3.0
56	61	5.0
56	62	6.0
56	63	5.0
56	69	9.0
56	76	2.0
56	78	4.0
56	79	1.0
56	80	1.0
56	81	3.0
56	103	1.0
56	106	1.0
56	109	1.0
56	124	2.0
56	132	1.0
56	155	1.0
56	168	1.0
56	234	1.0
57	57	109.0
57	58	3.0
57	60	2.0
57	61	10.0
57	62	1.0
57	63	3.0
57	69	5.0
57	76	6.0
57	78	2.0
57	124	1.0
57	128	1.0
57	132	1.0
57	174	1.0
57	180	1.0
57	237	1.0
58	58	207.0
58	64	6.0
58	68	1.0
58	69	5.0
58	72	1.0
58	73	5.0
58	74	8.0
58	76	4.0
58	89	1.0
58	95	1.0
58	106	6.0
58	107	1.0
58	115	20.0
58	116	1.0
58	117	1.0
58	122	1.0
58	124	3.0
58	125	1.0
58	129	1.0
58	130	7.0
59	59	5.0
59	68	2.0
59	72	3.0
59	100	1.0
60	60	8.0
60	61	5.0
60	103	1.0
60	116	1.0
60	165	1.0
61	61	167.0
61	69	3.0
61	78	1.0
61	79	2.0
61	92	1.0
61	101	1.0
61	103	1.0
61	143	1.0
62	62	256.0
62	63	12.0
62	69	1.0
62	75	1.0
62	76	3.0
62	79	3.0
62	80	9.0
62	88	1.0
62	104	1.0
62	105	2.0
62	123	1.0
63	63	159.0
63	69	6.0
63	75	1.0
63	76	4.0
63	78	4.0
63	79	7.0
63	81	1.0
63	89	2.0
63	103	1.0
63	106	1.0
63	172	1.0
63	189	1.0
64	64	128.0
64	66	2.0
64	68	9.0
64	69	4.0
64	72	13.0
64	73	5.0
64	74	4.0
64	76	3.0
64	79	1.0
64	81	2.0
64	114	2.0
64	115	1.0
64	125	1.0
64	129	1.0
64	130	2.0
64	132	1.0
64	217	1.0
65	65	6.0
65	130	1.0
65	175	1.0
66	66	14.0
66	68	1.0
66	71	1.0
66	72	2.0
66	73	1.0
66	74	1.0
66	129	1.0
66	199	1.0
67	67	1.0
68	68	49.0
68	69	5.0
68	73	1.0
68	74	1.0
68	76	1.0
68	92	1.0
68	124	1.0
68	130	1.0
68	170	2.0
69	69	168.0
69	70	2.0
69	72	1.0
69	76	10.0
69	81	2.0
69	106	2.0
69	115	1.0
69	124	1.0
69	133	1.0
69	192	1.0
70	70	238.0
70	71	1.0
70	74	2.0
70	82	1.0
70	83	3.0
70	87	1.0
70	88	4.0
70	92	2.0
70	95	5.0
70	96	3.0
70	107	1.0
70	113	2.0
70	115	3.0
70	119	2.0
70	120	11.0
70	121	4.0
70	122	13.0
70	124	1.0
70	130	2.0
70	159	1.0
70	167	1.0
70	180	1.0
71	71	225.0
71	72	1.0
71	73	4.0
71	113	2.0
71	114	9.0
71	118	1.0
71	119	4.0
71	120	1.0
71	122	11.0
71	124	3.0
71	125	3.0
71	126	4.0
71	130	3.0
71	131	2.0
71	132	3.0
71	133	4.0
71	134	1.0
71	135	2.0
71	139	1.0
71	193	1.0
71	207	1.0
72	72	151.0
72	73	15.0
72	74	13.0
72	75	1.0
72	84	2.0
72	113	3.0
72	114	5.0
72	118	1.0
72	125	4.0
72	128	2.0
72	130	1.0
72	134	1.0
72	135	2.0
72	215	1.0
73	73	165.0
73	74	8.0
73	81	1.0
73	113	5.0
73	114	2.0
73	118	1.0
73	119	2.0
73	122	4.0
73	125	4.0
73	126	1.0
73	129	2.0
73	130	3.0
73	192	1.0
73	236	1.0
74	74	262.0
74	75	1.0
74	79	2.0
74	81	1.0
74	89	3.0
74	106	6.0
74	107	1.0
74	115	2.0
74	118	2.0
74	122	6.0
74	124	5.0
74	125	7.0
74	129	2.0
74	130	5.0
74	144	1.0
74	208	1.0
75	75	260.0
75	76	1.0
75	77	1.0
75	79	2.0
75	80	5.0
75	81	8.0
75	91	1.0
75	92	1.0
75	98	3.0
75	99	2.0
75	105	3.0
75	106	1.0
76	76	163.0
76	77	2.0
76	78	2.0
76	79	2.0
76	80	2.0
76	81	5.0
76	84	1.0
76	90	2.0
76	91	2.0
76	103	2.0
76	106	4.0
76	115	1.0
76	116	1.0
76	124	1.0
77	77	249.0
77	78	12.0
77	79	2.0
77	80	4.0
77	81	4.0
77	90	1.0
77	96	1.0
77	98	4.0
77	103	3.0
77	104	7.0
77	105	6.0
77	116	1.0
78	78	158.0
78	79	3.0
78	80	7.0
78	81	8.0
78	103	1.0
78	124	1.0
78	215	1.0
79	79	237.0
79	80	1.0
79	81	3.0
79	85	1.0
79	88	2.0
79	90	1.0
79	91	2.0
79	102	3.0
79	103	5.0
79	104	2.0
79	105	4.0
79	106	2.0
79	116	1.0
79	237	1.0
80	80	231.0
80	81	2.0
80	87	2.0
80	89	2.0
80	91	3.0
80	92	1.0
80	97	1.0
80	98	3.0
80	105	6.0
80	141	1.0
80	171	1.0
81	81	209.0
81	89	2.0
81	96	2.0
81	98	3.0
81	105	5.0
81	107	2.0
81	115	2.0
81	124	1.0
82	82	216.0
82	83	14.0
82	84	12.0
82	85	3.0
82	86	8.0
82	87	1.0
82	88	3.0
82	89	6.0
82	95	2.0
82	96	3.0
82	97	1.0
82	116	2.0
82	117	1.0
82	123	10.0
82	161	1.0
82	172	1.0
82	175	1.0
83	83	251.0
83	84	17.0
83	85	3.0
83	86	11.0
83	92	2.0
83	96	3.0
83	97	1.0
83	106	1.0
83	123	7.0
83	154	1.0
83	155	13.0
83	158	1.0
83	170	1.0
83	174	1.0
83	189	1.0
83	225	1.0
84	84	258.0
84	85	14.0
84	86	18.0
84	87	1.0
84	92	4.0
84	96	2.0
84	97	3.0
84	107	1.0
84	113	1.0
84	123	1.0
84	161	1.0
84	176	2.0
84	185	1.0
85	85	258.0
85	86	19.0
85	92	1.0
85	96	1.0
85	123	1.0
85	139	1.0
85	161	3.0
85	176	7.0
85	184	1.0
86	86	251.0
86	92	1.0
86	96	1.0
86	97	3.0
86	120	2.0
86	121	1.0
86	139	1.0
86	141	1.0
86	143	1.0
86	153	1.0
86	161	3.0
86	167	3.0
86	174	1.0
86	175	2.0
86	176	2.0
86	241	1.0
87	87	42.0
87	88	1.0
87	90	8.0
87	91	3.0
87	92	1.0
87	96	1.0
87	107	1.0
87	112	6.0
87	121	1.0
87	123	1.0
87	156	1.0
87	178	1.0
87	217	1.0
88	88	199.0
88	89	5.0
88	90	2.0
88	91	4.0
88	95	5.0
88	96	5.0
88	105	2.0
88	107	3.0
88	112	1.0
88	116	8.0
88	117	6.0
88	119	1.0
88	122	1.0
88	144	1.0
88	147	1.0
89	89	126.0
89	90	4.0
89	91	3.0
89	92	3.0
89	95	2.0
89	96	1.0
89	106	7.0
89	107	2.0
89	115	3.0
89	116	1.0
89	117	2.0
89	119	7.0
89	122	4.0
89	123	1.0
89	139	1.0
89	168	1.0
89	193	1.0
89	241	1.0
90	90	35.0
90	91	6.0
90	105	1.0
90	106	4.0
90	116	1.0
90	197	1.0
91	91	90.0
91	92	1.0
91	95	1.0
91	97	3.0
91	105	1.0
91	106	1.0
91	116	3.0
91	117	1.0
92	92	222.0
92	95	2.0
92	96	7.0
92	97	2.0
92	107	1.0
92	109	1.0
92	117	1.0
92	119	3.0
92	120	4.0
92	121	1.0
92	123	5.0
92	125	1.0
92	132	9.0
92	133	5.0
92	139	1.0
92	141	1.0
92	174	1.0
92	238	1.0
95	95	136.0
95	96	4.0
95	97	8.0
95	105	1.0
95	107	5.0
95	116	3.0
95	117	8.0
95	120	1.0
95	122	3.0
95	123	1.0
95	130	1.0
95	140	1.0
96	96	186.0
96	97	11.0
96	98	1.0
96	107	4.0
96	116	1.0
96	117	1.0
96	118	1.0
96	119	2.0
96	121	4.0
96	122	2.0
96	123	8.0
96	155	3.0
96	194	1.0
97	97	218.0
97	98	1.0
97	117	1.0
97	123	2.0
97	124	1.0
97	166	1.0
97	197	1.0
97	199	1.0
98	98	218.0
98	99	5.0
98	105	4.0
98	133	1.0
98	194	1.0
98	208	1.0
99	99	242.0
99	100	14.0
99	101	1.0
99	236	2.0
100	100	247.0
100	101	3.0
100	193	1.0
100	217	1.0
101	101	219.0
101	102	1.0
101	103	4.0
102	102	302.0
102	103	16.0
102	104	1.0
102	213	1.0
103	103	231.0
103	104	4.0
103	105	1.0
103	106	1.0
103	122	1.0
103	204	1.0
103	212	1.0
103	217	1.0
104	104	218.0
104	105	2.0
104	144	1.0
104	200	1.0
105	105	239.0
105	106	5.0
105	107	1.0
105	117	1.0
105	165	1.0
106	106	267.0
106	107	2.0
106	115	2.0
106	116	6.0
106	117	2.0
106	119	1.0
106	124	1.0
107	107	231.0
107	115	10.0
107	116	8.0
107	117	5.0
107	118	5.0
107	119	4.0
107	122	1.0
107	123	1.0
107	124	2.0
107	130	1.0
107	131	2.0
107	132	1.0
107	136	3.0
107	137	3.0
107	138	3.0
107	139	7.0
107	140	2.0
107	142	3.0
107	149	1.0
107	166	1.0
107	173	1.0
107	181	2.0
108	108	220.0
108	109	12.0
108	132	1.0
108	133	5.0
108	134	6.0
108	135	4.0
108	137	3.0
108	138	2.0
108	139	4.0
108	140	1.0
108	141	2.0
108	146	8.0
108	159	1.0
108	228	1.0
109	109	208.0
109	110	14.0
109	132	3.0
109	133	2.0
109	134	1.0
109	135	1.0
109	136	4.0
109	137	5.0
109	139	1.0
109	146	8.0
109	148	2.0
109	165	1.0
109	223	1.0
110	110	136.0
110	111	1.0
110	136	8.0
110	137	1.0
110	147	7.0
110	148	1.0
110	151	4.0
110	152	2.0
110	153	1.0
110	171	1.0
111	111	163.0
111	112	2.0
111	143	10.0
111	151	4.0
111	153	1.0
111	154	1.0
111	156	1.0
111	170	5.0
111	171	18.0
111	172	5.0
111	173	6.0
111	174	4.0
111	178	3.0
111	179	5.0
111	181	2.0
111	185	1.0
112	112	150.0
112	113	7.0
112	132	1.0
112	141	1.0
112	143	1.0
112	152	2.0
112	155	5.0
112	169	3.0
112	170	3.0
112	171	1.0
112	173	1.0
112	174	4.0
112	175	9.0
112	176	4.0
112	177	9.0
112	178	2.0
112	179	2.0
112	216	1.0
113	113	126.0
113	114	4.0
113	118	1.0
113	121	5.0
113	122	4.0
113	124	1.0
113	125	4.0
113	135	1.0
113	142	1.0
113	151	1.0
113	174	7.0
113	175	5.0
113	176	1.0
113	230	1.0
114	114	152.0
114	122	1.0
114	125	10.0
114	126	7.0
114	128	1.0
114	133	1.0
114	135	8.0
114	141	1.0
114	178	1.0
115	115	259.0
115	116	6.0
115	117	5.0
115	118	5.0
115	119	4.0
115	122	3.0
115	124	6.0
115	125	10.0
115	130	3.0
115	132	1.0
115	139	1.0
115	140	2.0
116	116	215.0
116	117	16.0
116	124	7.0
116	130	1.0
116	138	1.0
117	117	224.0
117	118	1.0
117	119	2.0
117	123	7.0
117	124	7.0
117	140	1.0
117	220	2.0
117	236	1.0
118	118	259.0
118	119	18.0
118	120	6.0
118	121	1.0
118	122	5.0
118	123	3.0
118	124	12.0
118	125	11.0
118	130	5.0
118	131	5.0
118	132	1.0
118	139	4.0
118	140	4.0
118	142	2.0
118	155	4.0
118	178	1.0
118	179	1.0
119	119	271.0
119	120	8.0
119	121	5.0
119	122	6.0
119	123	1.0
119	124	4.0
119	130	12.0
119	131	4.0
119	132	5.0
119	137	2.0
119	139	3.0
119	140	2.0
120	120	227.0
120	121	6.0
120	122	3.0
120	123	2.0
120	124	4.0
120	130	2.0
120	131	6.0
120	137	1.0
120	139	2.0
120	140	2.0
120	142	2.0
120	147	1.0
120	149	1.0
120	152	3.0
120	154	4.0
120	174	5.0
120	175	1.0
120	205	1.0
121	121	321.0
121	122	4.0
121	123	1.0
121	130	2.0
121	131	7.0
121	142	1.0
121	152	7.0
121	161	1.0
121	167	2.0
121	174	3.0
121	175	4.0
122	122	236.0
122	123	2.0
122	125	2.0
122	130	6.0
122	132	1.0
122	134	1.0
122	140	1.0
122	142	1.0
122	175	1.0
122	195	1.0
122	222	1.0
122	233	1.0
122	237	1.0
123	123	221.0
123	131	4.0
123	137	1.0
123	138	3.0
123	139	5.0
123	140	7.0
123	141	4.0
123	142	2.0
123	143	1.0
123	152	2.0
123	153	4.0
123	154	1.0
123	155	5.0
123	174	1.0
123	175	1.0
123	212	1.0
123	231	1.0
124	124	228.0
124	125	1.0
124	130	4.0
124	132	2.0
124	139	1.0
124	167	2.0
124	219	1.0
125	125	171.0
125	129	1.0
125	130	9.0
125	132	3.0
125	136	1.0
125	153	2.0
125	201	1.0
126	126	68.0
126	134	1.0
126	135	3.0
126	154	1.0
126	197	1.0
127	127	2.0
127	154	1.0
128	128	15.0
128	133	1.0
129	129	12.0
129	226	1.0
130	130	223.0
130	131	4.0
130	134	1.0
130	139	2.0
130	142	1.0
130	147	1.0
130	152	1.0
130	180	1.0
130	187	1.0
130	207	1.0
131	131	197.0
131	132	1.0
131	136	4.0
131	137	1.0
131	138	5.0
131	139	4.0
131	141	8.0
131	142	5.0
131	152	11.0
131	205	1.0
132	132	144.0
132	133	1.0
132	134	5.0
132	135	2.0
132	136	1.0
132	137	6.0
132	139	5.0
132	146	1.0
132	207	1.0
133	133	241.0
133	134	27.0
133	135	13.0
133	139	1.0
133	157	1.0
133	162	1.0
133	165	1.0
133	194	1.0
133	216	1.0
134	134	240.0
134	135	16.0
134	158	1.0
134	180	1.0
134	215	1.0
135	135	261.0
135	136	1.0
135	167	1.0
135	198	1.0
136	136	261.0
136	137	12.0
136	139	5.0
136	141	1.0
136	147	5.0
136	152	2.0
136	153	8.0
136	154	1.0
136	197	1.0
137	137	235.0
137	138	10.0
137	139	11.0
137	140	7.0
137	141	1.0
137	146	1.0
137	147	3.0
137	148	1.0
137	152	3.0
137	160	1.0
137	206	1.0
138	138	221.0
138	139	8.0
138	140	16.0
138	141	14.0
138	142	4.0
138	147	4.0
138	148	1.0
138	149	2.0
138	150	1.0
138	152	3.0
138	153	1.0
138	154	1.0
138	189	1.0
139	139	186.0
139	140	8.0
139	142	8.0
139	147	1.0
139	171	1.0
140	140	199.0
140	141	1.0
140	142	5.0
140	147	2.0
140	148	1.0
140	150	2.0
140	242	1.0
141	141	202.0
141	142	8.0
141	143	1.0
141	145	1.0
141	147	7.0
141	148	1.0
141	151	2.0
141	152	9.0
141	153	2.0
141	154	11.0
141	171	1.0
141	196	1.0
142	142	215.0
142	143	15.0
142	152	2.0
142	153	2.0
142	154	7.0
142	155	8.0
142	162	1.0
142	166	2.0
142	174	7.0
142	175	6.0
142	177	2.0
142	178	4.0
142	179	1.0
142	180	1.0
142	184	2.0
142	185	2.0
142	186	1.0
143	143	184.0
143	144	7.0
143	145	1.0
143	149	1.0
143	151	5.0
143	152	1.0
143	154	4.0
143	155	1.0
143	157	1.0
143	170	3.0
143	171	4.0
143	172	6.0
143	174	2.0
143	175	1.0
143	178	4.0
143	183	1.0
143	233	1.0
144	144	180.0
144	145	7.0
144	146	1.0
144	148	1.0
144	149	10.0
144	150	5.0
144	151	3.0
144	154	1.0
145	145	226.0
145	146	5.0
145	147	5.0
145	149	2.0
145	150	17.0
145	151	4.0
145	185	1.0
145	216	1.0
145	228	1.0
146	146	198.0
146	147	15.0
146	148	5.0
146	149	2.0
146	150	6.0
146	154	1.0
146	217	1.0
147	147	232.0
147	148	13.0
147	150	16.0
147	151	2.0
147	152	2.0
147	171	2.0
147	202	1.0
148	148	223.0
148	149	2.0
148	150	11.0
148	151	5.0
148	152	1.0
148	153	1.0
148	172	2.0
149	149	230.0
149	150	4.0
149	151	10.0
149	153	2.0
149	154	1.0
149	171	2.0
149	173	2.0
150	150	248.0
150	151	10.0
150	169	1.0
150	232	1.0
151	151	262.0
151	152	3.0
151	153	3.0
151	154	6.0
151	169	1.0
151	171	3.0
151	172	2.0
151	173	10.0
152	152	198.0
152	153	11.0
152	154	5.0
152	171	1.0
152	173	1.0
152	174	6.0
152	175	2.0
152	177	4.0
152	186	1.0
153	153	230.0
153	154	16.0
153	155	1.0
153	169	1.0
153	170	2.0
153	171	16.0
153	177	1.0
153	196	2.0
153	202	1.0
154	154	219.0
154	155	3.0
154	171	6.0
154	172	1.0
154	175	1.0
154	176	1.0
154	190	1.0
155	155	216.0
155	156	1.0
155	157	1.0
155	166	11.0
155	167	1.0
155	168	1.0
155	174	8.0
155	175	10.0
155	176	6.0
155	177	2.0
155	178	1.0
155	181	2.0
155	184	9.0
155	185	1.0
155	186	2.0
156	156	191.0
156	157	1.0
156	162	8.0
156	163	5.0
156	166	2.0
156	169	8.0
156	170	3.0
156	177	1.0
156	178	2.0
156	179	14.0
156	180	1.0
156	181	3.0
156	182	3.0
156	183	2.0
156	185	1.0
156	186	7.0
156	187	1.0
156	191	1.0
156	192	2.0
156	202	1.0
156	213	1.0
156	219	1.0
156	220	1.0
157	157	231.0
157	158	8.0
157	159	5.0
157	161	1.0
157	166	12.0
157	167	3.0
157	168	7.0
157	169	4.0
157	172	1.0
157	175	5.0
157	176	7.0
157	177	10.0
157	178	6.0
157	179	3.0
157	184	2.0
157	185	1.0
157	187	5.0
157	190	2.0
157	191	3.0
157	229	1.0
158	158	212.0
158	159	11.0
158	160	8.0
158	161	10.0
158	162	3.0
158	166	1.0
158	167	14.0
158	168	1.0
158	176	8.0
158	186	3.0
158	188	2.0
158	189	1.0
158	190	7.0
158	191	1.0
159	159	228.0
159	160	7.0
159	161	5.0
159	165	4.0
159	166	2.0
159	167	2.0
159	168	4.0
159	169	8.0
159	176	1.0
159	181	1.0
159	184	3.0
159	186	2.0
159	187	11.0
159	190	17.0
159	191	1.0
159	230	1.0
160	160	237.0
160	161	17.0
160	163	1.0
160	176	3.0
160	188	2.0
160	189	5.0
160	190	3.0
160	221	1.0
161	161	205.0
161	162	6.0
161	164	1.0
161	166	1.0
161	167	12.0
161	168	3.0
161	169	2.0
161	175	3.0
161	176	14.0
161	188	1.0
161	230	1.0
162	162	237.0
162	163	3.0
162	166	2.0
162	167	1.0
162	168	6.0
162	169	12.0
162	176	3.0
162	178	2.0
162	179	2.0
162	180	3.0
162	181	7.0
162	182	5.0
162	183	4.0
162	184	4.0
162	185	3.0
162	186	1.0
162	191	3.0
162	192	5.0
162	197	1.0
162	209	3.0
162	220	1.0
162	221	1.0
163	163	228.0
163	164	2.0
163	165	5.0
163	166	8.0
163	168	1.0
163	175	1.0
163	180	6.0
163	182	3.0
163	183	4.0
163	186	1.0
163	190	3.0
163	191	5.0
163	192	6.0
163	203	1.0
163	209	9.0
163	211	1.0
163	212	8.0
163	213	1.0
163	218	8.0
163	219	1.0
163	222	2.0
163	223	3.0
163	224	2.0
163	229	4.0
164	164	234.0
164	165	8.0
164	166	1.0
164	191	2.0
164	209	1.0
164	213	1.0
164	217	3.0
164	218	2.0
164	219	1.0
164	220	3.0
164	221	1.0
164	222	7.0
164	223	3.0
164	229	19.0
164	230	1.0
164	232	1.0
165	165	235.0
165	166	3.0
165	188	3.0
165	189	3.0
165	190	5.0
165	191	8.0
165	217	2.0
165	220	6.0
165	222	7.0
165	223	11.0
165	224	9.0
165	226	1.0
165	229	8.0
165	231	1.0
165	238	1.0
166	166	201.0
166	167	1.0
166	168	7.0
166	169	9.0
166	175	2.0
166	176	6.0
166	177	5.0
166	180	4.0
166	181	2.0
166	182	3.0
166	185	3.0
166	186	7.0
166	187	4.0
166	189	2.0
166	190	1.0
166	191	8.0
166	212	5.0
166	213	5.0
166	220	1.0
166	223	1.0
166	224	3.0
166	232	1.0
167	167	213.0
167	168	3.0
167	169	1.0
167	175	1.0
167	176	20.0
167	184	8.0
167	185	6.0
167	186	4.0
167	187	1.0
167	190	1.0
167	191	1.0
167	224	1.0
168	168	209.0
168	169	7.0
168	176	6.0
168	182	1.0
168	184	1.0
168	185	9.0
168	186	10.0
168	187	7.0
168	188	2.0
168	190	3.0
168	191	3.0
168	192	1.0
168	212	1.0
168	213	1.0
168	221	2.0
168	222	2.0
168	224	3.0
168	231	2.0
169	169	249.0
169	170	1.0
169	178	13.0
169	179	12.0
169	180	1.0
169	181	4.0
169	185	5.0
169	186	2.0
169	187	1.0
170	170	222.0
170	171	8.0
170	172	8.0
170	173	13.0
170	174	4.0
170	177	5.0
170	178	9.0
170	181	3.0
170	183	1.0
170	184	2.0
170	237	1.0
171	171	246.0
171	172	9.0
171	173	1.0
171	174	1.0
171	175	1.0
171	178	2.0
172	172	260.0
172	173	7.0
172	174	7.0
172	185	1.0
172	196	1.0
173	173	281.0
173	174	11.0
173	177	4.0
173	178	10.0
173	179	3.0
173	180	1.0
173	196	1.0
173	232	1.0
174	174	256.0
174	175	9.0
174	177	2.0
174	178	3.0
174	182	1.0
174	185	1.0
174	196	1.0
175	175	214.0
175	176	10.0
175	177	5.0
175	187	1.0
175	205	1.0
176	176	263.0
176	177	5.0
176	178	4.0
176	186	1.0
176	206	1.0
176	223	1.0
177	177	269.0
177	178	4.0
177	184	6.0
177	187	1.0
177	194	1.0
178	178	249.0
178	179	9.0
178	180	1.0
178	181	4.0
178	183	8.0
178	185	2.0
178	186	2.0
178	187	1.0
179	179	215.0
179	180	11.0
179	181	6.0
179	182	6.0
179	183	9.0
179	184	3.0
179	217	1.0
179	219	1.0
180	180	231.0
180	181	2.0
180	182	11.0
180	183	3.0
180	184	2.0
180	186	2.0
180	187	1.0
180	191	3.0
180	192	1.0
180	201	1.0
180	203	1.0
180	209	1.0
180	217	4.0
180	218	5.0
180	219	5.0
181	181	221.0
181	182	19.0
181	183	5.0
181	184	4.0
181	185	5.0
181	192	3.0
181	193	2.0
181	197	1.0
181	202	1.0
181	203	10.0
181	204	2.0
181	206	1.0
182	182	230.0
182	183	9.0
182	184	1.0
182	185	3.0
182	191	5.0
182	192	4.0
182	193	2.0
182	202	3.0
182	203	1.0
182	210	1.0
182	213	2.0
182	216	1.0
182	217	4.0
182	221	2.0
182	222	4.0
182	236	1.0
183	183	216.0
183	184	4.0
183	191	1.0
183	192	2.0
183	202	4.0
183	203	7.0
183	204	12.0
183	208	1.0
183	212	1.0
183	213	1.0
183	214	1.0
184	184	248.0
184	185	4.0
184	186	6.0
184	187	4.0
184	192	1.0
184	204	3.0
184	207	1.0
184	237	1.0
185	185	224.0
185	186	2.0
185	203	1.0
185	204	5.0
185	230	1.0
185	235	1.0
186	186	199.0
186	187	13.0
186	190	2.0
186	191	12.0
186	222	1.0
186	228	2.0
187	187	224.0
187	188	13.0
187	189	1.0
187	190	7.0
187	191	8.0
187	218	1.0
187	224	3.0
187	231	2.0
188	188	204.0
188	189	20.0
188	190	11.0
188	200	1.0
188	223	1.0
188	224	4.0
188	225	1.0
189	189	244.0
189	190	6.0
189	223	7.0
189	224	12.0
189	225	1.0
189	226	3.0
189	228	1.0
189	230	2.0
189	231	2.0
189	232	2.0
189	240	1.0
190	190	206.0
190	191	7.0
190	222	1.0
190	223	3.0
190	224	9.0
190	226	1.0
191	191	230.0
191	192	3.0
191	208	4.0
191	212	2.0
191	213	4.0
191	220	2.0
191	221	6.0
191	222	9.0
191	223	3.0
192	192	267.0
192	193	7.0
192	195	1.0
192	200	1.0
192	201	4.0
192	202	1.0
192	203	7.0
192	204	7.0
192	205	1.0
192	207	3.0
192	208	11.0
192	209	7.0
192	213	3.0
192	214	2.0
192	219	6.0
192	221	2.0
193	193	215.0
193	194	9.0
193	197	1.0
193	200	7.0
193	201	1.0
193	204	1.0
193	205	20.0
193	206	5.0
193	207	1.0
194	194	184.0
194	195	7.0
194	196	10.0
194	197	6.0
194	199	1.0
194	200	4.0
194	204	1.0
194	205	7.0
194	206	1.0
194	232	1.0
195	195	209.0
195	196	9.0
195	197	8.0
195	200	5.0
195	204	9.0
196	196	204.0
196	197	9.0
197	197	226.0
197	198	4.0
197	199	5.0
197	204	2.0
197	205	1.0
197	239	1.0
198	198	236.0
198	199	16.0
199	199	237.0
199	200	2.0
200	200	213.0
200	201	11.0
200	202	1.0
200	205	11.0
200	206	8.0
200	207	1.0
200	215	1.0
201	201	261.0
201	202	10.0
201	203	2.0
201	205	4.0
201	206	10.0
201	207	12.0
201	208	9.0
201	214	1.0
201	215	10.0
201	216	1.0
201	217	1.0
201	219	4.0
202	202	240.0
202	203	14.0
202	204	1.0
202	206	6.0
202	207	13.0
202	208	13.0
202	215	14.0
202	216	1.0
203	203	239.0
203	204	4.0
203	206	6.0
203	208	5.0
203	213	1.0
203	214	2.0
203	215	5.0
203	216	1.0
204	204	230.0
204	205	2.0
204	206	3.0
204	215	1.0
204	221	1.0
204	222	1.0
205	205	220.0
205	206	16.0
206	206	221.0
206	207	8.0
206	208	2.0
206	215	8.0
207	207	254.0
207	208	18.0
207	211	1.0
207	214	13.0
207	215	16.0
207	216	12.0
208	208	234.0
208	209	1.0
208	213	1.0
208	214	8.0
208	215	4.0
208	216	2.0
208	217	2.0
208	219	10.0
209	209	222.0
209	210	10.0
209	211	4.0
209	212	2.0
209	213	4.0
209	217	3.0
209	218	10.0
209	219	3.0
209	220	3.0
209	221	4.0
209	222	1.0
210	210	246.0
210	211	1.0
210	216	11.0
211	211	210.0
211	212	2.0
211	213	4.0
211	216	8.0
211	217	4.0
211	218	4.0
211	219	3.0
211	220	2.0
211	221	8.0
212	212	217.0
212	213	12.0
212	217	2.0
212	218	6.0
212	220	8.0
212	221	15.0
212	222	3.0
212	232	1.0
213	213	206.0
213	214	6.0
213	215	7.0
213	216	2.0
213	218	1.0
213	219	4.0
213	221	3.0
214	214	224.0
214	215	22.0
214	216	17.0
214	217	5.0
214	219	6.0
215	215	223.0
215	216	4.0
216	216	284.0
216	217	2.0
216	223	1.0
217	217	246.0
217	218	6.0
217	219	5.0
217	220	4.0
217	221	12.0
217	222	10.0
217	223	2.0
218	218	299.0
218	219	4.0
218	220	13.0
218	221	10.0
218	222	3.0
218	227	1.0
218	236	2.0
219	219	264.0
219	220	6.0
219	221	3.0
220	220	327.0
220	221	9.0
220	222	10.0
220	240	1.0
221	221	223.0
221	222	18.0
221	235	3.0
222	222	245.0
222	223	6.0
222	229	5.0
223	223	231.0
223	224	7.0
223	226	1.0
223	228	2.0
223	229	9.0
223	230	5.0
223	231	1.0
223	235	1.0
224	224	231.0
224	225	1.0
224	226	5.0
224	228	4.0
224	229	13.0
224	230	4.0
224	231	8.0
225	225	239.0
225	226	8.0
225	229	1.0
225	231	1.0
225	232	4.0
225	233	2.0
225	235	1.0
226	226	210.0
226	227	19.0
226	228	1.0
226	229	3.0
226	231	9.0
226	232	1.0
226	233	2.0
226	234	1.0
226	235	1.0
226	238	2.0
227	227	208.0
227	228	7.0
227	231	9.0
227	232	11.0
227	233	12.0
227	234	4.0
227	235	1.0
227	238	14.0
227	239	6.0
227	240	1.0
228	228	237.0
228	229	7.0
228	230	3.0
228	231	14.0
228	232	2.0
228	238	1.0
228	239	2.0
228	240	4.0
229	229	219.0
229	230	9.0
229	231	2.0
229	232	3.0
230	230	272.0
230	231	5.0
230	232	2.0
230	235	1.0
230	240	1.0
231	231	295.0
231	232	5.0
232	232	247.0
232	233	6.0
232	234	3.0
232	235	1.0
232	237	2.0
233	233	246.0
233	234	13.0
233	235	5.0
233	236	1.0
233	237	7.0
233	239	6.0
233	240	1.0
234	234	218.0
234	235	15.0
234	236	2.0
234	237	6.0
234	238	9.0
234	239	7.0
235	235	249.0
235	237	15.0
235	238	9.0
235	239	7.0
235	241	1.0
236	236	277.0
236	237	16.0
236	238	3.0
236	239	2.0
237	237	247.0
237	239	1.0
238	238	253.0
238	239	16.0
238	240	2.0
239	239	261.0
239	240	4.0
240	240	297.0
241	241	284.0
241	242	18.0
242	242	327.0
242	243	2.0
243	243	14.0
244	244	1.0
