1	1	508.0
1	2	26.0
1	3	1.0
1	24	3.0
1	25	18.0
1	26	1.0
1	30	2.0
1	33	6.0
1	58	1.0
1	65	1.0
1	74	2.0
1	75	6.0
1	78	1.0
1	82	2.0
1	83	4.0
1	95	3.0
1	96	5.0
1	97	11.0
1	98	4.0
1	99	3.0
1	103	1.0
1	127	1.0
1	155	2.0
1	158	2.0
1	165	1.0
1	167	1.0
1	168	3.0
1	169	13.0
1	172	3.0
1	176	1.0
1	191	1.0
1	192	2.0
2	2	532.0
2	3	9.0
2	13	1.0
2	22	1.0
2	23	16.0
2	24	10.0
2	25	12.0
2	32	1.0
2	33	1.0
2	65	2.0
2	95	4.0
2	96	2.0
2	97	16.0
2	98	1.0
2	99	5.0
2	127	1.0
2	129	2.0
2	130	1.0
2	158	7.0
2	165	2.0
2	166	1.0
2	169	1.0
3	3	499.0
3	4	13.0
3	5	5.0
3	6	3.0
3	14	1.0
3	20	13.0
3	21	2.0
3	22	4.0
3	23	12.0
3	25	1.0
3	26	1.0
3	35	10.0
3	36	10.0
3	37	8.0
3	49	1.0
3	50	1.0
3	93	1.0
3	94	3.0
3	99	1.0
3	154	14.0
3	155	1.0
3	158	1.0
3	159	1.0
3	161	3.0
3	164	9.0
3	165	4.0
3	166	7.0
3	176	1.0
3	194	1.0
4	4	554.0
4	5	22.0
4	19	1.0
4	20	3.0
4	21	3.0
4	24	2.0
4	25	1.0
4	28	19.0
4	29	5.0
4	34	1.0
4	35	15.0
4	36	4.0
4	37	9.0
4	56	1.0
4	81	1.0
4	94	1.0
4	113	1.0
4	138	1.0
4	139	1.0
4	146	1.0
4	147	1.0
4	154	1.0
4	159	2.0
4	160	5.0
4	161	11.0
4	164	1.0
4	165	10.0
4	166	2.0
4	187	2.0
5	5	481.0
5	6	23.0
5	7	28.0
5	8	6.0
5	9	3.0
5	11	3.0
5	15	4.0
5	16	9.0
5	17	18.0
5	18	10.0
5	19	11.0
5	20	2.0
5	21	1.0
5	22	1.0
5	28	5.0
5	29	6.0
5	35	11.0
5	36	15.0
5	37	3.0
5	40	1.0
5	57	1.0
5	79	1.0
5	124	1.0
5	128	1.0
5	143	1.0
5	160	2.0
5	176	3.0
5	177	2.0
5	189	1.0
6	6	486.0
6	7	28.0
6	8	7.0
6	13	1.0
6	16	10.0
6	17	1.0
6	18	13.0
6	21	1.0
6	33	1.0
6	35	4.0
6	36	1.0
6	37	3.0
6	43	1.0
6	52	1.0
6	74	2.0
6	78	2.0
6	79	6.0
6	80	2.0
6	81	1.0
6	82	1.0
6	109	1.0
7	7	578.0
7	8	20.0
7	9	4.0
7	11	1.0
7	15	8.0
7	16	25.0
7	17	20.0
7	18	11.0
7	19	15.0
7	20	1.0
7	21	7.0
7	22	1.0
7	25	1.0
7	31	1.0
7	32	1.0
7	35	6.0
7	37	1.0
7	46	1.0
7	62	1.0
7	79	1.0
7	80	5.0
7	85	1.0
7	93	2.0
7	119	2.0
7	136	1.0
7	172	1.0
7	177	1.0
7	178	4.0
7	188	1.0
7	196	1.0
8	8	473.0
8	9	26.0
8	10	7.0
8	11	3.0
8	16	3.0
8	18	4.0
8	19	5.0
8	20	20.0
8	21	3.0
8	25	1.0
8	26	2.0
8	27	12.0
8	28	10.0
8	29	8.0
8	30	6.0
8	31	1.0
8	32	3.0
8	77	1.0
8	79	3.0
8	80	8.0
8	85	2.0
8	89	4.0
8	111	1.0
8	127	1.0
8	166	1.0
8	174	1.0
8	176	1.0
8	177	2.0
8	182	1.0
8	185	2.0
8	186	3.0
8	187	1.0
8	196	1.0
9	9	601.0
9	10	21.0
9	11	6.0
9	12	3.0
9	15	2.0
9	16	1.0
9	19	1.0
9	20	3.0
9	21	7.0
9	24	1.0
9	25	2.0
9	29	1.0
9	30	1.0
9	31	8.0
9	32	1.0
9	34	2.0
9	35	4.0
9	36	5.0
9	39	1.0
9	45	1.0
9	46	2.0
9	57	1.0
9	79	3.0
9	86	1.0
9	93	1.0
9	99	1.0
9	103	1.0
9	116	2.0
9	127	1.0
9	142	1.0
9	145	1.0
9	157	1.0
9	185	1.0
9	186	15.0
9	195	1.0
10	10	623.0
10	11	21.0
10	12	18.0
10	13	1.0
10	14	3.0
10	15	9.0
10	16	1.0
10	17	13.0
10	18	5.0
10	46	2.0
10	47	1.0
10	68	1.0
10	76	1.0
10	82	1.0
10	143	1.0
10	146	1.0
10	155	1.0
10	185	1.0
10	186	8.0
11	11	530.0
11	12	10.0
11	13	13.0
11	14	1.0
11	16	1.0
11	17	8.0
11	18	3.0
11	21	1.0
11	31	1.0
11	32	2.0
11	47	2.0
11	59	2.0
11	65	1.0
11	114	1.0
11	122	1.0
11	136	1.0
11	142	1.0
11	162	3.0
11	171	1.0
12	12	576.0
12	13	7.0
12	14	1.0
12	15	10.0
12	16	6.0
12	17	11.0
12	18	2.0
12	29	3.0
12	46	1.0
12	47	2.0
12	58	1.0
12	71	1.0
12	78	1.0
12	132	1.0
12	182	1.0
13	13	652.0
13	14	35.0
13	15	11.0
13	77	1.0
13	105	1.0
13	118	1.0
13	123	1.0
13	144	1.0
13	145	1.0
13	152	2.0
13	163	1.0
13	185	3.0
14	14	629.0
14	15	27.0
14	31	1.0
14	43	1.0
14	109	1.0
14	121	1.0
14	138	1.0
14	178	1.0
14	182	1.0
14	185	7.0
14	186	4.0
14	188	1.0
14	190	1.0
15	15	501.0
15	16	37.0
15	17	2.0
15	18	1.0
15	19	1.0
15	20	2.0
15	21	1.0
15	27	2.0
15	35	1.0
15	40	1.0
15	42	3.0
15	73	1.0
15	75	1.0
15	77	2.0
15	84	2.0
15	87	1.0
15	89	3.0
15	96	1.0
15	108	1.0
15	113	1.0
15	136	1.0
15	150	2.0
15	152	1.0
15	159	1.0
15	172	1.0
15	176	1.0
15	185	4.0
15	186	3.0
16	16	533.0
16	17	18.0
16	18	12.0
16	19	7.0
16	25	1.0
16	32	1.0
16	35	1.0
16	46	2.0
16	73	1.0
16	138	1.0
16	159	1.0
16	176	4.0
16	177	3.0
16	178	5.0
16	185	1.0
17	17	491.0
17	18	10.0
17	19	24.0
17	21	1.0
17	35	5.0
17	42	1.0
17	45	1.0
17	54	1.0
17	67	2.0
17	95	1.0
17	107	1.0
17	112	6.0
17	118	1.0
17	149	1.0
17	172	5.0
17	176	2.0
17	177	3.0
17	178	17.0
17	179	4.0
18	18	525.0
18	19	32.0
18	20	6.0
18	22	2.0
18	26	8.0
18	27	4.0
18	30	3.0
18	36	1.0
18	46	1.0
18	62	5.0
18	84	2.0
18	111	1.0
18	153	1.0
18	176	6.0
18	177	9.0
18	178	2.0
19	19	495.0
19	20	21.0
19	21	18.0
19	22	10.0
19	23	1.0
19	25	1.0
19	26	2.0
19	28	1.0
19	29	1.0
19	34	1.0
19	35	6.0
19	37	1.0
19	44	1.0
19	62	1.0
19	80	2.0
19	84	1.0
19	89	1.0
19	101	1.0
19	123	1.0
19	157	1.0
19	176	4.0
19	177	12.0
19	180	1.0
20	20	508.0
20	21	32.0
20	22	28.0
20	26	1.0
20	27	2.0
20	29	3.0
20	36	12.0
20	37	5.0
20	62	1.0
20	78	2.0
20	79	4.0
20	80	2.0
20	88	1.0
20	90	2.0
20	134	1.0
20	177	7.0
21	21	475.0
21	22	20.0
21	23	9.0
21	24	3.0
21	28	1.0
21	32	4.0
21	35	5.0
21	36	2.0
21	37	10.0
21	38	2.0
21	45	1.0
21	69	1.0
21	78	1.0
21	79	9.0
21	80	6.0
21	85	2.0
21	112	1.0
22	22	500.0
22	23	19.0
22	24	5.0
22	25	5.0
22	26	13.0
22	28	4.0
22	29	3.0
22	35	2.0
22	36	7.0
22	37	2.0
22	38	1.0
22	56	1.0
22	69	2.0
22	88	1.0
22	112	1.0
22	119	1.0
22	157	1.0
22	168	1.0
23	23	477.0
23	24	16.0
23	27	1.0
23	28	6.0
23	32	4.0
23	33	1.0
23	34	7.0
23	35	4.0
23	45	1.0
23	74	2.0
23	75	1.0
23	113	1.0
23	135	1.0
23	156	1.0
23	160	2.0
23	164	1.0
24	24	600.0
24	25	23.0
24	26	25.0
24	27	5.0
24	32	5.0
24	33	9.0
24	34	2.0
24	35	1.0
24	69	2.0
24	70	1.0
24	72	12.0
24	73	7.0
24	75	1.0
24	79	3.0
24	80	1.0
24	136	1.0
24	161	1.0
24	162	4.0
24	163	3.0
25	25	541.0
25	26	22.0
25	27	2.0
25	28	5.0
25	30	3.0
25	32	7.0
25	33	6.0
25	40	1.0
25	43	1.0
25	44	1.0
25	65	2.0
25	66	1.0
25	70	3.0
25	71	1.0
25	74	4.0
25	75	4.0
25	77	1.0
25	81	1.0
25	84	1.0
25	85	1.0
25	116	1.0
25	142	1.0
25	152	5.0
25	153	5.0
25	154	1.0
25	161	14.0
25	162	2.0
25	163	6.0
25	164	3.0
25	165	3.0
25	172	1.0
26	26	496.0
26	27	15.0
26	28	21.0
26	30	17.0
26	33	1.0
26	52	2.0
26	53	1.0
26	70	1.0
26	72	3.0
26	73	14.0
26	74	12.0
26	75	6.0
26	76	2.0
26	77	8.0
26	79	1.0
26	80	3.0
26	84	7.0
26	124	1.0
26	128	1.0
26	164	1.0
26	194	1.0
27	27	554.0
27	28	20.0
27	29	10.0
27	30	2.0
27	31	1.0
27	32	8.0
27	43	3.0
27	44	5.0
27	60	2.0
27	65	1.0
27	71	1.0
27	72	4.0
27	73	6.0
27	75	7.0
27	76	6.0
27	78	1.0
27	80	2.0
27	84	7.0
27	85	5.0
27	88	2.0
27	89	1.0
27	132	1.0
27	161	1.0
27	162	4.0
27	163	16.0
27	164	16.0
27	181	1.0
27	188	1.0
28	28	491.0
28	29	26.0
28	30	3.0
28	31	3.0
28	32	7.0
28	40	1.0
28	44	1.0
28	78	1.0
28	79	1.0
28	83	1.0
28	85	1.0
28	88	1.0
28	89	3.0
28	103	1.0
28	105	1.0
28	107	1.0
28	116	1.0
28	136	1.0
28	141	1.0
28	143	2.0
28	144	1.0
28	146	1.0
28	156	2.0
28	163	1.0
28	164	6.0
28	165	2.0
28	176	1.0
28	188	5.0
28	189	1.0
29	29	508.0
29	30	8.0
29	31	3.0
29	32	17.0
29	43	2.0
29	63	5.0
29	84	2.0
29	88	2.0
29	89	5.0
29	177	2.0
29	182	1.0
30	30	492.0
30	31	22.0
30	32	27.0
30	33	1.0
30	34	11.0
30	35	1.0
30	36	4.0
30	43	1.0
30	44	4.0
30	45	1.0
30	46	3.0
30	59	1.0
30	60	11.0
30	61	3.0
30	62	5.0
30	63	2.0
30	75	1.0
30	78	2.0
30	79	1.0
30	109	1.0
30	118	1.0
30	120	1.0
30	146	8.0
30	147	1.0
30	157	1.0
30	158	1.0
30	177	1.0
31	31	545.0
31	32	18.0
31	33	1.0
31	34	2.0
31	35	2.0
31	36	7.0
31	38	1.0
31	42	1.0
31	43	6.0
31	44	2.0
31	45	1.0
31	46	4.0
31	47	1.0
31	49	1.0
31	59	9.0
31	60	5.0
31	61	8.0
31	62	7.0
31	73	3.0
31	74	8.0
31	76	3.0
31	77	3.0
31	78	6.0
31	84	5.0
31	118	1.0
31	123	1.0
31	130	1.0
31	169	2.0
31	172	1.0
31	192	1.0
32	32	511.0
32	33	11.0
32	34	5.0
32	35	3.0
32	36	6.0
32	37	11.0
32	42	1.0
32	43	7.0
32	44	8.0
32	46	1.0
32	47	1.0
32	59	4.0
32	60	2.0
32	62	2.0
32	72	1.0
32	74	2.0
32	84	1.0
32	147	1.0
32	163	1.0
33	33	563.0
33	34	14.0
33	35	1.0
33	36	10.0
33	37	20.0
33	38	1.0
33	42	5.0
33	43	8.0
33	46	1.0
33	47	1.0
33	75	1.0
33	98	1.0
33	118	1.0
33	130	1.0
33	150	1.0
33	158	1.0
33	170	1.0
34	34	583.0
34	35	10.0
34	36	16.0
34	37	6.0
34	43	2.0
34	44	3.0
34	46	4.0
34	47	4.0
34	48	1.0
34	57	1.0
34	69	2.0
34	112	1.0
34	133	2.0
34	136	2.0
34	142	1.0
34	149	1.0
34	156	1.0
34	159	1.0
34	183	1.0
35	35	524.0
35	36	23.0
35	37	1.0
35	38	1.0
35	42	2.0
35	43	7.0
35	44	2.0
35	45	9.0
35	46	20.0
35	47	4.0
35	49	1.0
35	52	1.0
35	58	1.0
35	59	1.0
35	60	2.0
35	61	8.0
35	86	1.0
35	126	1.0
35	178	2.0
35	187	1.0
36	36	530.0
36	37	34.0
36	42	1.0
36	43	2.0
36	45	2.0
36	46	12.0
36	47	2.0
36	49	1.0
36	60	7.0
36	61	3.0
36	63	1.0
36	72	2.0
36	82	1.0
36	95	1.0
36	100	1.0
36	101	2.0
36	111	1.0
36	145	1.0
36	146	2.0
36	176	1.0
36	180	1.0
37	37	619.0
37	38	6.0
37	43	1.0
37	44	4.0
37	45	1.0
37	46	3.0
37	47	3.0
37	60	1.0
37	65	1.0
37	138	1.0
37	145	1.0
37	147	1.0
37	159	1.0
37	179	1.0
37	186	1.0
37	193	1.0
38	38	610.0
38	39	20.0
38	41	7.0
38	42	3.0
38	50	1.0
38	65	1.0
38	154	1.0
38	170	1.0
38	184	1.0
38	191	2.0
39	39	549.0
39	40	29.0
39	41	2.0
39	42	5.0
39	45	7.0
39	46	8.0
39	47	1.0
39	53	1.0
39	61	1.0
39	69	1.0
39	137	1.0
39	141	1.0
39	168	1.0
39	177	2.0
39	194	1.0
40	40	552.0
40	41	28.0
40	42	32.0
40	45	5.0
40	46	2.0
40	69	1.0
40	88	2.0
40	112	1.0
40	123	2.0
40	169	1.0
40	172	1.0
40	178	1.0
40	185	1.0
41	41	591.0
41	42	8.0
41	56	1.0
41	65	1.0
41	88	1.0
41	117	1.0
41	173	1.0
41	186	2.0
42	42	591.0
42	43	5.0
42	44	3.0
42	45	8.0
42	46	9.0
42	47	8.0
42	53	1.0
42	61	1.0
42	69	8.0
42	70	1.0
42	73	1.0
42	84	1.0
42	86	1.0
42	101	2.0
42	102	1.0
42	103	1.0
42	183	1.0
42	184	1.0
43	43	609.0
43	44	43.0
43	46	14.0
43	47	2.0
43	55	1.0
43	67	1.0
43	73	37.0
43	74	5.0
43	75	3.0
43	79	2.0
43	81	1.0
43	83	1.0
43	86	1.0
43	90	1.0
43	161	1.0
43	181	1.0
43	194	2.0
44	44	580.0
44	45	12.0
44	46	4.0
44	50	1.0
44	57	1.0
44	58	2.0
44	60	6.0
44	61	2.0
44	71	2.0
44	72	3.0
44	73	12.0
44	74	5.0
44	104	1.0
44	131	1.0
44	137	1.0
44	195	1.0
45	45	615.0
45	46	19.0
45	49	4.0
45	57	2.0
45	58	1.0
45	60	7.0
45	61	6.0
45	62	2.0
45	66	1.0
45	69	10.0
45	70	1.0
45	71	5.0
45	73	3.0
45	102	1.0
45	107	1.0
45	115	1.0
45	157	1.0
46	46	573.0
46	47	26.0
46	57	1.0
46	58	2.0
46	59	1.0
46	60	9.0
46	61	1.0
46	63	2.0
46	69	14.0
46	70	1.0
46	71	9.0
46	72	4.0
46	122	1.0
46	146	2.0
46	170	2.0
46	183	1.0
47	47	566.0
47	48	12.0
47	52	4.0
47	57	1.0
47	71	8.0
47	81	1.0
47	121	1.0
47	129	1.0
47	150	1.0
47	152	2.0
47	172	1.0
47	188	1.0
47	195	1.0
48	48	584.0
48	49	10.0
48	52	28.0
48	53	4.0
48	57	1.0
48	95	1.0
48	100	1.0
48	106	1.0
48	116	1.0
48	147	3.0
48	151	2.0
48	178	1.0
49	49	616.0
49	50	17.0
49	52	23.0
49	53	13.0
49	55	2.0
49	57	5.0
49	59	2.0
49	61	1.0
49	62	2.0
49	81	1.0
49	100	1.0
49	115	1.0
49	116	1.0
49	126	3.0
49	127	6.0
49	143	3.0
49	148	2.0
49	196	2.0
50	50	587.0
50	51	28.0
50	52	2.0
50	53	10.0
50	57	5.0
50	62	1.0
50	71	1.0
50	75	1.0
50	96	1.0
50	97	1.0
50	108	1.0
50	126	2.0
50	127	2.0
50	128	5.0
50	131	3.0
50	134	1.0
50	135	5.0
50	140	1.0
50	142	3.0
50	143	3.0
50	146	3.0
50	147	1.0
50	148	1.0
50	150	1.0
50	152	1.0
50	156	1.0
50	161	1.0
50	194	1.0
51	51	547.0
51	60	1.0
51	89	1.0
51	98	1.0
51	111	1.0
51	131	1.0
51	134	2.0
51	135	3.0
51	138	5.0
51	139	7.0
51	143	1.0
51	148	2.0
51	149	1.0
51	150	1.0
51	157	1.0
52	52	632.0
52	53	25.0
52	54	4.0
52	56	1.0
52	57	3.0
52	58	1.0
52	70	1.0
52	75	1.0
52	126	2.0
52	127	1.0
52	128	3.0
52	129	1.0
52	130	1.0
52	131	16.0
52	132	17.0
52	133	10.0
52	141	4.0
52	142	7.0
52	147	1.0
52	160	1.0
53	53	586.0
53	54	18.0
53	55	5.0
53	56	2.0
53	65	1.0
53	98	1.0
53	118	1.0
53	126	1.0
53	127	4.0
53	128	1.0
53	129	2.0
53	130	5.0
53	131	10.0
53	132	7.0
53	133	9.0
53	136	1.0
53	141	2.0
53	142	11.0
53	143	12.0
53	145	4.0
53	146	7.0
53	148	5.0
53	149	3.0
53	182	1.0
53	186	1.0
53	194	1.0
54	54	508.0
54	55	31.0
54	56	29.0
54	79	1.0
54	105	1.0
54	128	4.0
54	129	1.0
54	130	6.0
54	131	2.0
54	133	2.0
54	143	1.0
54	144	4.0
54	145	14.0
54	146	8.0
54	147	3.0
54	148	4.0
54	149	3.0
54	190	1.0
54	193	1.0
54	195	1.0
55	55	537.0
55	56	29.0
55	108	1.0
55	122	2.0
55	124	1.0
55	130	1.0
55	138	1.0
55	142	1.0
55	143	3.0
55	144	4.0
55	145	16.0
55	146	8.0
55	186	1.0
55	187	1.0
56	56	522.0
56	57	4.0
56	68	1.0
56	121	1.0
56	122	2.0
56	130	4.0
56	145	4.0
57	57	512.0
57	58	15.0
57	81	1.0
57	123	2.0
57	142	2.0
57	153	1.0
57	162	1.0
57	178	2.0
57	187	1.0
57	195	1.0
58	58	548.0
58	59	34.0
58	60	4.0
58	61	8.0
58	62	2.0
58	65	2.0
58	68	1.0
58	104	1.0
58	114	1.0
58	116	1.0
58	123	1.0
58	143	2.0
58	145	3.0
58	158	1.0
59	59	520.0
59	60	14.0
59	61	31.0
59	62	13.0
59	63	5.0
59	94	1.0
59	126	2.0
59	142	2.0
59	143	1.0
59	145	4.0
59	158	1.0
59	183	2.0
60	60	532.0
60	61	29.0
60	62	15.0
60	63	5.0
60	70	2.0
60	145	4.0
60	146	3.0
60	158	2.0
60	163	1.0
60	170	1.0
61	61	542.0
61	62	17.0
61	63	3.0
61	64	1.0
61	135	1.0
61	144	1.0
61	145	1.0
61	155	1.0
61	159	3.0
61	175	1.0
62	62	521.0
62	63	15.0
62	64	2.0
62	69	1.0
62	70	3.0
62	73	1.0
62	76	1.0
62	88	1.0
62	106	1.0
62	125	2.0
62	137	1.0
62	144	11.0
62	145	3.0
62	146	13.0
62	154	1.0
62	158	4.0
62	178	1.0
62	179	1.0
63	63	554.0
63	64	5.0
63	70	3.0
63	72	2.0
63	93	1.0
63	95	1.0
63	101	1.0
63	144	12.0
63	145	1.0
63	146	11.0
63	147	4.0
63	150	3.0
63	152	3.0
63	153	2.0
63	158	1.0
63	159	5.0
63	188	1.0
64	64	573.0
64	65	35.0
64	66	6.0
64	68	1.0
64	69	11.0
64	70	25.0
64	71	5.0
64	72	10.0
64	76	1.0
64	79	1.0
64	150	14.0
64	152	9.0
64	153	2.0
64	171	1.0
64	196	1.0
65	65	481.0
65	66	28.0
65	67	2.0
65	68	8.0
65	69	14.0
65	70	7.0
65	71	3.0
65	72	9.0
65	80	1.0
65	86	1.0
65	128	1.0
65	150	10.0
65	151	4.0
65	152	9.0
65	153	3.0
65	162	1.0
65	163	1.0
65	170	2.0
65	171	2.0
65	184	1.0
65	193	1.0
65	195	1.0
66	66	516.0
66	67	11.0
66	68	7.0
66	69	9.0
66	70	7.0
66	71	4.0
66	73	2.0
66	75	1.0
66	78	6.0
66	81	7.0
66	82	6.0
66	84	6.0
66	86	1.0
66	100	1.0
66	131	1.0
66	155	1.0
66	162	3.0
66	171	1.0
67	67	556.0
67	68	27.0
67	69	2.0
67	77	5.0
67	78	11.0
67	81	13.0
67	82	18.0
67	83	7.0
67	88	1.0
67	104	1.0
67	116	1.0
67	127	1.0
67	139	1.0
67	154	1.0
67	177	1.0
67	191	1.0
68	68	484.0
68	69	6.0
68	71	4.0
68	72	2.0
68	75	6.0
68	76	11.0
68	77	5.0
68	78	9.0
68	79	3.0
68	81	30.0
68	82	14.0
68	83	13.0
68	84	8.0
68	161	2.0
68	162	5.0
68	190	1.0
69	69	511.0
69	70	20.0
69	71	16.0
69	72	23.0
69	73	4.0
69	75	1.0
69	76	6.0
69	81	2.0
69	82	4.0
69	83	4.0
69	84	2.0
69	93	3.0
69	150	9.0
69	151	8.0
69	152	12.0
69	153	3.0
69	160	2.0
69	161	1.0
69	162	3.0
69	170	2.0
69	171	1.0
69	174	1.0
69	175	4.0
69	181	1.0
69	196	1.0
70	70	499.0
70	71	41.0
70	72	21.0
70	85	1.0
70	146	2.0
70	150	2.0
70	151	2.0
70	152	4.0
70	153	9.0
70	155	1.0
70	161	2.0
70	162	4.0
70	165	1.0
71	71	587.0
71	72	33.0
71	73	2.0
71	75	5.0
71	80	1.0
71	81	6.0
71	95	1.0
71	148	1.0
71	161	1.0
71	162	5.0
71	197	1.0
72	72	660.0
72	73	8.0
72	74	1.0
72	79	2.0
72	80	4.0
72	81	1.0
72	82	1.0
72	103	1.0
72	111	1.0
72	115	1.0
72	133	1.0
72	149	1.0
72	152	1.0
72	160	1.0
72	161	1.0
72	162	9.0
72	192	1.0
73	73	540.0
73	74	24.0
73	75	11.0
73	77	6.0
73	79	2.0
73	80	5.0
73	81	3.0
73	83	5.0
73	84	1.0
73	130	1.0
73	148	2.0
73	150	2.0
73	162	2.0
73	164	1.0
73	170	1.0
73	171	1.0
73	172	1.0
74	74	505.0
74	75	19.0
74	76	4.0
74	77	7.0
74	79	1.0
74	80	2.0
74	81	1.0
74	82	3.0
74	83	8.0
74	84	3.0
74	156	1.0
74	169	1.0
74	177	1.0
74	179	1.0
75	75	368.0
75	76	8.0
75	79	1.0
75	80	12.0
75	81	10.0
75	82	2.0
75	83	4.0
75	84	2.0
75	85	1.0
75	87	1.0
75	123	3.0
75	125	2.0
75	128	1.0
75	129	1.0
75	134	1.0
75	158	1.0
75	161	2.0
75	162	1.0
75	164	3.0
75	184	1.0
76	76	490.0
76	77	9.0
76	78	6.0
76	79	12.0
76	80	16.0
76	81	17.0
76	82	8.0
76	84	4.0
76	97	1.0
76	98	1.0
76	157	1.0
76	161	1.0
76	162	8.0
76	163	3.0
76	164	9.0
77	77	506.0
77	78	34.0
77	79	14.0
77	80	4.0
77	82	1.0
77	132	2.0
77	153	1.0
77	165	1.0
77	194	1.0
78	78	496.0
78	79	26.0
78	80	29.0
78	81	4.0
78	82	10.0
78	83	1.0
78	84	7.0
78	97	1.0
78	114	1.0
78	147	1.0
78	175	1.0
78	186	1.0
78	191	1.0
79	79	449.0
79	80	36.0
79	81	11.0
79	82	16.0
79	83	5.0
79	133	1.0
79	166	1.0
79	177	1.0
79	185	1.0
80	80	425.0
80	81	8.0
80	83	6.0
80	139	2.0
80	162	1.0
80	164	1.0
80	175	1.0
80	193	1.0
81	81	445.0
81	82	30.0
81	83	14.0
81	84	10.0
81	127	1.0
81	161	5.0
81	164	1.0
81	173	1.0
81	195	1.0
82	82	490.0
82	83	42.0
82	103	1.0
83	83	442.0
83	84	14.0
83	137	1.0
83	162	1.0
83	182	1.0
84	84	470.0
84	85	7.0
84	86	5.0
84	87	1.0
84	88	1.0
84	95	2.0
84	162	1.0
84	175	1.0
85	85	507.0
85	86	20.0
85	87	5.0
85	88	9.0
85	89	1.0
85	90	6.0
85	94	1.0
85	143	1.0
85	169	1.0
85	171	7.0
85	172	3.0
85	175	2.0
86	86	470.0
86	87	2.0
86	88	3.0
86	89	2.0
86	95	6.0
86	96	4.0
86	100	1.0
86	102	1.0
86	150	3.0
86	151	7.0
86	152	1.0
86	167	1.0
86	168	1.0
86	170	4.0
86	171	24.0
86	172	2.0
86	173	9.0
86	174	17.0
86	175	4.0
86	176	1.0
86	189	15.0
86	190	5.0
87	87	482.0
87	88	25.0
87	89	2.0
87	90	1.0
87	95	1.0
87	96	2.0
87	134	1.0
87	163	1.0
87	167	1.0
87	168	7.0
87	170	1.0
87	171	4.0
87	172	4.0
87	173	13.0
87	174	1.0
87	175	3.0
87	176	4.0
87	177	4.0
87	179	1.0
87	186	7.0
87	187	1.0
87	190	7.0
88	88	499.0
88	89	17.0
88	90	21.0
88	172	1.0
88	173	1.0
88	174	2.0
88	176	3.0
88	177	1.0
88	179	2.0
88	186	3.0
88	189	1.0
89	89	523.0
89	90	19.0
89	117	1.0
89	135	1.0
89	171	2.0
89	172	3.0
89	176	1.0
89	177	2.0
90	90	258.0
90	93	2.0
90	99	1.0
90	131	1.0
90	142	1.0
90	150	1.0
90	168	1.0
90	172	1.0
90	174	1.0
93	93	292.0
93	94	13.0
93	96	1.0
93	111	1.0
93	112	1.0
93	151	3.0
93	152	4.0
93	153	4.0
93	154	1.0
93	155	6.0
93	170	1.0
94	94	503.0
94	95	22.0
94	96	3.0
94	107	1.0
94	110	1.0
94	111	6.0
94	112	7.0
94	116	3.0
94	132	1.0
94	148	1.0
94	151	1.0
94	153	24.0
94	154	11.0
94	155	8.0
94	162	1.0
94	163	4.0
94	166	2.0
94	167	5.0
94	170	3.0
94	171	2.0
94	181	1.0
95	95	436.0
95	96	25.0
95	99	1.0
95	103	1.0
95	110	3.0
95	111	4.0
95	112	9.0
95	114	1.0
95	120	1.0
95	165	2.0
95	166	3.0
95	167	8.0
95	168	2.0
95	169	9.0
95	172	4.0
95	185	1.0
95	193	1.0
96	96	497.0
96	97	19.0
96	98	1.0
96	99	8.0
96	100	1.0
96	109	7.0
96	110	4.0
96	111	17.0
96	112	8.0
96	116	1.0
96	152	1.0
96	156	4.0
96	157	3.0
96	167	10.0
96	168	2.0
96	169	1.0
96	171	2.0
96	187	1.0
97	97	469.0
97	98	29.0
97	99	23.0
97	100	7.0
97	101	7.0
97	109	6.0
97	110	6.0
97	154	1.0
97	155	1.0
97	156	4.0
97	157	11.0
97	158	6.0
97	165	1.0
97	172	1.0
97	177	1.0
97	179	1.0
98	98	512.0
98	99	14.0
98	100	15.0
98	109	1.0
98	110	3.0
98	114	2.0
98	152	1.0
98	155	11.0
98	156	1.0
98	157	25.0
98	158	2.0
98	166	1.0
98	167	1.0
98	170	1.0
99	99	523.0
99	100	10.0
99	101	5.0
99	102	3.0
99	109	3.0
99	110	14.0
99	111	1.0
99	114	1.0
99	116	6.0
99	117	2.0
99	118	1.0
99	134	1.0
99	135	1.0
99	153	1.0
99	156	4.0
99	157	29.0
99	158	5.0
99	167	5.0
99	171	2.0
99	172	1.0
99	176	1.0
100	100	528.0
100	101	24.0
100	108	1.0
100	113	1.0
100	114	8.0
100	115	8.0
100	119	1.0
100	126	1.0
100	127	2.0
100	131	1.0
100	132	9.0
100	134	1.0
100	137	1.0
100	153	7.0
100	155	4.0
100	156	2.0
100	157	5.0
100	158	1.0
100	168	1.0
100	181	1.0
100	183	1.0
100	189	2.0
100	197	7.0
101	101	512.0
101	102	35.0
101	103	1.0
101	106	3.0
101	107	6.0
101	109	3.0
101	110	1.0
101	111	1.0
101	113	1.0
101	114	2.0
101	119	1.0
101	125	4.0
101	128	6.0
101	129	4.0
101	157	16.0
101	158	2.0
101	160	3.0
101	163	3.0
101	164	6.0
101	168	1.0
101	170	1.0
101	176	2.0
101	178	1.0
101	181	2.0
101	182	2.0
101	192	1.0
101	197	3.0
102	102	534.0
102	103	20.0
102	104	2.0
102	106	2.0
102	109	10.0
102	128	2.0
102	129	5.0
102	137	1.0
102	156	2.0
102	157	13.0
102	158	2.0
102	160	3.0
102	162	3.0
102	163	19.0
102	164	7.0
102	165	7.0
102	168	3.0
102	169	2.0
102	173	5.0
102	177	2.0
102	178	11.0
102	179	1.0
102	181	2.0
102	182	2.0
103	103	482.0
103	104	34.0
103	105	14.0
103	106	10.0
103	107	3.0
103	108	2.0
103	109	2.0
103	110	11.0
103	111	2.0
103	129	7.0
103	145	1.0
103	157	3.0
103	158	1.0
103	160	5.0
103	161	1.0
103	162	3.0
103	163	2.0
103	164	1.0
103	165	1.0
103	170	1.0
103	176	1.0
103	181	4.0
103	182	3.0
103	189	1.0
103	190	1.0
103	194	1.0
103	195	1.0
104	104	532.0
104	105	42.0
104	106	4.0
104	107	1.0
104	108	6.0
104	109	1.0
104	110	3.0
104	111	1.0
104	115	1.0
104	120	2.0
104	146	1.0
104	157	1.0
104	158	1.0
104	162	1.0
104	177	1.0
104	180	1.0
104	189	1.0
104	190	1.0
104	191	8.0
104	192	1.0
104	194	1.0
105	105	531.0
105	106	25.0
105	107	10.0
105	108	10.0
105	109	1.0
105	110	2.0
105	118	1.0
105	145	1.0
105	160	1.0
105	168	1.0
105	170	1.0
105	177	1.0
105	180	1.0
105	181	1.0
105	182	2.0
105	188	3.0
105	191	13.0
106	106	480.0
106	107	17.0
106	108	14.0
106	113	3.0
106	117	1.0
106	119	1.0
106	125	1.0
106	126	1.0
106	131	1.0
106	134	1.0
106	159	1.0
106	160	6.0
106	163	1.0
106	167	1.0
106	168	1.0
106	169	1.0
106	181	2.0
106	182	3.0
106	187	3.0
106	191	4.0
106	193	1.0
107	107	514.0
107	108	29.0
107	109	3.0
107	113	2.0
107	117	1.0
107	123	1.0
107	125	4.0
107	132	2.0
107	136	1.0
107	137	1.0
107	138	1.0
107	164	1.0
107	167	6.0
107	168	2.0
107	180	3.0
107	181	18.0
107	182	5.0
107	187	1.0
107	190	1.0
107	195	1.0
108	108	487.0
108	109	6.0
108	125	1.0
108	129	1.0
108	165	3.0
108	167	1.0
108	168	17.0
108	169	16.0
108	170	1.0
108	173	2.0
108	176	1.0
108	178	9.0
108	179	11.0
108	180	8.0
108	181	3.0
108	182	5.0
108	188	1.0
108	191	14.0
109	109	478.0
109	110	38.0
109	111	14.0
109	112	8.0
109	116	6.0
109	117	3.0
109	118	9.0
109	139	1.0
109	141	1.0
109	146	1.0
109	155	1.0
109	157	4.0
109	161	1.0
109	165	1.0
109	166	5.0
109	167	5.0
109	173	4.0
109	176	1.0
109	178	2.0
109	180	2.0
109	181	4.0
109	182	3.0
109	188	1.0
109	189	1.0
109	190	9.0
110	110	479.0
110	111	35.0
110	112	4.0
110	116	2.0
110	117	5.0
110	118	1.0
110	131	1.0
110	138	1.0
110	171	2.0
111	111	544.0
111	112	5.0
111	113	1.0
111	114	2.0
111	115	3.0
111	116	2.0
111	118	1.0
111	119	1.0
111	175	1.0
111	195	1.0
112	112	544.0
112	113	23.0
112	114	1.0
112	115	6.0
112	116	12.0
112	117	13.0
112	118	3.0
112	125	1.0
112	127	1.0
112	134	1.0
112	142	1.0
112	171	17.0
112	172	1.0
112	176	1.0
112	186	1.0
112	190	21.0
112	191	5.0
112	192	2.0
113	113	515.0
113	114	42.0
113	115	11.0
113	116	9.0
113	117	19.0
113	118	5.0
113	123	1.0
113	136	1.0
113	153	1.0
113	165	1.0
113	170	2.0
113	171	7.0
113	172	1.0
113	179	1.0
113	182	1.0
113	183	1.0
113	186	1.0
113	190	3.0
113	191	4.0
113	192	9.0
113	193	9.0
113	195	1.0
113	197	7.0
114	114	530.0
114	115	16.0
114	116	1.0
114	118	3.0
114	119	1.0
114	120	1.0
114	132	2.0
114	139	2.0
114	153	1.0
114	166	1.0
114	192	4.0
114	193	6.0
114	194	1.0
114	196	1.0
114	197	11.0
115	115	517.0
115	116	3.0
115	117	1.0
115	118	24.0
115	119	1.0
115	121	1.0
115	132	2.0
115	134	7.0
115	135	2.0
115	143	1.0
115	153	3.0
115	154	1.0
115	155	1.0
115	169	1.0
115	170	5.0
115	171	8.0
115	172	13.0
115	174	1.0
115	179	2.0
115	180	2.0
115	185	1.0
115	186	1.0
115	188	1.0
115	192	7.0
115	193	6.0
115	196	1.0
116	116	491.0
116	117	41.0
116	118	26.0
116	119	2.0
116	138	1.0
116	154	1.0
116	157	1.0
116	167	1.0
116	170	1.0
116	171	2.0
116	180	7.0
116	187	1.0
116	190	4.0
116	191	8.0
116	192	21.0
116	193	5.0
116	195	1.0
117	117	529.0
117	118	33.0
117	119	1.0
117	132	1.0
117	147	1.0
117	167	1.0
117	169	1.0
117	171	1.0
117	180	4.0
117	190	3.0
118	118	509.0
118	119	6.0
118	124	1.0
118	126	1.0
118	127	1.0
118	156	1.0
118	158	1.0
118	163	1.0
118	165	6.0
118	166	13.0
118	167	10.0
118	180	1.0
118	181	1.0
118	192	3.0
118	195	1.0
118	196	1.0
119	119	564.0
119	120	11.0
119	130	6.0
119	131	7.0
119	132	1.0
119	133	1.0
119	134	1.0
119	137	1.0
119	155	2.0
119	157	4.0
119	158	5.0
119	159	17.0
119	160	4.0
119	165	6.0
119	166	4.0
119	167	8.0
119	170	1.0
119	181	2.0
119	182	1.0
119	187	2.0
119	188	2.0
119	189	19.0
119	190	1.0
119	196	2.0
120	120	528.0
120	121	25.0
120	122	6.0
120	123	21.0
120	124	9.0
120	125	5.0
120	128	3.0
120	130	2.0
120	131	1.0
120	133	3.0
120	135	2.0
120	138	2.0
120	141	1.0
120	147	1.0
120	152	1.0
120	158	9.0
120	159	2.0
120	166	1.0
120	175	1.0
120	187	1.0
120	188	1.0
120	196	2.0
121	121	518.0
121	122	10.0
121	123	11.0
121	124	4.0
121	125	5.0
121	126	6.0
121	127	10.0
121	128	9.0
121	129	1.0
121	131	1.0
121	132	4.0
121	133	5.0
121	136	1.0
121	142	5.0
121	166	1.0
121	167	1.0
121	170	1.0
121	187	1.0
122	122	564.0
122	123	30.0
122	125	2.0
122	126	1.0
122	127	1.0
122	128	2.0
122	130	1.0
122	133	1.0
122	137	1.0
122	142	6.0
122	156	1.0
122	165	1.0
122	170	1.0
123	123	590.0
123	124	18.0
123	125	12.0
123	126	14.0
123	127	4.0
123	128	2.0
123	133	10.0
123	142	13.0
123	143	3.0
123	144	1.0
123	154	1.0
123	187	1.0
124	124	605.0
124	125	24.0
124	126	26.0
124	127	13.0
124	128	2.0
124	133	3.0
124	135	1.0
124	136	1.0
124	138	1.0
124	142	10.0
124	143	3.0
124	144	12.0
124	147	1.0
124	149	1.0
124	152	1.0
124	153	3.0
124	154	1.0
124	156	3.0
124	158	1.0
124	173	1.0
124	193	1.0
125	125	486.0
125	126	21.0
125	127	4.0
125	128	2.0
125	129	2.0
125	132	4.0
125	133	4.0
125	142	7.0
125	143	5.0
125	144	6.0
125	145	2.0
125	146	3.0
125	147	1.0
125	155	1.0
125	156	2.0
125	171	1.0
125	180	1.0
126	126	586.0
126	127	24.0
126	128	10.0
126	133	2.0
126	134	2.0
126	142	3.0
126	143	4.0
126	150	1.0
126	152	9.0
126	153	8.0
126	154	2.0
126	176	1.0
126	182	2.0
126	192	1.0
127	127	593.0
127	128	16.0
127	133	3.0
127	134	9.0
127	135	1.0
127	136	2.0
127	142	6.0
127	145	1.0
127	152	8.0
127	153	4.0
127	154	6.0
127	155	1.0
127	197	1.0
128	128	604.0
128	129	6.0
128	130	2.0
128	131	4.0
128	132	2.0
128	164	1.0
128	177	1.0
129	129	536.0
129	130	23.0
129	131	11.0
129	132	6.0
129	133	11.0
129	139	1.0
129	160	7.0
129	161	1.0
129	162	1.0
129	163	8.0
129	164	5.0
129	187	1.0
130	130	508.0
130	131	38.0
130	132	10.0
130	133	2.0
130	141	2.0
130	159	4.0
130	161	1.0
130	166	1.0
130	168	1.0
131	131	585.0
131	132	12.0
131	133	5.0
131	142	1.0
131	151	1.0
131	157	1.0
131	158	4.0
131	159	3.0
131	160	7.0
131	163	7.0
131	166	3.0
131	168	1.0
132	132	572.0
132	133	31.0
132	134	3.0
132	135	6.0
132	136	1.0
132	142	5.0
132	153	7.0
132	154	6.0
132	155	4.0
132	156	2.0
132	158	6.0
132	159	2.0
132	161	1.0
133	133	566.0
133	134	16.0
133	135	3.0
133	142	5.0
133	152	2.0
133	153	3.0
133	154	7.0
133	156	1.0
133	172	1.0
134	134	630.0
134	135	43.0
134	136	4.0
134	137	6.0
134	138	6.0
134	141	3.0
134	152	4.0
134	153	6.0
134	154	5.0
134	155	3.0
134	194	7.0
134	195	1.0
135	135	507.0
135	136	15.0
135	138	2.0
135	141	1.0
135	152	7.0
135	153	2.0
135	154	10.0
135	155	3.0
135	156	7.0
135	158	1.0
135	178	1.0
135	182	1.0
135	194	9.0
136	136	514.0
136	137	19.0
136	138	13.0
136	139	6.0
136	145	1.0
136	147	1.0
136	152	6.0
136	153	2.0
136	154	2.0
136	158	1.0
136	176	1.0
136	182	1.0
136	183	1.0
136	184	13.0
136	193	2.0
136	194	1.0
136	196	1.0
137	137	553.0
137	138	19.0
137	139	3.0
137	143	4.0
137	151	10.0
137	152	5.0
137	153	1.0
137	177	1.0
137	183	2.0
137	184	2.0
137	188	1.0
137	193	3.0
138	138	547.0
138	139	31.0
138	140	11.0
138	141	1.0
138	150	2.0
138	151	1.0
138	152	1.0
138	183	1.0
138	184	2.0
138	193	1.0
138	194	4.0
139	139	579.0
139	140	36.0
139	141	3.0
139	142	2.0
139	144	1.0
139	183	2.0
139	184	8.0
139	194	1.0
140	140	524.0
140	141	17.0
140	142	5.0
140	183	2.0
140	184	9.0
140	189	2.0
141	141	642.0
141	142	11.0
141	147	1.0
141	158	1.0
141	183	1.0
141	184	15.0
141	185	1.0
141	187	1.0
141	190	1.0
141	193	1.0
141	194	3.0
142	142	482.0
142	143	41.0
142	144	7.0
142	145	7.0
142	146	1.0
142	147	1.0
142	148	13.0
142	149	1.0
142	151	2.0
142	153	1.0
142	183	12.0
142	184	1.0
143	143	542.0
143	144	23.0
143	145	9.0
143	146	10.0
143	147	12.0
143	148	9.0
143	149	1.0
143	153	1.0
143	158	1.0
143	182	2.0
143	183	1.0
144	144	479.0
144	145	18.0
144	147	4.0
144	148	7.0
144	155	2.0
144	156	3.0
144	158	6.0
144	175	1.0
144	181	1.0
144	194	1.0
145	145	462.0
145	146	11.0
145	147	1.0
145	148	2.0
145	155	1.0
145	178	1.0
145	190	1.0
146	146	496.0
146	147	37.0
146	152	1.0
146	172	1.0
146	176	1.0
147	147	494.0
147	148	2.0
147	149	2.0
147	150	1.0
147	151	1.0
147	168	1.0
147	173	1.0
147	175	1.0
147	196	2.0
148	148	526.0
148	149	22.0
148	150	3.0
148	158	1.0
148	186	1.0
149	149	604.0
149	150	3.0
149	166	1.0
150	150	513.0
150	151	15.0
150	152	15.0
150	153	1.0
150	167	1.0
150	170	1.0
150	185	1.0
150	187	1.0
151	151	503.0
151	152	13.0
151	153	1.0
151	155	1.0
151	167	1.0
151	168	1.0
151	169	1.0
151	170	15.0
151	171	4.0
151	183	2.0
152	152	475.0
152	153	25.0
152	154	8.0
152	155	1.0
152	170	8.0
152	171	2.0
153	153	456.0
153	154	9.0
153	155	14.0
153	161	2.0
153	163	4.0
153	183	1.0
153	187	2.0
153	195	1.0
154	154	470.0
154	155	24.0
154	159	4.0
154	162	2.0
154	165	4.0
154	166	2.0
154	167	2.0
154	194	1.0
155	155	481.0
155	156	21.0
155	157	7.0
155	158	8.0
155	159	9.0
155	166	3.0
155	167	1.0
155	168	1.0
155	187	2.0
156	156	537.0
156	157	6.0
156	158	10.0
156	159	23.0
157	157	549.0
157	158	22.0
157	159	5.0
157	160	1.0
157	165	8.0
157	166	1.0
157	167	6.0
157	174	1.0
157	197	2.0
158	158	473.0
158	159	39.0
158	160	1.0
158	168	1.0
158	189	1.0
159	159	573.0
159	160	18.0
159	161	1.0
159	163	1.0
159	164	1.0
159	165	5.0
159	166	20.0
159	167	6.0
159	181	2.0
159	188	1.0
160	160	546.0
160	161	5.0
160	162	1.0
160	163	13.0
160	164	2.0
160	165	13.0
160	166	10.0
160	167	1.0
160	174	1.0
160	181	1.0
160	182	1.0
160	188	2.0
161	161	513.0
161	162	31.0
161	163	17.0
161	164	9.0
161	165	1.0
161	169	2.0
161	179	1.0
162	162	466.0
162	163	13.0
162	164	3.0
162	189	1.0
162	197	1.0
163	163	433.0
163	164	29.0
163	165	14.0
163	181	1.0
164	164	449.0
164	165	2.0
164	175	1.0
164	181	1.0
164	182	1.0
164	187	1.0
165	165	494.0
165	166	32.0
165	167	7.0
165	178	1.0
165	181	19.0
165	182	5.0
166	166	442.0
166	167	8.0
166	181	4.0
166	182	1.0
167	167	527.0
167	168	5.0
167	169	20.0
167	170	10.0
167	171	3.0
167	172	6.0
167	173	1.0
167	176	3.0
167	178	2.0
167	179	1.0
167	180	8.0
167	181	5.0
167	182	3.0
167	183	1.0
167	187	1.0
168	168	512.0
168	169	42.0
168	170	8.0
168	171	2.0
168	172	10.0
168	173	1.0
168	175	5.0
168	176	10.0
168	179	2.0
168	180	9.0
168	182	1.0
168	184	1.0
168	187	1.0
168	190	1.0
168	191	1.0
168	192	1.0
169	169	571.0
169	170	17.0
169	171	3.0
169	172	7.0
169	173	3.0
169	175	2.0
169	176	8.0
169	177	2.0
169	179	1.0
169	180	1.0
169	188	1.0
169	191	1.0
169	193	1.0
169	194	1.0
169	197	1.0
170	170	536.0
170	171	20.0
170	175	1.0
170	177	2.0
170	179	6.0
170	180	3.0
170	182	1.0
170	187	1.0
170	188	1.0
170	190	1.0
170	191	1.0
170	194	2.0
171	171	556.0
171	172	24.0
171	175	1.0
171	179	1.0
171	180	7.0
172	172	552.0
172	173	5.0
172	175	6.0
172	176	2.0
172	177	4.0
172	178	6.0
172	179	7.0
172	180	3.0
173	173	496.0
173	174	13.0
173	175	29.0
173	176	25.0
173	177	15.0
173	178	9.0
173	179	3.0
173	180	1.0
173	181	3.0
173	186	4.0
173	190	5.0
173	191	1.0
173	194	1.0
173	196	1.0
174	174	516.0
174	175	27.0
174	176	2.0
174	177	5.0
174	179	4.0
174	180	18.0
174	181	20.0
174	182	10.0
174	186	3.0
174	187	8.0
174	188	7.0
174	189	6.0
174	190	18.0
174	192	1.0
174	195	1.0
175	175	486.0
175	176	15.0
175	177	7.0
175	178	5.0
175	179	2.0
175	181	7.0
175	182	1.0
175	186	3.0
175	187	12.0
175	189	1.0
175	190	8.0
175	191	3.0
175	192	1.0
176	176	469.0
176	177	37.0
176	178	27.0
176	179	4.0
176	186	2.0
177	177	496.0
177	178	19.0
177	179	4.0
177	181	2.0
177	182	2.0
177	186	1.0
178	178	494.0
178	179	28.0
179	179	524.0
179	180	32.0
179	185	1.0
179	186	10.0
179	187	3.0
180	180	489.0
180	181	13.0
180	182	7.0
180	185	2.0
180	186	3.0
180	191	1.0
181	181	476.0
181	182	30.0
181	187	1.0
182	182	538.0
182	183	9.0
182	184	1.0
182	186	5.0
182	189	1.0
182	194	1.0
182	196	15.0
182	197	3.0
183	183	595.0
183	184	8.0
183	185	22.0
183	186	11.0
183	189	1.0
183	196	4.0
183	197	2.0
184	184	617.0
184	185	14.0
184	195	1.0
184	196	1.0
184	197	9.0
185	185	560.0
185	186	24.0
185	188	1.0
185	194	1.0
185	196	4.0
185	197	3.0
186	186	566.0
186	187	9.0
186	188	1.0
186	190	1.0
186	194	1.0
186	196	7.0
187	187	549.0
187	188	40.0
187	189	12.0
187	190	8.0
187	191	1.0
187	192	9.0
187	193	4.0
187	194	4.0
187	196	3.0
188	188	537.0
188	189	11.0
188	190	1.0
188	191	1.0
188	192	1.0
188	193	3.0
188	194	11.0
188	195	2.0
189	189	532.0
189	190	10.0
189	192	4.0
189	193	4.0
189	194	1.0
189	196	1.0
190	190	500.0
190	191	20.0
190	192	11.0
190	193	2.0
191	191	484.0
191	192	26.0
192	192	510.0
192	193	17.0
192	194	1.0
193	193	562.0
193	194	36.0
193	195	5.0
193	196	2.0
194	194	553.0
194	195	18.0
194	196	9.0
194	197	3.0
195	195	507.0
195	196	38.0
195	197	5.0
196	196	546.0
196	197	13.0
197	197	452.0
199	1	23.0
199	2	16.0
199	3	2.0
199	10	1.0
199	17	1.0
199	18	3.0
199	20	3.0
199	21	7.0
199	22	4.0
199	23	11.0
199	24	5.0
199	25	7.0
199	26	7.0
199	27	1.0
199	28	1.0
199	30	2.0
199	33	2.0
199	34	11.0
199	35	3.0
199	46	1.0
199	57	1.0
199	75	2.0
199	82	1.0
199	84	7.0
199	85	3.0
199	86	5.0
199	87	1.0
199	93	1.0
199	94	3.0
199	95	7.0
199	96	6.0
199	97	2.0
199	99	1.0
199	102	1.0
199	151	1.0
199	152	5.0
199	166	2.0
199	167	2.0
199	170	6.0
199	171	2.0
199	199	423.0
