bin1    bin2    count
97 97 1
41 41 1
126 142 1
83 129 1
101 101 1
125 125 1
54 54 1
88 88 1
106 106 1
135 135 2
106 106 1
89 131 1
71 71 1
53 53 1
18 18 1
39 39 1
108 108 1
70 70 2
95 95 1
4 4 1
97 97 1
68 68 1
76 76 1
8 8 1
63 63 1
132 132 1
146 146 1
37 37 1
146 146 1
8 8 1
94 94 1
25 25 1
64 64 1
110 112 1
112 116 1
90 90 1
33 33 1
96 96 2
43 52 1
8 9 1
96 96 1
81 117 1
117 118 2
68 68 1
109 109 1
88 88 1
129 129 1
59 63 1
97 97 1
149 154 1
50 50 1
22 25 1
98 98 1
20 20 1
68 68 1
146 146 1
39 39 1
56 56 1
106 128 1
107 107 1
6 6 1
135 135 1
154 154 1
71 71 2
108 108 1
71 71 1
84 84 1
84 85 1
103 103 1
54 54 1
78 78 1
35 36 1
9 9 1
12 12 1
129 129 1
62 62 1
129 129 1
137 139 1
146 146 1
100 100 1
86 86 1
70 148 1
134 134 2
38 40 1
14 14 2
17 17 1
19 52 1
67 67 1
27 27 1
145 145 1
32 36 1
153 153 1
12 12 1
80 81 1
144 144 1
57 57 1
32 32 1
136 136 1
21 21 1
135 135 1
88 89 1
152 152 1
108 108 1
108 108 1
105 106 1
68 107 1
29 29 1
121 121 1
122 148 2
115 115 1
7 7 1
137 137 1
138 138 1
95 95 2
127 127 1
153 153 1
7 8 1
55 55 1
147 147 1
79 82 1
45 45 1
153 153 1
36 36 1
126 126 1
101 101 1
37 79 1
157 157 1
152 152 1
21 24 1
133 134 1
153 153 1
97 97 1
54 54 1
27 27 1
108 108 2
152 153 1
31 32 1
101 101 1
73 157 2
36 36 1
126 126 1
137 137 1
81 81 1
51 51 1
20 21 1
51 51 1
102 102 1
75 75 1
141 141 2
56 56 1
104 121 1
78 78 1
144 144 1
120 120 1
153 153 1
63 64 1
34 34 1
108 108 1
60 60 1
69 70 1
35 35 1
125 125 1
45 45 1
145 145 1
90 115 1
148 148 1
69 69 1
101 101 1
75 90 1
61 62 1
67 67 1
27 27 1
90 90 1
73 74 1
75 75 1
134 134 1
153 153 1
10 10 1
91 91 1
70 71 1
109 109 1
105 105 1
27 30 1
159 159 1
109 109 1
34 34 1
60 63 1
102 102 1
147 149 1
87 87 1
122 122 1
36 36 1
123 123 1
39 79 1
31 31 1
96 96 2
65 65 1
68 153 2
99 99 1
146 146 1
90 90 1
41 51 1
100 100 2
27 27 1
32 32 1
17 17 1
134 135 1
8 8 1
115 115 1
61 68 1
34 35 1
146 146 1
32 33 1
29 29 1
146 146 1
111 113 1
130 130 1
51 51 1
122 146 1
95 95 1
142 157 1
141 141 1
133 133 1
128 141 1
101 101 1
37 79 1
101 101 1
10 11 1
37 37 1
122 122 1
58 58 1
21 21 1
68 68 1
89 89 1
9 9 2
63 63 1
56 63 1
105 129 2
123 124 1
94 94 1
130 130 1
89 89 1
18 18 1
127 145 1
37 79 1
152 152 1
21 21 1
35 89 1
100 100 1
43 52 1
120 120 1
126 126 1
58 58 2
82 83 1
79 79 1
106 141 1
21 21 1
122 146 1
19 19 1
145 145 1
136 136 1
128 128 1
10 69 1
90 91 1
111 112 1
50 50 1
109 110 1
109 109 1
104 104 1
57 57 1
122 122 1
100 100 1
96 96 1
133 133 1
100 100 1
91 92 1
70 70 2
29 29 1
84 115 1
8 8 1
94 95 1
138 138 1
76 76 1
45 45 1
110 142 2
89 89 1
105 105 1
14 14 1
27 27 1
40 132 1
60 60 1
87 129 1
138 144 1
44 46 1
129 129 1
12 12 1
54 54 1
90 90 1
120 120 1
128 128 1
136 136 1
41 65 1
115 122 1
148 148 1
28 28 1
70 148 1
20 21 1
141 141 1
36 36 1
97 97 1
33 99 1
52 52 1
121 121 1
111 135 1
89 94 1
32 33 1
144 144 1
81 81 1
19 19 2
57 57 1
9 9 2
75 75 1
10 14 1
62 68 1
63 63 1
83 84 1
89 89 1
100 100 1
139 139 1
70 70 1
129 147 1
106 107 1
95 95 2
29 29 1
90 90 2
17 17 1
63 134 1
70 70 1
16 16 1
102 102 1
129 129 1
62 66 1
138 138 1
98 98 1
18 18 1
102 102 1
39 46 1
13 13 1
35 35 1
75 75 1
105 129 1
136 136 1
133 133 1
99 154 1
84 84 2
84 84 1
153 153 1
61 61 1
9 9 1
7 8 1
135 135 1
134 134 1
143 143 1
37 37 1
59 59 1
5 5 1
46 54 1
41 41 1
105 105 1
104 104 1
129 129 1
98 98 1
29 29 1
113 113 1
11 11 1
127 127 1
111 111 2
102 102 1
136 136 1
52 53 1
38 38 1
77 77 1
88 88 1
119 119 1
113 113 1
119 119 1
41 41 1
130 130 1
98 130 1
102 102 1
105 106 1
4 6 1
152 152 1
58 58 1
96 96 1
108 108 1
21 21 1
157 157 1
114 114 1
27 28 1
3 3 1
9 9 1
81 91 1
12 12 1
127 127 1
53 53 1
85 85 1
137 137 1
8 8 1
4 8 1
80 87 1
8 9 1
76 92 1
88 116 1
126 126 1
145 145 1
25 30 1
152 152 1
136 136 1
7 7 1
78 78 1
108 108 1
146 147 1
99 99 1
116 116 1
71 71 1
19 19 1
58 58 1
67 76 1
108 116 1
21 21 1
74 77 1
31 32 1
137 137 1
115 115 1
39 39 1
40 61 1
56 56 1
60 60 1
115 119 1
104 104 1
72 124 1
17 17 1
54 54 1
142 142 1
78 78 1
56 64 1
61 61 1
57 57 1
89 89 1
104 115 1
14 14 1
65 65 1
96 96 1
120 120 1
83 83 1
41 51 1
46 46 1
123 124 1
28 28 1
108 109 1
150 150 1
127 142 1
102 102 1
134 145 1
69 72 1
13 13 1
70 70 1
94 154 1
27 27 1
101 102 1
39 39 1
155 155 2
108 108 1
134 135 1
133 133 1
96 96 1
133 135 1
102 102 1
104 104 1
98 98 2
16 16 1
22 26 1
85 121 1
89 89 1
96 96 1
128 128 2
7 7 1
100 101 1
106 106 1
123 123 1
101 101 1
15 15 1
69 69 1
21 21 1
110 110 2
123 123 1
126 126 1
81 81 1
156 156 2
94 94 1
40 40 1
89 89 1
146 146 1
112 112 1
28 28 1
124 125 1
32 32 1
90 90 2
103 103 1
36 36 2
50 50 1
107 107 2
143 144 1
38 38 1
31 31 1
88 88 1
50 92 1
116 116 2
149 149 1
132 144 1
51 51 1
135 144 1
76 92 1
50 50 1
48 51 1
144 144 1
94 144 1
116 116 1
134 134 1
141 143 1
60 61 1
151 151 1
93 158 2
127 127 1
94 94 1
148 148 1
81 91 1
32 32 1
83 83 1
62 62 1
117 117 1
26 26 1
88 116 1
143 143 2
107 107 1
52 53 1
137 137 1
20 20 1
132 142 1
20 49 1
114 114 1
143 143 1
42 42 1
11 11 1
3 4 1
107 107 1
52 53 1
103 103 1
34 34 1
67 67 1
153 153 1
95 95 1
129 129 1
137 137 1
58 58 1
106 107 1
95 95 1
83 83 1
104 104 1
126 126 1
80 81 1
86 123 1
101 101 1
32 32 1
55 55 2
32 33 1
151 151 1
68 68 1
40 57 1
4 4 1
87 103 1
58 156 1
75 92 1
38 38 1
121 121 1
111 111 2
101 101 2
74 74 1
80 80 1
144 144 1
40 40 1
34 92 1
111 126 1
9 9 1
119 119 1
9 9 1
132 133 1
95 95 1
37 37 2
115 115 1
40 40 1
62 63 1
142 143 1
157 157 1
115 115 1
107 107 1
61 61 1
78 79 1
49 49 1
139 139 1
50 50 1
16 17 1
157 157 1
101 101 1
63 63 1
54 54 1
42 42 1
70 70 2
144 144 1
30 30 1
138 139 1
28 28 1
149 151 1
59 87 1
100 100 1
9 10 1
153 153 1
50 50 1
21 21 1
34 34 1
148 149 1
56 56 1
120 120 1
17 69 1
36 36 1
98 98 1
133 133 1
90 90 1
68 92 1
103 104 1
57 153 1
63 64 1
121 121 1
95 95 1
127 136 1
27 27 1
69 69 1
110 110 1
110 110 1
108 108 1
121 121 1
52 52 1
61 61 1
154 154 1
41 41 1
9 9 1
134 134 1
122 122 1
11 11 1
86 86 1
145 145 1
67 138 1
122 122 1
58 58 1
89 89 1
104 116 1
116 116 1
157 157 2
138 138 1
95 95 1
37 37 1
68 68 1
126 126 1
152 152 1
115 115 1
73 156 1
143 143 1
47 63 1
63 69 1
30 30 1
152 152 1
80 94 1
116 117 1
21 22 1
150 150 1
34 34 1
61 61 2
108 108 1
55 80 1
89 89 1
96 96 1
136 136 1
22 25 1
51 51 1
43 43 1
4 4 1
106 106 1
18 18 1
86 87 1
105 129 1
119 119 1
151 151 1
68 68 1
34 34 1
115 115 1
28 28 1
89 89 1
13 14 1
136 137 1
120 120 1
134 134 1
133 133 1
102 102 1
39 39 1
26 26 1
94 152 1
36 36 1
19 19 1
20 20 1
123 129 1
58 89 1
38 38 2
114 114 1
153 153 1
52 52 1
152 152 1
57 57 1
39 41 1
65 65 1
119 119 1
16 16 1
104 104 1
118 118 1
127 127 1
135 144 1
107 107 1
26 26 1
71 114 1
68 144 1
105 110 1
7 7 1
55 95 1
23 23 1
97 97 1
135 135 1
121 121 1
142 157 1
96 96 1
129 129 1
140 140 1
152 152 1
123 123 1
116 116 1
138 138 1
143 144 1
9 9 1
141 141 1
36 37 1
96 96 1
33 42 1
63 63 1
110 111 1
61 61 1
143 143 1
157 157 1
17 17 1
153 153 2
149 149 1
60 60 1
26 26 1
41 41 1
44 45 1
91 91 1
29 29 1
104 104 1
9 9 1
98 99 1
17 17 1
121 121 1
41 41 1
107 118 1
86 87 1
54 54 1
21 22 1
149 149 1
69 72 1
139 139 1
35 155 1
30 30 1
73 73 1
65 65 1
119 121 1
27 27 1
26 26 1
24 24 1
27 27 1
5 5 1
45 46 1
96 96 1
68 68 1
54 99 1
115 126 1
94 94 1
82 82 2
51 51 1
73 73 1
154 154 1
126 126 1
126 137 1
36 131 1
147 147 1
45 45 1
157 158 1
119 121 1
96 96 1
145 145 1
88 88 1
59 59 1
129 129 1
123 126 1
40 131 1
37 38 1
135 135 1
86 86 1
146 146 1
27 27 1
17 17 1
92 92 1
90 90 1
106 106 1
82 82 1
136 136 1
147 147 1
54 54 1
100 100 1
57 57 1
85 85 1
111 111 1
121 121 1
19 20 1
84 84 1
65 65 1
60 61 1
77 77 2
109 109 1
84 84 1
110 110 1
22 22 1
153 153 1
145 145 1
147 147 3
9 11 1
95 95 1
48 49 1
32 32 1
30 30 1
88 88 1
116 116 1
89 89 2
108 108 1
88 88 1
36 36 1
87 101 1
123 123 1
60 60 1
143 143 2
83 83 1
39 40 1
142 143 1
42 42 1
41 41 1
105 105 1
100 100 1
47 65 1
135 135 1
20 20 1
156 156 1
139 140 1
38 38 1
68 129 1
34 34 1
46 46 1
94 94 1
90 90 1
52 53 1
32 79 1
96 98 1
29 29 1
104 104 1
133 134 1
91 156 1
119 119 1
28 28 1
86 86 1
121 121 1
132 132 1
88 88 1
88 88 1
11 11 1
96 96 1
107 107 1
95 95 1
87 87 1
58 58 1
35 35 1
21 21 1
87 101 1
154 155 1
122 122 1
123 125 1
18 18 1
124 124 1
153 153 1
38 38 1
13 13 1
68 68 1
20 20 1
145 145 1
103 103 1
30 31 1
61 61 1
63 63 1
34 34 1
97 97 1
101 101 1
97 99 1
41 52 1
27 84 1
86 86 1
52 52 1
156 156 2
129 159 2
41 42 1
142 142 1
127 127 1
95 95 1
15 17 1
79 79 1
147 148 1
6 6 1
96 96 1
45 45 1
101 101 1
97 97 1
17 17 1
68 68 1
130 130 1
116 116 1
30 30 1
137 137 1
73 73 1
114 115 1
146 146 2
22 22 1
34 34 2
53 53 2
31 31 1
119 119 1
95 95 1
90 90 2
10 10 1
119 121 2
89 89 1
41 41 1
102 102 1
145 145 1
145 145 1
75 75 1
47 133 1
146 146 1
146 146 1
19 19 1
102 102 1
104 105 1
136 136 1
41 41 2
45 45 1
4 4 1
141 141 2
13 13 1
67 67 1
15 15 1
32 32 1
94 94 1
15 15 1
66 66 1
153 153 2
48 48 1
82 82 1
104 104 1
8 8 1
63 63 1
89 89 1
104 121 1
68 129 1
96 96 1
106 106 1
25 25 1
21 21 1
7 7 1
112 113 1
138 138 1
16 16 1
10 10 1
3 4 1
67 67 1
84 84 1
128 128 1
88 88 1
58 58 1
88 88 1
138 138 1
122 122 1
154 154 1
84 84 1
105 105 1
69 156 1
106 106 1
71 71 1
135 135 1
32 32 1
67 78 1
55 95 1
18 18 1
51 51 1
103 103 1
8 8 1
61 61 1
32 36 1
102 102 1
142 142 1
104 108 1
37 37 1
119 153 1
96 96 1
129 129 1
38 38 1
28 28 1
65 65 1
7 8 1
7 67 1
68 68 1
152 152 1
27 27 2
61 61 1
5 5 1
58 80 1
95 95 1
136 141 1
120 120 1
9 73 1
70 70 1
21 24 1
122 122 1
153 153 1
153 154 1
84 84 1
3 3 1
133 133 1
130 157 1
25 25 2
5 6 1
89 89 1
133 133 1
62 62 1
20 20 1
96 100 1
40 40 2
136 136 1
36 36 1
142 142 1
48 48 1
130 130 1
80 80 1
127 128 1
55 56 1
49 50 1
56 56 1
120 121 1
155 155 1
116 153 1
146 146 1
129 146 1
86 86 1
116 116 1
114 114 1
79 79 1
33 33 1
127 127 1
54 54 1
49 50 1
154 154 1
156 156 2
108 111 1
3 3 1
9 69 1
29 30 1
132 132 1
148 148 1
13 13 1
47 47 1
19 19 1
56 56 1
156 157 1
65 65 1
36 36 1
54 54 1
69 69 1
155 155 1
20 20 1
73 73 1
37 37 1
69 69 1
99 99 1
16 16 1
135 135 1
95 95 1
75 75 1
38 132 1
135 136 1
9 9 1
107 107 1
100 100 1
8 129 1
152 152 1
149 151 1
75 78 2
19 20 1
154 154 1
60 60 1
103 103 1
69 69 1
151 151 1
148 148 1
140 141 1
81 81 1
81 94 1
80 80 1
94 94 1
146 146 1
159 159 1
108 108 1
98 98 1
132 132 1
65 65 1
94 121 1
137 137 1
145 146 1
122 122 1
143 143 1
56 56 1
138 138 1
141 141 1
138 138 1
109 109 1
143 143 1
56 56 1
68 68 1
101 101 2
7 8 2
95 96 1
101 101 1
152 152 1
151 151 1
79 105 1
30 40 1
60 130 1
83 83 1
90 90 1
86 86 1
105 105 1
132 132 1
38 38 1
151 151 1
28 29 1
127 146 1
7 68 2
9 9 1
113 146 1
114 115 1
72 72 1
66 90 1
84 118 1
107 107 1
27 27 1
30 30 1
71 71 1
82 82 1
121 153 1
67 67 1
90 90 1
96 96 1
77 77 1
53 53 1
22 22 2
82 82 1
105 105 1
19 19 1
32 32 1
94 94 1
103 103 1
50 50 1
113 113 1
95 95 1
60 60 1
60 87 1
5 5 1
9 9 1
20 20 1
99 100 1
83 84 1
97 97 1
80 158 1
135 135 1
154 154 1
138 138 1
68 68 1
75 92 1
61 61 1
30 30 1
58 98 1
47 48 1
85 86 1
17 17 1
108 128 1
15 15 1
156 156 1
55 55 1
14 14 1
119 119 1
133 133 1
10 11 1
28 28 1
93 93 1
66 66 1
19 19 2
20 23 1
8 8 1
144 144 1
95 95 1
126 126 1
34 34 1
85 85 1
133 135 1
20 21 1
53 53 1
41 51 1
34 34 1
31 31 1
65 65 1
95 137 1
36 37 1
108 128 2
102 102 1
67 67 1
116 116 1
18 18 1
128 128 1
61 61 1
89 89 1
101 101 1
66 66 1
31 31 1
67 153 1
57 57 1
18 18 1
118 118 1
94 95 1
6 6 1
69 146 1
94 94 1
158 158 1
151 151 1
144 144 1
123 123 1
31 31 1
84 84 1
133 133 1
7 8 2
88 90 1
129 129 1
83 139 1
52 95 1
19 48 1
108 111 1
120 120 1
89 130 1
137 137 1
127 142 1
84 84 1
121 121 1
7 7 1
42 42 1
36 36 1
107 107 1
104 104 1
8 69 1
75 75 1
90 90 2
19 19 1
21 21 1
77 78 2
137 137 1
24 24 1
27 28 1
58 58 1
33 33 1
33 42 1
5 5 1
14 14 1
26 26 1
146 146 1
41 41 1
135 135 1
78 78 1
116 116 1
130 130 1
9 9 1
61 61 1
87 87 1
6 6 1
115 116 1
5 52 1
135 145 1
63 104 1
58 58 1
5 45 1
153 153 1
89 89 1
5 5 1
118 118 1
108 110 1
8 8 1
30 30 1
100 100 1
12 12 1
30 30 1
81 81 1
86 86 1
34 34 1
22 22 1
83 83 1
150 150 1
154 154 1
134 135 1
145 145 1
75 75 1
124 124 1
58 58 1
149 149 1
121 121 1
27 27 1
57 57 1
159 159 1
55 55 1
42 42 1
122 122 1
41 51 1
133 133 1
55 55 1
18 18 1
41 65 1
57 60 1
108 108 1
81 81 1
59 59 1
10 10 1
35 35 1
100 100 1
124 124 1
82 82 1
66 67 1
111 111 1
93 93 1
4 5 1
61 61 1
79 94 1
81 81 1
115 115 1
83 83 1
73 73 1
43 43 1
108 127 1
51 51 3
101 101 1
62 62 1
18 18 1
14 14 1
142 142 1
30 30 1
19 19 1
45 45 1
104 104 1
34 34 1
143 143 1
84 84 1
97 97 1
87 87 1
122 122 1
154 154 1
152 152 1
125 125 1
34 34 1
144 144 1
35 35 1
80 80 1
31 31 1
55 93 1
121 121 1
73 73 1
152 152 1
32 32 1
12 12 1
76 76 1
10 16 1
23 23 1
23 23 2
129 129 1
116 116 2
19 19 1
155 155 1
61 62 1
62 62 1
122 122 1
22 22 1
117 117 1
116 116 2
132 132 1
33 33 1
62 66 1
73 73 1
102 102 1
137 140 1
110 131 2
117 117 1
22 25 1
155 155 1
86 86 1
79 152 1
108 129 1
34 34 1
9 72 1
132 132 1
75 75 1
157 157 1
12 14 1
9 9 1
145 145 1
66 136 1
144 153 1
40 40 1
129 129 2
35 38 1
68 73 1
122 122 1
52 52 1
16 16 1
68 68 1
120 121 1
128 141 1
144 153 2
7 7 1
87 87 1
137 137 1
14 14 1
96 96 1
109 114 1
100 100 1
102 102 1
46 46 1
8 8 1
39 39 1
13 14 1
51 51 1
8 76 1
138 143 1
103 104 1
87 87 1
21 21 1
103 103 1
104 104 1
144 144 1
68 68 1
91 91 1
102 102 1
3 6 1
14 14 1
121 121 1
129 129 2
32 32 1
156 156 1
55 55 1
27 104 1
98 98 1
88 140 1
119 119 1
65 66 1
82 82 1
61 61 1
123 123 1
22 22 1
156 156 1
153 153 1
123 123 1
73 73 1
129 129 1
129 129 1
29 29 1
108 108 1
81 121 1
48 48 1
96 96 1
150 150 1
18 18 1
18 18 1
94 94 1
88 88 1
13 13 1
105 105 1
152 153 1
65 65 1
57 57 1
106 106 1
143 143 1
17 63 1
135 135 1
54 55 1
117 117 1
27 28 1
101 102 1
25 25 1
94 94 1
22 22 1
32 122 1
106 107 1
73 90 1
157 157 1
72 72 1
90 90 1
38 38 1
122 156 1
45 45 1
21 21 1
134 134 1
56 56 1
35 35 1
138 157 1
15 15 1
24 24 2
60 60 1
62 87 1
149 151 1
34 35 1
134 135 1
32 32 1
55 55 1
142 143 1
103 103 1
121 121 1
32 32 1
132 132 1
131 131 1
18 18 1
54 99 1
100 100 1
108 108 1
116 120 1
90 90 1
58 58 1
94 94 1
84 100 1
158 158 1
77 77 1
123 123 1
116 116 1
153 153 1
56 56 1
36 36 1
129 130 1
86 105 1
22 22 1
145 145 1
124 126 1
29 29 1
126 126 1
10 10 1
24 24 1
30 47 2
63 63 1
7 7 1
18 18 1
97 97 1
69 69 1
122 146 1
107 107 1
40 40 1
126 126 1
55 55 1
127 127 1
11 12 1
67 153 1
120 120 1
51 51 1
94 121 1
79 79 1
78 78 1
104 104 1
55 56 1
129 129 1
118 118 1
69 114 1
97 97 2
143 143 3
58 58 1
53 53 1
43 43 1
143 143 1
80 80 1
21 21 1
100 101 1
137 137 1
56 56 1
107 107 1
111 111 1
102 102 1
12 12 1
28 28 1
109 116 1
71 71 1
125 125 1
69 146 1
14 14 1
134 135 1
53 53 1
153 153 1
147 147 2
74 77 1
16 17 1
67 75 1
55 56 1
16 16 1
113 113 1
69 72 1
133 133 1
55 156 1
115 115 1
54 54 2
135 135 1
21 21 1
19 63 1
26 26 1
86 103 1
100 100 1
104 104 1
84 84 1
52 79 1
107 107 1
83 83 1
144 144 1
88 90 1
98 98 1
153 153 2
79 79 1
59 59 1
129 129 1
16 16 1
91 130 1
100 101 1
107 107 1
120 120 1
151 151 1
19 28 1
65 65 1
30 30 2
122 148 1
153 153 1
153 153 1
17 17 1
137 137 1
27 27 1
54 54 1
22 22 1
51 57 1
85 104 1
5 5 1
56 95 1
146 146 1
128 128 1
139 139 1
115 115 1
75 75 1
155 155 1
52 52 1
12 12 1
99 99 1
9 9 1
136 136 1
125 125 1
4 12 1
157 157 1
83 88 1
97 97 1
96 97 1
94 94 1
37 96 1
151 151 1
8 114 2
35 35 1
68 73 1
140 140 1
51 51 1
32 32 1
26 26 1
125 125 1
96 97 1
46 46 1
51 52 1
78 78 1
101 101 1
108 108 1
43 98 1
67 149 1
151 151 1
132 132 1
121 121 2
122 146 1
121 122 1
157 157 1
105 105 1
53 54 1
5 41 1
27 28 2
104 104 1
14 14 1
133 133 1
125 125 1
51 51 1
22 22 1
140 140 1
79 153 1
100 100 1
118 118 1
16 16 1
108 108 1
125 125 1
100 100 1
96 96 1
115 115 1
142 142 1
89 94 1
36 36 1
128 128 1
139 139 1
111 111 1
19 51 1
30 30 1
19 51 2
100 100 1
95 95 1
104 112 1
51 51 1
78 78 1
153 153 1
144 144 1
127 128 1
28 28 1
125 126 1
57 57 1
116 116 1
25 25 1
48 48 2
69 69 1
78 83 1
136 137 1
97 97 1
58 99 1
53 53 1
157 157 1
101 101 1
143 143 1
102 102 1
86 87 1
58 58 1
114 114 1
159 159 1
82 115 1
3 3 1
94 95 1
60 60 1
157 158 1
128 128 1
73 147 1
30 30 1
19 19 1
57 65 1
21 21 1
109 109 1
88 129 1
98 98 1
89 89 1
106 106 1
134 136 1
88 89 1
106 106 1
153 153 1
107 107 1
92 92 1
103 103 1
144 144 1
15 16 1
3 3 1
36 36 1
57 57 1
4 12 1
156 156 1
31 31 1
7 7 2
4 5 1
61 61 1
55 55 1
153 153 1
40 40 1
16 16 1
34 34 1
149 149 1
122 123 1
127 136 1
20 22 3
133 133 1
127 145 1
76 76 1
126 127 1
85 85 1
105 108 1
110 110 1
149 149 1
51 51 1
10 10 1
84 84 1
35 35 1
57 142 1
134 145 1
136 136 1
95 95 1
154 154 1
67 67 1
98 98 1
104 104 1
48 48 1
116 116 1
136 136 1
129 129 1
105 106 1
107 107 1
106 106 1
129 129 1
59 98 1
35 35 1
34 34 1
107 107 1
100 100 1
60 60 1
56 56 1
40 90 1
18 18 1
62 68 1
18 18 1
80 80 2
28 28 1
55 56 1
127 127 1
66 137 1
156 156 1
60 67 1
143 144 1
40 47 1
113 113 1
35 155 1
158 159 1
144 144 1
18 18 1
128 128 1
17 18 2
134 134 1
154 154 1
115 115 1
66 79 1
119 120 2
136 136 1
66 66 1
102 102 1
102 102 1
32 32 1
38 38 1
21 21 1
28 28 1
32 32 1
6 6 1
134 134 1
121 121 1
136 136 1
116 116 1
23 23 1
11 13 1
65 65 1
70 70 1
115 116 1
46 54 2
88 88 1
65 65 1
146 146 1
135 135 1
61 61 1
75 75 1
138 138 1
42 42 1
154 154 1
136 141 2
106 106 2
146 146 1
128 128 1
15 15 1
92 122 1
121 121 1
101 102 1
63 63 1
122 122 1
112 112 1
41 41 1
33 33 1
26 26 1
30 30 1
84 84 1
83 83 1
52 52 1
75 75 1
86 86 1
51 51 1
88 88 1
10 10 1
119 124 1
65 65 1
90 92 1
142 142 1
127 127 1
65 65 1
18 18 1
142 142 1
60 60 2
26 27 1
54 54 1
120 120 1
104 104 1
13 13 1
155 155 1
39 41 1
154 154 1
156 157 1
69 69 1
131 136 1
97 97 2
9 9 1
100 100 2
78 78 1
38 40 1
136 141 2
81 81 1
31 31 1
80 81 1
117 117 1
103 103 1
8 8 1
106 107 1
132 132 1
18 18 1
123 123 1
119 119 1
156 156 1
108 127 1
96 96 1
67 67 1
61 61 1
82 83 1
24 24 1
80 138 1
86 86 1
81 81 1
36 36 1
120 120 1
125 125 1
85 85 1
37 37 1
15 15 1
14 14 1
75 75 1
89 89 1
11 11 1
104 104 1
126 126 1
90 90 1
129 129 1
128 128 1
89 94 1
6 6 1
28 28 1
135 135 1
151 151 1
51 51 1
6 6 1
18 18 1
159 159 1
130 130 1
20 20 1
86 103 1
23 23 1
100 100 1
119 119 1
32 32 1
16 17 1
116 116 1
27 27 2
35 35 1
104 104 1
36 36 1
85 104 1
88 88 1
84 84 1
108 108 1
53 53 1
97 97 2
149 150 1
4 4 1
34 34 2
102 102 1
67 67 1
130 130 1
90 92 1
94 94 1
130 131 1
51 51 1
73 122 1
74 74 1
13 14 1
105 105 1
53 55 1
89 89 1
84 84 1
58 59 1
92 92 1
143 144 1
41 41 1
111 111 1
63 63 1
83 83 1
87 87 1
94 94 1
154 154 1
118 118 1
22 23 1
95 95 1
120 120 1
114 114 1
25 25 1
107 107 1
158 158 1
9 9 1
4 4 1
95 95 1
83 83 1
10 14 1
34 35 1
127 127 1
96 96 1
147 147 1
79 79 1
142 142 2
143 143 1
76 76 1
153 153 1
122 147 1
107 107 1
107 121 1
68 68 1
152 152 1
66 152 1
105 105 1
121 121 1
135 135 1
125 128 1
121 121 1
5 5 1
12 12 1
109 110 1
36 37 1
67 67 1
105 105 1
10 11 1
142 142 1
152 152 1
138 138 1
41 41 1
37 37 1
106 106 1
14 15 1
9 9 1
152 152 1
107 107 1
3 3 1
20 21 1
3 3 1
95 95 1
131 131 1
96 97 1
7 7 1
121 121 2
27 27 1
142 142 1
30 30 1
22 22 1
115 115 1
89 89 1
123 123 1
6 6 1
62 62 1
156 156 1
101 102 1
57 57 2
119 119 1
154 154 1
36 36 1
20 21 1
48 48 1
70 70 1
26 27 1
105 105 1
47 47 1
106 128 1
54 54 1
96 96 1
101 102 1
55 55 1
84 84 1
104 104 1
95 95 1
61 61 1
29 29 1
149 149 1
94 94 1
96 96 1
72 146 1
97 97 1
57 57 1
55 55 1
18 18 1
27 27 1
129 129 1
31 32 2
154 154 1
93 93 1
24 24 1
7 7 1
18 18 1
57 57 1
93 121 1
147 147 1
10 10 1
70 70 1
60 153 1
30 30 1
36 55 1
66 66 2
4 5 1
106 106 1
130 130 1
66 66 1
21 21 2
10 10 1
76 76 1
115 115 1
140 140 1
109 109 1
56 56 1
138 138 1
30 30 2
99 99 1
41 132 1
86 87 1
103 103 1
53 53 1
51 51 1
9 9 1
70 70 1
102 102 1
103 103 1
154 154 2
114 115 1
79 79 1
108 108 1
60 60 1
107 107 1
30 30 1
115 115 1
52 52 1
108 150 1
144 153 1
100 100 1
144 144 1
143 143 1
87 87 1
146 146 1
6 7 1
37 37 1
151 151 2
68 69 1
102 102 1
139 140 1
58 58 1
14 14 1
20 20 1
96 97 1
17 17 1
55 56 1
103 103 1
107 107 1
20 20 1
132 132 1
122 122 1
48 65 1
92 92 1
115 115 1
115 115 1
70 73 1
51 51 1
59 60 1
100 100 1
29 29 1
105 105 1
117 117 1
60 60 1
80 105 1
80 81 1
54 54 1
144 144 1
29 29 1
50 50 1
22 24 1
54 54 1
96 137 1
84 99 1
150 150 1
10 10 1
86 86 1
27 27 1
67 67 1
80 80 1
110 113 1
131 131 1
116 116 1
85 101 1
73 90 1
85 85 1
110 110 1
57 57 1
108 108 1
144 154 1
18 18 1
88 88 1
58 156 1
68 68 1
122 122 1
66 137 1
61 61 1
58 84 1
148 148 1
44 44 1
79 79 1
87 87 1
28 28 1
40 89 1
69 69 1
27 32 1
58 67 1
16 16 1
25 25 1
151 151 1
151 151 1
30 30 1
133 133 1
144 148 1
96 96 1
66 136 1
137 137 2
89 89 1
120 120 1
12 12 3
61 61 1
114 114 1
9 9 1
52 97 1
101 101 1
137 137 1
88 89 1
29 30 1
36 79 1
151 152 1
116 119 1
153 153 1
147 147 1
28 30 1
95 95 1
94 94 1
21 21 1
137 137 1
39 40 1
101 101 1
120 120 1
133 133 1
26 26 1
105 105 1
108 151 1
10 14 1
16 17 1
41 41 1
103 103 1
58 58 1
139 139 1
141 141 1
145 145 1
36 36 1
145 145 1
8 8 1
58 58 1
83 87 1
79 81 1
143 143 1
83 83 1
87 87 1
145 145 1
158 158 1
107 115 1
52 52 1
143 143 1
10 10 1
108 108 1
137 137 1
152 152 1
102 102 1
75 75 1
30 30 1
132 132 1
112 112 1
119 120 1
33 92 1
38 38 1
73 74 1
65 65 1
89 89 1
51 51 1
5 47 1
98 98 1
104 104 1
22 22 1
94 94 1
138 138 1
84 84 1
62 76 1
11 11 1
89 89 1
116 116 2
88 92 1
116 116 1
6 6 1
52 52 1
50 50 1
84 84 1
49 135 1
106 106 1
101 101 1
19 19 1
131 131 1
87 87 1
88 140 1
105 105 1
146 146 1
27 27 1
114 114 1
125 125 1
153 153 1
153 153 1
108 127 1
89 89 1
153 153 1
121 121 1
33 34 1
115 115 1
132 135 1
46 46 1
41 41 1
131 131 1
33 98 1
123 126 1
87 87 1
65 65 1
17 17 1
19 19 1
18 18 1
111 111 1
73 75 1
55 56 1
153 153 1
34 34 1
102 102 1
56 56 1
68 153 2
134 134 1
70 70 1
20 20 1
136 136 1
107 153 1
147 147 1
145 145 2
94 154 1
146 146 1
111 111 1
52 52 1
54 54 1
63 63 1
53 53 1
26 26 1
135 135 1
46 46 1
107 107 1
111 111 1
9 9 1
28 28 1
28 89 1
3 3 1
152 152 1
111 114 1
145 145 1
146 146 1
18 76 1
110 110 1
94 95 1
55 56 1
119 119 1
142 142 1
101 101 1
39 39 1
12 13 2
27 67 1
68 68 1
106 153 1
12 13 1
31 32 1
29 29 1
152 152 1
31 32 1
9 9 1
127 127 2
9 9 1
35 35 1
132 132 1
49 49 1
26 26 1
33 33 1
101 101 1
137 137 1
102 102 1
58 58 1
97 97 1
37 37 1
66 131 1
53 53 2
74 92 1
108 150 2
47 47 1
62 62 1
5 45 1
47 133 1
154 154 1
67 144 2
103 103 1
128 128 1
37 37 1
69 78 1
40 57 1
45 45 2
108 108 1
34 34 1
96 96 1
96 96 1
21 21 1
111 111 1
53 53 2
30 31 1
26 105 1
95 95 1
18 18 1
23 23 1
44 44 1
144 153 1
53 98 1
92 92 1
157 157 1
93 93 1
148 153 1
69 69 1
96 96 1
31 31 1
129 129 1
120 120 1
6 47 1
159 159 1
137 139 1
63 63 1
75 76 1
19 19 1
48 65 1
95 95 1
107 107 1
44 45 1
65 65 1
57 89 1
76 76 1
89 89 1
8 8 1
143 143 2
57 57 1
117 117 1
58 58 1
115 115 1
22 22 2
58 153 1
60 60 1
101 101 1
37 37 1
119 120 1
88 88 1
65 65 1
122 122 1
89 89 1
145 145 1
13 13 1
57 57 1
103 103 1
36 36 2
142 142 1
134 134 1
53 98 2
41 41 1
151 151 1
97 97 1
57 58 1
110 110 1
61 61 1
114 115 1
17 45 1
19 20 1
87 116 1
52 52 1
94 94 1
127 146 1
37 97 1
73 77 1
34 34 1
30 30 1
25 29 1
11 11 1
57 64 1
121 121 1
70 70 1
51 51 1
136 136 1
116 116 1
10 11 1
83 83 1
97 97 3
113 114 1
54 54 1
20 20 1
36 36 1
96 96 1
96 97 1
7 7 1
60 60 1
100 100 1
92 92 1
105 108 1
87 87 1
157 157 1
95 95 1
82 83 1
67 67 1
136 137 1
157 157 1
16 16 1
44 44 1
135 144 1
54 57 1
64 64 1
52 52 1
134 134 1
108 108 1
61 61 1
95 95 1
103 103 1
143 143 1
20 20 1
105 105 2
63 63 1
152 152 1
85 85 1
110 110 1
123 123 1
30 31 1
93 93 1
115 115 1
117 117 1
43 43 1
34 34 1
83 104 1
145 145 1
38 38 1
115 116 1
89 89 1
152 152 1
89 89 1
130 130 1
75 75 1
117 117 1
138 139 1
35 35 1
147 154 1
36 36 1
84 84 1
32 32 1
27 50 1
94 94 1
125 125 1
35 35 1
41 42 1
98 98 1
120 120 1
135 145 1
139 139 2
104 104 1
138 138 1
129 129 1
63 64 1
51 52 1
27 27 1
50 50 1
30 58 2
47 133 1
79 144 1
128 128 1
144 151 1
70 147 1
81 94 1
130 157 1
20 20 1
63 66 1
121 121 1
107 107 1
55 55 1
122 122 1
131 131 1
103 103 2
99 100 1
51 51 1
89 89 1
94 154 1
45 61 1
16 16 1
119 119 1
153 153 1
98 98 1
153 153 1
4 4 1
41 41 1
8 8 1
81 117 1
44 45 1
123 123 1
118 118 1
3 7 1
106 106 1
63 63 1
8 8 1
132 134 1
73 73 1
101 101 1
36 36 1
70 70 1
69 156 1
135 135 1
62 62 1
21 22 1
28 28 1
57 59 1
66 137 1
96 96 1
108 108 1
100 119 1
31 31 1
135 135 1
60 60 1
9 9 1
6 6 1
36 38 1
102 102 1
96 96 1
58 58 1
41 41 1
143 144 1
91 91 1
25 25 1
153 153 1
55 55 1
87 87 1
152 152 1
4 4 1
28 40 1
58 98 1
7 9 1
137 137 1
30 30 1
83 116 1
92 92 1
101 101 1
40 65 1
55 55 2
135 146 1
70 72 1
58 84 1
158 159 1
27 28 1
63 63 1
59 60 1
153 153 1
60 60 1
139 139 1
16 16 1
115 115 1
55 55 1
44 44 1
133 133 1
68 108 1
127 127 1
101 101 2
15 15 1
148 148 1
49 49 1
38 136 1
103 103 1
61 61 1
9 10 1
138 138 1
54 54 1
41 54 1
35 35 1
36 36 1
14 14 1
63 63 1
97 97 1
100 100 1
125 125 1
20 20 1
42 99 1
58 58 1
53 53 1
30 30 1
83 83 1
157 157 1
43 61 1
134 134 1
10 10 1
27 28 1
79 79 1
40 42 1
122 122 1
128 128 1
61 61 1
121 122 1
34 155 2
135 135 1
16 16 1
61 61 1
108 108 1
109 109 1
105 139 1
83 83 1
100 120 1
68 68 2
26 40 1
107 107 1
133 136 1
116 116 2
124 124 1
47 65 1
97 97 1
153 153 1
105 105 1
106 128 1
97 98 1
142 143 1
131 131 1
146 148 1
129 129 1
94 94 1
140 140 1
3 3 1
139 139 2
107 107 1
79 79 1
39 61 1
151 151 1
132 133 2
132 132 1
97 97 1
107 107 1
35 35 1
97 97 1
37 37 1
113 113 1
62 75 1
81 81 1
149 151 1
153 153 1
128 128 1
58 58 1
83 83 1
101 101 1
9 9 1
70 70 1
57 57 1
88 89 1
49 50 1
83 139 1
72 122 1
32 32 1
154 154 1
29 29 1
68 68 1
51 51 1
119 121 1
10 10 1
86 86 1
135 142 1
22 22 1
83 116 1
105 105 1
120 120 1
10 10 1
50 50 1
58 58 1
87 87 1
107 107 1
58 94 1
142 142 1
95 95 1
105 105 1
38 83 1
80 80 1
136 137 1
125 125 1
103 103 2
28 28 1
122 122 2
87 87 1
55 95 1
57 57 1
71 71 1
17 17 1
152 152 1
138 157 1
19 19 2
66 97 1
96 99 1
122 148 1
102 102 1
135 151 1
24 25 1
129 146 1
4 6 1
92 92 2
138 138 1
78 79 1
110 110 1
88 88 1
69 69 1
143 143 1
154 154 1
63 83 1
134 134 1
70 70 1
94 153 1
100 101 1
104 105 1
119 119 1
48 48 1
51 51 1
80 157 1
87 103 1
110 110 1
106 139 1
136 136 1
124 124 1
9 9 1
116 116 1
137 137 1
31 31 1
132 144 1
142 142 1
63 63 1
115 115 1
80 94 1
88 157 1
105 105 1
70 70 1
95 95 1
48 48 1
79 153 2
52 52 1
105 105 1
53 95 1
151 151 1
50 50 1
62 62 1
123 125 1
115 115 1
114 156 1
63 64 1
142 142 1
96 97 1
36 36 1
40 79 2
107 107 1
74 74 1
100 100 1
34 35 1
21 21 1
68 153 1
73 73 1
69 69 1
50 50 1
93 107 1
6 17 2
134 134 1
102 102 1
100 101 1
73 73 1
123 123 1
130 157 1
35 35 1
10 10 2
122 123 1
51 51 1
30 30 1
157 157 2
112 143 1
66 137 1
145 145 1
82 90 1
144 144 1
13 13 1
154 154 1
7 9 2
109 109 1
151 151 1
20 21 1
89 130 1
65 65 1
77 78 1
102 103 1
52 52 1
144 144 1
71 122 1
88 90 1
9 9 1
61 61 1
95 95 1
126 126 1
146 146 1
51 51 1
58 154 1
84 88 1
153 153 1
82 83 1
126 126 1
154 155 1
8 8 1
145 145 1
51 51 1
27 31 1
14 14 1
79 79 1
121 121 1
60 84 1
9 9 2
29 29 1
88 89 1
81 117 1
99 99 1
41 55 1
136 136 1
37 37 1
108 108 1
73 73 1
143 143 1
115 148 1
103 103 1
63 63 1
128 129 1
54 54 1
138 138 1
154 154 1
127 139 1
122 122 1
91 91 1
105 116 1
116 153 1
143 143 1
73 73 1
35 35 2
134 134 1
27 27 1
53 54 1
102 102 1
102 102 1
154 154 1
119 119 1
136 136 1
101 101 1
105 105 1
46 46 1
34 34 1
62 69 2
18 18 1
131 152 1
95 137 1
88 88 1
99 99 1
27 28 1
71 73 1
84 84 1
56 56 1
102 103 1
19 19 1
107 116 1
19 20 1
120 120 1
113 146 1
20 22 1
85 85 1
30 30 1
66 77 1
66 121 1
149 149 1
138 138 1
108 108 1
37 37 1
75 78 1
27 104 1
152 153 1
141 141 2
57 155 1
132 132 1
107 107 1
18 18 1
54 54 1
8 8 2
115 115 1
55 55 1
69 69 1
99 99 1
136 136 1
95 95 1
82 83 1
76 76 1
8 8 1
37 37 1
60 60 1
30 30 1
82 82 1
67 155 1
103 103 1
87 87 1
117 117 1
68 68 1
108 108 1
41 41 1
121 122 1
103 103 1
128 128 1
146 146 2
101 101 1
81 117 1
68 151 1
95 137 1
136 136 1
75 75 1
55 55 2
21 21 1
6 6 1
18 18 1
129 129 1
104 110 1
108 108 1
85 85 1
108 108 1
153 153 2
124 124 1
77 77 1
133 136 1
90 90 1
34 34 1
117 117 1
36 36 1
49 49 1
11 11 1
9 49 1
84 84 1
102 102 1
52 54 1
45 45 1
38 38 1
83 83 1
108 109 1
137 138 1
19 19 1
152 152 1
89 89 1
129 129 1
94 94 1
86 105 1
105 105 1
53 53 1
122 122 1
103 103 1
21 21 1
129 129 1
28 28 1
20 20 1
113 113 1
68 68 1
101 101 1
43 43 1
100 100 1
98 98 1
40 40 1
68 107 1
134 135 2
18 18 1
121 121 1
84 89 1
82 82 1
36 36 1
127 127 1
75 75 1
138 138 1
124 124 1
67 67 2
40 41 1
40 132 1
69 73 1
38 131 1
133 135 1
83 83 1
30 30 1
38 41 1
94 95 2
153 154 1
80 157 1
27 27 1
126 126 2
114 114 2
53 53 3
103 103 1
68 107 1
25 25 1
52 97 1
120 120 1
105 139 1
96 96 1
30 49 1
30 49 1
80 80 1
84 84 1
81 81 1
61 61 1
28 28 1
100 100 2
14 14 1
105 105 1
91 91 2
33 33 1
77 83 1
75 75 1
19 52 1
76 76 1
136 136 1
115 115 1
88 88 1
60 60 1
10 14 1
110 110 1
158 158 1
139 139 1
59 94 1
146 148 1
78 92 1
27 27 1
38 41 1
100 100 1
41 51 1
85 85 1
77 77 1
100 100 1
93 93 1
95 95 1
119 153 1
104 104 1
69 69 1
4 4 1
31 31 2
37 37 1
97 97 1
58 94 1
17 17 1
137 138 1
75 148 1
88 140 1
12 12 1
100 119 1
104 104 1
41 41 1
58 63 1
58 130 1
94 95 1
74 74 1
101 101 1
12 12 1
46 46 1
101 101 1
7 7 1
94 94 1
101 101 1
105 105 1
127 127 1
136 136 1
34 35 1
86 86 1
88 89 1
14 15 1
10 10 1
38 52 1
78 78 1
8 8 2
103 103 1
117 117 1
119 119 1
94 144 2
121 121 1
26 26 1
120 120 1
7 7 1
19 52 1
68 148 1
56 56 1
27 27 1
119 119 1
79 79 1
106 106 1
127 127 1
82 82 1
146 148 1
68 74 1
105 105 2
78 78 1
138 138 1
82 82 1
111 132 1
71 71 1
117 117 1
37 82 1
89 89 1
139 139 1
82 105 1
106 106 1
121 121 1
105 105 1
88 88 2
142 142 1
52 52 1
148 148 1
65 65 1
134 134 1
151 151 1
37 37 1
93 107 1
116 119 1
148 157 1
30 31 1
25 25 1
93 121 1
3 4 1
86 86 1
155 155 1
157 157 1
58 58 1
141 141 1
24 25 1
63 63 1
3 4 1
135 135 1
95 95 1
107 107 1
9 9 1
56 60 1
130 141 1
144 144 1
157 157 1
66 79 1
22 22 2
8 8 1
112 112 1
23 25 1
65 65 1
95 95 1
58 58 1
130 130 1
108 129 1
22 23 1
38 38 1
134 135 1
125 125 1
50 50 1
9 9 1
145 145 1
69 69 1
101 101 1
26 26 1
104 104 1
59 60 2
132 132 1
64 64 1
157 157 1
139 139 1
119 120 1
18 19 1
78 78 1
24 24 1
53 53 1
103 103 1
148 154 1
51 51 1
28 28 1
40 65 1
65 65 1
151 151 1
35 35 1
129 129 1
117 117 1
69 69 1
25 25 1
138 138 1
21 21 1
148 148 1
54 54 1
105 105 1
35 35 1
123 123 1
99 99 1
101 102 1
51 51 1
26 85 1
26 85 1
58 58 1
79 89 1
121 121 1
74 74 2
144 144 1
22 22 1
62 90 1
80 80 1
135 135 1
90 90 1
27 28 1
95 95 1
88 88 1
30 30 1
97 97 1
96 96 1
51 51 1
41 41 1
34 35 1
85 85 1
6 6 1
137 138 1
84 84 1
116 116 1
113 113 1
6 6 1
136 136 1
105 106 1
121 121 1
125 125 1
153 153 1
30 30 1
120 120 1
12 12 1
36 78 1
3 3 2
68 68 2
63 63 1
141 141 1
108 108 1
63 63 1
116 116 1
79 79 1
67 75 1
80 81 1
34 34 1
7 7 1
69 130 1
81 81 1
100 100 1
105 105 1
41 41 1
9 9 1
110 110 1
80 80 1
9 9 2
85 85 1
9 9 2
14 14 1
62 62 1
14 15 1
14 14 1
133 134 1
34 34 1
84 84 1
17 17 1
108 108 1
96 97 1
19 19 1
127 127 1
57 94 1
81 81 1
137 137 1
86 86 1
105 105 1
148 148 1
153 153 1
153 153 1
95 95 1
27 27 1
18 18 1
28 28 1
126 126 1
8 10 1
91 91 1
154 154 2
27 27 1
59 59 1
66 66 1
29 29 1
79 79 1
145 145 1
10 10 1
58 64 1
76 76 1
27 27 1
107 107 1
57 57 1
121 121 1
49 49 1
112 112 1
135 135 1
28 28 1
143 149 1
51 51 1
87 87 1
108 108 2
63 66 2
9 9 1
9 9 1
135 135 1
34 34 1
70 70 1
142 142 1
34 35 1
114 115 1
101 101 1
78 79 1
7 7 1
27 28 1
135 135 1
153 153 1
69 69 1
95 137 1
115 115 1
14 14 1
132 132 1
35 35 1
69 69 1
145 145 1
140 140 1
142 142 1
96 96 1
54 54 1
67 79 1
68 68 1
135 135 1
8 8 1
96 96 1
151 151 1
36 36 1
109 109 1
80 80 1
117 117 1
61 61 1
58 58 1
97 97 1
104 104 1
42 42 1
40 40 1
129 129 1
130 130 1
97 97 1
87 100 2
37 37 1
115 115 1
27 84 1
63 63 1
94 94 1
3 3 1
152 152 1
78 152 1
32 32 1
22 22 1
22 22 1
35 35 1
99 99 1
14 14 1
82 139 1
27 27 1
63 63 1
57 57 1
153 153 1
8 92 1
84 84 2
60 95 2
155 155 1
81 154 1
21 21 1
60 68 1
8 8 1
40 65 1
136 136 1
113 146 1
8 8 1
140 140 1
95 96 1
48 48 1
55 55 1
141 141 1
149 149 1
30 30 1
107 107 1
146 148 1
70 70 1
94 94 1
68 68 1
50 50 2
28 28 1
106 129 1
104 104 1
61 61 1
141 141 1
34 34 1
65 65 1
103 103 1
105 105 1
105 105 1
106 106 1
115 115 1
101 101 1
103 103 1
129 129 1
145 145 1
47 47 1
21 21 1
122 123 1
68 68 1
65 65 1
149 149 1
150 151 1
27 31 1
132 132 1
17 17 1
22 25 1
138 157 1
16 16 1
62 62 1
82 82 1
9 9 1
49 50 1
155 155 1
110 110 1
18 18 2
131 143 1
20 23 1
73 73 1
11 11 1
81 116 1
52 52 1
94 121 1
111 126 1
9 9 1
32 32 1
75 122 1
84 84 1
132 132 1
99 99 1
68 68 1
132 132 1
8 8 1
153 153 1
75 75 2
104 104 1
54 54 1
81 105 1
47 47 1
16 91 1
64 64 1
65 65 1
157 157 1
88 88 1
17 18 1
121 121 1
44 45 1
110 110 1
110 110 1
125 125 1
103 103 1
92 92 1
106 106 1
37 37 1
37 37 1
132 132 1
142 151 1
109 109 1
25 25 1
103 103 1
84 120 1
28 30 1
52 52 1
95 95 1
9 9 1
29 30 1
104 104 1
11 11 1
115 115 1
101 101 1
66 66 1
105 106 2
21 21 2
9 9 1
64 64 1
30 30 1
152 152 1
132 132 1
157 157 1
54 54 1
127 137 1
116 119 1
100 100 1
97 100 1
106 107 1
144 144 1
60 154 1
28 28 1
97 97 1
137 137 1
95 96 1
92 159 1
82 82 1
61 77 1
57 57 1
36 36 1
19 19 1
125 127 1
36 37 1
76 76 1
105 139 1
84 84 1
28 28 1
82 82 1
42 42 1
133 133 1
90 90 1
10 10 2
126 139 1
30 83 1
40 66 1
103 103 1
68 90 1
29 29 1
94 94 1
94 97 1
96 96 1
90 90 1
116 116 1
20 20 1
73 74 1
30 30 1
36 36 1
125 125 1
129 129 1
143 143 1
66 66 1
133 133 1
84 104 1
30 65 1
154 154 1
69 73 1
36 36 1
97 97 1
108 129 1
19 19 1
121 121 1
86 86 1
142 143 1
116 116 1
20 20 1
63 69 1
81 82 1
52 52 2
85 85 1
39 39 1
30 30 1
75 75 1
118 120 2
32 32 1
152 152 1
43 44 1
107 107 1
78 78 1
20 20 1
54 54 1
39 41 2
41 41 1
50 132 1
107 107 1
85 85 1
36 37 1
50 50 1
35 35 1
110 112 1
84 121 1
58 65 1
29 29 1
72 141 1
83 83 1
86 86 1
94 121 1
45 45 1
155 155 1
54 54 1
109 109 1
69 69 1
122 122 1
131 131 1
8 8 1
55 55 1
20 21 1
81 94 1
21 21 1
132 132 1
25 25 1
86 86 1
135 135 1
59 84 1
104 104 1
82 83 1
58 94 1
115 122 1
106 139 1
82 82 1
81 115 3
125 125 1
104 104 1
18 18 1
123 123 1
75 75 1
96 96 1
78 78 1
100 100 1
61 61 1
159 159 1
119 119 1
89 89 1
143 143 1
75 75 1
96 97 1
16 16 1
121 122 1
35 35 1
68 68 1
104 104 1
23 24 1
60 60 1
21 21 1
39 39 1
88 88 1
84 117 1
144 144 1
107 107 1
10 10 1
16 16 1
71 71 1
89 89 1
47 48 1
13 13 1
141 141 1
138 138 1
146 146 1
153 153 1
69 69 1
87 87 1
141 141 1
44 44 1
39 39 1
19 19 1
53 53 1
155 156 1
136 136 1
27 67 1
136 136 1
88 89 1
89 89 1
83 83 1
52 52 1
31 50 1
61 61 1
115 130 1
96 96 1
58 59 1
7 7 1
152 152 1
50 135 2
128 129 1
65 65 1
42 42 1
85 121 1
97 100 1
67 67 1
131 131 1
65 84 1
76 76 1
7 7 3
139 140 1
154 154 1
32 32 1
94 144 2
93 93 1
149 149 1
32 32 1
105 105 1
92 92 1
106 106 1
118 119 1
102 102 1
98 98 1
81 81 1
19 51 1
32 32 1
89 89 1
42 44 1
157 159 1
110 110 1
137 137 1
27 27 1
89 89 1
134 135 1
122 146 1
152 152 1
73 73 1
42 43 1
98 98 1
53 53 1
86 103 1
123 123 1
144 144 1
19 19 1
89 89 2
116 116 1
105 105 1
127 128 1
18 18 1
119 121 1
4 4 1
94 94 1
51 51 1
65 65 1
47 47 1
58 58 1
38 38 1
90 90 1
90 92 1
141 141 1
146 159 1
158 158 1
52 52 1
120 120 1
85 103 2
157 157 1
21 21 1
89 89 1
88 88 1
103 103 1
55 55 1
40 40 1
40 40 1
156 156 1
62 90 1
35 35 1
73 147 1
131 131 1
120 120 1
153 153 1
97 97 1
105 105 1
94 153 1
138 138 1
45 45 2
22 22 1
52 52 2
157 157 1
149 149 1
93 93 2
21 21 1
93 93 1
101 101 1
82 82 1
146 146 1
82 82 1
10 10 1
149 149 1
127 127 1
40 40 1
55 55 1
122 122 1
58 87 1
110 110 1
89 89 2
151 151 1
34 34 1
114 115 1
101 101 1
7 7 1
85 85 1
52 52 1
130 130 1
120 120 1
10 10 1
104 104 1
84 115 1
62 62 1
13 14 1
130 149 1
136 136 1
70 70 1
147 147 1
68 68 1
47 48 1
52 88 1
144 153 1
56 56 1
5 9 1
90 90 1
63 63 1
4 4 1
100 120 1
57 57 1
108 127 1
6 7 1
108 108 1
66 136 1
32 32 1
37 37 1
102 102 1
143 143 1
60 60 1
52 52 1
5 5 1
135 135 1
122 122 1
95 95 1
92 92 1
71 71 1
57 59 1
65 65 1
87 87 1
85 86 1
52 97 3
41 41 2
87 87 1
104 104 1
121 121 1
30 30 1
13 14 1
109 109 1
121 121 1
100 100 1
107 128 1
17 17 1
144 144 1
18 18 1
152 153 1
14 15 1
109 109 1
106 106 1
55 55 1
37 83 1
137 137 1
100 100 1
117 117 1
40 40 1
115 117 1
20 21 1
141 141 1
30 30 1
61 61 1
156 158 1
65 65 1
34 34 1
30 30 1
123 123 1
119 119 1
89 89 1
10 72 1
28 28 1
100 100 1
70 70 1
83 83 1
80 158 1
88 88 1
132 132 1
136 136 1
123 123 1
28 28 1
145 145 1
128 142 1
58 58 1
128 128 1
90 90 1
58 58 1
131 137 1
94 94 1
89 89 1
127 127 1
105 105 1
79 79 1
114 129 1
128 128 1
44 44 1
48 48 1
37 37 1
30 51 1
42 42 1
92 92 1
71 71 1
102 102 1
27 27 1
105 105 1
31 31 1
56 56 1
94 95 1
130 130 1
9 9 1
68 68 1
24 24 1
7 7 1
28 28 1
28 51 1
98 98 1
140 140 1
94 94 1
30 30 1
110 131 1
153 153 1
109 111 1
101 101 1
9 9 2
18 18 1
6 6 1
31 84 1
125 125 1
154 154 1
4 4 1
117 117 1
93 93 1
136 136 1
63 146 1
75 75 1
75 75 1
19 19 2
51 51 1
14 14 1
75 75 1
20 20 1
68 68 1
153 153 1
49 49 1
129 129 1
100 100 2
54 55 2
101 101 1
100 100 1
31 31 1
101 121 1
108 108 1
94 94 1
68 68 1
37 37 1
58 67 1
139 141 1
83 83 1
45 45 1
93 93 1
40 40 1
117 117 1
68 68 1
84 84 1
99 99 1
86 87 1
73 90 1
153 153 1
82 82 1
29 29 1
100 100 1
88 90 1
23 26 1
112 115 1
34 34 1
101 101 1
123 123 1
27 27 1
41 42 1
108 108 1
117 117 1
17 18 1
143 143 1
34 35 1
78 78 1
57 58 1
134 134 1
88 88 1
115 115 1
137 137 1
138 138 1
18 18 1
8 9 1
58 58 1
104 104 1
47 48 1
142 153 1
68 68 1
32 32 1
142 143 1
30 30 1
123 123 1
59 60 1
51 51 1
137 138 1
86 86 1
82 82 1
113 113 1
32 32 1
65 65 1
95 95 1
40 93 1
13 14 1
79 94 1
42 42 1
58 58 1
157 157 2
52 54 1
153 153 1
27 27 1
139 139 1
10 10 1
96 96 1
84 99 1
30 51 1
47 47 1
108 108 1
63 63 1
117 117 1
136 136 1
106 106 1
66 67 1
68 68 1
151 151 1
26 26 1
38 38 1
142 142 1
75 75 1
148 156 1
4 4 1
7 7 1
108 150 1
115 115 1
151 151 1
34 34 1
102 102 1
16 16 1
33 33 1
7 7 1
101 101 1
85 86 2
132 132 1
153 153 2
78 79 1
89 89 1
108 115 1
87 112 1
68 68 1
20 48 2
108 150 1
81 81 1
68 68 1
156 156 1
84 84 1
127 129 1
76 76 1
10 11 1
103 103 1
42 42 1
9 9 1
49 49 1
53 53 1
52 57 1
76 76 1
32 32 1
8 8 1
58 58 1
79 79 1
30 30 1
19 19 1
84 84 1
34 34 1
88 88 1
82 82 1
73 91 1
38 97 1
157 159 1
85 100 1
100 100 1
58 58 1
125 125 1
20 21 1
135 135 1
6 6 1
89 89 1
119 120 1
104 104 2
154 154 2
125 125 1
55 57 1
123 129 1
153 153 1
8 8 1
59 60 1
63 63 1
109 109 1
16 16 1
89 89 1
89 89 1
12 12 1
19 19 1
85 85 1
32 32 1
139 159 1
4 4 1
104 115 1
18 18 1
14 14 1
39 39 1
123 123 1
36 37 1
39 39 1
122 122 1
115 115 1
104 104 1
22 24 1
142 143 1
25 25 1
65 131 1
111 132 1
127 137 1
98 98 1
100 100 1
88 88 3
51 51 1
37 37 1
115 115 1
85 121 1
18 18 1
33 33 1
13 13 2
116 153 1
23 23 1
24 28 1
26 85 1
119 119 1
95 95 1
104 104 1
132 136 1
80 81 1
61 61 1
74 76 1
30 30 1
98 98 1
119 120 1
28 28 1
86 104 1
104 104 1
34 34 1
96 97 1
58 58 1
81 154 1
70 70 1
104 104 1
15 15 1
62 64 1
32 35 1
81 81 1
14 14 1
86 86 1
102 102 1
32 32 1
121 121 1
95 95 1
94 97 1
9 9 1
67 67 1
80 80 1
83 84 1
88 88 1
121 121 1
153 153 1
5 5 1
115 115 2
100 100 1
115 115 1
138 138 1
3 3 2
101 101 2
68 73 1
145 145 1
150 150 1
58 58 2
67 67 1
118 120 1
76 76 1
82 82 1
63 63 1
19 51 1
12 12 1
53 53 1
61 61 1
129 129 1
53 56 1
70 70 1
115 130 1
94 94 1
19 19 1
67 67 1
135 136 1
119 120 1
58 58 1
146 146 1
105 105 1
33 34 1
67 153 1
116 117 1
148 148 1
4 4 1
152 152 1
129 129 1
42 42 1
96 96 1
47 47 1
98 98 1
84 84 1
52 52 1
97 97 2
60 60 1
55 55 1
46 46 1
70 70 1
85 85 2
122 122 1
55 95 1
27 27 2
63 63 1
141 141 1
94 121 1
133 133 1
27 83 1
132 132 1
87 87 1
122 148 1
136 136 1
41 51 1
10 10 1
89 89 1
86 86 1
101 101 1
31 32 1
108 108 1
30 30 1
27 58 1
85 85 1
58 155 1
145 146 3
55 55 1
136 136 1
101 101 1
128 128 1
22 22 1
123 123 1
14 15 1
40 40 1
29 29 1
74 74 1
26 26 1
115 115 1
134 134 1
55 55 1
136 136 1
81 81 1
121 121 1
106 106 1
54 54 1
33 33 1
68 68 1
4 5 1
49 76 1
51 51 1
136 136 1
34 34 1
14 14 1
4 4 1
68 68 2
115 115 1
16 16 1
76 76 1
115 115 1
111 111 1
32 32 1
98 98 1
54 54 1
64 64 1
3 3 2
68 68 1
20 20 2
135 135 3
133 133 1
9 9 1
41 41 1
133 133 1
143 143 1
88 89 1
73 73 1
66 66 1
65 65 1
51 52 1
8 9 1
107 107 1
7 7 1
8 8 1
57 59 1
9 9 1
9 9 2
145 145 1
41 41 1
21 21 1
133 134 1
9 9 1
29 29 2
128 128 1
105 116 1
57 57 1
41 41 1
55 55 1
40 62 1
117 117 1
23 28 1
135 145 1
47 47 1
21 21 1
35 35 1
38 38 1
137 137 1
10 10 1
128 128 1
53 53 1
3 3 1
60 154 1
51 51 1
32 32 1
108 128 1
55 55 1
130 130 1
62 63 1
41 41 1
109 109 1
86 86 1
110 114 1
133 133 1
84 84 1
41 52 1
126 126 1
108 150 1
87 87 1
34 34 1
68 73 1
68 68 1
110 110 1
145 146 1
6 8 1
16 16 1
127 128 1
69 124 1
131 137 1
95 95 1
42 42 1
19 19 1
85 104 1
62 87 1
38 38 1
129 129 1
80 80 1
101 101 1
138 138 1
34 34 1
52 52 1
27 28 1
21 21 1
64 89 1
31 31 1
75 75 1
98 98 1
106 106 1
15 15 1
52 52 1
9 9 1
134 134 1
55 55 2
144 144 1
6 18 1
96 96 1
9 9 1
66 66 1
153 153 1
122 122 1
35 35 1
87 87 1
138 138 1
73 73 2
128 128 1
132 144 1
108 108 1
157 159 1
78 152 1
32 32 1
9 9 1
81 115 1
105 105 1
137 137 1
143 143 1
27 27 1
110 144 1
82 82 1
156 156 1
136 136 1
44 45 1
108 108 1
51 51 1
49 49 1
7 8 1
19 19 1
127 127 1
48 48 1
9 9 1
17 17 1
35 35 1
84 84 1
101 101 1
66 66 1
121 121 1
81 81 1
97 100 1
142 142 1
9 9 2
95 95 1
101 101 2
136 136 1
11 11 1
66 66 1
55 55 1
15 15 1
52 52 1
152 152 1
129 129 1
101 101 2
63 63 1
6 6 1
133 133 1
61 61 1
131 131 1
53 53 1
97 97 1
154 154 1
142 142 1
41 41 1
99 99 1
139 139 1
26 83 1
121 121 1
10 10 1
116 129 1
17 17 1
52 52 1
104 115 1
27 27 1
96 96 2
39 39 1
136 136 1
90 140 1
121 121 1
108 129 1
102 102 1
66 66 1
19 51 1
59 87 1
58 58 1
9 9 2
61 61 1
149 155 1
118 120 1
90 90 1
9 9 1
120 121 1
23 26 1
62 62 1
115 115 1
18 18 1
103 104 1
14 14 1
157 157 1
104 105 1
100 100 1
44 52 1
145 145 1
156 156 1
10 12 1
9 9 1
152 152 1
3 6 1
63 63 1
131 143 2
134 134 1
5 5 1
157 157 1
44 45 2
155 155 1
100 100 1
28 28 1
107 107 1
85 85 1
26 26 1
85 85 1
105 116 2
69 69 1
46 46 1
103 103 1
8 9 1
34 34 1
125 125 1
137 137 1
141 141 1
58 84 1
95 95 1
49 132 1
145 145 1
30 30 1
156 156 1
59 59 1
21 21 1
150 150 1
96 96 1
36 36 1
51 51 1
72 72 1
21 21 1
155 155 1
34 35 1
33 33 1
32 35 1
9 10 1
95 95 1
122 122 1
100 100 1
3 3 1
82 82 1
65 65 1
58 59 1
78 78 1
110 110 1
116 116 1
157 158 1
104 104 1
10 10 1
70 72 1
14 14 1
109 109 1
95 131 1
14 14 2
122 122 1
17 17 1
122 159 1
136 137 1
153 153 1
87 87 1
107 108 1
119 119 1
19 20 1
135 145 1
136 136 1
140 140 1
108 108 1
51 51 1
109 115 1
100 100 2
34 34 1
21 21 1
119 120 1
132 132 1
36 40 1
135 135 1
86 86 1
40 42 1
73 73 1
10 10 1
10 11 1
83 83 1
144 144 1
135 135 1
78 78 1
48 48 1
146 146 1
132 132 1
41 41 1
146 146 2
108 108 1
85 85 1
158 158 1
66 67 2
115 130 1
62 90 1
34 34 2
45 45 1
34 34 1
109 109 3
12 12 1
101 101 1
116 116 1
102 102 1
90 90 1
79 79 1
67 67 1
104 104 1
23 23 1
81 81 1
81 81 1
130 130 1
151 151 1
154 154 1
84 84 1
132 144 1
126 126 1
143 144 1
104 124 2
86 86 1
23 24 1
80 80 1
69 69 1
64 64 1
90 139 1
122 122 1
56 60 1
99 99 1
87 87 1
48 48 1
100 100 1
150 151 1
116 116 1
16 16 1
54 54 1
154 154 1
56 56 1
82 88 1
107 153 1
101 101 1
127 127 1
112 112 1
126 126 1
34 34 1
55 91 1
90 122 1
68 68 1
12 12 1
71 71 1
33 42 1
123 146 1
153 153 1
27 27 1
130 130 2
21 21 1
101 101 1
90 90 1
49 49 1
65 65 1
148 149 1
66 154 1
105 105 1
90 90 1
43 43 1
108 108 1
65 65 1
68 68 1
65 65 1
122 122 1
55 55 1
60 60 1
72 72 1
8 9 1
60 60 1
126 127 1
69 69 1
117 118 1
101 101 1
41 41 1
125 125 2
39 78 1
57 130 1
80 80 1
108 108 1
103 103 1
148 148 1
97 97 1
156 156 1
95 96 2
80 80 1
31 31 1
27 27 1
61 61 1
118 120 1
70 71 1
146 146 1
59 98 1
27 27 1
101 101 1
79 105 2
133 144 1
143 148 1
41 84 1
130 130 1
143 144 1
60 62 1
132 132 2
146 146 1
80 80 1
137 137 1
99 99 1
60 60 1
54 54 1
5 46 1
96 96 1
109 109 1
69 69 1
44 54 1
14 14 1
139 141 1
135 135 1
17 17 1
55 55 1
119 120 1
84 84 1
106 106 1
84 100 1
28 28 1
31 79 1
29 29 1
52 52 1
146 146 1
102 102 1
106 106 1
44 44 1
79 94 1
145 145 1
138 138 1
65 65 1
51 51 1
121 121 1
132 135 1
105 105 1
28 59 1
26 26 1
97 97 1
67 75 1
129 129 1
8 8 1
142 142 1
22 25 1
69 69 1
104 104 1
14 14 1
27 27 1
6 7 1
96 96 1
46 47 1
127 127 1
107 121 1
21 25 1
94 94 1
9 9 1
157 157 1
32 32 1
67 68 1
129 129 1
136 137 1
76 76 1
31 78 1
147 147 1
35 35 1
154 154 1
106 107 1
14 15 1
145 146 1
56 95 1
87 87 1
103 103 1
25 25 1
133 133 1
143 143 2
12 12 1
96 96 1
61 61 2
150 150 1
20 20 1
40 103 1
85 85 1
50 50 1
32 32 1
146 146 1
21 21 1
144 144 1
106 106 1
34 34 1
144 144 1
112 112 1
16 16 1
50 50 1
103 103 1
39 39 1
65 65 1
135 136 1
54 54 1
102 102 1
85 85 1
116 116 1
27 27 1
123 123 1
132 132 1
107 153 1
87 87 1
133 134 1
32 32 1
30 30 1
61 61 1
94 94 1
141 141 2
23 25 1
93 107 1
122 122 1
87 103 1
140 140 1
143 143 1
108 151 1
151 151 1
107 116 1
91 157 1
99 99 1
51 51 1
109 109 1
34 34 1
35 35 2
39 39 1
71 73 1
55 56 1
59 153 1
145 145 1
132 132 1
51 51 1
140 141 1
68 92 1
101 101 1
34 34 2
146 147 1
25 25 1
9 9 1
121 121 2
41 42 1
52 52 1
63 133 1
88 88 1
87 114 1
92 92 1
12 12 1
7 7 2
82 82 1
121 121 1
20 21 1
65 65 1
123 124 1
58 58 1
101 101 1
89 130 1
78 90 1
36 36 1
126 126 1
30 30 1
3 3 1
37 37 1
141 141 1
107 128 1
101 101 1
51 51 1
136 136 1
41 46 1
106 106 1
127 127 1
152 152 1
132 133 1
51 51 1
30 52 1
97 97 1
94 94 1
69 69 1
22 22 1
26 79 1
153 153 1
17 17 1
146 146 1
105 105 1
7 50 1
151 151 1
103 103 1
21 21 1
133 133 1
133 134 1
28 28 1
58 58 1
18 63 1
72 72 1
22 23 1
72 72 1
41 41 1
97 97 1
7 8 1
49 77 1
90 90 2
91 159 1
75 75 1
57 57 1
96 96 1
84 84 1
69 156 1
100 100 1
57 57 2
106 107 1
50 50 1
58 58 1
84 85 1
135 135 1
156 156 1
41 45 1
22 22 1
146 146 1
114 114 1
34 34 1
83 83 1
119 120 1
130 130 1
71 71 1
102 102 1
89 89 1
95 95 1
129 129 1
119 119 1
14 14 1
152 152 1
123 123 1
136 136 2
77 78 1
79 81 1
36 36 1
130 130 1
128 128 1
133 133 1
132 132 1
18 18 1
14 14 1
18 75 2
67 67 1
144 144 1
104 104 1
100 100 1
152 152 1
138 138 1
96 96 1
15 15 1
156 156 1
119 120 1
133 133 1
26 26 1
73 90 1
30 30 1
102 102 1
29 29 1
107 128 1
69 69 1
74 75 1
80 80 1
95 95 1
11 14 1
95 95 1
105 105 1
157 157 1
30 30 1
112 114 1
126 126 1
128 128 1
131 131 1
4 4 1
45 54 1
69 69 1
128 128 1
107 107 1
8 9 1
85 85 1
115 115 1
17 17 1
139 139 1
27 27 1
59 59 1
34 34 1
10 10 1
18 18 1
94 94 1
100 119 1
87 87 1
7 7 1
80 81 1
91 91 1
146 146 2
114 114 1
58 59 1
19 20 1
69 69 1
45 46 2
35 157 1
14 14 1
56 56 1
89 89 1
95 131 1
99 99 1
31 31 1
67 67 1
89 89 1
58 58 1
130 130 1
104 104 1
95 106 1
57 57 1
98 98 1
87 87 1
27 90 1
121 121 1
85 85 1
66 68 1
159 159 1
9 9 1
102 102 1
13 13 1
57 57 1
123 123 1
133 137 1
27 27 2
133 133 1
115 115 1
83 83 1
49 49 1
32 32 1
141 141 1
96 137 1
40 42 1
58 58 1
41 41 1
106 106 1
77 78 1
80 81 1
20 20 1
16 16 1
38 38 1
97 97 1
58 58 1
129 142 1
30 30 1
100 100 1
125 125 1
90 90 1
87 87 1
41 41 1
155 155 1
102 102 1
150 150 1
95 96 2
38 136 1
32 37 1
20 20 1
65 136 1
97 97 1
6 92 1
69 70 1
52 53 1
102 102 1
82 82 1
36 55 1
152 152 1
68 68 1
146 146 1
62 77 1
17 18 1
100 100 1
83 112 1
153 153 1
30 30 1
76 76 1
7 7 1
83 104 1
147 147 1
74 75 1
86 87 1
111 111 1
87 87 1
28 28 1
8 8 2
35 35 1
153 153 1
75 117 1
60 60 1
4 4 1
121 122 1
110 112 1
108 129 1
37 37 1
35 35 1
61 61 1
126 126 1
18 18 1
108 108 1
100 100 1
85 85 2
8 68 1
18 18 1
47 47 1
68 148 1
33 34 1
74 75 1
140 140 1
49 50 1
28 41 1
65 65 1
138 138 1
61 94 1
126 126 1
77 78 1
150 151 1
128 128 1
64 65 1
101 101 1
89 89 1
83 83 1
82 90 1
145 145 1
8 8 1
121 121 1
94 94 1
107 107 1
37 37 1
36 36 1
68 73 1
26 26 1
146 146 1
61 61 1
139 139 1
135 135 1
60 60 1
37 37 1
70 149 1
121 121 1
154 154 1
152 152 1
54 54 1
58 58 1
89 89 1
108 130 1
101 101 1
30 30 1
44 44 1
141 141 1
54 54 1
34 34 1
155 156 1
154 155 1
100 100 1
123 123 1
26 26 1
129 130 1
153 153 1
154 154 1
78 153 1
133 133 1
36 36 1
93 159 1
105 105 1
153 153 1
59 59 1
99 99 1
81 106 1
120 120 1
19 19 1
12 12 1
21 22 1
121 121 1
9 9 1
9 9 1
145 152 1
63 63 1
155 155 1
33 33 1
65 65 1
136 136 1
105 105 1
28 28 1
155 155 1
111 111 1
91 93 2
56 56 1
80 80 1
40 40 1
97 97 1
100 100 1
60 60 1
78 78 1
16 16 1
98 98 1
147 148 1
36 38 1
141 142 1
51 51 1
41 41 1
3 3 1
86 86 1
41 41 1
54 54 1
95 95 1
41 41 1
75 75 1
157 157 1
96 137 1
7 7 2
51 51 1
29 30 1
19 19 1
104 104 1
69 69 1
142 142 1
55 55 1
69 73 1
89 89 1
99 99 1
109 109 1
97 97 1
69 69 1
107 121 1
82 82 1
153 153 1
157 157 1
71 122 1
112 112 1
77 77 1
54 54 1
94 94 1
34 34 1
10 10 1
16 16 1
99 99 1
9 9 2
63 63 1
23 23 1
37 37 1
89 89 2
71 91 1
148 148 1
97 137 1
8 90 1
41 46 1
59 60 1
83 83 1
88 105 1
11 14 1
125 125 1
28 28 1
153 153 1
79 79 1
137 137 1
144 144 1
89 89 1
81 81 1
143 143 1
75 75 1
36 36 1
79 79 1
86 86 1
67 150 1
105 105 1
54 54 1
79 94 1
5 46 1
36 38 1
15 15 1
86 86 1
144 144 1
30 30 1
26 26 1
54 54 1
80 105 1
112 113 1
125 125 1
157 157 1
155 155 1
81 81 1
151 151 1
121 121 1
34 35 1
19 19 1
64 64 1
19 19 1
70 70 1
123 123 1
54 54 1
78 78 1
86 103 1
95 95 1
50 50 1
66 66 1
68 68 1
100 118 1
28 28 1
95 95 1
77 77 1
32 32 1
16 16 1
124 124 2
154 154 1
59 59 1
16 16 1
96 96 1
97 97 1
107 107 1
40 40 1
63 63 1
143 143 1
16 17 1
17 17 1
58 58 1
106 106 1
94 94 1
129 148 1
142 142 1
87 129 1
42 42 1
70 70 1
107 107 1
153 153 1
54 54 1
17 17 1
3 3 1
107 107 1
84 85 1
21 21 1
107 107 1
103 103 1
153 153 1
27 27 1
30 30 1
137 137 1
86 87 1
125 125 1
96 96 1
71 71 1
73 73 1
28 28 1
48 48 1
115 115 1
54 54 1
36 36 1
17 17 1
93 121 1
135 135 1
133 133 1
14 14 1
11 11 1
52 52 1
7 7 1
89 89 1
24 25 1
5 5 2
97 97 1
113 113 1
143 143 1
20 20 1
57 57 1
44 45 1
121 121 1
153 154 1
95 95 1
54 55 1
92 92 1
38 38 1
121 121 1
150 150 1
101 101 1
137 137 1
110 110 1
136 136 1
67 89 1
77 78 1
151 151 1
108 108 1
113 113 1
74 107 1
43 43 1
101 101 1
100 100 1
35 35 1
87 129 1
30 30 2
119 119 1
79 79 2
35 35 1
132 132 1
155 155 1
101 101 1
120 120 1
32 33 1
21 21 1
24 24 1
27 28 1
131 131 2
97 97 1
117 117 1
16 16 1
74 74 1
41 41 1
125 125 2
76 76 1
48 48 1
88 88 1
17 17 1
32 32 1
94 94 1
151 151 1
119 120 1
137 137 1
34 34 1
17 17 2
55 55 1
71 71 1
89 89 1
41 41 1
139 139 2
52 98 1
137 137 1
151 151 1
62 75 1
78 78 1
19 19 1
17 17 1
94 121 1
63 63 2
135 135 1
88 88 1
110 110 1
116 117 1
111 148 1
54 55 1
17 17 1
96 97 1
9 9 1
49 50 1
147 147 1
107 107 2
61 61 1
21 21 1
34 34 1
61 61 1
94 99 2
135 136 1
32 32 2
129 148 1
81 81 1
106 141 1
79 104 1
103 104 1
55 56 1
68 68 1
145 152 1
104 108 1
146 146 1
37 37 1
132 132 1
8 8 1
64 64 1
152 152 1
87 103 1
22 23 1
71 71 1
120 120 1
156 156 1
135 135 1
121 121 1
52 52 1
30 30 1
118 119 1
150 150 1
135 135 1
22 22 1
97 97 1
137 137 1
126 127 1
123 124 1
7 7 1
83 105 1
95 95 1
73 73 1
121 121 1
10 12 1
63 63 1
9 9 1
107 107 1
93 121 1
154 154 1
100 120 1
30 30 2
142 142 1
106 129 1
42 42 1
64 64 1
153 153 1
58 58 1
10 10 1
63 63 1
96 96 2
148 149 1
83 83 1
106 106 1
26 26 1
57 58 1
140 141 1
16 16 1
71 71 1
86 86 1
54 54 1
136 137 1
8 8 1
101 101 1
108 108 1
30 30 1
26 26 1
117 139 1
62 90 1
122 122 1
28 53 1
154 154 1
139 139 1
129 129 1
153 153 1
119 120 1
23 23 1
79 98 1
85 85 1
30 87 1
78 78 1
75 75 1
104 104 1
27 27 1
70 147 1
69 69 1
71 71 1
43 44 2
52 52 1
83 83 1
90 130 1
3 4 1
48 48 1
89 89 1
131 131 1
76 77 1
58 58 1
10 10 1
153 153 2
119 119 1
127 129 1
22 22 1
87 116 2
31 31 1
145 145 1
140 141 1
63 66 1
88 88 1
71 71 1
129 146 1
6 18 1
52 52 1
108 108 1
132 132 1
7 7 1
50 50 1
28 28 1
90 90 1
14 14 2
97 97 1
19 19 1
3 3 1
86 86 1
18 18 1
35 35 1
100 100 1
146 146 1
106 141 1
132 132 1
47 47 1
40 40 1
138 138 1
83 83 1
100 100 1
53 53 1
3 3 1
123 123 1
100 120 1
39 39 1
131 142 1
136 136 1
6 6 1
75 75 1
59 63 1
154 154 1
58 66 1
121 121 1
44 44 1
131 131 1
59 87 1
109 131 1
8 9 1
97 152 1
27 66 1
9 9 1
147 147 1
106 106 1
87 87 1
152 152 1
66 66 1
14 14 1
41 57 1
58 59 1
101 101 1
18 18 1
159 159 1
108 151 1
137 137 1
121 121 2
18 18 1
36 37 1
119 119 2
111 143 1
88 88 1
110 110 1
14 14 1
158 158 1
79 79 1
112 112 1
137 137 1
79 79 2
83 83 1
58 58 1
8 8 1
25 29 1
65 65 1
117 138 2
140 140 1
145 145 1
110 110 1
73 73 1
86 86 1
101 101 1
56 56 1
9 69 1
57 57 1
13 14 1
142 142 1
105 106 1
106 106 1
58 154 1
153 153 1
27 104 1
18 18 1
107 107 1
123 123 1
34 34 1
68 68 1
49 49 1
115 130 1
110 110 1
105 105 1
119 121 1
8 8 1
104 112 1
108 129 1
89 89 1
30 30 1
27 84 1
90 91 1
79 105 1
69 69 1
21 22 1
93 93 1
130 141 1
131 144 1
137 137 1
63 63 1
108 129 1
108 108 1
150 150 1
97 97 1
85 100 1
37 37 1
129 146 1
157 157 1
116 116 1
105 105 1
104 104 1
36 36 1
9 9 1
18 18 1
142 142 1
104 104 1
57 57 2
30 30 1
52 52 1
92 92 1
47 48 1
67 67 1
73 73 1
69 72 1
124 127 1
51 51 1
108 108 1
128 146 1
131 131 1
27 28 1
143 143 1
10 10 1
60 90 1
106 106 1
27 27 1
68 68 1
108 108 1
45 46 1
103 103 1
29 53 1
101 101 1
97 97 1
21 21 1
58 65 1
51 51 1
80 81 1
146 146 1
147 147 1
9 9 1
136 136 1
16 16 1
11 14 1
60 60 1
83 83 2
126 126 1
10 10 1
119 119 1
81 81 1
121 121 1
63 63 1
134 134 1
20 20 1
100 100 1
96 96 1
89 89 1
133 133 1
19 19 1
100 120 1
10 10 1
106 106 1
152 152 1
61 61 1
155 155 1
27 27 1
130 130 1
71 73 1
51 51 1
108 108 1
61 153 3
135 135 2
76 76 1
84 104 1
48 48 1
32 32 1
73 73 1
68 68 1
104 104 1
3 3 1
121 121 1
21 21 1
88 89 1
38 38 1
105 105 1
3 16 1
100 100 1
110 110 1
129 129 1
149 149 1
97 131 1
83 83 2
107 107 1
27 27 1
24 24 1
68 68 1
41 41 1
144 144 1
16 16 1
58 155 2
113 113 1
103 123 2
153 153 2
153 153 1
63 63 1
105 105 1
58 58 1
33 33 2
112 112 1
66 137 2
87 87 1
100 100 1
64 64 2
121 121 2
46 46 1
33 42 1
136 137 1
38 39 1
36 36 1
17 17 1
120 120 1
87 87 1
135 135 1
158 158 1
56 56 1
88 88 1
137 137 1
136 136 1
32 32 1
57 155 1
9 10 1
36 37 1
80 94 1
86 87 1
141 141 1
4 18 1
5 13 1
137 137 1
27 27 1
14 14 1
32 32 1
152 152 1
85 85 1
86 86 1
39 39 1
43 61 1
21 21 1
100 101 1
136 136 1
104 104 1
125 125 1
116 116 1
28 30 1
94 94 1
155 155 1
44 44 1
14 14 1
47 47 1
109 109 2
80 105 1
50 50 1
135 135 1
107 127 1
40 42 1
80 81 1
73 73 1
129 129 1
52 53 1
97 97 1
86 86 1
3 3 1
122 146 1
81 82 1
157 157 1
19 28 1
17 91 1
134 134 1
107 107 1
153 153 1
100 100 1
121 121 1
49 50 1
9 9 1
78 94 1
129 129 1
106 106 1
89 94 1
135 135 2
52 52 1
75 75 1
118 118 1
52 52 1
34 34 1
105 105 1
142 142 1
103 103 1
62 121 1
107 107 1
38 38 1
20 20 1
157 157 1
145 145 1
30 30 2
64 64 1
35 35 1
52 52 1
97 97 1
122 122 1
97 137 1
136 137 1
66 66 1
14 14 1
100 100 1
128 128 1
30 30 1
41 41 1
115 115 1
30 30 1
16 17 1
53 54 1
11 11 2
33 99 1
148 149 1
109 113 1
54 54 1
18 18 1
88 88 1
135 135 1
127 127 2
86 86 1
19 19 1
157 157 1
98 98 1
18 18 1
96 96 2
48 65 1
110 110 2
5 5 3
41 41 1
41 41 1
37 37 1
41 57 1
43 46 1
121 121 1
138 138 3
86 86 1
55 55 1
109 109 1
47 57 1
5 5 1
8 69 1
108 108 1
109 109 1
21 21 1
61 61 1
62 62 1
20 20 1
35 35 1
20 20 1
27 67 1
26 26 1
110 110 1
130 130 1
36 89 2
79 79 1
96 96 1
62 62 1
17 17 1
67 83 1
22 22 1
138 138 1
88 89 1
135 135 1
92 92 1
158 158 1
21 21 1
115 148 1
19 19 1
89 89 1
33 35 1
103 103 1
138 138 1
66 79 1
48 48 1
55 55 1
115 115 2
64 76 1
40 66 1
120 120 1
89 89 1
89 89 1
96 96 1
153 153 2
58 58 1
8 8 1
7 7 1
69 69 1
146 146 1
7 7 1
139 139 2
93 159 1
135 145 1
105 105 1
136 152 2
54 115 1
80 80 1
69 69 1
38 38 1
52 52 1
122 124 1
95 95 2
75 75 1
68 156 1
32 32 1
52 95 1
52 97 1
95 95 1
83 83 1
105 105 2
68 68 1
117 117 1
8 9 2
97 97 1
17 18 1
143 143 1
107 107 1
133 133 1
90 90 1
25 25 1
40 40 1
60 60 1
39 39 1
85 121 1
33 33 1
28 28 1
78 78 1
55 55 1
35 35 1
75 75 1
103 103 1
22 25 1
6 6 1
95 95 1
53 53 1
45 45 1
105 105 1
155 155 1
64 64 1
99 100 1
96 96 1
28 28 1
89 95 1
101 101 1
99 130 1
105 105 1
135 135 1
38 38 1
32 32 1
88 88 1
110 110 2
116 120 1
60 103 1
136 144 1
109 111 2
37 37 1
142 144 1
4 4 1
121 121 1
115 115 1
100 100 1
105 106 1
39 95 1
130 130 1
154 154 1
88 88 1
157 157 1
101 101 1
155 155 1
17 91 2
31 31 1
56 56 1
156 156 1
58 80 1
139 139 1
18 18 1
22 22 1
46 46 1
17 17 1
89 89 1
9 9 2
3 3 1
27 27 1
116 116 1
57 57 1
37 66 1
69 75 1
122 130 1
6 50 1
100 100 1
107 151 1
137 137 1
68 68 1
28 28 1
130 130 1
82 86 1
117 117 1
125 127 1
124 124 1
153 153 1
89 89 1
107 107 1
120 121 1
42 43 1
26 26 1
59 59 1
127 127 1
36 36 1
46 46 1
122 123 1
69 69 1
16 16 1
97 136 1
131 131 1
117 117 1
99 118 1
8 8 1
96 96 1
80 94 1
87 87 1
82 83 1
90 90 1
19 19 2
12 12 1
102 102 1
67 67 1
30 30 1
71 72 1
70 70 1
115 116 1
10 10 1
38 38 2
136 137 1
5 9 1
85 85 1
140 140 1
40 45 1
73 74 1
126 126 1
14 14 1
22 24 1
84 84 1
121 121 1
89 89 1
92 92 1
84 84 1
140 140 1
9 9 1
41 41 1
38 61 1
9 9 1
18 18 1
52 52 1
21 21 1
69 69 1
21 21 1
9 9 2
141 142 1
7 7 2
107 107 1
23 25 1
148 148 1
123 123 1
84 85 1
96 96 1
35 35 2
80 105 1
60 60 3
10 10 1
136 136 1
27 27 1
100 100 1
74 146 1
60 61 1
27 27 1
14 14 1
151 151 1
153 154 1
13 14 1
55 55 1
32 32 1
145 145 1
137 137 1
52 52 1
143 151 1
156 157 1
125 125 1
25 25 1
9 9 1
52 137 1
95 96 1
116 116 2
21 21 1
88 88 1
82 82 1
149 149 1
76 78 1
67 68 1
54 54 1
27 27 1
21 21 1
59 60 1
41 42 1
3 6 1
24 24 1
7 7 1
51 51 1
142 142 1
63 69 1
136 136 1
126 126 1
138 138 1
27 28 1
135 135 1
51 51 1
94 154 1
98 98 1
152 152 1
121 121 1
21 22 1
54 55 1
13 14 1
106 106 1
95 95 1
31 31 1
17 19 1
68 75 1
107 107 1
20 22 1
77 77 1
116 117 1
83 139 2
33 33 2
106 106 1
128 128 1
120 120 1
28 28 1
95 95 1
60 60 1
80 81 1
100 100 1
117 117 1
43 43 1
149 149 1
80 80 1
19 19 2
65 152 1
33 33 1
70 70 1
140 140 1
8 9 1
55 55 1
80 82 1
156 156 2
119 119 1
114 114 1
54 55 1
123 146 1
25 25 1
41 41 1
104 104 1
121 121 1
51 52 1
23 25 1
110 112 1
68 68 1
8 8 1
125 125 1
39 39 1
119 119 1
95 95 1
12 12 1
136 136 1
35 35 1
101 121 1
88 88 1
142 143 1
106 153 1
152 153 1
152 152 1
119 119 1
146 146 1
54 54 1
17 18 1
85 85 1
125 126 1
145 146 1
130 155 1
80 80 1
102 102 1
115 115 1
146 157 1
126 126 1
57 58 1
25 25 1
102 102 1
141 141 1
129 129 1
154 154 1
52 52 1
103 104 1
138 157 1
83 83 1
21 21 2
54 54 1
122 122 1
41 41 1
153 153 1
65 65 1
54 54 1
17 18 1
67 67 1
47 47 1
66 90 1
8 8 1
116 129 1
136 136 1
4 8 1
87 117 1
7 7 1
119 121 1
146 146 1
51 51 1
89 89 1
17 17 1
117 117 1
136 137 1
145 145 1
120 120 1
4 5 1
63 64 1
94 94 1
9 51 1
22 22 1
82 82 1
84 84 1
17 17 1
136 137 1
70 70 1
18 18 1
40 65 2
149 149 1
90 90 1
50 50 1
151 151 1
20 20 1
29 29 1
39 39 1
40 40 1
142 142 1
107 107 1
18 18 1
122 159 1
54 54 1
82 83 1
89 89 1
133 134 1
34 34 1
65 65 1
52 52 1
96 97 1
46 46 1
142 142 1
36 36 1
55 56 1
90 90 1
146 146 1
21 21 1
86 86 1
121 121 1
142 142 1
143 143 1
54 54 1
64 64 2
5 5 1
108 109 1
106 106 1
146 146 1
94 94 1
85 85 1
72 72 1
116 116 1
109 109 1
19 19 1
6 6 1
68 154 1
27 27 1
123 123 1
146 146 1
84 85 1
127 127 1
115 115 1
9 9 1
83 83 1
119 119 1
79 79 1
156 156 1
57 87 1
65 65 1
37 38 1
111 111 1
27 60 1
98 98 1
50 50 1
11 11 1
55 55 1
67 144 1
52 52 1
41 41 1
150 150 1
120 120 1
77 77 1
63 63 1
105 105 1
121 121 1
155 155 1
40 57 1
79 105 1
133 133 1
4 4 1
40 51 1
126 126 1
63 63 1
145 145 1
152 152 1
65 65 1
154 154 1
93 93 1
121 121 1
23 23 1
79 79 1
122 122 1
130 130 1
135 144 1
118 118 1
141 141 1
38 97 1
40 132 1
39 41 1
152 152 1
82 83 1
120 120 1
101 101 1
126 126 1
146 146 1
59 59 1
84 104 1
103 103 1
107 107 1
115 115 1
66 66 1
128 128 1
14 14 1
145 145 1
88 88 1
3 3 1
145 145 1
145 145 1
100 100 1
59 60 1
154 154 1
25 25 1
16 16 1
104 125 1
138 138 1
4 4 1
19 19 1
97 97 1
27 78 2
31 79 1
29 29 1
105 105 1
85 85 1
136 136 1
141 141 1
137 137 1
119 119 1
42 56 1
82 82 1
82 82 1
74 74 1
21 24 1
32 32 1
135 144 1
132 132 1
110 113 1
104 104 1
77 78 1
35 35 1
157 157 1
11 11 1
86 86 1
75 76 1
48 48 1
54 54 1
154 154 1
102 102 1
20 20 1
126 127 1
85 85 1
68 68 1
157 157 1
68 68 1
107 107 1
31 32 1
123 123 1
36 36 1
133 135 1
51 51 1
117 117 1
102 102 1
127 137 1
84 84 1
116 117 1
143 143 1
95 96 1
101 102 1
63 63 1
137 137 1
91 117 1
141 141 1
122 122 1
27 27 2
67 67 1
144 153 1
97 97 1
135 135 1
144 144 1
10 16 1
78 78 1
38 82 1
106 153 1
14 14 2
142 142 1
134 134 1
68 68 1
84 114 1
108 108 1
100 100 1
133 133 1
19 19 1
18 47 1
28 28 1
159 159 1
60 60 1
27 27 1
40 40 1
67 67 2
153 154 2
146 146 1
148 148 1
7 7 1
88 88 1
139 139 1
154 154 1
21 22 1
94 144 1
94 94 1
87 116 1
8 73 1
128 128 1
120 120 1
43 43 1
84 118 1
141 158 2
73 147 1
100 100 1
14 14 1
61 61 1
88 88 1
97 97 1
39 78 1
17 17 1
146 156 2
156 156 1
90 90 1
19 19 1
62 90 1
126 126 1
90 90 1
153 153 1
52 97 1
82 82 1
85 86 1
153 153 1
38 39 1
105 105 1
83 83 1
27 28 1
75 75 1
146 146 1
26 26 1
30 30 1
27 65 1
128 128 1
157 157 1
29 29 1
68 75 1
85 85 1
36 36 1
143 144 1
7 8 1
9 9 1
100 100 2
88 90 1
94 94 1
52 52 1
17 17 1
136 136 1
63 133 2
9 9 1
66 66 1
81 81 1
152 152 1
67 67 2
69 69 1
133 133 1
37 37 1
127 127 1
3 4 1
85 85 1
65 65 1
67 67 1
95 95 1
73 73 1
54 54 1
151 151 1
7 67 1
74 74 1
39 39 1
36 36 1
86 86 1
25 25 1
13 14 1
145 145 1
28 28 1
41 41 1
84 84 1
152 152 1
159 159 2
30 30 1
130 139 1
145 152 1
57 58 1
16 22 1
94 144 1
131 131 1
121 121 1
130 130 1
142 142 1
86 104 1
63 63 1
109 109 2
105 116 1
100 100 1
66 107 1
97 98 1
32 32 1
13 13 1
98 98 2
115 117 1
63 84 1
90 90 1
88 88 1
136 136 1
133 133 1
147 147 1
54 54 1
19 19 2
101 101 1
27 27 1
98 98 2
41 44 1
95 95 1
34 34 1
149 149 1
68 122 1
141 141 1
81 82 1
146 146 1
90 138 1
137 137 1
65 65 1
69 158 1
43 53 1
142 143 1
108 108 1
54 54 1
23 23 2
71 71 1
120 120 1
77 77 1
117 117 1
49 49 2
107 108 1
57 83 1
86 86 1
30 30 1
148 148 1
156 156 1
55 55 1
135 135 1
108 108 1
159 159 1
115 115 1
61 61 1
116 116 1
59 94 1
126 126 1
121 121 1
41 41 1
6 18 1
100 100 1
15 17 1
31 31 1
107 107 1
7 76 2
79 79 1
58 65 1
106 106 1
142 142 1
116 139 1
127 136 1
47 47 1
149 149 1
108 109 1
91 158 1
100 100 1
40 40 1
144 144 1
85 85 1
66 96 1
100 100 1
53 53 1
129 129 1
66 79 1
142 142 1
47 48 1
59 60 1
65 65 1
3 18 1
71 71 1
122 122 1
127 127 1
89 89 1
47 47 1
54 54 1
56 60 1
135 135 1
32 32 1
117 117 1
94 94 2
138 138 1
100 100 1
19 19 1
10 10 1
104 104 1
81 81 1
84 87 1
86 87 1
45 45 1
39 95 1
28 28 1
129 129 1
97 97 1
107 128 1
116 116 1
96 96 1
7 92 2
102 102 1
107 117 1
76 76 1
69 91 1
152 152 1
156 156 1
91 130 1
153 154 1
49 49 1
58 88 1
100 100 1
104 104 1
34 34 1
21 21 1
145 145 1
106 106 1
3 3 1
8 8 1
88 88 1
20 48 1
47 133 1
33 33 1
50 50 2
30 52 1
18 18 1
14 14 1
110 110 2
94 94 2
133 133 1
14 14 1
23 24 1
75 78 1
97 97 2
26 26 1
107 107 1
49 50 1
155 155 1
21 23 1
38 38 1
136 136 1
17 17 1
142 142 1
148 148 1
86 103 1
27 28 1
36 36 1
31 31 1
87 87 1
89 89 1
153 153 1
10 10 2
17 17 1
100 100 1
68 68 1
129 129 1
97 97 1
68 68 1
100 100 1
86 86 1
31 31 1
11 14 1
55 57 1
86 86 1
88 88 1
56 56 1
80 80 1
15 15 1
155 155 1
116 139 1
27 83 1
145 145 2
93 107 1
105 105 1
82 83 1
51 51 1
134 136 1
132 132 2
99 99 1
74 75 1
117 117 2
37 37 1
120 120 1
79 79 1
9 9 1
86 86 1
113 113 1
98 99 2
116 116 1
157 157 1
119 119 1
102 102 2
57 57 1
148 148 1
50 50 1
66 66 1
30 30 1
54 54 1
116 116 1
148 148 1
114 115 2
97 97 1
19 51 1
58 58 1
15 15 1
101 101 1
138 138 1
150 150 1
126 126 2
72 72 1
102 102 1
145 145 1
83 87 1
51 51 1
94 94 1
121 121 1
7 7 2
109 109 1
100 100 1
82 82 1
92 92 1
126 126 1
10 10 1
129 129 1
72 73 1
17 17 1
119 119 1
39 39 1
85 85 1
134 134 1
138 157 1
9 9 1
59 60 1
37 96 1
140 140 1
61 61 1
80 81 1
87 121 1
67 67 1
22 22 1
46 46 1
134 134 1
17 17 1
106 106 1
57 57 2
40 41 1
57 58 1
143 144 1
63 63 1
137 137 1
90 159 1
78 152 1
27 28 1
75 121 1
59 63 1
81 81 2
59 59 1
54 54 1
28 28 1
83 105 1
97 97 2
54 54 1
64 64 1
10 11 1
94 94 1
14 14 1
145 145 1
132 132 1
124 125 1
8 8 1
15 15 1
63 83 1
141 141 2
32 32 1
52 52 1
82 82 1
80 105 1
68 148 1
116 120 1
39 46 1
94 95 1
33 33 1
27 28 1
66 66 1
36 130 2
15 15 1
30 30 1
22 22 1
36 36 1
14 14 1
68 148 1
154 154 1
105 105 1
27 27 1
14 14 1
47 132 1
135 135 1
116 116 2
101 101 1
27 83 1
61 61 1
117 117 1
30 30 1
101 121 2
123 129 1
75 75 1
54 54 1
130 130 1
114 114 1
127 127 1
18 18 1
156 156 1
97 97 1
59 67 1
6 7 1
129 147 1
128 142 1
88 89 1
108 108 1
8 92 1
79 95 1
40 41 1
68 68 1
141 159 1
109 109 1
102 102 1
115 115 1
59 59 1
122 147 1
5 5 1
86 86 1
123 123 1
56 56 1
106 106 1
156 156 1
37 37 1
59 59 1
149 149 1
10 10 1
76 76 1
46 46 1
123 123 1
87 104 1
84 84 1
38 131 1
34 35 1
138 138 1
67 67 1
49 83 1
130 130 1
152 152 1
47 47 1
11 11 2
116 116 1
49 49 1
55 55 1
53 53 1
69 69 1
37 37 1
22 22 1
41 41 1
19 19 1
61 61 1
94 94 1
51 51 1
143 143 1
57 57 1
152 152 1
154 154 1
19 19 1
101 101 1
137 137 1
8 148 1
87 129 2
107 119 1
94 94 1
55 55 1
154 154 1
34 34 1
7 7 1
122 148 1
9 9 1
76 76 1
101 101 1
35 35 1
17 17 1
152 152 1
90 90 1
68 68 1
95 95 1
83 83 1
47 57 1
66 66 1
134 135 1
136 136 1
54 54 1
139 139 1
149 151 1
69 69 1
119 119 1
117 117 1
3 4 1
40 40 1
153 153 1
11 13 1
59 94 1
147 147 1
100 100 1
16 16 1
32 32 1
145 145 1
136 136 1
16 16 1
123 123 1
43 52 1
129 129 1
132 132 1
15 16 1
144 144 1
88 88 1
104 104 1
153 153 1
126 127 1
30 30 1
109 110 1
63 63 1
142 145 1
29 29 2
107 122 1
80 80 1
54 54 1
27 27 1
68 68 1
3 3 1
85 124 1
13 13 1
157 157 1
120 121 1
95 95 1
84 118 1
132 132 1
126 127 1
19 19 3
35 35 1
86 86 1
17 17 1
39 39 1
103 104 1
8 8 1
41 41 1
60 60 1
109 156 1
71 71 1
83 83 1
21 22 1
37 37 1
129 146 1
101 101 1
133 133 1
129 129 1
27 90 1
89 89 1
108 108 1
129 146 1
103 103 1
145 145 1
85 85 1
120 120 1
82 82 1
27 28 1
16 16 1
107 107 1
95 95 2
69 69 1
126 126 1
5 9 1
157 157 1
116 116 1
98 98 1
32 32 1
25 25 1
155 155 1
35 35 1
19 19 1
87 104 1
21 21 1
77 77 1
114 114 1
132 132 1
122 122 1
136 136 1
96 96 1
44 44 1
143 143 1
140 140 1
50 50 1
27 27 1
72 72 1
66 66 1
30 30 1
112 112 1
87 87 1
136 141 1
136 136 1
30 30 1
76 76 1
104 119 1
122 122 1
154 155 1
66 107 1
116 116 1
133 133 1
54 99 1
89 89 1
89 89 1
50 50 1
119 119 1
15 15 1
31 31 2
27 27 1
33 33 1
146 148 1
132 132 1
29 29 1
27 28 1
107 117 1
81 90 1
105 105 1
27 104 1
60 104 1
135 135 1
66 79 1
99 99 1
128 128 1
102 102 1
18 18 1
87 87 1
102 102 1
132 132 1
17 17 2
133 133 1
43 52 1
80 81 2
63 63 1
42 53 1
81 81 1
124 124 1
9 9 1
124 124 1
107 107 1
19 19 1
4 4 2
8 8 1
37 37 1
87 87 1
146 146 1
64 65 1
102 102 1
7 7 1
114 130 1
101 101 1
11 11 1
38 83 1
97 97 1
99 99 1
34 34 1
77 77 1
153 153 1
19 19 1
57 57 2
26 26 1
100 100 1
130 155 1
16 69 1
32 32 1
157 157 2
29 29 1
3 3 1
107 107 1
98 99 1
96 96 1
79 79 1
87 87 1
36 36 1
148 148 1
36 36 1
80 80 1
70 70 1
7 8 1
137 137 1
150 150 1
42 43 1
19 20 1
5 8 1
72 72 1
108 108 1
65 65 1
70 147 1
49 50 1
33 33 1
148 148 1
105 106 1
36 36 1
141 141 3
145 145 1
80 94 2
51 51 1
86 86 1
17 17 1
133 133 2
87 103 2
96 96 1
120 121 1
121 121 1
87 87 1
67 67 1
100 100 1
148 148 1
80 80 2
54 54 2
20 20 1
36 36 1
113 113 1
69 71 1
84 84 1
127 127 1
54 54 1
90 90 1
39 78 1
15 15 1
68 146 1
30 30 1
145 145 1
116 116 1
42 42 1
139 139 1
88 89 1
121 121 1
26 26 1
157 157 1
14 14 1
59 59 1
6 6 1
105 105 1
57 57 1
116 119 1
98 98 1
84 84 1
95 96 1
87 87 1
152 152 1
7 7 1
32 32 1
150 150 1
81 81 1
119 119 1
101 101 1
36 36 1
109 110 1
8 9 2
139 141 1
98 98 1
130 130 1
100 100 1
117 117 1
142 142 1
5 6 1
145 146 1
19 19 1
103 104 1
30 41 1
79 153 1
37 37 1
119 120 2
100 100 1
80 131 1
155 155 1
134 134 1
36 36 1
82 82 1
4 8 2
100 100 1
107 107 1
19 19 1
13 13 1
5 5 1
104 120 1
27 66 1
151 151 1
87 87 1
141 141 2
107 107 1
19 22 1
75 75 1
147 159 2
41 41 1
126 126 1
148 149 1
121 153 1
48 48 1
65 65 1
88 88 1
103 103 1
90 90 1
147 157 2
130 157 1
105 108 1
33 33 1
70 147 1
117 117 1
46 47 1
105 105 1
134 135 1
35 35 1
126 126 1
93 93 1
42 42 1
95 106 1
103 103 1
19 19 1
152 152 1
90 90 1
79 94 1
75 78 1
148 148 1
28 28 1
159 159 1
97 97 1
122 122 1
89 131 1
37 37 1
59 59 1
127 127 1
45 45 1
75 75 1
47 57 2
107 116 1
99 99 1
24 24 1
109 114 1
69 77 1
108 151 1
124 124 2
89 94 1
63 69 1
60 60 1
80 80 1
148 148 1
38 38 1
19 21 1
9 9 1
72 114 1
151 151 1
61 61 1
8 50 1
40 40 1
86 86 1
66 66 1
79 79 1
140 140 1
121 121 1
94 94 1
58 98 1
93 93 1
138 138 1
22 22 1
21 21 1
47 47 1
26 26 1
127 127 1
132 132 1
152 152 1
148 148 1
116 150 2
132 133 1
99 99 1
101 101 1
137 137 1
105 105 1
51 51 1
29 30 1
103 103 1
94 94 2
60 60 1
49 50 1
78 78 1
100 100 1
105 105 1
83 83 1
74 74 1
37 37 2
8 9 1
17 18 1
32 32 1
127 127 1
67 67 1
95 95 1
116 153 1
152 152 1
100 100 1
10 15 1
53 53 2
155 155 1
83 83 1
146 146 1
9 9 1
141 141 1
105 105 1
93 121 1
79 79 1
18 18 1
58 58 1
98 98 1
57 57 2
115 116 1
96 98 1
67 153 1
27 27 1
27 27 1
17 17 2
102 102 1
9 9 1
121 121 1
151 151 1
129 129 1
9 157 1
70 70 1
39 39 1
114 119 1
122 122 1
36 37 1
57 57 1
94 154 1
101 101 1
75 75 1
101 101 1
155 155 1
35 131 1
99 118 1
79 94 1
73 73 1
20 20 1
146 146 1
143 143 2
154 154 1
37 37 1
96 96 1
112 112 1
64 146 1
52 52 1
142 142 1
51 51 1
88 88 1
107 107 1
127 127 1
25 25 1
53 95 1
116 116 1
58 58 1
133 133 1
89 89 1
119 119 3
87 101 1
37 37 2
103 103 1
52 52 1
109 142 1
90 90 1
90 90 1
137 137 1
99 99 1
108 129 1
27 28 1
41 41 1
68 68 1
81 81 1
72 125 1
50 50 1
153 153 2
9 9 1
50 51 1
95 95 1
38 38 1
152 152 1
53 53 1
18 48 1
84 84 1
27 28 1
84 84 1
87 116 1
102 102 1
147 147 2
70 70 1
88 88 1
82 90 1
116 116 1
18 18 1
141 141 1
14 14 1
100 100 1
37 37 1
14 14 1
140 140 1
7 49 1
41 41 1
154 155 2
116 116 1
157 157 1
5 5 1
141 141 2
132 144 1
100 120 1
89 89 1
68 68 1
157 157 1
138 138 1
24 24 1
155 155 1
6 48 1
152 153 1
46 46 1
65 65 1
73 155 1
81 81 1
39 78 1
155 155 1
68 146 1
99 99 1
10 10 1
151 151 1
105 105 1
58 84 2
40 79 1
10 10 1
63 63 1
92 92 1
44 46 1
152 152 1
95 95 1
64 64 1
56 56 1
66 66 1
109 129 1
77 78 1
16 16 1
95 95 1
138 138 1
159 159 1
123 138 1
79 79 1
24 26 1
138 138 1
129 150 1
102 102 1
49 135 1
100 100 1
30 30 1
151 151 1
121 122 1
141 142 1
105 108 1
105 105 1
111 111 1
17 17 1
58 58 1
127 146 1
92 92 2
153 153 1
109 109 1
47 134 1
41 41 1
54 54 1
145 152 1
121 121 1
87 105 1
77 77 1
108 108 1
143 143 1
121 122 1
83 87 2
14 14 1
145 145 1
15 15 1
127 127 1
32 32 1
62 90 1
55 55 1
125 127 1
79 79 1
28 28 1
19 19 1
60 153 1
40 40 1
145 152 1
141 141 2
135 135 1
82 82 1
107 107 1
35 89 1
113 113 1
122 122 1
67 94 1
140 141 1
23 24 1
111 131 1
87 87 1
132 132 1
108 108 1
145 152 1
65 65 1
158 158 1
31 31 1
125 125 1
34 34 1
85 85 1
104 104 1
103 103 2
159 159 1
115 115 1
121 122 1
60 60 1
151 151 1
153 153 1
70 148 1
95 95 1
127 128 1
101 101 1
155 155 1
110 110 1
19 51 1
69 71 1
141 142 1
96 96 1
155 155 1
84 84 1
141 141 1
140 140 1
153 153 1
9 9 1
148 148 1
108 108 1
34 34 1
100 100 1
126 126 1
108 116 1
142 142 1
147 158 1
28 29 1
20 20 1
9 9 1
70 70 1
43 45 1
76 76 1
95 96 1
18 18 1
88 88 1
60 60 1
83 83 1
117 117 1
145 145 1
96 96 1
97 97 1
95 95 1
63 63 1
30 30 2
34 34 1
81 81 1
108 108 1
86 86 1
103 103 2
58 58 2
100 100 1
130 130 1
65 65 1
72 72 1
156 156 1
104 104 1
53 53 1
9 17 1
78 78 1
98 99 1
35 35 1
104 126 1
98 98 1
60 60 1
26 85 1
12 12 1
101 101 1
65 65 1
30 30 1
63 63 1
7 8 1
103 103 1
85 85 1
67 144 1
40 40 1
78 152 1
128 128 1
148 148 2
135 135 1
108 109 1
69 69 1
137 137 1
119 119 3
3 5 1
66 66 1
19 19 1
7 7 1
121 121 1
120 120 1
128 128 1
106 106 2
123 123 1
96 96 1
17 17 1
70 70 1
63 63 1
85 100 1
22 25 1
148 148 1
147 147 1
57 57 1
135 135 1
80 80 1
100 100 1
40 40 1
49 132 1
14 16 1
145 146 1
117 117 1
9 9 1
12 12 2
108 109 1
135 136 1
107 128 1
57 57 1
123 123 1
132 132 1
58 58 1
51 51 1
99 99 1
57 57 1
38 52 1
100 100 1
94 94 1
35 35 1
123 123 1
65 132 1
37 38 1
35 35 1
112 112 1
69 69 1
135 136 1
94 94 1
4 5 1
106 106 1
105 105 1
4 4 1
87 87 1
85 85 1
9 9 1
138 138 1
105 108 1
75 75 1
115 121 1
83 104 1
100 100 1
147 147 2
135 135 1
61 61 1
122 122 1
53 53 1
104 104 1
18 18 1
105 105 1
35 35 1
11 13 1
138 142 1
43 44 1
28 28 1
69 69 1
10 10 1
18 18 1
32 33 1
157 157 1
58 63 1
68 69 1
6 18 1
105 105 1
94 94 1
123 126 1
58 84 1
144 144 1
58 58 1
30 30 1
57 57 1
64 64 1
30 30 1
136 136 1
66 78 1
32 32 1
102 102 1
115 119 1
101 101 1
134 134 1
141 141 1
123 123 1
9 9 2
155 155 1
84 84 1
78 78 1
103 103 1
122 122 1
68 68 1
134 145 1
130 130 1
129 129 1
60 60 1
105 105 1
79 79 2
105 116 1
32 32 1
123 124 1
105 106 2
146 146 1
14 14 1
138 138 1
69 69 1
11 11 1
12 12 1
39 39 1
44 61 1
100 100 1
75 75 1
61 61 2
51 51 1
157 157 1
83 83 1
90 90 2
39 41 1
22 22 1
25 25 1
62 62 1
88 88 1
14 14 1
139 140 1
118 119 1
127 142 1
124 125 1
137 141 1
71 75 1
21 21 1
56 64 1
148 149 1
82 82 1
6 51 1
35 35 1
122 122 1
142 142 1
157 157 1
136 139 1
105 105 1
56 56 1
32 79 1
30 30 1
47 47 1
136 136 1
62 78 1
116 116 1
53 53 1
68 68 1
45 45 1
97 97 1
53 53 1
50 50 1
40 40 1
40 40 1
11 13 1
115 115 1
79 79 1
109 113 1
13 13 1
99 99 1
75 76 1
65 65 1
121 124 1
116 116 1
68 153 1
103 103 1
128 128 1
89 89 1
54 54 1
116 117 1
89 89 2
8 9 1
82 82 1
40 90 1
100 104 1
120 120 1
92 92 1
68 73 1
98 98 1
61 61 1
74 147 1
115 115 1
136 136 1
119 119 1
103 104 1
120 120 1
90 90 1
98 98 1
61 119 1
16 17 1
95 95 1
95 95 1
126 126 1
133 133 1
57 57 1
9 9 1
110 110 1
88 88 1
104 104 1
125 125 1
138 138 1
32 32 1
118 120 1
103 103 1
119 119 1
105 106 1
139 139 2
41 47 1
64 135 1
30 30 1
87 87 1
117 120 1
90 157 1
25 26 1
116 130 1
118 118 1
89 89 1
27 27 1
14 14 1
45 45 1
65 65 1
72 72 1
80 94 1
108 108 1
96 96 1
84 84 1
77 78 1
139 139 1
145 145 1
109 109 1
134 135 1
135 135 1
116 153 1
105 105 1
132 132 1
107 107 1
27 27 1
30 77 1
101 101 1
100 101 1
41 41 1
54 54 1
99 99 1
41 45 1
32 32 1
89 89 1
33 33 1
88 88 1
145 145 1
30 51 1
115 115 1
112 142 1
138 139 1
62 62 1
138 138 1
51 51 1
49 135 1
138 138 1
23 23 1
9 9 1
134 134 1
153 153 1
113 114 1
88 105 1
102 102 1
85 85 1
107 107 1
24 24 1
4 4 1
69 158 1
50 50 1
95 131 1
99 99 1
115 115 1
88 88 1
88 130 1
148 148 1
123 123 1
3 3 1
99 99 1
142 142 1
89 89 1
138 138 1
28 30 1
61 61 1
145 145 1
63 63 1
7 7 1
102 102 2
32 32 1
43 60 1
79 105 1
156 156 1
114 114 1
100 100 1
102 102 1
80 80 1
135 145 1
157 157 1
39 41 1
86 105 1
129 146 2
132 132 2
53 53 1
105 105 1
103 104 1
91 91 1
130 130 1
100 118 1
138 138 1
28 28 1
84 84 1
40 40 1
66 66 1
69 69 1
41 57 1
145 145 1
144 145 1
100 101 1
156 156 1
123 123 1
145 152 1
126 126 1
7 8 1
88 138 1
30 65 2
113 113 1
5 5 1
81 116 1
39 39 1
89 89 1
153 154 1
121 121 1
76 76 1
9 9 1
95 95 1
100 100 1
98 99 1
114 114 1
141 141 1
137 137 1
30 104 1
141 141 1
126 126 1
8 8 1
53 53 1
90 90 1
83 83 1
6 6 1
89 94 1
108 108 1
121 121 1
120 121 1
85 120 2
41 132 1
83 84 1
94 94 1
55 55 1
38 97 1
107 107 1
95 95 1
35 35 1
70 70 1
89 89 1
107 107 1
24 24 1
96 96 1
116 116 1
114 114 1
96 96 1
62 77 2
97 99 1
119 119 1
134 134 1
57 57 1
86 86 1
51 51 1
126 127 1
130 139 1
18 18 1
20 20 2
63 63 1
115 155 1
31 32 1
30 31 1
102 102 1
157 159 1
30 30 1
57 130 1
11 11 1
147 159 1
102 102 1
152 153 1
153 153 1
102 103 1
86 86 2
98 99 1
34 34 1
54 54 1
97 97 1
121 121 1
103 103 1
78 78 1
30 50 1
96 96 1
71 71 1
85 85 1
8 8 1
46 46 1
32 32 1
104 104 1
83 87 1
115 115 1
108 108 1
104 108 1
22 24 1
87 116 1
52 52 1
152 152 1
156 156 1
101 101 1
153 153 1
41 51 1
22 22 1
69 69 1
108 108 2
107 107 1
48 48 1
144 153 1
16 17 1
132 142 1
109 109 1
90 90 1
39 39 1
10 11 1
63 90 1
150 150 1
17 17 1
118 118 1
106 106 1
133 135 1
116 116 1
68 68 1
98 98 1
87 87 1
86 105 1
65 65 1
108 108 1
153 153 1
119 119 1
111 131 1
42 42 1
57 57 1
58 58 1
105 105 1
28 28 1
37 97 1
28 28 1
5 5 1
147 158 1
135 135 1
112 114 1
75 75 1
79 107 1
61 77 1
94 94 1
90 91 1
67 68 1
10 10 1
152 152 1
14 14 1
150 150 1
121 121 1
130 130 1
86 86 1
119 121 1
20 20 1
116 117 1
30 30 1
68 68 1
136 136 1
87 87 1
88 88 1
116 116 1
69 73 2
135 135 2
16 17 1
16 17 1
19 19 1
118 118 1
5 5 1
105 105 1
115 129 1
5 5 1
8 50 1
34 34 1
69 69 1
19 19 2
36 36 1
14 14 1
56 64 1
19 19 1
109 143 1
9 9 1
64 64 1
136 145 1
46 46 1
143 143 1
34 34 1
11 11 1
80 105 1
80 80 1
101 101 1
15 15 1
66 67 1
119 120 1
142 157 1
3 8 1
66 67 1
107 116 1
101 101 1
138 138 2
12 12 1
85 101 1
105 105 1
54 54 1
83 83 1
137 137 1
29 30 1
64 64 1
26 26 1
109 109 1
52 52 1
18 18 1
93 93 1
96 97 1
78 78 1
116 116 1
7 7 1
9 69 1
22 22 1
154 154 1
121 121 1
133 135 1
57 57 1
50 50 1
123 123 1
74 74 1
140 140 1
90 92 1
52 52 1
22 22 1
127 128 1
62 62 1
67 88 1
90 92 1
146 146 2
95 96 1
105 105 1
70 70 1
107 107 1
51 51 1
90 90 1
153 153 1
119 119 2
55 55 1
138 138 1
99 99 1
109 109 1
90 90 1
126 126 1
149 149 1
149 149 1
21 21 1
14 14 1
153 153 1
107 107 1
96 137 1
28 28 2
65 65 1
125 125 1
12 12 1
29 29 1
126 126 1
95 95 1
21 21 1
98 98 1
69 146 1
101 101 1
132 132 1
73 77 1
108 108 1
46 46 1
30 30 1
18 18 1
88 88 1
27 90 1
52 52 1
36 36 1
115 115 1
25 25 1
159 159 1
84 84 1
73 73 1
8 8 1
63 64 1
9 9 1
119 120 1
50 50 1
148 148 1
144 144 1
79 79 1
113 113 1
153 153 1
15 15 1
9 9 1
27 27 1
38 97 1
121 121 1
69 69 1
14 14 1
143 144 1
136 136 1
14 14 1
100 100 1
154 154 2
142 143 1
132 142 1
143 144 1
68 68 1
65 65 1
146 146 2
108 108 1
95 95 1
139 141 1
8 8 1
156 156 1
123 123 1
82 130 1
119 119 1
39 39 1
60 60 2
16 16 2
153 154 1
126 139 1
58 84 1
42 42 1
137 153 1
8 8 1
37 38 1
92 92 1
62 117 1
116 129 1
155 155 1
106 106 1
17 48 1
142 143 1
133 137 1
91 117 1
53 53 1
16 16 1
33 33 1
92 92 1
124 128 1
14 14 1
22 22 1
86 86 1
109 109 1
35 35 1
66 148 1
80 81 1
26 26 1
116 116 1
5 5 1
136 136 1
20 20 1
