1	2	1.0
1	3	3.0
1	6	2.0
1	11	1.0
1	12	1.0
2	2	4.0
2	3	1.0
2	20	1.0
2	48	1.0
3	3	1.0
3	4	1.0
3	21	1.0
3	36	1.0
4	4	2.0
4	5	1.0
4	7	1.0
4	11	1.0
4	15	1.0
4	47	1.0
5	5	2.0
6	6	1.0
6	7	2.0
6	38	1.0
7	7	2.0
7	8	2.0
7	19	1.0
8	8	1.0
8	9	1.0
9	9	2.0
9	10	2.0
10	11	1.0
10	12	1.0
11	11	1.0
11	12	3.0
12	12	2.0
12	13	1.0
13	13	1.0
13	14	1.0
14	14	2.0
14	15	1.0
14	16	1.0
14	17	1.0
15	15	2.0
15	16	1.0
15	17	1.0
15	20	1.0
15	37	1.0
16	16	2.0
16	17	2.0
16	37	1.0
17	17	3.0
17	20	1.0
17	21	1.0
18	18	2.0
18	57	1.0
19	19	6.0
19	22	2.0
20	20	2.0
20	22	1.0
20	25	1.0
20	29	1.0
20	37	1.0
21	21	5.0
21	23	1.0
21	55	1.0
22	22	2.0
22	23	2.0
22	31	1.0
23	23	1.0
23	24	1.0
23	30	1.0
23	40	1.0
24	24	4.0
30	30	3.0
30	41	1.0
30	47	1.0
31	31	2.0
31	33	1.0
31	40	1.0
31	42	1.0
31	62	1.0
32	32	2.0
32	42	1.0
33	33	2.0
33	34	1.0
34	34	4.0
34	35	1.0
34	61	1.0
35	36	1.0
35	43	1.0
36	36	4.0
36	49	1.0
37	37	6.0
37	38	3.0
38	38	1.0
38	39	2.0
38	46	1.0
39	39	2.0
39	47	1.0
40	40	2.0
40	41	1.0
40	54	1.0
41	41	1.0
41	44	1.0
42	42	2.0
42	43	1.0
43	43	5.0
43	48	2.0
44	44	2.0
44	62	1.0
45	45	3.0
45	46	1.0
45	50	1.0
46	46	2.0
46	47	3.0
46	60	1.0
47	47	3.0
47	48	2.0
47	56	1.0
47	60	1.0
48	48	2.0
48	49	3.0
49	49	3.0
49	55	1.0
50	50	3.0
50	51	2.0
50	52	2.0
50	54	1.0
51	52	2.0
52	52	1.0
52	53	1.0
52	62	1.0
54	54	2.0
55	55	6.0
55	57	1.0
55	61	1.0
56	56	1.0
56	57	3.0
57	57	4.0
57	58	1.0
57	60	1.0
58	58	2.0
58	60	1.0
59	59	1.0
59	61	1.0
60	60	3.0
60	61	1.0
61	61	4.0
62	62	1.0
0	1	3.0
0	3	1.0
0	0	3.0
