1	1	1.0
2	2	2.0
3	3	2.0
4	5	1.0
5	6	1.0
5	19	1.0
6	6	3.0
6	7	1.0
6	27	1.0
7	7	2.0
7	18	1.0
7	25	1.0
7	26	1.0
8	8	3.0
8	26	1.0
8	35	1.0
8	47	1.0
9	9	2.0
9	10	1.0
9	21	1.0
10	62	1.0
10	64	1.0
11	11	3.0
12	12	1.0
12	22	1.0
13	13	2.0
13	70	1.0
14	14	4.0
14	22	2.0
15	15	1.0
15	16	3.0
15	17	1.0
16	16	2.0
16	65	1.0
16	66	1.0
17	17	2.0
17	18	1.0
18	18	3.0
19	19	5.0
19	20	2.0
19	45	1.0
20	20	2.0
21	22	1.0
22	22	3.0
23	23	1.0
23	24	1.0
23	55	1.0
26	26	3.0
26	30	1.0
27	67	1.0
28	36	1.0
29	29	1.0
29	30	1.0
29	35	1.0
30	30	3.0
30	32	1.0
30	35	1.0
31	31	2.0
32	32	2.0
32	37	1.0
32	39	1.0
33	33	3.0
33	34	2.0
33	35	2.0
34	34	3.0
34	35	2.0
35	35	1.0
36	36	1.0
36	42	1.0
36	44	1.0
37	37	2.0
37	38	1.0
37	42	2.0
38	38	1.0
39	39	2.0
39	40	1.0
39	41	1.0
40	40	1.0
40	43	1.0
41	41	2.0
41	42	2.0
42	43	1.0
43	43	3.0
43	44	1.0
44	44	2.0
45	45	3.0
46	46	1.0
46	47	1.0
46	70	1.0
47	47	2.0
47	48	2.0
47	120	1.0
48	49	1.0
48	102	1.0
50	57	1.0
54	55	1.0
55	55	1.0
55	56	1.0
56	56	1.0
57	57	2.0
58	58	5.0
58	62	1.0
59	59	2.0
59	60	2.0
60	60	3.0
60	61	1.0
61	61	5.0
61	63	1.0
62	62	2.0
62	63	2.0
62	73	1.0
63	63	2.0
64	64	4.0
64	65	1.0
65	65	7.0
65	66	2.0
66	66	1.0
66	67	1.0
67	67	2.0
69	69	3.0
69	70	1.0
69	76	1.0
70	70	3.0
70	71	1.0
71	71	2.0
71	72	2.0
72	72	5.0
73	73	3.0
73	74	1.0
74	74	2.0
74	75	2.0
74	81	1.0
75	76	1.0
76	76	1.0
76	77	1.0
77	77	1.0
77	117	1.0
77	118	1.0
77	123	1.0
78	78	2.0
78	79	1.0
78	83	1.0
78	108	1.0
79	85	3.0
80	85	2.0
81	81	2.0
81	82	2.0
82	82	2.0
82	83	1.0
82	116	2.0
83	83	1.0
83	114	1.0
83	123	1.0
84	84	2.0
85	85	2.0
85	116	1.0
86	86	2.0
86	91	1.0
87	87	2.0
87	88	1.0
88	88	1.0
88	90	1.0
90	90	1.0
90	91	1.0
91	91	2.0
91	92	1.0
92	92	2.0
92	93	3.0
92	97	1.0
92	112	1.0
93	93	4.0
93	111	1.0
94	94	2.0
94	95	1.0
94	96	1.0
95	95	1.0
95	115	1.0
96	97	1.0
96	104	1.0
97	98	1.0
97	100	2.0
97	101	1.0
97	115	1.0
97	123	1.0
98	98	1.0
99	99	2.0
99	103	1.0
100	100	4.0
100	105	2.0
101	102	3.0
102	102	2.0
102	123	1.0
103	103	1.0
103	105	1.0
103	106	1.0
104	104	3.0
104	105	3.0
105	106	1.0
106	106	2.0
107	107	5.0
107	109	2.0
108	109	2.0
109	109	3.0
110	110	2.0
111	111	4.0
112	112	1.0
112	113	1.0
113	113	1.0
113	114	2.0
113	115	1.0
113	127	1.0
114	114	2.0
114	115	1.0
115	115	2.0
115	116	1.0
116	116	3.0
116	117	1.0
117	117	4.0
117	121	1.0
118	118	1.0
118	119	1.0
119	119	1.0
120	120	2.0
121	121	2.0
121	122	2.0
121	128	1.0
122	122	1.0
122	123	1.0
122	128	1.0
123	124	1.0
124	124	1.0
124	125	2.0
126	126	5.0
126	128	1.0
127	127	2.0
127	128	1.0
127	133	1.0
128	128	1.0
128	129	1.0
129	129	5.0
130	130	1.0
130	131	1.0
131	131	2.0
131	132	1.0
132	132	1.0
133	133	1.0
134	134	3.0
0	0	1.0
