1	1	5.0
2	2	5.0
3	3	2.0
3	4	2.0
4	4	5.0
5	5	4.0
5	6	2.0
5	9	1.0
6	6	4.0
6	7	1.0
6	8	1.0
6	12	1.0
7	7	5.0
7	8	2.0
7	12	1.0
8	8	4.0
8	9	2.0
8	10	1.0
9	10	3.0
10	10	3.0
11	11	5.0
11	12	1.0
12	12	6.0
12	13	1.0
12	52	1.0
13	13	2.0
14	14	4.0
15	15	3.0
15	16	1.0
17	17	4.0
17	18	1.0
17	19	1.0
18	18	1.0
19	19	1.0
19	20	1.0
19	54	1.0
19	67	1.0
20	20	2.0
20	21	1.0
21	21	2.0
21	89	1.0
22	22	2.0
22	23	1.0
23	23	2.0
24	24	2.0
24	67	1.0
25	25	3.0
25	26	2.0
26	26	2.0
26	27	2.0
28	28	3.0
29	29	2.0
29	30	1.0
30	30	1.0
30	31	1.0
31	31	3.0
35	48	1.0
46	46	2.0
46	47	1.0
47	47	4.0
47	48	3.0
47	51	1.0
48	48	4.0
48	50	1.0
49	50	1.0
50	50	5.0
50	51	2.0
50	52	1.0
50	53	1.0
50	58	1.0
50	82	1.0
51	52	1.0
51	53	1.0
51	54	1.0
52	52	2.0
52	53	2.0
53	54	2.0
54	54	7.0
54	55	1.0
54	77	1.0
55	55	1.0
55	75	1.0
56	56	1.0
57	57	4.0
57	67	2.0
57	69	1.0
58	58	1.0
58	59	1.0
58	60	1.0
59	59	2.0
59	65	1.0
59	67	1.0
59	87	1.0
60	60	1.0
61	61	3.0
61	63	1.0
61	64	1.0
62	62	2.0
62	65	1.0
63	63	3.0
63	66	2.0
64	64	1.0
65	66	2.0
67	67	6.0
67	68	2.0
67	70	1.0
68	68	6.0
68	69	1.0
69	69	2.0
70	70	2.0
71	71	3.0
71	72	1.0
71	89	1.0
72	72	6.0
73	73	4.0
74	74	5.0
74	75	1.0
75	75	3.0
75	79	1.0
75	81	1.0
76	76	4.0
76	77	1.0
77	77	3.0
77	78	3.0
77	80	1.0
77	87	1.0
78	78	1.0
78	79	2.0
78	80	2.0
79	79	3.0
79	80	1.0
80	80	1.0
80	87	1.0
81	81	3.0
82	82	1.0
82	83	2.0
82	84	1.0
83	83	4.0
84	84	3.0
84	86	1.0
85	85	5.0
85	86	2.0
86	86	4.0
86	87	1.0
87	87	2.0
88	88	1.0
88	89	1.0
89	89	1.0
0	1	2.0
0	2	1.0
0	0	2.0
