1	1	12.0
1	4	1.0
2	2	4.0
2	3	4.0
3	3	9.0
4	4	8.0
4	5	1.0
4	6	1.0
5	5	8.0
5	6	1.0
6	6	10.0
6	7	3.0
6	9	1.0
6	75	1.0
7	7	4.0
7	8	1.0
7	12	1.0
7	74	2.0
8	8	4.0
8	9	3.0
8	16	1.0
8	76	1.0
9	9	7.0
9	10	1.0
9	12	1.0
9	77	1.0
10	10	3.0
10	11	3.0
11	12	3.0
11	77	1.0
12	12	2.0
12	13	1.0
12	14	1.0
13	13	6.0
13	14	4.0
13	15	1.0
13	106	1.0
13	110	1.0
14	14	4.0
14	15	4.0
14	88	1.0
14	89	1.0
14	106	1.0
15	15	3.0
15	16	3.0
16	16	4.0
16	17	2.0
16	19	1.0
16	114	1.0
17	17	8.0
17	18	2.0
17	20	1.0
17	87	1.0
18	18	9.0
18	20	1.0
19	19	8.0
19	20	2.0
20	20	8.0
20	21	3.0
21	21	4.0
21	35	1.0
22	22	3.0
22	23	3.0
22	24	1.0
22	31	1.0
22	32	1.0
22	35	1.0
22	76	1.0
22	128	2.0
22	129	1.0
23	23	3.0
23	24	3.0
23	25	1.0
23	32	1.0
23	35	1.0
23	77	1.0
24	24	4.0
24	25	4.0
24	26	1.0
24	35	1.0
24	37	1.0
24	129	1.0
25	25	7.0
25	26	2.0
26	26	5.0
26	27	1.0
26	28	1.0
26	29	2.0
26	31	1.0
26	34	1.0
26	76	1.0
27	27	9.0
27	28	6.0
27	32	3.0
28	28	4.0
28	29	1.0
28	30	2.0
28	36	1.0
29	29	6.0
29	31	2.0
29	38	1.0
30	30	5.0
30	31	1.0
30	32	1.0
30	38	1.0
31	31	2.0
31	32	1.0
32	32	8.0
32	33	3.0
33	33	7.0
33	34	2.0
34	34	11.0
34	35	1.0
35	35	11.0
35	36	1.0
35	37	1.0
36	36	7.0
36	37	1.0
37	37	3.0
37	38	3.0
38	38	3.0
38	39	1.0
68	68	1.0
71	71	6.0
72	72	7.0
72	74	1.0
73	73	12.0
73	74	3.0
73	75	1.0
74	74	6.0
74	75	2.0
74	77	1.0
74	78	1.0
75	75	7.0
75	76	2.0
76	76	7.0
76	77	2.0
77	77	6.0
77	78	1.0
78	78	9.0
78	79	2.0
78	81	2.0
78	85	2.0
78	90	1.0
78	119	1.0
79	79	6.0
79	82	1.0
79	84	1.0
79	89	2.0
79	93	1.0
79	116	1.0
80	80	7.0
80	81	2.0
80	84	2.0
80	88	1.0
80	90	1.0
80	92	1.0
80	116	1.0
80	123	2.0
81	81	10.0
81	82	1.0
82	82	7.0
82	83	4.0
82	120	1.0
83	83	2.0
83	84	1.0
83	89	1.0
83	119	3.0
83	134	1.0
84	84	9.0
84	85	2.0
84	86	1.0
84	88	1.0
84	89	1.0
84	96	1.0
84	101	1.0
84	115	1.0
84	119	1.0
84	134	1.0
85	85	9.0
85	86	4.0
85	87	3.0
86	87	4.0
86	88	2.0
86	89	1.0
86	102	1.0
86	103	1.0
86	119	2.0
87	87	6.0
87	88	5.0
87	94	1.0
87	104	1.0
87	105	1.0
88	88	2.0
88	89	1.0
89	89	8.0
89	90	2.0
89	91	1.0
89	115	1.0
90	90	10.0
90	91	3.0
90	92	1.0
90	114	2.0
90	128	1.0
91	91	2.0
91	92	2.0
91	100	1.0
91	114	1.0
92	92	7.0
92	93	1.0
92	114	2.0
92	117	2.0
93	93	8.0
93	94	7.0
93	99	1.0
93	112	1.0
93	116	1.0
94	94	6.0
94	95	1.0
94	96	1.0
94	99	1.0
94	100	1.0
94	115	1.0
94	116	1.0
94	117	1.0
95	95	10.0
95	117	1.0
96	96	10.0
96	97	1.0
96	123	2.0
97	97	12.0
97	98	2.0
97	99	2.0
97	123	1.0
97	128	1.0
98	98	10.0
98	99	4.0
98	127	3.0
98	129	1.0
99	99	2.0
99	110	1.0
100	100	6.0
100	101	2.0
100	103	2.0
100	108	1.0
100	111	1.0
100	118	1.0
100	126	1.0
101	101	7.0
101	102	3.0
101	103	2.0
101	108	1.0
101	111	1.0
101	112	2.0
101	113	1.0
101	125	1.0
102	102	14.0
102	103	2.0
102	104	1.0
102	109	1.0
102	113	1.0
102	116	1.0
102	119	1.0
102	126	1.0
103	103	8.0
103	104	4.0
103	116	1.0
103	124	1.0
103	125	1.0
104	104	4.0
104	107	1.0
104	116	4.0
104	121	1.0
105	105	5.0
105	106	1.0
105	107	2.0
105	118	1.0
106	106	10.0
106	107	5.0
107	107	7.0
107	108	4.0
107	110	1.0
108	108	5.0
108	109	2.0
108	113	1.0
108	122	1.0
109	109	11.0
109	111	2.0
109	121	1.0
109	124	1.0
110	110	10.0
110	111	3.0
110	113	2.0
111	111	6.0
111	112	5.0
111	113	2.0
111	122	1.0
111	123	2.0
111	129	1.0
112	112	6.0
112	113	1.0
112	114	1.0
112	115	3.0
112	123	2.0
113	113	6.0
113	114	1.0
113	121	1.0
113	122	1.0
114	114	8.0
114	115	2.0
114	116	1.0
114	133	1.0
115	115	5.0
115	116	9.0
115	123	1.0
115	133	1.0
116	116	10.0
116	117	4.0
116	122	1.0
116	124	1.0
117	117	4.0
117	118	2.0
117	123	2.0
117	124	1.0
117	125	1.0
118	118	8.0
118	119	4.0
118	122	2.0
118	126	1.0
119	119	6.0
119	120	5.0
119	122	2.0
120	120	8.0
120	121	3.0
120	122	2.0
121	121	4.0
121	122	1.0
121	123	1.0
122	122	11.0
123	123	3.0
124	124	8.0
124	125	2.0
124	129	1.0
124	131	1.0
124	135	1.0
125	125	8.0
125	126	1.0
125	134	1.0
126	126	4.0
126	127	3.0
126	129	2.0
126	130	2.0
126	132	1.0
127	127	7.0
127	128	2.0
127	129	1.0
127	130	1.0
128	128	9.0
129	129	14.0
129	130	1.0
130	130	12.0
131	131	8.0
131	132	2.0
131	133	1.0
132	132	7.0
132	138	1.0
132	140	1.0
133	133	3.0
133	137	1.0
133	139	1.0
134	134	13.0
134	135	4.0
135	135	11.0
135	136	2.0
135	140	3.0
136	136	13.0
136	137	3.0
136	138	1.0
137	137	11.0
137	138	4.0
138	138	13.0
138	139	3.0
139	139	8.0
140	140	6.0
0	3	1.0
0	0	8.0
