1	1	4.0
1	2	2.0
1	15	1.0
2	2	6.0
2	3	1.0
3	3	1.0
3	4	1.0
4	4	2.0
5	5	3.0
5	6	1.0
5	8	1.0
6	6	2.0
7	7	2.0
7	54	1.0
7	67	1.0
8	8	3.0
8	9	1.0
8	21	1.0
9	9	3.0
10	10	4.0
10	11	1.0
11	11	3.0
11	13	1.0
12	12	5.0
13	13	3.0
13	14	1.0
13	57	1.0
14	14	2.0
15	15	2.0
15	16	1.0
16	16	5.0
16	17	2.0
17	18	2.0
17	22	1.0
18	19	1.0
19	19	3.0
19	20	3.0
20	20	1.0
20	21	1.0
21	21	5.0
21	22	1.0
21	29	1.0
22	22	1.0
23	23	5.0
23	24	3.0
23	74	1.0
24	24	2.0
24	66	1.0
25	25	2.0
25	26	1.0
25	65	1.0
26	26	4.0
26	27	1.0
27	27	6.0
27	54	1.0
28	28	2.0
29	29	3.0
29	30	1.0
30	30	1.0
30	46	1.0
31	31	1.0
31	34	1.0
46	57	1.0
47	47	2.0
48	48	3.0
48	49	3.0
49	49	2.0
49	54	1.0
49	55	1.0
49	77	1.0
50	50	7.0
50	51	1.0
50	53	1.0
50	66	1.0
51	51	2.0
51	54	1.0
51	59	1.0
51	69	1.0
52	52	1.0
52	57	1.0
53	53	1.0
53	54	2.0
54	54	2.0
55	55	3.0
56	56	3.0
56	57	3.0
56	72	1.0
57	57	5.0
57	66	1.0
58	58	7.0
58	59	1.0
59	78	1.0
61	61	2.0
61	64	2.0
63	63	1.0
65	65	3.0
65	66	1.0
65	67	1.0
66	66	2.0
66	78	2.0
66	81	1.0
67	67	6.0
67	77	1.0
68	68	3.0
68	71	2.0
69	69	3.0
69	72	1.0
69	84	1.0
70	70	2.0
70	71	1.0
71	71	4.0
72	72	2.0
72	81	1.0
73	73	2.0
73	79	1.0
74	74	3.0
74	75	1.0
75	75	3.0
75	84	1.0
77	77	1.0
77	78	2.0
78	78	4.0
78	79	2.0
78	80	2.0
79	79	3.0
79	80	1.0
80	83	1.0
81	81	2.0
81	84	1.0
82	82	2.0
82	83	1.0
82	84	1.0
83	83	1.0
83	84	2.0
84	84	5.0
84	89	1.0
85	85	6.0
85	86	1.0
85	87	2.0
86	86	6.0
86	87	1.0
87	87	1.0
88	88	2.0
88	89	1.0
89	89	2.0
90	90	2.0
0	1	1.0
0	29	1.0
0	0	5.0
