19	25	1.0
20	20	1.0
21	21	1.0
21	24	1.0
22	22	4.0
22	23	1.0
24	24	3.0
25	25	2.0
25	26	1.0
25	27	1.0
26	26	2.0
26	27	1.0
27	27	2.0
27	29	1.0
27	95	1.0
28	28	2.0
28	29	3.0
29	29	3.0
29	30	1.0
30	30	5.0
30	37	1.0
30	54	1.0
31	31	3.0
31	33	1.0
31	36	1.0
32	32	1.0
32	33	1.0
32	39	1.0
33	33	1.0
33	34	1.0
33	36	1.0
33	38	1.0
33	43	1.0
34	34	3.0
34	35	1.0
34	36	1.0
35	35	1.0
35	36	1.0
35	37	1.0
35	79	1.0
36	36	1.0
36	37	1.0
36	79	1.0
37	37	3.0
37	38	1.0
37	39	1.0
37	41	1.0
37	65	1.0
38	38	1.0
38	39	2.0
39	39	1.0
39	40	1.0
40	40	3.0
40	41	1.0
40	49	1.0
40	56	1.0
42	42	4.0
43	43	2.0
43	44	1.0
43	45	1.0
44	44	5.0
44	45	1.0
44	50	1.0
44	58	1.0
45	45	1.0
46	46	1.0
46	49	1.0
47	48	1.0
47	56	1.0
47	113	1.0
48	48	1.0
48	49	3.0
48	57	1.0
49	73	1.0
50	50	2.0
50	51	1.0
51	51	1.0
51	52	3.0
52	52	6.0
52	109	1.0
53	53	3.0
53	54	1.0
53	55	1.0
53	56	1.0
54	54	2.0
54	55	1.0
55	60	1.0
56	57	4.0
58	58	1.0
58	59	1.0
58	60	1.0
59	59	3.0
59	60	1.0
60	60	3.0
60	73	1.0
60	94	1.0
60	107	1.0
61	61	1.0
61	63	2.0
62	62	3.0
62	71	1.0
63	64	1.0
64	64	1.0
65	66	1.0
65	67	1.0
66	67	1.0
67	67	1.0
68	69	1.0
70	70	1.0
70	71	1.0
71	71	2.0
73	74	2.0
73	76	1.0
74	74	1.0
74	75	1.0
75	75	3.0
75	81	1.0
76	76	3.0
76	77	1.0
76	79	1.0
76	81	1.0
76	84	1.0
77	77	1.0
77	78	1.0
78	79	2.0
79	79	2.0
79	89	1.0
80	80	3.0
81	81	3.0
81	82	1.0
81	83	1.0
81	85	1.0
82	89	1.0
83	84	2.0
83	85	1.0
84	87	1.0
84	102	2.0
85	86	2.0
86	107	1.0
87	87	1.0
88	88	1.0
89	89	3.0
89	90	1.0
90	90	3.0
91	91	4.0
91	93	1.0
91	99	1.0
92	92	4.0
93	93	3.0
93	95	1.0
94	94	2.0
94	95	1.0
94	103	1.0
94	112	1.0
95	95	1.0
95	96	2.0
96	96	3.0
96	97	2.0
97	97	1.0
98	98	1.0
98	102	2.0
99	99	3.0
99	100	2.0
100	100	2.0
100	101	1.0
100	104	1.0
101	102	1.0
102	102	4.0
102	103	1.0
103	103	2.0
103	106	1.0
103	109	1.0
103	110	1.0
104	104	1.0
105	105	1.0
106	106	2.0
106	107	3.0
107	107	1.0
109	109	1.0
109	110	2.0
110	110	1.0
111	111	4.0
111	112	3.0
112	112	3.0
112	113	1.0
113	113	4.0
114	114	1.0
