1	1	5.0
1	2	1.0
1	5	1.0
2	2	4.0
2	3	2.0
2	77	1.0
3	4	1.0
3	7	1.0
4	4	4.0
4	5	1.0
4	7	2.0
5	5	3.0
5	8	1.0
5	73	1.0
6	6	10.0
6	7	2.0
6	87	1.0
7	7	8.0
7	8	1.0
7	16	1.0
8	8	8.0
8	9	1.0
9	9	1.0
9	68	1.0
10	10	4.0
10	11	2.0
10	34	1.0
10	73	1.0
11	11	1.0
11	74	1.0
12	12	2.0
12	13	1.0
12	14	1.0
13	13	2.0
13	24	2.0
14	14	3.0
15	15	1.0
15	40	1.0
16	16	3.0
16	17	1.0
16	73	1.0
17	17	3.0
17	25	1.0
17	70	1.0
18	20	1.0
19	19	2.0
19	20	1.0
20	20	1.0
21	21	3.0
21	22	1.0
21	34	1.0
22	22	1.0
22	23	1.0
23	23	2.0
23	24	1.0
23	27	1.0
24	24	4.0
24	37	1.0
24	85	1.0
24	89	1.0
25	25	4.0
25	26	2.0
25	27	1.0
26	26	2.0
26	27	2.0
26	30	1.0
26	36	1.0
26	90	2.0
27	27	4.0
27	28	1.0
27	30	1.0
28	28	2.0
29	30	1.0
29	31	1.0
30	30	3.0
30	31	2.0
31	31	1.0
31	32	1.0
31	41	1.0
32	32	2.0
32	33	1.0
33	33	1.0
33	77	1.0
33	81	1.0
34	34	1.0
34	35	1.0
35	35	2.0
35	36	1.0
36	36	3.0
36	37	1.0
36	81	1.0
37	37	5.0
37	38	2.0
37	39	1.0
37	40	1.0
38	38	3.0
38	53	1.0
39	39	3.0
39	46	1.0
40	40	3.0
40	41	1.0
40	46	1.0
40	48	2.0
41	41	8.0
41	42	1.0
41	44	1.0
42	42	3.0
42	43	1.0
42	44	1.0
43	43	1.0
44	44	1.0
45	47	2.0
46	46	4.0
47	47	2.0
48	53	1.0
48	56	1.0
52	53	2.0
53	53	2.0
53	54	1.0
53	55	1.0
54	55	1.0
54	67	1.0
54	145	1.0
55	55	4.0
55	56	1.0
56	56	2.0
56	63	1.0
57	89	1.0
58	58	1.0
58	59	2.0
59	59	2.0
59	60	1.0
60	60	1.0
61	61	1.0
62	62	1.0
63	63	2.0
64	64	2.0
65	65	2.0
65	66	1.0
66	66	4.0
66	67	2.0
66	68	1.0
67	67	3.0
68	68	2.0
68	69	2.0
70	70	1.0
71	71	2.0
71	99	1.0
72	72	1.0
72	73	5.0
72	103	1.0
73	73	3.0
74	74	2.0
74	77	1.0
75	75	1.0
76	76	4.0
77	77	2.0
77	78	1.0
77	83	1.0
77	190	1.0
78	78	2.0
78	79	1.0
78	80	1.0
79	80	2.0
79	83	1.0
80	80	1.0
80	82	1.0
81	81	3.0
81	82	1.0
82	82	2.0
82	83	1.0
82	94	1.0
83	83	5.0
83	84	1.0
84	84	1.0
84	93	1.0
85	85	1.0
85	110	1.0
86	87	2.0
87	87	1.0
87	88	2.0
88	88	2.0
88	89	1.0
89	89	1.0
89	90	1.0
90	90	1.0
91	91	1.0
91	92	1.0
91	121	1.0
92	92	1.0
92	93	2.0
92	94	2.0
92	105	1.0
92	121	1.0
93	96	2.0
93	122	1.0
94	95	1.0
94	109	1.0
94	125	1.0
95	95	2.0
95	96	2.0
96	97	1.0
96	136	1.0
97	97	3.0
97	98	1.0
98	99	1.0
99	99	2.0
100	156	1.0
101	101	1.0
101	118	1.0
102	103	1.0
102	104	1.0
102	127	1.0
103	103	3.0
104	104	6.0
104	105	1.0
104	106	1.0
104	108	1.0
105	105	1.0
105	106	1.0
107	107	1.0
107	130	1.0
108	108	2.0
108	109	1.0
108	110	1.0
108	119	1.0
109	109	3.0
109	113	1.0
109	126	1.0
110	110	1.0
110	111	1.0
110	115	1.0
111	111	5.0
111	113	1.0
111	123	1.0
112	112	2.0
113	113	2.0
114	114	1.0
114	115	1.0
114	118	1.0
115	115	2.0
115	142	1.0
116	116	2.0
116	148	1.0
117	118	1.0
117	136	1.0
118	118	2.0
118	119	2.0
119	119	1.0
119	120	1.0
120	120	2.0
120	125	1.0
120	144	1.0
121	121	1.0
121	122	1.0
122	122	6.0
123	123	3.0
124	124	1.0
125	125	2.0
125	135	1.0
126	126	2.0
126	127	1.0
127	127	3.0
128	128	2.0
129	130	1.0
129	131	1.0
129	152	1.0
130	130	2.0
130	131	2.0
130	134	1.0
131	131	2.0
131	132	2.0
131	168	1.0
132	133	1.0
133	133	2.0
134	134	1.0
134	136	1.0
135	135	1.0
136	137	1.0
137	138	2.0
138	138	1.0
139	139	5.0
139	148	1.0
139	178	1.0
140	140	3.0
140	141	1.0
140	178	1.0
141	141	6.0
141	144	1.0
141	146	1.0
141	147	1.0
141	150	1.0
142	142	1.0
142	143	2.0
143	143	2.0
143	144	2.0
143	146	1.0
144	144	1.0
144	145	1.0
145	145	2.0
145	149	1.0
145	163	1.0
145	166	1.0
146	146	1.0
146	147	3.0
147	147	5.0
147	148	1.0
148	148	4.0
148	176	1.0
149	189	1.0
150	151	1.0
150	164	1.0
151	152	1.0
151	177	1.0
152	152	4.0
152	153	1.0
153	153	3.0
153	177	1.0
154	154	5.0
154	155	1.0
154	174	1.0
155	155	2.0
155	158	1.0
155	159	1.0
156	156	3.0
156	158	1.0
157	157	4.0
158	158	2.0
158	159	2.0
159	159	5.0
159	160	1.0
159	171	1.0
159	173	1.0
160	160	1.0
161	161	2.0
161	179	1.0
162	162	1.0
163	163	2.0
164	165	1.0
164	184	1.0
165	166	1.0
165	169	1.0
165	184	1.0
166	170	1.0
166	173	1.0
166	175	1.0
167	167	2.0
167	168	1.0
168	168	3.0
168	169	2.0
169	169	1.0
169	170	1.0
169	174	1.0
169	175	1.0
170	170	2.0
170	171	2.0
170	173	1.0
171	171	1.0
171	172	2.0
172	172	2.0
173	173	1.0
173	177	1.0
173	181	1.0
174	174	1.0
174	175	1.0
174	176	1.0
175	175	1.0
175	179	1.0
176	176	3.0
176	177	1.0
177	177	2.0
178	178	2.0
178	179	1.0
179	179	4.0
179	180	1.0
180	180	3.0
180	181	1.0
181	181	1.0
182	182	6.0
182	183	2.0
183	183	1.0
183	184	1.0
184	184	1.0
184	185	2.0
184	187	1.0
185	185	3.0
185	186	1.0
185	187	1.0
186	186	2.0
186	187	1.0
187	187	2.0
187	190	1.0
188	188	1.0
188	189	1.0
188	190	2.0
189	190	1.0
190	190	1.0
0	6	1.0
0	0	2.0
