1	1	1.0
2	2	1.0
2	3	1.0
2	4	1.0
2	19	1.0
3	3	1.0
3	4	2.0
4	4	1.0
4	5	1.0
4	8	2.0
4	32	1.0
5	5	4.0
5	6	3.0
6	6	1.0
7	7	3.0
8	8	3.0
8	9	2.0
8	32	1.0
8	172	1.0
9	9	4.0
9	171	1.0
10	10	7.0
10	14	1.0
10	186	1.0
11	11	2.0
11	15	1.0
11	45	1.0
11	195	1.0
12	12	4.0
12	13	3.0
12	23	1.0
12	32	1.0
12	64	1.0
13	13	8.0
13	46	1.0
13	186	1.0
14	14	5.0
14	15	1.0
14	57	1.0
15	15	5.0
15	23	1.0
15	46	1.0
16	16	7.0
16	17	2.0
16	18	1.0
16	194	1.0
17	17	1.0
17	19	1.0
17	191	1.0
18	18	1.0
18	19	2.0
18	174	1.0
18	187	1.0
18	188	1.0
19	19	1.0
20	20	2.0
20	21	1.0
20	36	1.0
20	69	1.0
21	24	1.0
21	37	1.0
22	22	1.0
22	23	1.0
22	36	1.0
23	23	1.0
23	25	1.0
24	24	6.0
24	25	1.0
24	38	1.0
25	26	1.0
25	28	2.0
26	26	2.0
26	27	2.0
26	72	1.0
27	27	2.0
27	28	1.0
28	29	2.0
28	50	1.0
29	29	2.0
30	30	1.0
30	31	1.0
31	31	2.0
31	32	1.0
31	33	1.0
31	178	1.0
31	191	1.0
32	32	3.0
32	33	3.0
33	34	2.0
33	36	1.0
33	179	1.0
33	187	1.0
34	35	3.0
35	35	2.0
35	36	1.0
36	36	2.0
36	37	2.0
36	38	1.0
36	107	1.0
37	37	3.0
38	38	4.0
38	39	1.0
38	41	1.0
38	47	1.0
39	39	1.0
39	40	1.0
39	59	1.0
40	41	1.0
40	42	2.0
41	41	1.0
41	60	1.0
41	120	1.0
41	169	1.0
42	42	1.0
42	43	1.0
42	47	1.0
42	72	1.0
42	123	1.0
43	43	1.0
43	184	2.0
44	44	2.0
44	46	1.0
44	47	2.0
44	53	2.0
45	45	4.0
46	46	5.0
46	47	1.0
47	47	3.0
47	50	1.0
48	48	4.0
49	49	5.0
49	50	2.0
49	52	1.0
49	53	1.0
49	129	1.0
50	50	8.0
50	52	1.0
51	51	1.0
51	52	1.0
52	52	4.0
52	53	1.0
52	64	1.0
53	53	5.0
53	59	1.0
53	134	2.0
53	185	1.0
54	54	3.0
54	55	2.0
54	56	1.0
55	55	1.0
55	56	1.0
56	56	4.0
57	57	3.0
57	58	2.0
57	60	1.0
58	58	2.0
58	59	1.0
58	76	1.0
59	59	1.0
59	60	1.0
59	62	1.0
59	182	1.0
60	60	1.0
60	61	3.0
60	62	1.0
61	61	1.0
62	62	3.0
62	63	2.0
62	70	1.0
62	112	1.0
63	63	4.0
63	64	1.0
63	87	1.0
64	64	2.0
64	65	2.0
64	88	1.0
64	169	1.0
65	65	4.0
65	66	1.0
66	69	1.0
67	67	2.0
67	68	1.0
67	69	1.0
68	69	2.0
69	69	4.0
69	70	1.0
70	70	1.0
70	82	1.0
71	71	3.0
71	72	1.0
72	72	2.0
72	73	2.0
72	76	1.0
73	73	3.0
74	74	1.0
75	76	1.0
76	76	2.0
76	79	1.0
77	79	1.0
78	78	6.0
78	79	1.0
79	80	1.0
79	185	1.0
80	80	2.0
82	82	5.0
83	83	1.0
83	84	1.0
85	85	1.0
87	88	2.0
87	89	2.0
88	89	1.0
89	90	1.0
90	90	1.0
94	95	3.0
95	96	1.0
95	97	1.0
97	97	1.0
97	98	1.0
98	98	3.0
99	99	2.0
100	100	2.0
100	101	2.0
100	102	1.0
100	103	1.0
101	102	1.0
101	161	1.0
102	103	1.0
102	104	1.0
102	119	1.0
103	103	1.0
103	104	1.0
103	106	1.0
104	104	1.0
104	105	1.0
104	106	1.0
105	105	1.0
105	106	2.0
106	106	1.0
106	110	1.0
107	107	1.0
107	108	1.0
107	109	1.0
107	133	1.0
108	108	1.0
108	124	1.0
110	110	2.0
110	112	1.0
110	114	1.0
111	111	1.0
111	112	1.0
111	122	1.0
111	184	1.0
112	113	1.0
113	115	1.0
114	114	1.0
115	115	2.0
115	116	1.0
115	134	1.0
116	118	1.0
116	124	1.0
117	117	3.0
118	119	1.0
119	119	3.0
119	120	1.0
120	120	1.0
120	124	1.0
121	121	2.0
121	123	1.0
121	145	1.0
122	122	2.0
122	123	2.0
122	136	1.0
122	137	1.0
124	124	1.0
124	169	1.0
125	125	4.0
125	126	1.0
125	127	1.0
126	126	2.0
126	127	2.0
127	127	4.0
127	150	1.0
128	128	4.0
128	129	1.0
129	129	3.0
129	131	1.0
130	130	2.0
130	131	5.0
130	135	1.0
130	157	1.0
132	132	1.0
133	133	2.0
134	134	6.0
134	135	2.0
135	136	1.0
136	137	1.0
137	137	2.0
138	138	3.0
138	139	1.0
138	195	1.0
139	139	3.0
139	140	3.0
140	140	2.0
141	141	2.0
141	142	2.0
141	158	2.0
142	142	1.0
142	143	2.0
143	143	2.0
143	144	1.0
144	144	1.0
144	145	1.0
144	147	1.0
145	145	1.0
145	159	1.0
146	146	1.0
146	147	1.0
146	148	1.0
146	179	1.0
146	184	1.0
147	148	2.0
148	150	1.0
149	149	3.0
150	150	2.0
150	170	1.0
151	151	1.0
151	156	1.0
152	153	1.0
152	156	1.0
153	153	3.0
153	155	1.0
154	154	1.0
154	155	1.0
155	155	4.0
155	156	1.0
156	156	2.0
156	157	1.0
156	161	1.0
157	157	1.0
157	167	1.0
158	158	2.0
158	159	2.0
159	159	2.0
160	160	2.0
160	165	1.0
161	161	1.0
161	162	1.0
161	163	1.0
161	172	1.0
161	173	1.0
162	162	1.0
163	164	1.0
164	164	4.0
165	167	1.0
166	168	1.0
166	188	1.0
167	167	1.0
167	168	1.0
168	168	3.0
169	169	2.0
169	171	1.0
169	186	1.0
169	191	1.0
170	170	3.0
170	171	2.0
170	172	1.0
170	186	1.0
171	171	1.0
171	172	1.0
171	181	1.0
172	172	1.0
172	173	1.0
172	196	1.0
173	173	4.0
173	174	1.0
173	178	1.0
173	192	1.0
175	175	1.0
175	186	1.0
176	176	5.0
176	177	3.0
177	185	1.0
177	195	1.0
178	178	1.0
178	188	1.0
179	179	2.0
179	193	1.0
180	180	2.0
181	182	1.0
181	194	1.0
182	182	3.0
182	183	1.0
183	184	2.0
184	184	3.0
185	185	7.0
185	186	1.0
185	195	1.0
186	186	2.0
186	188	1.0
186	192	1.0
186	193	1.0
187	187	1.0
187	190	1.0
188	188	1.0
188	189	2.0
189	189	1.0
189	194	1.0
190	190	1.0
191	193	1.0
192	192	2.0
192	193	1.0
193	193	3.0
193	194	2.0
194	194	2.0
194	195	1.0
194	197	1.0
195	196	1.0
195	197	1.0
196	196	2.0
196	197	1.0
197	197	2.0
0	3	1.0
0	21	1.0
0	0	1.0
