1	2	1.0
2	2	2.0
3	3	1.0
3	5	1.0
3	6	1.0
3	10	1.0
3	233	1.0
4	4	2.0
4	5	1.0
4	121	1.0
5	5	2.0
5	6	2.0
5	7	1.0
5	19	1.0
7	7	2.0
8	8	1.0
8	9	1.0
9	9	2.0
9	10	2.0
10	10	2.0
10	16	1.0
10	43	1.0
10	236	2.0
11	11	2.0
11	16	2.0
11	22	2.0
12	12	2.0
12	13	1.0
12	22	1.0
12	230	1.0
13	16	1.0
14	14	5.0
14	19	1.0
14	229	1.0
15	15	2.0
16	16	2.0
16	17	1.0
16	23	1.0
17	17	2.0
18	18	3.0
18	19	2.0
19	48	1.0
20	20	2.0
20	74	1.0
21	21	1.0
21	23	1.0
22	24	1.0
23	23	3.0
23	55	1.0
25	25	1.0
25	27	1.0
25	72	2.0
26	26	2.0
26	101	1.0
26	203	1.0
26	239	1.0
27	27	1.0
27	45	1.0
27	46	1.0
27	47	1.0
27	239	1.0
28	28	2.0
28	29	1.0
28	30	1.0
28	37	1.0
29	29	2.0
29	30	1.0
29	31	1.0
30	30	1.0
30	31	1.0
30	34	1.0
30	44	1.0
31	31	2.0
31	33	1.0
32	32	2.0
32	33	1.0
32	35	1.0
32	36	1.0
34	34	1.0
34	35	1.0
34	36	1.0
34	39	1.0
34	40	1.0
34	53	1.0
35	35	2.0
35	52	1.0
36	36	1.0
37	37	1.0
37	38	1.0
37	75	2.0
37	84	1.0
38	38	2.0
38	40	1.0
38	43	1.0
38	72	1.0
39	172	1.0
40	41	1.0
41	41	1.0
42	42	2.0
42	43	1.0
43	43	3.0
44	44	2.0
45	45	1.0
46	46	1.0
47	47	3.0
47	218	1.0
48	48	2.0
48	51	1.0
48	60	1.0
49	49	1.0
49	50	1.0
49	219	2.0
50	50	3.0
51	52	1.0
52	55	1.0
52	229	1.0
53	53	2.0
53	227	1.0
54	54	1.0
54	55	1.0
54	80	1.0
54	83	1.0
55	56	1.0
55	226	1.0
55	227	1.0
56	56	1.0
56	57	2.0
56	58	1.0
56	64	1.0
56	205	1.0
57	57	3.0
57	58	1.0
58	58	2.0
58	64	1.0
59	59	1.0
59	60	2.0
59	75	1.0
60	60	1.0
60	61	2.0
60	86	1.0
61	61	4.0
62	62	2.0
63	63	1.0
63	80	1.0
64	64	1.0
64	65	1.0
64	86	1.0
65	68	1.0
65	96	1.0
66	66	2.0
66	67	1.0
66	100	1.0
66	130	1.0
67	67	2.0
67	69	1.0
67	81	1.0
68	68	1.0
68	80	1.0
69	71	1.0
69	108	1.0
70	96	1.0
72	72	2.0
73	74	2.0
74	74	2.0
75	75	1.0
76	82	1.0
78	79	1.0
81	85	1.0
82	88	1.0
83	83	2.0
83	84	1.0
83	90	1.0
84	84	3.0
84	88	1.0
85	85	1.0
86	86	2.0
88	88	2.0
88	89	1.0
89	95	1.0
91	99	1.0
95	96	1.0
96	96	1.0
96	97	1.0
96	131	1.0
98	98	1.0
98	102	1.0
98	104	1.0
99	99	2.0
99	102	1.0
100	100	1.0
101	101	3.0
102	102	1.0
103	103	1.0
103	105	1.0
103	118	1.0
104	104	3.0
104	105	1.0
106	109	1.0
107	107	1.0
107	115	1.0
107	123	1.0
108	114	1.0
109	109	1.0
109	114	1.0
111	111	1.0
112	112	3.0
113	113	2.0
113	153	1.0
114	151	1.0
116	116	3.0
116	118	1.0
117	117	1.0
118	118	1.0
118	122	1.0
120	121	1.0
120	123	1.0
121	121	1.0
121	122	1.0
121	128	1.0
122	123	1.0
123	124	1.0
124	126	2.0
125	125	1.0
125	127	1.0
125	160	1.0
125	176	1.0
125	219	1.0
126	126	1.0
126	171	1.0
127	127	1.0
128	128	1.0
129	130	1.0
131	134	1.0
133	133	2.0
133	135	1.0
133	145	1.0
134	134	1.0
134	135	1.0
135	135	3.0
135	136	1.0
135	137	1.0
135	151	1.0
136	140	1.0
136	159	1.0
137	137	3.0
137	138	1.0
137	156	1.0
138	138	2.0
138	144	1.0
139	139	5.0
141	141	2.0
143	143	2.0
144	172	1.0
147	148	1.0
148	148	2.0
148	171	1.0
149	149	1.0
150	153	2.0
151	151	2.0
151	152	1.0
152	153	1.0
154	178	1.0
155	156	2.0
155	157	1.0
156	156	2.0
157	157	1.0
157	203	1.0
158	160	1.0
158	183	1.0
159	159	1.0
159	176	1.0
159	179	1.0
160	160	2.0
160	179	1.0
162	162	2.0
162	207	1.0
163	163	1.0
163	206	1.0
164	164	1.0
164	165	1.0
164	194	1.0
164	195	1.0
165	168	1.0
166	191	1.0
167	167	2.0
167	168	1.0
167	181	1.0
168	168	1.0
168	169	1.0
168	170	1.0
168	172	1.0
168	180	1.0
169	169	1.0
169	171	1.0
169	173	1.0
171	178	1.0
171	188	1.0
172	190	1.0
173	173	1.0
173	174	1.0
174	175	1.0
176	176	1.0
176	177	2.0
176	185	1.0
177	184	1.0
179	180	1.0
179	185	1.0
180	180	1.0
180	182	1.0
180	189	1.0
181	181	1.0
182	182	2.0
182	184	1.0
182	185	1.0
185	185	1.0
185	193	1.0
185	223	1.0
187	187	2.0
187	195	1.0
190	190	2.0
190	191	1.0
191	191	2.0
191	194	1.0
192	193	1.0
192	218	1.0
193	193	2.0
194	211	1.0
195	195	2.0
196	196	1.0
196	197	1.0
196	201	1.0
197	197	1.0
197	213	1.0
198	199	1.0
198	208	1.0
199	199	1.0
200	207	1.0
200	221	1.0
201	201	4.0
201	202	1.0
203	203	1.0
204	204	1.0
204	208	1.0
206	206	1.0
206	210	1.0
207	207	1.0
208	208	2.0
209	209	1.0
209	211	1.0
210	211	2.0
210	218	1.0
211	214	2.0
211	216	1.0
212	213	1.0
212	227	1.0
213	213	2.0
214	214	1.0
214	223	1.0
215	216	1.0
216	216	1.0
216	217	1.0
217	217	2.0
217	218	2.0
217	224	1.0
218	218	2.0
218	226	1.0
219	219	2.0
219	220	2.0
220	220	1.0
220	221	1.0
220	222	1.0
221	221	2.0
221	222	2.0
222	222	2.0
222	223	1.0
224	224	3.0
224	226	1.0
225	225	2.0
225	228	1.0
226	226	1.0
226	229	1.0
229	229	1.0
229	230	1.0
230	230	1.0
230	231	2.0
231	231	2.0
231	232	1.0
231	234	1.0
232	232	2.0
233	233	1.0
234	234	1.0
234	235	1.0
234	239	1.0
234	242	1.0
235	235	1.0
235	242	1.0
236	236	1.0
236	237	2.0
236	239	1.0
236	242	1.0
237	237	1.0
238	238	2.0
239	239	3.0
240	240	1.0
241	241	2.0
241	242	2.0
242	242	1.0
0	50	1.0
