1	1	3.0
1	5	1.0
1	6	1.0
2	2	2.0
2	3	1.0
2	14	1.0
3	3	1.0
3	4	1.0
3	11	1.0
4	4	1.0
4	5	1.0
4	6	1.0
4	16	1.0
5	6	1.0
6	8	1.0
7	8	1.0
8	8	1.0
8	11	1.0
10	10	3.0
10	11	1.0
10	15	1.0
10	21	1.0
12	14	1.0
13	14	1.0
13	19	1.0
14	16	1.0
16	18	1.0
16	19	1.0
18	21	1.0
21	21	1.0
22	29	1.0
23	26	1.0
24	24	1.0
24	27	1.0
26	26	1.0
26	104	1.0
27	28	2.0
27	31	1.0
27	102	1.0
28	28	1.0
28	39	1.0
29	31	1.0
30	30	1.0
30	35	1.0
31	31	1.0
31	33	1.0
32	38	1.0
33	33	1.0
34	34	1.0
34	36	1.0
35	38	3.0
35	70	1.0
37	37	1.0
37	38	2.0
37	39	1.0
37	40	1.0
38	39	1.0
38	41	1.0
39	39	1.0
39	40	1.0
41	44	1.0
43	64	1.0
45	49	1.0
49	51	1.0
50	51	1.0
52	55	1.0
53	54	1.0
54	57	1.0
55	56	1.0
56	56	3.0
57	59	1.0
58	58	1.0
58	59	1.0
59	62	1.0
59	64	1.0
59	68	1.0
60	60	1.0
60	61	1.0
60	65	1.0
60	68	1.0
61	61	1.0
61	79	1.0
62	65	1.0
63	64	1.0
63	67	1.0
63	106	1.0
64	64	1.0
64	65	1.0
66	66	1.0
66	67	1.0
66	68	1.0
66	71	1.0
67	72	1.0
71	72	1.0
73	76	1.0
73	77	1.0
74	76	2.0
75	76	1.0
76	76	1.0
76	78	1.0
77	79	1.0
77	85	1.0
78	78	1.0
78	83	1.0
79	80	1.0
79	140	1.0
80	81	1.0
80	85	1.0
81	81	1.0
81	91	1.0
82	82	1.0
82	83	1.0
83	84	1.0
83	87	2.0
84	92	1.0
84	99	1.0
85	87	1.0
85	114	1.0
85	124	1.0
86	90	1.0
87	88	2.0
88	88	1.0
89	89	1.0
90	90	1.0
90	92	1.0
91	92	1.0
92	94	1.0
94	95	1.0
94	96	1.0
94	98	1.0
94	102	1.0
96	96	1.0
96	101	1.0
96	103	1.0
97	97	1.0
97	146	1.0
98	98	1.0
98	110	1.0
99	102	1.0
100	100	3.0
100	105	1.0
101	104	1.0
102	105	1.0
103	103	1.0
104	104	1.0
105	108	1.0
105	109	1.0
106	107	1.0
107	108	1.0
108	108	2.0
108	109	1.0
108	113	1.0
108	118	1.0
108	123	1.0
109	109	1.0
109	113	1.0
110	115	1.0
110	117	1.0
112	112	2.0
113	113	3.0
114	114	2.0
114	118	1.0
114	138	1.0
115	115	1.0
116	123	1.0
117	117	2.0
118	119	1.0
118	120	1.0
119	121	1.0
120	127	1.0
120	152	1.0
121	122	1.0
122	125	1.0
122	152	1.0
123	123	1.0
123	127	1.0
124	124	1.0
124	127	1.0
125	126	1.0
126	127	1.0
126	129	1.0
128	132	1.0
128	144	1.0
129	130	2.0
130	130	1.0
130	131	1.0
130	133	1.0
130	136	1.0
130	163	1.0
131	133	2.0
132	135	1.0
132	138	1.0
133	133	1.0
134	134	2.0
134	135	1.0
134	136	1.0
136	138	1.0
136	140	1.0
137	137	1.0
137	140	1.0
138	138	2.0
139	139	1.0
139	149	1.0
140	140	1.0
141	141	2.0
142	148	1.0
142	150	1.0
142	176	1.0
143	143	1.0
143	145	1.0
143	147	1.0
144	147	1.0
145	150	1.0
145	159	1.0
146	146	2.0
146	147	1.0
146	149	1.0
147	155	1.0
147	159	1.0
148	148	1.0
149	149	1.0
149	150	1.0
149	156	1.0
150	150	2.0
150	155	1.0
151	151	1.0
151	153	1.0
153	153	1.0
153	158	2.0
153	160	1.0
154	156	1.0
155	164	1.0
156	162	1.0
157	157	1.0
157	159	1.0
158	162	1.0
159	161	1.0
160	163	1.0
161	163	1.0
162	164	1.0
163	163	1.0
164	165	1.0
164	167	2.0
165	172	1.0
165	173	2.0
166	166	2.0
166	167	1.0
167	168	1.0
167	170	3.0
168	169	1.0
168	170	1.0
168	171	2.0
168	172	1.0
168	173	1.0
168	174	1.0
169	169	2.0
169	171	1.0
170	172	1.0
171	171	2.0
171	174	1.0
171	176	1.0
173	174	1.0
174	174	1.0
174	176	1.0
174	178	2.0
175	176	2.0
175	178	1.0
176	176	1.0
176	177	1.0
177	177	1.0
177	180	1.0
0	1	2.0
