15	15	1.0
15	18	1.0
16	16	3.0
16	17	2.0
17	17	3.0
17	18	1.0
17	25	1.0
18	18	3.0
18	19	1.0
19	19	2.0
19	21	3.0
19	24	1.0
20	20	1.0
20	21	3.0
20	22	1.0
21	21	6.0
21	24	1.0
22	22	3.0
22	23	1.0
22	28	1.0
23	23	2.0
24	43	1.0
25	25	2.0
25	28	1.0
26	26	1.0
27	27	3.0
27	28	1.0
28	28	4.0
28	29	1.0
28	31	1.0
28	35	2.0
29	29	3.0
29	31	1.0
29	32	1.0
29	42	1.0
30	30	3.0
30	31	1.0
30	47	1.0
31	43	1.0
32	32	6.0
33	33	1.0
34	34	3.0
34	38	1.0
35	35	6.0
35	36	1.0
35	37	1.0
35	48	1.0
36	36	3.0
36	37	4.0
37	37	3.0
37	38	1.0
37	39	1.0
37	40	1.0
38	38	5.0
38	39	1.0
38	41	1.0
39	39	5.0
40	40	2.0
40	41	1.0
40	44	1.0
41	41	4.0
43	43	6.0
44	44	4.0
44	45	1.0
45	45	4.0
45	46	2.0
46	46	2.0
47	47	3.0
48	48	1.0
