1	1	1.0
1	2	1.0
2	2	4.0
2	3	1.0
2	6	1.0
3	3	4.0
3	8	1.0
4	4	4.0
4	17	1.0
4	55	1.0
5	5	7.0
5	12	1.0
6	6	1.0
6	7	1.0
7	7	4.0
8	8	1.0
10	10	2.0
10	11	1.0
10	15	1.0
11	11	3.0
12	12	2.0
13	13	3.0
13	14	1.0
13	18	1.0
14	14	7.0
15	15	1.0
16	16	2.0
16	17	1.0
17	17	6.0
18	18	1.0
18	19	1.0
19	19	3.0
19	20	1.0
21	21	2.0
23	23	1.0
24	28	1.0
28	30	1.0
29	29	3.0
29	30	1.0
29	31	1.0
29	42	1.0
30	30	2.0
31	31	3.0
31	32	1.0
31	35	1.0
32	32	4.0
32	33	1.0
33	33	5.0
34	34	1.0
34	35	1.0
35	35	1.0
36	36	4.0
37	37	2.0
37	38	1.0
37	42	1.0
38	38	2.0
39	39	3.0
40	40	2.0
42	42	4.0
43	43	3.0
44	44	1.0
45	45	3.0
46	46	6.0
46	48	1.0
47	47	4.0
47	48	1.0
49	49	6.0
49	57	1.0
50	50	2.0
51	51	3.0
51	55	1.0
52	52	2.0
52	53	1.0
53	54	2.0
54	54	3.0
54	55	1.0
54	56	1.0
55	55	3.0
56	58	1.0
57	57	1.0
57	58	1.0
58	58	4.0
59	59	2.0
0	1	3.0
0	0	3.0
