1	2	1.0
1	4	1.0
1	5	1.0
1	9	1.0
1	10	1.0
1	21	1.0
1	32	1.0
2	2	2.0
2	3	3.0
2	12	1.0
3	3	5.0
3	5	1.0
3	7	2.0
3	32	1.0
4	4	3.0
4	5	2.0
4	30	1.0
5	5	3.0
5	25	1.0
6	6	1.0
6	10	1.0
7	7	5.0
7	22	1.0
8	8	3.0
8	31	1.0
9	9	4.0
10	10	2.0
10	11	1.0
10	29	1.0
10	31	1.0
10	53	1.0
10	174	1.0
11	11	2.0
11	12	1.0
11	17	1.0
11	202	1.0
12	12	1.0
12	14	1.0
12	224	1.0
13	30	1.0
13	34	1.0
14	14	3.0
14	15	1.0
15	15	1.0
15	16	1.0
15	17	2.0
15	21	1.0
16	16	3.0
16	17	1.0
16	18	1.0
16	19	2.0
16	23	1.0
16	48	1.0
16	208	1.0
17	17	4.0
17	211	1.0
17	244	1.0
18	19	2.0
18	22	1.0
18	35	1.0
18	234	1.0
19	19	3.0
19	37	1.0
19	120	1.0
20	20	4.0
20	220	1.0
21	21	2.0
21	203	1.0
21	215	1.0
22	23	1.0
22	37	1.0
23	23	1.0
23	27	1.0
23	32	1.0
24	24	3.0
25	25	1.0
25	26	2.0
25	43	1.0
26	26	3.0
26	27	1.0
26	98	1.0
27	27	2.0
27	32	1.0
28	28	2.0
28	29	1.0
28	33	1.0
29	29	1.0
29	32	1.0
30	30	4.0
30	31	3.0
30	32	1.0
31	31	3.0
31	33	1.0
32	32	3.0
33	49	1.0
34	34	7.0
34	35	3.0
34	36	1.0
35	35	2.0
36	42	1.0
37	37	3.0
37	52	1.0
38	38	5.0
38	39	1.0
38	46	1.0
38	92	1.0
38	100	1.0
38	117	1.0
38	155	1.0
39	39	3.0
39	52	1.0
40	40	3.0
40	41	1.0
40	63	1.0
41	41	1.0
41	42	3.0
42	42	3.0
42	83	1.0
43	43	5.0
43	44	2.0
44	44	1.0
44	45	1.0
44	104	1.0
44	107	1.0
45	45	4.0
46	46	2.0
46	47	1.0
46	48	1.0
46	101	1.0
47	47	5.0
47	48	4.0
48	48	2.0
48	49	1.0
48	50	1.0
49	49	3.0
50	50	1.0
51	51	5.0
52	52	1.0
52	53	1.0
52	55	1.0
52	107	1.0
53	53	3.0
53	64	1.0
54	54	4.0
54	55	1.0
54	57	1.0
54	78	1.0
55	57	1.0
55	71	1.0
55	73	2.0
55	84	1.0
56	56	3.0
56	57	1.0
57	57	5.0
57	58	1.0
57	62	1.0
58	58	2.0
58	59	2.0
58	61	1.0
58	62	1.0
59	59	1.0
59	60	2.0
59	61	1.0
59	81	1.0
60	60	1.0
60	244	1.0
61	61	1.0
62	62	2.0
62	186	1.0
63	65	1.0
63	85	1.0
63	231	1.0
64	64	2.0
64	65	4.0
64	208	1.0
64	226	1.0
64	233	1.0
64	245	1.0
65	65	3.0
65	66	1.0
65	72	1.0
65	104	1.0
65	209	1.0
66	67	1.0
66	68	1.0
66	70	1.0
67	67	1.0
67	68	1.0
67	208	1.0
68	68	4.0
68	69	1.0
68	70	1.0
68	75	1.0
68	93	1.0
69	69	3.0
69	70	2.0
69	92	1.0
70	70	2.0
70	89	1.0
71	71	1.0
71	73	1.0
72	72	2.0
72	73	3.0
72	74	1.0
73	73	1.0
73	79	1.0
74	74	2.0
74	75	1.0
74	76	1.0
75	75	3.0
75	76	2.0
75	80	1.0
75	90	1.0
75	215	1.0
76	76	2.0
76	77	2.0
76	78	1.0
76	89	1.0
77	77	1.0
77	208	1.0
77	212	1.0
77	214	1.0
78	79	1.0
78	82	1.0
78	93	1.0
78	96	1.0
79	79	2.0
79	95	1.0
80	80	1.0
80	81	1.0
80	82	2.0
81	81	1.0
81	82	1.0
81	85	1.0
82	82	1.0
82	84	1.0
82	194	1.0
83	83	1.0
83	103	1.0
84	84	1.0
84	85	1.0
84	87	1.0
84	90	1.0
84	93	1.0
85	86	1.0
85	87	1.0
85	90	1.0
86	86	1.0
87	87	1.0
88	88	4.0
88	90	1.0
88	243	1.0
89	89	5.0
89	99	1.0
89	196	1.0
90	90	1.0
90	93	1.0
90	95	1.0
90	108	1.0
90	197	1.0
91	91	1.0
91	103	1.0
92	92	1.0
92	102	1.0
92	108	1.0
93	93	1.0
93	97	2.0
94	94	3.0
94	95	1.0
94	109	1.0
95	95	2.0
95	96	1.0
95	100	1.0
96	96	1.0
96	97	2.0
97	97	2.0
97	106	1.0
97	151	1.0
98	98	3.0
99	100	1.0
100	100	1.0
100	101	1.0
101	101	1.0
101	102	4.0
103	103	1.0
103	104	1.0
104	104	2.0
105	118	1.0
106	107	1.0
106	108	1.0
107	107	1.0
107	108	1.0
107	163	1.0
108	108	1.0
109	109	1.0
110	110	1.0
111	111	1.0
112	112	2.0
112	113	1.0
112	114	1.0
113	113	2.0
114	114	2.0
114	186	1.0
115	115	3.0
116	116	1.0
117	117	1.0
117	118	5.0
117	119	1.0
117	178	1.0
118	118	3.0
119	119	4.0
120	144	1.0
144	186	1.0
145	145	1.0
147	147	3.0
150	160	1.0
150	162	1.0
150	165	1.0
150	167	1.0
151	151	5.0
151	152	1.0
152	152	2.0
152	153	1.0
153	153	3.0
154	154	2.0
154	165	1.0
155	155	2.0
155	158	1.0
156	156	3.0
156	157	1.0
156	169	1.0
156	173	1.0
157	157	3.0
157	164	1.0
157	183	1.0
158	158	3.0
158	159	1.0
159	159	4.0
159	161	1.0
159	175	1.0
160	160	2.0
160	161	1.0
161	161	2.0
161	162	1.0
161	189	1.0
162	162	3.0
164	164	3.0
164	165	3.0
164	167	1.0
164	168	1.0
164	173	1.0
165	165	2.0
165	167	1.0
167	167	1.0
167	207	1.0
168	168	1.0
168	171	1.0
169	170	1.0
169	171	2.0
171	171	2.0
172	172	3.0
172	187	1.0
173	173	4.0
173	174	1.0
173	178	1.0
173	179	1.0
173	181	1.0
174	175	1.0
175	175	4.0
176	176	3.0
176	177	1.0
177	177	2.0
178	178	1.0
178	219	1.0
179	179	1.0
179	181	1.0
180	180	1.0
180	181	1.0
180	183	1.0
180	188	1.0
181	181	1.0
181	182	1.0
181	183	1.0
181	245	1.0
182	182	1.0
182	202	1.0
183	183	1.0
183	184	1.0
184	184	1.0
184	186	1.0
184	191	1.0
185	185	2.0
185	186	2.0
186	187	2.0
186	234	1.0
186	238	1.0
187	190	1.0
188	189	2.0
189	189	3.0
189	194	1.0
189	208	1.0
190	190	2.0
192	192	2.0
192	200	1.0
193	193	1.0
193	195	1.0
193	213	1.0
193	231	1.0
194	194	1.0
194	208	1.0
195	195	1.0
195	196	2.0
195	198	1.0
195	211	1.0
196	197	1.0
197	197	1.0
197	234	1.0
198	198	1.0
198	199	2.0
198	200	1.0
198	207	1.0
199	199	1.0
199	200	2.0
200	200	3.0
201	201	3.0
201	202	1.0
201	232	1.0
202	202	1.0
202	203	1.0
202	211	1.0
203	203	4.0
203	204	2.0
203	207	1.0
204	204	7.0
204	205	1.0
204	226	1.0
204	228	1.0
205	205	3.0
205	215	1.0
205	229	1.0
206	206	1.0
207	207	1.0
207	210	1.0
208	208	2.0
208	209	1.0
208	231	2.0
209	209	4.0
209	224	1.0
210	210	4.0
210	211	2.0
211	211	2.0
212	212	3.0
212	213	3.0
212	214	2.0
212	228	1.0
213	213	2.0
213	214	2.0
213	219	1.0
213	229	1.0
213	243	1.0
214	214	1.0
214	229	1.0
216	216	2.0
216	217	1.0
217	217	3.0
217	218	1.0
218	218	1.0
218	219	2.0
218	222	1.0
218	233	1.0
218	240	1.0
219	219	2.0
219	220	2.0
220	220	2.0
220	221	2.0
220	244	1.0
221	221	2.0
221	222	1.0
222	222	1.0
223	223	2.0
224	224	2.0
224	225	2.0
224	226	1.0
224	229	1.0
225	225	3.0
225	226	1.0
226	226	3.0
227	227	2.0
228	228	4.0
228	229	1.0
228	230	1.0
228	231	1.0
229	229	2.0
229	230	4.0
229	232	1.0
230	230	1.0
230	239	1.0
230	244	1.0
231	231	4.0
231	232	1.0
231	233	1.0
232	232	4.0
232	233	1.0
232	235	1.0
232	247	1.0
233	233	1.0
233	244	1.0
233	248	1.0
234	234	1.0
235	235	1.0
235	236	1.0
235	239	1.0
235	241	1.0
235	242	1.0
236	236	3.0
236	238	1.0
237	237	2.0
237	241	1.0
238	238	2.0
238	239	2.0
238	240	1.0
239	239	2.0
239	240	2.0
239	241	1.0
239	247	1.0
239	248	2.0
240	240	4.0
240	241	1.0
241	241	3.0
241	242	1.0
241	244	1.0
242	242	2.0
242	245	1.0
243	244	2.0
244	244	2.0
244	245	3.0
245	245	1.0
245	246	1.0
246	246	1.0
247	247	4.0
247	248	1.0
247	249	1.0
248	248	1.0
