1	1	6.0
1	10	1.0
1	17	1.0
1	18	1.0
2	2	1.0
3	3	1.0
3	4	2.0
3	12	1.0
3	13	2.0
3	14	1.0
4	4	1.0
4	6	2.0
4	24	1.0
5	5	2.0
5	131	1.0
6	6	2.0
6	30	1.0
6	90	1.0
8	8	3.0
8	9	2.0
8	10	2.0
8	130	1.0
9	9	2.0
9	10	1.0
9	11	1.0
10	10	5.0
10	11	1.0
11	20	1.0
11	92	1.0
12	13	1.0
12	16	1.0
13	13	3.0
14	14	1.0
14	16	1.0
15	15	1.0
15	16	1.0
15	23	1.0
16	16	3.0
17	17	2.0
17	18	1.0
17	19	1.0
18	18	3.0
18	19	1.0
18	21	1.0
18	26	1.0
18	34	1.0
19	19	4.0
19	20	2.0
19	21	1.0
19	33	1.0
19	121	1.0
20	20	6.0
20	21	2.0
20	22	1.0
20	23	1.0
20	38	1.0
21	21	2.0
21	22	1.0
21	28	1.0
22	22	2.0
22	23	1.0
22	24	1.0
22	41	1.0
22	42	1.0
23	37	1.0
23	102	1.0
23	125	1.0
24	24	5.0
24	50	1.0
25	25	3.0
25	26	2.0
25	35	1.0
26	26	3.0
26	27	1.0
27	27	1.0
27	28	1.0
28	28	1.0
28	29	1.0
28	38	1.0
29	29	3.0
29	61	1.0
30	30	3.0
30	31	1.0
30	32	2.0
30	36	1.0
30	43	1.0
32	32	4.0
32	33	2.0
33	33	5.0
33	37	1.0
34	35	1.0
34	63	1.0
35	35	2.0
35	49	1.0
36	36	2.0
36	37	5.0
37	37	4.0
37	38	1.0
38	38	3.0
38	39	1.0
38	40	1.0
38	49	1.0
39	39	2.0
39	40	2.0
39	42	1.0
39	43	1.0
39	47	1.0
40	40	3.0
40	41	2.0
40	50	1.0
41	41	3.0
41	42	2.0
42	42	2.0
42	125	1.0
47	47	3.0
47	48	2.0
47	68	1.0
48	48	4.0
49	49	4.0
49	52	1.0
49	53	2.0
50	51	1.0
50	52	1.0
51	51	1.0
51	52	2.0
52	61	1.0
53	53	3.0
53	54	1.0
54	54	4.0
55	55	3.0
55	56	1.0
55	59	1.0
55	115	1.0
56	56	6.0
56	57	2.0
56	98	1.0
57	57	1.0
58	58	1.0
59	59	1.0
59	60	2.0
59	70	1.0
59	91	1.0
59	92	1.0
60	62	1.0
61	61	3.0
62	62	5.0
62	63	1.0
62	64	1.0
63	63	3.0
63	75	1.0
64	64	1.0
64	65	2.0
64	66	1.0
65	65	2.0
65	66	2.0
65	72	1.0
66	66	1.0
66	67	1.0
66	69	1.0
67	67	3.0
67	68	1.0
67	69	1.0
68	68	3.0
68	69	1.0
68	71	1.0
68	72	1.0
69	69	4.0
69	70	1.0
69	71	1.0
70	70	6.0
70	97	1.0
71	71	2.0
71	72	4.0
71	112	1.0
71	113	1.0
72	72	1.0
72	74	1.0
73	73	4.0
74	74	2.0
74	75	1.0
74	134	1.0
75	75	2.0
75	79	1.0
75	82	1.0
75	85	1.0
75	89	1.0
76	76	2.0
76	77	2.0
77	77	3.0
79	93	1.0
79	95	1.0
80	80	2.0
80	81	1.0
80	93	1.0
80	107	1.0
80	118	1.0
81	81	2.0
81	106	1.0
82	82	1.0
82	84	1.0
82	107	1.0
83	84	2.0
83	141	1.0
84	84	2.0
84	86	1.0
84	108	1.0
85	85	1.0
86	86	3.0
86	141	1.0
87	87	4.0
87	96	1.0
88	88	1.0
88	89	2.0
88	94	1.0
88	128	1.0
89	89	1.0
89	104	1.0
89	113	1.0
90	90	3.0
91	91	3.0
91	92	4.0
91	93	1.0
91	96	1.0
91	105	1.0
91	110	1.0
92	92	3.0
92	93	2.0
92	94	1.0
92	96	1.0
93	93	1.0
93	94	3.0
93	95	1.0
94	94	2.0
94	96	1.0
94	99	1.0
95	95	5.0
95	97	1.0
95	98	1.0
95	105	1.0
96	96	3.0
96	97	2.0
96	102	1.0
96	107	1.0
97	97	3.0
97	102	1.0
97	104	1.0
98	98	4.0
98	99	2.0
98	103	1.0
99	99	1.0
99	101	1.0
99	102	1.0
99	113	1.0
100	100	4.0
100	101	1.0
101	101	1.0
101	102	2.0
101	123	1.0
101	132	1.0
102	102	4.0
102	103	5.0
102	110	1.0
102	112	1.0
103	103	1.0
103	104	3.0
103	116	1.0
103	118	1.0
103	131	1.0
103	133	1.0
103	141	1.0
104	104	6.0
104	109	1.0
105	105	2.0
105	106	1.0
106	106	4.0
107	107	2.0
108	108	4.0
109	109	2.0
109	110	1.0
109	113	1.0
110	111	3.0
111	111	6.0
112	115	1.0
113	113	2.0
113	116	1.0
114	114	2.0
114	115	2.0
115	115	1.0
115	121	1.0
116	116	2.0
117	117	4.0
117	118	1.0
117	122	1.0
118	118	4.0
118	119	2.0
118	122	1.0
118	135	1.0
118	143	1.0
119	119	3.0
119	123	1.0
120	120	3.0
120	121	1.0
121	121	2.0
121	122	1.0
121	123	1.0
122	122	2.0
122	123	1.0
122	134	1.0
123	123	1.0
123	124	1.0
123	126	1.0
124	124	1.0
124	125	1.0
124	127	1.0
125	125	5.0
125	131	1.0
125	133	1.0
126	126	1.0
127	128	1.0
128	128	3.0
128	129	4.0
129	129	2.0
129	130	1.0
130	130	1.0
131	131	3.0
131	132	2.0
131	134	1.0
132	132	4.0
132	133	1.0
132	138	2.0
133	133	6.0
133	134	2.0
133	135	1.0
134	134	2.0
134	138	1.0
135	135	2.0
135	137	2.0
136	136	3.0
136	138	2.0
137	137	2.0
137	138	2.0
137	139	1.0
138	138	2.0
139	139	1.0
139	140	1.0
140	140	1.0
140	141	2.0
141	141	1.0
141	142	1.0
142	142	1.0
142	143	1.0
142	144	1.0
142	145	1.0
143	143	5.0
144	145	1.0
146	146	3.0
0	0	2.0
