17	18	1.0
18	18	4.0
19	19	7.0
20	20	1.0
21	21	2.0
22	22	2.0
22	23	1.0
22	36	1.0
23	23	9.0
23	31	1.0
24	24	3.0
25	25	7.0
25	26	1.0
25	28	1.0
26	26	5.0
26	27	1.0
27	27	3.0
27	28	3.0
28	28	2.0
29	29	1.0
29	30	1.0
30	30	2.0
30	31	2.0
31	31	5.0
31	32	1.0
31	41	1.0
32	32	1.0
32	33	3.0
33	33	5.0
33	34	2.0
34	34	3.0
34	35	1.0
35	35	7.0
36	36	5.0
36	37	2.0
37	37	5.0
38	38	6.0
38	39	1.0
38	41	1.0
39	39	5.0
39	40	2.0
40	40	3.0
41	41	5.0
41	42	1.0
42	42	4.0
43	43	3.0
43	44	2.0
44	44	4.0
44	45	1.0
45	45	4.0
45	46	1.0
46	46	4.0
46	49	1.0
47	47	4.0
47	48	1.0
48	48	6.0
49	49	1.0
49	50	1.0
50	50	6.0
