1	1	2.0
1	2	1.0
1	3	1.0
2	2	2.0
2	4	1.0
2	14	1.0
3	4	1.0
3	25	1.0
4	4	1.0
5	5	2.0
5	6	1.0
5	35	1.0
6	6	2.0
6	7	1.0
6	8	1.0
6	30	1.0
7	7	2.0
7	30	1.0
8	8	3.0
9	9	2.0
9	10	2.0
9	12	1.0
9	13	1.0
9	14	1.0
10	15	1.0
11	11	1.0
12	12	2.0
12	13	2.0
12	17	1.0
13	13	1.0
13	14	2.0
14	14	1.0
14	16	1.0
14	17	1.0
14	29	1.0
14	42	1.0
15	15	1.0
15	17	1.0
16	16	3.0
16	18	1.0
16	43	1.0
17	17	2.0
17	18	1.0
17	125	1.0
18	18	1.0
19	19	1.0
19	161	1.0
19	163	1.0
20	20	1.0
20	21	1.0
20	24	1.0
21	21	1.0
22	22	1.0
22	46	1.0
24	24	1.0
25	26	2.0
25	35	1.0
25	37	1.0
26	26	1.0
26	44	1.0
27	27	1.0
27	28	1.0
29	34	1.0
29	45	1.0
30	30	1.0
30	31	2.0
30	81	1.0
31	32	1.0
31	33	1.0
31	43	1.0
31	78	1.0
32	33	1.0
32	35	1.0
33	33	3.0
33	54	1.0
34	34	3.0
34	35	1.0
34	81	1.0
35	35	4.0
35	45	1.0
35	67	1.0
36	36	4.0
36	135	1.0
37	37	1.0
37	67	1.0
37	133	1.0
38	38	1.0
39	39	1.0
39	40	1.0
40	41	1.0
40	43	1.0
41	41	1.0
43	43	2.0
43	44	1.0
44	44	1.0
44	45	1.0
44	46	1.0
45	46	1.0
45	123	1.0
45	141	1.0
46	46	1.0
49	50	1.0
50	50	1.0
50	51	1.0
50	52	2.0
50	84	1.0
51	51	1.0
51	55	1.0
51	73	1.0
51	75	1.0
51	78	1.0
52	52	1.0
52	55	1.0
52	58	1.0
53	53	1.0
53	54	2.0
53	55	1.0
53	68	1.0
54	54	1.0
54	56	1.0
54	59	1.0
54	62	1.0
54	83	1.0
54	154	1.0
56	56	2.0
56	63	1.0
56	76	1.0
57	65	1.0
58	58	1.0
58	83	1.0
58	96	1.0
59	59	1.0
59	62	1.0
60	60	1.0
60	62	2.0
61	61	2.0
61	62	1.0
61	98	1.0
61	113	1.0
62	62	3.0
62	63	1.0
63	64	2.0
63	72	1.0
64	108	1.0
65	65	2.0
65	81	1.0
66	66	2.0
66	67	1.0
66	93	1.0
67	71	1.0
67	83	1.0
68	68	1.0
71	71	1.0
71	72	1.0
71	73	1.0
73	73	1.0
73	74	1.0
74	78	1.0
75	94	1.0
75	171	1.0
76	76	2.0
76	78	1.0
76	82	1.0
77	79	1.0
77	83	1.0
78	78	1.0
78	79	1.0
78	93	1.0
79	79	3.0
79	84	1.0
80	96	1.0
81	87	1.0
82	82	2.0
82	96	1.0
82	112	1.0
83	83	1.0
83	87	1.0
83	103	1.0
84	86	1.0
84	95	1.0
84	123	1.0
85	85	1.0
85	111	1.0
86	86	1.0
87	87	2.0
87	95	1.0
87	96	1.0
87	126	1.0
88	95	1.0
88	130	1.0
90	90	1.0
90	91	1.0
90	92	1.0
91	92	1.0
94	94	2.0
94	97	1.0
94	112	1.0
95	95	1.0
95	132	1.0
96	96	1.0
96	99	1.0
96	112	1.0
99	111	1.0
99	119	1.0
100	100	1.0
100	101	1.0
100	103	1.0
101	101	1.0
101	105	1.0
101	124	1.0
102	145	1.0
103	103	1.0
104	104	2.0
105	105	1.0
106	110	1.0
106	113	1.0
107	107	1.0
107	108	2.0
107	127	1.0
108	108	3.0
108	110	1.0
108	116	1.0
108	119	1.0
108	155	1.0
109	109	2.0
109	111	1.0
109	112	1.0
109	113	1.0
109	129	1.0
110	110	1.0
111	111	3.0
111	112	1.0
111	113	1.0
111	132	1.0
112	112	2.0
112	130	1.0
113	113	2.0
113	115	1.0
113	136	1.0
113	146	1.0
114	114	1.0
114	117	2.0
114	118	1.0
114	167	1.0
115	115	1.0
115	123	1.0
115	148	1.0
115	156	1.0
116	116	1.0
116	117	1.0
116	149	1.0
116	174	1.0
117	118	1.0
118	118	3.0
118	150	1.0
119	119	2.0
120	155	1.0
120	169	1.0
121	121	3.0
121	122	1.0
121	124	1.0
121	150	1.0
121	154	1.0
122	122	2.0
122	132	1.0
123	123	2.0
124	124	1.0
125	154	1.0
126	127	1.0
127	128	2.0
128	128	2.0
128	129	1.0
128	136	1.0
128	154	1.0
129	136	1.0
130	130	2.0
130	141	1.0
130	154	1.0
132	133	1.0
132	146	1.0
133	133	4.0
133	135	1.0
133	140	1.0
133	144	1.0
133	150	1.0
133	152	1.0
134	134	1.0
134	137	1.0
135	135	4.0
136	136	2.0
136	138	1.0
136	146	1.0
136	174	1.0
137	137	3.0
137	142	1.0
138	138	1.0
138	139	2.0
138	142	1.0
138	149	2.0
139	139	2.0
140	140	3.0
140	149	1.0
140	161	1.0
141	141	3.0
141	142	1.0
141	143	1.0
141	149	1.0
141	170	1.0
142	142	3.0
142	146	1.0
142	147	1.0
142	159	1.0
143	143	1.0
143	145	1.0
143	146	1.0
143	176	1.0
144	144	1.0
144	145	1.0
144	147	1.0
144	172	1.0
145	150	1.0
146	146	2.0
146	147	1.0
146	149	1.0
147	147	1.0
147	148	3.0
147	176	1.0
148	148	2.0
148	152	1.0
149	149	2.0
149	178	1.0
150	151	1.0
151	151	2.0
151	153	2.0
152	153	1.0
153	153	2.0
153	154	1.0
153	161	1.0
154	154	5.0
154	160	1.0
154	167	1.0
155	156	2.0
156	156	1.0
156	159	1.0
156	162	1.0
157	157	1.0
157	158	1.0
157	167	1.0
158	158	2.0
158	159	1.0
159	159	2.0
159	160	1.0
159	161	1.0
160	160	1.0
160	163	1.0
160	178	1.0
161	161	1.0
162	164	1.0
162	172	1.0
163	163	1.0
163	164	1.0
163	165	1.0
164	164	1.0
164	166	1.0
165	165	1.0
165	167	1.0
165	172	1.0
166	166	1.0
166	167	1.0
167	167	1.0
167	168	1.0
167	169	1.0
168	168	2.0
168	169	1.0
168	171	1.0
168	176	1.0
169	169	2.0
170	171	2.0
170	172	1.0
171	171	2.0
171	172	2.0
171	173	1.0
171	178	1.0
172	172	1.0
172	174	1.0
172	180	1.0
173	173	1.0
174	174	1.0
174	176	1.0
175	175	1.0
175	176	1.0
176	176	2.0
176	177	1.0
176	178	1.0
176	180	1.0
177	177	1.0
177	178	1.0
178	178	1.0
179	179	2.0
179	180	1.0
180	180	1.0
0	1	1.0
0	0	2.0
