1	1	1.0
1	2	3.0
1	76	1.0
1	82	1.0
2	2	4.0
2	3	1.0
2	4	2.0
2	5	2.0
2	7	1.0
3	3	2.0
3	4	1.0
3	6	1.0
3	7	1.0
3	9	2.0
3	118	1.0
4	4	6.0
4	5	5.0
5	5	9.0
5	10	1.0
5	85	1.0
5	184	1.0
6	6	6.0
6	7	2.0
6	9	1.0
6	10	1.0
6	11	2.0
6	47	1.0
6	83	1.0
6	84	1.0
6	85	1.0
7	7	8.0
7	8	1.0
7	17	1.0
7	52	1.0
8	8	8.0
8	9	3.0
8	17	1.0
8	48	1.0
8	85	1.0
8	86	1.0
8	87	1.0
9	9	9.0
9	10	1.0
9	63	1.0
10	12	1.0
11	11	4.0
11	14	1.0
11	16	1.0
11	32	2.0
12	12	10.0
12	14	1.0
12	15	1.0
12	36	1.0
13	46	1.0
14	14	6.0
14	15	5.0
14	120	1.0
15	15	4.0
15	31	1.0
15	46	1.0
15	120	1.0
16	16	7.0
16	17	1.0
16	53	1.0
17	17	4.0
17	18	6.0
17	32	2.0
18	18	8.0
18	24	1.0
18	32	1.0
19	19	8.0
19	20	2.0
19	23	1.0
20	20	10.0
20	21	2.0
21	21	7.0
21	22	3.0
22	22	10.0
22	23	1.0
23	23	8.0
23	24	3.0
24	24	8.0
25	25	9.0
26	26	5.0
26	41	1.0
27	27	7.0
27	40	1.0
28	28	2.0
28	40	2.0
29	29	3.0
29	30	4.0
30	30	7.0
31	31	4.0
31	32	5.0
31	34	1.0
32	32	10.0
32	33	3.0
32	41	1.0
33	33	3.0
33	34	3.0
34	34	6.0
34	173	1.0
34	182	1.0
34	183	1.0
35	35	5.0
35	184	1.0
36	36	7.0
37	37	4.0
37	38	1.0
37	39	1.0
37	44	1.0
37	226	1.0
38	38	7.0
38	41	1.0
39	39	3.0
39	40	1.0
39	182	2.0
39	183	1.0
40	40	6.0
40	41	4.0
40	181	2.0
41	41	8.0
41	43	1.0
41	226	1.0
41	227	1.0
42	42	3.0
42	43	4.0
42	167	1.0
43	43	5.0
44	44	3.0
44	45	4.0
45	45	10.0
45	46	1.0
46	46	9.0
46	47	1.0
46	84	1.0
46	89	1.0
46	226	1.0
46	244	1.0
47	47	8.0
47	48	1.0
47	235	1.0
47	247	1.0
48	48	5.0
48	50	1.0
48	57	1.0
48	85	1.0
48	236	1.0
48	237	1.0
48	241	1.0
49	49	2.0
49	56	1.0
49	59	1.0
49	181	1.0
49	238	1.0
50	50	4.0
50	51	1.0
50	56	2.0
51	51	5.0
51	56	1.0
51	234	1.0
52	52	9.0
52	113	1.0
52	235	1.0
53	53	7.0
53	54	2.0
54	54	7.0
54	55	3.0
54	61	1.0
54	62	1.0
55	55	7.0
55	56	2.0
55	58	1.0
56	56	8.0
56	57	2.0
56	208	2.0
56	212	1.0
57	57	8.0
57	58	2.0
57	60	1.0
57	61	1.0
58	58	6.0
58	59	1.0
58	60	1.0
59	59	7.0
59	60	4.0
59	182	1.0
60	60	5.0
60	61	3.0
60	62	1.0
61	61	2.0
61	62	1.0
61	71	2.0
61	76	1.0
61	88	1.0
61	89	1.0
61	90	1.0
61	184	1.0
62	62	4.0
62	63	1.0
62	68	1.0
62	70	1.0
62	71	2.0
62	90	2.0
63	63	7.0
63	64	1.0
63	73	1.0
63	90	2.0
63	184	1.0
64	64	5.0
64	68	1.0
64	70	1.0
64	211	1.0
65	65	7.0
65	72	1.0
65	86	1.0
65	106	1.0
66	66	3.0
66	67	1.0
66	68	1.0
66	70	2.0
67	67	4.0
67	69	1.0
68	68	4.0
68	69	2.0
68	179	1.0
68	211	1.0
69	69	7.0
69	70	3.0
69	179	1.0
70	70	6.0
70	71	2.0
70	73	1.0
70	185	1.0
70	212	1.0
71	71	4.0
71	72	3.0
71	186	1.0
72	72	5.0
72	73	1.0
72	75	1.0
72	77	1.0
72	185	1.0
73	73	5.0
73	74	2.0
73	75	1.0
73	77	2.0
73	80	1.0
73	82	1.0
73	89	1.0
74	74	5.0
74	75	4.0
74	81	1.0
74	87	1.0
75	75	3.0
75	77	1.0
75	78	1.0
75	80	1.0
75	84	1.0
75	107	2.0
76	76	3.0
76	77	2.0
76	82	1.0
76	91	1.0
77	77	4.0
77	78	1.0
77	79	1.0
77	80	1.0
78	79	2.0
78	80	1.0
79	79	4.0
79	80	5.0
79	81	1.0
80	80	5.0
81	81	5.0
81	82	2.0
82	82	2.0
82	93	1.0
83	83	3.0
83	85	1.0
84	84	9.0
84	85	1.0
84	93	1.0
84	94	1.0
84	106	1.0
85	85	4.0
85	86	2.0
85	88	1.0
85	105	1.0
86	86	12.0
86	87	1.0
86	88	1.0
87	87	4.0
87	88	1.0
88	88	8.0
88	89	1.0
88	90	1.0
88	184	4.0
89	89	3.0
89	90	2.0
90	90	2.0
90	91	1.0
91	91	4.0
91	92	2.0
91	109	1.0
92	92	3.0
93	93	2.0
93	94	1.0
93	107	1.0
94	94	5.0
94	95	2.0
94	100	1.0
94	102	1.0
95	95	4.0
95	96	1.0
95	99	1.0
95	176	1.0
96	96	5.0
96	97	3.0
96	99	1.0
97	97	3.0
97	100	1.0
97	101	1.0
97	167	1.0
97	170	1.0
97	178	1.0
98	98	3.0
99	99	4.0
99	100	1.0
99	101	2.0
100	100	4.0
100	101	2.0
100	107	1.0
100	112	1.0
101	101	4.0
102	102	6.0
102	103	2.0
103	103	2.0
103	104	1.0
104	104	2.0
104	105	2.0
105	105	3.0
106	106	4.0
106	107	1.0
106	109	1.0
107	107	2.0
107	108	1.0
107	113	1.0
108	108	1.0
108	109	2.0
108	159	1.0
109	109	4.0
109	110	3.0
109	111	1.0
110	110	6.0
111	111	3.0
112	112	4.0
112	113	3.0
113	113	5.0
113	114	2.0
113	152	1.0
114	114	4.0
114	151	1.0
115	115	4.0
115	116	2.0
116	116	4.0
117	117	2.0
117	118	1.0
117	168	1.0
118	118	4.0
118	119	2.0
119	119	8.0
120	120	3.0
120	145	1.0
142	170	1.0
145	145	2.0
146	146	1.0
146	176	1.0
147	172	1.0
147	173	1.0
150	150	6.0
150	152	1.0
151	151	2.0
151	152	3.0
151	156	1.0
152	152	4.0
152	153	2.0
152	156	1.0
153	153	3.0
153	155	1.0
154	154	4.0
154	155	1.0
155	155	5.0
155	156	3.0
156	156	10.0
156	157	2.0
156	160	1.0
157	157	6.0
157	158	1.0
158	158	3.0
158	159	1.0
158	160	2.0
159	159	1.0
159	160	1.0
160	160	12.0
160	161	3.0
161	161	6.0
161	162	1.0
161	164	1.0
161	176	1.0
161	177	1.0
161	205	1.0
162	162	6.0
162	163	2.0
162	164	3.0
162	170	1.0
162	171	3.0
162	202	1.0
163	163	2.0
163	164	3.0
164	164	2.0
164	165	1.0
165	165	3.0
165	166	1.0
165	168	1.0
165	179	1.0
166	166	8.0
166	167	1.0
166	172	1.0
167	167	6.0
167	168	3.0
167	178	1.0
168	168	5.0
168	169	5.0
168	170	1.0
169	169	2.0
169	170	2.0
170	170	7.0
170	171	1.0
170	179	1.0
170	181	3.0
171	171	6.0
171	172	1.0
171	178	1.0
171	194	1.0
172	172	4.0
172	178	1.0
172	179	1.0
172	181	1.0
173	173	2.0
173	175	1.0
174	174	4.0
174	175	1.0
175	175	13.0
175	176	2.0
175	205	1.0
176	176	6.0
176	177	2.0
176	178	2.0
176	204	2.0
177	177	4.0
177	180	1.0
177	204	2.0
178	178	2.0
178	193	1.0
179	179	2.0
179	180	1.0
180	180	7.0
180	181	1.0
180	193	1.0
180	196	2.0
180	203	1.0
180	217	1.0
180	220	1.0
181	181	8.0
181	186	1.0
181	187	1.0
181	219	1.0
182	182	3.0
182	183	1.0
182	184	2.0
182	187	1.0
182	204	1.0
182	220	1.0
183	183	6.0
183	184	3.0
183	185	1.0
183	186	1.0
183	203	1.0
184	184	5.0
184	185	1.0
184	187	1.0
185	185	4.0
185	186	1.0
185	188	1.0
185	211	1.0
185	229	1.0
186	186	2.0
186	190	1.0
186	202	1.0
186	211	1.0
186	216	1.0
187	187	3.0
187	188	2.0
187	217	1.0
187	219	1.0
188	188	1.0
188	189	1.0
188	220	2.0
189	189	3.0
189	190	2.0
189	193	1.0
189	217	1.0
189	221	2.0
190	190	2.0
190	192	1.0
191	191	2.0
191	192	1.0
192	192	8.0
193	193	4.0
193	194	1.0
193	195	2.0
193	196	1.0
193	233	2.0
194	194	6.0
194	195	1.0
194	202	1.0
194	238	1.0
195	195	2.0
195	196	4.0
195	202	1.0
195	235	1.0
195	238	1.0
196	196	1.0
196	197	4.0
196	198	1.0
196	238	1.0
197	197	5.0
197	198	2.0
197	199	2.0
197	244	1.0
198	198	4.0
198	199	2.0
198	216	1.0
198	237	1.0
199	199	5.0
199	200	3.0
199	201	1.0
199	215	1.0
200	200	3.0
200	201	1.0
200	230	1.0
200	231	1.0
201	201	10.0
201	202	1.0
201	203	1.0
201	222	1.0
202	202	3.0
202	203	1.0
202	205	1.0
202	212	2.0
203	203	6.0
203	204	4.0
203	209	2.0
203	211	2.0
204	204	7.0
204	205	1.0
204	206	1.0
204	231	1.0
205	205	7.0
205	206	2.0
205	211	1.0
205	220	1.0
206	206	1.0
206	207	3.0
206	217	1.0
207	207	4.0
207	210	1.0
207	211	1.0
207	217	1.0
208	208	6.0
208	209	2.0
209	209	11.0
209	210	1.0
209	231	1.0
210	210	5.0
210	211	1.0
211	211	3.0
211	212	1.0
212	212	6.0
212	213	3.0
212	230	1.0
213	213	6.0
213	214	6.0
213	215	1.0
213	217	1.0
213	218	1.0
213	220	1.0
213	231	2.0
214	215	2.0
215	215	7.0
215	216	3.0
215	217	1.0
216	216	7.0
216	217	4.0
216	218	1.0
217	217	7.0
217	218	2.0
218	218	4.0
218	219	3.0
218	220	1.0
219	219	7.0
219	221	1.0
219	238	1.0
220	220	2.0
220	221	2.0
220	233	1.0
221	221	5.0
221	222	3.0
221	234	1.0
222	222	1.0
222	223	1.0
222	239	1.0
222	247	1.0
223	223	6.0
223	224	2.0
223	230	1.0
223	231	1.0
223	238	1.0
224	224	3.0
224	225	1.0
224	226	1.0
224	235	1.0
224	246	1.0
225	225	5.0
225	226	2.0
225	227	1.0
225	228	1.0
226	226	3.0
226	227	3.0
227	227	5.0
227	228	4.0
227	231	1.0
228	228	5.0
228	229	5.0
228	230	1.0
229	229	10.0
229	230	2.0
229	231	1.0
230	230	3.0
230	231	3.0
230	233	1.0
231	231	6.0
231	232	1.0
231	233	1.0
232	232	3.0
232	233	1.0
232	246	1.0
233	233	9.0
233	234	3.0
234	234	7.0
234	235	5.0
235	235	3.0
235	236	1.0
236	236	4.0
236	238	2.0
236	243	1.0
236	245	2.0
237	237	8.0
237	239	2.0
238	238	3.0
238	239	3.0
238	240	2.0
238	245	1.0
238	247	1.0
239	239	3.0
239	240	3.0
239	248	1.0
240	240	4.0
240	241	1.0
240	248	2.0
241	241	6.0
241	242	4.0
241	246	1.0
242	242	6.0
242	244	1.0
243	243	1.0
243	244	3.0
243	247	1.0
244	244	5.0
244	245	4.0
244	246	1.0
245	245	8.0
246	246	4.0
247	247	7.0
247	248	3.0
248	248	2.0
249	249	1.0
0	1	1.0
0	6	1.0
