1	23	1.0
2	3	2.0
2	26	1.0
3	37	1.0
4	5	2.0
4	6	1.0
5	5	4.0
6	6	1.0
6	21	1.0
6	25	1.0
7	9	1.0
8	8	1.0
9	9	2.0
9	10	1.0
9	22	1.0
9	24	1.0
9	25	1.0
11	11	1.0
11	22	1.0
11	24	2.0
12	120	1.0
13	13	1.0
13	14	2.0
13	15	1.0
13	26	1.0
13	86	1.0
13	119	1.0
14	15	1.0
15	16	3.0
16	18	1.0
16	131	1.0
17	19	1.0
18	18	1.0
18	19	1.0
20	20	2.0
20	21	1.0
22	22	3.0
22	23	1.0
23	23	1.0
23	24	1.0
23	42	1.0
24	24	1.0
25	27	1.0
26	26	3.0
26	27	2.0
27	38	1.0
28	29	1.0
28	41	1.0
29	29	1.0
30	30	3.0
30	31	1.0
30	32	1.0
30	35	1.0
30	80	1.0
31	31	1.0
31	32	1.0
32	32	1.0
32	33	1.0
32	35	1.0
32	36	1.0
32	37	1.0
33	33	1.0
33	34	1.0
35	37	1.0
35	59	1.0
35	77	1.0
35	79	1.0
36	36	2.0
38	38	2.0
39	39	1.0
40	40	1.0
41	41	2.0
41	56	1.0
42	42	1.0
42	56	1.0
47	48	2.0
48	48	1.0
48	65	1.0
48	92	1.0
49	49	1.0
49	58	1.0
49	98	1.0
50	50	1.0
50	51	1.0
50	52	1.0
51	51	3.0
51	52	2.0
52	52	1.0
52	58	1.0
53	53	2.0
53	68	1.0
54	54	1.0
54	66	1.0
55	55	1.0
55	60	2.0
56	56	1.0
56	65	1.0
56	85	1.0
57	57	1.0
58	59	1.0
59	59	3.0
59	60	1.0
60	60	5.0
60	62	1.0
60	84	1.0
60	118	1.0
61	61	1.0
62	62	1.0
62	63	2.0
63	84	1.0
64	64	1.0
64	65	1.0
65	65	1.0
65	66	1.0
65	68	1.0
66	67	3.0
66	68	1.0
66	89	1.0
66	139	1.0
67	67	1.0
68	68	1.0
70	70	1.0
70	71	1.0
70	82	1.0
71	72	1.0
72	72	2.0
73	73	2.0
74	74	3.0
74	79	1.0
74	86	1.0
75	75	3.0
75	76	1.0
76	76	1.0
76	77	1.0
76	78	1.0
77	77	1.0
78	79	1.0
79	79	1.0
79	80	1.0
79	81	1.0
80	80	1.0
81	81	1.0
83	84	1.0
84	85	2.0
85	119	1.0
86	135	1.0
87	87	1.0
87	88	1.0
87	90	1.0
87	102	1.0
88	88	1.0
89	89	2.0
89	91	1.0
90	90	2.0
90	91	1.0
91	91	2.0
91	93	1.0
92	110	1.0
92	127	1.0
93	94	3.0
93	98	1.0
94	94	1.0
94	138	1.0
95	100	1.0
96	96	3.0
96	97	1.0
96	108	2.0
96	110	1.0
97	97	1.0
98	98	1.0
98	109	1.0
99	101	1.0
99	103	1.0
100	100	2.0
100	101	3.0
101	101	3.0
101	102	1.0
102	102	1.0
102	103	1.0
103	127	1.0
103	130	1.0
104	104	1.0
104	130	1.0
105	105	2.0
105	120	1.0
105	129	1.0
106	106	2.0
106	119	1.0
107	110	1.0
108	109	1.0
108	135	2.0
109	109	1.0
109	110	1.0
111	111	1.0
111	112	1.0
111	115	1.0
113	113	2.0
113	122	1.0
113	125	1.0
114	114	3.0
114	115	1.0
117	117	2.0
118	119	2.0
119	121	1.0
120	121	1.0
122	123	1.0
124	124	1.0
124	125	2.0
124	128	1.0
125	125	1.0
126	126	2.0
127	128	1.0
127	130	1.0
127	145	1.0
128	128	1.0
129	129	1.0
129	130	1.0
129	131	1.0
130	131	2.0
131	131	1.0
131	132	2.0
132	133	2.0
133	133	5.0
133	134	1.0
133	136	1.0
134	134	3.0
134	143	1.0
135	135	1.0
135	145	1.0
136	137	1.0
136	138	1.0
136	139	2.0
136	141	1.0
137	137	1.0
137	138	1.0
138	138	1.0
139	140	2.0
140	140	2.0
141	141	3.0
141	142	1.0
142	142	1.0
142	143	1.0
142	145	1.0
143	143	2.0
144	145	1.0
145	145	1.0
145	146	1.0
0	3	1.0
0	21	1.0
0	29	1.0
0	0	1.0
