20	20	2.0
20	21	2.0
21	21	2.0
22	22	3.0
23	23	7.0
23	24	1.0
24	73	1.0
24	74	2.0
24	75	1.0
25	25	1.0
25	26	2.0
25	68	1.0
26	26	4.0
26	27	2.0
26	36	2.0
26	39	1.0
26	67	1.0
27	27	2.0
27	28	2.0
27	30	1.0
27	33	1.0
27	34	1.0
28	28	5.0
28	49	2.0
29	29	1.0
29	32	1.0
29	38	1.0
30	30	1.0
30	48	1.0
31	31	4.0
31	32	2.0
31	52	1.0
32	32	3.0
32	33	2.0
33	33	3.0
33	34	3.0
33	48	1.0
34	34	5.0
34	36	1.0
35	35	3.0
35	36	1.0
35	47	1.0
35	50	1.0
35	68	1.0
36	36	4.0
36	37	1.0
37	37	2.0
37	38	2.0
37	41	1.0
38	39	1.0
38	40	1.0
38	41	1.0
39	39	3.0
39	41	1.0
39	42	1.0
40	40	2.0
40	42	1.0
40	43	1.0
41	42	2.0
41	54	1.0
42	42	3.0
42	43	3.0
43	43	4.0
43	44	2.0
44	44	3.0
44	45	1.0
44	50	1.0
44	51	1.0
45	45	4.0
46	46	3.0
46	47	2.0
47	47	4.0
47	48	1.0
47	81	1.0
48	48	1.0
48	49	1.0
48	65	1.0
49	49	3.0
49	50	3.0
50	50	1.0
50	51	1.0
50	65	1.0
50	68	1.0
50	69	1.0
51	51	4.0
51	56	1.0
51	74	1.0
51	75	1.0
52	52	7.0
52	55	2.0
52	73	1.0
53	53	2.0
53	54	2.0
53	58	1.0
54	54	3.0
54	59	1.0
54	63	1.0
55	55	5.0
55	56	5.0
55	58	1.0
55	61	1.0
55	71	1.0
55	79	1.0
56	56	5.0
56	78	1.0
57	57	1.0
57	58	4.0
57	69	1.0
57	74	1.0
58	58	3.0
58	59	2.0
59	59	2.0
59	61	1.0
59	62	1.0
59	67	1.0
60	60	3.0
60	65	2.0
60	66	1.0
60	67	2.0
60	68	1.0
60	79	1.0
60	80	2.0
60	81	1.0
60	87	1.0
61	61	6.0
61	69	1.0
62	62	5.0
62	63	2.0
63	63	2.0
63	81	1.0
64	79	2.0
65	65	5.0
65	66	2.0
66	66	4.0
66	67	3.0
67	67	3.0
67	68	2.0
67	69	1.0
68	68	4.0
69	69	2.0
69	70	1.0
69	71	1.0
70	70	1.0
71	71	3.0
71	72	1.0
71	76	2.0
72	72	3.0
72	73	1.0
73	73	5.0
74	74	1.0
74	78	1.0
75	75	5.0
76	76	1.0
76	77	3.0
77	77	6.0
78	78	5.0
78	79	1.0
79	79	5.0
79	83	1.0
79	88	1.0
80	80	5.0
80	83	2.0
80	85	1.0
81	81	2.0
81	82	3.0
82	82	5.0
82	83	2.0
83	83	3.0
83	84	1.0
83	85	2.0
84	85	1.0
84	86	1.0
85	85	4.0
85	86	1.0
86	86	3.0
86	87	1.0
87	87	8.0
87	88	4.0
88	88	5.0
88	89	2.0
88	102	1.0
89	89	7.0
89	102	1.0
90	90	3.0
90	91	2.0
90	103	2.0
91	91	3.0
91	92	2.0
91	96	1.0
91	103	1.0
92	92	5.0
92	96	2.0
93	93	3.0
93	95	1.0
93	96	1.0
94	94	1.0
94	95	2.0
95	95	6.0
96	96	3.0
96	97	1.0
97	97	6.0
97	98	3.0
97	99	1.0
97	105	1.0
98	98	5.0
98	99	4.0
98	101	1.0
98	106	1.0
99	99	7.0
99	100	2.0
100	100	11.0
101	101	1.0
101	102	4.0
102	102	3.0
103	103	5.0
103	104	2.0
104	104	3.0
104	105	1.0
105	105	2.0
106	106	2.0
106	107	1.0
107	107	2.0
