3	5	1.0
5	127	1.0
6	6	1.0
6	9	1.0
7	9	1.0
9	14	1.0
10	106	1.0
12	14	1.0
12	26	1.0
13	17	1.0
14	14	1.0
14	19	1.0
14	25	1.0
15	21	1.0
18	23	1.0
19	19	1.0
19	26	1.0
23	23	1.0
23	25	1.0
23	118	1.0
24	24	2.0
26	26	2.0
27	27	1.0
27	28	2.0
28	30	1.0
28	41	1.0
28	42	1.0
29	37	1.0
30	32	1.0
30	41	1.0
30	42	1.0
31	31	1.0
32	34	1.0
33	38	1.0
35	36	1.0
36	38	1.0
39	41	1.0
41	43	1.0
43	54	1.0
44	45	1.0
46	46	1.0
46	47	1.0
46	55	1.0
47	70	1.0
48	48	1.0
50	52	1.0
53	54	1.0
54	54	1.0
56	57	1.0
57	71	1.0
58	58	1.0
62	62	1.0
63	71	1.0
64	64	2.0
64	74	1.0
65	67	1.0
66	74	1.0
67	70	1.0
69	77	1.0
70	73	1.0
70	77	1.0
71	84	1.0
74	74	1.0
77	92	1.0
80	82	1.0
80	93	1.0
83	83	1.0
83	85	1.0
84	87	2.0
84	95	1.0
86	98	1.0
87	87	1.0
93	99	1.0
94	101	1.0
94	104	1.0
95	97	1.0
95	109	1.0
99	99	1.0
101	102	1.0
102	105	1.0
104	108	1.0
105	110	1.0
105	115	2.0
106	106	2.0
106	109	1.0
107	113	1.0
109	119	1.0
113	119	2.0
113	126	1.0
116	119	1.0
117	120	1.0
120	123	1.0
123	128	1.0
125	125	2.0
125	127	1.0
125	132	1.0
126	128	1.0
128	129	1.0
128	133	1.0
130	130	1.0
131	131	2.0
131	132	1.0
131	148	1.0
132	136	2.0
133	135	1.0
134	135	1.0
134	137	1.0
135	138	1.0
136	138	1.0
138	142	1.0
138	144	1.0
139	152	1.0
140	143	1.0
141	141	1.0
142	143	2.0
145	145	3.0
145	149	1.0
146	148	1.0
146	154	1.0
147	148	1.0
148	149	1.0
149	149	1.0
150	151	1.0
151	153	1.0
152	152	1.0
153	154	1.0
