2	2	1.0
3	3	2.0
4	5	2.0
5	5	1.0
5	6	2.0
7	7	1.0
7	8	1.0
8	8	1.0
8	11	1.0
9	9	1.0
9	11	1.0
9	15	1.0
10	10	1.0
10	11	1.0
10	30	1.0
10	31	1.0
11	11	2.0
11	12	1.0
11	19	1.0
12	12	1.0
12	13	1.0
12	36	1.0
13	13	1.0
14	14	1.0
17	17	1.0
17	19	1.0
17	30	1.0
18	18	1.0
18	38	1.0
19	19	2.0
19	22	1.0
20	20	1.0
20	23	1.0
21	21	2.0
22	23	1.0
23	23	2.0
24	24	1.0
26	26	1.0
26	85	1.0
28	80	1.0
29	29	1.0
30	30	1.0
31	32	1.0
32	32	1.0
34	35	1.0
36	36	1.0
37	37	1.0
37	38	1.0
37	124	1.0
38	47	1.0
38	62	1.0
38	80	1.0
38	129	1.0
38	138	1.0
39	39	2.0
39	138	1.0
39	146	1.0
40	106	1.0
41	42	1.0
41	101	1.0
41	102	1.0
42	42	1.0
44	44	1.0
45	45	1.0
46	46	2.0
46	47	1.0
47	47	1.0
48	48	1.0
48	49	1.0
48	50	1.0
48	55	1.0
49	49	1.0
49	50	1.0
49	134	1.0
50	57	1.0
50	102	1.0
51	51	1.0
53	53	2.0
54	102	1.0
56	108	1.0
57	57	1.0
62	62	1.0
62	74	1.0
63	65	1.0
63	68	1.0
65	65	2.0
66	66	1.0
67	67	1.0
68	68	2.0
68	140	1.0
69	69	1.0
69	139	1.0
70	70	4.0
70	132	1.0
74	74	1.0
76	76	1.0
77	78	1.0
80	80	1.0
81	81	1.0
81	82	1.0
81	86	1.0
82	82	1.0
82	126	1.0
82	130	1.0
83	83	2.0
84	84	1.0
85	86	1.0
86	86	1.0
87	87	2.0
87	88	1.0
93	93	1.0
94	94	1.0
94	95	1.0
97	98	1.0
98	98	1.0
99	99	1.0
100	100	1.0
101	101	2.0
102	111	1.0
103	103	2.0
103	108	1.0
105	105	1.0
105	106	1.0
105	137	1.0
106	106	1.0
106	110	1.0
107	107	2.0
107	108	1.0
110	110	1.0
110	135	1.0
111	111	4.0
111	138	1.0
112	115	1.0
112	141	1.0
113	114	1.0
113	141	1.0
114	115	1.0
115	115	1.0
115	116	1.0
115	117	2.0
116	118	1.0
117	117	1.0
117	118	1.0
118	118	1.0
118	125	1.0
119	119	1.0
120	120	1.0
121	121	1.0
121	122	1.0
121	124	1.0
122	122	3.0
123	123	1.0
123	125	1.0
124	124	1.0
125	125	1.0
125	129	1.0
126	126	2.0
126	127	1.0
127	128	2.0
127	129	1.0
128	128	1.0
128	129	1.0
128	133	1.0
129	152	1.0
130	130	1.0
131	132	2.0
132	132	3.0
133	133	1.0
134	134	1.0
135	135	4.0
135	136	2.0
136	137	1.0
137	137	2.0
139	141	2.0
139	142	1.0
140	141	1.0
141	141	2.0
141	142	1.0
142	142	1.0
142	143	1.0
144	144	1.0
145	145	1.0
146	148	1.0
148	148	1.0
149	149	1.0
149	150	1.0
150	150	1.0
151	151	1.0
151	152	1.0
152	152	1.0
153	153	4.0
