1	1	1.0
1	4	2.0
2	2	7.0
2	11	1.0
2	36	1.0
3	3	1.0
3	4	2.0
4	4	2.0
5	5	2.0
5	11	1.0
6	6	3.0
6	21	1.0
7	7	2.0
7	8	2.0
7	9	1.0
9	9	2.0
12	12	1.0
12	18	1.0
13	13	2.0
13	14	1.0
14	14	7.0
14	15	1.0
15	15	3.0
15	19	1.0
16	16	3.0
16	32	1.0
16	33	1.0
17	17	1.0
17	18	1.0
18	18	4.0
19	19	6.0
19	20	1.0
19	33	1.0
20	20	4.0
20	21	3.0
20	96	1.0
21	21	2.0
21	22	2.0
22	22	2.0
23	23	2.0
23	24	1.0
23	30	1.0
23	110	1.0
24	103	1.0
24	109	1.0
25	25	1.0
25	26	2.0
26	26	3.0
26	32	1.0
27	27	2.0
27	28	1.0
28	28	3.0
29	29	3.0
29	30	1.0
29	31	1.0
30	31	1.0
31	31	2.0
31	32	3.0
32	32	2.0
32	33	1.0
32	102	1.0
34	34	6.0
34	35	1.0
34	98	1.0
34	99	1.0
35	35	5.0
35	38	2.0
35	97	1.0
36	36	4.0
36	37	1.0
36	73	3.0
37	37	6.0
37	119	1.0
37	128	2.0
38	107	1.0
71	71	6.0
71	81	1.0
72	72	6.0
72	73	2.0
72	74	2.0
72	82	1.0
72	114	2.0
73	73	4.0
73	74	1.0
73	81	1.0
73	112	1.0
73	114	1.0
73	115	1.0
74	74	4.0
74	81	1.0
75	75	1.0
75	76	1.0
75	87	1.0
75	126	1.0
76	76	1.0
77	77	3.0
77	78	1.0
77	99	1.0
77	123	1.0
78	126	1.0
79	79	4.0
79	80	1.0
80	80	4.0
80	83	1.0
80	84	2.0
80	95	1.0
81	81	3.0
81	83	3.0
81	84	1.0
82	82	1.0
82	83	1.0
82	84	1.0
82	86	1.0
83	86	1.0
84	84	8.0
84	99	1.0
85	85	3.0
85	86	1.0
86	86	2.0
86	87	2.0
86	88	1.0
86	124	1.0
87	87	6.0
87	91	1.0
88	88	1.0
88	92	1.0
89	89	2.0
90	90	5.0
90	91	2.0
90	93	1.0
90	95	1.0
90	102	1.0
91	91	4.0
92	92	1.0
92	93	2.0
93	93	1.0
94	94	2.0
95	95	1.0
95	107	1.0
96	96	4.0
97	97	2.0
97	98	3.0
97	114	1.0
98	98	7.0
99	99	2.0
99	101	1.0
100	100	4.0
100	101	2.0
100	102	1.0
100	111	1.0
101	101	5.0
102	102	7.0
103	103	4.0
103	104	1.0
105	106	1.0
106	107	1.0
107	107	2.0
107	108	2.0
107	134	1.0
108	108	2.0
108	109	2.0
108	134	1.0
109	109	3.0
109	110	2.0
109	116	1.0
110	110	4.0
110	111	2.0
110	112	1.0
110	122	1.0
111	111	2.0
111	112	1.0
112	112	5.0
113	113	1.0
113	114	2.0
114	114	1.0
114	115	1.0
114	136	1.0
115	115	2.0
116	116	5.0
117	117	2.0
117	118	1.0
117	120	1.0
118	119	1.0
118	122	3.0
118	136	1.0
119	119	4.0
119	120	1.0
120	120	1.0
120	121	2.0
120	122	1.0
120	126	1.0
121	121	2.0
121	122	2.0
122	122	2.0
122	123	1.0
122	125	1.0
123	123	4.0
123	124	1.0
123	134	1.0
123	136	1.0
123	137	1.0
124	124	4.0
125	125	6.0
125	126	2.0
126	126	9.0
126	127	1.0
126	129	2.0
127	127	1.0
127	128	5.0
128	128	3.0
128	129	1.0
129	129	9.0
129	135	1.0
130	130	3.0
130	131	1.0
130	135	1.0
130	138	2.0
130	139	1.0
131	131	4.0
131	132	1.0
132	132	2.0
132	133	1.0
133	133	3.0
133	134	2.0
134	134	3.0
134	135	1.0
135	135	1.0
135	136	1.0
136	136	4.0
136	140	1.0
137	137	1.0
137	138	2.0
138	138	4.0
139	139	4.0
139	140	1.0
140	140	4.0
0	0	3.0
