1	1	3.0
1	2	2.0
1	3	1.0
1	6	1.0
2	2	2.0
2	3	1.0
2	6	1.0
2	18	1.0
2	108	1.0
3	3	3.0
3	4	1.0
3	5	1.0
3	6	1.0
4	4	4.0
4	5	4.0
4	12	1.0
5	5	5.0
5	10	1.0
5	11	1.0
6	6	3.0
7	7	1.0
7	131	1.0
8	8	2.0
8	140	1.0
9	10	1.0
10	10	2.0
10	11	2.0
11	11	1.0
11	12	2.0
11	125	1.0
12	12	1.0
12	15	1.0
12	21	1.0
12	131	1.0
13	13	3.0
13	14	2.0
13	17	1.0
13	131	1.0
14	14	2.0
14	16	1.0
14	26	1.0
14	91	1.0
15	15	4.0
15	16	3.0
15	24	1.0
16	16	2.0
16	17	1.0
16	22	1.0
16	24	2.0
17	17	3.0
17	18	1.0
17	92	1.0
18	18	3.0
18	20	1.0
19	19	4.0
19	20	1.0
20	21	1.0
20	23	1.0
21	22	1.0
22	22	3.0
23	94	1.0
24	24	4.0
24	26	1.0
24	89	1.0
25	25	1.0
25	26	1.0
26	26	1.0
26	27	1.0
26	131	1.0
27	27	3.0
27	28	1.0
28	28	1.0
33	34	1.0
34	34	2.0
34	35	2.0
35	35	4.0
35	38	1.0
36	36	1.0
36	37	1.0
37	37	4.0
37	40	1.0
38	38	3.0
38	39	1.0
39	39	1.0
39	40	1.0
40	40	1.0
40	41	2.0
40	43	1.0
41	41	1.0
41	92	1.0
42	42	2.0
42	79	1.0
42	100	1.0
43	43	7.0
43	44	1.0
43	45	2.0
43	53	1.0
45	45	1.0
45	46	1.0
47	47	3.0
47	48	1.0
47	111	1.0
48	49	2.0
49	50	1.0
50	50	1.0
50	51	1.0
50	53	1.0
50	66	1.0
50	70	1.0
50	92	1.0
51	51	2.0
52	52	6.0
52	56	1.0
53	53	1.0
53	54	2.0
53	56	1.0
53	94	1.0
55	55	2.0
56	56	2.0
57	58	2.0
57	62	1.0
57	67	1.0
58	58	1.0
58	110	1.0
58	111	1.0
62	63	1.0
62	84	1.0
63	63	1.0
64	64	1.0
65	66	1.0
65	70	1.0
66	66	1.0
67	67	1.0
67	68	1.0
67	69	1.0
68	69	1.0
68	90	1.0
69	71	1.0
70	70	1.0
70	72	1.0
70	74	1.0
71	71	1.0
72	74	1.0
73	73	1.0
73	74	2.0
74	74	2.0
74	76	1.0
74	141	1.0
75	75	1.0
76	76	3.0
76	78	1.0
77	78	2.0
78	79	1.0
79	79	2.0
80	80	1.0
80	81	3.0
80	82	1.0
80	145	1.0
81	82	2.0
82	82	1.0
83	83	2.0
83	84	2.0
84	85	1.0
85	86	1.0
85	88	1.0
85	105	1.0
86	87	2.0
86	89	1.0
86	96	1.0
86	124	1.0
87	87	2.0
87	159	1.0
87	161	1.0
88	88	4.0
89	89	3.0
89	91	1.0
89	96	1.0
90	90	1.0
90	91	2.0
90	93	1.0
90	100	1.0
90	107	1.0
91	93	1.0
91	95	1.0
91	96	1.0
92	92	1.0
92	94	1.0
94	130	1.0
95	96	2.0
96	98	2.0
97	121	1.0
98	99	2.0
98	114	1.0
99	99	2.0
99	127	1.0
100	100	8.0
100	101	1.0
101	102	2.0
101	105	1.0
102	103	1.0
104	104	2.0
104	113	1.0
105	105	1.0
106	106	3.0
106	109	1.0
106	167	1.0
107	107	1.0
107	108	3.0
107	109	1.0
108	108	3.0
109	109	4.0
110	110	1.0
110	128	1.0
111	111	1.0
111	112	1.0
111	122	1.0
112	112	3.0
113	113	2.0
113	116	1.0
114	114	1.0
114	115	1.0
114	136	2.0
115	115	1.0
115	116	1.0
115	146	1.0
116	116	1.0
117	117	1.0
117	119	1.0
117	124	1.0
117	152	1.0
118	118	4.0
118	119	2.0
118	120	1.0
119	119	1.0
119	120	1.0
119	135	2.0
120	120	1.0
120	121	1.0
120	134	2.0
121	153	1.0
122	122	1.0
122	123	1.0
122	143	1.0
123	123	1.0
124	124	2.0
125	125	1.0
125	126	1.0
126	126	3.0
126	132	1.0
126	133	1.0
127	127	2.0
127	132	1.0
127	133	1.0
128	128	2.0
129	129	2.0
130	131	1.0
130	132	2.0
131	131	1.0
131	132	1.0
131	134	1.0
132	132	1.0
132	133	1.0
132	134	1.0
133	169	1.0
134	134	1.0
134	135	2.0
134	144	1.0
134	148	1.0
136	137	1.0
137	137	1.0
137	138	1.0
138	138	3.0
138	139	1.0
139	142	2.0
140	142	2.0
140	150	1.0
141	141	1.0
141	142	2.0
142	142	3.0
143	143	4.0
143	144	1.0
143	170	1.0
144	144	1.0
144	145	2.0
145	145	2.0
146	146	1.0
147	147	2.0
147	148	1.0
147	149	1.0
148	150	2.0
149	149	1.0
149	150	1.0
149	151	1.0
150	150	2.0
150	151	1.0
151	151	3.0
151	152	1.0
151	156	2.0
151	157	1.0
151	163	1.0
151	164	1.0
152	152	2.0
152	162	1.0
153	154	1.0
153	155	1.0
153	156	1.0
154	154	2.0
154	155	1.0
154	156	1.0
154	157	1.0
154	158	1.0
154	167	1.0
155	162	1.0
155	163	1.0
155	168	1.0
156	156	3.0
157	157	3.0
157	158	2.0
158	158	3.0
158	159	1.0
159	159	4.0
160	161	1.0
160	168	1.0
161	161	2.0
162	162	2.0
163	163	1.0
163	164	1.0
163	166	1.0
164	164	4.0
164	165	1.0
165	165	1.0
166	166	2.0
167	167	3.0
167	168	1.0
168	168	4.0
169	169	4.0
170	170	2.0
0	1	1.0
0	6	1.0
0	7	1.0
0	18	1.0
0	0	1.0
