1	1	11.0
1	2	3.0
1	12	1.0
1	15	1.0
1	48	1.0
1	72	1.0
1	85	1.0
2	2	8.0
2	3	2.0
2	9	1.0
2	17	1.0
2	44	1.0
2	114	1.0
2	175	1.0
3	3	4.0
3	4	1.0
3	6	1.0
3	7	3.0
3	10	2.0
3	16	1.0
3	17	2.0
3	20	3.0
3	23	1.0
3	27	1.0
3	37	2.0
3	38	2.0
3	50	1.0
3	113	1.0
3	151	1.0
3	191	1.0
3	210	1.0
4	4	5.0
4	5	4.0
4	6	1.0
4	7	1.0
4	115	1.0
4	125	1.0
4	127	1.0
4	132	1.0
4	214	3.0
4	220	1.0
5	5	5.0
5	6	4.0
5	7	2.0
5	29	1.0
5	190	1.0
5	207	1.0
5	214	1.0
6	6	15.0
6	7	1.0
6	8	1.0
6	12	1.0
6	16	1.0
6	30	1.0
6	215	1.0
7	7	4.0
7	8	4.0
7	9	4.0
7	16	1.0
7	18	1.0
7	160	1.0
7	224	1.0
8	8	9.0
8	9	2.0
8	16	1.0
8	23	1.0
8	29	1.0
8	205	1.0
9	9	9.0
9	10	3.0
9	22	1.0
9	25	1.0
9	28	1.0
9	85	2.0
10	10	7.0
10	56	1.0
10	113	2.0
10	128	1.0
10	205	1.0
10	224	1.0
10	225	1.0
11	11	10.0
11	12	2.0
11	13	1.0
11	20	1.0
11	23	1.0
11	45	1.0
11	110	1.0
11	220	1.0
11	221	1.0
11	227	1.0
12	12	3.0
12	45	1.0
12	124	1.0
12	180	1.0
12	181	1.0
12	220	1.0
12	227	1.0
12	228	1.0
13	13	4.0
13	14	3.0
13	23	1.0
13	227	1.0
14	14	5.0
14	15	5.0
14	16	1.0
14	19	1.0
14	76	2.0
15	15	8.0
15	16	8.0
15	17	2.0
15	50	1.0
16	16	4.0
16	17	5.0
16	37	2.0
17	17	9.0
17	19	1.0
17	37	1.0
17	49	1.0
18	18	10.0
18	19	4.0
18	20	2.0
18	21	2.0
18	28	2.0
18	29	2.0
19	19	3.0
19	27	1.0
19	34	2.0
20	20	3.0
20	21	3.0
20	26	1.0
20	29	2.0
20	32	2.0
20	33	1.0
20	35	1.0
20	39	1.0
20	40	1.0
20	50	1.0
21	21	11.0
21	22	3.0
21	130	1.0
22	22	5.0
22	23	2.0
22	223	1.0
22	224	1.0
23	23	5.0
23	25	1.0
23	36	1.0
23	51	2.0
23	228	1.0
24	24	4.0
24	25	1.0
24	30	1.0
24	31	2.0
24	32	1.0
24	54	1.0
24	120	1.0
24	219	1.0
25	25	9.0
25	26	3.0
25	47	1.0
25	73	1.0
25	74	1.0
25	220	1.0
25	239	1.0
25	240	1.0
26	26	6.0
26	27	4.0
26	29	2.0
26	30	1.0
26	71	1.0
27	27	12.0
27	28	1.0
27	29	1.0
27	131	1.0
27	236	1.0
28	28	9.0
28	29	4.0
28	37	1.0
28	127	2.0
28	218	1.0
28	223	1.0
29	29	11.0
29	31	1.0
29	221	2.0
29	223	1.0
30	30	4.0
30	31	3.0
30	32	1.0
30	83	1.0
30	125	1.0
30	126	2.0
30	220	1.0
31	31	9.0
31	32	3.0
31	36	1.0
31	38	1.0
31	43	1.0
31	49	1.0
31	83	2.0
31	224	1.0
32	32	6.0
32	33	3.0
32	37	1.0
32	39	1.0
32	42	1.0
32	69	1.0
32	225	1.0
33	33	5.0
33	34	3.0
33	35	2.0
33	38	1.0
33	41	1.0
33	128	2.0
33	211	2.0
33	225	1.0
34	34	4.0
34	35	2.0
34	45	1.0
34	53	2.0
35	35	1.0
35	36	1.0
35	47	1.0
35	51	1.0
36	36	9.0
36	37	1.0
37	37	5.0
37	38	12.0
37	39	3.0
37	51	1.0
38	38	7.0
38	39	2.0
38	42	1.0
38	69	1.0
39	39	5.0
39	40	2.0
39	41	2.0
39	45	1.0
39	47	1.0
39	48	2.0
39	239	1.0
40	40	11.0
40	41	2.0
40	48	2.0
40	50	1.0
41	41	5.0
41	42	2.0
41	57	2.0
42	42	5.0
42	44	1.0
42	46	1.0
42	47	1.0
42	49	1.0
42	55	1.0
42	70	1.0
42	122	1.0
43	43	4.0
43	44	3.0
43	58	1.0
43	59	1.0
43	72	1.0
43	114	1.0
43	129	1.0
44	44	11.0
44	45	3.0
44	46	2.0
45	45	6.0
45	46	3.0
45	48	1.0
45	54	1.0
45	73	1.0
46	46	5.0
46	47	2.0
46	68	1.0
46	74	1.0
46	98	2.0
47	47	5.0
47	48	1.0
47	54	1.0
48	48	4.0
48	49	4.0
48	53	1.0
48	67	1.0
49	49	12.0
49	50	5.0
49	51	2.0
49	80	1.0
49	81	1.0
50	50	4.0
50	51	3.0
51	51	6.0
51	52	4.0
51	54	1.0
52	52	7.0
52	53	3.0
52	58	2.0
53	53	11.0
53	54	1.0
53	58	1.0
53	211	1.0
54	54	8.0
54	55	4.0
54	57	1.0
54	61	1.0
54	212	1.0
55	55	3.0
55	56	1.0
55	58	1.0
55	61	1.0
56	56	6.0
56	57	2.0
56	58	1.0
56	78	1.0
57	57	6.0
57	58	2.0
57	59	1.0
57	79	1.0
58	58	3.0
58	59	4.0
58	60	1.0
59	59	10.0
59	66	2.0
59	67	1.0
59	211	1.0
60	60	6.0
60	62	2.0
60	63	1.0
60	65	2.0
60	74	2.0
60	78	1.0
60	79	1.0
61	61	6.0
61	62	4.0
61	74	2.0
61	75	1.0
62	62	4.0
62	63	3.0
62	185	1.0
62	204	1.0
62	218	1.0
63	63	4.0
63	64	2.0
63	68	1.0
63	69	3.0
63	75	1.0
63	87	2.0
63	201	1.0
63	204	1.0
63	218	1.0
64	64	4.0
64	65	1.0
64	69	1.0
64	75	1.0
64	88	1.0
64	233	1.0
65	65	10.0
65	66	4.0
65	67	1.0
65	69	1.0
65	76	1.0
65	240	1.0
66	66	4.0
66	67	5.0
66	72	2.0
67	67	8.0
67	68	2.0
67	70	1.0
67	71	1.0
67	191	1.0
67	234	1.0
67	236	1.0
68	68	3.0
68	69	3.0
68	71	1.0
68	75	2.0
69	69	3.0
69	70	2.0
69	99	1.0
70	70	3.0
70	71	2.0
70	88	1.0
70	109	2.0
70	161	1.0
70	237	1.0
70	238	1.0
71	71	7.0
71	72	1.0
71	74	1.0
71	100	1.0
71	237	2.0
72	72	5.0
72	74	1.0
72	100	2.0
72	105	1.0
73	73	5.0
73	74	3.0
73	105	1.0
73	238	1.0
74	74	12.0
74	75	1.0
74	86	1.0
74	232	1.0
75	75	13.0
75	77	2.0
75	80	3.0
75	85	1.0
75	96	1.0
75	223	2.0
76	76	3.0
76	77	4.0
76	95	2.0
76	224	1.0
77	77	4.0
77	79	1.0
77	95	1.0
77	136	1.0
78	78	4.0
78	79	2.0
78	80	1.0
78	81	1.0
78	242	1.0
79	79	6.0
79	80	3.0
79	81	2.0
79	82	1.0
79	187	1.0
80	80	8.0
80	85	1.0
80	86	1.0
81	81	3.0
81	82	1.0
82	82	7.0
82	83	1.0
82	84	1.0
82	85	1.0
83	83	9.0
83	84	4.0
83	89	1.0
83	125	1.0
83	126	1.0
84	84	8.0
84	88	1.0
84	96	1.0
84	116	1.0
84	201	1.0
84	224	1.0
85	85	5.0
85	88	2.0
85	112	1.0
86	86	5.0
86	90	1.0
86	97	2.0
86	125	1.0
86	238	1.0
88	88	6.0
88	89	1.0
88	99	1.0
88	101	2.0
89	99	1.0
90	113	1.0
92	92	1.0
95	95	3.0
96	96	2.0
96	98	1.0
97	97	9.0
97	98	1.0
97	129	1.0
98	98	1.0
98	99	2.0
98	106	1.0
98	107	4.0
99	99	1.0
99	100	3.0
99	101	2.0
99	106	1.0
99	108	1.0
99	111	1.0
99	167	1.0
100	100	5.0
100	162	2.0
101	101	5.0
101	102	1.0
101	103	1.0
101	160	2.0
101	161	1.0
101	163	1.0
102	102	9.0
102	103	1.0
102	104	1.0
102	105	1.0
102	106	1.0
102	161	1.0
102	197	1.0
103	103	9.0
103	104	3.0
103	106	3.0
103	129	1.0
103	136	2.0
103	179	1.0
103	196	1.0
104	104	6.0
104	105	3.0
104	106	1.0
104	107	1.0
104	133	1.0
104	196	1.0
105	105	6.0
105	180	1.0
106	106	7.0
106	107	3.0
106	163	1.0
107	107	4.0
107	108	2.0
107	109	2.0
107	117	1.0
108	108	5.0
108	109	1.0
108	110	1.0
108	148	1.0
108	161	1.0
109	109	7.0
110	164	1.0
111	111	2.0
111	128	2.0
112	112	2.0
112	113	2.0
112	128	1.0
112	162	1.0
113	113	10.0
113	114	2.0
113	120	1.0
113	121	1.0
113	129	2.0
113	130	1.0
113	161	1.0
113	162	1.0
113	172	1.0
113	208	2.0
114	114	4.0
114	115	2.0
114	121	1.0
114	174	1.0
115	115	8.0
115	116	3.0
115	118	1.0
115	119	1.0
115	120	1.0
115	137	1.0
115	223	1.0
116	116	2.0
116	117	2.0
116	119	1.0
116	120	1.0
116	123	1.0
116	133	1.0
116	164	1.0
117	117	7.0
117	118	4.0
117	124	1.0
118	118	10.0
118	119	2.0
118	124	1.0
118	134	2.0
118	141	1.0
119	119	7.0
119	120	2.0
119	122	1.0
119	135	2.0
119	143	1.0
119	172	1.0
119	173	1.0
120	120	6.0
120	121	2.0
120	122	1.0
120	147	1.0
120	172	1.0
120	207	1.0
120	237	1.0
121	121	7.0
121	122	1.0
121	136	2.0
121	145	1.0
122	122	3.0
122	123	2.0
122	124	1.0
122	127	1.0
122	131	2.0
122	135	1.0
122	155	1.0
123	123	5.0
123	124	7.0
123	125	2.0
124	124	5.0
124	125	4.0
124	127	2.0
124	137	1.0
124	141	1.0
124	142	2.0
124	143	1.0
125	125	4.0
125	126	1.0
125	130	1.0
125	153	1.0
126	126	7.0
126	127	4.0
127	127	8.0
127	128	1.0
127	130	1.0
127	133	2.0
127	136	2.0
127	137	1.0
127	138	2.0
128	128	8.0
128	129	4.0
128	131	2.0
128	137	1.0
128	167	1.0
128	171	1.0
129	129	9.0
129	130	4.0
129	131	2.0
129	147	1.0
130	130	4.0
131	131	2.0
131	137	2.0
131	160	1.0
131	170	1.0
131	208	2.0
132	132	2.0
132	134	1.0
132	135	1.0
133	133	6.0
133	134	4.0
133	135	1.0
133	151	1.0
134	134	4.0
134	135	6.0
134	136	1.0
134	137	1.0
134	138	1.0
134	175	1.0
134	193	1.0
134	196	1.0
134	210	1.0
135	135	6.0
135	136	1.0
135	137	4.0
135	138	1.0
135	143	1.0
135	151	1.0
135	163	1.0
135	170	1.0
135	209	1.0
136	136	4.0
136	137	2.0
136	144	2.0
136	151	1.0
136	194	1.0
136	201	1.0
136	208	3.0
136	231	1.0
137	137	8.0
137	138	4.0
137	152	1.0
137	153	1.0
137	163	1.0
138	138	9.0
138	139	2.0
138	140	1.0
138	141	1.0
138	142	1.0
138	163	1.0
139	139	3.0
139	140	3.0
139	141	1.0
139	142	1.0
139	151	1.0
139	179	1.0
139	182	1.0
140	140	3.0
140	141	1.0
140	142	1.0
141	141	7.0
141	142	2.0
141	156	1.0
141	166	1.0
141	184	1.0
141	185	1.0
141	200	1.0
141	201	1.0
142	142	4.0
142	143	2.0
142	146	2.0
142	155	2.0
143	143	8.0
143	144	5.0
143	145	1.0
143	147	3.0
143	148	1.0
143	149	1.0
143	200	1.0
144	144	6.0
144	145	4.0
144	146	1.0
144	147	1.0
144	149	1.0
144	152	1.0
144	164	1.0
144	166	1.0
144	169	1.0
144	170	1.0
145	145	4.0
145	146	2.0
145	147	2.0
145	151	1.0
146	146	8.0
146	147	4.0
146	148	2.0
146	180	1.0
147	147	5.0
147	148	3.0
147	149	2.0
147	150	1.0
148	148	2.0
148	149	2.0
149	149	6.0
149	150	1.0
149	151	1.0
150	150	4.0
150	151	5.0
150	154	1.0
150	155	1.0
150	204	1.0
150	206	2.0
151	151	5.0
151	152	4.0
151	170	1.0
151	171	1.0
151	189	1.0
151	197	1.0
151	199	1.0
151	202	3.0
152	152	5.0
152	153	2.0
152	154	1.0
152	155	1.0
152	158	1.0
152	161	1.0
152	174	1.0
152	190	1.0
153	153	7.0
153	154	4.0
153	158	1.0
153	191	1.0
154	154	6.0
154	155	1.0
154	158	1.0
154	159	1.0
154	171	1.0
154	174	1.0
154	191	1.0
155	155	4.0
155	156	1.0
155	157	1.0
155	223	1.0
156	156	4.0
156	157	2.0
156	195	1.0
157	157	5.0
157	179	1.0
157	196	1.0
157	205	1.0
157	231	1.0
158	158	6.0
158	159	1.0
158	162	1.0
158	174	1.0
158	236	1.0
159	159	6.0
159	160	7.0
159	163	1.0
159	164	1.0
159	168	1.0
159	169	1.0
159	179	1.0
159	237	1.0
159	238	1.0
160	160	7.0
160	171	3.0
160	180	1.0
160	198	2.0
160	207	1.0
161	161	8.0
161	163	2.0
161	168	1.0
161	170	1.0
161	172	1.0
161	174	1.0
161	175	2.0
161	205	1.0
161	206	1.0
162	162	7.0
162	163	1.0
162	165	1.0
162	168	1.0
162	173	1.0
162	176	1.0
162	200	1.0
163	163	3.0
163	165	2.0
163	176	1.0
163	185	2.0
163	186	1.0
164	164	4.0
164	165	1.0
164	169	1.0
164	173	1.0
164	174	1.0
165	165	9.0
165	166	4.0
165	167	2.0
165	170	2.0
165	173	1.0
165	184	1.0
165	196	1.0
165	197	1.0
166	166	7.0
166	172	1.0
166	182	1.0
166	193	1.0
166	196	1.0
167	167	5.0
167	168	3.0
167	176	1.0
167	193	3.0
168	168	6.0
168	169	1.0
168	170	1.0
168	173	1.0
169	169	7.0
169	170	1.0
169	173	2.0
169	241	1.0
170	170	4.0
170	171	4.0
170	173	1.0
170	175	2.0
171	171	6.0
171	173	1.0
171	175	1.0
171	217	1.0
172	172	7.0
172	173	3.0
172	174	1.0
172	176	1.0
172	203	2.0
172	217	1.0
172	218	1.0
173	173	6.0
173	174	6.0
173	191	1.0
173	201	1.0
173	202	1.0
173	236	1.0
174	174	11.0
174	175	3.0
174	177	1.0
174	190	1.0
174	232	1.0
174	235	1.0
175	175	7.0
175	176	3.0
175	177	1.0
175	178	3.0
175	183	1.0
175	201	2.0
175	206	2.0
175	216	1.0
176	176	7.0
176	177	1.0
176	183	1.0
176	195	1.0
176	199	1.0
176	206	1.0
177	177	4.0
177	178	1.0
177	183	1.0
177	194	1.0
177	206	1.0
178	178	9.0
178	179	3.0
178	180	1.0
178	183	1.0
178	189	1.0
178	194	1.0
179	179	5.0
179	180	6.0
179	183	1.0
180	180	6.0
180	181	1.0
180	215	1.0
181	181	7.0
181	182	1.0
181	188	2.0
181	228	1.0
182	182	7.0
182	183	4.0
182	188	2.0
182	196	1.0
182	197	1.0
183	183	9.0
183	198	1.0
183	216	2.0
184	184	7.0
184	185	2.0
184	192	1.0
184	206	1.0
185	185	11.0
185	186	2.0
185	187	2.0
185	189	1.0
185	200	1.0
185	210	1.0
185	211	1.0
186	186	5.0
186	187	1.0
186	192	1.0
186	194	1.0
186	209	1.0
187	187	6.0
187	189	1.0
187	190	1.0
187	191	2.0
187	194	4.0
187	195	1.0
187	202	1.0
187	210	1.0
187	212	1.0
188	188	3.0
188	194	1.0
188	197	1.0
188	201	1.0
188	210	1.0
188	221	1.0
188	227	1.0
189	189	5.0
189	190	2.0
189	207	1.0
189	217	2.0
189	218	1.0
189	225	1.0
189	231	1.0
190	190	4.0
190	191	3.0
190	192	1.0
190	194	1.0
190	197	1.0
190	199	1.0
190	206	1.0
190	207	1.0
190	208	1.0
190	231	1.0
191	191	9.0
191	192	1.0
192	192	8.0
192	193	2.0
192	194	2.0
192	205	1.0
192	206	1.0
192	228	1.0
193	193	10.0
193	195	1.0
193	196	1.0
193	216	1.0
193	225	1.0
193	229	1.0
194	194	2.0
194	195	1.0
194	216	1.0
194	227	1.0
195	195	3.0
195	199	1.0
196	196	9.0
196	197	4.0
197	197	6.0
197	221	1.0
197	223	1.0
197	232	1.0
198	198	6.0
198	199	5.0
198	209	1.0
198	223	1.0
198	235	1.0
199	199	5.0
199	200	5.0
199	224	1.0
199	230	1.0
200	200	2.0
200	201	4.0
200	208	1.0
200	212	1.0
200	230	2.0
201	201	6.0
201	202	3.0
201	203	1.0
201	211	1.0
201	213	1.0
202	202	5.0
202	203	1.0
202	215	1.0
202	217	2.0
202	232	1.0
203	203	7.0
203	204	1.0
203	219	1.0
203	233	1.0
203	234	1.0
204	204	6.0
204	205	5.0
204	206	3.0
204	207	1.0
204	234	1.0
204	235	1.0
205	205	4.0
205	206	2.0
205	218	1.0
206	206	7.0
206	207	1.0
206	208	1.0
206	210	1.0
206	236	1.0
207	207	7.0
207	208	1.0
208	208	1.0
208	209	2.0
208	210	1.0
208	216	1.0
208	217	1.0
208	220	1.0
208	232	1.0
209	209	5.0
209	210	2.0
209	212	2.0
209	213	3.0
209	216	1.0
210	210	6.0
210	211	1.0
210	217	1.0
210	220	1.0
211	211	8.0
211	212	2.0
211	229	1.0
212	212	8.0
212	213	1.0
212	215	1.0
212	217	1.0
213	213	5.0
213	214	1.0
213	215	3.0
213	216	1.0
214	214	5.0
214	215	2.0
214	216	2.0
214	220	1.0
215	215	6.0
215	216	3.0
215	220	1.0
215	227	1.0
216	216	5.0
216	217	2.0
216	218	1.0
216	225	1.0
216	227	2.0
216	242	1.0
217	217	10.0
217	218	3.0
217	219	1.0
217	228	1.0
217	231	1.0
218	218	8.0
218	219	1.0
218	231	2.0
219	219	13.0
219	220	1.0
219	236	1.0
219	241	1.0
220	220	12.0
220	221	2.0
220	222	1.0
220	223	1.0
220	227	1.0
220	228	1.0
220	232	1.0
220	236	1.0
220	240	1.0
220	241	1.0
221	221	7.0
221	222	1.0
221	227	1.0
221	228	1.0
221	229	1.0
221	231	2.0
221	236	1.0
222	222	5.0
222	223	3.0
222	227	3.0
222	230	1.0
222	231	2.0
223	223	7.0
223	224	1.0
223	226	1.0
224	224	3.0
224	225	3.0
224	226	2.0
224	230	2.0
225	225	5.0
225	226	5.0
225	227	1.0
225	228	2.0
226	226	8.0
227	227	8.0
227	228	1.0
228	228	6.0
228	229	2.0
228	230	1.0
229	229	12.0
229	230	6.0
230	230	3.0
230	231	2.0
230	234	1.0
231	231	6.0
231	232	1.0
231	233	1.0
231	234	1.0
231	235	1.0
232	232	7.0
232	233	3.0
232	235	1.0
232	236	2.0
232	241	1.0
233	233	8.0
233	234	1.0
233	237	1.0
234	234	10.0
234	235	1.0
234	238	1.0
235	235	11.0
235	236	4.0
235	237	1.0
235	241	1.0
236	236	12.0
236	237	2.0
236	238	1.0
236	241	1.0
237	237	6.0
237	238	1.0
237	242	1.0
238	238	12.0
238	239	1.0
238	240	1.0
238	241	2.0
238	242	1.0
239	239	6.0
239	240	4.0
239	241	1.0
240	240	11.0
240	241	1.0
241	241	7.0
241	242	6.0
242	242	7.0
242	243	1.0
0	1	4.0
0	10	1.0
0	11	1.0
0	85	1.0
0	172	1.0
0	208	1.0
0	0	1.0
