1	1	9.0
1	2	2.0
1	33	1.0
2	2	5.0
2	3	4.0
2	16	1.0
2	41	1.0
2	42	1.0
3	3	6.0
3	4	1.0
3	5	1.0
4	4	13.0
4	61	1.0
4	78	1.0
5	5	9.0
5	6	3.0
5	17	1.0
5	20	2.0
5	48	1.0
5	72	1.0
6	6	9.0
6	10	1.0
6	15	1.0
6	17	1.0
6	28	1.0
6	62	1.0
7	7	8.0
7	8	2.0
7	17	2.0
7	20	1.0
7	37	1.0
7	39	1.0
7	40	1.0
7	73	1.0
7	79	1.0
8	8	7.0
8	9	6.0
8	10	2.0
8	11	1.0
8	14	1.0
9	9	8.0
9	10	6.0
9	13	1.0
9	17	1.0
9	40	1.0
9	54	1.0
9	60	1.0
9	63	1.0
9	64	1.0
9	71	1.0
9	75	1.0
10	10	4.0
10	11	2.0
10	12	1.0
10	13	1.0
10	40	2.0
10	68	1.0
10	76	1.0
10	80	2.0
11	11	7.0
11	12	4.0
11	15	1.0
11	19	1.0
12	12	7.0
12	72	1.0
13	13	8.0
13	14	5.0
13	15	1.0
14	14	5.0
14	15	4.0
14	35	1.0
15	15	3.0
15	16	1.0
15	26	1.0
15	28	1.0
15	32	1.0
15	48	1.0
15	49	1.0
16	16	2.0
16	17	1.0
17	17	8.0
17	18	2.0
17	19	1.0
17	30	1.0
17	79	1.0
18	18	3.0
18	19	1.0
19	19	1.0
19	20	1.0
19	66	1.0
19	73	2.0
20	20	4.0
21	21	8.0
21	22	2.0
25	25	7.0
25	26	2.0
25	29	1.0
26	26	6.0
26	27	3.0
26	60	1.0
26	70	1.0
27	27	10.0
27	28	1.0
27	30	1.0
27	36	1.0
27	48	1.0
28	28	3.0
29	29	4.0
29	30	5.0
29	31	2.0
29	32	1.0
29	41	1.0
30	30	4.0
30	31	1.0
30	35	1.0
30	48	1.0
31	31	13.0
31	32	2.0
31	33	3.0
31	36	1.0
32	32	8.0
32	33	3.0
32	34	2.0
32	58	3.0
33	33	11.0
33	34	1.0
33	36	1.0
33	41	1.0
34	34	5.0
34	35	3.0
34	37	1.0
34	78	1.0
35	35	4.0
35	36	1.0
35	37	1.0
35	39	1.0
35	42	1.0
35	75	1.0
36	36	1.0
36	41	1.0
37	37	4.0
37	38	1.0
37	46	1.0
37	62	1.0
37	77	1.0
37	80	1.0
38	38	3.0
38	39	5.0
38	48	2.0
39	39	11.0
39	40	1.0
39	47	1.0
40	40	7.0
40	41	1.0
40	45	1.0
40	65	1.0
40	73	1.0
41	41	10.0
41	42	3.0
42	42	7.0
42	43	1.0
42	60	1.0
42	72	1.0
42	76	3.0
43	43	1.0
43	45	1.0
43	79	1.0
44	44	2.0
44	45	1.0
44	48	1.0
45	45	3.0
45	46	1.0
45	47	2.0
45	73	1.0
46	46	5.0
46	47	2.0
46	48	2.0
46	49	1.0
46	60	1.0
46	63	1.0
47	47	6.0
47	48	2.0
47	49	1.0
47	52	1.0
48	48	6.0
48	49	2.0
48	52	1.0
49	49	7.0
49	50	2.0
49	53	1.0
50	50	6.0
50	51	2.0
50	53	1.0
51	51	4.0
51	52	1.0
51	53	1.0
51	55	1.0
52	52	7.0
52	53	1.0
53	53	10.0
53	54	5.0
53	55	1.0
53	75	1.0
54	54	8.0
54	55	5.0
54	56	1.0
55	55	11.0
55	56	3.0
55	71	1.0
56	56	7.0
56	59	1.0
56	64	1.0
56	66	1.0
56	72	1.0
56	74	1.0
56	75	1.0
57	57	4.0
57	72	1.0
58	58	3.0
58	59	2.0
58	61	1.0
58	63	2.0
58	66	1.0
59	59	10.0
59	60	1.0
59	61	1.0
59	62	1.0
59	70	1.0
60	60	3.0
60	61	3.0
61	61	4.0
61	62	1.0
61	74	1.0
62	62	7.0
62	63	2.0
62	65	1.0
63	63	3.0
63	65	2.0
63	73	1.0
64	64	9.0
64	65	1.0
64	66	1.0
64	70	1.0
64	71	1.0
65	65	8.0
65	66	1.0
65	67	1.0
65	70	1.0
65	74	1.0
66	66	2.0
66	67	1.0
66	71	1.0
67	67	9.0
67	68	4.0
67	70	1.0
68	68	3.0
68	69	3.0
68	70	2.0
69	69	7.0
69	70	6.0
69	71	2.0
70	70	10.0
70	71	6.0
71	71	15.0
71	72	1.0
72	72	10.0
72	73	2.0
72	74	1.0
73	73	9.0
73	74	1.0
73	75	1.0
73	80	1.0
74	74	5.0
74	75	3.0
75	75	9.0
75	76	5.0
75	80	1.0
76	76	15.0
76	77	2.0
76	78	2.0
77	77	7.0
77	78	2.0
77	80	1.0
78	78	12.0
78	79	3.0
79	79	3.0
80	80	9.0
80	81	2.0
0	1	1.0
0	4	1.0
0	58	2.0
0	0	4.0
