1	1	5.0
1	2	1.0
2	2	2.0
2	49	1.0
3	3	4.0
3	4	1.0
4	4	2.0
4	5	1.0
5	5	4.0
5	6	1.0
5	130	1.0
6	6	4.0
6	7	1.0
7	7	2.0
7	111	1.0
8	8	2.0
10	10	1.0
11	11	1.0
11	12	1.0
12	12	3.0
13	13	4.0
13	14	1.0
13	63	1.0
14	15	1.0
15	15	2.0
15	16	1.0
16	16	3.0
17	17	1.0
18	18	3.0
19	19	1.0
19	20	1.0
20	20	1.0
21	21	2.0
22	22	4.0
22	23	2.0
23	24	1.0
24	24	1.0
25	25	1.0
25	26	1.0
25	33	1.0
26	26	1.0
26	39	1.0
26	43	1.0
26	72	2.0
27	27	2.0
29	29	2.0
29	30	2.0
30	30	5.0
31	31	1.0
32	32	3.0
32	33	1.0
33	33	2.0
33	34	1.0
39	40	1.0
40	41	2.0
40	49	2.0
41	41	4.0
41	42	2.0
41	51	1.0
42	42	1.0
42	43	1.0
43	43	2.0
44	44	2.0
44	45	1.0
45	45	1.0
45	46	1.0
45	48	1.0
46	46	1.0
46	47	1.0
47	47	3.0
47	48	1.0
47	49	1.0
48	48	1.0
48	49	1.0
49	49	4.0
50	50	4.0
51	51	1.0
52	52	3.0
53	53	2.0
53	54	1.0
54	54	4.0
54	55	2.0
55	55	2.0
55	56	1.0
56	56	2.0
57	57	5.0
59	59	1.0
59	65	1.0
61	61	1.0
61	93	1.0
62	62	3.0
62	63	2.0
63	63	5.0
63	67	1.0
63	99	1.0
64	64	1.0
64	65	1.0
64	67	1.0
64	87	1.0
65	65	2.0
65	66	2.0
66	66	1.0
66	67	2.0
67	67	1.0
68	68	2.0
68	69	1.0
68	93	1.0
69	89	1.0
70	70	1.0
70	71	1.0
70	80	1.0
71	71	5.0
72	72	2.0
72	74	1.0
73	73	1.0
74	74	2.0
75	75	4.0
75	78	1.0
76	76	2.0
76	77	2.0
77	77	3.0
77	95	1.0
78	78	3.0
78	96	1.0
78	98	1.0
79	81	1.0
79	92	1.0
82	82	3.0
82	86	1.0
82	90	1.0
83	83	2.0
83	84	1.0
83	87	1.0
84	84	1.0
85	86	1.0
85	88	1.0
86	86	1.0
87	87	2.0
87	88	1.0
88	88	1.0
89	89	8.0
89	90	1.0
89	91	1.0
91	91	1.0
91	92	1.0
91	93	1.0
92	92	1.0
93	93	3.0
93	95	1.0
93	122	1.0
94	94	4.0
94	95	1.0
96	96	1.0
96	97	2.0
96	98	1.0
97	97	1.0
97	101	1.0
98	98	2.0
99	99	5.0
99	100	1.0
100	100	1.0
100	101	1.0
101	101	2.0
102	102	3.0
102	103	1.0
102	110	1.0
103	103	4.0
103	118	1.0
104	104	2.0
104	105	3.0
104	119	1.0
105	105	5.0
105	119	1.0
106	106	4.0
106	107	1.0
107	107	3.0
107	108	1.0
108	108	3.0
109	109	7.0
110	110	3.0
110	112	2.0
110	113	1.0
111	111	7.0
112	112	2.0
113	113	3.0
113	114	2.0
114	114	4.0
114	116	1.0
115	115	6.0
116	116	2.0
116	117	3.0
117	117	3.0
117	118	2.0
118	118	3.0
119	119	2.0
120	120	3.0
120	121	2.0
121	121	4.0
121	122	3.0
122	124	1.0
122	129	1.0
122	131	1.0
123	123	4.0
123	124	1.0
123	127	1.0
124	124	3.0
124	125	1.0
124	126	1.0
124	127	1.0
125	125	5.0
125	126	1.0
126	126	2.0
126	127	3.0
126	132	1.0
128	128	2.0
128	129	1.0
128	130	1.0
129	129	2.0
129	130	1.0
130	130	3.0
130	131	2.0
131	131	4.0
131	132	2.0
132	132	5.0
133	133	4.0
0	0	1.0
