1	1	9.0
1	4	1.0
1	5	1.0
1	7	1.0
1	8	1.0
1	33	1.0
1	80	1.0
2	2	5.0
2	3	2.0
2	8	1.0
2	9	1.0
2	17	1.0
2	19	1.0
2	33	1.0
2	236	1.0
3	3	2.0
3	4	3.0
3	5	1.0
3	6	1.0
3	7	2.0
3	8	1.0
3	11	1.0
3	23	1.0
3	174	1.0
4	4	5.0
4	7	1.0
4	12	1.0
5	5	6.0
5	6	1.0
5	7	1.0
5	13	1.0
6	6	1.0
6	7	1.0
6	11	1.0
6	20	1.0
6	161	1.0
7	7	3.0
7	8	3.0
7	9	1.0
7	14	1.0
7	21	1.0
8	8	4.0
8	9	1.0
8	13	1.0
8	17	1.0
9	9	4.0
9	10	3.0
9	23	1.0
9	136	1.0
9	161	1.0
9	231	1.0
10	10	8.0
10	11	4.0
10	16	1.0
10	29	1.0
10	68	1.0
10	174	1.0
10	225	1.0
11	11	5.0
11	12	1.0
11	26	1.0
11	28	1.0
11	32	1.0
11	38	1.0
11	68	1.0
12	12	3.0
12	13	1.0
12	16	2.0
12	23	1.0
13	13	4.0
13	14	2.0
13	16	1.0
13	18	2.0
13	168	1.0
14	14	2.0
14	15	1.0
14	17	1.0
14	18	1.0
14	34	1.0
14	42	1.0
15	15	9.0
15	16	4.0
15	17	1.0
15	21	1.0
15	179	1.0
16	16	8.0
16	18	1.0
16	23	1.0
16	38	1.0
16	43	1.0
16	61	1.0
16	222	1.0
17	17	3.0
17	21	1.0
18	18	1.0
18	19	2.0
18	22	1.0
19	19	9.0
19	20	1.0
19	21	1.0
19	22	1.0
19	23	1.0
19	44	1.0
20	20	6.0
20	34	1.0
20	50	1.0
20	67	1.0
20	221	1.0
21	21	4.0
21	22	3.0
21	26	1.0
21	41	1.0
21	203	2.0
22	22	1.0
22	23	3.0
22	25	2.0
23	23	6.0
23	24	2.0
23	34	1.0
23	37	1.0
23	38	1.0
23	39	1.0
23	40	1.0
23	42	1.0
23	45	1.0
23	123	1.0
23	171	1.0
23	226	1.0
24	24	6.0
24	25	1.0
24	43	1.0
24	233	1.0
25	25	10.0
25	28	1.0
25	39	1.0
25	140	1.0
25	234	1.0
25	235	1.0
26	26	6.0
26	27	4.0
26	39	1.0
26	45	1.0
26	167	1.0
26	187	1.0
27	27	9.0
27	28	2.0
27	32	1.0
27	40	1.0
27	71	1.0
28	28	4.0
28	29	3.0
28	30	2.0
28	69	1.0
29	29	7.0
29	30	3.0
29	48	2.0
29	57	1.0
29	64	2.0
29	71	1.0
29	214	1.0
30	30	5.0
30	35	1.0
30	37	1.0
30	42	1.0
30	45	1.0
30	62	1.0
31	31	4.0
31	32	1.0
31	33	1.0
31	37	2.0
31	38	1.0
31	42	2.0
31	148	1.0
31	149	1.0
31	177	1.0
32	32	4.0
32	33	1.0
32	36	1.0
32	37	1.0
32	38	1.0
32	44	1.0
32	47	1.0
32	85	1.0
32	115	1.0
32	238	1.0
33	33	7.0
33	39	1.0
33	42	1.0
34	34	1.0
34	36	1.0
34	45	1.0
35	35	2.0
35	36	2.0
35	37	2.0
35	210	1.0
36	36	2.0
36	37	2.0
36	38	1.0
36	39	1.0
36	51	1.0
37	37	6.0
37	38	2.0
37	45	2.0
38	38	8.0
38	39	6.0
38	41	1.0
38	47	2.0
39	39	5.0
39	41	2.0
39	42	1.0
39	57	1.0
39	225	1.0
40	40	2.0
40	41	1.0
40	153	1.0
40	169	1.0
40	239	1.0
41	41	6.0
42	42	4.0
42	43	2.0
42	44	1.0
42	62	1.0
42	66	1.0
42	100	1.0
42	172	1.0
42	191	1.0
42	193	1.0
42	215	1.0
43	43	5.0
43	44	3.0
43	45	1.0
43	47	3.0
43	52	1.0
43	56	1.0
43	64	1.0
43	225	1.0
43	235	1.0
44	44	7.0
44	45	2.0
44	47	1.0
44	48	1.0
44	50	1.0
44	68	1.0
44	130	1.0
44	218	1.0
44	242	1.0
45	45	6.0
45	46	5.0
45	47	1.0
45	51	1.0
46	46	5.0
46	47	1.0
46	50	1.0
46	84	1.0
46	86	2.0
46	168	1.0
46	223	1.0
46	234	1.0
47	47	4.0
47	48	2.0
47	50	2.0
47	58	1.0
47	73	1.0
47	85	1.0
48	48	3.0
48	49	1.0
48	50	1.0
48	73	1.0
48	152	1.0
49	49	2.0
49	50	2.0
49	60	1.0
49	236	1.0
50	50	1.0
50	55	1.0
51	51	4.0
51	53	2.0
51	54	1.0
51	55	1.0
51	56	1.0
52	52	3.0
52	170	1.0
53	53	7.0
53	55	2.0
53	192	1.0
54	54	6.0
54	55	1.0
54	56	1.0
54	61	1.0
54	114	1.0
54	142	1.0
55	55	4.0
55	58	2.0
55	62	1.0
55	71	2.0
55	84	1.0
56	56	2.0
56	58	1.0
57	57	4.0
57	59	1.0
57	65	1.0
58	58	8.0
58	59	1.0
58	60	1.0
58	78	1.0
59	59	3.0
59	60	3.0
59	63	1.0
59	64	1.0
59	73	1.0
60	60	7.0
60	61	1.0
60	62	1.0
60	65	2.0
60	72	1.0
60	73	1.0
60	118	1.0
60	120	1.0
60	128	1.0
61	61	2.0
61	62	2.0
61	100	1.0
61	105	1.0
61	114	2.0
61	151	1.0
62	62	1.0
62	63	3.0
62	73	1.0
63	63	3.0
63	64	1.0
63	65	2.0
63	206	1.0
64	64	1.0
64	65	4.0
64	74	1.0
64	106	1.0
64	111	1.0
64	176	1.0
64	183	1.0
65	65	3.0
65	66	4.0
65	67	2.0
65	74	1.0
66	66	1.0
66	67	1.0
66	68	2.0
66	85	1.0
66	236	1.0
67	67	3.0
67	68	1.0
67	69	1.0
67	144	1.0
67	237	1.0
68	68	1.0
69	70	2.0
69	75	1.0
69	85	1.0
69	126	1.0
70	70	4.0
70	71	1.0
70	72	1.0
70	74	1.0
70	76	1.0
70	120	1.0
71	71	11.0
71	72	1.0
71	84	1.0
71	109	1.0
71	120	1.0
71	203	1.0
72	72	3.0
72	75	1.0
72	82	1.0
73	73	5.0
73	74	2.0
73	80	1.0
73	85	1.0
73	149	1.0
73	196	1.0
73	207	1.0
73	235	1.0
74	74	6.0
74	75	3.0
74	76	1.0
74	80	2.0
74	81	1.0
74	190	1.0
75	75	4.0
75	76	3.0
75	79	2.0
75	84	2.0
75	172	1.0
76	76	2.0
76	77	1.0
76	86	1.0
76	193	1.0
77	77	3.0
77	78	2.0
77	106	1.0
78	78	2.0
79	79	5.0
79	80	2.0
79	118	1.0
79	124	1.0
79	127	1.0
80	80	1.0
80	81	1.0
80	84	2.0
80	99	1.0
80	118	1.0
81	81	4.0
82	82	3.0
82	83	1.0
83	83	3.0
83	138	1.0
83	173	1.0
84	84	4.0
84	85	2.0
84	86	1.0
84	119	1.0
85	85	11.0
85	86	3.0
85	88	1.0
85	97	1.0
86	86	5.0
86	88	1.0
86	96	1.0
86	97	1.0
86	119	1.0
87	87	1.0
87	113	1.0
88	88	2.0
88	89	3.0
88	110	1.0
89	89	2.0
91	96	1.0
95	95	6.0
95	96	1.0
95	97	1.0
95	99	1.0
95	100	1.0
96	96	2.0
96	98	1.0
96	99	1.0
96	241	2.0
97	97	6.0
97	98	2.0
97	201	1.0
98	98	2.0
98	99	1.0
98	100	1.0
98	105	1.0
99	99	1.0
99	102	1.0
99	103	1.0
99	119	1.0
99	222	1.0
100	100	6.0
100	101	1.0
100	109	2.0
100	242	1.0
101	101	6.0
101	102	2.0
101	109	1.0
101	113	1.0
101	115	1.0
101	205	1.0
102	102	4.0
102	107	1.0
102	119	1.0
102	163	1.0
102	210	1.0
103	103	2.0
103	104	2.0
103	105	3.0
103	117	1.0
103	136	1.0
103	139	1.0
104	104	3.0
104	105	1.0
105	105	3.0
106	106	2.0
106	107	1.0
106	109	1.0
106	171	1.0
106	225	1.0
107	107	4.0
107	108	2.0
107	109	1.0
107	110	1.0
107	149	1.0
107	205	1.0
108	108	4.0
108	109	1.0
108	122	1.0
109	109	4.0
109	110	2.0
109	121	1.0
110	112	1.0
110	126	1.0
110	136	1.0
111	111	4.0
111	112	1.0
111	113	1.0
111	148	1.0
111	190	1.0
112	112	2.0
112	113	2.0
112	175	1.0
112	196	1.0
113	113	5.0
113	114	1.0
113	118	2.0
113	119	1.0
113	128	1.0
113	166	1.0
113	168	1.0
114	114	3.0
114	115	2.0
114	116	1.0
114	118	1.0
114	122	1.0
114	174	1.0
115	115	2.0
115	117	1.0
115	119	1.0
115	130	1.0
115	138	1.0
116	116	6.0
116	117	1.0
116	118	3.0
116	127	1.0
116	129	1.0
116	144	1.0
117	117	3.0
117	118	1.0
117	121	1.0
117	129	1.0
117	227	1.0
118	118	5.0
118	119	1.0
118	139	1.0
119	119	4.0
119	120	3.0
119	127	1.0
119	132	1.0
119	136	1.0
120	120	5.0
120	121	1.0
120	122	3.0
120	127	2.0
120	131	1.0
121	121	13.0
121	122	4.0
121	133	2.0
121	147	1.0
121	242	1.0
122	122	2.0
122	123	1.0
122	124	1.0
122	125	1.0
122	127	1.0
122	129	1.0
122	136	1.0
122	158	1.0
122	178	1.0
122	242	1.0
123	123	3.0
123	124	1.0
123	127	1.0
124	124	1.0
124	125	1.0
124	126	2.0
124	130	1.0
125	125	3.0
125	126	2.0
125	129	1.0
125	133	1.0
125	144	1.0
126	126	5.0
126	127	1.0
126	157	1.0
127	127	4.0
127	131	1.0
127	133	1.0
127	135	1.0
127	165	1.0
128	128	9.0
128	129	2.0
128	168	1.0
128	177	1.0
129	129	1.0
129	130	1.0
129	134	1.0
129	135	1.0
129	176	1.0
130	130	3.0
130	131	1.0
130	136	1.0
130	162	1.0
130	175	1.0
131	131	5.0
131	132	1.0
131	209	1.0
132	132	2.0
132	133	1.0
133	133	2.0
133	135	1.0
133	138	1.0
133	159	1.0
134	134	6.0
134	135	2.0
134	141	1.0
134	166	1.0
135	135	3.0
135	151	1.0
136	136	8.0
136	137	2.0
136	138	1.0
136	139	1.0
136	144	1.0
136	174	1.0
136	209	1.0
137	137	3.0
137	138	2.0
137	151	1.0
137	153	1.0
137	156	1.0
137	157	1.0
137	163	1.0
137	187	1.0
137	212	1.0
137	221	1.0
138	138	5.0
138	147	1.0
138	150	1.0
138	151	1.0
139	139	2.0
139	140	4.0
139	141	3.0
139	155	1.0
140	140	4.0
140	143	1.0
140	153	1.0
141	141	1.0
141	142	2.0
142	142	2.0
142	143	1.0
142	144	1.0
143	143	3.0
143	144	2.0
143	149	1.0
143	159	1.0
143	166	1.0
143	205	1.0
144	144	2.0
144	145	2.0
144	149	1.0
144	157	1.0
144	159	1.0
144	164	1.0
145	145	3.0
145	146	1.0
145	148	1.0
145	151	1.0
146	146	2.0
146	147	2.0
146	148	1.0
146	159	1.0
146	162	1.0
146	164	1.0
147	147	2.0
147	149	1.0
147	151	1.0
147	161	1.0
147	165	1.0
148	148	5.0
148	149	1.0
149	149	7.0
149	150	1.0
149	158	1.0
149	167	1.0
149	213	1.0
150	150	2.0
150	151	1.0
150	160	1.0
150	217	1.0
151	151	4.0
151	152	2.0
151	153	1.0
151	227	1.0
152	152	3.0
152	153	2.0
152	176	1.0
153	153	2.0
153	154	1.0
153	159	1.0
153	175	1.0
154	154	6.0
154	160	1.0
154	174	1.0
154	234	1.0
155	156	1.0
155	158	1.0
156	157	3.0
156	158	1.0
156	162	1.0
157	157	5.0
157	158	1.0
158	158	9.0
158	159	4.0
158	160	1.0
158	171	1.0
158	200	1.0
159	159	8.0
159	160	4.0
159	162	1.0
159	171	2.0
159	174	2.0
160	160	4.0
160	161	1.0
160	164	1.0
160	203	1.0
161	161	4.0
161	163	1.0
162	162	4.0
162	174	1.0
163	163	4.0
163	164	1.0
163	165	4.0
163	166	1.0
163	175	1.0
163	194	1.0
164	164	3.0
164	165	1.0
164	167	1.0
165	165	2.0
165	166	2.0
165	167	1.0
165	202	1.0
165	224	1.0
166	166	1.0
166	167	1.0
166	175	1.0
166	178	1.0
166	200	1.0
166	221	1.0
167	167	2.0
167	168	1.0
167	169	1.0
167	170	1.0
167	177	1.0
167	188	1.0
168	168	1.0
168	169	1.0
168	174	1.0
168	190	1.0
168	191	1.0
168	197	1.0
169	169	1.0
169	172	1.0
169	180	1.0
169	186	1.0
169	188	1.0
169	201	1.0
169	207	1.0
169	242	1.0
170	170	1.0
170	171	1.0
170	172	1.0
170	207	1.0
171	171	2.0
171	172	2.0
171	173	1.0
171	206	1.0
171	218	1.0
172	172	3.0
172	173	1.0
172	174	1.0
172	196	1.0
173	173	2.0
173	174	2.0
173	175	2.0
173	176	1.0
173	187	1.0
173	201	1.0
173	202	1.0
174	174	3.0
174	180	1.0
175	175	6.0
175	181	1.0
176	176	5.0
176	177	2.0
176	178	1.0
176	194	1.0
176	196	1.0
176	231	1.0
177	177	6.0
177	178	3.0
177	188	1.0
178	178	3.0
178	179	2.0
178	213	1.0
179	179	3.0
179	180	2.0
179	182	1.0
179	215	1.0
179	216	1.0
179	219	1.0
179	224	1.0
180	180	3.0
180	181	1.0
180	182	3.0
180	217	1.0
180	230	1.0
181	182	2.0
181	183	1.0
182	182	6.0
182	192	1.0
183	183	2.0
183	184	1.0
183	207	1.0
184	184	3.0
184	185	1.0
184	190	1.0
184	192	1.0
184	221	1.0
185	185	2.0
185	186	1.0
186	186	5.0
186	187	1.0
186	190	1.0
186	196	1.0
186	210	1.0
187	187	3.0
187	188	1.0
187	210	1.0
187	216	1.0
187	224	1.0
187	225	1.0
188	188	4.0
188	189	2.0
188	190	2.0
188	201	1.0
188	220	1.0
189	189	1.0
189	190	1.0
189	202	1.0
190	190	4.0
190	191	2.0
190	192	1.0
190	194	1.0
190	238	1.0
190	242	1.0
191	191	1.0
191	192	1.0
191	193	1.0
191	194	1.0
191	198	2.0
191	199	1.0
191	231	1.0
192	192	5.0
192	193	2.0
192	196	2.0
192	200	1.0
192	207	1.0
194	194	1.0
194	195	2.0
194	196	1.0
194	198	1.0
194	208	1.0
195	195	4.0
195	196	2.0
196	196	2.0
196	197	1.0
196	208	1.0
196	213	1.0
197	197	3.0
197	198	3.0
197	201	1.0
197	224	1.0
197	230	2.0
198	198	2.0
198	199	2.0
198	200	1.0
198	201	2.0
198	202	1.0
198	219	1.0
199	199	5.0
199	200	1.0
200	200	4.0
200	201	3.0
200	203	1.0
201	201	7.0
201	232	1.0
202	202	4.0
202	203	1.0
202	227	1.0
203	203	2.0
203	204	2.0
203	205	1.0
204	204	4.0
204	206	1.0
204	207	1.0
204	208	1.0
204	209	1.0
204	232	1.0
204	240	1.0
205	207	1.0
205	219	1.0
206	206	5.0
206	207	1.0
206	210	1.0
206	216	1.0
207	207	4.0
207	208	3.0
208	208	5.0
208	209	2.0
208	212	1.0
208	217	2.0
208	233	1.0
209	209	5.0
209	210	1.0
209	214	1.0
209	220	1.0
210	210	2.0
210	211	2.0
210	216	1.0
210	220	1.0
211	211	1.0
211	212	2.0
212	212	3.0
212	213	5.0
212	220	1.0
213	213	3.0
213	214	1.0
213	217	1.0
213	222	1.0
214	214	1.0
214	221	1.0
215	215	2.0
215	216	4.0
216	216	1.0
216	220	2.0
216	223	1.0
217	217	5.0
217	218	1.0
217	222	1.0
217	224	1.0
217	225	1.0
217	230	1.0
217	235	1.0
217	239	1.0
218	218	6.0
218	219	4.0
218	231	2.0
218	232	1.0
219	219	8.0
219	220	3.0
220	220	9.0
220	225	1.0
220	232	1.0
221	221	1.0
221	222	1.0
221	223	1.0
221	225	1.0
222	222	3.0
222	225	1.0
223	223	6.0
223	224	2.0
223	225	1.0
223	231	1.0
223	232	1.0
223	237	1.0
224	224	4.0
224	225	2.0
224	227	1.0
224	232	2.0
225	225	3.0
225	226	1.0
225	231	1.0
225	241	1.0
226	226	4.0
226	227	1.0
226	228	1.0
226	229	1.0
227	227	7.0
227	228	2.0
228	228	4.0
228	229	1.0
228	230	1.0
229	229	3.0
229	230	1.0
229	231	1.0
230	230	2.0
230	231	1.0
231	231	7.0
231	232	2.0
231	233	1.0
231	236	1.0
232	232	8.0
232	233	3.0
232	239	1.0
233	233	7.0
233	234	1.0
233	239	1.0
233	242	1.0
234	234	3.0
234	235	2.0
234	236	2.0
234	237	1.0
234	238	2.0
235	235	5.0
235	236	4.0
235	237	1.0
235	242	1.0
236	236	3.0
236	237	5.0
236	240	1.0
236	241	1.0
237	237	5.0
237	238	1.0
238	238	7.0
238	239	2.0
238	241	1.0
239	239	5.0
239	240	2.0
239	241	3.0
239	242	1.0
240	240	9.0
240	241	2.0
241	241	9.0
241	242	1.0
242	242	8.0
0	1	2.0
0	2	1.0
0	9	1.0
0	12	1.0
0	15	1.0
0	99	1.0
0	0	10.0
