1	1	1.0
1	4	1.0
1	6	1.0
2	9	1.0
3	3	2.0
3	7	1.0
4	4	4.0
5	5	5.0
5	6	2.0
5	8	1.0
6	7	2.0
7	9	1.0
8	8	1.0
9	9	2.0
9	10	3.0
9	11	1.0
9	44	1.0
10	10	3.0
10	11	1.0
10	14	1.0
11	11	4.0
12	12	3.0
12	13	1.0
13	13	1.0
13	20	1.0
14	14	1.0
18	19	2.0
18	20	1.0
19	19	2.0
19	25	1.0
20	20	1.0
20	44	1.0
21	21	2.0
21	22	1.0
21	30	1.0
22	22	1.0
22	25	1.0
22	36	1.0
22	48	1.0
23	23	1.0
23	24	1.0
23	25	1.0
24	24	1.0
24	25	2.0
24	26	1.0
25	30	2.0
26	27	1.0
27	27	2.0
27	35	1.0
28	29	2.0
29	29	1.0
29	30	2.0
29	47	1.0
30	30	1.0
30	31	1.0
30	33	1.0
31	31	1.0
33	33	1.0
33	40	2.0
34	34	2.0
34	35	1.0
34	43	1.0
34	46	1.0
35	35	2.0
35	36	1.0
35	39	2.0
36	36	1.0
36	37	1.0
36	40	1.0
37	37	1.0
37	38	2.0
38	38	1.0
38	41	1.0
39	39	2.0
39	41	1.0
39	48	1.0
39	54	1.0
40	40	2.0
40	42	1.0
40	43	1.0
41	41	1.0
41	44	1.0
42	42	2.0
43	43	4.0
43	44	1.0
43	61	1.0
44	44	1.0
44	56	1.0
44	77	1.0
45	45	4.0
45	46	1.0
45	47	1.0
46	46	5.0
46	47	1.0
46	49	1.0
47	47	5.0
47	54	1.0
48	48	2.0
48	49	1.0
49	49	2.0
49	51	1.0
50	50	1.0
50	52	1.0
51	52	2.0
51	70	1.0
52	53	3.0
52	70	1.0
53	53	3.0
53	54	1.0
53	66	1.0
54	54	3.0
54	63	1.0
55	55	3.0
55	56	1.0
55	60	1.0
56	56	2.0
56	57	2.0
58	58	2.0
58	60	1.0
58	67	1.0
59	59	1.0
60	60	3.0
60	61	1.0
60	64	1.0
60	68	1.0
60	69	1.0
60	71	2.0
61	63	2.0
61	64	1.0
61	68	1.0
62	65	1.0
63	63	1.0
63	64	1.0
64	64	1.0
64	66	1.0
65	73	1.0
66	68	1.0
67	74	1.0
68	68	1.0
68	70	2.0
70	70	2.0
70	71	1.0
71	71	1.0
71	72	1.0
71	75	1.0
72	72	1.0
72	73	1.0
73	73	3.0
73	75	1.0
73	77	1.0
74	74	2.0
74	75	1.0
75	75	2.0
75	76	1.0
76	77	3.0
77	77	1.0
77	78	1.0
0	1	1.0
0	4	1.0
0	0	1.0
