10	10	1.0
11	16	1.0
11	19	1.0
14	14	1.0
14	15	1.0
14	20	1.0
15	15	9.0
15	16	7.0
15	18	2.0
15	19	1.0
15	25	1.0
15	33	1.0
15	35	1.0
15	38	1.0
15	42	1.0
15	43	1.0
16	16	21.0
16	17	3.0
16	20	2.0
16	22	1.0
16	25	1.0
16	29	1.0
16	33	1.0
16	35	1.0
16	38	1.0
17	17	12.0
17	18	3.0
17	19	1.0
17	20	2.0
17	21	2.0
17	22	1.0
17	25	1.0
17	26	1.0
17	27	1.0
17	28	1.0
17	34	1.0
17	39	1.0
18	18	14.0
18	19	6.0
18	25	1.0
18	34	1.0
18	42	1.0
19	19	15.0
19	20	3.0
19	21	3.0
19	22	2.0
19	26	1.0
19	39	1.0
19	40	1.0
20	20	9.0
20	21	5.0
20	22	2.0
20	23	1.0
20	25	1.0
20	32	1.0
21	21	5.0
21	22	5.0
21	23	1.0
21	24	5.0
21	26	1.0
21	42	1.0
22	22	7.0
22	23	3.0
22	24	1.0
22	27	1.0
22	30	1.0
22	32	2.0
23	23	13.0
23	24	5.0
23	25	3.0
23	27	3.0
23	35	2.0
24	24	4.0
24	25	6.0
24	28	1.0
24	31	1.0
24	33	1.0
24	39	1.0
24	40	1.0
25	25	14.0
25	26	5.0
25	27	1.0
25	28	1.0
25	31	1.0
25	38	1.0
26	26	7.0
26	27	5.0
26	29	2.0
26	30	1.0
26	31	1.0
26	35	3.0
26	36	1.0
26	45	1.0
27	27	10.0
27	28	2.0
27	29	1.0
27	30	1.0
27	39	1.0
27	40	1.0
27	42	1.0
27	44	1.0
27	46	1.0
28	28	14.0
28	29	8.0
28	30	7.0
28	31	2.0
28	32	1.0
28	41	1.0
28	42	2.0
28	44	1.0
29	29	9.0
29	30	7.0
29	31	2.0
29	32	2.0
29	34	1.0
29	36	1.0
30	30	15.0
30	31	3.0
30	32	3.0
30	43	1.0
31	31	12.0
31	32	7.0
31	33	1.0
31	34	1.0
31	35	2.0
31	44	1.0
32	32	24.0
32	33	7.0
32	34	1.0
32	36	2.0
32	41	1.0
32	43	1.0
33	33	16.0
33	34	3.0
33	35	3.0
33	36	2.0
33	37	1.0
33	40	1.0
33	46	1.0
34	34	18.0
34	35	5.0
34	38	3.0
34	39	1.0
35	35	12.0
35	36	4.0
35	37	4.0
35	38	1.0
35	40	1.0
36	36	18.0
36	37	11.0
36	38	2.0
36	46	1.0
37	37	13.0
37	38	5.0
37	39	1.0
37	40	1.0
37	47	1.0
38	38	10.0
38	39	7.0
38	40	3.0
38	41	2.0
38	43	1.0
39	39	16.0
39	40	3.0
39	41	1.0
39	42	1.0
39	43	1.0
39	45	1.0
39	46	1.0
40	40	15.0
40	41	5.0
40	42	1.0
40	43	4.0
40	47	1.0
41	41	13.0
41	42	3.0
41	43	1.0
41	45	2.0
41	46	1.0
42	42	11.0
42	43	3.0
42	45	2.0
42	46	1.0
43	43	29.0
43	44	3.0
43	45	1.0
44	44	11.0
44	45	2.0
44	47	1.0
45	45	14.0
45	46	8.0
45	47	1.0
46	46	18.0
46	47	6.0
46	48	1.0
47	47	18.0
47	48	3.0
48	48	1.0
