1	1	1.0
2	2	1.0
2	3	2.0
2	30	1.0
3	3	3.0
3	4	1.0
3	35	1.0
3	36	1.0
4	4	3.0
4	5	2.0
5	6	2.0
5	22	1.0
6	30	1.0
7	7	3.0
7	8	2.0
8	8	1.0
8	9	1.0
8	55	1.0
9	9	2.0
9	10	1.0
10	10	1.0
10	11	1.0
10	14	1.0
10	19	1.0
11	11	1.0
11	12	2.0
11	59	1.0
12	14	1.0
12	26	1.0
12	38	1.0
13	13	3.0
13	14	1.0
14	14	1.0
15	15	1.0
15	16	1.0
15	17	1.0
16	16	2.0
16	17	1.0
16	19	1.0
16	20	1.0
16	22	1.0
17	17	4.0
17	20	1.0
18	18	1.0
18	19	1.0
19	19	2.0
19	20	1.0
19	23	1.0
19	43	1.0
20	23	1.0
22	22	1.0
23	23	1.0
23	38	1.0
24	24	2.0
24	25	1.0
24	38	1.0
29	30	1.0
30	30	1.0
30	31	2.0
30	55	1.0
31	31	1.0
31	32	1.0
31	34	1.0
32	32	1.0
32	35	2.0
33	33	4.0
34	34	4.0
34	35	1.0
34	36	1.0
35	35	2.0
35	36	2.0
36	36	3.0
36	37	1.0
37	37	2.0
37	38	1.0
38	38	1.0
38	41	1.0
40	41	1.0
41	41	2.0
41	49	1.0
42	42	2.0
42	43	1.0
43	43	1.0
44	44	1.0
44	59	1.0
45	45	3.0
45	46	1.0
46	46	5.0
47	47	1.0
47	48	1.0
48	49	2.0
49	49	3.0
49	50	1.0
49	52	1.0
49	59	1.0
50	50	3.0
50	51	1.0
50	56	1.0
50	61	1.0
51	51	2.0
51	58	2.0
53	53	1.0
54	54	2.0
54	57	2.0
55	55	1.0
56	56	5.0
56	57	1.0
58	58	2.0
58	60	1.0
59	59	3.0
59	60	1.0
59	61	1.0
60	60	3.0
61	61	3.0
61	62	1.0
0	1	1.0
0	0	3.0
