1	2	2.0
1	5	1.0
1	16	1.0
2	2	6.0
2	3	1.0
2	6	1.0
2	13	1.0
2	33	1.0
2	39	1.0
2	208	1.0
3	6	1.0
3	210	1.0
3	217	1.0
3	218	2.0
4	4	2.0
4	6	1.0
4	218	1.0
5	5	3.0
5	10	1.0
5	16	1.0
5	17	1.0
5	47	1.0
6	6	1.0
6	7	1.0
7	7	3.0
7	8	2.0
7	9	1.0
8	8	4.0
8	9	3.0
8	10	1.0
8	20	1.0
8	228	1.0
9	9	4.0
9	10	1.0
9	41	2.0
9	219	1.0
9	220	1.0
10	10	2.0
10	11	8.0
10	231	1.0
11	215	1.0
11	231	1.0
11	234	1.0
12	12	4.0
12	13	2.0
12	15	1.0
12	30	1.0
13	13	2.0
13	229	1.0
14	14	2.0
14	16	1.0
14	20	1.0
14	23	1.0
15	24	1.0
15	30	1.0
15	215	1.0
15	242	1.0
16	16	4.0
16	17	1.0
16	20	1.0
16	27	1.0
16	37	1.0
17	17	2.0
17	18	1.0
18	18	4.0
18	19	1.0
19	19	2.0
19	20	1.0
19	25	1.0
19	189	1.0
20	20	3.0
21	21	3.0
22	22	2.0
22	25	1.0
23	23	3.0
23	24	1.0
23	35	1.0
24	24	3.0
25	25	3.0
26	26	2.0
26	27	2.0
26	47	1.0
26	63	1.0
27	27	1.0
27	43	1.0
27	47	1.0
28	28	3.0
28	38	1.0
28	54	1.0
29	29	1.0
29	30	3.0
29	33	1.0
29	207	1.0
30	30	1.0
30	33	1.0
30	45	1.0
30	235	1.0
31	31	5.0
31	32	1.0
31	37	1.0
31	38	1.0
31	242	1.0
32	32	2.0
32	56	1.0
32	230	1.0
33	33	4.0
33	34	2.0
33	36	1.0
34	34	2.0
34	36	1.0
34	39	1.0
34	40	1.0
34	41	1.0
36	36	2.0
37	37	2.0
37	38	1.0
38	38	4.0
38	39	3.0
38	43	1.0
39	39	4.0
39	40	1.0
39	63	1.0
40	40	3.0
40	41	2.0
41	41	2.0
42	42	5.0
42	223	1.0
43	43	3.0
43	44	1.0
43	64	1.0
44	44	6.0
44	45	1.0
45	45	2.0
45	47	1.0
46	46	2.0
46	47	2.0
46	60	1.0
47	47	1.0
48	48	2.0
48	49	1.0
48	51	1.0
49	49	3.0
49	50	1.0
49	51	1.0
50	50	1.0
51	51	2.0
51	52	2.0
52	52	3.0
52	53	1.0
53	53	1.0
53	65	1.0
53	69	1.0
54	54	2.0
54	55	2.0
55	55	6.0
56	56	2.0
56	57	1.0
56	65	1.0
57	58	2.0
57	60	2.0
57	61	2.0
58	58	2.0
58	59	2.0
58	60	1.0
58	85	1.0
60	60	5.0
60	61	1.0
61	61	3.0
61	72	2.0
62	62	1.0
62	63	1.0
62	64	1.0
62	65	1.0
63	65	1.0
64	64	1.0
64	65	1.0
64	86	1.0
65	65	2.0
65	66	2.0
65	69	1.0
66	66	1.0
66	67	1.0
66	68	2.0
66	69	1.0
67	67	1.0
67	68	1.0
67	125	1.0
68	68	3.0
68	69	2.0
69	69	1.0
69	70	1.0
69	84	1.0
70	70	5.0
70	71	1.0
70	83	1.0
70	85	1.0
71	71	3.0
71	72	4.0
71	85	1.0
71	99	2.0
72	72	5.0
72	73	1.0
72	83	1.0
73	73	1.0
73	74	2.0
73	84	2.0
73	239	1.0
74	74	1.0
75	75	2.0
75	77	1.0
75	80	1.0
75	237	1.0
76	76	3.0
76	79	1.0
77	77	1.0
77	78	1.0
77	79	1.0
78	78	4.0
78	79	1.0
78	81	1.0
79	79	2.0
79	81	1.0
79	95	1.0
80	80	3.0
80	81	1.0
80	88	1.0
81	81	2.0
81	82	3.0
81	83	1.0
81	99	1.0
82	83	1.0
82	84	1.0
82	95	1.0
83	83	1.0
83	84	2.0
83	85	1.0
83	88	1.0
84	84	2.0
84	85	1.0
85	85	2.0
85	117	1.0
86	95	1.0
87	88	1.0
88	88	2.0
88	171	1.0
89	89	1.0
92	92	1.0
96	96	1.0
97	97	2.0
97	98	1.0
98	99	2.0
99	99	2.0
100	100	1.0
100	101	1.0
100	109	1.0
100	114	1.0
100	115	1.0
101	101	2.0
102	102	2.0
102	103	1.0
103	104	3.0
103	109	1.0
103	113	1.0
103	119	1.0
104	104	1.0
104	113	1.0
104	114	1.0
105	105	2.0
105	106	1.0
105	204	1.0
106	106	2.0
106	109	1.0
107	107	1.0
107	108	2.0
107	111	1.0
107	112	1.0
108	108	3.0
109	109	3.0
110	110	1.0
111	111	1.0
112	112	2.0
112	160	1.0
113	113	3.0
116	116	3.0
116	117	1.0
116	118	1.0
117	117	1.0
117	118	1.0
117	134	1.0
117	176	1.0
118	118	1.0
118	119	1.0
118	121	1.0
119	119	3.0
119	121	1.0
119	139	1.0
121	121	5.0
121	122	2.0
121	124	2.0
122	122	3.0
122	123	1.0
122	124	2.0
122	136	1.0
123	123	3.0
123	124	1.0
123	125	1.0
123	126	1.0
124	124	1.0
124	125	1.0
125	125	1.0
126	126	3.0
126	142	1.0
127	127	2.0
127	128	3.0
127	129	1.0
129	129	5.0
129	138	1.0
130	130	2.0
131	131	4.0
131	133	1.0
132	133	1.0
133	133	1.0
133	134	1.0
134	134	4.0
134	135	1.0
135	135	4.0
135	136	2.0
136	136	2.0
136	137	4.0
137	137	2.0
137	138	1.0
137	144	1.0
137	145	1.0
138	138	6.0
138	140	1.0
139	139	3.0
140	140	3.0
140	141	2.0
140	143	1.0
141	141	2.0
141	142	4.0
141	143	1.0
141	151	1.0
142	142	2.0
142	143	1.0
142	150	3.0
143	143	1.0
143	146	1.0
144	144	1.0
144	145	1.0
144	146	1.0
144	160	1.0
145	145	5.0
145	146	1.0
145	147	2.0
146	147	2.0
146	159	1.0
146	171	1.0
147	148	3.0
147	157	1.0
147	158	1.0
148	148	3.0
148	149	2.0
148	156	1.0
149	149	2.0
149	150	1.0
149	156	1.0
150	150	2.0
150	151	3.0
151	151	1.0
151	152	2.0
151	172	1.0
152	152	1.0
152	153	3.0
153	153	3.0
153	170	1.0
154	155	1.0
154	156	1.0
155	156	1.0
156	156	3.0
156	157	1.0
157	157	2.0
157	158	1.0
157	159	1.0
157	174	1.0
158	158	3.0
158	175	1.0
159	159	1.0
159	160	1.0
160	160	4.0
160	161	1.0
160	164	1.0
161	161	3.0
161	178	1.0
161	202	1.0
162	162	2.0
162	178	1.0
163	163	1.0
163	164	2.0
163	171	1.0
163	178	1.0
163	196	1.0
163	201	1.0
163	213	1.0
164	164	3.0
164	177	2.0
164	208	1.0
165	166	1.0
165	168	1.0
165	176	1.0
165	177	1.0
165	187	1.0
165	212	1.0
166	169	1.0
166	209	1.0
167	167	2.0
167	168	2.0
167	169	1.0
167	175	1.0
168	168	2.0
168	169	1.0
169	169	5.0
169	170	1.0
169	171	1.0
169	173	1.0
170	170	3.0
170	171	2.0
170	179	3.0
170	180	1.0
171	171	4.0
171	202	1.0
171	206	1.0
171	208	2.0
171	209	1.0
172	172	4.0
172	173	2.0
173	173	4.0
173	174	2.0
173	175	1.0
173	216	1.0
174	174	4.0
174	175	1.0
174	203	1.0
174	215	1.0
175	175	2.0
175	177	2.0
175	211	1.0
175	212	2.0
176	176	3.0
176	177	3.0
177	177	4.0
177	213	1.0
178	179	1.0
178	181	1.0
179	179	3.0
179	180	3.0
179	202	2.0
179	203	1.0
180	180	2.0
180	192	1.0
180	238	1.0
180	240	1.0
181	183	1.0
181	222	1.0
182	182	6.0
182	198	1.0
182	213	1.0
183	184	1.0
183	198	1.0
183	214	1.0
184	184	2.0
185	185	1.0
185	189	1.0
185	191	1.0
186	190	2.0
186	194	3.0
186	195	1.0
187	188	1.0
187	192	2.0
187	216	1.0
188	188	1.0
188	189	2.0
188	204	1.0
188	216	3.0
189	189	1.0
189	190	1.0
189	206	1.0
190	190	2.0
191	191	4.0
192	192	2.0
192	218	1.0
193	193	1.0
193	195	1.0
194	199	1.0
195	195	2.0
196	196	4.0
196	198	1.0
196	202	1.0
197	198	1.0
197	228	1.0
197	229	1.0
197	241	1.0
197	242	1.0
198	198	3.0
198	199	1.0
199	199	2.0
199	200	1.0
200	200	1.0
200	201	1.0
201	201	4.0
201	202	1.0
202	202	2.0
202	203	3.0
203	203	1.0
203	209	1.0
204	204	1.0
204	205	1.0
204	217	2.0
204	218	1.0
204	234	1.0
204	240	1.0
206	206	2.0
207	208	1.0
208	208	2.0
209	209	2.0
209	210	4.0
209	211	1.0
209	212	1.0
210	210	1.0
210	211	1.0
210	215	1.0
210	221	1.0
211	211	2.0
211	218	2.0
212	212	4.0
212	214	1.0
213	213	4.0
214	214	1.0
214	215	1.0
215	216	4.0
216	216	3.0
217	217	5.0
217	218	3.0
218	218	3.0
219	219	3.0
220	220	2.0
220	221	3.0
220	223	2.0
220	224	1.0
221	221	2.0
221	222	1.0
221	223	1.0
221	224	1.0
222	223	1.0
222	224	1.0
223	223	1.0
223	225	1.0
223	227	2.0
224	224	3.0
224	225	2.0
226	226	3.0
226	227	3.0
226	231	1.0
227	227	1.0
227	231	1.0
228	228	3.0
229	229	3.0
229	230	2.0
230	230	4.0
230	231	1.0
230	232	1.0
231	231	2.0
231	232	2.0
232	232	3.0
232	233	2.0
232	234	1.0
233	233	8.0
234	234	6.0
234	236	1.0
234	239	1.0
235	235	7.0
235	236	2.0
235	240	1.0
236	236	2.0
236	237	2.0
236	240	1.0
236	241	1.0
236	242	1.0
237	237	1.0
237	238	2.0
237	242	1.0
238	238	2.0
238	239	1.0
238	240	2.0
239	239	4.0
239	240	2.0
240	240	3.0
240	241	1.0
241	241	2.0
242	242	2.0
0	21	1.0
0	168	1.0
0	0	3.0
