1	1	5.0
2	2	1.0
2	3	1.0
4	4	1.0
5	18	1.0
6	6	3.0
6	7	1.0
7	7	8.0
7	8	1.0
7	15	1.0
8	9	1.0
8	27	1.0
9	9	3.0
9	25	1.0
10	10	5.0
11	11	1.0
11	25	1.0
11	35	1.0
12	12	2.0
12	36	1.0
13	13	1.0
13	14	1.0
13	15	1.0
13	54	1.0
13	92	1.0
14	14	3.0
14	22	1.0
14	26	1.0
15	15	2.0
15	16	1.0
15	17	1.0
15	28	1.0
16	16	3.0
17	17	1.0
17	18	1.0
19	19	1.0
19	24	1.0
22	22	2.0
22	38	1.0
23	23	2.0
24	24	1.0
25	27	1.0
25	97	1.0
26	28	2.0
28	28	1.0
28	29	1.0
30	30	2.0
31	31	3.0
31	37	1.0
31	46	1.0
31	74	1.0
32	32	3.0
32	33	1.0
33	33	2.0
33	34	1.0
34	34	1.0
34	35	2.0
34	36	1.0
34	106	1.0
35	35	6.0
36	36	2.0
37	37	2.0
37	38	3.0
38	38	4.0
38	41	1.0
38	125	1.0
39	39	4.0
39	42	1.0
40	54	1.0
41	41	1.0
42	42	2.0
43	44	1.0
44	138	1.0
45	45	1.0
50	50	1.0
50	51	1.0
50	52	1.0
51	51	1.0
52	52	1.0
52	53	1.0
53	53	2.0
54	54	2.0
54	55	1.0
55	56	1.0
55	73	1.0
56	56	4.0
57	57	1.0
57	64	1.0
57	99	1.0
58	59	1.0
59	110	1.0
60	60	1.0
61	63	1.0
63	67	1.0
64	64	2.0
64	65	1.0
64	66	1.0
65	65	2.0
65	66	2.0
65	68	1.0
66	66	2.0
68	68	1.0
71	71	4.0
71	72	1.0
71	75	1.0
72	72	1.0
72	81	1.0
73	73	4.0
73	74	1.0
74	74	7.0
75	75	2.0
75	76	1.0
76	76	7.0
78	78	2.0
78	79	1.0
78	123	1.0
79	79	2.0
79	80	1.0
80	80	3.0
80	82	1.0
81	81	2.0
82	82	1.0
82	132	1.0
83	83	1.0
83	85	1.0
83	98	1.0
86	86	2.0
87	87	1.0
88	88	1.0
88	90	1.0
88	112	1.0
89	90	1.0
90	90	2.0
90	114	1.0
90	115	1.0
91	91	1.0
93	93	1.0
93	94	2.0
93	112	1.0
93	118	1.0
93	124	1.0
94	94	1.0
94	95	1.0
94	105	1.0
95	95	3.0
95	102	1.0
96	99	1.0
96	111	1.0
97	98	1.0
98	98	1.0
99	99	1.0
100	100	1.0
100	153	1.0
101	101	1.0
103	103	1.0
103	104	1.0
105	105	2.0
105	106	1.0
106	106	1.0
106	107	1.0
107	107	1.0
108	108	1.0
108	109	1.0
110	111	1.0
112	112	1.0
113	113	1.0
114	114	1.0
115	115	2.0
115	116	2.0
116	116	1.0
117	117	1.0
118	118	2.0
121	121	1.0
121	122	1.0
122	122	2.0
123	123	1.0
123	151	1.0
124	124	1.0
126	126	1.0
127	127	1.0
127	129	1.0
128	128	1.0
129	129	2.0
130	130	3.0
130	145	1.0
131	131	2.0
132	132	2.0
132	133	2.0
132	134	1.0
132	148	1.0
133	133	2.0
133	134	1.0
134	134	3.0
135	135	6.0
136	136	5.0
136	143	1.0
137	137	3.0
137	141	1.0
137	159	1.0
138	138	1.0
138	141	1.0
138	167	1.0
139	139	4.0
139	142	1.0
139	145	1.0
140	140	2.0
140	146	1.0
141	141	4.0
141	142	1.0
141	145	1.0
142	142	3.0
142	144	1.0
143	143	2.0
143	145	1.0
144	145	1.0
145	150	1.0
145	168	1.0
146	146	4.0
147	147	2.0
147	148	1.0
147	168	1.0
148	148	1.0
148	149	1.0
149	149	2.0
149	154	1.0
150	150	4.0
150	179	1.0
151	151	1.0
151	152	1.0
152	157	1.0
153	153	5.0
153	154	1.0
153	155	1.0
154	172	2.0
156	156	1.0
156	159	1.0
156	161	1.0
156	171	1.0
157	157	4.0
157	159	2.0
157	160	1.0
158	158	3.0
159	159	1.0
159	168	1.0
159	176	1.0
160	160	2.0
160	161	1.0
161	161	1.0
161	162	1.0
162	162	1.0
162	166	1.0
163	168	1.0
166	166	2.0
166	167	1.0
167	167	3.0
167	168	1.0
167	176	1.0
168	170	1.0
168	173	1.0
169	169	3.0
170	170	2.0
171	171	4.0
172	172	4.0
172	173	1.0
172	175	1.0
173	173	5.0
173	175	1.0
174	174	2.0
175	175	2.0
176	176	3.0
177	177	1.0
177	178	1.0
178	178	2.0
179	179	2.0
180	180	2.0
0	0	1.0
