1	1	5.0
2	2	3.0
3	3	3.0
3	30	1.0
4	4	3.0
4	8	2.0
5	5	2.0
5	6	2.0
6	6	6.0
6	7	3.0
7	7	2.0
8	8	2.0
8	9	1.0
9	9	4.0
9	10	2.0
9	12	1.0
10	10	2.0
11	11	4.0
11	27	1.0
12	12	8.0
12	13	2.0
12	27	1.0
13	13	3.0
13	14	1.0
14	14	1.0
15	15	2.0
15	19	1.0
16	16	2.0
16	17	1.0
16	27	1.0
17	17	8.0
17	18	1.0
17	23	1.0
19	19	4.0
19	20	1.0
20	20	1.0
20	21	2.0
20	22	1.0
21	21	3.0
21	22	1.0
22	22	3.0
23	23	5.0
23	24	2.0
24	24	5.0
24	25	1.0
24	26	1.0
25	25	1.0
25	26	4.0
26	26	3.0
26	27	3.0
27	27	7.0
28	28	2.0
28	30	2.0
29	29	4.0
30	30	3.0
30	31	2.0
31	31	3.0
33	33	2.0
34	34	3.0
34	47	1.0
34	48	1.0
35	35	1.0
47	48	7.0
48	48	1.0
48	49	1.0
48	82	1.0
49	49	10.0
49	50	2.0
49	56	1.0
50	50	2.0
50	51	2.0
51	51	4.0
51	52	2.0
52	52	5.0
52	54	1.0
53	53	5.0
53	54	1.0
53	56	3.0
53	80	1.0
54	54	5.0
54	55	4.0
55	55	7.0
55	56	3.0
55	83	1.0
56	56	5.0
56	57	2.0
56	65	1.0
57	57	3.0
57	67	1.0
57	70	1.0
58	58	3.0
58	59	3.0
58	60	1.0
59	59	8.0
59	60	2.0
59	62	1.0
60	60	2.0
60	61	2.0
61	61	2.0
61	62	1.0
62	62	3.0
62	63	2.0
63	63	3.0
64	64	11.0
64	66	1.0
64	73	1.0
65	65	1.0
65	66	2.0
65	72	1.0
66	66	6.0
66	68	1.0
67	67	3.0
68	68	3.0
68	69	1.0
68	74	1.0
69	69	1.0
69	70	1.0
70	70	5.0
70	71	1.0
71	71	4.0
71	76	2.0
72	72	2.0
72	73	3.0
72	74	1.0
73	73	6.0
73	77	1.0
74	74	3.0
74	75	1.0
75	75	3.0
75	76	2.0
75	78	3.0
76	76	4.0
76	79	1.0
77	77	7.0
77	78	4.0
78	78	4.0
79	79	4.0
79	80	2.0
80	80	10.0
80	81	1.0
81	81	5.0
81	82	1.0
81	83	1.0
82	82	4.0
82	83	2.0
83	83	3.0
84	84	4.0
84	85	2.0
85	85	6.0
85	86	4.0
85	87	1.0
86	86	6.0
86	87	3.0
87	87	4.0
88	88	2.0
89	89	1.0
90	90	1.0
0	1	1.0
0	0	1.0
