1	1	7.0
1	2	2.0
1	4	1.0
1	22	1.0
2	2	4.0
2	3	1.0
2	8	1.0
2	42	1.0
2	43	1.0
3	3	8.0
3	11	1.0
3	25	1.0
4	4	3.0
4	5	1.0
5	5	2.0
5	9	1.0
6	6	2.0
6	30	1.0
7	7	1.0
7	8	1.0
8	8	2.0
8	9	3.0
8	10	2.0
8	43	1.0
9	9	2.0
9	11	1.0
9	40	1.0
10	10	5.0
11	11	2.0
11	14	1.0
12	12	2.0
12	16	1.0
13	13	3.0
14	14	4.0
15	15	1.0
15	17	1.0
16	16	4.0
16	17	1.0
16	21	1.0
16	37	1.0
17	17	4.0
17	18	1.0
17	39	1.0
18	18	3.0
18	19	2.0
18	30	1.0
19	19	1.0
19	22	1.0
20	20	2.0
20	21	2.0
20	22	1.0
21	21	3.0
21	22	2.0
22	40	1.0
23	23	4.0
23	24	2.0
24	24	3.0
25	25	4.0
26	26	1.0
29	29	2.0
30	30	1.0
30	31	2.0
30	47	1.0
31	31	4.0
31	32	2.0
32	32	3.0
33	33	1.0
33	36	2.0
34	34	9.0
34	35	1.0
35	35	4.0
36	36	4.0
36	38	1.0
36	46	1.0
37	37	6.0
38	38	1.0
38	39	2.0
39	39	3.0
39	42	1.0
40	40	2.0
40	41	1.0
41	41	3.0
41	42	1.0
42	42	9.0
43	43	2.0
43	44	1.0
43	45	1.0
44	44	7.0
44	45	2.0
45	45	6.0
45	46	1.0
45	47	1.0
46	46	2.0
46	47	2.0
47	47	8.0
47	48	1.0
48	48	4.0
48	49	1.0
49	49	3.0
50	50	4.0
51	51	4.0
51	52	1.0
51	54	1.0
52	52	4.0
52	53	1.0
52	54	2.0
52	55	2.0
53	54	2.0
54	54	2.0
55	55	9.0
55	56	1.0
55	57	1.0
55	61	1.0
56	56	9.0
56	57	3.0
57	57	8.0
57	58	2.0
57	61	2.0
58	58	4.0
58	59	1.0
59	59	1.0
60	60	6.0
60	61	2.0
61	61	2.0
61	62	3.0
62	62	4.0
0	0	4.0
