1	1	5.0
1	3	1.0
2	2	4.0
2	3	1.0
3	3	2.0
3	4	1.0
4	4	5.0
4	72	1.0
5	11	1.0
6	6	3.0
6	7	1.0
7	7	1.0
7	9	1.0
8	8	1.0
8	9	1.0
9	9	2.0
9	10	1.0
9	12	1.0
10	10	5.0
11	11	2.0
11	12	1.0
12	12	2.0
12	13	1.0
13	13	4.0
14	14	4.0
15	16	2.0
16	16	2.0
16	18	1.0
16	83	1.0
17	17	3.0
17	18	1.0
17	23	1.0
19	19	2.0
19	20	3.0
19	21	1.0
20	20	1.0
20	21	1.0
20	29	1.0
20	59	1.0
20	75	1.0
21	22	1.0
22	22	2.0
22	59	1.0
22	77	1.0
23	23	3.0
23	24	1.0
24	24	3.0
25	25	2.0
25	26	1.0
26	26	4.0
26	27	1.0
27	27	5.0
29	29	3.0
29	30	3.0
30	30	2.0
31	31	3.0
32	32	1.0
32	83	1.0
46	46	1.0
46	49	1.0
46	80	1.0
47	47	4.0
47	48	2.0
48	48	1.0
48	49	1.0
49	49	4.0
49	50	2.0
50	50	4.0
50	52	1.0
50	75	1.0
51	51	5.0
51	52	2.0
52	52	4.0
53	53	3.0
53	55	1.0
54	54	5.0
54	55	1.0
55	55	3.0
55	56	1.0
56	56	7.0
56	57	1.0
57	57	1.0
57	58	2.0
57	74	1.0
58	58	5.0
58	59	1.0
59	59	1.0
59	60	1.0
59	76	1.0
61	61	1.0
61	78	1.0
62	62	5.0
62	63	2.0
64	64	1.0
64	65	1.0
65	65	2.0
66	66	4.0
66	67	2.0
66	68	1.0
66	82	1.0
67	67	5.0
68	68	4.0
68	69	2.0
69	69	4.0
69	81	1.0
70	70	3.0
70	71	2.0
71	71	4.0
71	72	1.0
71	73	1.0
72	72	5.0
73	73	1.0
74	74	4.0
75	75	2.0
75	76	1.0
76	76	1.0
77	77	4.0
77	78	1.0
77	80	1.0
78	78	1.0
79	81	1.0
80	80	3.0
80	83	1.0
81	81	7.0
81	82	1.0
82	82	4.0
83	83	8.0
84	84	2.0
84	85	1.0
84	86	1.0
85	85	8.0
85	86	1.0
86	86	3.0
86	87	2.0
87	87	1.0
88	88	1.0
89	89	1.0
90	90	1.0
0	1	2.0
0	84	1.0
0	0	1.0
