1	1	4.0
1	2	2.0
1	3	1.0
1	5	1.0
1	153	1.0
2	2	1.0
2	5	1.0
2	6	2.0
2	8	1.0
3	3	3.0
3	4	2.0
3	9	1.0
4	4	4.0
4	5	2.0
4	6	1.0
4	8	2.0
5	5	1.0
5	8	1.0
5	166	1.0
6	6	2.0
7	7	7.0
7	8	1.0
7	9	1.0
7	12	2.0
8	11	2.0
8	47	1.0
9	9	2.0
9	10	1.0
9	11	1.0
9	15	1.0
10	10	3.0
10	11	2.0
10	46	1.0
10	117	1.0
11	11	5.0
11	13	1.0
11	16	1.0
11	117	1.0
12	12	5.0
12	13	1.0
12	15	1.0
12	19	1.0
13	13	6.0
13	14	2.0
13	15	1.0
13	19	1.0
14	14	6.0
14	16	1.0
14	19	1.0
14	45	1.0
15	15	7.0
15	17	1.0
15	19	1.0
15	20	1.0
16	16	5.0
16	17	4.0
16	21	1.0
16	33	1.0
16	53	1.0
17	17	3.0
17	18	1.0
17	22	1.0
18	18	6.0
18	19	4.0
18	21	2.0
18	23	1.0
19	19	5.0
20	21	2.0
20	33	1.0
21	21	3.0
21	22	1.0
21	23	1.0
21	24	2.0
21	26	2.0
21	28	1.0
22	22	2.0
22	24	1.0
22	27	1.0
23	23	9.0
23	24	1.0
23	25	1.0
23	30	1.0
24	24	6.0
24	25	1.0
24	26	1.0
24	27	2.0
24	30	1.0
24	193	1.0
25	25	2.0
25	26	1.0
25	27	1.0
25	29	1.0
25	30	1.0
25	33	1.0
25	192	1.0
26	26	3.0
26	27	2.0
26	29	2.0
26	30	1.0
26	31	1.0
26	32	1.0
27	27	2.0
28	28	2.0
28	29	3.0
28	30	1.0
28	32	1.0
28	35	1.0
29	29	3.0
29	30	1.0
29	32	1.0
29	187	1.0
30	30	4.0
30	31	1.0
30	35	2.0
30	40	1.0
30	99	1.0
31	31	6.0
31	32	1.0
31	33	2.0
32	32	10.0
32	33	2.0
32	34	2.0
33	33	7.0
33	34	3.0
34	34	2.0
34	35	3.0
34	40	2.0
34	46	1.0
35	35	2.0
35	36	1.0
35	37	1.0
35	43	1.0
36	36	6.0
36	37	1.0
36	38	1.0
36	40	1.0
36	41	1.0
37	37	6.0
37	41	1.0
37	43	1.0
38	38	7.0
38	39	3.0
38	40	1.0
38	46	1.0
39	39	6.0
39	42	1.0
40	40	3.0
40	41	2.0
40	42	1.0
41	41	6.0
41	42	1.0
41	46	2.0
41	140	1.0
42	42	4.0
42	43	3.0
42	45	1.0
42	138	4.0
43	43	8.0
43	45	1.0
43	46	1.0
44	44	4.0
44	45	2.0
44	46	1.0
44	47	1.0
45	45	12.0
45	46	1.0
45	50	1.0
45	51	1.0
45	52	1.0
46	46	4.0
46	47	1.0
46	51	1.0
47	47	7.0
47	48	2.0
47	51	1.0
47	128	1.0
48	48	10.0
48	49	3.0
49	49	7.0
49	52	2.0
50	50	5.0
50	51	1.0
50	53	2.0
51	51	6.0
51	52	2.0
51	53	1.0
51	54	1.0
51	55	1.0
52	52	9.0
52	57	1.0
53	53	5.0
53	54	3.0
53	55	1.0
53	56	1.0
53	57	2.0
53	60	1.0
54	54	2.0
54	55	2.0
54	57	1.0
55	55	5.0
55	56	1.0
55	59	1.0
55	60	1.0
56	56	4.0
56	57	1.0
56	60	1.0
57	57	3.0
57	58	2.0
57	59	1.0
57	60	1.0
57	63	1.0
58	58	10.0
58	59	2.0
58	62	2.0
58	65	1.0
58	123	1.0
58	124	1.0
59	59	4.0
59	60	3.0
59	68	1.0
60	60	2.0
60	67	2.0
60	69	1.0
60	70	1.0
60	81	1.0
61	61	5.0
61	62	2.0
61	63	1.0
61	64	2.0
61	74	1.0
61	107	1.0
62	62	1.0
62	63	3.0
62	65	1.0
62	70	1.0
62	86	1.0
62	117	1.0
63	63	2.0
63	64	1.0
63	65	1.0
63	81	1.0
64	64	4.0
64	67	1.0
64	68	2.0
64	93	1.0
65	65	4.0
65	66	2.0
65	68	1.0
65	70	1.0
65	71	1.0
65	79	1.0
66	66	2.0
66	67	2.0
67	67	2.0
67	68	3.0
67	69	1.0
68	68	5.0
68	69	1.0
68	70	1.0
69	69	2.0
69	70	4.0
69	74	1.0
70	70	5.0
70	71	2.0
70	75	1.0
71	71	3.0
71	72	2.0
71	80	1.0
71	93	1.0
72	72	6.0
73	73	1.0
73	74	1.0
74	74	5.0
74	75	2.0
74	76	1.0
74	77	1.0
75	98	1.0
76	76	2.0
76	80	1.0
76	119	1.0
77	77	1.0
77	78	3.0
77	80	2.0
78	78	2.0
78	79	2.0
78	80	1.0
79	79	3.0
79	80	1.0
79	81	2.0
80	80	2.0
81	81	4.0
81	82	2.0
81	90	1.0
82	82	3.0
83	83	1.0
83	85	1.0
83	88	2.0
84	84	3.0
84	85	1.0
84	88	1.0
85	85	2.0
86	86	5.0
86	87	1.0
87	87	2.0
87	88	1.0
87	93	1.0
87	153	1.0
88	88	1.0
88	89	2.0
89	89	2.0
89	90	1.0
89	96	1.0
90	90	1.0
93	93	2.0
93	95	1.0
93	96	1.0
93	97	1.0
93	101	1.0
94	94	2.0
94	96	1.0
94	98	2.0
94	102	1.0
95	95	4.0
95	100	1.0
96	96	3.0
96	101	1.0
96	104	1.0
96	109	1.0
96	144	1.0
97	97	1.0
98	98	4.0
98	100	2.0
98	104	1.0
98	134	1.0
99	99	2.0
99	159	1.0
100	100	1.0
100	101	2.0
101	101	2.0
101	105	1.0
101	118	1.0
101	129	1.0
102	102	3.0
102	110	1.0
102	159	1.0
103	103	2.0
103	104	1.0
103	106	1.0
103	110	1.0
104	104	1.0
104	106	1.0
105	105	1.0
105	106	2.0
105	113	1.0
105	122	1.0
106	106	3.0
106	109	1.0
107	107	5.0
107	108	2.0
107	109	1.0
107	113	1.0
107	188	1.0
108	108	8.0
108	112	1.0
108	185	1.0
109	110	1.0
109	111	1.0
109	128	1.0
110	110	4.0
110	111	2.0
110	112	1.0
110	116	1.0
110	117	1.0
111	111	4.0
111	112	2.0
112	112	5.0
112	113	1.0
112	115	1.0
112	124	1.0
112	126	1.0
113	113	6.0
113	116	1.0
114	114	9.0
114	115	3.0
114	116	2.0
115	115	6.0
115	116	2.0
115	118	1.0
115	123	1.0
116	116	1.0
116	117	3.0
116	118	1.0
116	119	1.0
117	117	2.0
117	118	3.0
118	118	3.0
118	119	3.0
118	124	1.0
119	119	4.0
119	120	1.0
119	122	2.0
119	123	1.0
119	124	1.0
120	120	5.0
120	121	1.0
120	124	1.0
120	131	1.0
121	121	3.0
121	122	4.0
121	124	2.0
122	122	6.0
122	123	2.0
122	125	1.0
123	123	2.0
123	124	1.0
123	127	1.0
123	129	1.0
124	124	8.0
124	125	2.0
124	126	1.0
125	125	5.0
125	126	1.0
126	126	3.0
126	127	2.0
126	128	2.0
126	134	1.0
127	127	4.0
127	128	1.0
127	129	2.0
128	128	4.0
128	131	1.0
128	134	1.0
129	129	6.0
129	130	1.0
130	130	1.0
130	131	3.0
130	132	1.0
130	134	1.0
130	186	1.0
130	189	1.0
131	131	4.0
131	132	2.0
131	135	1.0
131	137	1.0
132	132	5.0
132	135	1.0
133	133	4.0
133	134	2.0
133	137	1.0
133	162	1.0
134	134	5.0
134	135	1.0
134	137	2.0
135	135	6.0
135	137	2.0
135	139	1.0
135	141	1.0
135	143	1.0
136	136	5.0
136	137	1.0
136	144	1.0
137	137	6.0
137	138	2.0
137	139	2.0
137	140	1.0
138	138	5.0
138	139	2.0
138	141	1.0
138	144	1.0
139	139	5.0
139	140	1.0
140	140	3.0
140	146	1.0
140	147	1.0
141	141	12.0
141	147	1.0
141	149	1.0
141	158	1.0
142	142	8.0
142	143	2.0
143	143	3.0
143	149	1.0
144	145	2.0
144	146	2.0
144	148	1.0
145	145	2.0
145	146	1.0
145	147	1.0
145	149	1.0
146	146	3.0
146	153	1.0
147	147	5.0
147	148	1.0
147	149	1.0
147	152	1.0
148	148	6.0
148	149	3.0
148	152	3.0
148	158	1.0
148	164	1.0
149	149	8.0
149	150	1.0
149	154	1.0
149	197	1.0
150	150	3.0
150	151	2.0
150	153	2.0
150	154	1.0
151	151	1.0
151	154	1.0
151	155	1.0
151	160	1.0
152	152	5.0
152	153	1.0
152	160	1.0
153	153	8.0
153	156	2.0
153	157	2.0
154	154	2.0
154	155	1.0
154	156	2.0
154	158	2.0
154	161	2.0
155	155	2.0
155	156	2.0
156	156	7.0
156	157	1.0
156	158	1.0
157	157	5.0
157	160	1.0
157	179	1.0
158	158	4.0
158	159	2.0
158	160	1.0
158	164	1.0
158	166	1.0
158	168	1.0
159	159	3.0
159	160	1.0
159	165	1.0
159	170	1.0
160	160	4.0
160	168	1.0
161	161	6.0
161	166	1.0
162	162	4.0
162	163	2.0
163	163	4.0
163	164	1.0
163	166	1.0
164	164	3.0
164	165	1.0
164	188	1.0
165	165	2.0
165	166	3.0
165	167	1.0
165	171	1.0
165	172	1.0
166	166	5.0
166	168	1.0
166	189	1.0
167	167	3.0
167	168	4.0
167	170	2.0
167	171	1.0
167	172	1.0
167	173	1.0
167	174	1.0
167	183	1.0
168	168	8.0
168	169	2.0
168	170	1.0
168	184	1.0
169	169	7.0
169	172	1.0
170	170	5.0
170	172	2.0
170	180	1.0
171	171	1.0
171	172	2.0
171	173	1.0
171	180	1.0
172	172	1.0
172	173	1.0
172	195	1.0
173	173	1.0
173	175	1.0
173	177	2.0
173	182	1.0
174	174	2.0
174	175	2.0
174	176	1.0
174	177	1.0
174	178	1.0
174	179	1.0
174	183	1.0
175	175	4.0
175	177	1.0
175	189	1.0
176	176	1.0
176	177	1.0
176	178	2.0
177	177	5.0
177	178	1.0
177	179	2.0
177	181	2.0
178	178	3.0
178	179	1.0
178	180	2.0
179	179	1.0
179	180	2.0
179	181	1.0
179	185	1.0
180	180	3.0
180	181	1.0
180	182	1.0
180	183	1.0
180	184	1.0
181	181	3.0
181	182	1.0
181	183	1.0
181	184	2.0
181	185	1.0
182	182	6.0
182	183	3.0
182	185	1.0
182	186	3.0
183	183	8.0
183	184	5.0
183	185	1.0
184	184	10.0
184	185	2.0
185	185	5.0
185	186	3.0
185	188	2.0
185	189	2.0
185	193	1.0
186	186	7.0
186	187	1.0
186	193	1.0
186	195	2.0
187	187	4.0
187	188	2.0
187	191	1.0
187	194	1.0
188	188	2.0
188	190	1.0
188	192	1.0
188	193	1.0
189	189	2.0
190	190	2.0
190	191	1.0
190	192	1.0
190	193	1.0
190	194	1.0
191	191	1.0
191	192	2.0
192	192	3.0
192	193	1.0
193	193	9.0
194	194	5.0
194	197	2.0
195	195	4.0
195	196	2.0
196	196	6.0
196	197	3.0
197	197	2.0
0	1	1.0
0	3	3.0
0	4	1.0
0	0	2.0
