1	1	6.0
1	2	2.0
2	2	3.0
3	3	6.0
3	4	1.0
4	4	3.0
4	12	1.0
4	21	1.0
5	5	1.0
5	6	1.0
5	87	1.0
6	6	3.0
6	7	2.0
6	17	1.0
6	64	1.0
7	7	3.0
7	9	1.0
7	12	1.0
8	8	6.0
8	9	2.0
9	9	3.0
9	13	1.0
10	10	4.0
11	11	2.0
11	12	1.0
11	62	1.0
12	12	3.0
13	13	5.0
13	19	1.0
13	26	2.0
14	14	3.0
15	15	1.0
15	16	2.0
16	16	2.0
17	17	2.0
17	23	1.0
17	25	1.0
17	27	1.0
18	18	2.0
19	19	3.0
19	25	1.0
19	50	1.0
20	20	3.0
22	22	1.0
23	23	5.0
23	24	2.0
24	24	6.0
24	25	1.0
25	25	1.0
25	26	1.0
26	26	8.0
26	27	1.0
27	27	2.0
28	30	1.0
29	29	1.0
29	30	1.0
30	30	5.0
31	31	4.0
32	32	1.0
33	33	1.0
34	34	2.0
46	46	3.0
46	48	1.0
47	47	3.0
47	49	3.0
47	60	1.0
48	48	3.0
48	49	4.0
49	49	2.0
49	80	1.0
50	50	3.0
50	52	1.0
50	62	1.0
50	87	1.0
51	51	5.0
51	52	3.0
51	53	1.0
52	52	1.0
53	53	5.0
53	54	3.0
53	55	1.0
54	54	8.0
55	55	3.0
55	56	2.0
55	59	1.0
56	56	1.0
56	69	1.0
56	89	1.0
57	57	3.0
57	83	1.0
57	87	1.0
58	58	4.0
58	62	1.0
59	59	1.0
59	60	2.0
60	60	1.0
60	61	1.0
61	61	1.0
61	62	2.0
61	64	1.0
62	62	7.0
62	63	1.0
62	67	1.0
63	63	2.0
63	64	1.0
63	76	1.0
64	64	2.0
65	65	3.0
65	66	3.0
67	67	6.0
68	68	2.0
68	71	1.0
68	73	1.0
69	69	2.0
69	86	1.0
70	70	9.0
70	71	1.0
71	72	1.0
71	82	1.0
71	83	1.0
72	73	2.0
72	74	1.0
72	81	1.0
73	73	6.0
73	75	1.0
74	74	1.0
74	78	1.0
75	75	1.0
75	76	1.0
75	77	2.0
76	76	2.0
76	80	1.0
77	77	2.0
77	78	1.0
77	81	1.0
78	78	4.0
78	79	1.0
78	80	2.0
79	79	2.0
79	80	1.0
79	81	1.0
80	80	1.0
80	83	1.0
81	81	6.0
81	82	3.0
81	83	2.0
82	82	2.0
82	83	1.0
82	88	1.0
83	83	3.0
84	84	4.0
84	85	1.0
85	85	6.0
86	86	3.0
86	87	1.0
87	87	4.0
88	88	2.0
88	89	1.0
89	89	1.0
90	90	1.0
0	1	1.0
0	0	4.0
