1	1	10.0
1	88	1.0
2	2	10.0
2	88	2.0
2	111	1.0
2	140	1.0
3	3	5.0
3	7	1.0
4	4	13.0
4	5	1.0
4	6	1.0
5	5	8.0
5	6	2.0
5	7	1.0
5	23	1.0
6	6	18.0
6	7	3.0
6	58	1.0
7	7	9.0
7	8	1.0
8	8	4.0
8	15	1.0
8	16	1.0
8	25	1.0
9	9	2.0
9	11	1.0
10	10	6.0
10	11	3.0
10	12	4.0
11	11	4.0
11	12	1.0
11	14	1.0
12	12	1.0
12	13	4.0
12	23	1.0
12	30	1.0
13	13	6.0
13	24	1.0
13	33	1.0
14	14	1.0
14	15	3.0
14	16	1.0
15	15	3.0
15	16	2.0
15	17	2.0
15	28	1.0
16	16	6.0
16	27	1.0
16	30	1.0
17	17	9.0
17	18	3.0
17	27	1.0
17	28	1.0
18	18	9.0
18	19	3.0
18	20	2.0
19	19	2.0
19	20	2.0
19	21	1.0
20	20	4.0
20	21	1.0
20	83	1.0
21	21	4.0
22	22	6.0
22	24	3.0
22	26	1.0
23	23	5.0
23	24	3.0
24	24	11.0
25	25	8.0
25	26	1.0
25	27	1.0
26	26	6.0
26	28	1.0
26	41	1.0
26	47	1.0
27	27	5.0
27	28	3.0
27	29	1.0
28	28	5.0
29	29	4.0
29	30	1.0
30	30	4.0
30	31	1.0
30	32	1.0
31	31	2.0
31	32	2.0
31	34	1.0
31	35	1.0
32	32	5.0
32	33	1.0
32	34	1.0
32	35	3.0
32	37	1.0
33	33	2.0
33	34	2.0
34	34	5.0
34	37	1.0
35	35	2.0
35	36	2.0
35	47	1.0
36	36	1.0
36	38	1.0
36	45	1.0
37	37	6.0
37	38	1.0
37	45	1.0
37	47	1.0
37	76	1.0
38	38	9.0
38	46	1.0
38	75	2.0
39	39	11.0
39	40	7.0
40	40	10.0
40	41	2.0
41	41	8.0
41	42	1.0
41	85	1.0
42	42	12.0
42	79	1.0
43	43	5.0
43	44	2.0
44	44	2.0
44	45	2.0
44	46	2.0
45	45	4.0
45	46	1.0
46	46	4.0
46	47	2.0
47	47	7.0
47	48	2.0
48	48	13.0
48	49	1.0
48	85	1.0
49	78	1.0
52	52	1.0
52	54	1.0
53	53	5.0
53	54	1.0
53	56	1.0
54	54	14.0
54	72	2.0
55	55	8.0
55	56	3.0
55	62	2.0
56	56	9.0
56	57	1.0
56	58	1.0
56	66	1.0
57	57	10.0
58	58	7.0
58	59	2.0
58	60	3.0
59	59	2.0
59	60	1.0
60	60	6.0
61	61	5.0
61	62	2.0
62	62	6.0
62	63	3.0
62	64	1.0
62	67	1.0
62	70	1.0
62	72	1.0
63	63	6.0
63	64	2.0
63	113	1.0
63	114	1.0
64	64	2.0
64	65	1.0
64	66	2.0
64	67	1.0
65	65	9.0
65	66	3.0
65	68	1.0
65	120	1.0
65	131	1.0
66	66	6.0
66	67	2.0
66	111	1.0
66	138	1.0
67	67	6.0
67	68	1.0
67	138	1.0
68	68	7.0
68	69	1.0
68	81	1.0
68	114	1.0
68	140	1.0
68	141	1.0
69	69	3.0
70	70	3.0
70	71	1.0
70	76	1.0
70	83	1.0
71	71	10.0
71	72	3.0
72	72	7.0
72	73	3.0
73	73	2.0
73	74	5.0
73	101	1.0
74	74	5.0
74	85	1.0
74	87	1.0
75	75	4.0
75	76	3.0
76	76	10.0
77	77	16.0
77	78	1.0
77	84	1.0
78	78	6.0
78	79	3.0
78	82	1.0
78	83	1.0
79	79	9.0
79	80	6.0
79	81	1.0
79	82	1.0
80	80	3.0
80	86	3.0
81	81	5.0
81	82	1.0
81	83	1.0
81	88	1.0
82	82	6.0
82	83	1.0
83	83	7.0
83	84	3.0
83	141	1.0
84	84	12.0
84	85	2.0
85	85	13.0
85	86	1.0
85	89	1.0
86	86	3.0
86	87	1.0
86	88	1.0
86	89	1.0
86	109	1.0
87	87	5.0
87	88	2.0
87	89	1.0
88	88	6.0
88	89	1.0
88	90	1.0
89	89	18.0
89	90	4.0
89	141	1.0
90	90	11.0
90	91	4.0
90	94	2.0
90	96	2.0
90	104	1.0
91	91	7.0
91	94	3.0
91	95	2.0
91	100	1.0
91	104	1.0
92	92	4.0
92	93	2.0
93	93	3.0
93	94	2.0
93	96	1.0
93	150	1.0
94	97	1.0
95	95	22.0
95	98	1.0
95	99	1.0
95	102	2.0
96	96	5.0
96	97	2.0
96	98	1.0
96	99	2.0
96	102	1.0
96	106	1.0
97	97	7.0
97	98	1.0
97	104	1.0
98	98	1.0
99	99	10.0
99	144	1.0
100	100	7.0
100	103	2.0
100	104	1.0
101	101	11.0
101	102	3.0
102	102	9.0
102	103	2.0
102	104	1.0
102	117	2.0
102	118	1.0
103	103	7.0
103	104	2.0
103	105	1.0
104	104	4.0
105	105	10.0
105	106	1.0
105	114	2.0
106	106	13.0
106	107	2.0
106	115	1.0
106	131	1.0
107	107	3.0
107	108	1.0
107	134	1.0
107	136	1.0
107	156	1.0
108	108	6.0
108	109	1.0
108	145	1.0
108	182	1.0
109	109	9.0
109	110	1.0
109	141	3.0
109	148	1.0
110	110	11.0
110	111	2.0
110	123	1.0
110	141	1.0
111	111	9.0
111	112	2.0
111	113	1.0
111	122	1.0
111	123	1.0
111	125	1.0
112	112	3.0
112	120	1.0
113	113	10.0
113	114	3.0
113	130	2.0
114	114	5.0
114	115	2.0
115	115	5.0
115	121	1.0
115	131	1.0
115	146	1.0
116	116	5.0
116	117	1.0
116	118	1.0
117	117	4.0
117	118	2.0
118	118	8.0
118	119	1.0
118	149	1.0
119	119	9.0
119	120	1.0
119	123	1.0
119	149	1.0
119	169	1.0
120	120	5.0
120	121	1.0
121	121	10.0
121	122	4.0
122	122	5.0
122	123	1.0
122	125	1.0
123	123	6.0
123	124	3.0
123	125	2.0
123	130	1.0
123	131	1.0
124	124	7.0
124	125	2.0
124	126	1.0
124	136	1.0
124	138	1.0
125	125	8.0
125	126	1.0
126	126	4.0
126	128	1.0
126	135	1.0
127	127	4.0
127	128	2.0
127	158	1.0
128	128	7.0
128	129	1.0
128	130	1.0
128	156	1.0
128	157	2.0
128	159	1.0
129	129	4.0
129	132	1.0
129	140	2.0
129	159	1.0
130	130	2.0
130	131	2.0
130	132	2.0
130	133	1.0
130	134	1.0
131	131	1.0
131	132	1.0
131	133	1.0
131	156	1.0
132	132	1.0
132	133	1.0
132	174	1.0
133	133	1.0
133	134	2.0
134	134	7.0
134	135	2.0
134	136	1.0
134	137	1.0
134	144	1.0
135	135	7.0
135	136	1.0
136	136	8.0
136	137	3.0
137	137	4.0
138	138	8.0
138	139	6.0
138	140	1.0
139	139	5.0
139	140	3.0
139	141	1.0
140	140	9.0
140	141	2.0
140	151	1.0
140	157	1.0
141	141	9.0
141	162	1.0
141	166	1.0
142	142	12.0
142	181	1.0
143	143	6.0
143	144	1.0
143	178	1.0
144	144	4.0
144	165	3.0
145	145	11.0
145	146	2.0
146	146	9.0
146	151	1.0
147	147	5.0
147	174	1.0
148	148	12.0
148	151	1.0
148	174	1.0
149	149	9.0
149	150	2.0
149	190	1.0
150	150	9.0
150	151	3.0
151	151	6.0
151	152	1.0
151	153	1.0
151	170	2.0
151	175	1.0
152	152	14.0
152	153	1.0
152	154	1.0
153	153	9.0
153	154	1.0
153	158	1.0
153	170	1.0
154	154	2.0
154	156	1.0
154	157	1.0
154	178	1.0
155	155	9.0
155	156	2.0
156	156	9.0
156	157	3.0
157	157	5.0
157	158	3.0
157	173	1.0
157	174	1.0
158	158	9.0
158	159	1.0
159	159	8.0
159	160	1.0
160	160	6.0
160	161	3.0
160	162	1.0
160	163	1.0
161	161	3.0
161	162	3.0
161	163	1.0
162	162	3.0
162	163	2.0
162	171	1.0
163	163	10.0
163	164	2.0
163	168	1.0
164	164	7.0
164	165	1.0
165	165	13.0
165	166	2.0
166	166	5.0
166	167	4.0
166	168	5.0
166	169	1.0
167	167	5.0
167	168	3.0
167	169	1.0
167	175	1.0
168	168	4.0
168	169	2.0
168	170	1.0
168	171	1.0
168	175	1.0
169	169	5.0
169	170	3.0
169	171	1.0
170	170	6.0
171	171	7.0
171	172	1.0
171	174	1.0
171	175	1.0
172	173	5.0
173	173	5.0
173	174	1.0
173	175	1.0
174	174	8.0
174	175	1.0
175	175	5.0
175	176	1.0
176	177	1.0
176	178	1.0
177	177	5.0
177	178	3.0
177	180	1.0
177	182	1.0
177	186	2.0
178	178	3.0
178	179	3.0
179	179	5.0
179	180	1.0
180	180	4.0
180	181	1.0
180	187	2.0
181	181	4.0
181	182	1.0
182	182	14.0
182	183	4.0
183	183	11.0
183	184	1.0
184	184	10.0
184	185	1.0
184	186	1.0
184	187	1.0
185	185	8.0
185	186	1.0
186	186	6.0
186	187	1.0
187	187	3.0
187	188	3.0
187	189	1.0
188	188	1.0
188	189	5.0
189	189	8.0
190	190	6.0
0	22	1.0
0	23	2.0
0	82	1.0
0	0	4.0
