1	1	2.0
1	14	1.0
2	2	1.0
3	6	1.0
3	10	1.0
4	7	2.0
5	10	1.0
5	16	1.0
5	20	1.0
6	6	1.0
6	17	1.0
7	8	2.0
10	10	1.0
10	11	2.0
11	11	1.0
11	16	1.0
11	21	1.0
11	79	1.0
12	35	1.0
12	65	1.0
13	13	1.0
13	15	1.0
14	26	1.0
14	41	1.0
15	18	1.0
15	28	2.0
17	19	1.0
17	28	1.0
17	29	1.0
18	19	1.0
19	27	1.0
21	21	1.0
22	23	1.0
22	24	1.0
22	38	1.0
23	24	1.0
23	28	1.0
24	24	2.0
24	26	1.0
25	25	2.0
26	26	2.0
27	27	1.0
27	35	1.0
27	38	1.0
27	39	1.0
28	28	1.0
28	29	1.0
28	30	1.0
28	34	1.0
29	29	1.0
30	30	1.0
30	32	1.0
30	33	1.0
32	32	2.0
33	38	1.0
33	80	1.0
34	39	1.0
35	35	1.0
35	39	1.0
35	43	1.0
37	37	1.0
38	38	1.0
38	39	1.0
39	40	1.0
40	40	1.0
40	61	1.0
41	41	1.0
44	44	1.0
47	47	1.0
47	48	1.0
48	48	2.0
52	52	1.0
53	53	2.0
54	54	1.0
55	55	1.0
55	70	1.0
56	56	1.0
56	60	1.0
57	57	1.0
57	58	1.0
58	60	1.0
58	69	1.0
59	59	2.0
59	67	1.0
60	60	2.0
61	62	1.0
61	67	1.0
61	68	1.0
62	71	1.0
63	63	2.0
63	64	1.0
63	65	1.0
63	72	1.0
65	65	1.0
65	66	1.0
66	67	1.0
66	68	1.0
66	71	1.0
67	67	2.0
72	73	2.0
72	78	1.0
73	74	1.0
73	75	1.0
74	76	1.0
74	90	1.0
75	77	1.0
76	77	1.0
76	81	1.0
77	81	1.0
78	83	1.0
79	80	2.0
79	81	1.0
80	81	1.0
80	114	1.0
81	81	1.0
82	82	1.0
82	85	1.0
83	83	3.0
83	95	1.0
84	85	1.0
84	96	1.0
85	86	1.0
85	88	1.0
86	86	1.0
90	91	2.0
90	100	1.0
90	101	1.0
91	91	1.0
91	92	1.0
92	92	1.0
93	104	1.0
94	98	1.0
95	95	1.0
95	97	1.0
97	98	1.0
97	99	1.0
97	108	1.0
100	101	1.0
100	106	1.0
100	110	1.0
101	101	2.0
103	103	2.0
103	106	1.0
103	124	1.0
104	104	1.0
106	107	2.0
106	111	1.0
107	107	1.0
108	108	1.0
109	110	1.0
109	118	1.0
110	112	1.0
111	111	2.0
111	113	1.0
111	114	1.0
111	115	1.0
111	122	1.0
112	119	1.0
112	120	1.0
113	121	1.0
113	124	1.0
115	116	1.0
115	131	1.0
116	117	1.0
117	117	1.0
117	120	1.0
119	119	3.0
119	126	1.0
120	120	1.0
120	126	1.0
121	123	1.0
122	126	1.0
125	126	1.0
125	131	1.0
125	143	1.0
126	126	1.0
126	130	1.0
126	136	1.0
127	134	1.0
128	128	1.0
128	129	1.0
128	133	1.0
128	137	1.0
128	141	1.0
129	129	2.0
130	130	1.0
130	131	1.0
130	133	1.0
130	135	1.0
131	131	2.0
131	134	1.0
131	135	1.0
134	134	1.0
134	146	1.0
135	144	1.0
136	145	1.0
137	146	1.0
138	141	1.0
140	141	2.0
141	143	1.0
141	149	1.0
142	144	1.0
143	151	1.0
144	144	1.0
144	145	1.0
144	146	1.0
145	148	2.0
145	156	1.0
146	146	1.0
146	155	1.0
146	157	1.0
147	147	1.0
148	150	1.0
148	151	1.0
148	152	1.0
149	153	1.0
150	155	1.0
150	158	1.0
151	154	1.0
152	152	5.0
153	153	2.0
153	155	2.0
154	159	1.0
155	156	1.0
155	163	1.0
156	158	1.0
156	171	1.0
157	157	1.0
157	160	1.0
161	161	1.0
161	165	1.0
162	162	2.0
162	172	1.0
163	169	1.0
163	173	1.0
163	174	1.0
164	164	2.0
164	174	1.0
167	175	1.0
167	177	1.0
169	169	1.0
170	171	1.0
171	173	1.0
172	185	1.0
173	175	1.0
176	177	2.0
176	179	1.0
176	183	2.0
178	179	1.0
178	187	1.0
180	188	1.0
181	182	1.0
182	183	1.0
184	184	1.0
185	185	1.0
185	186	1.0
185	187	1.0
185	188	1.0
186	186	2.0
186	188	1.0
187	188	1.0
0	3	1.0
0	8	1.0
0	10	1.0
