19	47	1.0
20	20	3.0
21	21	4.0
21	22	1.0
22	22	3.0
22	49	1.0
22	104	2.0
23	23	8.0
23	28	2.0
23	46	1.0
23	50	1.0
23	84	1.0
23	99	1.0
24	24	3.0
24	28	1.0
24	29	1.0
24	35	1.0
24	77	1.0
24	87	1.0
24	89	1.0
25	25	2.0
25	26	1.0
25	27	1.0
25	87	1.0
26	26	5.0
26	89	1.0
27	27	1.0
27	28	1.0
27	31	1.0
29	29	2.0
29	30	4.0
29	39	1.0
29	40	1.0
29	41	1.0
30	30	1.0
31	31	2.0
31	32	1.0
31	35	2.0
32	32	5.0
32	37	1.0
33	33	1.0
33	40	1.0
33	44	1.0
33	45	1.0
34	34	2.0
34	39	1.0
35	35	1.0
35	94	1.0
36	36	4.0
37	37	3.0
37	38	4.0
39	39	2.0
39	45	2.0
40	41	2.0
42	42	3.0
43	43	3.0
43	44	1.0
43	45	1.0
44	44	3.0
44	45	1.0
44	100	1.0
45	45	3.0
46	46	2.0
46	49	2.0
47	47	1.0
47	48	1.0
47	49	1.0
48	48	3.0
49	49	4.0
50	50	2.0
50	70	1.0
50	102	2.0
50	103	2.0
51	51	5.0
51	52	1.0
51	92	1.0
51	100	1.0
51	101	1.0
52	52	4.0
53	53	2.0
53	56	1.0
53	58	2.0
54	55	1.0
54	94	1.0
54	101	1.0
55	57	2.0
55	58	1.0
56	56	5.0
56	64	1.0
57	57	4.0
58	58	5.0
58	68	1.0
58	69	1.0
59	59	4.0
59	75	1.0
60	60	2.0
60	66	1.0
60	75	1.0
60	76	1.0
61	61	1.0
61	62	2.0
61	63	1.0
61	90	1.0
62	62	2.0
63	63	2.0
63	64	1.0
63	66	1.0
64	64	5.0
65	65	1.0
65	66	1.0
65	68	1.0
66	66	7.0
66	68	1.0
67	67	3.0
68	69	3.0
69	69	2.0
69	93	1.0
70	70	2.0
70	71	1.0
70	96	1.0
70	102	1.0
71	71	3.0
71	81	1.0
71	83	3.0
71	104	1.0
72	72	1.0
72	73	2.0
72	105	1.0
73	73	4.0
74	74	3.0
75	75	4.0
75	78	1.0
75	81	2.0
75	82	1.0
75	92	1.0
75	96	1.0
76	76	6.0
76	89	1.0
77	77	1.0
77	78	1.0
77	81	1.0
77	88	2.0
78	78	3.0
78	79	2.0
79	79	3.0
79	87	1.0
79	89	1.0
80	80	6.0
80	81	1.0
80	88	1.0
80	89	1.0
81	81	8.0
84	84	1.0
84	99	1.0
85	86	1.0
86	86	2.0
87	87	3.0
88	88	3.0
88	89	1.0
89	89	5.0
89	90	1.0
89	91	1.0
90	90	3.0
90	91	1.0
91	91	2.0
92	92	5.0
92	93	3.0
93	93	4.0
93	95	1.0
93	103	1.0
94	94	1.0
94	95	2.0
94	100	1.0
95	95	2.0
95	96	1.0
95	97	2.0
95	100	1.0
96	96	1.0
97	97	4.0
97	99	1.0
97	100	1.0
98	98	6.0
98	99	4.0
99	99	2.0
100	100	1.0
100	101	1.0
101	101	1.0
102	102	3.0
103	103	3.0
103	104	1.0
104	104	2.0
105	105	5.0
106	106	3.0
