1	1	5.0
2	2	2.0
3	3	1.0
4	4	4.0
4	5	1.0
4	128	1.0
5	5	4.0
6	6	2.0
6	8	1.0
7	7	2.0
7	8	1.0
7	9	1.0
8	8	2.0
8	117	2.0
8	118	1.0
9	9	1.0
9	10	1.0
9	117	1.0
10	10	2.0
10	11	1.0
10	15	1.0
11	11	1.0
11	12	1.0
11	13	1.0
11	18	1.0
11	26	1.0
12	12	1.0
12	14	1.0
13	13	2.0
14	14	2.0
15	15	2.0
15	16	1.0
16	16	1.0
17	17	1.0
17	18	2.0
18	18	2.0
19	19	4.0
19	20	1.0
19	21	1.0
20	20	2.0
21	21	2.0
22	22	2.0
24	24	1.0
24	25	4.0
24	26	2.0
25	25	3.0
25	26	1.0
26	26	2.0
26	27	1.0
27	27	4.0
27	108	1.0
27	114	1.0
28	28	1.0
28	66	1.0
29	30	1.0
29	31	1.0
31	32	1.0
31	38	1.0
31	130	1.0
32	32	2.0
32	35	1.0
33	33	1.0
33	38	2.0
34	34	4.0
34	36	1.0
35	35	2.0
36	37	2.0
36	38	1.0
37	37	2.0
38	38	1.0
71	71	1.0
71	72	1.0
72	72	1.0
72	73	1.0
73	73	5.0
73	74	2.0
73	80	2.0
74	74	2.0
74	75	1.0
75	75	5.0
75	77	2.0
76	76	1.0
76	78	1.0
76	79	1.0
77	78	1.0
78	78	3.0
78	85	1.0
78	87	1.0
78	88	2.0
79	79	2.0
79	80	1.0
79	81	1.0
80	80	1.0
80	85	1.0
81	81	3.0
81	82	1.0
81	85	1.0
82	119	1.0
83	83	1.0
83	84	1.0
84	84	1.0
85	85	4.0
85	86	1.0
86	86	3.0
86	87	1.0
87	87	6.0
87	88	3.0
88	88	3.0
88	89	1.0
89	89	3.0
90	90	3.0
91	91	7.0
92	92	1.0
93	93	5.0
93	104	1.0
94	94	2.0
94	95	2.0
94	106	2.0
95	95	7.0
95	96	2.0
96	96	2.0
97	97	2.0
98	98	1.0
98	99	3.0
99	99	1.0
99	100	1.0
100	100	2.0
101	101	2.0
102	102	1.0
102	103	1.0
103	103	2.0
104	104	3.0
104	105	2.0
105	105	1.0
105	107	1.0
105	108	1.0
106	106	2.0
106	107	2.0
107	107	1.0
107	109	1.0
108	108	4.0
108	109	1.0
108	110	1.0
109	109	6.0
110	110	5.0
111	111	3.0
111	112	1.0
111	115	2.0
112	112	2.0
113	113	3.0
114	114	7.0
116	116	5.0
116	117	1.0
117	117	2.0
118	118	2.0
118	119	1.0
118	122	1.0
119	119	2.0
119	122	1.0
120	120	1.0
120	121	3.0
120	122	1.0
121	121	2.0
121	122	1.0
122	122	1.0
122	123	1.0
123	123	3.0
124	124	4.0
124	125	1.0
124	128	1.0
125	125	1.0
126	126	2.0
126	127	1.0
126	129	1.0
127	127	1.0
127	129	2.0
128	128	2.0
129	129	3.0
129	130	1.0
130	130	5.0
130	131	1.0
131	131	3.0
132	132	2.0
133	135	1.0
134	134	2.0
134	135	1.0
135	135	2.0
136	137	1.0
137	137	2.0
138	138	1.0
138	139	1.0
139	139	4.0
139	140	1.0
140	140	2.0
0	1	1.0
0	0	2.0
