1	1	3.0
1	2	1.0
1	3	1.0
2	4	1.0
4	4	4.0
4	5	1.0
4	15	1.0
4	32	1.0
5	5	1.0
5	8	2.0
6	6	3.0
6	8	1.0
6	9	2.0
7	7	1.0
7	8	2.0
8	8	4.0
9	9	3.0
9	10	2.0
10	10	5.0
10	11	1.0
10	13	1.0
11	11	3.0
12	12	5.0
13	13	2.0
13	14	1.0
14	14	5.0
14	15	1.0
15	16	2.0
15	17	1.0
16	16	3.0
16	17	1.0
16	20	1.0
16	31	1.0
16	64	1.0
16	66	1.0
17	17	1.0
17	18	2.0
17	19	1.0
17	23	1.0
17	31	1.0
18	18	4.0
18	23	1.0
18	31	1.0
18	80	2.0
19	19	2.0
19	20	1.0
19	22	1.0
20	20	3.0
21	21	2.0
21	23	1.0
21	116	1.0
22	22	2.0
22	23	1.0
22	67	1.0
23	23	1.0
25	25	5.0
25	32	1.0
25	67	1.0
26	26	5.0
27	27	3.0
27	28	1.0
27	35	1.0
27	88	1.0
28	28	3.0
29	29	3.0
29	30	1.0
30	30	4.0
30	55	1.0
31	31	3.0
31	86	1.0
32	32	4.0
32	33	2.0
32	87	1.0
33	33	9.0
33	34	1.0
33	36	3.0
33	58	1.0
34	35	1.0
34	130	1.0
35	35	1.0
35	37	2.0
35	38	1.0
36	36	1.0
36	75	1.0
37	37	4.0
37	153	1.0
38	38	5.0
38	39	1.0
38	40	1.0
38	157	1.0
39	39	4.0
39	43	1.0
39	47	1.0
39	89	1.0
40	40	4.0
40	71	1.0
41	41	1.0
41	42	3.0
42	42	6.0
42	88	1.0
43	43	6.0
43	44	1.0
43	53	1.0
44	44	4.0
44	51	1.0
45	45	4.0
45	46	1.0
46	46	3.0
46	79	1.0
47	47	3.0
47	48	1.0
47	52	2.0
48	48	4.0
48	49	2.0
48	50	1.0
48	55	1.0
49	49	7.0
49	54	1.0
49	74	1.0
50	50	3.0
50	51	2.0
51	51	4.0
51	52	1.0
52	52	3.0
52	53	1.0
53	53	4.0
53	188	1.0
54	54	5.0
55	55	8.0
55	56	3.0
55	58	1.0
56	56	5.0
56	57	1.0
56	69	1.0
57	57	4.0
57	58	1.0
57	129	1.0
57	183	1.0
58	58	3.0
58	59	1.0
59	59	2.0
59	60	2.0
59	134	1.0
60	60	3.0
60	61	2.0
60	85	1.0
60	114	1.0
61	61	4.0
61	62	5.0
62	62	1.0
62	130	1.0
63	66	1.0
63	76	1.0
63	85	1.0
64	64	2.0
64	71	1.0
65	65	1.0
65	66	1.0
65	69	1.0
65	87	1.0
66	66	3.0
66	130	1.0
67	67	1.0
67	76	1.0
67	80	1.0
68	68	4.0
68	97	1.0
68	130	1.0
69	69	3.0
69	70	1.0
69	72	1.0
69	74	1.0
70	70	2.0
71	71	8.0
72	72	1.0
72	122	1.0
73	73	1.0
73	118	1.0
74	74	2.0
74	75	1.0
75	75	2.0
76	76	3.0
76	77	2.0
76	78	1.0
76	79	1.0
77	77	2.0
77	78	2.0
77	83	1.0
78	78	2.0
78	79	1.0
78	83	1.0
79	79	1.0
79	80	1.0
80	80	1.0
81	81	2.0
81	90	1.0
82	82	4.0
82	83	1.0
82	85	1.0
82	93	1.0
83	83	2.0
84	84	2.0
85	85	1.0
86	86	3.0
86	87	1.0
87	87	5.0
88	88	6.0
88	89	3.0
89	89	2.0
90	90	1.0
94	94	3.0
94	99	2.0
95	95	4.0
95	107	1.0
95	135	1.0
96	96	2.0
96	97	1.0
96	98	1.0
97	97	2.0
97	98	1.0
97	99	1.0
98	98	4.0
98	144	1.0
98	152	1.0
99	99	5.0
99	132	1.0
100	100	2.0
100	101	1.0
100	106	1.0
101	114	1.0
101	134	1.0
101	135	1.0
102	102	1.0
103	103	2.0
103	104	2.0
104	104	1.0
104	105	1.0
104	106	1.0
104	119	1.0
105	105	2.0
105	106	4.0
105	108	1.0
106	106	3.0
107	107	3.0
108	108	1.0
108	109	2.0
109	109	2.0
109	110	1.0
110	110	2.0
111	111	3.0
111	143	1.0
111	147	1.0
112	112	4.0
112	113	2.0
112	115	1.0
112	138	1.0
112	150	2.0
113	113	5.0
113	122	1.0
114	114	2.0
114	115	1.0
114	116	1.0
114	155	1.0
115	115	4.0
115	116	1.0
115	118	1.0
115	150	1.0
116	117	3.0
117	117	1.0
117	122	1.0
118	118	3.0
118	119	1.0
118	122	1.0
118	124	1.0
119	119	3.0
119	120	1.0
120	120	4.0
120	132	1.0
121	121	3.0
121	122	2.0
121	150	1.0
122	122	3.0
122	123	1.0
122	125	1.0
123	124	1.0
124	124	8.0
124	139	1.0
125	125	5.0
125	126	2.0
125	134	1.0
126	126	5.0
126	133	1.0
127	127	4.0
127	128	3.0
128	128	4.0
129	129	4.0
130	130	3.0
131	131	2.0
131	153	1.0
132	132	3.0
132	133	1.0
133	133	4.0
133	155	1.0
133	156	1.0
134	134	5.0
134	181	1.0
135	135	1.0
135	166	1.0
136	150	1.0
137	137	5.0
137	139	1.0
137	185	1.0
138	138	2.0
139	139	3.0
139	140	1.0
139	143	1.0
139	147	1.0
139	150	1.0
140	140	3.0
140	150	1.0
141	141	2.0
141	142	1.0
141	151	1.0
141	182	1.0
142	142	4.0
142	149	1.0
142	150	1.0
143	143	1.0
143	146	1.0
144	144	3.0
144	145	1.0
144	147	1.0
145	145	4.0
145	146	1.0
146	146	3.0
147	147	3.0
147	152	1.0
148	149	1.0
148	157	1.0
149	149	4.0
149	150	1.0
149	163	1.0
149	169	1.0
150	150	3.0
150	168	1.0
151	151	3.0
151	166	1.0
152	152	4.0
152	153	2.0
152	154	1.0
152	155	1.0
153	153	3.0
154	154	4.0
154	155	1.0
155	155	2.0
155	156	2.0
155	180	1.0
156	156	2.0
156	157	1.0
157	157	2.0
157	158	2.0
157	188	1.0
158	158	2.0
158	159	3.0
158	160	1.0
159	159	3.0
160	160	2.0
160	176	3.0
160	177	1.0
161	161	2.0
163	164	1.0
163	178	1.0
163	179	1.0
164	164	2.0
165	165	1.0
165	166	1.0
165	173	1.0
166	166	2.0
167	167	2.0
168	171	1.0
168	180	1.0
169	169	1.0
169	178	1.0
169	186	1.0
169	196	1.0
169	197	1.0
170	170	3.0
171	171	3.0
171	172	1.0
171	179	1.0
171	193	1.0
172	172	3.0
172	173	2.0
172	177	1.0
173	173	4.0
173	174	1.0
173	192	1.0
174	174	4.0
174	175	1.0
174	182	1.0
175	175	3.0
175	189	1.0
176	176	6.0
176	177	1.0
176	188	1.0
177	177	2.0
178	178	4.0
178	184	1.0
178	190	1.0
179	179	6.0
179	194	1.0
179	196	1.0
180	180	4.0
180	181	1.0
180	182	2.0
181	181	1.0
181	182	2.0
182	182	1.0
183	183	4.0
184	184	4.0
184	185	2.0
185	185	4.0
185	186	2.0
186	186	5.0
186	187	3.0
187	187	2.0
187	188	2.0
188	188	4.0
189	189	4.0
189	190	1.0
190	190	3.0
190	191	1.0
191	191	3.0
192	192	3.0
192	193	1.0
193	193	3.0
194	194	5.0
195	195	3.0
195	196	1.0
196	196	4.0
196	197	1.0
197	197	5.0
0	3	1.0
0	0	3.0
