1	1	22.0
1	3	1.0
1	4	1.0
1	7	1.0
1	45	1.0
1	49	1.0
1	50	1.0
1	56	1.0
2	2	25.0
2	3	5.0
2	7	1.0
2	8	1.0
2	37	1.0
2	39	1.0
2	49	1.0
2	58	1.0
3	3	21.0
3	4	4.0
3	5	1.0
3	17	1.0
4	4	14.0
4	5	5.0
4	17	1.0
5	5	15.0
5	6	1.0
5	47	1.0
6	6	22.0
6	8	1.0
6	9	1.0
6	11	1.0
6	18	1.0
7	7	20.0
7	18	1.0
7	38	1.0
8	8	15.0
8	9	2.0
8	14	1.0
8	41	1.0
8	56	1.0
9	9	15.0
9	10	1.0
9	18	1.0
9	20	1.0
9	32	1.0
10	10	19.0
10	11	3.0
10	17	1.0
10	35	1.0
11	11	12.0
11	12	4.0
11	49	1.0
11	58	1.0
12	12	22.0
12	13	1.0
12	16	1.0
12	18	1.0
12	58	1.0
13	13	24.0
13	14	2.0
13	15	1.0
13	16	1.0
13	17	3.0
14	14	8.0
14	15	4.0
14	56	1.0
15	15	16.0
15	16	5.0
15	18	1.0
15	48	1.0
16	16	13.0
16	17	2.0
16	18	2.0
17	17	20.0
17	18	2.0
17	35	1.0
17	46	1.0
18	18	23.0
18	51	1.0
19	19	17.0
19	36	1.0
20	20	10.0
20	21	2.0
20	22	2.0
20	23	1.0
20	35	1.0
21	21	8.0
21	22	2.0
21	23	1.0
21	28	1.0
22	22	5.0
22	23	2.0
23	23	8.0
23	24	2.0
24	24	2.0
28	28	10.0
28	29	5.0
28	30	1.0
28	49	1.0
28	57	1.0
29	29	6.0
29	30	2.0
29	31	1.0
29	32	2.0
29	34	1.0
29	35	1.0
30	30	23.0
30	31	3.0
30	32	1.0
30	41	1.0
31	31	21.0
31	32	2.0
31	33	1.0
31	34	2.0
31	42	1.0
32	32	14.0
32	33	1.0
32	56	1.0
33	33	11.0
33	34	2.0
33	35	1.0
33	41	1.0
34	34	17.0
34	35	5.0
34	36	1.0
35	35	23.0
35	36	2.0
35	38	1.0
35	56	1.0
36	36	20.0
36	37	1.0
36	38	2.0
36	39	1.0
36	41	1.0
36	56	2.0
36	58	1.0
37	37	6.0
37	38	5.0
37	57	1.0
37	58	2.0
38	38	14.0
38	39	4.0
38	52	1.0
39	39	27.0
39	40	4.0
39	41	1.0
39	43	1.0
39	52	1.0
39	53	1.0
40	40	16.0
40	41	2.0
40	42	2.0
40	43	2.0
40	44	1.0
41	41	17.0
41	42	3.0
41	43	1.0
41	50	1.0
42	42	18.0
42	43	2.0
42	44	2.0
42	45	1.0
42	51	1.0
42	52	1.0
42	56	1.0
43	43	12.0
43	44	2.0
43	52	1.0
44	44	14.0
44	45	6.0
44	53	1.0
44	56	1.0
45	45	29.0
45	46	2.0
45	50	1.0
45	52	1.0
46	46	16.0
46	47	3.0
46	50	1.0
47	47	17.0
47	48	1.0
47	49	2.0
48	48	21.0
48	49	6.0
49	49	20.0
49	50	1.0
50	50	10.0
50	51	2.0
51	51	10.0
51	52	3.0
51	54	1.0
51	55	2.0
52	52	20.0
52	53	2.0
52	54	1.0
53	53	5.0
53	54	2.0
53	55	1.0
53	56	1.0
53	57	1.0
53	58	1.0
54	54	19.0
54	55	1.0
54	56	1.0
55	55	11.0
55	56	6.0
55	57	3.0
56	56	14.0
56	57	4.0
56	58	1.0
57	57	5.0
57	58	6.0
58	58	13.0
58	59	2.0
59	59	3.0
0	1	2.0
0	2	1.0
0	39	1.0
0	50	2.0
0	0	7.0
