1	1	7.0
2	2	3.0
2	11	1.0
2	19	1.0
3	28	1.0
4	4	1.0
5	5	2.0
5	24	1.0
6	6	3.0
7	7	1.0
8	8	2.0
8	9	1.0
9	9	3.0
9	10	1.0
10	10	2.0
10	11	2.0
11	11	2.0
11	17	1.0
11	21	1.0
11	46	1.0
12	12	4.0
12	13	1.0
12	14	2.0
12	27	1.0
13	13	1.0
13	17	1.0
14	44	1.0
14	46	1.0
15	16	1.0
16	16	2.0
16	17	1.0
17	17	2.0
18	18	1.0
18	27	2.0
18	28	1.0
18	30	1.0
18	36	1.0
19	19	3.0
19	21	1.0
19	22	2.0
19	26	1.0
20	20	3.0
21	21	1.0
21	22	1.0
22	22	4.0
24	24	1.0
24	25	1.0
26	26	2.0
26	27	1.0
26	29	1.0
27	27	2.0
28	38	1.0
28	110	1.0
28	112	1.0
29	31	1.0
30	30	4.0
31	31	1.0
31	32	1.0
31	35	1.0
31	44	3.0
32	32	3.0
32	33	2.0
32	41	1.0
32	43	1.0
33	33	3.0
33	34	2.0
33	61	1.0
34	35	2.0
35	35	5.0
35	36	1.0
35	45	1.0
36	36	2.0
36	37	1.0
36	43	1.0
37	37	2.0
37	38	1.0
37	39	1.0
38	38	1.0
38	58	1.0
39	39	1.0
40	40	2.0
41	41	1.0
41	43	1.0
41	104	1.0
42	57	1.0
43	111	1.0
44	45	1.0
44	46	1.0
44	118	1.0
45	45	5.0
45	119	1.0
46	46	1.0
46	47	1.0
47	47	8.0
48	48	3.0
51	51	1.0
54	91	1.0
55	55	2.0
56	56	1.0
56	58	1.0
56	90	1.0
57	57	1.0
57	58	1.0
58	58	1.0
58	74	1.0
58	75	1.0
59	59	5.0
60	60	6.0
61	61	5.0
61	62	1.0
62	62	1.0
63	63	6.0
63	81	1.0
63	111	1.0
63	125	1.0
64	64	5.0
64	66	1.0
65	65	2.0
65	66	2.0
66	66	8.0
66	77	1.0
67	67	2.0
67	68	1.0
68	68	1.0
68	69	1.0
69	69	4.0
69	73	1.0
70	70	3.0
71	71	1.0
71	73	1.0
71	76	2.0
72	72	2.0
72	77	1.0
73	73	7.0
73	77	2.0
74	74	3.0
74	89	1.0
75	89	1.0
76	76	3.0
76	77	1.0
77	77	3.0
78	78	4.0
78	79	1.0
79	79	4.0
81	81	1.0
81	82	2.0
82	82	3.0
82	83	1.0
82	85	1.0
83	83	2.0
84	84	2.0
84	85	1.0
84	111	1.0
85	85	3.0
85	86	1.0
85	87	1.0
85	128	1.0
86	86	1.0
87	87	2.0
87	99	1.0
88	88	2.0
88	101	1.0
88	107	1.0
89	89	2.0
89	101	2.0
90	90	1.0
91	91	2.0
91	93	1.0
92	92	2.0
92	93	1.0
94	94	1.0
94	97	1.0
94	98	1.0
94	108	1.0
95	95	2.0
96	96	1.0
97	97	2.0
99	99	2.0
100	100	3.0
101	101	2.0
101	105	1.0
102	102	4.0
102	105	1.0
102	106	3.0
102	107	1.0
103	103	3.0
104	104	1.0
105	105	2.0
105	123	1.0
106	106	2.0
106	113	1.0
106	124	1.0
107	107	2.0
107	114	1.0
107	125	1.0
108	108	3.0
108	109	2.0
109	109	2.0
110	110	2.0
110	117	1.0
110	123	1.0
111	111	2.0
111	113	3.0
111	117	1.0
112	113	1.0
113	113	3.0
113	114	1.0
114	114	2.0
114	127	1.0
115	115	3.0
115	126	1.0
115	127	1.0
116	116	3.0
116	117	1.0
116	120	2.0
116	127	1.0
116	129	1.0
117	117	6.0
117	119	2.0
117	128	1.0
118	118	3.0
119	119	2.0
119	121	1.0
119	129	1.0
120	120	7.0
121	121	2.0
122	122	5.0
122	123	2.0
123	123	1.0
123	127	1.0
124	124	2.0
124	125	1.0
124	128	1.0
124	129	1.0
124	134	1.0
125	125	2.0
126	126	4.0
126	128	1.0
127	127	2.0
128	129	1.0
129	129	4.0
130	130	6.0
130	131	1.0
131	131	4.0
132	132	4.0
133	133	2.0
0	1	1.0
0	0	3.0
