19	19	2.0
19	22	1.0
19	86	1.0
20	20	6.0
20	21	5.0
20	22	1.0
20	36	2.0
20	88	1.0
21	21	11.0
21	22	1.0
21	23	1.0
21	24	1.0
22	22	5.0
22	23	2.0
22	83	1.0
22	87	1.0
23	23	1.0
23	24	4.0
23	27	1.0
23	105	1.0
24	24	6.0
24	26	1.0
25	25	8.0
25	26	2.0
25	27	1.0
25	31	1.0
25	47	1.0
26	26	8.0
26	28	1.0
26	46	1.0
26	108	1.0
26	109	1.0
27	27	9.0
27	31	1.0
27	35	1.0
27	48	1.0
28	28	9.0
28	30	2.0
29	29	4.0
29	31	2.0
30	30	9.0
30	31	1.0
30	46	1.0
30	48	1.0
31	31	6.0
31	32	1.0
31	33	2.0
31	110	1.0
32	32	12.0
32	33	2.0
32	114	1.0
32	115	1.0
33	33	6.0
33	34	2.0
34	34	4.0
34	35	1.0
34	36	1.0
35	35	3.0
35	36	1.0
35	49	1.0
36	36	5.0
36	37	1.0
37	37	4.0
37	39	1.0
37	99	1.0
37	100	1.0
38	38	5.0
38	39	2.0
38	74	1.0
38	87	1.0
39	39	8.0
39	100	1.0
40	40	7.0
40	41	3.0
40	44	1.0
40	49	1.0
40	50	1.0
41	41	6.0
41	43	2.0
42	42	6.0
42	43	4.0
42	45	1.0
42	111	2.0
43	43	3.0
43	44	2.0
44	44	5.0
44	45	1.0
45	45	6.0
46	46	5.0
46	47	1.0
46	48	1.0
47	47	3.0
48	48	7.0
48	49	1.0
48	51	1.0
49	49	3.0
49	50	6.0
49	51	1.0
50	50	5.0
50	51	3.0
51	51	5.0
51	52	2.0
51	98	1.0
52	52	6.0
52	53	1.0
52	85	1.0
52	86	1.0
52	89	1.0
53	53	5.0
53	55	2.0
54	54	3.0
54	55	2.0
55	55	4.0
55	93	1.0
56	56	3.0
56	89	1.0
57	57	2.0
57	67	1.0
58	58	4.0
58	59	1.0
58	73	1.0
59	59	6.0
59	64	2.0
59	69	1.0
59	73	1.0
60	60	13.0
60	61	4.0
61	61	7.0
61	62	2.0
62	62	5.0
62	67	2.0
62	68	1.0
63	63	3.0
63	68	1.0
64	64	2.0
64	65	1.0
64	66	3.0
64	67	1.0
65	65	6.0
66	66	2.0
66	67	1.0
67	67	7.0
67	69	2.0
67	71	4.0
68	68	2.0
68	69	2.0
68	70	2.0
69	69	2.0
69	70	1.0
69	74	1.0
70	70	6.0
70	74	2.0
70	92	1.0
71	71	6.0
71	72	2.0
71	95	1.0
72	72	8.0
72	73	2.0
73	73	4.0
73	74	1.0
74	74	7.0
74	75	4.0
74	76	1.0
75	75	6.0
75	76	1.0
75	79	1.0
76	76	7.0
76	77	1.0
76	78	2.0
77	77	6.0
77	78	1.0
77	80	1.0
78	78	4.0
78	79	1.0
79	79	3.0
80	80	4.0
80	110	1.0
81	81	3.0
81	82	1.0
81	84	1.0
81	94	1.0
82	82	2.0
82	84	2.0
82	85	1.0
82	96	1.0
83	83	8.0
83	95	1.0
84	84	1.0
84	85	1.0
85	85	3.0
85	86	1.0
86	86	1.0
86	87	1.0
86	89	2.0
87	87	4.0
87	88	2.0
87	90	1.0
87	113	1.0
88	88	1.0
88	90	1.0
88	91	1.0
89	89	2.0
89	90	1.0
89	91	1.0
89	110	1.0
90	91	1.0
91	91	4.0
92	92	4.0
92	93	1.0
92	106	1.0
93	93	4.0
93	94	4.0
93	97	1.0
93	106	1.0
94	94	2.0
94	95	1.0
94	97	1.0
95	95	6.0
95	96	1.0
95	98	2.0
95	99	1.0
96	96	5.0
96	97	4.0
96	98	3.0
96	99	1.0
97	97	7.0
97	98	1.0
97	100	1.0
98	98	3.0
98	99	4.0
98	100	2.0
98	106	1.0
99	99	7.0
99	100	3.0
100	100	4.0
100	101	2.0
101	101	5.0
101	103	2.0
101	106	1.0
101	107	1.0
102	102	4.0
102	103	2.0
102	107	1.0
103	103	7.0
103	107	1.0
104	104	1.0
104	105	4.0
104	107	1.0
104	109	2.0
105	105	4.0
105	106	1.0
106	106	4.0
106	107	1.0
107	107	2.0
108	108	2.0
108	109	1.0
108	110	1.0
109	109	2.0
109	110	1.0
110	110	6.0
110	111	1.0
111	111	6.0
111	113	1.0
112	112	2.0
112	113	2.0
113	113	3.0
113	114	1.0
114	114	7.0
114	115	1.0
