19	20	1.0
20	20	4.0
20	30	1.0
21	21	7.0
21	22	2.0
21	26	1.0
21	55	1.0
22	22	2.0
23	23	1.0
24	24	2.0
24	25	1.0
24	74	1.0
25	25	5.0
26	26	1.0
26	27	1.0
26	99	1.0
27	27	1.0
27	28	2.0
28	28	3.0
28	29	1.0
29	29	2.0
29	37	1.0
30	30	5.0
30	47	1.0
31	31	4.0
31	39	1.0
31	48	1.0
32	33	2.0
32	34	1.0
33	33	3.0
33	35	1.0
33	36	1.0
33	50	1.0
34	35	1.0
35	35	1.0
35	36	2.0
36	36	4.0
36	42	1.0
36	43	1.0
37	37	1.0
38	38	4.0
38	39	1.0
39	39	1.0
39	41	1.0
40	40	2.0
40	41	1.0
40	67	1.0
41	41	4.0
42	42	4.0
42	45	1.0
43	43	3.0
43	44	1.0
43	45	2.0
44	44	3.0
44	45	1.0
45	45	1.0
46	46	5.0
47	47	1.0
47	49	1.0
48	48	1.0
48	49	2.0
49	49	1.0
50	50	8.0
50	51	1.0
51	51	3.0
51	52	2.0
52	52	2.0
52	53	2.0
53	53	1.0
53	54	1.0
54	54	2.0
54	55	2.0
54	56	1.0
55	55	2.0
58	59	1.0
59	59	1.0
59	60	2.0
59	67	1.0
60	60	2.0
61	61	3.0
62	63	1.0
63	63	1.0
63	65	1.0
64	64	2.0
64	66	1.0
65	65	3.0
66	66	2.0
66	68	1.0
66	72	1.0
66	74	1.0
67	67	3.0
67	73	1.0
68	68	4.0
68	69	2.0
68	72	1.0
69	69	4.0
69	70	1.0
70	70	3.0
70	71	1.0
71	71	1.0
71	73	1.0
72	72	1.0
72	73	2.0
72	104	1.0
73	73	1.0
74	74	7.0
75	75	3.0
75	76	1.0
75	93	1.0
76	76	4.0
76	77	1.0
77	77	3.0
78	78	3.0
79	79	2.0
80	80	2.0
80	81	1.0
81	81	2.0
81	82	2.0
81	83	1.0
82	82	2.0
83	83	2.0
83	84	2.0
84	84	2.0
84	85	1.0
84	86	1.0
85	85	2.0
86	86	2.0
87	87	1.0
87	88	1.0
88	89	1.0
88	91	1.0
89	89	1.0
90	90	1.0
90	91	1.0
90	110	1.0
93	93	1.0
93	94	1.0
94	94	1.0
94	95	2.0
94	96	1.0
95	95	4.0
96	96	5.0
96	97	1.0
96	98	1.0
97	97	2.0
97	98	1.0
97	100	2.0
99	99	2.0
100	100	6.0
100	101	3.0
101	101	2.0
101	103	1.0
102	102	1.0
103	103	3.0
103	104	1.0
103	105	2.0
104	105	1.0
104	106	2.0
104	107	1.0
105	105	2.0
106	106	4.0
107	107	2.0
107	108	1.0
108	108	2.0
109	109	2.0
109	112	1.0
110	110	1.0
111	111	2.0
111	112	1.0
113	113	5.0
114	114	1.0
114	115	1.0
