19	19	2.0
19	20	2.0
19	46	1.0
20	20	2.0
20	21	1.0
20	37	1.0
20	45	1.0
21	21	5.0
21	30	2.0
21	36	1.0
22	22	2.0
22	29	1.0
22	36	1.0
23	23	1.0
23	29	1.0
23	36	1.0
23	43	1.0
24	24	3.0
24	37	1.0
25	25	5.0
25	37	1.0
26	26	2.0
26	27	2.0
27	27	3.0
27	28	1.0
28	28	2.0
28	29	1.0
29	29	1.0
30	30	2.0
30	31	1.0
30	32	1.0
30	33	1.0
31	31	1.0
31	32	1.0
32	32	1.0
32	33	3.0
33	33	1.0
34	34	4.0
35	35	1.0
36	42	2.0
37	38	1.0
37	69	1.0
38	39	1.0
38	76	1.0
38	84	2.0
39	39	2.0
39	40	1.0
39	41	1.0
39	85	1.0
40	41	3.0
40	46	1.0
41	41	4.0
42	43	2.0
42	44	1.0
42	62	1.0
43	43	2.0
44	44	4.0
44	45	1.0
44	66	1.0
44	67	1.0
45	45	1.0
45	46	1.0
45	62	1.0
46	46	2.0
46	61	1.0
47	47	2.0
47	48	1.0
47	64	1.0
47	69	1.0
48	48	2.0
49	49	2.0
49	50	1.0
50	50	1.0
50	61	1.0
50	68	1.0
51	51	3.0
51	52	1.0
52	52	1.0
52	56	1.0
53	53	1.0
53	54	2.0
53	56	1.0
53	109	2.0
54	54	2.0
54	112	1.0
55	55	5.0
56	113	1.0
58	59	2.0
58	64	1.0
59	59	2.0
59	60	1.0
60	60	3.0
61	61	5.0
62	62	3.0
62	65	1.0
63	63	1.0
64	64	2.0
65	66	1.0
66	66	1.0
67	69	1.0
68	68	2.0
69	69	1.0
70	72	2.0
70	84	1.0
70	99	1.0
71	72	1.0
71	73	1.0
72	72	1.0
74	74	1.0
75	75	2.0
76	76	2.0
77	77	1.0
77	97	1.0
78	78	3.0
78	79	1.0
79	82	2.0
79	83	1.0
79	98	2.0
80	80	2.0
80	81	1.0
80	108	1.0
81	81	1.0
81	82	1.0
81	85	1.0
82	82	1.0
82	98	1.0
83	83	1.0
84	84	1.0
85	85	1.0
85	90	1.0
86	86	1.0
86	109	1.0
87	87	4.0
88	88	1.0
88	91	1.0
88	108	1.0
89	102	1.0
90	90	1.0
91	91	1.0
92	92	2.0
92	93	1.0
93	93	3.0
94	94	2.0
95	95	6.0
96	96	1.0
96	98	2.0
98	98	1.0
99	99	3.0
101	101	3.0
101	102	1.0
102	102	1.0
102	103	1.0
103	103	3.0
103	106	1.0
104	104	2.0
104	107	1.0
105	105	1.0
107	107	1.0
108	108	2.0
109	109	2.0
109	110	2.0
110	110	1.0
111	111	4.0
112	112	4.0
113	113	2.0
114	114	1.0
