1	1	2.0
1	2	1.0
2	2	3.0
2	3	1.0
3	3	2.0
3	78	1.0
4	4	2.0
4	47	1.0
4	78	1.0
5	5	1.0
5	6	2.0
6	7	3.0
6	8	1.0
6	15	1.0
6	25	1.0
6	28	1.0
7	7	2.0
7	8	1.0
7	39	1.0
8	25	3.0
9	10	1.0
9	12	1.0
10	10	5.0
10	11	1.0
11	11	1.0
11	12	1.0
12	12	5.0
12	13	1.0
12	14	1.0
12	21	1.0
13	13	4.0
13	14	1.0
14	14	2.0
14	36	1.0
15	15	1.0
15	16	1.0
15	22	1.0
16	16	5.0
16	17	4.0
16	39	1.0
17	17	4.0
18	18	3.0
18	20	1.0
19	21	1.0
20	20	6.0
20	22	1.0
20	38	1.0
20	56	1.0
21	21	2.0
21	22	1.0
21	23	1.0
22	22	4.0
22	23	1.0
23	24	1.0
24	24	2.0
24	25	1.0
24	44	1.0
24	59	1.0
25	25	2.0
25	26	1.0
25	30	1.0
25	37	1.0
25	42	1.0
25	57	1.0
25	64	1.0
26	26	6.0
26	27	1.0
26	38	1.0
27	28	1.0
27	30	1.0
27	38	1.0
28	28	1.0
28	29	1.0
29	29	3.0
29	30	1.0
29	47	1.0
30	30	4.0
30	31	2.0
31	31	1.0
31	36	1.0
33	33	3.0
33	34	2.0
33	36	1.0
34	34	3.0
34	35	1.0
34	36	1.0
35	35	1.0
36	36	1.0
36	37	2.0
36	38	1.0
37	37	3.0
37	48	1.0
38	38	3.0
38	39	1.0
39	39	3.0
39	48	1.0
40	40	9.0
40	41	1.0
41	41	6.0
42	42	1.0
42	44	1.0
43	43	2.0
43	44	2.0
44	44	3.0
45	45	1.0
46	46	4.0
46	47	2.0
47	47	4.0
48	48	6.0
48	53	1.0
52	52	1.0
52	53	2.0
53	53	4.0
53	54	3.0
53	56	1.0
54	54	2.0
54	55	2.0
55	55	4.0
56	56	7.0
56	70	1.0
57	57	1.0
58	58	2.0
58	59	1.0
58	68	1.0
59	59	1.0
59	69	1.0
60	60	2.0
60	62	1.0
61	62	2.0
62	62	5.0
62	63	2.0
63	63	1.0
63	65	1.0
63	68	1.0
63	71	1.0
64	64	1.0
64	68	1.0
65	65	2.0
66	66	2.0
66	98	1.0
67	67	2.0
67	68	1.0
68	68	2.0
69	70	1.0
70	70	1.0
70	72	1.0
71	71	4.0
71	74	1.0
72	72	2.0
72	73	1.0
72	123	1.0
73	73	3.0
73	74	1.0
73	80	1.0
73	83	1.0
74	74	4.0
74	75	3.0
74	81	1.0
75	75	3.0
75	76	1.0
76	76	7.0
76	77	1.0
77	77	6.0
77	78	3.0
77	81	1.0
78	78	5.0
78	79	1.0
78	81	1.0
78	82	1.0
78	140	1.0
79	79	3.0
79	87	1.0
80	80	5.0
80	81	1.0
80	82	1.0
81	81	2.0
82	82	1.0
83	83	6.0
83	84	2.0
83	145	1.0
84	84	4.0
84	87	1.0
84	142	1.0
84	145	1.0
85	85	6.0
85	87	1.0
86	86	2.0
86	88	2.0
87	87	3.0
87	169	2.0
88	88	3.0
88	89	2.0
88	90	1.0
89	89	5.0
89	90	1.0
89	95	1.0
89	99	1.0
89	111	1.0
90	90	3.0
90	91	5.0
90	92	1.0
91	91	2.0
91	96	1.0
92	92	2.0
92	94	2.0
92	169	1.0
93	93	5.0
93	108	1.0
94	94	2.0
95	95	1.0
96	96	1.0
96	97	2.0
96	106	1.0
96	111	1.0
97	97	2.0
97	98	3.0
98	98	5.0
99	99	5.0
99	108	1.0
100	100	3.0
100	101	1.0
100	108	3.0
101	101	2.0
101	102	3.0
101	104	1.0
101	108	1.0
102	102	3.0
102	104	1.0
103	103	3.0
103	104	2.0
103	109	1.0
104	104	2.0
104	105	1.0
105	105	1.0
105	121	1.0
106	106	3.0
106	107	1.0
107	107	3.0
108	108	3.0
108	109	1.0
109	109	3.0
109	110	2.0
109	119	1.0
110	110	8.0
110	111	1.0
110	114	1.0
111	111	3.0
112	112	4.0
113	113	4.0
113	114	3.0
113	120	1.0
113	122	1.0
113	137	1.0
114	114	4.0
114	115	1.0
114	134	2.0
115	115	2.0
115	187	1.0
115	188	1.0
116	116	1.0
116	117	2.0
117	117	1.0
117	118	1.0
118	118	4.0
118	119	1.0
119	119	4.0
119	120	1.0
119	124	1.0
119	125	1.0
120	120	3.0
120	121	2.0
120	123	1.0
121	121	2.0
121	142	1.0
122	122	3.0
122	123	1.0
122	128	1.0
123	123	3.0
123	125	1.0
123	128	1.0
124	124	4.0
124	125	1.0
124	128	1.0
125	125	4.0
125	127	1.0
126	126	1.0
126	127	1.0
127	127	1.0
127	129	1.0
127	159	1.0
127	160	1.0
128	128	5.0
128	129	3.0
128	157	1.0
128	170	1.0
128	172	1.0
129	129	3.0
129	130	2.0
129	132	1.0
129	151	1.0
130	130	1.0
130	131	1.0
130	132	2.0
130	146	1.0
131	131	2.0
132	132	4.0
132	133	2.0
133	134	1.0
134	134	4.0
134	184	1.0
135	135	2.0
136	139	1.0
137	139	1.0
138	138	6.0
138	139	4.0
138	160	1.0
139	139	3.0
139	140	1.0
139	142	1.0
139	148	1.0
140	140	2.0
140	141	1.0
140	165	1.0
141	141	5.0
141	142	1.0
141	151	1.0
141	167	1.0
142	142	4.0
142	149	1.0
143	143	4.0
143	150	2.0
145	145	1.0
146	146	3.0
147	147	1.0
148	148	4.0
148	150	2.0
149	149	4.0
150	150	4.0
150	151	2.0
151	151	3.0
151	152	1.0
151	154	1.0
152	152	2.0
153	153	6.0
153	155	1.0
154	154	2.0
155	155	2.0
156	156	4.0
156	157	1.0
156	158	1.0
156	159	1.0
157	157	5.0
157	158	3.0
157	159	3.0
158	158	1.0
158	159	1.0
159	159	3.0
159	160	1.0
159	161	1.0
159	165	1.0
161	161	1.0
161	162	1.0
162	162	3.0
163	163	6.0
164	164	1.0
164	165	3.0
165	165	2.0
166	166	6.0
166	168	2.0
168	168	1.0
169	169	2.0
169	182	1.0
170	170	1.0
170	171	1.0
170	173	1.0
170	175	1.0
170	176	1.0
171	171	1.0
172	172	3.0
173	173	5.0
173	174	1.0
173	175	1.0
174	174	3.0
174	175	2.0
174	178	1.0
175	175	6.0
176	176	2.0
176	177	4.0
177	177	3.0
177	178	1.0
178	178	4.0
178	179	1.0
178	181	1.0
179	179	2.0
180	180	1.0
180	181	1.0
181	181	4.0
181	182	2.0
182	182	3.0
182	184	1.0
183	183	2.0
183	184	2.0
184	184	3.0
184	185	1.0
185	185	1.0
186	186	3.0
187	187	2.0
188	188	1.0
188	189	3.0
189	189	3.0
190	190	3.0
0	1	2.0
0	0	2.0
