1	1	3.0
1	2	4.0
1	11	1.0
2	2	3.0
2	59	1.0
3	3	6.0
3	8	1.0
3	9	1.0
3	77	1.0
4	4	5.0
5	5	5.0
5	81	1.0
6	6	11.0
6	44	2.0
6	78	1.0
6	79	2.0
7	7	8.0
7	8	1.0
7	81	1.0
8	8	3.0
8	19	1.0
8	55	2.0
8	57	1.0
8	61	1.0
9	9	4.0
9	10	1.0
9	16	1.0
9	45	1.0
10	10	4.0
10	11	2.0
10	18	3.0
10	85	1.0
11	11	6.0
11	14	1.0
11	18	1.0
11	33	1.0
11	35	1.0
12	12	7.0
12	18	1.0
12	19	2.0
12	45	1.0
13	13	10.0
13	29	1.0
13	37	1.0
14	14	5.0
14	15	2.0
14	19	3.0
15	15	3.0
15	21	1.0
15	30	1.0
15	42	1.0
15	45	1.0
15	50	1.0
15	54	1.0
16	16	3.0
16	46	1.0
16	50	1.0
16	59	1.0
16	94	1.0
17	17	5.0
17	18	1.0
17	19	2.0
17	20	1.0
17	45	2.0
17	76	1.0
18	18	7.0
18	19	1.0
18	20	1.0
18	28	1.0
18	45	1.0
18	46	1.0
19	19	7.0
19	20	2.0
19	29	2.0
19	44	1.0
19	45	1.0
20	20	7.0
21	21	7.0
21	22	1.0
21	25	1.0
21	27	2.0
22	22	3.0
22	25	1.0
22	41	2.0
23	23	2.0
24	24	6.0
24	25	2.0
25	25	3.0
25	26	3.0
26	26	3.0
26	27	1.0
26	30	1.0
27	27	5.0
27	28	1.0
27	30	1.0
28	28	3.0
28	29	2.0
28	30	1.0
28	32	1.0
29	29	1.0
29	30	1.0
29	37	1.0
30	30	7.0
30	31	3.0
30	32	1.0
31	31	7.0
31	33	2.0
32	32	13.0
32	33	1.0
32	38	1.0
33	33	6.0
33	34	1.0
33	37	2.0
33	47	1.0
34	34	5.0
35	35	4.0
35	36	1.0
35	39	1.0
35	48	1.0
35	49	1.0
35	103	1.0
36	36	9.0
36	37	2.0
36	40	1.0
36	60	1.0
37	37	5.0
38	38	3.0
38	39	1.0
39	39	4.0
39	41	2.0
39	46	2.0
39	48	2.0
39	131	1.0
40	40	10.0
40	41	1.0
40	49	1.0
40	58	1.0
40	59	1.0
41	41	4.0
41	42	1.0
41	44	1.0
42	42	1.0
42	43	3.0
42	59	1.0
43	43	1.0
43	44	1.0
43	45	1.0
43	50	1.0
44	44	9.0
44	45	4.0
44	101	1.0
45	45	18.0
45	46	2.0
45	81	1.0
45	86	1.0
45	126	2.0
46	46	4.0
46	47	1.0
46	129	1.0
47	47	13.0
47	48	1.0
47	86	1.0
48	48	5.0
49	58	1.0
50	50	2.0
51	51	1.0
51	56	1.0
51	91	1.0
55	55	6.0
55	62	1.0
55	93	1.0
56	56	9.0
56	57	2.0
56	58	1.0
56	93	1.0
57	57	3.0
57	58	1.0
57	75	1.0
57	91	1.0
58	58	7.0
58	59	1.0
58	83	1.0
58	104	1.0
59	59	9.0
60	60	7.0
60	130	1.0
61	61	12.0
61	67	1.0
62	62	9.0
62	63	2.0
62	65	1.0
62	66	1.0
62	72	1.0
63	63	5.0
64	64	9.0
64	65	1.0
64	126	1.0
65	65	6.0
65	66	2.0
65	67	1.0
65	68	1.0
66	66	7.0
66	67	2.0
66	68	1.0
67	67	3.0
67	69	1.0
67	77	1.0
68	68	3.0
68	69	4.0
68	70	1.0
68	72	1.0
69	69	5.0
69	70	5.0
69	71	1.0
69	76	1.0
70	70	6.0
70	71	2.0
70	75	1.0
71	71	9.0
71	72	1.0
71	77	1.0
72	72	13.0
72	73	1.0
73	73	12.0
73	74	1.0
74	74	5.0
75	75	8.0
75	76	3.0
76	76	2.0
77	77	5.0
77	78	3.0
77	82	2.0
77	84	1.0
78	78	3.0
78	79	1.0
79	79	6.0
79	80	1.0
79	81	1.0
79	82	1.0
79	100	2.0
80	80	2.0
80	81	1.0
81	81	2.0
81	97	1.0
82	82	7.0
82	83	2.0
83	83	5.0
83	86	1.0
84	84	5.0
84	85	1.0
84	90	2.0
84	95	1.0
85	85	5.0
86	86	8.0
86	87	3.0
86	94	1.0
86	95	1.0
86	110	1.0
87	87	6.0
87	88	1.0
87	89	1.0
88	88	1.0
89	89	2.0
89	90	1.0
89	91	1.0
89	92	1.0
89	104	1.0
89	134	1.0
90	90	3.0
90	92	1.0
90	96	1.0
90	100	1.0
91	91	5.0
91	92	3.0
91	93	1.0
91	98	1.0
92	92	3.0
92	94	1.0
93	93	9.0
93	95	3.0
93	97	1.0
94	94	3.0
94	96	1.0
94	98	1.0
94	100	2.0
94	112	1.0
94	125	2.0
94	130	1.0
95	95	4.0
95	97	1.0
96	96	4.0
96	97	1.0
96	98	2.0
96	100	1.0
96	114	1.0
97	97	5.0
97	98	2.0
97	103	1.0
98	98	2.0
98	99	2.0
99	99	6.0
99	100	1.0
99	105	1.0
99	130	1.0
100	100	7.0
100	105	1.0
101	101	7.0
101	104	1.0
101	106	1.0
101	107	1.0
102	102	5.0
102	103	2.0
102	104	1.0
103	103	4.0
103	104	1.0
103	122	1.0
104	104	7.0
104	105	4.0
105	105	8.0
105	106	2.0
105	122	1.0
106	106	6.0
106	107	2.0
106	128	1.0
107	107	6.0
107	108	2.0
107	121	1.0
107	125	1.0
107	128	1.0
108	108	4.0
108	109	2.0
108	118	2.0
108	133	1.0
109	109	3.0
109	110	1.0
109	112	1.0
109	128	1.0
109	129	1.0
109	133	1.0
110	110	6.0
110	111	3.0
110	112	1.0
110	126	1.0
111	111	9.0
111	117	2.0
111	125	1.0
112	112	4.0
112	113	3.0
112	124	1.0
112	127	1.0
112	134	1.0
113	113	13.0
113	114	4.0
113	134	1.0
114	114	7.0
114	115	3.0
114	116	2.0
114	117	1.0
114	122	1.0
115	115	3.0
115	116	5.0
115	117	1.0
116	116	8.0
116	117	1.0
117	117	6.0
117	118	3.0
118	118	6.0
119	119	8.0
119	120	1.0
120	120	4.0
120	121	1.0
120	122	1.0
121	121	5.0
121	122	1.0
122	122	9.0
122	123	1.0
122	127	2.0
122	129	3.0
123	123	4.0
124	124	1.0
124	125	1.0
124	129	1.0
125	125	6.0
125	126	1.0
125	130	2.0
126	126	9.0
126	127	1.0
126	128	1.0
126	130	1.0
126	131	2.0
127	127	4.0
127	132	3.0
127	133	1.0
128	128	2.0
128	129	2.0
128	132	1.0
129	129	9.0
129	132	1.0
129	134	1.0
130	130	4.0
130	131	2.0
130	132	1.0
131	131	2.0
131	132	2.0
131	134	2.0
132	132	3.0
132	133	1.0
133	133	3.0
133	134	1.0
134	134	9.0
0	1	3.0
0	61	1.0
0	76	1.0
0	0	4.0
