1	1	7.0
1	2	3.0
1	4	1.0
1	9	1.0
1	53	1.0
1	56	1.0
2	2	7.0
2	3	3.0
2	8	1.0
2	9	2.0
3	3	10.0
3	4	1.0
3	6	1.0
3	8	1.0
4	4	9.0
4	5	1.0
4	29	1.0
5	5	5.0
5	6	1.0
5	7	1.0
5	34	1.0
6	6	8.0
7	7	6.0
7	8	1.0
7	12	1.0
8	8	6.0
8	9	1.0
8	70	1.0
9	9	10.0
9	10	3.0
9	11	1.0
9	12	2.0
9	13	1.0
9	23	2.0
9	38	1.0
10	10	6.0
10	11	3.0
10	22	1.0
10	23	1.0
10	72	1.0
10	74	1.0
10	75	1.0
11	11	3.0
11	15	1.0
11	72	2.0
12	12	8.0
12	13	2.0
12	33	1.0
13	13	8.0
13	20	1.0
13	40	2.0
13	74	1.0
14	14	2.0
14	41	1.0
14	44	1.0
14	71	1.0
15	42	1.0
18	18	3.0
18	19	1.0
18	20	1.0
18	28	1.0
18	59	1.0
19	19	11.0
19	20	5.0
19	26	1.0
19	62	1.0
20	20	10.0
20	31	1.0
20	74	1.0
20	75	1.0
20	76	1.0
21	21	5.0
21	22	1.0
22	22	8.0
22	23	2.0
22	29	1.0
22	33	1.0
22	74	1.0
23	23	8.0
23	24	3.0
23	25	1.0
23	29	2.0
24	24	8.0
24	31	1.0
24	74	1.0
25	25	7.0
25	26	2.0
25	27	1.0
25	32	1.0
25	75	1.0
26	26	9.0
26	27	7.0
26	31	1.0
26	65	1.0
27	27	6.0
27	28	3.0
27	32	1.0
28	28	10.0
28	33	1.0
28	37	1.0
29	29	15.0
29	35	2.0
29	57	1.0
30	30	11.0
30	37	2.0
31	31	4.0
31	32	2.0
31	37	2.0
32	32	7.0
32	33	3.0
32	77	1.0
33	33	8.0
33	34	2.0
33	35	1.0
33	70	1.0
34	34	6.0
34	35	1.0
34	37	1.0
34	41	1.0
34	47	1.0
34	65	1.0
34	66	1.0
35	35	5.0
35	36	2.0
35	37	1.0
36	36	8.0
36	37	3.0
36	41	1.0
37	37	7.0
37	38	2.0
37	48	1.0
38	38	10.0
38	39	3.0
38	60	1.0
39	39	9.0
39	40	1.0
39	43	1.0
39	48	1.0
39	76	2.0
40	40	7.0
40	42	1.0
40	45	1.0
40	56	1.0
41	41	6.0
41	42	1.0
41	43	1.0
41	50	1.0
41	51	1.0
41	56	1.0
41	76	1.0
42	42	4.0
42	43	1.0
42	48	1.0
43	43	10.0
43	44	3.0
43	46	1.0
43	73	1.0
44	44	7.0
44	45	2.0
44	47	1.0
44	54	1.0
45	45	3.0
45	46	2.0
45	47	1.0
46	46	12.0
46	52	1.0
47	47	5.0
47	48	3.0
47	52	1.0
48	48	14.0
48	49	2.0
48	51	1.0
49	49	5.0
49	50	3.0
49	53	1.0
49	59	1.0
49	73	1.0
50	50	6.0
50	51	1.0
50	57	1.0
50	78	1.0
51	51	9.0
51	52	2.0
51	53	1.0
52	52	8.0
52	54	2.0
53	53	8.0
53	54	3.0
53	62	1.0
53	66	1.0
54	54	10.0
54	55	5.0
54	57	2.0
55	55	10.0
55	56	2.0
55	61	2.0
56	56	8.0
56	57	1.0
56	59	2.0
56	60	2.0
56	61	1.0
56	66	1.0
56	74	1.0
57	57	4.0
57	58	4.0
57	59	1.0
57	76	1.0
57	77	1.0
58	58	6.0
58	59	3.0
58	68	1.0
59	59	13.0
59	60	1.0
59	67	2.0
59	69	1.0
60	60	8.0
60	61	1.0
61	61	6.0
61	63	1.0
61	66	1.0
61	67	1.0
62	62	8.0
63	63	6.0
63	64	1.0
63	66	1.0
63	71	1.0
64	64	3.0
64	68	1.0
64	71	1.0
64	74	1.0
65	65	3.0
65	66	4.0
65	67	1.0
66	66	8.0
66	69	1.0
66	70	1.0
66	73	1.0
67	67	3.0
67	68	1.0
67	74	1.0
68	68	4.0
68	69	1.0
68	70	1.0
69	69	7.0
69	70	3.0
70	70	1.0
70	73	2.0
71	71	2.0
72	72	12.0
72	73	4.0
72	74	1.0
73	73	2.0
73	74	1.0
73	75	2.0
73	76	1.0
74	74	11.0
74	76	1.0
75	75	7.0
75	76	1.0
75	77	1.0
76	76	10.0
77	77	12.0
0	1	1.0
0	11	1.0
0	33	1.0
0	0	5.0
