1	1	10.0
1	2	2.0
1	78	1.0
2	2	12.0
2	5	1.0
3	3	9.0
3	4	5.0
3	5	2.0
3	6	2.0
3	12	1.0
3	13	1.0
3	21	1.0
4	4	4.0
4	5	2.0
4	17	1.0
4	53	1.0
5	5	9.0
5	6	3.0
5	8	1.0
5	14	1.0
6	6	7.0
6	7	4.0
6	8	2.0
6	9	1.0
6	11	1.0
6	14	1.0
7	7	14.0
7	8	1.0
7	11	1.0
7	26	1.0
8	8	8.0
8	9	3.0
8	10	1.0
8	11	1.0
8	14	1.0
8	26	3.0
8	34	2.0
8	35	1.0
9	9	10.0
9	32	1.0
9	33	6.0
10	10	3.0
10	11	2.0
10	13	1.0
10	15	1.0
11	11	7.0
11	12	5.0
11	13	1.0
11	32	1.0
12	12	5.0
12	13	1.0
12	15	2.0
13	13	5.0
13	14	4.0
13	15	1.0
13	25	1.0
13	45	1.0
14	14	6.0
14	30	1.0
15	15	2.0
15	16	4.0
15	38	1.0
15	39	1.0
15	66	1.0
16	16	3.0
16	17	1.0
16	21	1.0
16	39	1.0
16	62	1.0
17	17	17.0
17	18	1.0
17	48	1.0
17	61	1.0
18	18	5.0
18	19	2.0
18	61	1.0
19	19	11.0
19	21	1.0
19	60	1.0
20	20	1.0
20	21	1.0
21	21	5.0
22	22	1.0
25	25	6.0
25	31	1.0
25	33	2.0
25	45	1.0
25	46	1.0
26	26	13.0
26	27	1.0
26	28	1.0
26	34	2.0
26	47	1.0
26	48	1.0
26	72	1.0
27	27	9.0
27	58	2.0
28	28	8.0
28	29	5.0
28	30	1.0
29	29	9.0
29	30	2.0
29	31	1.0
29	47	1.0
30	30	8.0
30	31	1.0
30	50	1.0
31	31	7.0
31	32	2.0
31	33	2.0
31	49	1.0
32	32	10.0
32	33	2.0
32	36	1.0
32	47	1.0
32	48	1.0
33	33	7.0
33	36	1.0
34	34	6.0
34	35	1.0
34	45	1.0
35	35	4.0
35	36	1.0
35	40	1.0
35	47	1.0
35	48	1.0
36	36	8.0
36	37	1.0
36	38	2.0
36	45	1.0
37	37	12.0
37	38	1.0
37	39	2.0
37	57	1.0
38	38	13.0
38	39	1.0
38	48	1.0
39	39	6.0
39	40	2.0
39	41	1.0
40	40	13.0
40	41	3.0
40	42	1.0
41	41	17.0
41	42	5.0
42	42	10.0
42	45	1.0
42	65	1.0
43	43	4.0
45	45	7.0
46	46	15.0
46	47	3.0
46	60	1.0
47	47	11.0
47	48	3.0
48	48	12.0
48	49	5.0
48	62	1.0
49	49	11.0
49	52	2.0
49	63	1.0
49	66	1.0
50	50	2.0
50	51	1.0
51	51	1.0
51	52	3.0
51	53	1.0
51	67	1.0
52	52	5.0
52	53	1.0
53	53	9.0
53	54	1.0
53	60	1.0
54	54	9.0
54	56	1.0
54	60	1.0
54	61	1.0
55	55	12.0
55	56	3.0
55	57	1.0
55	59	1.0
56	56	6.0
56	57	3.0
56	58	1.0
57	57	14.0
57	58	2.0
57	59	1.0
57	67	1.0
58	58	11.0
58	59	2.0
58	60	1.0
59	59	12.0
59	60	1.0
59	62	1.0
59	65	2.0
59	67	1.0
60	60	4.0
60	61	2.0
60	62	1.0
60	65	1.0
61	61	14.0
61	62	1.0
61	63	1.0
61	65	1.0
62	62	6.0
62	63	1.0
63	63	10.0
63	65	1.0
64	64	8.0
64	65	2.0
64	67	1.0
65	65	7.0
66	66	7.0
66	67	7.0
66	68	1.0
67	67	7.0
67	69	2.0
68	68	6.0
68	69	2.0
68	70	1.0
68	71	1.0
69	69	2.0
69	70	1.0
70	70	5.0
70	71	4.0
70	72	1.0
70	75	1.0
71	71	12.0
71	72	1.0
72	72	16.0
72	75	2.0
72	76	4.0
73	73	9.0
73	74	3.0
73	76	2.0
74	74	7.0
74	75	2.0
74	78	1.0
75	75	8.0
75	76	4.0
76	76	15.0
76	77	5.0
76	78	2.0
76	80	1.0
77	77	5.0
77	78	1.0
77	79	1.0
77	80	1.0
78	78	5.0
78	79	1.0
79	79	5.0
79	80	1.0
80	80	9.0
81	81	1.0
0	1	1.0
0	3	1.0
0	5	1.0
0	8	1.0
0	15	1.0
0	16	2.0
0	0	8.0
