1	1	2.0
1	2	1.0
1	11	1.0
2	5	1.0
2	6	1.0
2	8	1.0
2	26	1.0
3	10	1.0
3	19	1.0
4	7	1.0
5	5	2.0
5	6	1.0
5	10	1.0
5	15	1.0
7	7	3.0
8	8	3.0
8	30	1.0
9	13	1.0
10	10	1.0
10	14	1.0
10	17	1.0
10	19	1.0
11	14	1.0
13	16	2.0
14	15	1.0
14	22	1.0
14	35	1.0
15	17	1.0
15	32	1.0
16	30	1.0
17	17	2.0
18	20	1.0
19	20	3.0
20	21	1.0
21	23	2.0
21	28	1.0
22	22	2.0
22	45	1.0
23	26	1.0
24	24	1.0
24	25	1.0
24	116	1.0
25	25	1.0
25	26	1.0
25	28	1.0
26	28	1.0
27	43	1.0
28	28	2.0
28	31	1.0
28	36	1.0
29	36	1.0
30	30	1.0
30	31	1.0
32	35	1.0
32	37	1.0
32	38	1.0
33	33	1.0
34	34	1.0
35	47	2.0
36	45	1.0
37	37	1.0
37	38	1.0
38	40	1.0
38	48	1.0
38	57	1.0
39	39	2.0
39	40	1.0
39	41	1.0
39	42	1.0
39	45	1.0
40	43	1.0
40	44	1.0
41	41	1.0
41	42	2.0
42	42	1.0
43	44	1.0
43	47	1.0
44	45	1.0
44	47	1.0
46	47	2.0
46	48	1.0
47	81	1.0
48	48	3.0
52	54	1.0
53	53	2.0
53	61	1.0
54	54	1.0
54	59	1.0
55	55	1.0
55	56	1.0
56	56	2.0
56	57	1.0
56	62	1.0
57	57	1.0
57	60	1.0
57	70	1.0
58	59	1.0
58	60	2.0
58	61	1.0
58	62	1.0
58	65	1.0
58	66	1.0
60	60	1.0
61	61	3.0
61	62	1.0
61	63	1.0
62	62	1.0
62	65	1.0
62	67	1.0
65	67	1.0
65	80	1.0
67	67	1.0
67	68	1.0
67	72	1.0
67	84	1.0
68	68	1.0
68	71	1.0
68	80	1.0
68	87	1.0
68	92	1.0
69	75	1.0
70	81	1.0
71	72	1.0
71	91	1.0
72	72	1.0
72	74	1.0
72	75	1.0
72	76	1.0
73	73	1.0
74	74	1.0
74	75	1.0
74	76	1.0
74	79	1.0
75	92	1.0
76	86	1.0
77	90	1.0
78	92	1.0
79	80	1.0
80	82	1.0
81	82	1.0
81	84	1.0
81	86	1.0
82	86	1.0
82	89	1.0
83	90	1.0
83	96	1.0
86	88	2.0
87	88	2.0
87	113	1.0
88	88	1.0
88	89	1.0
89	89	2.0
89	90	1.0
90	90	2.0
90	93	1.0
91	91	2.0
92	92	2.0
92	101	1.0
93	93	1.0
93	111	1.0
94	95	1.0
94	96	2.0
94	101	1.0
95	97	1.0
95	112	1.0
96	116	1.0
97	99	1.0
97	116	1.0
98	98	2.0
98	99	1.0
99	99	2.0
99	111	1.0
100	100	2.0
100	102	1.0
100	105	1.0
101	105	1.0
102	102	1.0
103	103	3.0
104	104	1.0
104	110	1.0
104	119	1.0
105	106	1.0
106	106	1.0
106	111	1.0
106	114	1.0
106	122	1.0
106	130	1.0
107	109	1.0
108	109	1.0
108	110	1.0
108	112	1.0
108	114	1.0
108	117	1.0
109	109	2.0
109	122	1.0
110	111	1.0
112	112	1.0
112	116	1.0
112	118	1.0
113	114	1.0
113	115	1.0
113	116	1.0
114	120	1.0
114	123	1.0
115	122	1.0
116	116	1.0
116	129	1.0
117	137	1.0
118	118	1.0
119	119	1.0
119	133	1.0
120	120	2.0
120	124	1.0
120	125	1.0
121	121	2.0
121	122	2.0
122	122	1.0
122	125	1.0
123	123	1.0
124	124	2.0
124	125	1.0
124	127	1.0
125	125	2.0
126	126	1.0
126	127	1.0
126	129	1.0
126	138	1.0
127	127	2.0
129	129	1.0
129	130	2.0
130	130	1.0
130	131	1.0
130	147	1.0
131	133	1.0
132	134	1.0
135	139	1.0
135	140	1.0
135	148	1.0
136	136	2.0
136	147	1.0
137	138	3.0
137	140	1.0
137	151	1.0
138	139	2.0
139	145	1.0
140	140	3.0
141	142	1.0
141	143	2.0
141	147	1.0
141	154	1.0
142	147	1.0
142	150	1.0
143	146	3.0
144	144	1.0
144	145	1.0
144	156	2.0
145	145	1.0
145	164	1.0
145	190	1.0
146	146	1.0
146	150	2.0
147	147	1.0
147	164	1.0
147	174	1.0
148	148	1.0
148	149	1.0
148	150	1.0
148	154	1.0
148	160	1.0
149	151	3.0
150	152	1.0
151	151	1.0
151	152	2.0
151	155	1.0
152	154	1.0
153	153	1.0
154	156	2.0
155	156	1.0
156	156	1.0
156	159	1.0
156	164	1.0
158	178	1.0
159	161	1.0
160	160	1.0
160	162	1.0
160	163	1.0
162	165	1.0
163	170	1.0
164	164	1.0
164	166	1.0
165	165	2.0
165	169	1.0
166	168	1.0
166	189	1.0
166	190	1.0
168	171	1.0
169	171	2.0
171	190	1.0
172	173	1.0
172	176	1.0
172	181	1.0
173	173	1.0
174	174	1.0
175	175	2.0
175	177	1.0
177	177	1.0
177	180	1.0
178	178	1.0
178	182	1.0
179	179	1.0
179	180	1.0
180	183	1.0
180	184	1.0
181	181	1.0
182	182	1.0
182	183	1.0
183	185	1.0
183	188	1.0
184	184	1.0
184	185	1.0
184	189	1.0
185	185	3.0
186	186	2.0
186	190	1.0
187	189	1.0
188	190	1.0
189	189	1.0
190	190	1.0
0	12	1.0
0	23	1.0
0	25	1.0
0	0	1.0
