17	17	24.0
17	18	5.0
18	18	18.0
18	19	3.0
19	19	21.0
19	20	3.0
19	21	1.0
20	20	18.0
20	21	7.0
21	21	12.0
21	22	2.0
22	22	22.0
22	23	6.0
23	23	26.0
23	24	4.0
23	27	1.0
24	24	24.0
24	25	4.0
24	26	1.0
24	27	2.0
24	28	1.0
25	25	17.0
25	26	8.0
25	27	1.0
25	28	2.0
25	32	1.0
25	34	1.0
25	46	1.0
26	26	35.0
26	27	4.0
26	28	1.0
26	30	1.0
26	31	1.0
26	32	1.0
26	49	1.0
27	27	21.0
27	28	10.0
27	29	1.0
27	33	1.0
27	39	1.0
28	28	15.0
28	29	6.0
28	30	1.0
29	29	44.0
29	30	7.0
29	31	1.0
29	37	1.0
30	30	39.0
30	31	11.0
30	32	2.0
30	40	1.0
30	42	1.0
30	45	2.0
31	31	33.0
31	32	4.0
31	36	1.0
31	44	1.0
32	32	22.0
32	33	7.0
32	34	2.0
32	45	2.0
32	47	1.0
32	50	2.0
33	33	28.0
33	34	5.0
33	38	1.0
33	43	2.0
33	45	2.0
33	47	1.0
34	34	18.0
34	35	5.0
34	36	1.0
34	37	1.0
34	43	1.0
34	48	2.0
35	35	21.0
35	36	9.0
35	37	3.0
35	43	2.0
35	47	3.0
35	49	2.0
35	50	1.0
36	36	28.0
36	37	6.0
36	38	3.0
36	41	1.0
36	49	1.0
36	50	1.0
37	37	39.0
37	38	5.0
37	39	1.0
37	40	2.0
37	42	1.0
37	45	1.0
38	38	39.0
38	39	7.0
38	40	1.0
38	42	2.0
38	43	2.0
38	46	1.0
38	50	1.0
39	39	33.0
39	40	8.0
39	41	1.0
40	40	33.0
40	41	7.0
40	47	2.0
41	41	42.0
41	42	2.0
42	42	37.0
42	43	4.0
43	43	39.0
43	44	7.0
43	45	1.0
43	48	1.0
44	44	26.0
44	45	2.0
44	46	4.0
45	45	37.0
45	46	4.0
45	48	1.0
46	46	30.0
46	47	8.0
46	51	1.0
47	47	26.0
47	48	5.0
47	50	1.0
48	48	13.0
48	49	7.0
49	49	16.0
49	50	4.0
49	51	2.0
50	50	30.0
50	51	5.0
51	51	5.0
