1	1	3.0
1	5	1.0
1	13	1.0
2	2	2.0
2	5	1.0
3	3	3.0
3	21	1.0
3	35	1.0
4	4	4.0
4	5	1.0
4	10	1.0
5	5	5.0
5	12	1.0
5	14	1.0
6	7	1.0
6	32	1.0
7	7	1.0
7	8	2.0
7	13	1.0
7	18	1.0
8	8	1.0
9	9	7.0
10	10	1.0
10	14	1.0
11	11	1.0
11	22	1.0
12	13	1.0
14	14	5.0
15	16	1.0
15	17	1.0
15	18	1.0
15	23	1.0
16	16	4.0
16	18	1.0
17	17	1.0
17	18	1.0
17	20	1.0
18	18	3.0
18	22	1.0
19	28	1.0
19	30	1.0
20	20	4.0
20	21	1.0
20	124	1.0
21	24	1.0
21	26	1.0
21	27	1.0
22	22	3.0
22	23	1.0
23	23	4.0
23	24	1.0
25	26	2.0
26	26	1.0
27	27	2.0
28	28	2.0
28	35	1.0
28	83	1.0
29	29	1.0
29	32	2.0
30	30	2.0
30	31	1.0
31	31	2.0
31	38	1.0
32	32	2.0
32	33	1.0
32	37	1.0
32	78	1.0
32	90	1.0
33	33	4.0
33	36	1.0
33	98	1.0
34	34	3.0
35	35	3.0
36	36	4.0
37	37	4.0
37	38	4.0
38	38	1.0
71	73	1.0
71	75	1.0
72	73	1.0
72	77	1.0
72	84	1.0
72	88	1.0
73	73	2.0
73	74	1.0
73	75	2.0
73	77	1.0
73	87	1.0
73	109	1.0
73	121	1.0
73	129	1.0
74	74	6.0
75	77	1.0
75	81	1.0
76	76	1.0
76	77	1.0
76	81	2.0
77	77	3.0
77	78	1.0
77	79	1.0
78	78	1.0
79	79	3.0
79	80	1.0
79	91	1.0
80	80	3.0
80	81	1.0
80	91	1.0
81	81	4.0
81	82	1.0
81	83	1.0
81	90	1.0
82	82	2.0
82	89	1.0
83	83	4.0
83	84	1.0
83	89	1.0
83	90	1.0
83	117	1.0
84	84	1.0
84	85	1.0
84	97	1.0
84	103	1.0
85	85	2.0
85	87	1.0
85	93	1.0
86	86	4.0
86	87	1.0
86	88	2.0
87	87	1.0
87	97	1.0
87	113	1.0
87	117	1.0
87	125	2.0
88	88	5.0
89	101	1.0
90	90	1.0
90	93	1.0
90	102	1.0
91	91	3.0
91	93	1.0
91	96	1.0
91	100	1.0
92	92	2.0
92	93	3.0
92	95	1.0
92	104	1.0
93	93	2.0
94	94	2.0
95	95	1.0
95	106	1.0
96	96	1.0
96	99	1.0
96	101	1.0
96	110	1.0
97	97	2.0
97	98	1.0
98	98	1.0
99	99	1.0
99	102	1.0
100	100	1.0
100	102	1.0
100	104	1.0
100	107	1.0
100	108	2.0
100	118	1.0
101	101	2.0
101	102	1.0
101	103	1.0
101	116	1.0
101	118	1.0
101	120	1.0
102	117	2.0
102	121	1.0
103	103	1.0
104	104	2.0
104	107	1.0
104	111	1.0
105	114	1.0
105	116	1.0
105	120	1.0
106	106	1.0
107	107	2.0
107	108	2.0
107	126	1.0
108	108	1.0
108	109	1.0
108	111	1.0
108	119	1.0
109	109	1.0
109	110	1.0
109	112	1.0
109	113	1.0
110	110	4.0
110	111	2.0
111	111	3.0
111	113	1.0
112	112	3.0
112	113	1.0
112	123	1.0
113	113	1.0
113	114	1.0
113	115	1.0
113	126	1.0
114	114	5.0
114	115	2.0
114	117	1.0
115	115	2.0
115	116	1.0
116	116	3.0
116	124	1.0
116	125	1.0
117	117	1.0
117	118	1.0
117	119	1.0
117	125	1.0
118	118	1.0
118	119	1.0
118	120	1.0
118	126	1.0
119	119	2.0
120	120	2.0
120	121	2.0
120	122	1.0
121	121	4.0
121	122	1.0
122	122	1.0
122	125	1.0
123	123	2.0
123	125	1.0
124	124	3.0
124	125	1.0
125	125	2.0
125	126	2.0
126	126	3.0
127	128	1.0
127	129	1.0
127	130	2.0
128	128	2.0
128	129	1.0
129	129	2.0
129	130	2.0
129	131	1.0
130	131	1.0
131	132	1.0
132	132	5.0
133	133	3.0
133	135	1.0
134	134	1.0
134	135	1.0
134	140	1.0
135	135	1.0
135	136	1.0
135	140	2.0
136	136	5.0
136	137	1.0
137	137	1.0
137	138	1.0
138	138	4.0
139	139	1.0
140	140	1.0
0	12	1.0
0	0	2.0
