1	1	2.0
2	2	2.0
2	4	1.0
2	46	1.0
3	3	1.0
3	6	1.0
3	34	1.0
4	4	4.0
4	5	1.0
5	5	3.0
5	10	1.0
5	40	1.0
5	49	1.0
6	6	1.0
6	39	1.0
6	48	1.0
8	8	3.0
8	21	2.0
8	103	2.0
9	9	1.0
9	10	1.0
10	10	1.0
10	11	4.0
11	11	2.0
12	14	1.0
13	13	4.0
13	14	1.0
13	16	1.0
14	14	3.0
14	15	1.0
15	15	2.0
16	16	3.0
16	17	2.0
16	31	1.0
17	17	2.0
18	19	1.0
18	30	1.0
19	19	3.0
19	20	1.0
20	21	2.0
20	24	1.0
21	21	1.0
21	23	1.0
22	22	6.0
22	23	1.0
23	23	9.0
23	24	1.0
24	24	4.0
25	25	1.0
25	26	1.0
26	26	6.0
26	27	2.0
26	29	1.0
26	77	1.0
27	27	1.0
27	33	1.0
27	37	2.0
28	28	1.0
29	29	5.0
29	30	1.0
30	30	3.0
30	31	2.0
31	31	3.0
31	32	2.0
33	34	1.0
33	37	1.0
35	35	2.0
37	37	5.0
38	38	7.0
38	61	1.0
39	39	4.0
39	40	1.0
40	40	1.0
40	41	1.0
40	77	1.0
41	59	1.0
41	107	1.0
42	42	2.0
43	43	1.0
47	47	2.0
48	48	4.0
48	51	1.0
49	49	3.0
51	52	1.0
52	52	3.0
52	58	1.0
53	53	6.0
53	54	2.0
53	58	1.0
53	104	1.0
54	54	2.0
54	57	1.0
55	55	2.0
56	56	4.0
57	57	1.0
57	58	1.0
58	58	2.0
58	59	1.0
59	59	3.0
60	60	4.0
60	61	1.0
61	61	7.0
61	62	1.0
61	104	1.0
61	108	1.0
62	121	1.0
63	63	6.0
64	64	7.0
64	65	1.0
64	108	1.0
64	110	1.0
64	124	1.0
65	65	5.0
65	66	2.0
65	110	1.0
66	66	6.0
66	67	3.0
66	96	1.0
66	98	1.0
67	67	4.0
67	81	1.0
67	141	1.0
68	68	3.0
68	69	1.0
68	82	1.0
68	141	1.0
69	69	4.0
69	70	1.0
69	81	1.0
70	70	4.0
70	71	1.0
70	72	1.0
71	71	1.0
71	72	2.0
71	90	1.0
72	72	2.0
72	80	1.0
72	81	1.0
72	90	1.0
73	73	1.0
73	75	1.0
73	84	1.0
74	74	2.0
74	78	1.0
75	75	6.0
75	142	1.0
76	76	2.0
76	77	1.0
76	78	1.0
77	77	2.0
78	78	1.0
78	79	1.0
79	79	4.0
80	80	2.0
80	81	1.0
80	109	1.0
80	141	1.0
81	81	2.0
81	89	1.0
81	124	1.0
82	82	2.0
82	83	1.0
83	83	1.0
83	90	1.0
84	84	1.0
85	85	4.0
86	86	3.0
86	87	1.0
86	92	1.0
87	87	6.0
87	88	1.0
87	92	2.0
88	88	4.0
89	89	8.0
90	90	1.0
90	91	1.0
91	91	6.0
91	121	1.0
92	92	2.0
92	94	1.0
92	109	1.0
93	93	5.0
93	94	3.0
94	94	3.0
94	95	2.0
95	95	3.0
96	96	4.0
97	97	1.0
97	104	1.0
98	98	2.0
98	99	1.0
99	99	2.0
99	100	1.0
100	100	3.0
100	101	2.0
100	103	1.0
101	101	3.0
102	102	4.0
103	103	4.0
103	104	1.0
104	105	2.0
105	106	1.0
106	106	2.0
107	107	5.0
108	108	3.0
109	109	3.0
109	137	1.0
109	139	1.0
110	110	3.0
112	112	1.0
112	116	1.0
113	113	2.0
113	114	2.0
113	115	2.0
114	114	1.0
115	115	2.0
115	116	1.0
116	116	1.0
116	119	1.0
117	117	2.0
117	124	1.0
118	118	2.0
118	119	1.0
119	119	2.0
120	120	2.0
120	121	1.0
121	121	2.0
122	122	2.0
122	123	1.0
123	123	3.0
123	124	1.0
124	124	9.0
126	126	2.0
126	128	1.0
127	127	1.0
127	128	2.0
127	132	2.0
128	128	1.0
128	129	1.0
129	129	1.0
129	130	1.0
130	130	2.0
131	131	2.0
132	135	1.0
134	134	3.0
135	135	2.0
136	136	1.0
136	139	1.0
137	137	2.0
137	138	1.0
138	138	2.0
140	140	5.0
141	141	3.0
142	142	4.0
142	143	2.0
143	143	5.0
143	144	1.0
144	144	2.0
145	145	1.0
0	11	1.0
0	27	1.0
0	0	3.0
