1	1	1.0
1	2	2.0
1	3	3.0
1	37	1.0
2	2	4.0
2	3	1.0
2	7	1.0
3	3	5.0
3	15	1.0
4	4	5.0
4	5	1.0
5	5	3.0
5	14	1.0
5	15	1.0
6	6	2.0
6	7	1.0
6	10	1.0
7	7	5.0
7	8	1.0
8	8	4.0
8	9	1.0
8	10	1.0
8	37	1.0
9	9	2.0
9	10	2.0
9	11	2.0
9	113	1.0
10	10	3.0
10	12	1.0
10	14	1.0
11	11	4.0
11	12	1.0
11	59	1.0
12	12	3.0
12	13	1.0
13	13	10.0
13	14	1.0
13	15	1.0
13	28	1.0
13	37	1.0
13	57	1.0
13	58	1.0
14	14	1.0
14	15	1.0
14	27	1.0
14	28	1.0
14	38	1.0
15	15	2.0
15	16	2.0
16	16	2.0
16	17	1.0
16	19	1.0
16	28	1.0
16	31	1.0
17	17	4.0
17	19	1.0
18	18	3.0
18	23	1.0
18	90	1.0
19	19	1.0
19	21	1.0
20	20	5.0
20	21	2.0
21	21	8.0
21	22	1.0
21	29	1.0
22	22	2.0
22	29	1.0
23	23	3.0
23	24	3.0
23	29	1.0
24	24	4.0
24	25	1.0
24	95	1.0
25	25	4.0
25	35	1.0
25	36	1.0
25	95	1.0
25	101	1.0
26	27	2.0
27	27	2.0
27	29	1.0
28	28	4.0
28	29	1.0
28	30	1.0
28	32	1.0
29	29	5.0
29	30	1.0
30	30	8.0
30	33	1.0
30	34	1.0
30	36	1.0
30	37	1.0
31	31	3.0
31	32	2.0
31	33	1.0
31	35	1.0
31	98	1.0
32	32	4.0
32	45	1.0
33	33	5.0
33	34	2.0
34	34	4.0
34	35	1.0
34	65	1.0
34	68	1.0
35	35	2.0
35	36	2.0
35	56	1.0
36	36	3.0
36	39	1.0
37	37	6.0
37	38	1.0
37	45	1.0
38	38	1.0
43	43	4.0
43	44	1.0
43	45	1.0
43	89	1.0
44	44	1.0
44	72	2.0
44	95	1.0
45	45	1.0
45	46	2.0
45	96	1.0
46	71	1.0
47	47	1.0
49	50	1.0
49	86	1.0
50	50	3.0
50	51	1.0
50	87	2.0
50	107	1.0
52	52	3.0
52	53	1.0
52	54	1.0
53	53	2.0
54	54	6.0
54	55	1.0
54	93	1.0
54	96	1.0
55	56	1.0
56	56	2.0
56	57	1.0
57	57	1.0
59	59	3.0
59	74	1.0
60	60	5.0
60	61	3.0
60	62	1.0
61	61	4.0
61	63	1.0
61	64	1.0
61	74	1.0
62	62	5.0
62	63	3.0
63	63	6.0
63	64	2.0
64	64	8.0
64	67	1.0
64	69	1.0
65	65	2.0
65	69	1.0
66	66	1.0
66	69	1.0
67	67	4.0
67	69	2.0
68	68	7.0
68	70	1.0
69	69	2.0
70	70	5.0
70	71	1.0
70	76	1.0
70	126	1.0
71	71	3.0
71	72	3.0
71	76	2.0
71	79	1.0
72	72	3.0
72	73	2.0
72	94	2.0
72	95	1.0
73	73	5.0
73	74	3.0
73	88	1.0
73	121	1.0
74	74	5.0
74	75	1.0
75	75	2.0
75	88	1.0
76	76	4.0
76	77	1.0
76	79	1.0
77	77	6.0
77	78	2.0
77	79	1.0
77	84	1.0
77	98	1.0
78	78	2.0
78	79	1.0
78	82	1.0
78	83	1.0
79	79	4.0
79	80	3.0
79	82	1.0
79	94	1.0
80	80	3.0
80	82	1.0
80	85	1.0
81	81	3.0
81	85	1.0
82	82	4.0
82	85	1.0
82	94	1.0
82	95	1.0
83	83	2.0
84	84	1.0
84	85	1.0
84	100	1.0
85	85	4.0
85	88	1.0
85	98	1.0
86	86	3.0
86	92	1.0
87	87	2.0
87	88	1.0
87	107	1.0
87	124	1.0
87	125	2.0
88	88	4.0
88	90	1.0
89	89	1.0
89	90	1.0
90	90	5.0
91	91	5.0
91	92	3.0
91	93	1.0
91	121	1.0
92	92	3.0
92	115	1.0
93	93	3.0
93	94	4.0
94	94	6.0
94	95	1.0
95	95	5.0
95	96	1.0
96	96	4.0
97	97	5.0
98	98	8.0
98	99	1.0
98	106	3.0
98	125	1.0
99	99	9.0
99	100	1.0
99	104	1.0
99	105	1.0
99	124	1.0
100	100	1.0
100	135	2.0
101	101	5.0
101	105	2.0
101	127	1.0
102	102	9.0
102	103	2.0
103	103	10.0
104	104	7.0
105	105	7.0
105	123	1.0
106	106	2.0
106	107	1.0
106	121	1.0
106	122	1.0
106	124	1.0
106	131	1.0
107	107	2.0
107	108	1.0
107	110	1.0
108	108	3.0
108	110	1.0
109	109	3.0
109	111	1.0
110	110	4.0
110	111	1.0
111	111	2.0
111	112	1.0
111	116	1.0
111	121	1.0
112	112	2.0
112	114	1.0
112	115	1.0
113	113	4.0
113	114	1.0
113	115	1.0
114	114	4.0
114	115	4.0
114	118	1.0
114	123	2.0
115	115	6.0
115	118	1.0
116	116	4.0
117	117	3.0
117	118	2.0
118	118	3.0
118	119	1.0
119	119	4.0
119	120	1.0
120	120	5.0
120	121	1.0
121	121	1.0
121	124	1.0
121	125	1.0
122	122	4.0
122	123	3.0
122	125	1.0
123	123	6.0
123	124	1.0
123	125	2.0
124	124	2.0
124	125	1.0
125	125	2.0
125	128	1.0
125	132	1.0
126	126	10.0
126	127	2.0
127	127	6.0
127	128	1.0
127	129	2.0
128	128	5.0
128	129	1.0
128	131	1.0
129	129	3.0
130	130	4.0
131	131	3.0
132	132	4.0
132	133	2.0
132	134	1.0
133	133	1.0
133	134	1.0
134	134	4.0
134	135	2.0
135	135	3.0
0	0	3.0
