1	1	5.0
2	2	5.0
3	3	4.0
4	4	2.0
4	5	1.0
4	6	1.0
5	5	1.0
5	6	1.0
5	7	1.0
6	6	6.0
7	7	7.0
7	8	1.0
8	18	1.0
10	10	2.0
11	12	1.0
11	15	1.0
12	12	1.0
14	14	3.0
14	45	2.0
14	46	2.0
15	15	1.0
16	16	5.0
17	17	4.0
18	18	1.0
18	20	1.0
19	21	1.0
19	37	1.0
20	20	2.0
20	37	1.0
20	42	1.0
21	21	3.0
21	43	1.0
21	45	1.0
22	23	1.0
23	23	4.0
23	27	3.0
23	172	1.0
24	24	5.0
24	25	1.0
24	74	1.0
25	25	4.0
26	26	4.0
27	27	3.0
27	28	1.0
28	28	1.0
28	29	1.0
28	49	1.0
29	29	4.0
29	30	1.0
30	30	1.0
30	33	1.0
31	31	3.0
32	32	1.0
32	49	1.0
33	33	2.0
33	34	1.0
34	34	2.0
36	36	2.0
36	46	1.0
37	37	2.0
37	38	1.0
37	39	1.0
37	48	1.0
38	38	7.0
39	39	3.0
39	76	1.0
40	40	3.0
41	41	8.0
42	42	2.0
43	43	3.0
43	44	1.0
43	171	1.0
45	45	2.0
46	47	1.0
47	47	2.0
48	48	1.0
53	53	6.0
53	58	1.0
54	54	8.0
54	55	3.0
54	56	1.0
55	55	2.0
55	56	1.0
55	77	1.0
55	81	1.0
56	56	2.0
57	57	6.0
57	58	1.0
58	58	2.0
58	59	1.0
58	60	2.0
59	59	4.0
59	80	1.0
60	60	2.0
61	61	1.0
62	62	3.0
62	63	1.0
62	91	1.0
63	63	5.0
63	91	1.0
64	65	1.0
65	66	1.0
65	92	1.0
66	66	3.0
67	67	1.0
67	68	1.0
68	68	7.0
69	150	1.0
71	71	3.0
71	154	2.0
72	72	3.0
72	73	2.0
72	76	1.0
73	73	4.0
73	74	1.0
74	74	3.0
74	75	1.0
75	75	4.0
76	76	2.0
77	78	1.0
78	78	2.0
80	80	1.0
81	81	2.0
82	82	4.0
83	83	1.0
83	84	2.0
84	84	1.0
84	85	1.0
84	93	1.0
85	85	3.0
85	90	1.0
85	91	1.0
86	86	1.0
86	89	1.0
87	87	8.0
87	90	1.0
88	88	3.0
89	89	6.0
90	90	3.0
91	91	2.0
91	92	1.0
92	93	1.0
92	149	1.0
93	93	3.0
93	94	1.0
94	94	2.0
94	95	1.0
95	95	3.0
95	96	1.0
96	96	1.0
97	97	1.0
97	124	1.0
98	98	6.0
98	99	1.0
99	99	1.0
100	100	5.0
101	101	7.0
101	102	2.0
102	102	3.0
102	120	1.0
103	103	4.0
103	104	1.0
104	104	2.0
105	105	1.0
105	106	1.0
106	106	4.0
106	107	2.0
107	107	3.0
107	108	1.0
107	109	1.0
107	113	1.0
108	108	3.0
108	109	3.0
109	109	2.0
109	110	2.0
110	110	3.0
110	111	2.0
110	112	1.0
111	111	2.0
113	113	4.0
113	122	1.0
114	114	8.0
114	115	2.0
114	130	1.0
115	115	3.0
115	122	1.0
116	116	6.0
116	118	1.0
116	121	1.0
117	118	2.0
117	121	1.0
118	118	3.0
118	123	2.0
119	119	2.0
119	122	1.0
120	120	3.0
121	121	3.0
121	122	1.0
122	122	2.0
123	123	4.0
123	125	1.0
124	124	2.0
125	125	2.0
125	127	1.0
126	126	3.0
126	127	1.0
126	187	1.0
127	127	1.0
127	128	1.0
127	145	1.0
128	128	3.0
129	129	7.0
129	131	2.0
130	134	1.0
131	131	1.0
131	133	1.0
132	132	1.0
132	136	1.0
133	133	1.0
134	134	1.0
134	135	3.0
134	136	1.0
135	135	3.0
135	137	1.0
135	138	1.0
136	137	1.0
137	137	5.0
137	138	1.0
137	139	1.0
138	138	6.0
139	139	4.0
139	140	1.0
139	142	1.0
140	140	2.0
140	141	2.0
141	141	4.0
141	142	1.0
141	144	1.0
141	189	1.0
142	142	1.0
142	190	2.0
143	143	1.0
143	144	1.0
144	144	3.0
145	145	1.0
146	146	1.0
146	153	1.0
146	156	1.0
146	161	1.0
146	187	2.0
147	155	1.0
147	156	1.0
148	148	4.0
149	149	2.0
150	150	2.0
150	151	1.0
151	151	6.0
151	154	1.0
152	152	6.0
152	153	1.0
153	153	1.0
153	185	1.0
154	154	2.0
155	156	1.0
156	156	2.0
156	186	1.0
156	187	1.0
157	157	2.0
157	159	1.0
158	158	4.0
159	160	1.0
159	189	1.0
160	160	1.0
160	161	3.0
161	161	2.0
162	162	3.0
162	163	1.0
162	188	1.0
163	163	4.0
163	188	1.0
163	190	1.0
164	164	9.0
164	166	1.0
164	178	1.0
164	189	1.0
165	165	4.0
165	177	1.0
166	166	2.0
166	167	1.0
167	167	1.0
168	168	3.0
169	169	3.0
169	170	1.0
170	170	1.0
171	171	5.0
171	173	1.0
172	172	2.0
172	173	1.0
173	173	2.0
174	174	1.0
176	176	1.0
176	177	1.0
176	178	1.0
176	179	1.0
177	177	2.0
177	178	2.0
177	182	1.0
178	178	3.0
180	181	1.0
181	181	3.0
181	182	1.0
182	182	2.0
182	183	1.0
183	183	2.0
183	184	1.0
184	184	1.0
185	186	2.0
186	186	2.0
187	187	1.0
187	189	1.0
188	188	1.0
188	189	1.0
188	190	2.0
189	189	6.0
190	190	1.0
0	1	2.0
0	0	4.0
