1	1	2.0
1	2	1.0
1	21	1.0
2	2	6.0
2	3	1.0
2	5	1.0
2	18	1.0
3	3	3.0
3	4	2.0
3	5	1.0
3	8	1.0
3	32	1.0
4	4	11.0
4	5	4.0
4	8	1.0
4	37	2.0
4	38	1.0
5	5	3.0
5	34	1.0
5	72	1.0
6	6	3.0
6	7	4.0
6	8	2.0
7	7	6.0
7	8	2.0
8	8	4.0
8	9	1.0
8	10	1.0
8	16	1.0
8	113	2.0
9	9	4.0
9	10	2.0
10	10	4.0
10	11	2.0
10	12	1.0
10	13	2.0
10	81	1.0
10	105	1.0
11	11	1.0
11	12	3.0
11	107	1.0
11	112	1.0
12	12	4.0
12	14	1.0
12	18	1.0
12	83	1.0
13	13	1.0
13	14	2.0
13	21	1.0
13	107	1.0
13	113	1.0
14	14	1.0
14	20	1.0
15	15	2.0
15	16	1.0
15	17	1.0
15	18	2.0
15	29	1.0
15	84	1.0
15	94	1.0
16	16	3.0
16	18	1.0
16	90	1.0
17	17	5.0
17	18	1.0
17	19	1.0
17	91	1.0
18	18	3.0
19	19	3.0
19	21	1.0
19	91	1.0
20	20	5.0
20	21	3.0
20	22	2.0
21	21	4.0
21	22	1.0
22	22	3.0
22	23	2.0
22	24	1.0
22	25	1.0
22	27	1.0
22	123	1.0
23	23	4.0
23	24	1.0
23	25	1.0
24	24	5.0
24	26	1.0
24	33	1.0
24	74	1.0
25	25	3.0
25	27	1.0
26	26	9.0
26	27	1.0
27	27	7.0
27	31	2.0
28	28	1.0
28	29	2.0
28	31	1.0
28	117	2.0
29	29	3.0
29	30	2.0
29	31	1.0
29	32	1.0
30	30	3.0
31	31	2.0
31	79	1.0
32	32	8.0
32	33	3.0
32	80	3.0
33	33	8.0
33	35	1.0
33	125	1.0
34	34	19.0
34	35	3.0
34	74	1.0
35	35	8.0
35	36	1.0
35	37	1.0
36	36	11.0
36	37	2.0
37	37	10.0
37	38	3.0
38	38	11.0
71	71	9.0
71	73	1.0
71	76	2.0
72	72	11.0
72	73	3.0
72	74	1.0
73	73	15.0
73	74	1.0
73	76	2.0
74	74	5.0
74	75	5.0
75	75	12.0
75	77	1.0
76	76	3.0
77	77	9.0
77	78	2.0
77	85	1.0
78	78	5.0
78	79	2.0
79	79	8.0
79	80	1.0
79	84	1.0
80	80	7.0
80	81	1.0
80	115	1.0
81	81	9.0
81	82	4.0
81	84	1.0
82	82	5.0
82	83	1.0
82	98	1.0
83	83	5.0
83	84	1.0
83	112	2.0
84	84	3.0
84	85	4.0
84	88	1.0
84	93	1.0
85	85	3.0
85	113	1.0
86	86	11.0
86	87	2.0
86	88	2.0
86	100	1.0
86	112	1.0
86	117	1.0
87	87	7.0
87	88	2.0
87	90	1.0
87	91	1.0
87	93	1.0
88	88	8.0
88	90	1.0
89	89	10.0
89	90	2.0
89	118	1.0
89	122	1.0
90	90	6.0
90	91	3.0
90	119	2.0
91	91	7.0
91	92	2.0
91	122	1.0
92	92	3.0
92	93	1.0
92	94	1.0
92	121	1.0
93	93	8.0
93	94	2.0
93	121	1.0
94	94	2.0
94	111	1.0
95	95	11.0
95	96	3.0
95	111	1.0
95	116	1.0
96	96	9.0
96	97	2.0
96	128	1.0
97	97	16.0
97	98	1.0
98	98	14.0
98	100	1.0
99	99	7.0
99	100	1.0
100	100	13.0
100	101	2.0
100	108	1.0
100	117	3.0
100	121	1.0
100	133	1.0
101	101	9.0
101	102	3.0
101	103	1.0
101	108	2.0
101	109	1.0
101	116	1.0
102	102	6.0
102	113	1.0
102	114	1.0
103	103	3.0
103	104	1.0
104	104	5.0
104	107	2.0
105	105	2.0
105	106	2.0
105	110	1.0
106	106	2.0
106	107	1.0
106	118	1.0
107	107	2.0
107	112	1.0
107	113	1.0
108	108	5.0
108	110	1.0
108	128	1.0
109	109	10.0
109	113	1.0
109	115	1.0
110	110	10.0
110	111	3.0
110	120	1.0
111	111	7.0
111	112	5.0
111	119	1.0
112	112	4.0
112	113	1.0
112	114	1.0
113	113	1.0
114	114	8.0
114	115	7.0
114	116	1.0
114	120	1.0
115	115	2.0
115	116	1.0
115	117	1.0
116	116	14.0
117	117	8.0
117	118	2.0
117	133	1.0
118	118	5.0
118	119	3.0
119	119	5.0
119	120	1.0
119	122	2.0
120	120	4.0
120	121	2.0
120	124	1.0
121	121	6.0
121	125	1.0
122	122	6.0
122	125	1.0
123	123	13.0
123	124	2.0
123	126	1.0
124	124	12.0
124	125	3.0
125	125	7.0
125	126	1.0
126	126	10.0
126	127	5.0
127	127	13.0
127	128	2.0
127	129	1.0
128	128	10.0
128	129	1.0
128	130	1.0
129	129	12.0
129	130	6.0
130	130	14.0
130	131	4.0
131	131	21.0
131	132	1.0
132	132	16.0
132	133	1.0
133	133	10.0
133	134	2.0
134	134	13.0
134	135	2.0
135	135	9.0
135	136	1.0
136	136	8.0
136	138	1.0
136	139	1.0
137	137	4.0
137	138	1.0
138	138	10.0
138	139	1.0
139	139	15.0
139	140	1.0
140	140	11.0
0	32	1.0
0	34	1.0
0	118	1.0
0	0	6.0
