1	1	2.0
2	2	7.0
2	3	2.0
2	20	1.0
2	111	1.0
3	3	10.0
3	4	2.0
3	117	1.0
4	4	6.0
4	5	2.0
4	107	2.0
4	111	1.0
4	117	1.0
5	5	9.0
5	8	1.0
5	13	4.0
5	14	1.0
5	15	2.0
5	24	1.0
5	29	1.0
5	32	1.0
5	34	1.0
6	6	8.0
6	9	1.0
6	14	1.0
6	24	1.0
6	120	1.0
7	7	6.0
7	10	1.0
7	20	1.0
7	48	1.0
8	8	3.0
9	9	6.0
9	14	1.0
9	20	1.0
9	103	1.0
10	10	1.0
10	11	1.0
10	13	1.0
10	62	1.0
11	11	11.0
11	12	1.0
11	13	1.0
11	40	1.0
12	12	8.0
13	13	6.0
13	43	1.0
14	14	3.0
14	19	1.0
14	28	1.0
14	30	1.0
15	15	2.0
15	16	1.0
15	17	2.0
15	23	1.0
15	26	1.0
15	87	1.0
16	16	4.0
16	20	1.0
16	24	1.0
16	42	1.0
16	64	1.0
17	17	4.0
17	18	1.0
18	18	3.0
18	19	3.0
18	20	1.0
18	29	1.0
18	44	1.0
19	19	5.0
19	20	3.0
19	24	1.0
20	20	2.0
20	21	2.0
21	21	7.0
21	24	2.0
22	22	5.0
22	23	1.0
23	23	4.0
23	24	4.0
23	40	1.0
23	83	1.0
24	24	4.0
24	25	2.0
24	117	1.0
25	25	6.0
25	26	2.0
25	113	1.0
26	26	6.0
26	27	2.0
26	28	1.0
27	27	6.0
27	28	1.0
27	31	1.0
28	28	7.0
28	29	2.0
28	33	1.0
29	29	6.0
29	30	2.0
29	91	1.0
29	93	1.0
30	30	11.0
30	33	1.0
30	109	1.0
31	31	6.0
31	33	2.0
32	32	2.0
32	33	3.0
32	34	1.0
33	33	3.0
33	34	2.0
33	47	1.0
34	34	6.0
38	38	3.0
38	39	6.0
38	58	1.0
38	70	1.0
39	40	1.0
39	44	1.0
39	85	1.0
40	40	9.0
40	41	1.0
40	42	1.0
41	41	6.0
41	42	2.0
42	42	2.0
42	44	1.0
42	45	1.0
42	81	2.0
43	43	3.0
43	44	2.0
44	44	4.0
44	45	3.0
45	45	2.0
45	46	3.0
45	57	1.0
45	67	1.0
45	73	1.0
45	96	1.0
45	113	1.0
46	46	7.0
46	47	6.0
46	83	1.0
46	84	2.0
46	85	1.0
47	47	5.0
47	55	1.0
47	87	1.0
47	103	1.0
48	48	5.0
48	58	1.0
49	49	14.0
49	50	2.0
50	50	11.0
50	51	2.0
50	55	1.0
50	62	1.0
50	77	2.0
50	102	2.0
50	104	1.0
50	120	1.0
51	51	7.0
51	52	3.0
51	62	1.0
51	72	1.0
51	74	1.0
51	95	1.0
51	125	1.0
52	52	9.0
52	53	5.0
52	93	1.0
52	94	2.0
53	53	14.0
53	54	3.0
53	56	1.0
53	93	1.0
53	95	1.0
53	96	1.0
54	54	9.0
54	56	2.0
54	66	2.0
54	94	1.0
54	95	1.0
55	55	6.0
55	58	1.0
55	67	1.0
55	76	1.0
56	56	7.0
56	57	1.0
56	109	1.0
57	57	5.0
57	58	1.0
57	105	2.0
57	107	1.0
58	58	7.0
58	59	4.0
58	62	1.0
58	66	1.0
59	59	4.0
59	102	1.0
60	60	3.0
60	61	2.0
60	63	1.0
60	74	1.0
60	106	1.0
60	114	1.0
61	61	3.0
61	62	1.0
61	63	1.0
61	67	1.0
61	68	1.0
61	131	1.0
62	62	5.0
62	76	1.0
62	99	1.0
63	63	6.0
63	64	3.0
63	97	1.0
64	64	2.0
64	72	1.0
64	103	1.0
65	65	5.0
65	66	1.0
66	66	3.0
66	67	1.0
66	70	1.0
66	77	1.0
67	67	4.0
68	68	8.0
68	88	1.0
68	100	1.0
68	103	1.0
68	104	1.0
69	69	5.0
69	89	1.0
69	103	1.0
70	70	1.0
70	71	2.0
70	82	1.0
70	98	1.0
70	121	1.0
71	71	4.0
71	72	1.0
71	90	1.0
71	96	1.0
71	119	1.0
71	121	1.0
72	72	3.0
72	73	1.0
72	74	3.0
72	82	1.0
72	93	1.0
72	116	2.0
72	121	1.0
73	73	7.0
73	83	1.0
74	74	8.0
74	75	1.0
74	95	1.0
74	96	1.0
74	126	1.0
75	75	3.0
75	76	1.0
75	83	1.0
75	94	1.0
76	76	2.0
76	77	1.0
77	77	5.0
77	78	1.0
77	111	1.0
78	78	6.0
78	79	1.0
78	102	1.0
78	126	1.0
79	79	6.0
79	80	1.0
79	87	1.0
79	90	1.0
79	93	1.0
79	102	1.0
79	112	1.0
79	126	1.0
80	80	9.0
80	81	4.0
80	82	1.0
81	81	4.0
81	85	1.0
81	87	1.0
82	82	7.0
82	83	2.0
82	85	1.0
82	90	1.0
83	83	9.0
83	84	1.0
83	104	1.0
84	84	1.0
84	85	1.0
84	86	1.0
85	85	3.0
85	107	1.0
85	113	2.0
86	86	6.0
86	88	1.0
86	89	1.0
87	87	2.0
87	88	1.0
87	96	1.0
88	88	5.0
88	89	3.0
88	91	1.0
89	89	6.0
89	90	1.0
89	93	1.0
90	90	3.0
90	93	1.0
90	102	3.0
91	91	6.0
91	92	2.0
91	99	1.0
92	92	12.0
92	93	2.0
92	94	1.0
92	129	1.0
93	93	5.0
94	94	5.0
94	95	1.0
94	102	1.0
94	124	1.0
95	95	6.0
95	96	1.0
95	115	1.0
96	96	4.0
96	97	4.0
96	100	1.0
96	101	1.0
96	103	1.0
96	107	1.0
96	109	1.0
96	133	1.0
97	97	7.0
97	98	1.0
97	103	1.0
98	98	7.0
98	99	1.0
98	104	1.0
99	99	4.0
99	100	1.0
99	108	1.0
99	116	1.0
100	100	8.0
100	101	1.0
100	114	1.0
101	101	10.0
101	102	1.0
101	105	1.0
101	107	1.0
101	118	1.0
101	131	1.0
102	102	5.0
102	103	2.0
102	104	1.0
103	103	9.0
103	109	1.0
103	119	1.0
104	104	7.0
104	107	2.0
104	129	1.0
105	105	5.0
105	106	6.0
105	107	1.0
105	108	1.0
105	112	1.0
106	106	6.0
106	107	3.0
106	114	1.0
107	107	3.0
107	112	1.0
107	119	1.0
108	108	5.0
108	109	1.0
108	113	1.0
108	120	1.0
108	130	1.0
109	109	6.0
109	110	2.0
109	120	1.0
109	130	1.0
110	110	4.0
110	111	1.0
110	121	1.0
111	111	6.0
111	112	2.0
112	112	8.0
112	113	1.0
112	123	1.0
113	113	9.0
113	114	1.0
113	115	1.0
113	121	1.0
114	114	10.0
115	115	10.0
115	123	1.0
115	126	1.0
116	116	4.0
116	117	3.0
116	118	1.0
116	124	1.0
117	117	4.0
117	118	3.0
117	120	1.0
117	127	1.0
118	118	5.0
118	119	1.0
119	119	7.0
119	120	1.0
120	120	8.0
120	122	3.0
121	121	5.0
121	122	2.0
121	123	1.0
122	122	10.0
123	123	13.0
123	124	1.0
123	132	2.0
124	124	6.0
124	125	3.0
125	125	10.0
125	126	1.0
126	126	3.0
126	127	3.0
126	128	2.0
127	127	3.0
127	128	1.0
127	129	1.0
128	128	4.0
128	129	1.0
128	130	2.0
129	129	5.0
129	130	1.0
129	133	1.0
130	130	3.0
130	131	1.0
131	131	3.0
131	132	3.0
132	132	4.0
133	133	5.0
0	1	2.0
0	5	1.0
0	44	1.0
0	0	3.0
