1	1	5.0
2	2	2.0
3	3	1.0
3	4	1.0
4	4	3.0
4	5	1.0
5	5	2.0
5	6	3.0
5	7	1.0
6	6	4.0
6	12	1.0
7	7	1.0
7	8	1.0
8	8	3.0
9	9	1.0
10	10	2.0
10	21	1.0
10	25	1.0
11	11	2.0
11	12	2.0
11	21	1.0
11	53	1.0
12	12	3.0
12	32	1.0
13	13	3.0
14	14	1.0
14	15	1.0
15	15	4.0
15	16	1.0
16	16	2.0
17	17	6.0
17	19	1.0
18	18	1.0
19	20	1.0
19	32	1.0
19	35	1.0
20	20	1.0
21	21	2.0
21	32	1.0
25	25	2.0
25	26	1.0
26	26	4.0
26	35	1.0
27	27	2.0
27	28	1.0
27	35	1.0
27	78	1.0
28	28	2.0
29	29	2.0
30	30	3.0
30	34	2.0
31	31	1.0
33	33	1.0
33	34	1.0
34	35	1.0
35	35	2.0
36	36	2.0
36	37	1.0
37	37	3.0
38	38	5.0
39	39	1.0
40	40	4.0
41	41	4.0
42	42	4.0
42	43	1.0
44	44	1.0
44	46	1.0
45	45	1.0
46	46	7.0
46	47	1.0
46	79	1.0
47	47	4.0
47	48	1.0
48	48	3.0
49	51	1.0
50	50	4.0
51	51	1.0
51	52	1.0
52	52	3.0
52	54	1.0
53	53	3.0
53	54	2.0
53	62	1.0
53	63	1.0
54	54	1.0
54	56	1.0
54	59	1.0
55	55	4.0
55	62	1.0
56	56	2.0
56	62	1.0
57	57	2.0
59	59	1.0
60	60	2.0
60	61	3.0
61	61	4.0
61	62	1.0
62	62	2.0
62	64	1.0
63	63	2.0
64	64	4.0
64	65	1.0
65	65	4.0
66	66	1.0
67	67	1.0
67	68	1.0
69	69	3.0
69	70	1.0
69	71	1.0
69	72	1.0
70	70	2.0
71	71	2.0
72	72	2.0
72	75	1.0
73	73	3.0
74	74	5.0
74	75	1.0
75	75	4.0
75	76	1.0
76	76	6.0
76	77	1.0
77	77	2.0
78	78	5.0
79	79	3.0
79	80	1.0
80	80	4.0
80	81	1.0
0	3	1.0
0	4	1.0
0	0	4.0
