1	1	4.0
1	10	1.0
2	2	3.0
2	3	1.0
3	3	2.0
3	75	1.0
4	4	3.0
4	7	1.0
4	8	1.0
4	55	1.0
4	77	2.0
5	5	5.0
5	7	2.0
5	34	1.0
6	6	2.0
6	7	1.0
6	14	1.0
6	15	1.0
7	7	2.0
7	8	1.0
7	12	1.0
7	18	1.0
8	8	4.0
8	9	1.0
8	12	1.0
8	244	1.0
9	9	12.0
9	10	2.0
9	243	1.0
10	10	2.0
10	11	1.0
10	28	2.0
11	11	3.0
11	12	1.0
11	30	1.0
11	54	1.0
12	12	1.0
12	23	1.0
13	13	2.0
13	31	1.0
14	14	3.0
14	15	1.0
14	49	1.0
15	15	2.0
15	50	1.0
15	58	1.0
15	76	1.0
16	16	3.0
16	17	1.0
16	21	1.0
16	237	1.0
17	17	4.0
17	18	3.0
17	244	1.0
18	18	4.0
18	19	1.0
18	23	1.0
19	19	4.0
19	20	1.0
19	53	1.0
20	20	3.0
21	21	11.0
22	22	4.0
22	24	1.0
22	48	1.0
23	23	5.0
23	25	1.0
23	87	1.0
24	24	6.0
24	25	1.0
25	25	5.0
25	26	1.0
25	42	1.0
26	26	3.0
26	27	1.0
27	27	3.0
28	28	10.0
28	59	1.0
29	29	7.0
30	30	3.0
30	31	1.0
30	58	1.0
30	92	1.0
30	93	1.0
31	31	8.0
31	36	1.0
31	71	1.0
32	32	5.0
32	33	2.0
32	46	1.0
33	33	6.0
34	34	1.0
34	40	1.0
34	200	1.0
35	35	2.0
35	36	2.0
35	42	1.0
35	47	1.0
35	76	1.0
35	153	1.0
36	36	2.0
36	37	2.0
36	53	1.0
36	61	2.0
36	67	1.0
36	76	1.0
37	37	3.0
38	38	2.0
38	39	1.0
38	50	1.0
38	87	1.0
39	39	3.0
39	40	2.0
39	50	1.0
39	109	1.0
39	117	1.0
40	40	6.0
41	41	6.0
41	42	3.0
41	48	1.0
41	60	1.0
42	42	2.0
42	43	1.0
42	48	1.0
42	74	1.0
43	43	2.0
43	92	1.0
44	44	5.0
45	45	1.0
45	46	2.0
45	103	1.0
46	46	5.0
46	60	1.0
47	47	2.0
47	48	2.0
47	53	1.0
47	60	1.0
48	48	3.0
48	49	1.0
48	62	2.0
48	72	1.0
49	49	2.0
49	50	2.0
50	50	3.0
50	57	1.0
51	51	6.0
51	52	1.0
51	54	1.0
52	52	1.0
52	55	2.0
52	71	1.0
53	53	3.0
53	54	1.0
53	57	1.0
53	64	1.0
54	54	5.0
54	55	1.0
55	55	3.0
55	57	1.0
55	179	1.0
56	56	5.0
56	57	1.0
57	57	6.0
57	58	2.0
58	58	1.0
58	59	1.0
58	118	1.0
59	59	4.0
59	60	1.0
59	61	1.0
59	80	1.0
59	82	1.0
60	60	4.0
60	61	1.0
61	61	2.0
61	62	1.0
61	77	1.0
62	62	3.0
62	63	1.0
62	69	1.0
62	79	1.0
63	63	4.0
63	65	1.0
63	104	1.0
63	118	1.0
64	64	5.0
64	65	2.0
64	114	1.0
64	116	1.0
65	65	4.0
65	66	2.0
65	200	1.0
66	66	3.0
66	68	1.0
67	67	3.0
67	95	1.0
67	220	1.0
68	68	3.0
68	69	1.0
68	70	1.0
68	91	1.0
68	105	1.0
69	69	3.0
69	109	1.0
70	70	2.0
70	71	1.0
70	96	1.0
71	71	3.0
71	72	2.0
72	72	2.0
72	101	1.0
73	73	1.0
73	77	1.0
75	75	1.0
75	76	2.0
75	79	1.0
76	76	2.0
76	77	2.0
76	79	1.0
77	77	2.0
77	78	1.0
77	95	1.0
78	78	6.0
79	79	1.0
79	80	1.0
80	81	2.0
80	83	1.0
81	81	2.0
81	82	1.0
81	84	1.0
82	82	3.0
82	83	1.0
82	85	1.0
82	88	1.0
82	100	1.0
83	83	4.0
83	84	1.0
83	95	1.0
84	84	3.0
84	85	2.0
85	85	3.0
85	87	2.0
85	92	1.0
86	86	2.0
87	87	5.0
87	88	1.0
87	89	1.0
88	88	7.0
89	89	4.0
89	90	2.0
90	90	3.0
90	91	2.0
90	93	1.0
90	169	1.0
91	91	3.0
91	92	1.0
91	109	1.0
92	92	2.0
92	179	1.0
93	93	5.0
94	94	3.0
94	95	1.0
94	101	1.0
94	110	1.0
95	95	6.0
95	96	2.0
95	97	1.0
95	98	1.0
96	96	4.0
96	97	2.0
96	99	1.0
96	100	1.0
97	97	5.0
97	98	1.0
98	98	2.0
98	107	1.0
98	222	1.0
99	99	3.0
99	100	1.0
100	100	1.0
100	101	2.0
101	101	4.0
101	117	1.0
102	107	1.0
102	120	1.0
104	104	1.0
105	105	3.0
106	107	2.0
107	107	1.0
107	171	1.0
107	175	1.0
108	108	1.0
108	119	2.0
109	109	2.0
109	110	1.0
110	110	9.0
110	111	1.0
110	115	2.0
111	111	2.0
111	118	1.0
112	112	4.0
113	113	4.0
113	114	3.0
113	176	1.0
114	114	5.0
114	115	1.0
114	147	1.0
115	115	1.0
115	116	2.0
116	116	4.0
117	117	3.0
117	118	1.0
117	119	1.0
118	119	1.0
119	119	2.0
120	120	5.0
121	121	1.0
144	178	1.0
145	145	4.0
146	146	1.0
146	205	1.0
147	147	2.0
147	151	1.0
147	220	1.0
149	149	2.0
150	150	4.0
150	204	1.0
150	212	1.0
151	151	5.0
151	153	1.0
152	152	4.0
153	153	5.0
153	159	1.0
153	203	1.0
154	154	1.0
154	155	2.0
154	186	1.0
155	155	3.0
156	156	10.0
156	200	1.0
157	157	2.0
157	158	1.0
157	198	1.0
158	158	3.0
158	159	1.0
158	193	1.0
159	159	3.0
159	162	1.0
159	171	1.0
159	209	2.0
160	160	3.0
160	198	1.0
161	161	4.0
161	175	1.0
161	228	1.0
162	162	4.0
162	163	3.0
162	171	1.0
162	194	1.0
163	163	5.0
163	174	1.0
164	164	8.0
164	165	2.0
164	167	1.0
164	172	1.0
164	173	1.0
165	165	2.0
165	166	1.0
165	167	2.0
165	188	2.0
165	192	1.0
165	208	1.0
166	184	1.0
167	167	5.0
167	192	1.0
168	168	2.0
168	170	1.0
168	191	1.0
168	195	1.0
169	169	6.0
169	190	1.0
169	191	1.0
170	170	2.0
170	171	1.0
170	181	1.0
171	171	2.0
171	174	1.0
171	178	1.0
172	174	1.0
173	173	2.0
174	174	5.0
174	175	1.0
174	176	1.0
174	179	1.0
175	175	6.0
175	201	1.0
176	176	5.0
176	179	1.0
176	210	1.0
176	211	1.0
177	177	5.0
177	181	1.0
177	183	1.0
178	178	6.0
178	180	2.0
179	179	1.0
179	193	1.0
180	180	2.0
180	183	1.0
180	185	1.0
180	205	1.0
181	181	2.0
181	182	2.0
181	217	1.0
182	182	3.0
182	183	2.0
182	234	1.0
183	188	2.0
183	200	1.0
183	240	1.0
184	184	7.0
184	214	2.0
184	228	1.0
184	236	1.0
185	185	1.0
186	186	3.0
186	187	1.0
187	187	3.0
187	189	1.0
187	192	1.0
189	199	1.0
190	190	1.0
190	191	1.0
190	197	1.0
191	191	6.0
192	192	3.0
193	193	3.0
193	197	1.0
194	194	1.0
195	195	3.0
195	196	2.0
197	197	2.0
197	198	1.0
197	199	1.0
197	241	1.0
198	198	2.0
198	199	1.0
199	199	3.0
199	200	1.0
199	219	2.0
200	200	3.0
200	201	3.0
201	201	9.0
201	202	2.0
201	211	1.0
202	202	4.0
202	214	1.0
203	203	1.0
203	204	1.0
204	204	2.0
204	205	1.0
205	205	4.0
205	206	1.0
205	211	1.0
206	206	3.0
207	207	2.0
208	208	2.0
208	209	1.0
209	209	5.0
210	210	1.0
210	211	1.0
211	211	5.0
211	212	1.0
211	214	1.0
211	245	1.0
212	212	5.0
212	213	3.0
213	214	1.0
213	245	1.0
214	214	5.0
214	215	1.0
214	224	1.0
215	215	3.0
215	216	1.0
216	216	2.0
216	217	1.0
216	220	1.0
216	225	1.0
217	217	3.0
217	218	1.0
218	218	2.0
218	219	3.0
218	220	1.0
218	240	1.0
219	219	4.0
219	243	1.0
220	220	7.0
221	221	2.0
221	222	1.0
221	223	1.0
222	223	2.0
222	232	1.0
223	223	4.0
223	232	1.0
223	242	1.0
224	224	6.0
225	225	5.0
226	226	4.0
226	227	2.0
227	227	4.0
227	228	1.0
227	238	1.0
228	228	2.0
228	229	1.0
229	229	6.0
229	230	1.0
230	230	4.0
230	231	2.0
230	237	1.0
231	231	3.0
231	233	1.0
231	235	1.0
232	232	8.0
232	233	1.0
232	249	1.0
233	233	2.0
233	234	1.0
233	247	1.0
234	234	3.0
234	235	2.0
234	241	2.0
235	235	6.0
235	236	1.0
235	237	2.0
235	239	1.0
235	242	1.0
236	236	8.0
237	237	2.0
237	238	1.0
237	240	1.0
238	238	2.0
238	239	3.0
239	239	3.0
240	240	5.0
240	241	2.0
241	241	2.0
241	242	1.0
242	242	2.0
242	243	2.0
242	244	2.0
243	243	5.0
244	244	1.0
245	245	4.0
245	246	2.0
246	246	1.0
246	247	1.0
247	247	2.0
248	248	1.0
