1	1	4.0
1	3	1.0
1	12	1.0
1	50	1.0
2	2	2.0
2	3	1.0
2	5	1.0
3	3	5.0
4	4	3.0
4	5	1.0
5	5	4.0
5	6	1.0
6	6	5.0
6	7	2.0
6	10	1.0
7	7	10.0
8	8	3.0
8	19	1.0
9	9	2.0
9	10	1.0
9	12	1.0
9	23	1.0
9	24	1.0
10	10	3.0
10	11	1.0
10	12	1.0
10	47	1.0
11	11	2.0
11	12	1.0
12	12	6.0
12	13	1.0
12	24	1.0
13	13	7.0
13	17	1.0
13	21	1.0
13	32	1.0
14	14	3.0
14	15	1.0
15	15	1.0
15	16	1.0
15	17	1.0
15	43	1.0
16	16	2.0
16	17	1.0
16	18	2.0
17	17	2.0
17	18	2.0
17	40	1.0
18	18	2.0
18	19	2.0
18	20	1.0
19	19	2.0
19	20	1.0
19	28	1.0
20	21	1.0
20	28	1.0
21	21	1.0
22	22	4.0
22	25	1.0
22	27	1.0
23	23	1.0
23	24	2.0
23	122	1.0
24	24	1.0
24	25	1.0
25	25	4.0
25	26	2.0
25	28	1.0
26	26	2.0
26	57	1.0
27	27	2.0
27	28	1.0
27	30	1.0
28	28	2.0
28	29	2.0
28	30	1.0
29	29	6.0
29	30	2.0
30	31	1.0
31	31	4.0
32	32	6.0
32	33	1.0
32	39	2.0
33	33	4.0
33	34	1.0
33	40	1.0
38	38	2.0
38	39	1.0
38	40	1.0
39	40	1.0
39	43	1.0
40	40	2.0
40	42	1.0
40	47	1.0
41	41	2.0
41	42	1.0
41	43	1.0
42	42	6.0
42	43	1.0
42	52	1.0
42	53	1.0
42	79	1.0
43	43	1.0
44	44	6.0
44	61	1.0
45	45	4.0
46	46	1.0
46	47	3.0
46	52	1.0
46	55	1.0
46	57	1.0
46	60	1.0
46	78	1.0
47	47	2.0
47	48	1.0
48	48	1.0
48	49	2.0
48	69	1.0
49	49	4.0
49	50	1.0
49	55	1.0
49	121	1.0
50	50	4.0
50	51	1.0
50	66	1.0
51	51	3.0
51	54	1.0
52	52	6.0
52	53	2.0
53	53	2.0
53	54	2.0
53	55	1.0
54	54	2.0
54	55	1.0
54	66	1.0
55	55	2.0
55	65	1.0
56	56	3.0
56	58	2.0
57	57	2.0
57	80	1.0
58	58	3.0
59	59	2.0
59	83	1.0
60	60	3.0
61	61	1.0
62	62	2.0
62	80	1.0
63	63	5.0
63	64	1.0
63	66	1.0
63	91	1.0
64	64	2.0
64	65	2.0
65	65	8.0
66	66	1.0
66	68	1.0
67	67	1.0
67	68	2.0
67	69	3.0
67	76	1.0
68	68	1.0
68	69	1.0
69	69	3.0
69	92	1.0
70	70	3.0
71	71	2.0
71	72	2.0
72	72	4.0
73	73	1.0
73	74	2.0
74	74	4.0
75	75	1.0
75	76	1.0
76	76	2.0
76	77	3.0
77	77	5.0
77	78	1.0
77	85	2.0
78	78	3.0
78	79	3.0
79	79	4.0
79	80	1.0
79	90	1.0
79	105	1.0
80	80	5.0
80	81	1.0
80	88	1.0
81	81	2.0
81	82	1.0
82	82	4.0
82	83	1.0
82	86	1.0
82	94	1.0
82	96	1.0
82	132	1.0
83	83	3.0
83	84	1.0
84	84	2.0
85	85	2.0
85	99	2.0
86	86	3.0
86	87	1.0
87	87	1.0
87	88	1.0
87	97	1.0
87	98	1.0
87	105	1.0
88	88	2.0
88	89	2.0
88	90	1.0
89	89	6.0
89	90	1.0
89	92	1.0
89	95	1.0
90	90	2.0
90	91	1.0
91	91	7.0
91	92	2.0
92	92	1.0
93	93	5.0
93	94	1.0
94	94	5.0
94	95	1.0
95	95	4.0
95	109	1.0
95	112	1.0
96	96	3.0
96	101	1.0
97	97	2.0
97	98	1.0
99	99	4.0
100	100	2.0
101	101	4.0
101	102	1.0
101	118	1.0
102	102	4.0
102	103	2.0
102	118	1.0
102	119	1.0
103	103	6.0
104	104	3.0
104	105	3.0
104	106	1.0
104	107	1.0
105	105	4.0
105	106	3.0
105	125	1.0
106	106	4.0
106	107	1.0
107	107	5.0
108	108	4.0
108	110	1.0
108	111	1.0
108	113	1.0
108	130	1.0
109	109	2.0
109	113	1.0
109	124	1.0
110	110	3.0
110	112	1.0
111	111	4.0
112	112	3.0
113	113	4.0
113	114	1.0
114	114	2.0
114	118	1.0
115	115	2.0
115	116	1.0
116	116	4.0
117	117	3.0
117	118	2.0
118	118	2.0
118	119	2.0
118	125	1.0
119	119	2.0
119	126	1.0
119	127	1.0
119	131	1.0
120	120	7.0
120	123	1.0
120	132	1.0
121	121	7.0
121	122	1.0
122	122	4.0
122	124	1.0
123	123	2.0
124	124	6.0
124	125	2.0
125	125	2.0
126	126	5.0
126	128	1.0
126	133	1.0
127	127	2.0
127	132	1.0
128	129	2.0
129	132	1.0
130	130	2.0
130	131	1.0
130	132	1.0
131	131	5.0
131	133	1.0
132	132	2.0
133	133	1.0
0	1	1.0
0	0	4.0
