1	1	8.0
2	2	4.0
3	3	7.0
3	4	1.0
3	5	1.0
3	15	1.0
4	4	7.0
5	5	4.0
5	9	1.0
6	6	1.0
6	78	1.0
7	7	3.0
7	25	1.0
8	8	5.0
8	9	1.0
10	23	1.0
11	11	5.0
11	14	1.0
11	16	1.0
12	12	2.0
12	14	1.0
12	17	2.0
12	25	1.0
12	50	1.0
13	13	1.0
14	14	2.0
14	15	2.0
15	15	1.0
16	16	1.0
17	26	1.0
18	18	2.0
18	26	1.0
19	19	4.0
19	20	1.0
19	23	1.0
19	25	1.0
19	26	1.0
20	20	4.0
20	21	2.0
22	22	6.0
23	23	4.0
24	24	7.0
25	25	1.0
25	27	1.0
27	27	5.0
27	28	1.0
28	28	2.0
28	29	1.0
29	29	5.0
29	30	1.0
29	88	1.0
30	30	9.0
30	71	1.0
31	31	4.0
34	34	2.0
34	61	1.0
34	65	1.0
46	46	3.0
46	47	1.0
46	50	1.0
47	47	1.0
47	48	2.0
48	48	5.0
48	49	1.0
49	49	3.0
49	52	1.0
49	53	1.0
50	50	6.0
51	51	1.0
51	52	1.0
52	52	1.0
52	60	1.0
53	53	3.0
54	54	6.0
54	55	2.0
55	55	4.0
55	56	1.0
55	60	1.0
56	56	4.0
56	62	1.0
57	57	10.0
57	58	1.0
58	58	6.0
59	59	4.0
59	62	1.0
60	60	1.0
61	61	2.0
62	62	2.0
62	63	1.0
63	63	2.0
64	64	1.0
64	65	1.0
65	65	1.0
66	66	1.0
67	67	5.0
67	68	1.0
67	69	1.0
68	68	5.0
68	72	2.0
69	69	4.0
69	70	1.0
70	70	2.0
71	71	6.0
71	72	1.0
71	74	2.0
72	72	6.0
72	73	2.0
72	74	1.0
73	73	3.0
73	74	1.0
74	74	10.0
74	75	1.0
75	75	1.0
75	76	1.0
75	80	1.0
76	76	2.0
76	80	1.0
77	77	1.0
77	78	1.0
77	80	1.0
78	78	3.0
79	79	5.0
80	80	2.0
80	82	1.0
81	81	6.0
81	82	3.0
81	83	1.0
82	82	3.0
82	83	1.0
84	84	3.0
85	85	9.0
86	86	4.0
87	87	5.0
88	88	8.0
88	89	1.0
89	89	7.0
90	90	3.0
0	1	3.0
0	4	1.0
0	0	1.0
