1	1	3.0
1	2	1.0
2	2	5.0
2	3	1.0
2	5	1.0
2	32	1.0
3	3	6.0
3	4	3.0
3	5	2.0
3	8	1.0
3	33	1.0
4	4	6.0
4	6	1.0
5	5	4.0
5	6	1.0
5	38	1.0
6	6	6.0
6	7	3.0
7	7	3.0
7	8	1.0
7	71	1.0
8	8	3.0
8	25	2.0
9	9	4.0
10	10	1.0
10	15	1.0
11	11	3.0
11	12	1.0
12	12	6.0
13	13	4.0
13	14	2.0
13	15	1.0
13	20	1.0
14	14	5.0
14	15	3.0
15	15	5.0
16	16	5.0
16	17	3.0
16	19	1.0
17	17	4.0
17	18	2.0
18	18	3.0
18	19	1.0
19	19	6.0
19	20	2.0
19	21	1.0
20	20	4.0
21	21	3.0
21	22	2.0
22	22	6.0
22	41	1.0
22	42	1.0
22	48	1.0
23	23	1.0
23	25	1.0
23	48	1.0
24	24	1.0
24	25	1.0
24	38	1.0
25	25	2.0
25	26	1.0
25	31	2.0
25	39	1.0
26	26	4.0
27	27	7.0
27	28	1.0
28	28	6.0
29	29	2.0
29	30	2.0
30	30	5.0
31	31	5.0
31	39	1.0
31	71	1.0
32	32	3.0
33	33	7.0
33	71	1.0
34	34	2.0
37	37	1.0
37	38	2.0
38	38	2.0
38	71	1.0
38	77	1.0
39	39	5.0
39	40	2.0
39	72	1.0
39	74	1.0
40	40	5.0
41	41	7.0
41	42	1.0
41	44	1.0
41	59	1.0
42	42	7.0
42	43	1.0
42	79	1.0
43	43	3.0
43	44	2.0
44	44	4.0
44	45	3.0
44	69	1.0
45	45	5.0
45	47	3.0
46	46	2.0
46	47	2.0
46	65	1.0
46	66	1.0
46	67	1.0
47	47	3.0
47	48	1.0
48	48	6.0
48	49	2.0
48	64	1.0
48	66	1.0
49	49	4.0
49	50	5.0
50	50	5.0
51	51	6.0
51	52	1.0
52	52	5.0
52	53	4.0
52	54	1.0
53	53	4.0
53	54	1.0
54	54	7.0
54	75	1.0
55	55	3.0
55	60	2.0
56	56	8.0
56	57	1.0
56	59	1.0
56	111	1.0
57	57	9.0
57	58	1.0
58	58	3.0
58	59	2.0
58	64	1.0
59	59	5.0
59	60	1.0
59	63	2.0
59	64	2.0
60	60	2.0
60	61	1.0
61	61	3.0
61	71	1.0
62	62	3.0
62	63	3.0
62	75	2.0
63	63	3.0
63	76	1.0
64	64	5.0
64	65	1.0
65	65	2.0
65	66	3.0
66	66	3.0
66	67	1.0
67	67	3.0
68	68	3.0
68	69	3.0
68	70	1.0
69	69	5.0
70	70	4.0
70	74	1.0
71	72	2.0
71	74	2.0
72	72	4.0
72	73	2.0
72	74	1.0
73	73	8.0
73	74	1.0
74	96	1.0
75	75	1.0
75	76	2.0
75	77	1.0
76	76	3.0
77	77	2.0
77	79	1.0
77	82	1.0
78	78	3.0
78	110	1.0
79	79	4.0
80	81	1.0
81	81	6.0
82	82	7.0
82	83	1.0
82	85	1.0
82	95	1.0
82	120	1.0
83	83	5.0
83	84	2.0
84	84	5.0
84	85	1.0
84	93	1.0
85	85	6.0
85	86	2.0
85	87	1.0
85	89	2.0
85	91	1.0
86	86	2.0
86	87	2.0
86	88	2.0
86	119	1.0
86	125	1.0
87	87	4.0
87	88	1.0
87	102	1.0
88	88	3.0
88	89	1.0
88	90	1.0
88	125	1.0
88	129	1.0
89	89	8.0
90	90	5.0
90	91	1.0
90	92	1.0
91	91	5.0
91	106	1.0
91	115	1.0
92	92	4.0
92	93	1.0
92	94	1.0
92	115	1.0
92	118	1.0
93	93	7.0
93	101	1.0
93	115	1.0
94	94	5.0
94	115	1.0
95	95	4.0
95	122	1.0
96	96	7.0
96	97	1.0
96	98	1.0
97	98	1.0
98	98	2.0
98	99	1.0
99	99	5.0
99	100	3.0
100	100	8.0
100	101	1.0
100	105	1.0
101	101	4.0
101	102	2.0
102	102	3.0
102	103	2.0
102	117	1.0
103	103	1.0
103	104	1.0
104	104	6.0
104	106	2.0
105	105	7.0
105	106	3.0
106	106	7.0
106	107	2.0
107	107	3.0
107	108	2.0
107	109	1.0
108	108	7.0
108	109	1.0
108	120	1.0
108	128	1.0
108	132	1.0
109	109	11.0
109	110	3.0
109	118	1.0
109	119	1.0
109	120	2.0
110	110	4.0
110	117	1.0
110	120	1.0
111	111	6.0
111	112	4.0
111	120	1.0
112	112	9.0
112	113	2.0
113	113	12.0
113	114	3.0
114	114	1.0
114	116	1.0
115	115	2.0
115	116	2.0
116	116	4.0
116	117	2.0
117	117	4.0
117	118	4.0
118	118	7.0
118	119	1.0
119	119	2.0
120	120	5.0
121	121	7.0
122	122	6.0
122	123	1.0
123	123	8.0
124	124	6.0
125	125	6.0
125	126	2.0
125	130	1.0
125	132	2.0
126	126	4.0
126	131	1.0
127	127	5.0
127	128	1.0
127	129	1.0
127	130	1.0
128	128	4.0
128	129	1.0
128	130	1.0
129	129	3.0
129	130	1.0
130	130	4.0
130	131	2.0
130	132	1.0
131	131	4.0
131	132	3.0
132	132	6.0
133	133	1.0
0	0	2.0
