1	1	5.0
1	8	1.0
1	9	1.0
1	12	1.0
2	2	2.0
2	4	1.0
2	5	1.0
2	31	1.0
2	38	1.0
3	3	4.0
3	4	1.0
4	4	5.0
4	5	1.0
5	6	2.0
6	6	3.0
7	20	1.0
8	8	4.0
8	37	1.0
8	61	1.0
9	9	5.0
9	10	1.0
10	10	4.0
10	31	1.0
11	11	1.0
11	31	1.0
12	12	4.0
12	13	2.0
12	35	1.0
13	13	2.0
13	41	1.0
13	64	1.0
18	18	1.0
18	33	1.0
19	19	2.0
19	24	1.0
19	33	1.0
20	20	3.0
20	21	1.0
20	22	1.0
20	25	1.0
20	52	1.0
20	72	1.0
21	21	6.0
21	22	1.0
21	34	1.0
21	57	1.0
22	22	1.0
22	27	1.0
23	23	2.0
23	43	1.0
25	25	2.0
25	34	1.0
25	42	1.0
26	26	2.0
26	62	1.0
26	63	1.0
27	28	1.0
27	63	1.0
28	28	4.0
28	50	1.0
29	29	7.0
29	34	1.0
29	46	1.0
30	30	3.0
30	31	1.0
30	33	1.0
30	40	1.0
31	31	2.0
31	32	1.0
32	41	1.0
33	33	3.0
33	34	1.0
33	36	1.0
33	42	1.0
33	44	1.0
34	34	3.0
34	35	2.0
34	39	2.0
35	35	4.0
35	37	1.0
35	39	1.0
36	36	2.0
36	69	1.0
37	37	3.0
37	38	1.0
38	38	3.0
38	41	1.0
38	55	1.0
39	39	2.0
39	41	1.0
40	40	1.0
40	41	1.0
40	49	1.0
40	63	1.0
41	42	3.0
41	43	1.0
42	42	3.0
42	43	1.0
43	43	3.0
43	45	1.0
44	44	1.0
44	45	1.0
44	48	1.0
45	45	2.0
46	46	6.0
46	47	1.0
47	47	4.0
47	48	1.0
47	49	1.0
47	58	1.0
48	48	5.0
48	49	1.0
48	65	1.0
49	49	1.0
49	50	3.0
50	51	2.0
50	75	1.0
51	58	1.0
51	67	1.0
51	74	1.0
52	52	3.0
52	53	1.0
53	53	5.0
54	54	3.0
55	55	3.0
55	56	2.0
56	56	3.0
57	57	3.0
57	58	1.0
57	73	1.0
57	75	1.0
58	58	4.0
58	60	1.0
58	61	1.0
59	59	5.0
59	66	1.0
60	60	3.0
60	61	1.0
60	69	1.0
61	61	3.0
61	64	1.0
62	62	3.0
63	63	2.0
63	64	2.0
64	64	3.0
64	67	1.0
65	66	2.0
65	75	1.0
66	66	2.0
67	67	1.0
68	68	1.0
68	71	1.0
68	73	2.0
68	74	1.0
68	77	1.0
69	70	1.0
70	70	3.0
70	71	1.0
71	72	1.0
71	73	1.0
72	73	5.0
73	73	4.0
73	75	1.0
74	74	2.0
77	77	3.0
77	78	1.0
0	1	1.0
0	9	1.0
0	14	1.0
0	0	1.0
