1	1	16.0
1	2	4.0
1	3	1.0
1	10	1.0
1	25	1.0
2	2	30.0
2	3	5.0
2	4	1.0
2	12	1.0
2	20	2.0
2	26	1.0
2	40	1.0
2	41	1.0
3	3	14.0
3	4	2.0
3	6	2.0
3	9	1.0
3	10	1.0
3	11	1.0
3	40	1.0
4	4	12.0
4	5	2.0
4	6	1.0
4	7	1.0
4	8	1.0
4	12	1.0
4	17	1.0
4	48	1.0
5	5	5.0
5	6	6.0
5	10	1.0
5	19	1.0
5	22	1.0
6	6	14.0
6	7	1.0
6	8	1.0
6	10	1.0
6	15	1.0
6	17	1.0
6	40	1.0
6	126	1.0
7	7	7.0
7	8	6.0
7	10	1.0
7	12	1.0
8	8	12.0
8	10	2.0
8	12	1.0
8	184	1.0
9	9	3.0
9	10	3.0
9	13	1.0
9	32	1.0
9	34	2.0
9	131	1.0
10	10	15.0
10	13	1.0
10	16	1.0
10	27	1.0
10	77	1.0
11	11	12.0
11	12	2.0
11	13	1.0
11	22	1.0
11	23	1.0
11	27	1.0
11	75	1.0
11	182	1.0
12	12	9.0
12	13	7.0
12	14	1.0
12	15	1.0
12	25	1.0
13	13	9.0
13	14	1.0
13	15	4.0
13	16	2.0
13	18	1.0
13	27	1.0
13	35	1.0
13	45	1.0
13	55	1.0
14	14	9.0
14	15	5.0
14	19	1.0
14	21	1.0
14	32	1.0
14	55	2.0
14	147	1.0
15	15	5.0
15	16	6.0
15	17	2.0
15	23	1.0
15	26	1.0
15	29	1.0
16	16	20.0
16	17	6.0
16	20	1.0
16	24	1.0
16	25	1.0
16	46	1.0
16	47	5.0
16	48	1.0
17	17	12.0
17	18	1.0
17	34	1.0
17	38	1.0
17	39	1.0
17	40	1.0
17	45	2.0
17	46	1.0
18	18	5.0
18	19	1.0
18	20	2.0
18	21	1.0
18	28	1.0
19	19	7.0
19	20	2.0
19	23	1.0
19	24	1.0
19	47	2.0
19	48	1.0
20	20	11.0
20	21	5.0
20	22	2.0
20	23	2.0
20	25	2.0
20	39	1.0
20	41	1.0
20	42	1.0
20	48	1.0
20	77	1.0
20	125	1.0
21	21	5.0
21	22	2.0
21	23	1.0
21	24	2.0
21	44	1.0
21	78	1.0
22	22	8.0
22	23	4.0
22	24	3.0
22	32	1.0
22	37	1.0
22	42	1.0
23	23	2.0
23	24	2.0
23	25	1.0
23	36	1.0
23	37	2.0
23	38	2.0
23	47	1.0
23	116	1.0
24	24	22.0
24	25	9.0
24	26	1.0
24	27	1.0
24	36	2.0
24	37	2.0
24	40	2.0
24	57	1.0
24	78	1.0
24	83	1.0
24	116	1.0
24	117	1.0
25	25	9.0
25	26	6.0
25	27	1.0
25	28	2.0
25	30	1.0
25	31	1.0
25	32	1.0
25	38	1.0
25	39	1.0
25	40	1.0
25	41	1.0
25	42	2.0
25	48	1.0
25	76	1.0
25	77	1.0
25	79	1.0
25	118	1.0
26	26	15.0
26	27	3.0
26	38	1.0
26	41	1.0
26	42	1.0
26	79	2.0
26	82	1.0
27	27	10.0
27	28	3.0
27	31	1.0
27	33	1.0
27	34	1.0
27	37	1.0
27	39	1.0
27	46	1.0
28	28	9.0
28	29	2.0
28	30	1.0
28	31	1.0
28	32	2.0
28	33	1.0
28	36	1.0
28	125	1.0
29	29	3.0
29	30	5.0
29	31	2.0
30	30	6.0
30	31	3.0
30	32	1.0
30	46	1.0
30	94	1.0
30	134	1.0
30	160	1.0
31	31	6.0
31	32	2.0
31	46	1.0
31	48	1.0
32	32	4.0
32	33	2.0
32	34	1.0
32	38	1.0
32	39	1.0
33	33	9.0
33	34	1.0
33	35	3.0
33	36	1.0
33	39	1.0
33	42	1.0
33	48	1.0
34	34	7.0
34	35	4.0
34	47	1.0
34	48	1.0
35	35	9.0
35	36	1.0
36	36	7.0
36	37	3.0
36	73	1.0
36	74	1.0
36	108	1.0
36	140	1.0
37	37	14.0
37	38	2.0
37	40	2.0
37	43	1.0
37	53	1.0
37	55	1.0
37	57	1.0
37	108	1.0
37	111	1.0
38	38	9.0
38	40	4.0
38	41	1.0
38	47	1.0
39	39	17.0
39	40	4.0
39	41	1.0
39	128	1.0
39	129	1.0
40	40	18.0
40	41	2.0
40	42	1.0
40	46	1.0
40	109	1.0
41	41	20.0
41	42	4.0
41	43	1.0
41	75	1.0
41	109	1.0
42	42	8.0
42	46	2.0
42	48	2.0
42	70	1.0
42	71	1.0
42	76	1.0
42	125	2.0
43	43	10.0
43	44	6.0
43	48	1.0
43	53	1.0
43	54	1.0
43	72	1.0
43	175	1.0
44	44	11.0
44	45	2.0
44	47	1.0
44	55	2.0
44	174	1.0
45	45	6.0
45	46	1.0
45	55	1.0
46	46	9.0
46	47	1.0
46	48	1.0
46	58	1.0
47	47	9.0
47	48	2.0
47	76	1.0
47	166	1.0
48	48	14.0
48	49	1.0
48	54	1.0
48	60	1.0
48	156	1.0
52	52	2.0
52	53	2.0
52	56	1.0
52	59	1.0
52	68	1.0
52	71	1.0
52	75	2.0
53	53	10.0
53	55	4.0
53	57	1.0
53	62	1.0
53	84	1.0
53	88	1.0
54	54	11.0
54	55	4.0
54	56	1.0
54	62	1.0
54	126	1.0
54	127	1.0
54	134	1.0
55	55	20.0
55	56	4.0
55	58	1.0
55	67	3.0
55	68	1.0
55	70	1.0
55	75	1.0
56	56	17.0
56	57	2.0
56	58	1.0
56	60	1.0
56	61	1.0
56	62	1.0
56	66	1.0
56	85	1.0
56	118	1.0
57	57	15.0
57	58	3.0
57	61	1.0
57	62	3.0
57	92	1.0
58	58	7.0
58	59	7.0
58	60	1.0
58	71	1.0
58	128	1.0
59	59	4.0
59	60	1.0
59	76	1.0
59	80	1.0
60	60	10.0
60	61	1.0
60	65	2.0
60	80	1.0
61	61	5.0
61	62	3.0
61	63	2.0
61	64	1.0
61	65	1.0
61	78	1.0
61	160	3.0
62	62	13.0
62	63	4.0
62	64	1.0
62	65	1.0
62	145	1.0
62	160	1.0
63	63	7.0
63	64	5.0
63	65	1.0
63	67	1.0
63	85	1.0
63	148	1.0
64	64	6.0
65	65	4.0
65	66	1.0
65	67	1.0
66	66	3.0
66	67	1.0
67	67	9.0
67	68	1.0
67	70	1.0
68	68	8.0
68	70	1.0
69	69	1.0
69	71	1.0
69	72	1.0
70	70	5.0
70	71	3.0
70	73	2.0
70	74	3.0
71	71	9.0
71	72	2.0
71	73	1.0
71	85	1.0
71	140	1.0
72	72	7.0
72	73	1.0
72	74	1.0
72	79	1.0
73	73	9.0
73	74	1.0
73	78	1.0
73	96	1.0
73	121	1.0
74	74	9.0
74	75	1.0
74	78	2.0
74	99	1.0
74	130	1.0
74	150	1.0
75	75	11.0
75	76	2.0
75	77	2.0
76	76	17.0
76	77	4.0
76	78	1.0
76	81	1.0
76	83	1.0
76	89	1.0
76	91	1.0
77	77	10.0
77	78	5.0
77	80	1.0
77	81	1.0
77	89	1.0
77	90	1.0
77	129	1.0
77	189	1.0
78	78	15.0
78	79	3.0
78	80	1.0
78	83	1.0
78	87	1.0
78	88	1.0
78	107	1.0
78	111	1.0
79	79	11.0
79	80	2.0
79	81	1.0
79	82	2.0
79	89	1.0
79	186	1.0
80	80	10.0
80	81	2.0
80	83	1.0
80	84	1.0
81	81	10.0
81	83	1.0
81	84	2.0
81	99	1.0
82	82	7.0
82	83	2.0
82	84	1.0
82	86	1.0
82	87	1.0
82	91	1.0
82	92	1.0
82	109	1.0
82	139	3.0
82	166	1.0
82	189	1.0
83	83	16.0
83	84	5.0
83	85	3.0
83	87	1.0
83	116	1.0
83	138	1.0
83	188	1.0
83	190	1.0
84	84	14.0
84	85	6.0
84	86	1.0
84	89	2.0
84	186	1.0
85	85	10.0
85	86	2.0
85	89	1.0
85	94	2.0
85	113	1.0
85	132	1.0
86	86	8.0
86	87	1.0
86	103	1.0
86	105	1.0
87	87	14.0
87	88	2.0
87	90	1.0
87	91	1.0
87	95	1.0
87	99	1.0
87	108	1.0
87	138	1.0
88	88	8.0
88	89	3.0
88	99	1.0
88	114	1.0
88	146	1.0
88	149	1.0
89	89	14.0
89	90	3.0
89	103	1.0
89	118	1.0
89	119	1.0
89	140	2.0
89	150	1.0
89	181	1.0
89	186	1.0
90	90	14.0
90	91	3.0
90	94	2.0
90	95	1.0
90	96	1.0
90	99	1.0
90	113	1.0
90	137	1.0
90	151	1.0
90	189	1.0
91	91	8.0
91	93	1.0
91	94	2.0
91	96	1.0
91	97	1.0
91	99	2.0
91	100	2.0
91	109	1.0
91	110	1.0
91	115	1.0
91	116	1.0
91	125	1.0
91	157	1.0
92	92	6.0
92	93	5.0
92	94	2.0
92	130	1.0
92	131	1.0
92	150	1.0
93	93	7.0
93	94	1.0
93	97	1.0
93	100	2.0
93	139	1.0
94	94	8.0
94	95	3.0
94	96	2.0
94	97	2.0
94	105	1.0
94	109	1.0
95	95	13.0
95	96	1.0
95	100	1.0
95	101	1.0
95	125	1.0
95	181	1.0
95	183	1.0
96	96	8.0
96	97	1.0
96	98	1.0
96	99	4.0
96	100	1.0
96	165	1.0
97	97	14.0
97	100	3.0
97	101	1.0
97	102	1.0
97	106	1.0
97	107	1.0
98	98	8.0
98	102	1.0
98	121	1.0
99	99	8.0
99	100	4.0
99	102	1.0
99	107	1.0
99	154	1.0
99	173	1.0
100	100	13.0
100	101	3.0
100	105	1.0
101	101	13.0
101	102	6.0
101	109	1.0
101	125	1.0
102	102	8.0
102	103	3.0
103	103	17.0
103	104	4.0
103	106	2.0
103	107	1.0
104	104	4.0
104	105	2.0
104	122	2.0
105	105	13.0
105	106	2.0
105	108	1.0
105	109	1.0
105	122	1.0
106	106	17.0
106	107	2.0
106	108	1.0
106	109	2.0
106	111	1.0
106	112	2.0
106	117	1.0
106	123	1.0
106	133	1.0
106	139	1.0
107	107	8.0
107	108	5.0
107	109	2.0
107	123	1.0
108	108	13.0
108	109	3.0
108	112	1.0
108	131	2.0
109	109	17.0
109	110	4.0
109	111	2.0
109	120	1.0
109	122	1.0
110	110	12.0
110	111	1.0
110	112	1.0
110	113	1.0
110	119	1.0
110	169	1.0
110	170	1.0
111	111	7.0
111	112	2.0
111	113	1.0
111	118	1.0
111	129	1.0
111	131	1.0
111	146	1.0
112	112	5.0
112	114	2.0
112	117	1.0
112	120	1.0
112	131	2.0
112	144	1.0
113	113	9.0
113	114	1.0
113	117	1.0
113	119	1.0
113	120	1.0
113	130	1.0
113	141	1.0
113	144	1.0
113	149	1.0
113	164	1.0
114	114	5.0
114	115	3.0
114	119	1.0
114	120	1.0
114	135	2.0
114	136	1.0
114	145	1.0
114	146	1.0
115	115	10.0
115	116	1.0
115	117	4.0
115	118	1.0
115	119	3.0
115	120	1.0
115	123	1.0
115	136	1.0
115	137	2.0
116	116	7.0
116	121	1.0
117	117	4.0
117	118	1.0
117	129	1.0
117	137	1.0
118	118	9.0
118	137	1.0
119	119	7.0
119	120	3.0
119	138	1.0
119	159	2.0
120	120	8.0
120	121	1.0
120	122	1.0
120	130	1.0
121	121	7.0
121	122	3.0
122	122	5.0
122	123	6.0
122	126	2.0
122	135	1.0
123	123	21.0
123	124	3.0
123	125	2.0
123	126	1.0
123	131	1.0
123	134	1.0
123	162	1.0
124	124	9.0
124	125	2.0
124	126	2.0
124	127	1.0
124	128	1.0
124	134	1.0
124	139	1.0
124	141	2.0
125	125	12.0
125	126	5.0
125	130	1.0
126	126	14.0
126	127	2.0
126	129	1.0
126	140	1.0
127	127	10.0
127	128	2.0
127	129	2.0
127	151	1.0
128	128	16.0
128	129	1.0
128	130	1.0
128	144	1.0
128	157	1.0
129	129	16.0
129	130	3.0
129	134	1.0
129	148	1.0
129	173	1.0
129	181	1.0
130	130	10.0
130	131	5.0
130	133	1.0
130	146	1.0
130	190	1.0
131	131	6.0
131	136	1.0
131	146	1.0
131	165	1.0
132	132	2.0
132	133	2.0
132	142	1.0
133	133	5.0
133	142	1.0
134	134	8.0
134	135	2.0
134	136	1.0
134	138	1.0
135	135	7.0
135	136	4.0
135	137	2.0
135	138	1.0
135	139	1.0
135	142	1.0
135	143	1.0
135	147	1.0
135	149	1.0
136	136	3.0
136	137	2.0
136	139	2.0
136	146	1.0
137	137	10.0
137	138	4.0
137	139	2.0
137	149	1.0
138	138	7.0
138	139	4.0
139	139	18.0
139	140	4.0
140	140	20.0
140	141	8.0
140	149	1.0
140	151	2.0
140	157	1.0
140	172	1.0
140	178	1.0
141	141	12.0
141	142	2.0
141	143	1.0
141	147	2.0
141	171	1.0
141	179	1.0
141	180	1.0
142	142	15.0
142	143	4.0
142	144	1.0
142	146	1.0
142	148	1.0
143	143	9.0
143	144	4.0
143	146	1.0
143	149	2.0
144	144	8.0
144	145	1.0
144	148	1.0
144	167	1.0
145	145	9.0
145	146	5.0
145	147	1.0
145	148	1.0
146	146	11.0
146	147	1.0
146	169	1.0
147	147	10.0
147	148	2.0
147	150	1.0
147	176	1.0
148	148	7.0
148	149	6.0
148	150	5.0
148	151	2.0
148	166	1.0
148	172	1.0
149	149	14.0
149	150	2.0
149	151	1.0
149	165	1.0
149	168	1.0
149	169	2.0
150	150	7.0
150	151	3.0
150	167	1.0
151	151	14.0
151	152	1.0
151	153	1.0
151	154	1.0
151	164	1.0
151	165	1.0
151	166	1.0
151	169	1.0
151	171	1.0
151	182	1.0
152	152	20.0
152	153	8.0
152	154	2.0
152	155	1.0
152	158	1.0
152	164	1.0
152	165	1.0
152	181	2.0
152	182	1.0
152	183	1.0
152	187	1.0
153	153	9.0
153	154	6.0
153	155	1.0
153	159	2.0
153	163	1.0
153	166	1.0
153	183	1.0
153	185	1.0
153	190	2.0
154	154	9.0
154	155	2.0
154	158	1.0
154	159	3.0
154	162	1.0
154	176	1.0
155	155	14.0
155	156	4.0
155	162	2.0
155	174	2.0
155	177	1.0
156	156	10.0
156	157	1.0
156	159	2.0
156	171	1.0
156	175	1.0
156	177	1.0
157	157	16.0
157	158	7.0
157	160	1.0
157	173	1.0
157	174	1.0
158	158	12.0
158	159	1.0
158	160	1.0
159	159	8.0
159	160	5.0
159	185	1.0
160	160	8.0
160	161	2.0
160	164	1.0
160	165	1.0
160	171	1.0
161	161	9.0
161	162	2.0
161	163	1.0
162	162	5.0
162	163	3.0
162	177	1.0
163	163	5.0
163	164	2.0
163	169	1.0
163	171	1.0
164	164	9.0
164	165	7.0
164	168	1.0
165	165	13.0
165	166	1.0
165	167	1.0
165	169	1.0
166	166	13.0
166	167	3.0
166	168	1.0
166	169	1.0
167	167	3.0
167	168	1.0
167	169	1.0
167	170	1.0
168	168	8.0
168	169	3.0
168	181	1.0
169	169	12.0
169	170	2.0
169	171	2.0
169	181	2.0
169	188	1.0
170	170	9.0
170	172	1.0
170	174	1.0
170	175	2.0
170	179	1.0
170	180	1.0
171	171	8.0
171	172	1.0
171	173	4.0
171	175	1.0
172	172	4.0
172	173	1.0
172	174	1.0
172	176	1.0
172	185	2.0
172	189	1.0
173	173	7.0
173	174	1.0
173	175	1.0
173	182	2.0
174	174	5.0
174	175	2.0
174	176	1.0
174	185	1.0
175	175	6.0
175	176	3.0
175	184	1.0
175	185	2.0
175	187	1.0
176	176	10.0
176	177	6.0
176	178	2.0
176	179	1.0
176	184	1.0
177	177	15.0
177	178	3.0
177	179	1.0
177	181	1.0
178	178	9.0
178	179	4.0
178	180	3.0
179	179	5.0
179	180	1.0
179	181	1.0
180	180	12.0
180	181	2.0
181	181	11.0
181	182	5.0
181	183	1.0
181	184	1.0
181	189	2.0
182	182	11.0
182	183	8.0
182	184	1.0
183	183	13.0
183	184	4.0
184	184	15.0
184	185	5.0
184	186	2.0
184	187	1.0
184	188	1.0
185	185	14.0
185	186	5.0
186	186	5.0
186	187	2.0
186	188	1.0
187	187	12.0
187	190	2.0
188	188	5.0
188	189	2.0
188	190	2.0
189	189	8.0
189	190	1.0
190	190	8.0
0	1	7.0
0	2	1.0
0	5	2.0
0	7	1.0
0	14	1.0
0	17	1.0
0	36	1.0
0	42	2.0
0	48	1.0
0	182	1.0
0	0	8.0
