1	1	4.0
1	32	1.0
2	2	6.0
2	31	1.0
2	32	2.0
3	3	6.0
3	11	1.0
3	19	1.0
4	4	4.0
5	5	2.0
5	6	2.0
5	71	2.0
5	72	1.0
5	75	1.0
6	6	7.0
6	76	1.0
6	82	1.0
7	7	4.0
8	8	2.0
8	12	1.0
9	9	1.0
9	10	2.0
9	100	1.0
10	10	1.0
10	11	1.0
11	11	3.0
11	12	1.0
12	12	5.0
12	13	2.0
13	13	4.0
13	14	2.0
14	14	1.0
14	15	1.0
15	15	5.0
15	16	2.0
15	72	1.0
16	16	3.0
16	84	1.0
17	17	4.0
17	18	1.0
18	18	3.0
18	19	7.0
21	21	2.0
22	22	3.0
22	23	2.0
22	24	1.0
23	23	5.0
23	24	2.0
23	25	1.0
24	24	2.0
24	25	1.0
25	25	4.0
25	27	1.0
25	28	1.0
26	27	1.0
27	27	3.0
28	28	4.0
29	29	5.0
29	34	1.0
30	30	5.0
31	31	4.0
32	32	4.0
32	80	2.0
33	33	4.0
34	34	2.0
34	38	1.0
38	38	3.0
38	39	1.0
38	86	1.0
39	39	4.0
40	40	4.0
40	44	1.0
41	41	1.0
41	42	1.0
42	42	1.0
42	43	2.0
43	43	6.0
43	44	1.0
43	49	1.0
43	94	1.0
44	44	1.0
44	45	3.0
44	92	1.0
45	45	3.0
45	46	1.0
45	88	1.0
45	99	2.0
46	46	5.0
46	47	1.0
46	48	1.0
46	49	2.0
46	99	1.0
47	47	1.0
48	48	1.0
48	49	1.0
48	98	1.0
49	49	8.0
49	50	1.0
50	50	6.0
50	51	2.0
50	52	1.0
51	51	2.0
52	52	3.0
52	53	3.0
53	53	1.0
53	54	1.0
54	54	9.0
54	56	1.0
54	64	1.0
55	55	4.0
55	56	1.0
56	56	2.0
57	57	8.0
57	58	4.0
58	58	5.0
58	59	1.0
59	61	1.0
59	68	1.0
59	101	2.0
60	60	1.0
60	61	1.0
60	62	3.0
60	63	1.0
60	64	1.0
61	61	2.0
62	62	3.0
62	77	1.0
62	101	2.0
62	102	2.0
63	63	1.0
63	64	1.0
63	101	2.0
64	64	4.0
64	65	3.0
66	67	3.0
66	68	1.0
67	67	2.0
67	68	1.0
68	68	6.0
68	69	1.0
69	69	2.0
70	70	4.0
70	71	1.0
70	78	1.0
71	71	6.0
71	72	1.0
72	72	4.0
72	73	3.0
73	73	1.0
74	74	1.0
75	75	2.0
75	76	1.0
76	76	5.0
77	77	3.0
77	78	1.0
77	82	1.0
77	87	1.0
78	78	3.0
78	79	1.0
78	82	2.0
79	79	4.0
79	80	1.0
79	81	2.0
80	80	2.0
80	81	1.0
81	81	4.0
81	82	1.0
81	86	1.0
81	87	1.0
82	82	3.0
83	83	4.0
83	85	1.0
84	84	4.0
85	85	1.0
86	86	2.0
87	87	1.0
88	89	1.0
89	89	2.0
90	90	2.0
90	92	1.0
91	91	3.0
91	92	1.0
92	92	5.0
92	93	1.0
93	93	5.0
94	94	8.0
94	95	1.0
95	95	4.0
95	96	2.0
95	101	1.0
96	96	3.0
96	104	1.0
97	97	4.0
97	98	4.0
98	98	2.0
98	99	1.0
99	99	4.0
99	100	2.0
100	100	2.0
100	101	1.0
101	101	4.0
101	104	1.0
102	102	4.0
103	103	5.0
103	105	1.0
104	104	2.0
104	105	1.0
105	105	7.0
105	106	1.0
106	106	6.0
106	107	1.0
106	108	1.0
106	109	1.0
106	114	2.0
107	107	3.0
107	108	3.0
107	115	1.0
108	108	6.0
108	130	1.0
109	109	7.0
109	125	1.0
110	110	4.0
111	111	5.0
111	112	2.0
111	114	1.0
112	112	4.0
112	113	4.0
112	116	1.0
113	113	7.0
113	114	1.0
114	114	5.0
114	119	1.0
115	115	3.0
115	116	4.0
115	125	1.0
116	116	3.0
116	117	3.0
117	117	4.0
118	118	2.0
118	119	1.0
118	120	2.0
119	119	4.0
120	120	7.0
120	121	2.0
121	121	9.0
121	122	1.0
122	122	2.0
122	123	3.0
123	123	6.0
123	124	2.0
124	124	5.0
124	125	1.0
125	125	6.0
126	126	3.0
126	127	1.0
127	127	3.0
128	128	3.0
128	129	1.0
129	129	1.0
129	130	1.0
130	131	1.0
131	131	3.0
131	132	1.0
132	132	6.0
132	133	1.0
133	133	1.0
0	1	1.0
0	0	5.0
