1	1	7.0
2	2	7.0
2	3	1.0
2	5	1.0
2	6	2.0
3	3	6.0
3	4	1.0
3	5	1.0
4	4	9.0
4	5	1.0
5	5	4.0
5	6	1.0
6	6	3.0
7	7	5.0
8	8	6.0
8	9	2.0
8	46	1.0
8	47	1.0
9	9	3.0
10	10	7.0
10	11	2.0
11	11	8.0
11	12	3.0
12	12	3.0
12	13	1.0
13	13	9.0
13	14	1.0
13	18	1.0
13	35	2.0
14	14	12.0
14	16	1.0
14	34	1.0
15	15	5.0
16	16	2.0
16	17	2.0
17	17	10.0
17	18	1.0
18	18	10.0
18	19	1.0
19	19	10.0
19	20	1.0
19	48	1.0
20	20	3.0
21	22	1.0
22	22	3.0
23	23	2.0
24	24	1.0
28	28	1.0
29	29	2.0
29	30	1.0
30	30	4.0
30	32	1.0
31	31	3.0
31	32	1.0
32	32	2.0
32	33	2.0
33	33	5.0
34	34	4.0
34	35	2.0
34	36	1.0
35	35	6.0
36	36	4.0
36	37	2.0
36	51	1.0
37	37	1.0
37	38	4.0
38	38	4.0
38	44	1.0
38	45	1.0
39	39	6.0
39	41	1.0
40	40	6.0
40	41	2.0
41	41	3.0
42	42	7.0
42	43	1.0
43	43	1.0
44	44	4.0
45	45	5.0
45	46	1.0
46	46	3.0
46	47	1.0
47	47	6.0
48	48	7.0
49	49	7.0
50	50	10.0
51	51	5.0
52	52	2.0
52	54	2.0
53	53	2.0
54	54	4.0
55	55	5.0
55	56	1.0
56	56	2.0
56	59	1.0
57	57	6.0
57	58	1.0
58	58	5.0
59	59	1.0
0	58	1.0
0	0	2.0
