1	1	3.0
2	2	3.0
2	42	1.0
3	3	4.0
4	4	4.0
4	5	1.0
5	5	5.0
5	6	1.0
5	8	1.0
6	6	1.0
6	7	1.0
6	12	2.0
7	7	6.0
8	8	3.0
9	9	2.0
9	10	1.0
9	11	2.0
10	12	1.0
11	11	4.0
11	12	1.0
12	12	1.0
13	13	2.0
13	16	1.0
13	45	1.0
14	14	5.0
14	15	2.0
15	15	6.0
15	43	1.0
16	16	3.0
17	17	5.0
17	22	1.0
18	18	3.0
18	24	1.0
18	25	2.0
19	19	1.0
19	23	2.0
20	20	6.0
20	22	1.0
20	23	2.0
20	26	1.0
22	22	4.0
22	23	1.0
23	23	2.0
23	24	1.0
24	54	2.0
25	25	3.0
26	26	4.0
26	80	1.0
26	105	1.0
27	27	2.0
27	28	1.0
27	130	2.0
28	28	1.0
33	33	1.0
34	34	4.0
34	35	1.0
34	157	1.0
35	35	2.0
35	36	1.0
36	36	4.0
37	37	4.0
37	38	2.0
38	38	1.0
39	39	5.0
39	40	1.0
40	40	4.0
41	41	3.0
42	42	4.0
42	43	1.0
43	43	5.0
43	107	1.0
43	111	1.0
44	44	5.0
44	45	1.0
45	45	3.0
46	47	1.0
48	48	1.0
48	56	1.0
48	58	1.0
49	49	1.0
50	50	1.0
50	56	1.0
51	52	1.0
51	56	1.0
52	52	1.0
52	53	1.0
53	53	5.0
53	54	2.0
53	55	1.0
54	54	5.0
55	55	3.0
55	76	1.0
55	77	1.0
56	56	2.0
56	57	2.0
57	57	1.0
57	61	1.0
58	58	2.0
62	62	2.0
63	64	1.0
64	64	3.0
64	65	3.0
65	65	5.0
65	66	1.0
66	66	1.0
66	68	1.0
67	67	1.0
68	68	1.0
69	69	3.0
69	71	1.0
70	70	2.0
70	71	1.0
70	146	1.0
71	71	2.0
71	72	2.0
71	83	1.0
71	108	1.0
72	72	3.0
72	82	1.0
73	73	3.0
73	74	2.0
74	74	2.0
75	75	2.0
75	76	1.0
76	76	2.0
76	77	1.0
76	81	1.0
77	78	2.0
78	79	3.0
79	79	1.0
79	80	4.0
80	80	3.0
80	81	1.0
80	105	1.0
81	81	2.0
81	82	8.0
82	82	3.0
82	84	1.0
83	83	6.0
83	85	1.0
83	105	1.0
84	84	4.0
84	85	1.0
84	87	1.0
84	107	1.0
84	108	1.0
85	85	4.0
85	87	3.0
86	86	1.0
86	87	2.0
87	87	3.0
88	88	8.0
88	89	1.0
88	163	2.0
89	89	3.0
89	165	1.0
89	166	1.0
89	167	1.0
90	90	4.0
91	91	2.0
91	92	1.0
92	92	5.0
92	93	2.0
92	143	1.0
94	94	2.0
94	146	1.0
95	95	1.0
96	96	1.0
96	97	5.0
96	147	1.0
97	97	2.0
97	98	2.0
98	98	3.0
98	99	1.0
99	99	2.0
99	100	1.0
100	100	2.0
100	101	1.0
101	101	2.0
101	102	3.0
101	103	1.0
102	102	1.0
103	104	1.0
104	104	1.0
105	105	2.0
106	106	2.0
106	136	2.0
107	107	1.0
107	108	2.0
107	137	1.0
107	138	1.0
107	139	1.0
108	108	2.0
108	109	1.0
109	109	1.0
110	110	3.0
110	138	1.0
111	111	3.0
111	113	1.0
112	112	2.0
112	114	2.0
113	113	1.0
113	114	1.0
114	114	2.0
114	141	1.0
115	115	2.0
116	116	3.0
116	165	1.0
117	117	2.0
117	155	1.0
117	160	1.0
118	118	4.0
119	119	4.0
119	155	1.0
119	156	1.0
120	120	4.0
120	122	2.0
120	132	1.0
121	121	1.0
121	122	3.0
121	154	1.0
122	122	1.0
122	123	2.0
123	123	2.0
123	124	1.0
124	124	2.0
125	125	4.0
125	126	1.0
126	126	4.0
126	127	2.0
126	131	1.0
127	130	1.0
128	128	6.0
128	129	1.0
129	129	1.0
130	130	1.0
131	131	3.0
131	132	1.0
132	132	3.0
133	133	3.0
134	134	3.0
134	160	1.0
135	135	1.0
135	136	1.0
137	137	2.0
137	138	1.0
138	138	4.0
138	139	1.0
138	144	1.0
139	139	1.0
139	140	1.0
139	141	2.0
140	140	1.0
140	141	1.0
141	141	2.0
142	142	1.0
143	143	2.0
144	144	4.0
144	145	1.0
145	145	6.0
146	146	4.0
147	147	1.0
148	148	6.0
148	149	1.0
148	153	1.0
149	149	2.0
150	150	3.0
151	151	2.0
151	152	2.0
151	164	1.0
153	153	5.0
153	154	1.0
154	154	4.0
155	155	4.0
155	157	1.0
155	158	1.0
156	156	2.0
156	157	4.0
157	157	2.0
157	159	1.0
158	158	4.0
158	164	1.0
160	160	1.0
160	161	1.0
161	161	3.0
162	162	3.0
162	163	1.0
163	163	5.0
163	164	1.0
164	164	1.0
164	165	1.0
164	166	1.0
165	165	1.0
165	166	1.0
166	166	4.0
166	167	2.0
167	167	4.0
167	168	1.0
168	168	2.0
169	169	3.0
169	170	1.0
170	170	3.0
0	1	1.0
0	0	3.0
