1	1	6.0
1	2	2.0
1	19	1.0
1	112	1.0
2	2	3.0
2	3	3.0
3	3	5.0
3	20	2.0
3	21	1.0
3	22	1.0
3	23	1.0
4	4	8.0
4	5	2.0
4	25	1.0
5	5	8.0
5	10	1.0
5	12	1.0
5	28	1.0
5	34	1.0
5	117	1.0
6	6	7.0
6	24	1.0
6	26	1.0
7	7	1.0
7	8	1.0
7	11	1.0
7	12	1.0
7	14	1.0
8	8	8.0
8	28	1.0
9	9	5.0
9	10	1.0
9	27	1.0
9	33	1.0
10	10	6.0
11	11	4.0
11	12	2.0
11	30	1.0
12	12	4.0
12	97	1.0
13	13	10.0
13	14	4.0
13	74	1.0
14	14	3.0
14	28	1.0
15	15	4.0
15	18	1.0
15	76	2.0
15	82	1.0
15	122	1.0
16	16	1.0
16	17	1.0
16	18	1.0
16	27	1.0
16	72	1.0
17	17	6.0
17	27	1.0
18	18	2.0
19	19	9.0
20	20	7.0
20	21	2.0
20	22	1.0
21	21	4.0
21	22	1.0
21	23	1.0
21	38	1.0
22	22	2.0
22	24	1.0
22	27	1.0
23	23	1.0
24	24	1.0
24	25	3.0
24	28	1.0
24	30	1.0
24	73	1.0
25	25	4.0
25	26	4.0
25	34	1.0
25	36	1.0
25	79	2.0
25	80	1.0
26	26	3.0
26	79	1.0
27	27	2.0
27	28	1.0
27	29	1.0
27	30	1.0
28	28	1.0
28	29	1.0
29	29	3.0
29	30	3.0
29	78	1.0
29	95	1.0
29	121	1.0
30	30	3.0
30	31	3.0
30	32	1.0
30	80	1.0
31	31	7.0
31	81	1.0
31	123	1.0
32	32	3.0
32	81	1.0
33	33	3.0
33	34	2.0
33	35	1.0
33	36	1.0
33	100	1.0
34	34	9.0
34	35	3.0
34	36	2.0
34	132	1.0
35	35	8.0
35	36	2.0
35	80	1.0
36	36	7.0
36	37	2.0
36	90	1.0
36	96	1.0
37	37	8.0
37	38	1.0
37	79	1.0
38	38	6.0
38	87	1.0
38	126	1.0
38	130	1.0
71	71	6.0
71	72	2.0
71	82	1.0
71	93	1.0
71	125	1.0
72	72	19.0
72	73	2.0
73	73	11.0
73	85	1.0
73	105	1.0
73	124	1.0
73	130	1.0
74	74	3.0
74	75	2.0
74	118	1.0
75	75	10.0
76	76	5.0
76	77	1.0
76	78	1.0
76	81	2.0
76	84	1.0
76	119	1.0
76	120	1.0
77	77	3.0
77	78	2.0
77	79	1.0
78	78	3.0
78	79	1.0
78	80	1.0
79	79	3.0
79	80	3.0
79	123	1.0
80	80	5.0
80	81	1.0
81	81	3.0
81	82	1.0
82	82	3.0
82	83	1.0
83	83	4.0
83	84	1.0
84	84	1.0
84	85	2.0
85	85	5.0
85	87	1.0
85	117	1.0
85	118	1.0
86	86	8.0
86	87	1.0
86	88	1.0
86	118	1.0
87	87	6.0
87	88	1.0
87	89	1.0
87	92	1.0
88	88	5.0
89	89	6.0
89	103	1.0
90	90	4.0
90	91	1.0
90	100	1.0
90	102	1.0
90	103	1.0
91	91	7.0
91	93	2.0
91	94	1.0
92	92	3.0
93	93	4.0
93	94	1.0
93	96	1.0
93	105	1.0
93	107	1.0
94	94	4.0
94	123	1.0
94	132	1.0
95	95	6.0
95	96	1.0
95	110	1.0
95	116	1.0
95	123	1.0
95	128	1.0
95	131	1.0
96	96	1.0
96	115	1.0
97	97	3.0
97	98	1.0
97	114	1.0
97	115	1.0
98	98	8.0
98	99	2.0
98	123	1.0
99	99	5.0
99	100	1.0
100	100	3.0
100	101	1.0
100	113	2.0
101	101	4.0
101	102	1.0
101	112	1.0
102	102	3.0
102	103	1.0
102	114	2.0
103	103	8.0
103	111	1.0
103	114	1.0
104	104	2.0
104	105	2.0
104	111	1.0
105	105	5.0
105	106	1.0
105	107	1.0
106	106	2.0
107	107	1.0
108	108	6.0
108	109	1.0
109	109	3.0
110	110	5.0
110	111	2.0
111	113	1.0
112	112	4.0
112	115	1.0
113	113	4.0
114	114	4.0
114	115	3.0
115	115	9.0
116	116	5.0
117	117	7.0
117	118	1.0
118	118	3.0
119	119	1.0
120	120	5.0
120	121	1.0
120	122	1.0
121	121	3.0
121	122	1.0
122	122	8.0
123	123	14.0
124	124	5.0
124	128	1.0
124	131	1.0
125	125	11.0
125	126	1.0
125	131	1.0
126	126	11.0
126	127	2.0
126	128	1.0
127	127	10.0
127	128	1.0
128	128	8.0
128	129	3.0
129	129	7.0
129	130	1.0
130	130	8.0
130	131	1.0
131	131	12.0
131	132	1.0
132	132	7.0
132	133	1.0
133	133	4.0
134	134	9.0
134	135	2.0
135	135	5.0
135	136	1.0
136	136	4.0
137	137	3.0
138	138	3.0
138	139	2.0
139	139	5.0
140	140	4.0
0	1	2.0
0	2	3.0
0	0	6.0
