bin1    bin2    count
31 31 1
103 103 1
86 86 1
117 117 1
61 61 1
29 43 1
17 17 1
3 3 1
82 82 1
82 82 1
36 37 1
55 110 1
64 64 1
65 65 1
22 22 1
49 49 1
83 83 1
106 106 1
51 51 1
35 35 1
117 117 1
61 61 2
88 88 1
25 25 1
32 32 1
115 115 1
30 43 1
63 63 1
75 75 1
7 7 1
49 49 1
116 116 1
39 39 1
49 49 1
64 64 1
65 65 1
18 18 1
54 54 1
107 107 1
89 89 1
75 76 1
90 112 1
121 121 1
76 76 1
77 77 1
29 29 1
103 106 1
82 82 1
6 6 1
7 8 1
80 80 1
39 39 1
75 75 1
29 29 1
106 106 1
4 4 1
74 74 1
86 86 1
89 89 1
49 49 1
102 102 1
18 18 1
44 44 1
79 79 1
83 83 1
49 49 1
66 66 1
27 27 1
103 117 1
90 91 2
82 82 1
69 69 1
34 34 1
49 50 1
63 63 1
80 80 1
83 83 2
113 113 1
77 77 1
109 109 1
92 92 1
59 59 1
117 117 1
90 90 1
20 20 1
5 5 1
58 59 1
121 121 1
31 31 1
80 80 1
31 31 1
117 117 1
32 32 1
102 102 1
101 101 1
31 31 1
93 106 1
93 94 1
71 71 1
102 102 1
93 93 1
12 12 1
11 11 1
62 62 1
88 88 1
11 11 1
79 79 1
49 49 1
17 41 1
93 93 1
41 42 1
88 88 1
51 51 2
29 29 1
74 74 1
73 73 1
113 113 1
23 23 1
16 16 1
24 24 1
117 117 1
6 6 1
63 63 1
96 96 1
61 62 1
62 62 2
8 8 1
77 77 1
18 18 1
94 94 1
20 21 1
3 3 1
98 98 1
40 41 1
39 40 1
98 98 1
115 115 1
52 52 1
119 119 1
34 34 1
33 34 1
49 49 1
24 25 1
103 103 1
37 37 1
6 6 1
11 11 1
99 99 2
66 66 1
78 78 1
105 105 1
34 34 1
119 119 1
76 76 1
6 6 1
72 73 1
44 44 1
81 81 1
53 53 1
16 16 1
68 78 2
36 36 1
61 61 1
62 62 1
93 93 1
30 30 1
3 3 1
118 118 1
55 55 1
74 75 1
48 48 1
78 78 1
38 38 1
108 108 1
64 64 1
88 107 1
112 112 1
70 70 1
78 78 1
50 50 1
90 90 1
78 78 1
76 76 1
67 67 1
99 99 1
89 89 1
115 115 1
69 69 1
46 49 1
7 8 2
24 24 1
75 75 1
47 47 1
33 33 1
51 51 1
26 26 1
35 35 1
4 4 1
84 118 1
86 86 1
32 32 1
29 29 1
89 89 1
118 118 1
30 30 1
105 106 1
6 6 1
43 43 1
34 34 1
54 54 1
26 26 1
100 100 1
3 3 1
63 63 1
18 18 1
51 51 1
68 68 1
38 38 1
107 107 1
93 93 1
115 115 1
72 72 1
94 94 1
98 98 1
105 105 1
121 121 1
96 97 1
75 75 1
89 89 1
66 66 1
69 69 1
36 36 1
26 26 1
79 79 1
40 40 1
74 74 1
3 3 1
115 115 1
78 79 1
109 109 1
119 120 1
64 64 1
32 32 1
95 95 1
25 26 1
95 95 1
57 57 1
12 12 1
100 100 1
88 88 1
30 30 1
16 16 1
19 19 1
58 58 1
34 34 1
80 80 1
54 54 1
54 54 1
70 70 1
120 120 1
81 82 1
101 102 1
29 29 1
20 44 1
105 105 1
119 119 1
100 100 1
100 102 1
103 103 1
12 12 1
121 121 1
74 74 1
47 48 1
37 37 1
70 70 1
66 66 1
105 105 1
28 28 1
111 111 1
40 40 1
72 72 1
6 6 1
76 76 1
87 88 1
29 29 1
112 112 1
57 57 1
54 54 1
97 97 1
24 66 1
81 82 1
115 115 1
102 102 2
3 3 1
102 102 2
14 14 1
68 68 1
45 52 1
105 105 1
81 93 1
21 21 1
85 85 1
61 61 1
12 12 1
19 19 1
82 93 1
4 4 1
23 24 1
119 119 1
40 40 1
62 63 1
43 43 1
76 76 1
3 3 1
82 82 1
46 46 1
44 44 1
23 24 1
33 33 1
88 88 1
44 44 1
38 38 1
3 3 1
65 67 1
64 64 1
65 67 1
76 76 1
34 35 1
29 29 1
64 64 1
63 63 1
77 77 1
63 63 1
103 103 1
3 3 1
102 102 1
34 34 1
32 32 1
12 12 1
66 66 1
63 63 1
97 97 1
117 117 1
88 88 1
30 30 2
6 6 1
28 28 1
50 51 1
26 26 1
44 44 1
42 42 1
3 3 1
108 108 1
14 14 1
56 56 1
115 115 1
84 84 2
109 115 1
94 99 1
92 92 1
25 35 1
22 23 1
86 86 1
104 105 1
87 114 1
78 78 1
89 89 1
30 50 1
106 107 1
29 29 2
118 118 2
77 77 1
89 89 1
115 115 1
78 78 1
24 24 1
118 119 1
53 53 1
84 84 1
40 40 1
18 18 1
20 20 1
78 78 1
56 56 1
35 36 2
31 31 1
100 100 1
21 52 1
102 102 1
34 34 1
97 97 1
6 6 1
87 87 1
50 50 2
53 53 1
111 111 1
9 9 1
11 11 1
33 33 1
76 76 1
82 82 1
77 77 1
103 103 1
81 81 1
91 91 1
24 24 1
3 3 1
100 100 1
105 105 1
45 45 1
106 106 1
55 55 1
30 30 1
106 106 1
76 77 1
112 112 1
41 41 1
3 3 1
20 20 1
85 85 1
25 57 1
21 21 1
92 92 1
60 61 1
47 47 1
119 119 1
112 112 1
107 107 1
55 55 1
42 43 1
112 112 1
89 89 1
119 119 1
112 112 1
76 76 1
51 51 1
25 25 1
70 70 1
3 3 1
54 54 1
71 71 1
6 6 1
103 103 1
69 69 1
108 108 1
90 91 1
107 107 1
20 20 1
43 43 1
91 91 1
117 117 1
50 50 1
14 15 1
18 18 1
29 29 1
3 70 1
11 11 1
89 89 1
98 98 1
16 16 1
100 100 1
75 75 1
24 24 1
30 30 1
61 61 1
92 92 1
120 120 1
104 104 1
94 94 1
51 51 1
120 120 1
25 25 1
102 102 1
64 64 1
61 61 1
54 54 1
107 109 1
4 4 2
116 116 1
86 86 1
73 73 1
77 77 1
98 98 1
3 3 1
98 98 1
116 116 1
51 51 1
59 59 1
3 3 1
24 24 1
71 71 1
117 117 1
50 50 2
3 3 1
88 88 1
29 29 1
83 83 1
51 51 1
26 46 1
8 8 1
63 63 1
88 88 1
96 96 1
52 52 1
105 105 1
3 3 1
16 16 1
33 33 1
7 7 1
84 84 1
34 34 1
115 115 1
89 89 1
29 42 1
100 100 1
8 9 1
19 19 1
103 103 1
3 3 1
121 121 1
80 80 1
63 63 1
3 3 1
73 73 1
40 40 1
117 117 1
86 86 1
50 50 1
6 6 1
48 53 1
50 50 1
76 76 1
51 51 1
48 48 1
120 120 1
49 50 1
119 119 1
3 3 1
11 27 1
61 61 1
74 74 1
104 104 1
107 107 1
31 31 1
3 3 1
8 8 1
47 47 1
120 120 1
33 33 1
22 23 1
78 78 1
96 97 1
57 57 1
8 8 1
88 88 1
34 34 1
49 49 1
36 36 1
106 106 1
106 106 1
102 102 1
89 89 2
112 112 1
54 54 1
101 101 1
3 3 1
116 116 2
18 18 1
121 121 1
49 49 1
57 57 1
45 45 1
118 118 1
69 69 1
97 97 1
69 69 1
111 111 1
32 32 1
29 29 1
17 17 1
36 36 1
26 26 1
3 3 1
3 3 1
49 49 1
14 14 1
95 95 1
36 36 1
73 73 1
80 112 1
18 19 1
36 36 1
77 77 1
21 21 1
82 121 1
33 33 1
33 45 1
32 45 1
88 88 1
25 25 1
46 46 1
98 98 1
11 11 1
32 33 1
52 52 1
40 40 1
40 40 1
8 11 2
41 41 1
46 46 2
115 115 1
99 99 1
81 110 1
25 25 1
51 51 2
61 61 2
119 119 1
100 100 1
93 93 1
76 76 1
35 35 2
48 48 1
104 104 1
98 98 1
74 75 1
20 20 1
100 100 1
31 32 1
13 14 1
110 110 1
17 17 1
33 33 1
6 6 1
76 76 1
26 26 1
68 68 1
7 7 1
53 53 1
71 71 1
114 114 1
54 54 1
34 43 1
52 52 1
105 105 1
117 117 1
54 54 1
26 26 1
89 89 1
3 3 1
55 55 2
81 92 1
104 104 1
100 100 1
104 104 2
47 47 1
105 105 1
94 94 1
74 74 1
95 95 1
76 76 1
84 84 1
16 16 1
110 110 1
86 87 1
63 63 1
9 11 1
96 96 1
64 64 1
60 60 1
116 117 1
81 81 1
99 99 2
5 5 1
25 25 1
23 23 1
78 78 1
25 25 1
61 62 1
39 39 1
71 71 1
114 114 1
69 69 1
3 3 1
3 3 1
110 111 1
51 51 2
99 99 1
110 110 1
69 69 1
3 3 1
117 117 1
82 83 1
68 68 1
61 61 1
94 101 1
24 24 1
120 120 2
3 3 1
3 3 2
117 117 1
78 78 1
45 45 1
80 113 1
63 63 1
50 51 1
108 108 1
117 118 1
11 11 1
64 70 1
99 99 1
40 40 2
81 82 1
116 116 1
121 121 1
75 75 1
26 26 1
66 66 1
62 62 1
32 32 1
98 98 1
96 96 1
58 58 1
62 62 2
114 114 1
74 74 1
6 6 1
54 54 1
72 73 1
82 82 1
112 112 1
11 11 1
79 79 1
77 77 1
102 102 1
4 4 1
94 94 1
31 31 1
99 99 1
73 73 1
68 68 1
89 89 1
14 14 1
75 75 1
17 17 1
103 103 1
73 73 1
98 98 1
87 87 1
68 68 2
105 105 1
52 52 2
52 52 1
77 77 1
4 4 1
98 98 1
73 74 1
76 76 1
88 88 1
27 27 1
11 11 1
114 114 1
44 44 1
89 89 1
109 110 1
120 120 1
58 58 1
45 46 1
43 43 1
105 105 1
39 39 1
85 85 2
34 35 1
81 81 1
106 106 1
103 103 1
104 104 1
115 115 1
52 52 1
26 26 1
68 70 1
98 98 1
62 62 1
83 83 1
30 30 1
41 42 1
94 94 1
26 26 1
37 37 1
30 30 1
120 120 1
65 65 1
7 7 1
116 116 1
106 106 1
54 54 1
81 81 1
64 65 1
80 94 1
105 105 1
75 75 1
96 96 1
119 119 1
28 28 1
74 74 1
35 35 1
99 99 1
11 12 1
49 49 1
19 19 1
33 33 1
3 3 1
28 28 1
114 114 1
41 41 1
98 98 1
73 73 1
96 96 1
57 57 1
99 99 1
74 74 1
3 3 1
107 107 1
46 46 1
32 32 1
29 29 1
70 70 1
52 52 1
20 20 1
107 107 1
32 32 1
107 107 1
61 61 1
52 52 1
22 22 1
106 106 1
62 68 1
93 94 1
57 57 1
7 7 1
112 112 1
68 68 1
86 86 1
26 26 1
20 52 1
24 66 1
53 54 1
41 41 1
103 117 1
68 68 1
6 7 1
30 30 2
101 101 1
118 118 1
75 75 1
26 26 1
40 40 1
79 79 1
94 102 1
117 117 1
63 63 1
81 81 1
33 33 3
102 114 1
25 25 1
63 63 1
89 89 1
53 54 1
107 107 1
45 45 1
11 11 1
31 31 2
75 75 1
3 3 2
13 15 1
33 33 1
24 24 1
66 66 1
114 114 1
106 107 1
8 8 1
84 84 1
53 53 1
19 19 1
120 120 1
94 94 1
18 18 1
50 50 1
89 89 1
29 29 1
100 100 1
93 93 1
72 72 1
12 12 1
17 17 1
33 33 1
57 57 1
66 67 1
66 66 1
98 98 1
60 60 1
31 31 1
91 91 1
116 116 1
8 8 1
28 28 1
121 121 1
73 73 1
89 89 1
19 19 1
106 106 1
75 75 1
120 120 1
105 105 1
94 94 1
115 115 1
17 19 1
87 87 1
28 28 1
113 113 1
55 55 1
54 54 2
60 60 1
48 48 1
106 106 1
59 59 1
20 20 1
54 54 1
44 44 1
11 11 1
74 74 1
70 70 1
17 17 1
98 98 1
71 71 1
31 31 1
40 40 2
106 106 1
71 71 1
21 21 1
26 26 1
3 3 1
69 69 1
100 100 1
69 69 1
121 121 1
86 86 1
59 60 1
116 116 2
58 58 2
102 102 1
83 119 1
54 54 1
60 60 1
22 22 1
98 98 1
87 87 1
16 16 1
54 54 1
32 32 1
16 16 1
92 92 1
58 59 2
51 51 1
68 68 1
6 70 1
80 80 1
93 93 1
60 60 1
44 44 1
92 92 1
102 102 1
112 112 1
30 30 1
97 97 1
86 86 2
101 101 1
85 85 1
21 21 1
15 16 1
51 51 1
24 24 1
56 93 1
53 53 1
64 64 1
107 107 1
93 93 1
76 76 1
6 71 1
48 48 1
51 51 1
45 45 1
61 61 1
59 59 1
113 113 1
18 18 1
70 70 1
92 92 1
47 47 2
82 82 1
18 18 1
43 43 1
87 87 1
109 109 1
52 52 1
84 84 1
63 63 1
30 30 1
29 29 1
10 10 1
24 24 1
70 70 1
106 106 1
10 10 1
73 73 1
89 89 1
69 69 1
110 112 1
20 20 1
110 110 1
74 74 1
115 115 1
3 3 1
49 49 1
93 93 1
52 52 1
3 3 2
63 63 1
11 11 1
61 61 1
25 57 1
6 6 1
27 27 1
72 72 1
99 99 1
11 11 1
26 26 2
53 53 1
19 19 2
25 25 1
121 121 1
7 7 1
90 90 1
75 75 1
99 99 1
56 56 1
110 110 1
107 107 1
104 104 1
25 25 1
6 6 1
87 87 1
94 94 1
44 44 1
100 100 1
97 97 1
68 68 1
104 104 1
13 44 1
3 3 1
37 37 1
119 121 1
20 98 1
85 85 1
63 63 1
98 99 1
33 45 1
51 51 2
94 94 1
17 17 1
112 112 1
10 10 1
8 8 1
23 23 1
45 45 1
121 121 1
51 51 1
3 3 1
94 94 1
69 69 1
3 3 1
117 117 1
36 36 1
107 107 1
64 64 1
89 89 1
93 93 1
102 102 1
102 102 1
56 56 1
32 32 1
39 39 1
36 36 1
52 52 1
30 30 1
58 58 1
77 77 1
98 98 1
93 93 1
16 16 1
109 109 1
29 29 1
94 94 1
98 98 1
99 99 1
109 109 1
74 74 1
100 100 1
3 3 1
20 21 1
61 62 1
7 7 1
43 43 1
68 68 2
6 6 1
3 3 1
62 63 1
101 101 1
49 50 1
7 7 1
6 6 1
5 5 2
8 8 1
8 8 1
118 118 1
45 46 1
99 99 1
64 66 1
86 86 1
93 93 1
90 90 1
36 36 1
36 38 1
88 88 1
14 14 1
34 34 1
75 75 1
96 96 1
59 60 1
51 51 1
8 8 1
40 41 1
101 101 1
43 43 1
72 72 1
51 51 1
114 114 1
78 78 1
22 22 1
96 96 1
83 121 1
49 49 1
19 19 1
72 72 1
82 93 1
3 3 1
88 88 2
120 120 1
19 19 1
62 62 1
19 19 1
39 40 1
69 69 1
121 121 1
51 51 1
121 121 1
96 96 1
42 43 1
80 80 1
27 47 1
38 39 1
95 95 1
103 103 1
118 118 1
119 119 1
99 99 1
14 14 1
36 36 1
45 49 1
55 55 1
41 41 1
77 77 1
100 100 1
113 118 1
93 111 1
105 105 1
18 18 1
51 78 1
65 65 1
45 45 1
55 55 1
24 36 1
3 3 1
82 82 1
31 31 1
29 29 1
53 53 1
43 43 1
93 93 1
100 101 1
107 107 1
23 23 1
3 3 1
110 110 2
30 30 1
89 89 1
121 121 1
99 99 1
53 53 1
59 61 1
12 12 1
40 40 1
63 63 1
21 21 1
53 53 1
114 114 1
115 115 1
80 80 1
117 119 1
114 114 1
9 73 1
121 121 1
47 47 1
84 101 1
74 74 1
83 83 2
86 86 1
80 80 1
73 73 1
9 9 1
14 14 1
61 61 1
7 7 1
32 32 1
35 36 1
14 14 1
64 64 1
74 74 1
73 73 1
24 25 1
94 95 1
107 109 1
67 67 1
86 86 1
94 94 1
95 95 1
65 65 1
56 57 1
42 42 1
99 99 1
101 101 1
43 43 1
4 4 2
110 111 1
58 66 1
11 11 1
84 85 1
4 4 1
19 19 1
35 35 1
87 87 1
100 100 1
84 84 1
6 71 1
12 43 1
63 63 1
67 67 1
15 16 1
94 94 1
5 26 1
86 87 1
84 118 1
76 76 1
80 81 1
103 103 1
107 107 1
87 87 1
85 85 1
118 118 1
107 107 1
121 121 1
31 31 1
63 64 1
86 87 1
15 15 1
69 69 1
24 24 1
80 80 1
18 18 1
110 110 1
71 71 1
106 106 1
43 43 1
86 87 1
105 105 1
102 102 1
61 61 1
69 69 1
28 28 1
94 94 1
115 115 1
7 7 1
115 115 1
87 88 1
107 107 1
88 88 1
47 48 1
100 100 1
89 89 1
78 78 1
8 11 1
57 59 1
114 114 1
28 28 1
76 76 1
89 89 1
66 66 3
83 83 1
95 95 1
21 21 1
115 115 1
107 107 1
42 42 1
59 59 1
36 36 1
88 88 1
27 27 1
77 77 1
104 104 1
17 18 1
7 8 1
17 17 1
52 52 1
18 18 1
89 89 1
48 48 1
40 40 1
51 51 1
51 51 1
6 26 1
3 3 1
109 109 1
99 99 1
50 50 1
117 117 1
3 4 1
50 50 1
17 17 1
77 77 1
82 82 1
73 73 1
3 3 1
98 98 1
32 32 1
89 89 2
113 113 1
95 95 1
101 101 1
50 50 1
100 100 1
18 18 1
111 111 1
98 98 1
31 44 1
112 112 1
6 6 1
3 3 1
53 53 1
101 101 1
100 101 1
108 108 1
4 4 1
70 70 1
72 72 1
47 47 1
5 5 1
112 113 1
83 119 1
5 5 1
73 74 1
14 14 1
84 84 1
82 82 1
49 50 1
121 121 1
121 121 1
101 101 1
101 101 1
95 95 2
65 67 1
91 91 1
78 78 1
112 112 1
106 106 1
97 97 1
10 10 1
55 55 1
34 34 1
25 25 2
116 119 1
113 113 1
8 8 1
94 94 1
102 102 1
20 21 1
70 70 1
33 33 1
51 51 1
46 46 1
115 115 1
79 79 1
51 51 1
61 61 1
31 31 1
76 76 1
8 8 1
41 41 1
22 22 1
98 98 1
27 27 1
104 104 1
106 106 1
101 101 1
105 105 1
68 68 1
106 106 1
70 70 1
32 32 1
5 118 1
87 87 1
55 55 1
18 18 1
63 63 1
68 68 1
30 30 1
14 14 1
59 59 1
120 120 1
117 117 1
79 79 1
70 70 1
20 20 1
70 70 1
78 78 1
112 112 1
110 112 1
42 42 1
32 32 1
121 121 1
110 110 1
24 42 1
93 93 1
8 8 1
65 65 1
31 42 1
96 96 1
30 31 1
110 112 1
97 97 1
68 68 1
62 62 2
104 104 1
8 8 1
19 19 1
116 116 1
80 80 1
69 70 1
40 46 1
55 56 1
16 16 1
90 90 1
94 94 1
42 42 1
118 118 1
34 54 1
48 48 1
22 57 1
8 8 1
3 3 1
103 103 1
61 61 1
44 44 1
61 62 1
108 108 1
28 28 1
79 79 1
101 102 1
30 30 1
72 72 1
71 71 1
85 85 1
101 101 1
107 107 1
62 62 1
81 82 1
69 69 1
30 30 1
72 72 1
97 97 1
23 23 1
101 101 1
21 21 1
116 116 1
115 116 1
6 6 1
12 12 1
120 120 1
14 14 1
34 34 1
16 16 1
120 120 1
26 26 1
13 13 2
40 41 1
32 32 1
99 99 1
39 39 1
120 120 2
119 119 1
108 108 1
52 52 1
118 118 1
51 51 1
33 33 1
66 66 1
19 19 1
89 89 1
32 32 1
67 67 1
115 115 1
11 44 2
95 95 1
49 50 1
105 106 1
100 102 1
72 72 1
20 98 1
99 99 1
121 121 1
121 121 1
100 100 1
114 114 1
107 108 1
70 70 1
21 21 1
26 39 1
102 102 1
33 33 1
98 98 1
63 63 1
9 9 1
118 118 1
62 67 1
46 46 1
94 95 1
101 107 1
113 113 1
95 95 1
119 119 1
119 119 1
3 3 1
112 112 1
51 51 2
82 82 1
31 31 1
103 103 1
29 30 1
7 7 1
19 19 1
3 3 1
43 43 1
114 114 1
65 66 1
110 112 2
88 88 1
6 6 1
83 83 1
23 24 1
82 82 1
43 43 1
110 110 1
44 52 1
98 98 1
102 102 1
64 64 1
54 55 1
47 47 1
59 60 1
51 51 2
115 115 1
43 43 1
51 51 1
113 113 1
33 33 1
89 89 2
4 4 1
53 53 1
112 112 1
120 120 1
50 51 1
26 26 1
84 84 1
22 22 1
25 25 1
18 18 1
63 63 1
84 118 1
20 20 1
40 46 1
23 23 1
66 66 1
97 98 1
103 103 1
34 44 1
22 22 1
103 104 1
101 102 1
5 70 1
28 28 1
70 70 1
104 104 1
98 98 1
8 8 1
3 3 1
16 25 1
90 90 1
74 74 1
100 100 1
49 50 1
55 55 1
49 49 1
101 101 1
3 3 1
84 119 1
87 88 1
24 24 1
53 53 2
69 69 1
86 86 1
35 36 1
55 55 1
88 88 1
103 104 1
40 40 1
47 47 1
10 10 1
83 83 1
93 93 1
110 111 1
36 36 1
73 73 3
3 3 1
73 73 1
87 114 1
89 89 1
98 98 1
104 104 1
109 110 1
29 29 1
90 90 1
7 7 1
30 30 1
101 115 1
44 44 1
96 96 1
84 84 1
76 76 1
120 120 2
43 43 1
78 78 1
44 44 1
14 15 1
3 3 2
53 53 1
16 16 1
84 84 1
114 114 1
51 78 1
97 97 1
120 120 1
33 33 1
56 56 1
29 29 1
31 31 1
72 72 1
45 45 1
59 59 1
86 86 1
117 117 1
74 74 1
6 6 1
31 31 1
114 114 1
74 74 1
72 72 1
105 105 1
102 102 1
94 94 1
29 29 1
19 19 1
26 26 1
108 108 1
29 29 1
9 9 2
66 66 1
3 3 1
50 50 1
120 120 1
94 94 1
54 54 1
102 102 1
116 116 1
109 109 1
117 117 1
114 114 1
64 64 1
106 106 1
58 67 1
22 22 1
103 103 1
76 76 1
117 117 1
102 102 1
48 49 1
69 69 1
96 96 1
4 4 1
72 72 1
11 11 1
106 106 2
104 104 1
28 28 1
30 30 1
5 5 1
49 49 1
31 31 1
113 113 1
56 93 1
65 67 1
9 9 2
78 78 1
116 116 1
84 120 1
74 74 1
31 31 1
68 68 1
53 53 1
114 114 1
77 77 1
32 32 1
94 94 1
110 110 1
112 112 1
114 114 1
74 75 1
28 28 2
25 57 1
25 25 1
112 112 1
89 89 2
107 107 1
87 87 1
34 34 1
66 82 1
81 81 1
63 63 1
73 73 1
72 72 1
110 110 1
75 75 1
120 120 1
111 111 1
115 116 1
14 14 1
98 98 1
107 107 1
86 86 1
88 88 1
36 36 1
61 61 1
115 115 1
100 100 1
3 3 1
60 60 1
24 24 1
110 111 1
89 90 1
70 70 1
32 32 1
61 61 1
66 66 1
54 54 1
27 28 1
59 62 1
49 49 1
35 35 2
28 28 1
29 29 1
58 58 1
59 60 1
71 71 1
48 48 1
51 51 1
102 102 1
46 46 1
91 92 1
49 51 2
41 41 1
29 29 1
54 54 1
54 54 1
120 120 1
74 74 1
81 81 1
6 24 1
73 73 1
100 100 1
6 6 1
3 3 1
18 18 1
89 89 1
88 88 1
49 50 1
25 25 1
89 89 1
113 113 1
71 71 1
81 81 1
84 84 1
115 115 1
92 92 1
50 50 1
69 69 1
8 9 1
49 49 1
24 24 1
18 18 1
18 18 1
106 106 1
63 118 1
52 52 1
93 93 1
62 62 2
84 84 1
101 101 1
64 66 1
113 113 1
46 46 1
55 115 1
94 94 1
109 109 1
75 75 1
93 93 1
121 121 1
3 3 1
5 6 1
63 63 2
115 115 1
27 27 1
54 54 1
68 68 1
24 24 1
88 109 1
46 46 1
57 57 1
52 52 1
113 113 1
93 93 1
72 72 1
93 93 1
10 10 1
117 118 1
6 72 1
54 54 2
3 3 1
104 104 1
17 17 1
75 75 1
49 49 1
69 69 1
96 96 1
25 25 1
113 113 1
29 45 1
55 55 1
24 24 1
108 108 1
14 14 1
102 102 1
