32	32	23
45	45	14
46	46	8
45	46	6
39	39	13
24	24	6
27	27	12
48	49	3
36	36	2
28	28	4
32	45	2
46	47	7
25	25	10
38	38	19
27	28	5
29	30	1
35	36	7
33	33	3
26	27	10
17	17	3
35	35	7
44	44	5
22	22	10
50	50	5
42	44	1
42	42	8
38	46	4
20	20	1
30	30	9
37	37	15
23	23	3
47	47	8
36	39	2
19	19	12
47	49	2
41	41	4
43	43	3
40	40	11
30	31	2
37	46	4
19	20	4
48	48	2
34	34	10
47	48	2
42	46	2
32	33	2
17	18	1
31	31	6
18	18	7
44	48	4
23	24	2
22	23	3
49	49	5
26	26	2
40	41	1
21	21	3
34	35	4
33	34	1
50	51	1
33	35	1
24	25	2
