23	23	9
47	47	4
34	34	19
49	49	7
33	35	4
38	38	23
18	18	14
29	31	1
26	26	14
44	44	11
30	30	18
42	42	18
39	39	11
43	43	7
28	29	11
24	24	4
38	42	5
32	32	11
27	28	3
33	33	4
46	46	11
37	37	7
31	31	14
34	35	7
17	17	12
38	39	1
19	19	15
20	20	8
41	41	17
35	37	3
29	30	3
28	28	15
37	38	4
22	23	4
50	50	9
40	40	5
32	35	2
29	29	18
35	35	9
45	46	4
45	45	12
31	32	1
21	21	1
32	33	2
27	27	3
48	48	4
36	36	18
22	22	11
39	40	4
49	50	1
20	21	1
44	45	4
40	43	1
36	37	2
51	51	1
30	31	4
26	27	1
48	49	4
24	25	2
31	36	5
25	25	4
42	43	2
47	48	2
43	44	1
50	51	1
17	18	1
45	47	2
31	46	1
35	36	1
40	41	2
40	44	1
39	41	1
32	34	1
