30	72	2
36	36	1
65	65	3
79	79	5
29	94	3
78	81	2
75	94	1
35	36	5
58	59	3
93	94	3
55	55	3
27	27	5
21	21	4
112	112	4
104	104	3
32	32	5
26	44	3
42	42	4
74	74	2
31	31	2
76	76	2
87	87	9
47	47	10
85	92	5
36	51	2
103	104	1
64	64	4
58	58	6
111	111	3
105	105	1
26	26	3
33	34	2
20	22	1
43	44	4
56	59	2
39	39	5
49	49	3
48	48	5
56	89	1
72	73	1
27	28	2
72	72	6
77	78	5
56	56	3
70	71	1
46	50	3
99	100	1
107	107	7
62	64	2
103	103	2
25	26	2
82	83	2
19	19	2
29	29	1
71	73	1
113	114	1
35	35	1
109	109	1
76	93	2
40	41	4
34	34	3
28	28	3
113	113	1
111	112	2
45	45	1
112	113	2
75	75	3
26	42	1
78	109	3
52	52	2
49	50	2
41	41	6
53	53	2
77	81	2
50	50	1
84	84	1
69	69	3
54	55	4
23	23	3
94	94	1
92	94	2
98	98	4
60	60	1
87	91	3
43	43	2
102	102	2
87	90	1
33	33	4
27	113	1
108	108	1
39	40	1
54	54	3
61	62	1
64	65	1
46	46	1
70	70	1
33	46	2
71	87	2
25	25	2
41	55	3
83	83	1
82	82	1
111	113	3
57	69	2
104	107	2
88	89	1
86	88	1
79	80	1
22	22	2
59	82	1
96	96	3
89	91	1
71	71	2
63	63	2
48	49	1
29	40	1
41	42	1
86	86	1
34	41	1
30	30	1
62	63	1
34	46	1
73	73	1
24	24	1
53	62	1
95	95	1
60	82	1
114	114	2
34	40	1
85	85	1
21	22	1
