1	1	332.0
1	2	7.0
1	8	2.0
1	9	2.0
1	77	2.0
1	78	1.0
1	100	1.0
1	123	2.0
1	135	1.0
1	136	2.0
2	1	3.0
2	2	316.0
2	6	1.0
2	8	1.0
2	23	1.0
2	77	3.0
2	78	6.0
2	92	1.0
3	1	2.0
3	2	3.0
3	3	297.0
3	4	5.0
3	5	1.0
3	6	1.0
3	8	2.0
3	72	1.0
3	73	1.0
3	75	1.0
3	79	1.0
3	103	1.0
3	110	1.0
3	133	1.0
3	134	1.0
3	136	3.0
4	2	1.0
4	3	4.0
4	4	327.0
4	5	4.0
4	6	1.0
4	70	2.0
4	73	5.0
4	99	1.0
4	110	1.0
5	3	1.0
5	4	5.0
5	5	346.0
5	6	1.0
5	7	2.0
5	14	3.0
5	15	1.0
5	25	1.0
5	34	1.0
5	72	1.0
5	73	2.0
5	109	1.0
5	112	1.0
5	132	1.0
5	133	1.0
6	5	1.0
6	6	331.0
6	7	2.0
6	10	2.0
6	11	2.0
6	21	1.0
6	22	1.0
6	23	1.0
6	24	3.0
6	66	1.0
6	83	1.0
7	6	7.0
7	7	305.0
7	8	2.0
7	16	1.0
7	17	1.0
7	21	1.0
7	82	1.0
8	3	2.0
8	4	2.0
8	7	3.0
8	8	320.0
8	9	7.0
8	10	1.0
8	12	1.0
8	136	1.0
9	1	2.0
9	7	2.0
9	8	4.0
9	9	324.0
9	10	2.0
9	11	4.0
9	12	1.0
9	17	1.0
9	123	1.0
10	8	4.0
10	9	5.0
10	10	330.0
10	11	1.0
10	25	1.0
10	52	1.0
10	57	1.0
10	81	1.0
11	6	2.0
11	9	3.0
11	10	7.0
11	11	359.0
11	12	1.0
11	22	1.0
11	25	3.0
12	11	3.0
12	12	329.0
12	14	1.0
12	15	1.0
12	22	1.0
12	46	1.0
12	82	1.0
13	12	2.0
13	13	385.0
13	14	6.0
13	15	2.0
13	16	8.0
13	18	2.0
13	19	1.0
13	20	1.0
13	21	2.0
13	23	2.0
13	28	1.0
13	34	1.0
13	132	3.0
14	12	1.0
14	13	5.0
14	14	344.0
14	15	1.0
14	16	1.0
14	20	1.0
14	21	1.0
14	136	1.0
15	3	1.0
15	4	1.0
15	13	4.0
15	14	3.0
15	15	351.0
15	16	1.0
15	18	1.0
15	19	1.0
15	23	1.0
15	34	1.0
15	42	1.0
15	113	1.0
15	132	1.0
16	7	1.0
16	10	1.0
16	13	2.0
16	14	1.0
16	15	5.0
16	16	342.0
16	19	4.0
16	21	2.0
16	22	1.0
16	28	1.0
16	33	1.0
16	36	1.0
16	37	2.0
16	68	2.0
16	101	1.0
17	6	2.0
17	15	1.0
17	17	229.0
17	19	1.0
18	7	1.0
18	13	1.0
18	18	220.0
18	19	1.0
18	20	4.0
18	21	2.0
18	27	1.0
18	28	1.0
18	42	1.0
19	14	1.0
19	16	1.0
19	19	326.0
19	20	5.0
19	27	1.0
19	35	2.0
19	88	1.0
19	104	1.0
20	16	2.0
20	17	1.0
20	18	2.0
20	19	3.0
20	20	320.0
20	21	3.0
20	26	2.0
20	27	1.0
20	29	4.0
20	30	2.0
21	14	2.0
21	16	4.0
21	19	1.0
21	20	2.0
21	21	359.0
21	22	3.0
21	25	1.0
21	28	2.0
21	30	5.0
21	36	1.0
21	44	2.0
21	45	1.0
21	49	1.0
21	124	1.0
22	21	1.0
22	22	364.0
22	23	2.0
22	44	1.0
22	47	2.0
22	49	2.0
22	50	1.0
22	124	1.0
22	126	1.0
23	5	1.0
23	6	3.0
23	12	1.0
23	15	1.0
23	20	1.0
23	22	1.0
23	23	321.0
23	24	8.0
23	25	4.0
23	42	3.0
23	44	3.0
23	71	1.0
24	4	1.0
24	5	2.0
24	17	1.0
24	23	5.0
24	24	332.0
24	25	5.0
24	42	1.0
24	104	1.0
25	10	1.0
25	23	3.0
25	24	1.0
25	25	296.0
25	46	1.0
25	104	1.0
26	19	1.0
26	20	2.0
26	26	335.0
26	27	1.0
26	28	3.0
26	128	1.0
26	131	1.0
27	18	1.0
27	20	2.0
27	25	1.0
27	26	3.0
27	27	323.0
27	28	4.0
27	29	4.0
27	30	1.0
27	32	3.0
27	96	1.0
27	97	2.0
27	99	1.0
28	15	2.0
28	16	1.0
28	18	2.0
28	20	2.0
28	21	3.0
28	26	2.0
28	27	4.0
28	28	340.0
28	29	1.0
28	33	1.0
28	36	1.0
28	46	1.0
28	99	2.0
28	100	1.0
28	101	1.0
28	106	2.0
28	108	1.0
28	111	1.0
28	122	1.0
28	130	3.0
29	20	1.0
29	22	2.0
29	26	1.0
29	27	2.0
29	28	1.0
29	29	335.0
29	30	4.0
29	33	2.0
29	44	2.0
29	73	1.0
29	76	1.0
29	87	1.0
29	97	1.0
29	99	1.0
29	100	2.0
29	106	1.0
29	109	2.0
29	110	3.0
30	7	1.0
30	19	2.0
30	20	2.0
30	21	2.0
30	27	2.0
30	28	1.0
30	29	4.0
30	30	322.0
30	31	2.0
30	32	1.0
30	33	1.0
30	36	1.0
30	88	1.0
30	107	1.0
30	108	3.0
30	109	1.0
30	111	1.0
30	114	2.0
30	115	1.0
30	117	1.0
30	127	1.0
31	19	1.0
31	30	2.0
31	31	312.0
31	32	2.0
31	33	2.0
31	38	2.0
31	58	1.0
31	59	1.0
31	62	1.0
31	64	1.0
31	85	1.0
31	117	1.0
31	125	2.0
32	18	1.0
32	19	3.0
32	27	1.0
32	29	1.0
32	30	2.0
32	31	3.0
32	32	317.0
32	33	1.0
32	38	1.0
32	47	1.0
32	57	1.0
32	58	1.0
32	117	2.0
33	30	1.0
33	31	1.0
33	32	1.0
33	33	297.0
33	34	3.0
33	35	1.0
33	58	1.0
33	66	2.0
33	67	1.0
33	69	1.0
33	113	1.0
33	128	2.0
34	5	1.0
34	14	1.0
34	15	1.0
34	33	2.0
34	34	321.0
34	35	2.0
34	66	2.0
34	69	3.0
34	113	1.0
35	18	2.0
35	21	1.0
35	31	1.0
35	35	341.0
35	36	1.0
35	37	1.0
35	38	2.0
35	46	1.0
35	69	1.0
35	70	1.0
35	118	2.0
36	14	2.0
36	15	1.0
36	29	1.0
36	35	1.0
36	36	316.0
36	37	2.0
36	38	2.0
36	64	1.0
36	66	1.0
37	16	3.0
37	29	1.0
37	33	1.0
37	36	5.0
37	37	288.0
37	38	1.0
37	45	2.0
37	107	1.0
38	21	1.0
38	31	2.0
38	34	1.0
38	35	1.0
38	36	1.0
38	37	3.0
38	38	230.0
38	39	5.0
38	42	11.0
38	44	1.0
38	45	1.0
38	64	1.0
38	65	1.0
38	125	1.0
38	135	1.0
39	38	8.0
39	39	65.0
39	42	13.0
39	43	1.0
39	58	1.0
39	65	1.0
39	72	1.0
39	98	1.0
42	9	1.0
42	37	1.0
42	38	16.0
42	39	16.0
42	42	481.0
42	43	2.0
42	47	1.0
42	108	1.0
42	116	1.0
42	127	2.0
42	132	1.0
43	3	1.0
43	21	1.0
43	37	1.0
43	38	1.0
43	42	2.0
43	43	389.0
43	44	2.0
43	129	1.0
43	131	1.0
43	132	1.0
43	133	2.0
44	20	1.0
44	23	1.0
44	26	6.0
44	30	1.0
44	34	1.0
44	35	2.0
44	36	1.0
44	38	1.0
44	42	2.0
44	43	2.0
44	44	342.0
44	45	4.0
44	46	1.0
44	49	2.0
44	53	1.0
44	82	1.0
44	124	1.0
45	36	1.0
45	37	3.0
45	43	1.0
45	44	4.0
45	45	323.0
45	46	1.0
45	50	1.0
45	67	1.0
45	124	2.0
45	126	1.0
45	129	1.0
46	45	1.0
46	46	94.0
46	49	1.0
46	51	1.0
46	53	2.0
46	111	2.0
46	118	1.0
47	23	1.0
47	33	1.0
47	45	2.0
47	47	183.0
47	51	1.0
47	53	1.0
47	113	1.0
47	124	1.0
48	34	1.0
48	46	1.0
48	48	176.0
48	67	1.0
48	127	1.0
49	23	1.0
49	29	1.0
49	32	1.0
49	33	1.0
49	36	1.0
49	44	1.0
49	45	1.0
49	47	1.0
49	49	219.0
49	50	4.0
49	53	2.0
49	124	1.0
50	32	1.0
50	33	3.0
50	49	3.0
50	50	367.0
50	55	1.0
50	58	1.0
50	64	1.0
50	68	4.0
50	69	3.0
50	124	1.0
50	125	1.0
51	34	1.0
51	46	1.0
51	49	1.0
51	51	75.0
51	52	1.0
52	33	1.0
52	51	2.0
52	52	257.0
52	53	3.0
52	54	6.0
52	58	4.0
52	59	1.0
52	60	1.0
52	82	1.0
52	84	2.0
52	85	1.0
53	49	1.0
53	52	8.0
53	53	320.0
53	54	1.0
53	56	1.0
53	62	1.0
53	63	1.0
53	84	1.0
54	52	3.0
54	53	1.0
54	54	306.0
54	55	1.0
54	56	1.0
54	58	1.0
54	59	6.0
54	60	1.0
54	83	2.0
54	85	2.0
55	34	1.0
55	52	1.0
55	54	4.0
55	55	300.0
55	56	3.0
55	57	3.0
55	59	1.0
55	60	1.0
55	61	2.0
55	65	3.0
55	69	2.0
56	18	1.0
56	53	4.0
56	54	2.0
56	55	4.0
56	56	272.0
56	57	4.0
56	59	3.0
57	31	1.0
57	54	1.0
57	55	2.0
57	56	1.0
57	57	281.0
57	58	3.0
57	59	5.0
57	87	1.0
58	32	3.0
58	49	1.0
58	52	3.0
58	57	3.0
58	58	304.0
58	59	3.0
59	31	1.0
59	54	2.0
59	56	1.0
59	57	2.0
59	59	277.0
59	60	1.0
59	88	1.0
60	56	1.0
60	60	312.0
60	61	5.0
60	62	1.0
60	63	3.0
60	124	1.0
61	53	1.0
61	55	1.0
61	56	1.0
61	60	2.0
61	61	287.0
61	62	5.0
61	63	1.0
61	122	1.0
62	31	2.0
62	60	5.0
62	61	4.0
62	62	354.0
62	63	1.0
62	125	1.0
63	53	4.0
63	60	1.0
63	62	8.0
63	63	311.0
64	31	1.0
64	35	1.0
64	38	2.0
64	55	1.0
64	60	1.0
64	62	3.0
64	64	342.0
64	65	8.0
64	66	1.0
64	69	2.0
64	125	1.0
65	31	2.0
65	35	1.0
65	38	2.0
65	44	1.0
65	49	1.0
65	50	1.0
65	63	1.0
65	64	1.0
65	65	346.0
65	66	5.0
65	67	1.0
65	68	1.0
65	69	3.0
66	33	1.0
66	35	1.0
66	36	2.0
66	38	4.0
66	55	1.0
66	63	2.0
66	64	1.0
66	65	3.0
66	66	323.0
66	67	7.0
66	68	1.0
67	33	2.0
67	50	1.0
67	55	1.0
67	58	1.0
67	63	1.0
67	66	1.0
67	67	275.0
67	68	7.0
67	69	2.0
67	70	1.0
68	36	3.0
68	38	3.0
68	50	1.0
68	67	2.0
68	68	286.0
68	69	2.0
68	94	1.0
68	125	1.0
69	16	1.0
69	34	4.0
69	35	1.0
69	36	2.0
69	38	2.0
69	45	1.0
69	49	1.0
69	64	1.0
69	65	3.0
69	67	1.0
69	68	3.0
69	69	331.0
69	70	2.0
69	119	1.0
69	125	1.0
70	34	1.0
70	65	1.0
70	69	7.0
70	70	327.0
70	71	3.0
70	103	1.0
71	24	1.0
71	25	1.0
71	32	1.0
71	70	4.0
71	71	345.0
71	72	1.0
71	74	1.0
71	112	1.0
72	3	1.0
72	5	1.0
72	18	1.0
72	24	1.0
72	71	1.0
72	72	352.0
72	73	1.0
72	74	2.0
72	107	1.0
72	110	1.0
72	111	1.0
73	4	1.0
73	71	1.0
73	73	379.0
73	74	4.0
73	109	1.0
73	114	2.0
73	115	1.0
73	132	1.0
73	133	2.0
74	12	1.0
74	24	1.0
74	25	1.0
74	55	1.0
74	71	1.0
74	72	1.0
74	73	1.0
74	74	306.0
74	75	5.0
74	89	1.0
74	133	4.0
75	3	1.0
75	4	3.0
75	74	3.0
75	75	342.0
75	76	4.0
75	113	1.0
75	120	1.0
76	73	1.0
76	75	2.0
76	76	338.0
76	77	1.0
76	79	2.0
76	85	2.0
76	97	2.0
76	98	2.0
76	101	1.0
77	1	2.0
77	2	1.0
77	77	341.0
77	78	5.0
77	80	2.0
77	84	1.0
77	86	1.0
77	87	1.0
77	88	1.0
77	95	1.0
77	108	2.0
77	109	2.0
77	115	1.0
78	1	2.0
78	2	3.0
78	27	1.0
78	29	2.0
78	77	4.0
78	78	344.0
78	79	1.0
78	80	1.0
78	86	7.0
78	87	3.0
78	95	1.0
78	96	2.0
78	97	1.0
78	99	1.0
78	100	4.0
78	101	1.0
78	108	1.0
78	109	2.0
78	118	1.0
79	2	1.0
79	76	6.0
79	78	1.0
79	79	366.0
79	80	3.0
79	82	2.0
79	83	1.0
79	84	1.0
79	85	1.0
79	88	3.0
79	89	1.0
79	98	3.0
79	99	2.0
79	109	1.0
79	115	1.0
79	134	2.0
80	78	1.0
80	79	5.0
80	80	414.0
80	82	1.0
80	86	1.0
80	87	2.0
80	95	1.0
80	97	1.0
80	99	1.0
80	100	1.0
80	109	1.0
81	12	1.0
81	57	1.0
81	80	3.0
81	81	266.0
81	82	4.0
81	88	2.0
82	76	1.0
82	80	1.0
82	81	2.0
82	82	304.0
82	83	4.0
82	84	2.0
82	85	7.0
82	118	1.0
83	31	1.0
83	32	1.0
83	52	2.0
83	54	2.0
83	56	1.0
83	59	1.0
83	79	1.0
83	82	3.0
83	83	307.0
83	84	5.0
83	92	1.0
83	93	1.0
83	106	1.0
84	18	1.0
84	19	1.0
84	52	2.0
84	53	1.0
84	76	1.0
84	79	1.0
84	82	2.0
84	83	2.0
84	84	289.0
84	85	1.0
84	89	2.0
84	92	1.0
85	29	1.0
85	54	3.0
85	77	2.0
85	82	5.0
85	83	7.0
85	84	2.0
85	85	334.0
85	89	2.0
85	95	4.0
85	99	1.0
85	113	1.0
86	78	3.0
86	85	1.0
86	86	321.0
86	87	5.0
86	100	1.0
86	109	1.0
86	116	1.0
86	117	1.0
86	118	1.0
86	134	1.0
87	6	1.0
87	7	1.0
87	62	1.0
87	78	1.0
87	80	1.0
87	86	5.0
87	87	336.0
87	88	2.0
87	100	2.0
87	107	1.0
87	116	1.0
87	118	1.0
87	119	1.0
88	1	1.0
88	77	1.0
88	80	1.0
88	86	2.0
88	87	4.0
88	88	280.0
88	89	5.0
88	100	1.0
88	101	1.0
88	115	2.0
88	132	1.0
89	79	1.0
89	81	1.0
89	83	1.0
89	84	1.0
89	89	252.0
89	90	5.0
89	91	2.0
89	92	1.0
89	93	1.0
89	109	1.0
90	63	1.0
90	83	1.0
90	86	1.0
90	89	3.0
90	90	318.0
90	91	4.0
90	92	2.0
90	97	1.0
90	100	2.0
91	49	1.0
91	86	1.0
91	90	6.0
91	91	334.0
92	65	1.0
92	89	1.0
92	90	2.0
92	91	4.0
92	92	323.0
92	93	3.0
92	94	2.0
92	100	3.0
93	84	1.0
93	92	1.0
93	93	322.0
93	94	1.0
94	27	1.0
94	30	1.0
94	35	1.0
94	85	2.0
94	90	1.0
94	92	2.0
94	93	5.0
94	94	296.0
94	95	3.0
94	96	1.0
94	107	1.0
94	112	1.0
94	113	2.0
94	114	1.0
94	115	3.0
95	77	1.0
95	82	2.0
95	93	2.0
95	94	6.0
95	95	349.0
95	96	1.0
95	97	1.0
95	107	1.0
95	108	1.0
95	111	2.0
95	112	1.0
95	115	1.0
96	2	1.0
96	77	3.0
96	78	1.0
96	79	1.0
96	85	1.0
96	95	2.0
96	96	289.0
96	97	4.0
96	108	1.0
96	112	1.0
96	114	3.0
96	115	1.0
96	124	2.0
97	27	3.0
97	76	6.0
97	77	1.0
97	79	1.0
97	95	2.0
97	96	3.0
97	97	333.0
97	98	2.0
97	100	1.0
97	111	1.0
98	76	1.0
98	79	1.0
98	97	2.0
98	98	351.0
98	99	3.0
99	23	1.0
99	28	2.0
99	42	1.0
99	78	2.0
99	79	4.0
99	80	1.0
99	95	1.0
99	98	2.0
99	99	365.0
99	100	3.0
99	101	2.0
99	102	1.0
99	105	1.0
99	120	2.0
100	3	1.0
100	29	2.0
100	75	1.0
100	78	3.0
100	79	1.0
100	82	1.0
100	86	1.0
100	89	2.0
100	99	3.0
100	100	325.0
100	106	1.0
100	107	2.0
100	110	3.0
100	111	1.0
100	119	1.0
100	120	1.0
101	1	1.0
101	26	1.0
101	29	1.0
101	75	1.0
101	76	2.0
101	77	2.0
101	78	3.0
101	88	1.0
101	89	1.0
101	99	1.0
101	100	2.0
101	101	340.0
101	109	1.0
101	134	1.0
102	64	1.0
102	102	340.0
102	103	4.0
102	104	5.0
102	117	2.0
102	129	1.0
103	25	3.0
103	57	1.0
103	59	1.0
103	70	1.0
103	102	4.0
103	103	344.0
103	104	4.0
104	25	1.0
104	102	6.0
104	103	1.0
104	104	313.0
104	105	1.0
104	112	2.0
105	38	1.0
105	104	5.0
105	105	415.0
105	113	1.0
105	114	5.0
105	115	3.0
105	116	1.0
105	117	1.0
105	121	1.0
105	122	1.0
105	129	1.0
105	132	1.0
106	28	1.0
106	72	1.0
106	102	1.0
106	106	344.0
106	107	4.0
106	109	1.0
106	110	4.0
106	125	2.0
106	127	2.0
106	129	1.0
106	130	3.0
106	131	2.0
107	26	1.0
107	72	1.0
107	78	1.0
107	90	1.0
107	91	1.0
107	95	1.0
107	106	2.0
107	107	293.0
107	111	2.0
107	122	1.0
107	131	1.0
108	12	1.0
108	15	1.0
108	30	2.0
108	95	2.0
108	100	1.0
108	107	4.0
108	108	301.0
108	109	4.0
108	110	1.0
108	111	4.0
108	112	1.0
108	115	1.0
108	130	2.0
108	131	1.0
108	132	1.0
108	133	1.0
109	23	1.0
109	28	1.0
109	77	1.0
109	78	2.0
109	101	1.0
109	106	2.0
109	108	2.0
109	109	331.0
109	110	2.0
109	111	1.0
109	114	1.0
109	115	2.0
109	123	1.0
109	132	2.0
110	26	1.0
110	29	2.0
110	42	1.0
110	72	2.0
110	99	1.0
110	102	1.0
110	107	4.0
110	108	3.0
110	109	3.0
110	110	306.0
110	115	1.0
110	119	2.0
110	120	2.0
110	125	1.0
110	131	1.0
110	132	2.0
111	30	1.0
111	77	2.0
111	108	4.0
111	110	1.0
111	111	312.0
111	113	1.0
111	115	1.0
111	118	1.0
111	130	1.0
112	33	2.0
112	70	1.0
112	107	1.0
112	111	3.0
112	112	307.0
112	113	7.0
112	114	2.0
112	121	2.0
112	123	2.0
113	8	1.0
113	33	1.0
113	34	3.0
113	95	2.0
113	104	1.0
113	105	1.0
113	112	7.0
113	113	317.0
113	114	2.0
113	115	1.0
113	121	2.0
113	123	1.0
113	132	2.0
114	73	1.0
114	74	3.0
114	79	1.0
114	94	1.0
114	105	1.0
114	109	1.0
114	111	2.0
114	112	3.0
114	114	341.0
114	115	6.0
114	116	2.0
114	119	1.0
115	71	2.0
115	77	2.0
115	80	1.0
115	86	1.0
115	94	1.0
115	96	2.0
115	105	1.0
115	112	1.0
115	113	1.0
115	114	2.0
115	115	379.0
115	116	2.0
115	123	3.0
116	86	2.0
116	96	1.0
116	105	2.0
116	110	1.0
116	111	1.0
116	114	1.0
116	115	5.0
116	116	358.0
116	117	1.0
116	119	2.0
116	124	1.0
116	132	1.0
117	30	1.0
117	31	1.0
117	32	2.0
117	59	1.0
117	97	1.0
117	106	1.0
117	117	333.0
117	118	1.0
117	125	1.0
117	126	1.0
118	30	1.0
118	86	2.0
118	111	1.0
118	116	3.0
118	118	373.0
118	119	1.0
118	120	1.0
118	121	2.0
119	16	1.0
119	78	1.0
119	100	1.0
119	110	1.0
119	116	1.0
119	117	2.0
119	118	4.0
119	119	359.0
119	121	1.0
119	124	4.0
119	128	1.0
120	106	3.0
120	107	1.0
120	110	2.0
120	116	1.0
120	119	1.0
120	120	353.0
120	121	3.0
120	122	2.0
120	126	4.0
120	129	1.0
120	131	2.0
121	1	1.0
121	106	1.0
121	110	1.0
121	113	1.0
121	118	3.0
121	121	364.0
121	122	7.0
121	123	2.0
121	126	1.0
121	130	1.0
122	28	2.0
122	105	1.0
122	112	1.0
122	113	1.0
122	120	1.0
122	121	2.0
122	122	325.0
122	123	8.0
122	125	3.0
122	130	1.0
122	131	1.0
123	2	1.0
123	3	1.0
123	8	1.0
123	15	1.0
123	104	1.0
123	105	1.0
123	109	1.0
123	111	1.0
123	112	2.0
123	113	2.0
123	115	1.0
123	120	2.0
123	121	1.0
123	122	4.0
123	123	318.0
123	124	1.0
123	129	1.0
123	131	1.0
124	42	1.0
124	46	1.0
124	76	1.0
124	96	2.0
124	117	2.0
124	119	2.0
124	123	1.0
124	124	332.0
125	50	1.0
125	64	1.0
125	65	1.0
125	66	1.0
125	67	8.0
125	68	1.0
125	114	1.0
125	117	1.0
125	124	2.0
125	125	329.0
125	126	1.0
125	127	1.0
125	132	3.0
126	45	2.0
126	61	1.0
126	62	2.0
126	83	1.0
126	116	1.0
126	117	1.0
126	120	1.0
126	124	1.0
126	125	3.0
126	126	379.0
126	127	3.0
127	45	1.0
127	48	1.0
127	101	1.0
127	106	2.0
127	107	1.0
127	120	3.0
127	125	1.0
127	126	5.0
127	127	331.0
127	128	1.0
127	129	1.0
127	131	1.0
128	26	1.0
128	29	1.0
128	82	1.0
128	108	1.0
128	114	1.0
128	115	1.0
128	119	2.0
128	127	2.0
128	128	285.0
128	131	1.0
129	45	1.0
129	106	1.0
129	115	3.0
129	121	1.0
129	122	2.0
129	125	1.0
129	126	2.0
129	129	374.0
129	130	1.0
130	26	4.0
130	28	1.0
130	106	2.0
130	107	1.0
130	110	3.0
130	115	1.0
130	122	1.0
130	125	1.0
130	129	2.0
130	130	390.0
130	131	4.0
131	26	1.0
131	43	1.0
131	106	2.0
131	108	2.0
131	122	1.0
131	128	3.0
131	129	3.0
131	130	5.0
131	131	343.0
131	133	2.0
132	3	1.0
132	4	3.0
132	13	1.0
132	43	2.0
132	73	1.0
132	74	1.0
132	109	2.0
132	111	2.0
132	125	1.0
132	130	2.0
132	132	354.0
132	133	6.0
133	3	1.0
133	4	1.0
133	43	1.0
133	73	1.0
133	74	2.0
133	75	2.0
133	97	1.0
133	106	3.0
133	108	3.0
133	111	2.0
133	114	1.0
133	124	1.0
133	131	1.0
133	132	8.0
133	133	337.0
134	1	2.0
134	3	1.0
134	15	1.0
134	43	1.0
134	75	2.0
134	77	1.0
134	79	3.0
134	86	1.0
134	88	2.0
134	92	2.0
134	101	1.0
134	134	363.0
135	134	4.0
135	135	160.0
135	136	2.0
136	3	2.0
136	4	1.0
136	8	1.0
136	92	1.0
136	136	315.0
