16	16	32.0
16	37	1.0
17	16	1.0
17	17	181.0
17	18	2.0
18	18	178.0
18	19	3.0
18	49	1.0
19	19	255.0
19	20	1.0
19	25	1.0
20	18	1.0
20	19	2.0
20	20	118.0
20	39	1.0
21	18	1.0
21	21	113.0
21	22	2.0
21	23	1.0
21	32	1.0
22	21	1.0
22	22	206.0
22	23	2.0
23	21	1.0
23	22	1.0
23	23	228.0
24	24	213.0
24	25	2.0
24	26	2.0
24	27	1.0
25	23	1.0
25	24	1.0
25	25	205.0
25	26	4.0
26	24	1.0
26	25	5.0
26	26	241.0
26	27	1.0
27	19	1.0
27	26	1.0
27	27	242.0
27	28	7.0
27	29	1.0
27	39	3.0
28	20	1.0
28	27	2.0
28	28	194.0
28	29	5.0
28	39	1.0
29	27	6.0
29	28	1.0
29	29	203.0
29	30	1.0
29	50	1.0
30	19	1.0
30	29	3.0
30	30	248.0
30	31	2.0
31	30	8.0
31	31	225.0
31	41	1.0
32	31	2.0
32	32	222.0
32	33	2.0
32	34	1.0
32	36	1.0
32	40	1.0
32	42	2.0
33	32	1.0
33	33	239.0
33	35	2.0
33	36	1.0
33	39	1.0
33	40	3.0
34	34	271.0
34	35	2.0
34	36	2.0
34	49	1.0
35	33	2.0
35	34	1.0
35	35	204.0
35	36	4.0
35	39	1.0
36	34	1.0
36	35	2.0
36	36	240.0
36	37	1.0
36	40	1.0
36	41	1.0
37	20	2.0
37	37	216.0
38	37	1.0
38	38	217.0
38	39	1.0
38	40	1.0
39	27	2.0
39	32	1.0
39	33	1.0
39	39	235.0
39	40	1.0
40	31	1.0
40	33	1.0
40	34	1.0
40	38	1.0
40	39	3.0
40	40	263.0
40	41	3.0
41	38	1.0
41	40	5.0
41	41	270.0
41	42	1.0
41	49	1.0
41	50	1.0
42	32	1.0
42	42	204.0
42	43	1.0
42	44	1.0
42	47	1.0
43	42	1.0
43	43	236.0
43	44	3.0
43	46	1.0
44	43	7.0
44	44	218.0
44	45	3.0
44	49	1.0
45	44	4.0
45	45	245.0
45	46	2.0
46	46	226.0
47	47	231.0
47	48	1.0
48	42	1.0
48	47	6.0
48	48	236.0
49	48	3.0
49	49	276.0
49	50	5.0
50	40	1.0
50	41	2.0
50	49	2.0
50	50	197.0
50	51	1.0
51	50	1.0
51	51	42.0
