1	1	46.0
1	2	5.0
1	4	2.0
1	5	1.0
1	15	1.0
1	139	1.0
1	169	2.0
2	2	47.0
2	3	4.0
2	10	2.0
2	34	1.0
2	36	1.0
2	136	1.0
2	168	1.0
3	3	54.0
3	4	3.0
3	7	1.0
3	11	1.0
4	4	52.0
4	5	1.0
4	37	1.0
4	158	1.0
4	169	1.0
5	5	54.0
5	6	2.0
5	7	1.0
5	9	1.0
5	10	2.0
5	14	1.0
5	170	1.0
6	6	45.0
6	7	2.0
6	9	2.0
6	14	1.0
6	168	1.0
6	170	2.0
7	7	58.0
7	8	1.0
7	10	2.0
7	12	4.0
7	14	1.0
7	15	3.0
7	31	1.0
7	170	2.0
8	8	61.0
8	9	5.0
8	10	4.0
9	9	45.0
9	10	1.0
9	22	1.0
9	27	2.0
10	10	46.0
10	15	1.0
10	16	2.0
10	22	3.0
10	23	1.0
10	27	1.0
10	128	1.0
10	158	3.0
10	167	1.0
10	168	1.0
11	11	58.0
11	12	5.0
11	13	5.0
11	14	2.0
11	41	1.0
11	54	1.0
11	135	1.0
11	158	1.0
11	166	1.0
11	169	1.0
11	170	2.0
12	12	55.0
12	13	3.0
12	16	1.0
12	31	1.0
12	39	1.0
12	170	3.0
13	13	51.0
13	14	3.0
13	37	2.0
13	38	1.0
13	39	1.0
13	40	2.0
13	46	1.0
13	47	1.0
13	168	2.0
13	170	1.0
14	14	57.0
14	15	4.0
14	16	2.0
14	38	1.0
14	48	2.0
14	49	1.0
14	51	1.0
14	56	1.0
14	112	1.0
15	15	47.0
15	16	1.0
15	40	2.0
15	49	1.0
15	157	1.0
16	16	56.0
16	17	2.0
16	20	3.0
16	29	1.0
16	48	1.0
16	49	1.0
16	52	1.0
16	54	1.0
16	91	1.0
17	17	46.0
17	18	5.0
17	19	2.0
17	20	3.0
17	21	4.0
17	23	1.0
17	24	1.0
17	48	1.0
17	49	1.0
17	122	1.0
18	18	61.0
18	19	10.0
18	20	2.0
18	21	2.0
18	23	2.0
18	47	1.0
18	53	2.0
18	120	1.0
18	143	1.0
19	19	52.0
19	20	3.0
19	52	3.0
19	113	1.0
19	156	1.0
20	20	45.0
20	21	2.0
20	22	1.0
20	23	1.0
20	27	1.0
20	48	2.0
20	72	1.0
21	21	51.0
21	22	4.0
21	23	7.0
21	24	2.0
21	49	1.0
22	22	35.0
22	23	8.0
22	27	1.0
22	134	1.0
23	23	46.0
23	24	4.0
23	26	1.0
24	24	37.0
24	25	3.0
24	26	3.0
24	28	2.0
24	40	1.0
24	122	1.0
24	123	1.0
24	125	1.0
24	128	3.0
25	25	55.0
25	26	3.0
25	122	1.0
25	125	2.0
25	128	2.0
26	26	51.0
26	27	3.0
26	28	1.0
26	57	1.0
26	68	1.0
27	27	59.0
27	28	4.0
28	28	63.0
28	29	3.0
29	29	69.0
29	30	1.0
29	31	1.0
30	30	66.0
30	31	6.0
30	32	1.0
30	118	1.0
30	136	1.0
31	31	42.0
31	32	3.0
31	33	2.0
31	139	1.0
32	32	48.0
32	33	1.0
32	43	1.0
33	33	62.0
33	34	4.0
33	49	1.0
33	50	1.0
34	34	54.0
34	35	8.0
34	43	1.0
34	96	1.0
34	115	1.0
35	35	49.0
35	36	7.0
35	168	1.0
36	36	53.0
36	37	3.0
36	38	1.0
36	39	1.0
36	96	1.0
36	122	1.0
36	154	1.0
36	168	1.0
37	37	62.0
37	38	4.0
37	134	1.0
37	137	2.0
38	38	60.0
38	39	3.0
38	40	1.0
38	43	1.0
38	47	1.0
38	105	1.0
38	169	2.0
38	170	1.0
39	39	59.0
39	40	5.0
39	41	2.0
39	47	1.0
39	49	1.0
39	50	2.0
39	52	1.0
39	160	1.0
39	170	1.0
40	40	56.0
40	47	1.0
40	48	1.0
40	51	2.0
40	69	1.0
40	70	1.0
40	160	1.0
40	165	1.0
40	169	1.0
41	41	52.0
41	42	2.0
41	44	1.0
41	45	4.0
41	46	1.0
41	48	3.0
41	49	1.0
41	65	1.0
41	73	1.0
41	122	1.0
41	160	2.0
41	161	1.0
41	170	1.0
42	42	46.0
42	43	4.0
42	44	1.0
42	45	1.0
42	49	2.0
42	102	1.0
42	103	1.0
42	105	1.0
42	124	1.0
42	165	1.0
43	43	64.0
43	44	3.0
43	55	1.0
43	74	1.0
43	145	1.0
44	44	58.0
44	45	6.0
44	46	3.0
44	47	1.0
44	49	4.0
44	101	1.0
44	162	1.0
45	45	64.0
45	46	2.0
45	49	1.0
45	50	1.0
45	51	1.0
45	87	1.0
45	102	1.0
45	160	1.0
45	162	1.0
45	163	1.0
46	46	50.0
46	47	1.0
46	48	1.0
46	51	1.0
46	101	2.0
46	102	1.0
47	47	46.0
47	48	7.0
47	49	1.0
47	69	1.0
47	88	1.0
47	101	1.0
48	48	38.0
48	49	3.0
48	57	1.0
48	160	1.0
49	49	42.0
49	51	1.0
49	54	2.0
49	96	1.0
50	50	59.0
50	51	3.0
50	56	1.0
50	160	1.0
51	51	54.0
51	52	1.0
51	55	3.0
51	100	3.0
52	52	56.0
52	53	2.0
52	54	4.0
52	55	4.0
52	56	6.0
52	58	1.0
52	117	1.0
52	119	2.0
52	120	2.0
53	53	51.0
53	54	4.0
53	55	2.0
53	56	1.0
53	58	1.0
53	85	1.0
53	98	2.0
53	117	1.0
53	118	2.0
53	133	1.0
54	54	48.0
54	55	2.0
54	57	1.0
54	58	2.0
54	81	1.0
54	97	1.0
54	98	2.0
54	134	2.0
55	55	53.0
55	56	6.0
56	56	40.0
56	57	1.0
56	62	1.0
56	68	1.0
56	69	1.0
56	117	1.0
57	57	77.0
57	58	4.0
57	62	2.0
57	63	3.0
57	67	1.0
57	72	2.0
57	74	2.0
57	85	1.0
57	113	1.0
57	114	2.0
57	115	1.0
57	156	1.0
58	58	213.0
58	61	3.0
58	62	2.0
58	63	1.0
58	71	2.0
58	98	1.0
58	99	1.0
58	156	2.0
61	61	5.0
61	115	1.0
62	62	34.0
62	63	6.0
62	64	1.0
62	65	2.0
62	96	1.0
62	118	1.0
63	63	47.0
63	64	1.0
63	65	1.0
63	67	1.0
63	68	1.0
63	96	1.0
64	64	33.0
64	65	4.0
64	66	1.0
64	67	1.0
64	70	1.0
64	87	1.0
65	65	45.0
65	66	4.0
65	68	1.0
65	69	1.0
66	66	37.0
66	67	3.0
66	68	2.0
66	78	1.0
67	67	54.0
67	68	2.0
67	69	5.0
67	70	3.0
68	68	43.0
68	75	1.0
68	78	1.0
68	79	2.0
68	138	1.0
69	69	43.0
69	73	2.0
69	97	1.0
69	170	1.0
70	70	48.0
70	71	2.0
70	73	2.0
70	86	1.0
70	87	2.0
71	71	41.0
71	72	5.0
71	73	1.0
71	102	1.0
71	105	1.0
71	113	1.0
71	138	1.0
72	72	50.0
72	73	1.0
72	89	1.0
72	101	3.0
72	112	1.0
72	113	1.0
72	114	1.0
72	123	1.0
72	156	1.0
73	73	54.0
73	74	1.0
73	75	1.0
73	78	1.0
73	81	1.0
73	86	1.0
73	87	1.0
73	88	4.0
73	95	1.0
73	96	2.0
73	98	1.0
73	99	9.0
73	113	1.0
74	74	47.0
74	75	6.0
74	76	2.0
74	85	2.0
74	88	1.0
74	99	3.0
74	153	1.0
75	75	51.0
75	78	1.0
75	85	1.0
75	86	3.0
75	88	2.0
75	97	3.0
75	98	1.0
75	118	1.0
76	76	44.0
76	77	6.0
76	78	3.0
76	79	6.0
76	81	1.0
76	82	1.0
76	85	2.0
76	86	1.0
76	87	4.0
76	99	1.0
76	105	1.0
77	77	49.0
77	78	2.0
77	79	3.0
77	80	2.0
77	86	1.0
77	87	1.0
77	104	1.0
78	78	51.0
78	79	4.0
78	80	1.0
78	85	4.0
78	86	1.0
78	87	2.0
78	103	1.0
79	79	45.0
79	80	6.0
79	81	1.0
79	84	4.0
79	85	1.0
79	87	2.0
79	100	1.0
79	104	1.0
79	122	1.0
80	80	44.0
80	81	4.0
80	82	3.0
80	83	1.0
80	84	5.0
80	85	1.0
80	87	4.0
80	99	1.0
80	105	1.0
80	106	1.0
80	121	1.0
81	81	47.0
81	82	8.0
81	83	3.0
81	84	1.0
81	111	1.0
81	128	1.0
81	129	2.0
81	130	2.0
81	132	1.0
81	168	1.0
82	82	30.0
82	83	3.0
82	84	2.0
82	120	1.0
82	134	1.0
83	83	40.0
83	84	4.0
83	85	1.0
83	88	3.0
83	89	1.0
83	93	1.0
83	98	1.0
83	125	2.0
83	160	1.0
84	84	43.0
84	85	1.0
84	88	2.0
84	89	1.0
84	129	1.0
85	85	45.0
85	86	1.0
85	87	1.0
85	88	1.0
85	89	1.0
85	94	2.0
85	96	1.0
85	97	1.0
85	100	1.0
85	105	2.0
85	130	1.0
86	86	58.0
86	87	2.0
86	88	1.0
86	89	2.0
86	99	4.0
86	103	1.0
86	105	2.0
87	87	47.0
87	88	2.0
87	96	1.0
87	103	1.0
87	104	1.0
88	88	47.0
88	89	4.0
88	91	1.0
88	124	1.0
89	89	38.0
89	90	3.0
89	91	2.0
89	93	1.0
89	120	1.0
89	122	1.0
89	123	1.0
89	124	1.0
90	90	57.0
90	91	3.0
90	94	1.0
90	96	1.0
91	91	52.0
91	92	5.0
91	93	1.0
91	94	5.0
91	95	1.0
91	96	2.0
91	97	2.0
91	115	1.0
91	116	1.0
92	92	41.0
92	93	6.0
92	94	3.0
92	96	1.0
92	118	4.0
92	125	1.0
93	93	32.0
93	94	4.0
93	118	4.0
93	123	2.0
94	94	42.0
94	95	4.0
94	96	1.0
95	95	31.0
95	96	1.0
95	97	1.0
96	96	39.0
96	97	3.0
97	97	52.0
97	98	3.0
97	99	1.0
97	150	1.0
98	98	49.0
98	99	6.0
98	153	3.0
98	154	4.0
99	99	48.0
99	108	1.0
100	100	41.0
100	101	4.0
100	104	1.0
100	105	2.0
100	108	2.0
100	119	1.0
101	101	53.0
101	102	4.0
101	103	2.0
101	104	1.0
101	105	1.0
101	107	2.0
101	114	1.0
101	142	1.0
101	162	1.0
102	102	42.0
102	103	4.0
102	106	1.0
102	137	3.0
103	103	44.0
103	105	1.0
103	136	2.0
103	137	2.0
103	138	1.0
103	145	1.0
103	162	1.0
104	104	36.0
104	105	3.0
104	106	2.0
104	119	1.0
104	126	1.0
104	136	1.0
104	137	1.0
104	138	1.0
105	105	54.0
105	106	2.0
105	107	3.0
105	108	4.0
105	137	1.0
106	106	57.0
106	107	1.0
106	108	1.0
106	109	2.0
106	111	1.0
107	107	53.0
107	109	2.0
108	108	49.0
108	125	1.0
108	160	1.0
109	109	55.0
109	110	5.0
109	111	1.0
109	152	2.0
110	110	46.0
110	111	2.0
110	137	1.0
111	111	60.0
111	112	1.0
111	113	1.0
111	154	1.0
112	112	40.0
112	113	5.0
112	116	1.0
112	152	1.0
112	153	1.0
112	155	2.0
113	113	51.0
113	114	7.0
113	115	1.0
113	156	1.0
113	157	1.0
114	114	54.0
114	115	4.0
114	116	2.0
114	157	2.0
115	115	40.0
115	116	1.0
115	156	1.0
115	157	1.0
116	116	39.0
116	117	2.0
116	136	1.0
116	156	1.0
116	157	1.0
117	117	59.0
117	118	6.0
117	119	2.0
117	134	2.0
117	135	1.0
118	118	48.0
118	119	4.0
118	132	1.0
118	133	3.0
118	134	3.0
118	135	2.0
119	119	60.0
119	120	4.0
119	121	2.0
119	122	3.0
119	123	1.0
119	125	1.0
119	133	2.0
120	120	51.0
120	121	6.0
120	122	3.0
120	123	1.0
120	125	1.0
120	133	2.0
121	121	35.0
121	122	3.0
121	123	8.0
121	132	1.0
122	122	51.0
122	123	4.0
122	124	1.0
122	130	1.0
122	158	1.0
123	123	56.0
123	124	3.0
123	125	2.0
123	130	1.0
124	124	45.0
124	125	2.0
124	128	2.0
125	125	55.0
125	126	3.0
125	127	3.0
125	128	2.0
125	129	5.0
126	126	54.0
126	127	4.0
126	129	4.0
127	127	52.0
127	129	1.0
128	128	47.0
128	129	7.0
128	130	1.0
129	129	43.0
129	130	2.0
129	131	2.0
130	130	44.0
130	131	5.0
130	164	1.0
131	131	45.0
131	132	5.0
131	133	1.0
131	142	1.0
131	145	1.0
132	132	49.0
132	133	6.0
132	134	4.0
132	145	2.0
133	133	52.0
133	135	1.0
134	134	41.0
134	135	5.0
134	154	1.0
135	135	54.0
135	136	2.0
135	157	1.0
136	136	53.0
136	137	1.0
136	138	1.0
136	159	1.0
137	137	61.0
137	138	1.0
137	159	1.0
137	160	1.0
137	162	2.0
137	163	1.0
138	138	68.0
138	139	1.0
138	143	1.0
138	160	1.0
139	139	53.0
139	140	1.0
139	141	3.0
139	142	2.0
139	143	1.0
140	140	51.0
140	141	9.0
140	142	2.0
140	155	1.0
141	141	54.0
141	142	6.0
141	143	1.0
141	155	4.0
142	142	48.0
142	143	5.0
142	151	2.0
142	155	1.0
143	143	50.0
143	144	2.0
143	146	1.0
143	149	2.0
143	150	2.0
143	151	1.0
144	144	45.0
144	145	5.0
144	146	3.0
144	147	3.0
144	148	1.0
144	150	1.0
144	151	1.0
144	152	1.0
144	153	1.0
144	154	1.0
144	155	1.0
144	156	1.0
145	145	56.0
145	146	3.0
145	147	1.0
145	148	5.0
145	156	1.0
146	146	34.0
146	147	2.0
146	148	3.0
146	149	1.0
147	147	40.0
147	148	5.0
147	151	1.0
148	148	49.0
148	149	5.0
148	150	1.0
148	152	1.0
149	149	50.0
150	150	54.0
150	151	6.0
150	152	1.0
150	153	2.0
150	161	2.0
151	151	47.0
151	152	2.0
151	154	1.0
151	161	3.0
152	152	65.0
152	153	5.0
152	155	2.0
152	156	5.0
152	159	1.0
152	160	5.0
152	161	1.0
153	153	46.0
153	154	3.0
153	155	2.0
153	156	2.0
154	154	41.0
154	155	3.0
154	156	2.0
155	155	49.0
155	156	4.0
155	157	3.0
156	156	55.0
156	157	3.0
157	157	53.0
157	158	6.0
157	159	3.0
157	162	2.0
158	158	54.0
158	159	4.0
158	160	2.0
159	159	50.0
159	160	5.0
159	164	1.0
159	166	1.0
160	160	53.0
160	161	3.0
161	161	60.0
161	163	3.0
161	165	2.0
162	162	45.0
162	163	2.0
162	165	1.0
163	163	63.0
163	164	2.0
163	165	2.0
163	166	1.0
164	164	60.0
164	165	8.0
164	166	3.0
164	167	3.0
165	165	50.0
165	166	2.0
165	167	1.0
166	166	56.0
166	167	4.0
166	168	4.0
167	167	42.0
167	168	6.0
167	169	1.0
168	168	56.0
168	169	1.0
169	169	61.0
169	170	1.0
170	170	45.0
172	1	3.0
172	4	1.0
172	5	3.0
172	11	1.0
172	13	1.0
172	45	1.0
172	50	1.0
172	53	1.0
172	54	3.0
172	163	1.0
172	169	1.0
172	170	2.0
172	172	45.0
