1	1	211.0
1	2	2.0
1	111	1.0
2	1	4.0
2	2	210.0
2	4	1.0
2	5	2.0
2	25	1.0
2	26	1.0
2	50	1.0
2	152	1.0
3	2	2.0
3	3	182.0
3	4	5.0
3	5	1.0
3	150	1.0
4	3	4.0
4	4	214.0
4	5	5.0
4	32	1.0
4	152	1.0
5	2	1.0
5	4	2.0
5	5	195.0
5	16	1.0
5	17	1.0
5	150	2.0
6	5	2.0
6	6	168.0
6	10	1.0
6	11	1.0
6	54	1.0
6	155	1.0
7	7	197.0
7	8	1.0
7	10	3.0
7	11	1.0
7	15	1.0
7	16	1.0
7	101	1.0
8	7	3.0
8	8	195.0
8	9	4.0
8	10	1.0
8	12	1.0
8	15	2.0
9	8	4.0
9	9	215.0
9	10	4.0
9	11	1.0
9	12	1.0
10	7	1.0
10	9	3.0
10	10	210.0
10	11	1.0
10	12	2.0
10	39	1.0
10	46	1.0
10	114	1.0
11	8	2.0
11	10	2.0
11	11	200.0
11	12	2.0
11	13	1.0
11	65	1.0
11	141	1.0
11	152	1.0
12	10	1.0
12	11	4.0
12	12	195.0
12	14	2.0
12	31	1.0
13	11	1.0
13	12	2.0
13	13	187.0
13	14	6.0
13	15	4.0
13	45	1.0
13	46	3.0
13	47	1.0
14	11	1.0
14	12	2.0
14	13	1.0
14	14	183.0
14	15	1.0
14	16	1.0
14	35	1.0
14	61	1.0
14	65	1.0
15	11	2.0
15	12	1.0
15	14	6.0
15	15	175.0
15	16	2.0
15	32	1.0
15	152	1.0
16	7	1.0
16	10	1.0
16	12	1.0
16	14	1.0
16	15	1.0
16	16	203.0
16	17	2.0
16	18	1.0
16	153	1.0
17	5	1.0
17	16	1.0
17	17	203.0
17	20	1.0
17	135	2.0
17	153	1.0
18	16	2.0
18	18	207.0
18	20	1.0
18	22	3.0
18	46	1.0
18	141	1.0
18	156	1.0
19	18	3.0
19	19	187.0
19	20	3.0
19	21	2.0
19	23	1.0
19	24	1.0
19	42	1.0
19	43	1.0
19	155	2.0
20	13	1.0
20	18	4.0
20	19	6.0
20	20	169.0
20	21	3.0
20	22	1.0
20	39	1.0
20	45	1.0
20	156	3.0
21	19	2.0
21	20	2.0
21	21	208.0
21	22	4.0
21	39	3.0
21	47	1.0
21	141	1.0
21	155	1.0
22	19	1.0
22	21	1.0
22	22	203.0
22	23	1.0
22	46	1.0
22	103	1.0
22	157	1.0
23	23	180.0
23	24	1.0
23	25	3.0
23	27	1.0
23	150	1.0
24	19	1.0
24	22	1.0
24	23	3.0
24	24	197.0
24	27	1.0
25	1	1.0
25	23	2.0
25	24	1.0
25	25	197.0
25	26	4.0
25	27	1.0
25	65	1.0
25	88	1.0
26	25	1.0
26	26	180.0
26	27	1.0
26	29	1.0
26	30	2.0
27	2	1.0
27	24	2.0
27	25	2.0
27	26	2.0
27	27	245.0
27	28	3.0
27	29	1.0
28	25	1.0
28	27	1.0
28	28	180.0
28	29	6.0
28	30	1.0
28	155	1.0
29	25	1.0
29	26	2.0
29	28	6.0
29	29	187.0
29	30	1.0
29	102	1.0
30	20	1.0
30	25	2.0
30	27	1.0
30	29	3.0
30	30	206.0
30	31	1.0
31	16	1.0
31	30	1.0
31	31	201.0
31	32	1.0
32	31	3.0
32	32	193.0
32	33	1.0
32	126	1.0
33	32	2.0
33	33	177.0
33	34	2.0
33	103	1.0
34	33	2.0
34	34	160.0
34	35	1.0
34	36	3.0
34	124	1.0
34	126	2.0
35	34	1.0
35	35	186.0
35	36	3.0
35	50	1.0
35	125	1.0
35	151	1.0
36	30	1.0
36	34	5.0
36	35	2.0
36	36	197.0
36	125	1.0
37	37	208.0
37	38	1.0
37	52	1.0
37	53	1.0
37	117	1.0
37	118	2.0
37	121	1.0
37	136	1.0
38	36	2.0
38	38	215.0
38	47	1.0
38	48	1.0
38	69	1.0
38	90	1.0
38	104	1.0
38	117	1.0
38	118	3.0
38	119	1.0
39	21	1.0
39	39	185.0
39	40	3.0
39	41	2.0
39	42	1.0
39	43	2.0
39	44	1.0
39	45	1.0
39	53	1.0
39	67	1.0
39	91	1.0
39	104	3.0
39	115	1.0
39	138	1.0
40	38	4.0
40	39	2.0
40	40	202.0
40	41	2.0
40	104	1.0
40	138	1.0
41	39	1.0
41	40	4.0
41	41	192.0
41	45	1.0
41	46	1.0
41	141	1.0
42	40	2.0
42	42	186.0
42	43	1.0
42	52	2.0
42	68	1.0
42	71	1.0
42	90	1.0
42	101	2.0
42	105	1.0
43	18	2.0
43	39	1.0
43	41	1.0
43	42	1.0
43	43	166.0
43	46	2.0
43	47	1.0
43	52	1.0
43	53	1.0
44	43	1.0
44	44	181.0
44	45	2.0
44	47	1.0
44	66	1.0
44	67	1.0
44	69	1.0
44	76	1.0
44	102	1.0
44	124	1.0
45	43	1.0
45	44	3.0
45	45	191.0
45	46	4.0
45	146	1.0
46	19	1.0
46	20	2.0
46	39	3.0
46	44	4.0
46	45	9.0
46	46	204.0
46	47	1.0
47	14	1.0
47	19	1.0
47	21	2.0
47	38	1.0
47	42	1.0
47	46	2.0
47	47	201.0
47	50	1.0
47	62	1.0
47	112	1.0
47	141	1.0
48	38	1.0
48	48	203.0
48	49	4.0
48	51	1.0
48	88	1.0
48	119	1.0
48	147	2.0
49	48	7.0
49	49	190.0
49	50	3.0
49	103	1.0
50	21	1.0
50	35	2.0
50	36	1.0
50	49	1.0
50	50	203.0
50	53	2.0
50	54	1.0
50	55	2.0
51	37	1.0
51	49	1.0
51	50	3.0
51	51	174.0
51	52	2.0
51	55	1.0
51	101	3.0
51	124	1.0
52	43	3.0
52	51	2.0
52	52	205.0
52	53	3.0
52	54	1.0
52	88	1.0
52	100	1.0
53	51	1.0
53	52	2.0
53	53	198.0
53	54	6.0
53	55	1.0
53	61	1.0
53	89	1.0
53	119	1.0
53	123	1.0
53	125	3.0
54	53	4.0
54	54	169.0
54	55	1.0
54	85	1.0
54	124	1.0
55	39	1.0
55	45	1.0
55	50	1.0
55	54	1.0
55	55	178.0
55	90	1.0
55	94	2.0
55	96	2.0
55	126	2.0
55	127	2.0
56	48	1.0
56	49	1.0
56	55	1.0
56	56	156.0
56	57	1.0
56	63	2.0
56	65	1.0
56	85	1.0
57	56	2.0
57	57	144.0
57	61	4.0
57	62	1.0
57	63	1.0
57	77	2.0
57	85	1.0
57	94	1.0
57	126	1.0
58	58	8.0
58	62	1.0
61	55	1.0
61	56	2.0
61	57	2.0
61	58	2.0
61	61	515.0
61	62	3.0
61	63	1.0
61	77	1.0
61	79	2.0
62	55	1.0
62	56	1.0
62	57	3.0
62	61	3.0
62	62	238.0
62	65	1.0
62	66	1.0
62	135	1.0
63	44	1.0
63	56	2.0
63	62	1.0
63	63	152.0
63	101	1.0
63	153	1.0
64	57	1.0
64	62	1.0
64	63	2.0
64	64	152.0
64	65	2.0
64	144	1.0
65	47	2.0
65	61	1.0
65	65	145.0
65	69	1.0
65	79	1.0
66	14	1.0
66	44	1.0
66	45	1.0
66	47	1.0
66	62	1.0
66	65	2.0
66	66	155.0
66	67	1.0
66	75	1.0
67	67	195.0
67	68	4.0
67	69	1.0
67	70	1.0
67	98	1.0
68	66	2.0
68	67	2.0
68	68	181.0
68	69	4.0
69	66	3.0
69	67	2.0
69	68	3.0
69	69	195.0
69	70	2.0
69	71	3.0
69	72	1.0
69	75	1.0
70	67	2.0
70	68	1.0
70	69	6.0
70	70	194.0
70	71	4.0
70	90	2.0
70	91	2.0
70	99	1.0
71	40	3.0
71	41	1.0
71	67	1.0
71	69	1.0
71	70	5.0
71	71	192.0
71	98	1.0
71	142	1.0
72	40	2.0
72	69	2.0
72	71	1.0
72	72	88.0
72	73	2.0
73	17	1.0
73	72	1.0
73	73	180.0
73	75	2.0
74	73	1.0
74	74	34.0
75	48	1.0
75	57	1.0
75	65	1.0
75	66	1.0
75	68	2.0
75	73	2.0
75	75	147.0
75	92	1.0
76	68	1.0
76	76	94.0
76	80	2.0
76	93	1.0
76	95	2.0
77	61	1.0
77	77	201.0
77	78	4.0
77	79	1.0
77	109	3.0
77	110	1.0
77	112	1.0
78	77	5.0
78	78	196.0
78	79	3.0
78	105	1.0
78	110	1.0
79	21	1.0
79	77	1.0
79	78	2.0
79	79	232.0
79	80	1.0
79	109	2.0
79	110	2.0
79	116	1.0
80	80	202.0
80	83	2.0
80	114	1.0
80	122	1.0
80	138	1.0
81	80	4.0
81	81	190.0
81	82	1.0
81	83	1.0
81	84	1.0
81	137	1.0
81	138	1.0
82	76	1.0
82	78	1.0
82	81	3.0
82	82	184.0
82	83	3.0
82	85	1.0
82	114	1.0
82	134	1.0
82	135	1.0
82	136	1.0
82	137	2.0
82	138	2.0
83	31	1.0
83	80	3.0
83	81	1.0
83	82	1.0
83	83	200.0
83	85	1.0
83	122	1.0
83	137	1.0
84	83	4.0
84	84	186.0
84	85	6.0
84	86	1.0
85	82	1.0
85	83	1.0
85	84	2.0
85	85	195.0
85	86	1.0
85	122	1.0
85	126	2.0
86	47	1.0
86	57	1.0
86	84	3.0
86	85	3.0
86	86	190.0
86	87	5.0
86	114	1.0
87	86	3.0
87	87	212.0
87	88	1.0
87	89	1.0
87	90	2.0
87	137	5.0
88	88	189.0
88	89	1.0
88	121	2.0
88	122	1.0
88	123	1.0
88	124	1.0
88	125	1.0
89	35	1.0
89	48	1.0
89	87	2.0
89	88	1.0
89	89	189.0
89	91	2.0
89	119	1.0
90	38	1.0
90	54	1.0
90	76	1.0
90	88	1.0
90	90	219.0
90	92	1.0
90	93	1.0
90	95	1.0
90	96	1.0
91	39	1.0
91	42	1.0
91	43	2.0
91	87	1.0
91	88	2.0
91	90	2.0
91	91	195.0
91	92	1.0
91	95	1.0
92	56	1.0
92	75	3.0
92	76	1.0
92	83	1.0
92	91	3.0
92	92	202.0
92	93	5.0
92	94	2.0
92	95	1.0
93	48	1.0
93	64	1.0
93	87	1.0
93	88	1.0
93	90	1.0
93	92	1.0
93	93	200.0
93	94	2.0
93	96	2.0
94	56	1.0
94	57	1.0
94	64	1.0
94	82	1.0
94	93	2.0
94	94	183.0
94	95	5.0
94	97	1.0
95	23	1.0
95	48	1.0
95	66	1.0
95	76	2.0
95	93	1.0
95	94	2.0
95	95	197.0
95	96	3.0
95	97	2.0
95	99	1.0
96	43	1.0
96	56	1.0
96	76	1.0
96	92	1.0
96	93	3.0
96	95	2.0
96	96	208.0
96	97	2.0
96	99	2.0
97	93	1.0
97	94	1.0
97	96	1.0
97	97	176.0
97	98	1.0
97	99	1.0
98	69	1.0
98	70	1.0
98	97	3.0
98	98	190.0
98	99	5.0
98	100	2.0
98	101	1.0
99	70	1.0
99	71	3.0
99	95	1.0
99	96	2.0
99	97	1.0
99	99	198.0
100	42	2.0
100	51	1.0
100	97	1.0
100	98	1.0
100	99	1.0
100	100	171.0
100	149	1.0
101	3	1.0
101	52	1.0
101	54	1.0
101	100	1.0
101	101	195.0
101	105	1.0
102	43	1.0
102	76	1.0
102	102	117.0
102	103	3.0
102	104	1.0
103	22	1.0
103	23	1.0
103	102	1.0
103	103	199.0
103	104	4.0
104	38	4.0
104	104	194.0
104	105	1.0
104	106	1.0
105	42	1.0
105	104	3.0
105	105	232.0
105	106	1.0
105	110	1.0
105	111	1.0
106	106	193.0
106	108	2.0
106	131	1.0
107	106	2.0
107	107	208.0
108	57	1.0
108	105	2.0
108	108	201.0
108	109	3.0
108	110	2.0
108	111	3.0
108	112	1.0
109	35	1.0
109	45	1.0
109	79	3.0
109	80	1.0
109	108	3.0
109	109	219.0
109	110	2.0
109	111	1.0
109	112	2.0
109	113	1.0
109	119	1.0
110	108	5.0
110	109	1.0
110	110	206.0
110	119	1.0
111	47	1.0
111	109	1.0
111	110	3.0
111	111	174.0
111	112	1.0
111	118	1.0
112	10	1.0
112	77	1.0
112	78	1.0
112	112	213.0
112	113	2.0
112	114	2.0
112	119	1.0
113	105	1.0
113	110	1.0
113	111	1.0
113	112	2.0
113	113	209.0
113	114	1.0
113	116	3.0
113	119	1.0
114	80	2.0
114	112	2.0
114	113	1.0
114	114	197.0
114	115	1.0
115	112	2.0
115	113	1.0
115	114	1.0
115	115	233.0
115	116	4.0
115	117	1.0
115	119	1.0
115	121	3.0
115	122	1.0
115	124	1.0
115	132	1.0
115	154	1.0
116	112	1.0
116	113	2.0
116	114	1.0
116	115	3.0
116	116	181.0
116	117	2.0
116	149	1.0
117	38	1.0
117	117	196.0
117	118	1.0
117	119	1.0
117	121	1.0
117	136	2.0
118	29	1.0
118	36	1.0
118	37	3.0
118	108	1.0
118	109	1.0
118	117	2.0
118	118	202.0
118	119	1.0
118	120	2.0
118	121	1.0
119	35	1.0
119	36	1.0
119	38	1.0
119	109	1.0
119	110	3.0
119	117	1.0
119	118	1.0
119	119	200.0
119	120	4.0
120	38	2.0
120	53	1.0
120	89	2.0
120	90	2.0
120	109	1.0
120	115	1.0
120	118	6.0
120	119	2.0
120	120	197.0
120	121	4.0
120	125	1.0
120	129	1.0
120	137	1.0
121	89	1.0
121	117	1.0
121	119	1.0
121	120	2.0
121	121	203.0
121	122	3.0
121	134	1.0
121	135	1.0
121	137	1.0
122	89	1.0
122	115	1.0
122	122	178.0
122	127	1.0
122	135	3.0
122	137	1.0
123	37	1.0
123	53	1.0
123	55	1.0
123	122	1.0
123	123	200.0
123	124	1.0
123	134	1.0
124	32	1.0
124	34	1.0
124	80	1.0
124	89	1.0
124	115	1.0
124	123	2.0
124	124	208.0
124	125	2.0
124	126	2.0
124	135	1.0
125	32	1.0
125	34	1.0
125	35	5.0
125	52	1.0
125	53	1.0
125	88	2.0
125	104	1.0
125	118	1.0
125	124	1.0
125	125	175.0
125	126	3.0
125	127	1.0
125	131	1.0
126	32	1.0
126	35	1.0
126	125	1.0
126	126	173.0
126	127	1.0
127	85	1.0
127	127	210.0
127	128	3.0
127	130	1.0
127	132	1.0
127	133	1.0
127	134	3.0
127	149	1.0
128	127	1.0
128	128	182.0
128	129	4.0
129	128	3.0
129	129	208.0
129	130	3.0
130	98	1.0
130	129	6.0
130	130	185.0
130	131	3.0
130	132	2.0
130	133	1.0
130	135	1.0
131	87	1.0
131	129	1.0
131	130	3.0
131	131	201.0
131	132	7.0
131	133	4.0
131	134	1.0
131	139	1.0
132	128	1.0
132	130	2.0
132	131	5.0
132	132	169.0
132	133	6.0
132	134	1.0
132	140	1.0
133	130	2.0
133	131	1.0
133	133	184.0
133	134	1.0
133	139	4.0
133	140	1.0
133	142	1.0
134	55	1.0
134	82	2.0
134	122	1.0
134	127	3.0
134	131	2.0
134	133	1.0
134	134	207.0
134	135	1.0
134	136	3.0
134	138	1.0
134	141	1.0
134	149	1.0
135	82	1.0
135	122	3.0
135	134	1.0
135	135	213.0
135	136	3.0
135	137	3.0
135	138	2.0
136	87	2.0
136	118	1.0
136	121	1.0
136	122	2.0
136	134	1.0
136	136	202.0
136	137	3.0
136	157	1.0
137	57	1.0
137	80	1.0
137	81	1.0
137	84	2.0
137	120	3.0
137	121	1.0
137	122	1.0
137	134	3.0
137	136	1.0
137	137	204.0
137	138	2.0
138	40	1.0
138	81	2.0
138	121	1.0
138	135	3.0
138	137	3.0
138	138	181.0
139	131	1.0
139	133	1.0
139	139	164.0
139	140	5.0
139	149	1.0
140	132	2.0
140	139	5.0
140	140	198.0
140	141	3.0
140	142	1.0
140	149	1.0
141	39	1.0
141	40	3.0
141	43	1.0
141	91	1.0
141	132	1.0
141	139	2.0
141	140	7.0
141	141	189.0
141	142	1.0
141	148	3.0
142	40	1.0
142	71	1.0
142	128	1.0
142	133	1.0
142	141	1.0
142	142	198.0
142	143	1.0
143	42	1.0
143	127	1.0
143	131	1.0
143	133	1.0
143	143	111.0
143	148	2.0
144	40	1.0
144	66	1.0
144	72	1.0
144	144	177.0
144	146	5.0
144	149	1.0
145	141	1.0
145	143	2.0
145	144	5.0
145	145	184.0
145	146	2.0
145	147	3.0
146	9	2.0
146	144	3.0
146	145	3.0
146	146	212.0
146	147	6.0
147	20	1.0
147	143	2.0
147	145	1.0
147	146	9.0
147	147	213.0
148	34	1.0
148	45	1.0
148	77	1.0
148	140	2.0
148	142	2.0
148	143	1.0
148	144	1.0
148	145	1.0
148	146	1.0
148	147	2.0
148	148	196.0
148	149	2.0
149	22	1.0
149	45	1.0
149	133	1.0
149	139	3.0
149	146	1.0
149	149	173.0
149	151	1.0
149	154	2.0
150	4	1.0
150	19	1.0
150	20	1.0
150	21	1.0
150	23	1.0
150	149	2.0
150	150	176.0
150	151	1.0
150	154	2.0
150	156	1.0
151	115	1.0
151	149	1.0
151	150	2.0
151	151	185.0
152	3	2.0
152	145	1.0
152	152	178.0
152	153	2.0
152	154	1.0
153	149	4.0
153	153	171.0
153	154	3.0
154	21	1.0
154	22	1.0
154	146	1.0
154	150	1.0
154	152	4.0
154	153	4.0
154	154	198.0
154	155	2.0
155	17	2.0
155	19	1.0
155	20	2.0
155	22	1.0
155	30	1.0
155	100	1.0
155	150	1.0
155	154	2.0
155	155	226.0
155	156	5.0
155	158	1.0
156	18	1.0
156	45	1.0
156	155	8.0
156	156	183.0
156	157	2.0
156	158	1.0
157	153	1.0
157	156	1.0
157	157	210.0
157	158	1.0
158	92	1.0
158	156	2.0
158	157	3.0
158	158	186.0
159	159	29.0
160	1	1.0
160	7	1.0
160	106	1.0
160	131	1.0
160	160	159.0
