1	1	408.0
1	3	1.0
1	4	1.0
1	94	1.0
1	142	1.0
2	1	2.0
2	2	431.0
2	3	3.0
2	5	1.0
2	11	1.0
2	37	1.0
2	71	3.0
3	1	1.0
3	3	384.0
3	4	2.0
3	5	2.0
3	7	1.0
3	14	1.0
3	16	1.0
3	94	1.0
3	109	1.0
3	142	1.0
4	2	2.0
4	3	6.0
4	4	414.0
4	5	11.0
4	7	1.0
4	8	1.0
4	92	1.0
5	2	1.0
5	3	1.0
5	4	4.0
5	5	354.0
5	6	4.0
5	15	1.0
5	123	1.0
6	4	1.0
6	5	4.0
6	6	419.0
6	7	2.0
6	10	1.0
6	90	1.0
6	101	1.0
7	3	1.0
7	4	2.0
7	5	1.0
7	6	3.0
7	7	431.0
7	8	1.0
7	9	3.0
8	4	1.0
8	5	1.0
8	7	8.0
8	8	403.0
8	9	2.0
8	35	1.0
8	101	1.0
8	123	1.0
9	6	1.0
9	7	6.0
9	8	5.0
9	9	350.0
9	10	1.0
9	11	2.0
10	10	359.0
10	11	3.0
10	12	6.0
10	13	2.0
10	14	5.0
10	27	1.0
10	28	1.0
10	105	1.0
11	8	1.0
11	9	1.0
11	10	1.0
11	11	358.0
11	12	2.0
11	29	1.0
11	31	2.0
11	32	2.0
12	8	1.0
12	9	1.0
12	10	8.0
12	11	6.0
12	12	391.0
12	13	1.0
12	14	3.0
12	19	3.0
12	26	1.0
12	27	3.0
12	29	2.0
12	137	1.0
13	10	3.0
13	12	1.0
13	13	403.0
13	14	10.0
13	15	5.0
13	16	1.0
13	21	1.0
13	29	2.0
14	3	1.0
14	9	1.0
14	10	4.0
14	12	1.0
14	13	12.0
14	14	389.0
14	16	2.0
14	17	1.0
14	19	3.0
14	20	1.0
14	21	1.0
14	29	1.0
15	10	1.0
15	12	1.0
15	13	4.0
15	14	2.0
15	15	374.0
15	16	2.0
15	17	6.0
15	19	1.0
15	26	1.0
15	28	1.0
15	29	1.0
15	121	1.0
15	130	2.0
16	12	1.0
16	15	2.0
16	16	428.0
16	17	1.0
16	21	2.0
16	29	2.0
16	37	2.0
16	101	1.0
17	12	2.0
17	13	1.0
17	15	3.0
17	16	1.0
17	17	374.0
17	18	4.0
17	19	2.0
17	26	1.0
18	17	2.0
18	18	410.0
19	14	1.0
19	17	1.0
19	19	377.0
19	20	9.0
19	23	1.0
19	24	2.0
19	75	1.0
20	14	2.0
20	16	2.0
20	19	3.0
20	20	420.0
20	21	1.0
20	23	1.0
20	24	1.0
20	26	1.0
21	12	1.0
21	13	2.0
21	14	2.0
21	17	2.0
21	21	346.0
21	22	1.0
21	24	1.0
21	26	2.0
21	27	1.0
21	32	1.0
22	14	1.0
22	19	1.0
22	20	1.0
22	22	364.0
22	23	3.0
22	25	4.0
22	26	1.0
22	27	1.0
22	68	1.0
22	90	1.0
22	105	1.0
22	106	1.0
22	127	1.0
22	139	2.0
23	19	1.0
23	21	1.0
23	22	5.0
23	23	371.0
23	24	1.0
23	25	4.0
23	90	1.0
23	91	1.0
24	15	1.0
24	19	1.0
24	20	1.0
24	22	1.0
24	23	2.0
24	24	379.0
24	25	3.0
24	26	2.0
24	27	1.0
24	30	1.0
25	22	4.0
25	23	3.0
25	24	2.0
25	25	402.0
25	26	2.0
25	32	2.0
25	41	1.0
26	20	2.0
26	21	3.0
26	24	3.0
26	25	1.0
26	26	346.0
26	27	1.0
26	30	2.0
26	32	1.0
26	104	1.0
27	16	1.0
27	21	1.0
27	22	2.0
27	24	2.0
27	25	4.0
27	26	1.0
27	27	413.0
27	28	3.0
27	29	2.0
27	30	1.0
27	31	4.0
27	32	2.0
27	41	1.0
27	123	1.0
28	7	1.0
28	15	1.0
28	27	3.0
28	28	375.0
28	29	5.0
28	31	1.0
29	13	1.0
29	16	1.0
29	26	1.0
29	27	2.0
29	28	8.0
29	29	392.0
29	31	4.0
30	11	1.0
30	12	1.0
30	13	1.0
30	24	1.0
30	26	1.0
30	27	1.0
30	29	6.0
30	30	362.0
30	31	1.0
30	32	6.0
31	12	1.0
31	13	1.0
31	30	1.0
31	31	374.0
31	32	3.0
32	10	1.0
32	21	1.0
32	27	1.0
32	29	1.0
32	30	5.0
32	31	5.0
32	32	429.0
32	103	1.0
33	33	418.0
33	34	1.0
33	37	1.0
34	33	1.0
34	34	431.0
34	114	1.0
34	134	1.0
35	5	1.0
35	34	4.0
35	35	422.0
35	36	1.0
35	97	1.0
35	120	1.0
35	122	2.0
35	123	3.0
36	2	1.0
36	36	397.0
36	37	1.0
36	71	1.0
36	104	1.0
36	142	1.0
37	36	2.0
37	37	417.0
37	38	4.0
37	71	2.0
38	19	1.0
38	31	1.0
38	36	1.0
38	37	2.0
38	38	334.0
38	39	1.0
38	65	1.0
38	87	1.0
38	131	1.0
38	140	1.0
38	141	1.0
39	36	1.0
39	38	3.0
39	39	28.0
40	40	14.0
40	43	1.0
40	67	2.0
40	142	1.0
41	41	8.0
41	43	1.0
42	42	3.0
43	40	1.0
43	43	16.0
43	66	1.0
44	36	2.0
44	41	1.0
44	43	1.0
44	44	56.0
44	66	1.0
45	45	4.0
46	41	1.0
46	46	2.0
47	47	2.0
47	65	1.0
65	65	2.0
66	33	1.0
66	44	1.0
66	66	74.0
66	67	1.0
67	67	18.0
67	72	1.0
68	27	1.0
68	41	1.0
68	66	3.0
68	68	93.0
68	69	1.0
68	72	1.0
68	93	1.0
69	69	30.0
69	70	1.0
69	95	1.0
70	70	12.0
71	2	1.0
71	35	1.0
71	36	3.0
71	37	1.0
71	43	1.0
71	68	1.0
71	71	410.0
71	72	2.0
71	76	2.0
71	95	2.0
72	72	395.0
72	73	1.0
72	85	1.0
72	104	1.0
72	118	1.0
72	119	3.0
72	120	1.0
72	124	1.0
72	132	2.0
73	66	1.0
73	72	3.0
73	73	405.0
73	74	10.0
73	75	2.0
73	76	2.0
73	78	2.0
73	96	1.0
73	117	1.0
73	118	1.0
73	119	1.0
74	73	10.0
74	74	398.0
74	75	6.0
75	72	2.0
75	73	3.0
75	74	6.0
75	75	429.0
75	76	2.0
75	77	4.0
75	81	2.0
75	85	3.0
75	132	2.0
75	133	1.0
76	73	1.0
76	74	2.0
76	75	2.0
76	76	329.0
76	77	5.0
76	81	6.0
76	82	5.0
76	83	2.0
76	85	3.0
76	132	1.0
77	68	1.0
77	71	1.0
77	73	1.0
77	75	2.0
77	76	5.0
77	77	399.0
77	78	4.0
77	81	1.0
77	109	1.0
77	110	2.0
77	111	1.0
78	73	1.0
78	74	1.0
78	77	6.0
78	78	373.0
78	79	1.0
78	81	1.0
78	112	1.0
78	115	1.0
79	13	1.0
79	78	1.0
79	79	400.0
79	81	1.0
79	84	1.0
79	85	1.0
79	108	1.0
79	110	1.0
79	112	1.0
79	113	3.0
79	127	1.0
80	79	3.0
80	80	414.0
80	83	1.0
80	131	1.0
80	141	1.0
81	76	1.0
81	78	2.0
81	79	1.0
81	80	1.0
81	81	384.0
81	82	2.0
81	118	1.0
81	136	1.0
82	28	1.0
82	76	4.0
82	79	3.0
82	80	2.0
82	81	4.0
82	82	402.0
82	83	4.0
82	84	2.0
82	85	2.0
82	126	1.0
83	37	1.0
83	75	1.0
83	76	2.0
83	80	1.0
83	81	2.0
83	82	2.0
83	83	384.0
83	84	4.0
83	101	1.0
84	76	1.0
84	79	3.0
84	81	2.0
84	83	2.0
84	84	406.0
84	85	2.0
84	140	1.0
85	44	1.0
85	72	1.0
85	74	1.0
85	75	4.0
85	76	1.0
85	80	2.0
85	81	2.0
85	82	2.0
85	83	1.0
85	85	387.0
85	86	4.0
85	88	1.0
85	117	1.0
85	132	1.0
86	36	1.0
86	85	2.0
86	86	378.0
86	87	3.0
86	88	6.0
86	108	1.0
87	86	8.0
87	87	403.0
87	88	3.0
88	74	1.0
88	86	6.0
88	87	8.0
88	88	402.0
88	117	1.0
89	5	1.0
89	11	1.0
89	86	1.0
89	89	433.0
89	90	7.0
89	91	7.0
89	116	2.0
90	5	1.0
90	22	1.0
90	23	1.0
90	77	1.0
90	89	11.0
90	90	396.0
90	91	2.0
90	135	1.0
91	25	3.0
91	88	1.0
91	89	7.0
91	90	5.0
91	91	391.0
91	93	3.0
92	6	2.0
92	92	303.0
92	93	3.0
92	94	1.0
93	91	1.0
93	92	4.0
93	93	418.0
93	94	9.0
93	95	2.0
93	114	1.0
93	142	5.0
94	1	1.0
94	24	1.0
94	70	1.0
94	83	1.0
94	92	3.0
94	93	9.0
94	94	380.0
94	95	1.0
94	107	1.0
94	109	2.0
95	85	1.0
95	93	2.0
95	95	434.0
96	73	2.0
96	96	440.0
96	97	1.0
96	107	2.0
96	108	1.0
96	111	2.0
96	119	1.0
97	96	6.0
97	97	365.0
97	99	1.0
97	107	1.0
97	112	1.0
97	129	1.0
98	98	452.0
98	99	1.0
98	112	3.0
99	33	1.0
99	66	1.0
99	68	1.0
99	97	3.0
99	98	1.0
99	99	368.0
99	100	3.0
99	129	1.0
100	98	3.0
100	99	3.0
100	100	425.0
100	101	5.0
100	104	1.0
101	100	4.0
101	101	493.0
101	103	3.0
101	104	1.0
101	128	3.0
102	78	1.0
102	101	2.0
102	102	384.0
102	103	4.0
102	104	1.0
102	105	2.0
102	107	1.0
102	120	1.0
102	125	4.0
103	101	5.0
103	102	4.0
103	103	418.0
103	104	5.0
103	107	1.0
103	126	4.0
103	127	1.0
104	83	1.0
104	101	2.0
104	102	2.0
104	104	375.0
104	105	8.0
104	106	6.0
104	124	1.0
104	125	3.0
104	126	1.0
104	127	1.0
104	129	2.0
105	23	1.0
105	97	1.0
105	102	1.0
105	103	2.0
105	104	12.0
105	105	392.0
105	106	7.0
105	107	2.0
105	125	6.0
105	129	1.0
106	102	1.0
106	104	5.0
106	105	6.0
106	106	346.0
106	107	1.0
106	125	1.0
106	130	1.0
107	5	1.0
107	31	1.0
107	102	2.0
107	103	1.0
107	104	1.0
107	105	1.0
107	106	4.0
107	107	394.0
107	108	7.0
107	110	1.0
107	125	1.0
107	126	1.0
107	127	1.0
108	14	1.0
108	76	1.0
108	78	1.0
108	79	1.0
108	91	1.0
108	96	1.0
108	101	1.0
108	107	1.0
108	108	429.0
108	109	4.0
108	110	1.0
108	129	1.0
109	1	1.0
109	3	2.0
109	73	1.0
109	74	1.0
109	75	2.0
109	86	1.0
109	94	1.0
109	108	5.0
109	109	392.0
109	110	3.0
109	111	2.0
109	115	1.0
110	77	4.0
110	110	396.0
110	111	3.0
110	115	2.0
110	120	1.0
111	77	1.0
111	78	1.0
111	92	1.0
111	96	3.0
111	108	2.0
111	109	7.0
111	110	3.0
111	111	389.0
111	112	2.0
111	119	1.0
112	35	1.0
112	78	2.0
112	95	1.0
112	97	2.0
112	98	4.0
112	111	4.0
112	112	438.0
112	113	2.0
112	114	1.0
112	115	1.0
113	83	1.0
113	113	456.0
113	114	4.0
113	115	3.0
113	116	2.0
113	119	1.0
113	123	1.0
113	124	1.0
113	132	1.0
114	77	1.0
114	113	5.0
114	114	406.0
114	115	7.0
114	117	2.0
114	121	2.0
114	124	2.0
115	76	1.0
115	78	4.0
115	79	1.0
115	109	2.0
115	110	1.0
115	112	1.0
115	113	2.0
115	114	3.0
115	115	394.0
115	116	1.0
115	124	1.0
115	136	1.0
116	85	1.0
116	105	1.0
116	113	1.0
116	114	1.0
116	115	3.0
116	116	483.0
116	117	2.0
116	121	1.0
116	138	1.0
117	74	2.0
117	116	3.0
117	117	424.0
117	118	7.0
117	119	3.0
117	121	2.0
117	131	1.0
118	35	1.0
118	73	1.0
118	74	1.0
118	98	1.0
118	117	8.0
118	118	374.0
118	119	3.0
118	120	1.0
118	121	6.0
118	122	2.0
118	123	2.0
118	124	1.0
119	72	2.0
119	111	1.0
119	117	2.0
119	118	6.0
119	119	418.0
119	120	3.0
119	121	1.0
119	139	1.0
120	35	1.0
120	72	1.0
120	110	1.0
120	119	5.0
120	120	406.0
120	121	2.0
120	122	2.0
120	123	2.0
121	117	5.0
121	118	3.0
121	119	1.0
121	120	3.0
121	121	388.0
121	122	9.0
121	123	6.0
122	46	1.0
122	118	1.0
122	119	1.0
122	120	2.0
122	121	6.0
122	122	432.0
122	123	5.0
123	35	2.0
123	104	1.0
123	113	1.0
123	114	1.0
123	120	4.0
123	121	6.0
123	122	3.0
123	123	462.0
123	124	6.0
124	35	1.0
124	104	2.0
124	105	1.0
124	113	4.0
124	114	1.0
124	123	3.0
124	124	428.0
124	125	1.0
125	102	2.0
125	104	3.0
125	105	1.0
125	125	419.0
125	127	2.0
125	130	1.0
126	102	1.0
126	103	3.0
126	125	1.0
126	126	452.0
126	127	4.0
126	128	1.0
127	101	1.0
127	104	1.0
127	125	1.0
127	126	6.0
127	127	459.0
127	128	6.0
127	129	5.0
128	101	1.0
128	103	4.0
128	110	1.0
128	125	2.0
128	126	2.0
128	127	6.0
128	128	432.0
128	129	2.0
129	97	1.0
129	105	2.0
129	127	5.0
129	128	6.0
129	129	399.0
129	130	3.0
130	96	1.0
130	97	1.0
130	127	1.0
130	129	3.0
130	130	437.0
130	131	1.0
131	75	1.0
131	101	1.0
131	131	461.0
131	132	1.0
131	134	1.0
132	75	2.0
132	130	3.0
132	131	4.0
132	132	469.0
132	133	2.0
132	134	4.0
132	136	2.0
133	76	1.0
133	131	1.0
133	132	6.0
133	133	385.0
133	134	1.0
133	135	1.0
134	25	1.0
134	84	2.0
134	131	1.0
134	132	2.0
134	133	2.0
134	134	401.0
134	135	12.0
134	136	3.0
135	116	1.0
135	133	5.0
135	134	4.0
135	135	461.0
135	136	1.0
135	140	1.0
136	134	1.0
136	135	3.0
136	136	437.0
136	137	1.0
136	138	1.0
137	79	1.0
137	130	1.0
137	137	456.0
137	138	5.0
138	20	1.0
138	110	1.0
138	136	2.0
138	137	4.0
138	138	495.0
138	139	1.0
139	133	1.0
139	134	1.0
139	136	2.0
139	137	1.0
139	138	3.0
139	139	463.0
140	84	1.0
140	136	4.0
140	138	2.0
140	139	4.0
140	140	421.0
140	141	2.0
141	140	3.0
141	141	18.0
142	1	1.0
142	2	2.0
142	36	2.0
142	71	1.0
142	76	1.0
142	94	1.0
142	95	1.0
142	109	5.0
142	142	367.0
