1	1	275.0
1	2	28.0
1	3	3.0
1	5	1.0
1	7	1.0
1	39	1.0
1	45	1.0
1	71	1.0
1	82	1.0
1	121	1.0
2	2	275.0
2	3	11.0
2	4	6.0
2	5	6.0
2	7	3.0
2	14	2.0
2	37	1.0
2	40	1.0
2	46	1.0
2	70	1.0
2	73	1.0
2	80	1.0
2	82	1.0
2	91	1.0
2	121	1.0
3	3	243.0
3	4	5.0
3	5	11.0
3	6	4.0
3	7	8.0
3	37	2.0
3	40	1.0
3	41	2.0
3	71	2.0
3	79	1.0
3	80	1.0
3	82	1.0
3	121	1.0
4	4	185.0
4	5	2.0
4	6	2.0
4	12	2.0
4	13	1.0
4	37	1.0
4	38	2.0
4	43	1.0
4	44	5.0
4	71	2.0
4	79	2.0
4	80	3.0
4	82	1.0
4	90	1.0
4	120	3.0
4	121	7.0
4	131	1.0
5	5	212.0
5	6	5.0
5	7	2.0
5	12	6.0
5	13	1.0
5	14	1.0
5	37	2.0
5	40	3.0
5	42	1.0
5	80	7.0
5	81	2.0
5	82	3.0
5	119	2.0
5	120	1.0
6	6	244.0
6	7	19.0
6	8	4.0
6	11	5.0
6	12	14.0
6	13	4.0
6	14	1.0
6	16	1.0
6	34	1.0
6	80	3.0
6	126	1.0
7	7	239.0
7	8	11.0
7	11	6.0
7	12	1.0
7	19	1.0
7	60	1.0
7	64	1.0
7	94	1.0
7	113	1.0
7	126	1.0
7	128	2.0
7	129	1.0
8	8	239.0
8	9	16.0
8	10	13.0
8	37	1.0
8	41	1.0
8	43	1.0
8	73	1.0
9	9	268.0
9	10	17.0
9	38	1.0
9	84	1.0
9	109	1.0
9	129	4.0
10	10	233.0
10	11	17.0
10	36	1.0
10	71	6.0
10	79	1.0
10	124	1.0
11	11	271.0
11	12	16.0
11	71	10.0
11	72	1.0
11	90	1.0
11	99	1.0
11	108	1.0
11	113	1.0
12	12	231.0
12	13	17.0
12	14	9.0
12	15	1.0
12	36	1.0
12	44	1.0
12	59	2.0
12	61	1.0
12	71	5.0
12	79	2.0
12	80	2.0
12	81	1.0
12	87	1.0
12	93	1.0
12	94	8.0
12	95	6.0
12	98	2.0
12	100	2.0
12	105	1.0
12	107	4.0
12	121	1.0
12	128	3.0
13	13	231.0
13	14	6.0
13	15	3.0
13	40	1.0
13	79	3.0
13	80	6.0
13	81	3.0
13	82	1.0
13	93	1.0
13	94	5.0
13	95	2.0
13	98	1.0
13	101	4.0
13	107	10.0
13	108	1.0
13	127	1.0
14	14	229.0
14	15	17.0
14	16	6.0
14	17	1.0
14	36	1.0
14	37	2.0
14	40	4.0
14	59	3.0
14	84	1.0
14	86	1.0
14	94	1.0
14	95	3.0
14	107	1.0
14	118	1.0
14	119	4.0
14	120	4.0
14	121	9.0
15	15	256.0
15	16	21.0
15	17	7.0
15	21	4.0
15	39	1.0
15	42	1.0
15	56	1.0
15	59	5.0
15	86	1.0
15	93	2.0
15	106	1.0
15	118	1.0
15	119	14.0
15	121	2.0
15	122	1.0
15	126	6.0
15	129	1.0
16	16	261.0
16	17	12.0
16	19	1.0
16	21	3.0
16	30	1.0
16	34	1.0
16	78	1.0
16	86	1.0
16	94	1.0
16	95	3.0
16	103	2.0
16	110	1.0
16	111	1.0
16	125	1.0
16	131	2.0
17	17	308.0
17	18	2.0
17	20	11.0
17	21	10.0
17	59	1.0
17	61	7.0
17	62	3.0
17	65	1.0
17	80	1.0
17	87	1.0
17	93	2.0
17	94	1.0
17	103	1.0
17	123	1.0
17	125	1.0
18	18	235.0
18	19	24.0
18	20	4.0
18	21	3.0
18	22	1.0
18	27	1.0
18	28	3.0
18	59	1.0
18	75	1.0
18	102	1.0
18	103	2.0
18	104	2.0
18	105	2.0
19	19	281.0
19	20	22.0
19	22	3.0
19	26	1.0
19	27	1.0
19	28	2.0
19	29	1.0
19	30	1.0
19	31	3.0
19	32	1.0
19	68	1.0
19	101	2.0
19	102	1.0
20	20	244.0
20	21	19.0
20	22	17.0
20	23	2.0
20	24	1.0
20	25	1.0
20	26	5.0
20	27	6.0
20	28	3.0
20	29	2.0
20	31	4.0
20	32	6.0
20	33	1.0
20	78	1.0
20	101	1.0
20	102	2.0
21	21	198.0
21	22	8.0
21	24	4.0
21	26	1.0
21	27	2.0
21	32	1.0
21	66	1.0
21	100	1.0
21	102	2.0
21	103	4.0
21	104	2.0
21	105	1.0
21	106	1.0
21	107	1.0
22	22	201.0
22	23	9.0
22	24	6.0
22	25	12.0
22	26	6.0
22	27	3.0
22	31	1.0
22	32	2.0
22	33	7.0
22	34	1.0
22	45	1.0
22	97	1.0
22	99	1.0
22	102	11.0
22	103	1.0
22	104	1.0
22	110	1.0
22	111	1.0
23	23	206.0
23	24	13.0
23	25	22.0
23	26	17.0
23	27	1.0
23	31	6.0
23	32	5.0
23	33	2.0
23	59	2.0
23	102	1.0
24	24	175.0
24	25	17.0
24	26	16.0
24	31	1.0
24	32	1.0
24	33	14.0
24	34	2.0
24	35	3.0
24	36	4.0
24	99	1.0
24	108	1.0
24	113	1.0
25	25	197.0
25	26	10.0
25	31	1.0
25	33	6.0
25	34	4.0
25	35	2.0
25	38	1.0
25	49	1.0
26	26	184.0
26	27	16.0
26	31	3.0
26	32	6.0
26	100	1.0
26	102	1.0
26	106	1.0
26	111	1.0
27	27	212.0
27	28	19.0
27	29	17.0
27	30	5.0
27	31	6.0
27	32	5.0
27	76	1.0
27	102	2.0
27	113	3.0
28	28	188.0
28	29	17.0
28	30	4.0
28	87	1.0
28	102	5.0
28	113	1.0
28	114	1.0
29	29	197.0
29	30	11.0
29	31	2.0
29	32	4.0
29	33	1.0
29	96	1.0
29	104	1.0
29	105	1.0
29	113	3.0
29	114	1.0
29	131	1.0
30	30	213.0
30	31	5.0
30	32	13.0
30	42	1.0
30	47	1.0
30	88	1.0
30	104	1.0
30	112	4.0
30	113	7.0
30	115	1.0
30	122	1.0
30	130	1.0
30	132	1.0
31	31	220.0
31	32	18.0
31	95	1.0
31	112	1.0
31	113	1.0
32	32	191.0
32	43	1.0
32	62	1.0
32	71	1.0
32	78	1.0
32	113	1.0
32	114	2.0
33	33	246.0
33	34	10.0
33	35	8.0
33	36	1.0
33	39	3.0
33	59	1.0
33	91	2.0
33	96	2.0
33	97	3.0
33	98	1.0
33	99	3.0
33	101	2.0
33	117	1.0
33	125	2.0
34	34	254.0
34	35	16.0
34	36	5.0
34	42	1.0
34	99	5.0
35	35	232.0
35	36	19.0
35	37	1.0
35	38	1.0
35	39	8.0
35	40	2.0
35	42	1.0
35	96	1.0
35	99	1.0
36	36	221.0
36	37	5.0
36	38	11.0
36	39	1.0
36	42	1.0
36	43	6.0
36	57	1.0
36	59	4.0
36	60	1.0
36	84	1.0
36	94	1.0
36	119	1.0
36	122	6.0
36	126	4.0
36	127	1.0
36	129	6.0
36	130	1.0
37	37	182.0
37	38	12.0
37	39	1.0
37	40	6.0
37	41	4.0
37	42	4.0
37	43	3.0
37	60	1.0
37	78	1.0
37	80	5.0
37	81	1.0
37	86	1.0
37	107	1.0
37	112	1.0
37	115	3.0
37	116	1.0
37	118	2.0
37	120	2.0
37	121	3.0
37	122	1.0
37	126	2.0
37	127	1.0
37	128	4.0
37	129	2.0
37	130	6.0
37	131	1.0
37	132	1.0
37	133	4.0
38	38	214.0
38	39	15.0
38	40	9.0
38	41	4.0
38	42	5.0
38	43	7.0
38	44	8.0
38	45	1.0
38	78	2.0
38	81	1.0
38	87	1.0
38	120	3.0
38	122	2.0
38	126	2.0
38	127	2.0
39	39	192.0
39	40	4.0
39	41	6.0
39	42	7.0
39	43	4.0
39	44	5.0
39	45	6.0
39	60	1.0
39	79	1.0
39	82	1.0
39	119	3.0
39	120	2.0
39	122	5.0
39	126	3.0
39	127	1.0
40	40	214.0
40	41	10.0
40	42	17.0
40	43	3.0
40	44	3.0
40	45	1.0
40	56	1.0
40	75	1.0
40	78	3.0
40	79	3.0
40	80	1.0
40	81	5.0
40	85	1.0
40	120	2.0
40	127	4.0
41	41	183.0
41	42	12.0
41	43	2.0
41	45	3.0
41	56	1.0
41	77	5.0
41	78	11.0
41	79	2.0
41	80	6.0
41	81	5.0
41	82	2.0
41	90	9.0
41	91	1.0
41	122	2.0
41	127	1.0
42	42	205.0
42	43	10.0
42	59	1.0
42	60	3.0
42	65	1.0
42	75	1.0
42	79	1.0
42	80	3.0
42	81	4.0
42	82	1.0
42	87	1.0
42	93	1.0
42	118	1.0
42	119	1.0
42	120	3.0
42	126	6.0
42	127	5.0
42	129	2.0
43	43	218.0
43	44	2.0
43	45	9.0
43	78	1.0
43	80	1.0
43	119	2.0
43	120	1.0
43	122	10.0
44	44	263.0
44	45	16.0
44	78	2.0
44	79	2.0
44	81	1.0
44	83	2.0
44	119	1.0
44	133	1.0
45	45	293.0
45	46	3.0
45	77	5.0
45	78	6.0
45	81	1.0
45	86	1.0
45	114	1.0
45	121	1.0
45	122	3.0
45	124	1.0
46	46	264.0
46	47	8.0
46	68	1.0
46	75	3.0
46	76	3.0
46	77	3.0
46	78	2.0
46	82	2.0
46	83	2.0
46	84	5.0
46	117	3.0
47	47	260.0
47	48	6.0
47	49	7.0
47	50	1.0
47	51	1.0
47	55	2.0
47	57	3.0
47	76	1.0
47	115	1.0
47	134	1.0
48	48	215.0
48	49	25.0
48	50	6.0
48	51	25.0
48	54	1.0
48	55	4.0
48	56	2.0
48	57	6.0
48	58	2.0
48	66	1.0
48	80	2.0
48	95	4.0
48	97	1.0
49	49	176.0
49	50	14.0
49	54	2.0
49	55	7.0
49	57	1.0
49	58	2.0
49	74	2.0
49	89	2.0
49	95	3.0
49	124	2.0
50	50	181.0
50	51	18.0
50	54	4.0
50	55	7.0
50	56	5.0
50	57	1.0
50	58	1.0
50	61	1.0
50	108	1.0
50	109	1.0
50	117	1.0
51	51	118.0
51	54	4.0
51	55	6.0
51	56	5.0
51	57	3.0
51	58	1.0
51	87	1.0
51	108	1.0
54	54	50.0
54	55	3.0
54	56	2.0
55	55	194.0
55	56	26.0
55	57	11.0
55	58	8.0
55	66	1.0
55	95	2.0
55	107	1.0
55	110	1.0
55	111	2.0
55	114	1.0
55	133	1.0
56	56	243.0
56	57	11.0
56	58	6.0
56	76	1.0
56	79	1.0
56	85	1.0
56	111	1.0
57	57	258.0
57	58	28.0
57	66	3.0
57	68	1.0
57	77	1.0
57	88	1.0
57	94	2.0
57	95	1.0
57	98	1.0
57	109	2.0
57	111	2.0
57	117	1.0
57	125	1.0
58	58	240.0
58	59	4.0
58	66	3.0
58	69	1.0
58	88	1.0
58	94	1.0
58	95	3.0
58	98	1.0
58	101	1.0
58	108	1.0
58	109	3.0
58	111	2.0
58	124	2.0
58	125	1.0
59	59	240.0
59	60	2.0
59	61	2.0
59	62	12.0
59	68	4.0
59	72	1.0
59	91	1.0
59	92	4.0
59	93	3.0
59	94	4.0
59	95	2.0
59	96	4.0
59	97	1.0
59	98	1.0
59	100	2.0
59	114	1.0
59	117	1.0
59	118	6.0
59	122	1.0
59	123	1.0
59	124	2.0
59	125	1.0
59	126	4.0
59	127	3.0
59	128	1.0
59	129	5.0
60	60	245.0
60	61	16.0
60	77	1.0
60	78	14.0
60	79	10.0
60	80	4.0
60	81	1.0
60	82	1.0
60	86	1.0
60	87	1.0
60	88	1.0
60	89	1.0
60	92	4.0
60	93	3.0
60	117	5.0
60	120	1.0
60	126	1.0
60	127	10.0
60	128	1.0
60	129	9.0
61	61	312.0
61	62	7.0
61	70	2.0
61	74	11.0
61	86	2.0
61	87	7.0
61	88	4.0
61	89	14.0
61	91	3.0
61	92	6.0
61	93	4.0
61	124	1.0
61	128	1.0
62	62	265.0
62	63	19.0
62	66	1.0
62	68	10.0
62	69	5.0
62	70	4.0
62	73	1.0
62	88	2.0
62	89	1.0
62	92	3.0
62	93	1.0
62	132	1.0
63	63	221.0
63	64	11.0
63	66	1.0
63	67	7.0
63	68	12.0
63	69	3.0
63	73	2.0
63	74	1.0
63	82	1.0
63	90	1.0
63	91	1.0
63	93	2.0
63	94	2.0
63	121	1.0
63	127	1.0
64	64	304.0
64	65	13.0
64	67	10.0
64	68	2.0
64	92	1.0
65	65	315.0
65	66	3.0
65	67	1.0
65	72	1.0
65	112	1.0
66	66	283.0
66	67	13.0
66	116	1.0
67	67	233.0
67	68	12.0
67	69	1.0
67	71	2.0
67	90	1.0
68	68	310.0
68	69	11.0
68	70	6.0
68	71	2.0
68	84	1.0
68	90	1.0
68	92	4.0
68	127	2.0
68	128	1.0
69	69	248.0
69	70	21.0
69	71	13.0
69	72	4.0
69	90	2.0
69	91	2.0
69	93	6.0
69	94	6.0
69	126	1.0
70	70	269.0
70	71	13.0
70	72	1.0
70	75	1.0
70	90	1.0
70	91	1.0
70	92	12.0
70	93	6.0
70	107	1.0
71	71	247.0
71	72	11.0
71	92	1.0
71	108	1.0
71	124	1.0
72	72	289.0
72	73	10.0
72	76	1.0
72	83	5.0
72	84	3.0
72	85	11.0
72	87	1.0
72	107	1.0
73	73	280.0
73	74	8.0
73	75	4.0
73	77	2.0
73	85	1.0
73	89	1.0
73	117	1.0
74	74	251.0
74	75	3.0
74	77	3.0
74	79	4.0
74	80	2.0
74	81	5.0
74	82	3.0
74	83	2.0
74	84	1.0
74	86	4.0
74	87	6.0
74	88	10.0
74	89	2.0
74	131	1.0
75	75	291.0
75	76	13.0
75	77	10.0
75	81	1.0
75	83	4.0
75	84	11.0
75	85	7.0
75	86	2.0
75	90	1.0
75	91	1.0
75	106	1.0
76	76	233.0
76	77	22.0
76	83	1.0
76	85	7.0
76	111	1.0
77	77	250.0
77	78	6.0
77	79	1.0
77	81	1.0
77	82	6.0
77	83	2.0
77	85	1.0
77	122	1.0
77	127	1.0
77	130	1.0
78	78	232.0
78	79	13.0
78	80	6.0
78	81	9.0
78	82	2.0
78	83	3.0
78	85	3.0
78	86	1.0
78	87	1.0
78	88	4.0
78	90	1.0
78	93	1.0
78	122	1.0
78	127	2.0
79	79	210.0
79	80	10.0
79	81	9.0
79	82	4.0
79	83	1.0
79	90	7.0
79	92	2.0
79	93	2.0
79	112	1.0
79	120	1.0
80	80	197.0
80	81	18.0
80	82	13.0
80	83	2.0
80	84	2.0
80	87	1.0
80	90	6.0
80	93	2.0
80	94	2.0
80	121	1.0
80	122	1.0
80	127	1.0
81	81	202.0
81	82	16.0
81	83	3.0
81	84	1.0
81	85	4.0
81	86	2.0
81	88	1.0
81	90	1.0
81	92	1.0
81	93	11.0
81	94	4.0
81	117	1.0
81	126	2.0
81	127	1.0
82	82	243.0
82	83	10.0
82	84	8.0
82	85	13.0
82	86	1.0
82	87	1.0
82	88	1.0
82	90	1.0
82	92	3.0
82	93	3.0
83	83	244.0
83	84	15.0
83	85	20.0
83	121	1.0
83	129	1.0
84	84	222.0
84	85	24.0
84	86	7.0
84	87	1.0
84	88	3.0
84	92	1.0
84	116	1.0
85	85	232.0
85	86	7.0
85	87	1.0
85	92	1.0
86	86	215.0
86	87	10.0
86	88	5.0
86	89	1.0
86	90	2.0
86	91	10.0
86	92	4.0
86	95	1.0
87	87	229.0
87	88	17.0
87	89	17.0
87	91	1.0
87	92	1.0
87	128	1.0
88	88	196.0
88	89	14.0
88	92	2.0
88	93	1.0
88	95	1.0
89	89	107.0
89	92	9.0
89	122	1.0
90	90	172.0
90	91	19.0
90	92	17.0
90	93	3.0
90	94	4.0
91	91	194.0
91	92	8.0
91	93	6.0
91	94	4.0
91	115	1.0
91	116	1.0
92	92	214.0
92	93	8.0
92	122	1.0
92	124	1.0
92	129	1.0
92	130	1.0
93	93	243.0
93	94	5.0
93	129	4.0
94	94	241.0
94	95	35.0
94	96	11.0
94	98	1.0
94	100	2.0
94	101	8.0
94	109	1.0
94	111	1.0
94	118	9.0
94	123	1.0
94	125	1.0
94	126	1.0
94	129	1.0
95	95	237.0
95	96	5.0
95	98	8.0
95	99	6.0
95	100	3.0
95	101	1.0
95	110	7.0
95	111	8.0
95	115	1.0
95	124	2.0
95	125	5.0
96	96	185.0
96	97	18.0
96	98	9.0
96	99	8.0
96	100	8.0
96	101	1.0
96	108	2.0
96	114	1.0
96	123	13.0
96	124	5.0
96	125	1.0
97	97	173.0
97	98	8.0
97	99	4.0
97	100	5.0
97	101	3.0
97	102	2.0
97	124	9.0
97	125	1.0
98	98	212.0
98	99	8.0
98	100	20.0
98	101	9.0
98	102	2.0
98	108	1.0
98	123	5.0
98	124	11.0
99	99	218.0
99	100	17.0
99	101	7.0
99	102	1.0
99	125	1.0
100	100	188.0
100	101	11.0
100	124	2.0
101	101	220.0
101	102	10.0
101	103	1.0
101	104	6.0
101	105	2.0
101	106	8.0
101	107	2.0
101	116	1.0
101	124	2.0
101	125	2.0
102	102	235.0
102	103	7.0
102	104	5.0
102	105	9.0
102	106	6.0
102	107	3.0
102	114	1.0
103	103	205.0
103	104	22.0
103	105	13.0
103	106	4.0
103	107	2.0
103	120	1.0
104	104	194.0
104	105	22.0
104	106	1.0
104	107	3.0
105	105	200.0
105	106	20.0
105	107	11.0
105	110	3.0
106	106	219.0
106	107	18.0
106	108	1.0
106	110	2.0
107	107	208.0
107	108	5.0
107	110	8.0
107	111	5.0
108	108	222.0
108	109	35.0
108	110	1.0
108	111	2.0
108	126	1.0
109	109	256.0
109	110	6.0
109	111	4.0
109	118	1.0
109	120	1.0
109	121	1.0
110	110	212.0
110	111	19.0
110	114	1.0
110	115	4.0
110	116	5.0
110	118	1.0
110	119	1.0
110	122	1.0
111	111	259.0
111	113	2.0
111	115	11.0
111	116	21.0
111	117	3.0
111	127	1.0
112	112	253.0
112	113	37.0
112	114	4.0
112	115	7.0
112	116	12.0
112	117	1.0
112	130	5.0
112	131	1.0
112	133	2.0
113	113	254.0
113	114	16.0
113	115	8.0
113	116	6.0
113	117	5.0
113	130	3.0
113	131	2.0
113	132	2.0
113	134	2.0
114	114	248.0
114	115	15.0
114	116	11.0
114	131	2.0
114	134	4.0
115	115	252.0
115	116	20.0
115	117	3.0
115	118	1.0
115	128	2.0
115	130	3.0
115	131	4.0
115	132	1.0
115	133	1.0
115	134	7.0
116	116	274.0
116	117	10.0
116	130	13.0
116	131	3.0
116	133	1.0
117	117	311.0
117	118	12.0
117	119	1.0
117	128	6.0
117	129	5.0
117	130	7.0
118	118	288.0
118	119	12.0
118	123	1.0
118	126	3.0
118	127	1.0
118	128	5.0
118	129	6.0
119	119	290.0
119	120	13.0
119	121	4.0
119	122	4.0
119	126	1.0
119	127	8.0
119	129	1.0
120	120	272.0
120	121	27.0
120	122	15.0
120	127	2.0
120	130	1.0
120	131	1.0
121	121	234.0
121	122	12.0
122	122	226.0
122	123	5.0
122	125	5.0
122	126	1.0
122	127	5.0
123	123	266.0
123	124	4.0
123	125	22.0
124	124	240.0
124	125	6.0
125	125	240.0
125	126	6.0
126	126	245.0
126	127	15.0
126	128	1.0
126	129	2.0
127	127	208.0
127	128	7.0
127	129	18.0
128	128	266.0
128	129	13.0
128	130	2.0
128	132	2.0
128	133	5.0
129	129	227.0
129	130	5.0
129	132	2.0
130	130	243.0
130	131	21.0
130	132	19.0
130	133	1.0
131	131	246.0
131	132	26.0
131	133	4.0
131	134	4.0
132	132	236.0
132	133	7.0
132	134	3.0
133	133	271.0
133	134	5.0
134	134	251.0
136	1	9.0
136	3	2.0
136	6	1.0
136	36	1.0
136	89	1.0
136	134	6.0
136	136	257.0
