51	51	2
28	28	4
47	47	2
55	55	2
32	33	3
10	11	1
41	41	1
76	77	1
31	31	4
77	77	2
30	30	2
56	56	1
42	42	2
37	37	6
25	25	2
11	12	1
51	63	1
78	78	3
38	40	1
36	36	1
3	3	4
75	75	3
15	15	2
52	55	1
9	9	2
53	53	2
51	52	1
0	0	1
35	35	2
64	64	2
2	2	2
79	79	3
6	7	1
65	65	2
33	33	1
4	4	1
15	17	1
67	69	1
73	73	3
30	32	1
27	78	1
40	40	3
60	61	1
12	17	2
53	63	1
8	8	1
38	38	1
74	74	2
27	28	1
46	47	2
56	58	1
69	69	1
60	60	2
49	49	2
20	20	3
72	72	2
17	17	2
11	11	1
56	57	1
33	34	1
39	39	1
7	7	2
55	56	2
76	76	1
46	46	2
30	33	1
59	59	3
16	17	1
19	19	1
80	80	1
50	69	1
59	60	1
54	75	1
54	54	2
7	8	1
67	67	2
13	13	1
54	70	1
61	61	1
62	62	2
27	27	2
45	45	1
2	78	1
36	37	1
66	66	1
68	69	1
57	58	1
5	6	1
14	15	1
