108	108	1
1	2	1
128	128	2
24	24	3
52	52	2
89	92	1
105	105	2
86	86	2
28	28	3
12	12	2
124	124	2
51	51	6
125	125	2
49	49	6
76	88	1
34	34	1
110	110	2
129	130	2
22	23	1
62	68	1
11	23	1
57	57	4
10	10	4
117	117	2
33	34	3
8	8	1
120	121	1
69	69	3
109	120	1
23	24	2
10	11	1
59	59	1
7	7	1
2	2	2
96	96	3
73	73	1
90	90	2
40	40	1
7	8	1
54	54	1
26	26	2
51	53	1
107	108	1
119	119	3
48	48	2
106	106	1
56	56	3
60	60	1
126	126	6
32	32	1
118	118	7
92	92	2
72	75	2
89	89	1
53	70	1
6	6	4
107	119	1
77	82	2
14	14	1
127	127	2
20	45	1
48	49	1
47	47	2
38	40	1
87	87	1
58	58	3
106	117	2
80	80	1
75	76	1
68	112	1
98	98	2
19	19	1
17	17	1
43	76	1
115	115	1
41	42	2
96	98	1
27	28	1
70	82	1
93	93	2
27	27	2
99	99	1
32	48	1
62	64	1
32	56	1
39	39	1
53	53	1
25	27	1
6	8	1
31	31	1
91	91	1
79	81	1
84	100	1
113	113	2
74	74	1
25	119	1
40	64	2
122	122	3
94	95	1
114	114	2
30	30	1
50	50	1
57	58	1
51	52	1
66	67	1
97	97	2
79	79	1
100	100	1
44	44	3
89	99	1
5	5	1
81	82	1
46	46	3
116	116	1
111	111	1
97	98	1
70	70	1
16	16	1
100	107	1
68	68	2
92	101	1
4	5	1
101	101	2
90	102	1
129	129	1
95	95	1
106	107	1
63	63	1
120	120	1
89	101	1
114	115	1
107	107	2
131	131	1
84	84	1
18	18	1
79	80	1
85	86	1
30	31	1
0	0	1
65	65	1
43	43	1
69	70	1
42	42	1
46	117	1
99	100	1
45	46	1
106	109	1
131	132	1
