52	52	3
23	23	5
42	42	4
40	40	3
32	34	1
25	25	1
11	11	3
59	60	1
34	35	1
34	34	4
5	49	1
13	13	4
50	51	4
19	19	2
7	7	2
15	15	2
35	35	3
36	36	5
23	24	2
53	53	3
61	61	3
51	51	2
56	56	5
38	39	1
3	3	3
54	54	2
2	16	1
57	57	6
41	41	4
36	55	1
53	54	2
30	30	2
18	18	2
12	14	1
20	21	2
45	45	2
24	24	4
3	47	1
37	42	1
9	9	3
41	42	1
32	35	1
43	43	2
58	58	1
33	33	1
2	3	1
59	59	6
15	38	3
1	1	1
50	50	2
49	52	1
47	47	2
45	46	1
31	31	1
0	0	2
9	12	1
17	17	1
22	22	3
10	10	1
14	15	2
37	37	1
20	20	1
4	4	1
49	51	1
12	12	2
35	44	1
5	19	1
32	32	2
48	48	1
38	38	3
39	41	1
49	49	2
4	5	1
6	7	1
55	55	1
60	60	3
30	31	1
37	38	1
43	47	1
34	56	1
0	1	1
47	48	1
36	50	1
2	2	1
