30	30	3
52	52	2
127	127	3
118	119	2
32	32	5
119	119	5
4	5	1
102	103	2
42	42	1
108	108	4
98	98	1
56	56	3
24	26	1
73	75	1
26	26	3
72	72	3
31	31	4
96	100	1
43	43	3
32	33	1
3	3	2
23	24	1
89	89	3
2	2	1
9	9	6
91	106	1
94	94	2
80	81	1
93	93	3
27	27	1
5	6	1
75	75	2
91	96	2
79	81	1
55	81	1
87	87	1
67	68	1
104	104	1
52	53	2
92	122	1
57	57	2
1	72	1
99	128	2
46	46	4
102	127	1
112	113	4
113	114	4
98	99	1
79	79	4
41	44	1
5	5	3
99	103	1
101	129	1
118	118	3
104	105	2
88	89	2
53	53	3
14	14	1
133	133	2
24	24	1
88	126	1
48	48	3
86	105	1
29	29	1
111	111	2
18	18	1
78	86	1
99	101	2
59	60	2
117	117	1
27	70	1
91	99	1
72	76	1
69	69	2
131	131	4
99	99	1
49	49	2
84	87	1
66	75	1
50	50	6
25	26	1
25	25	2
109	109	3
5	50	1
116	116	1
81	81	1
7	8	1
97	97	2
16	16	2
83	83	1
90	91	1
6	6	3
10	10	1
92	92	2
113	113	3
102	102	1
129	129	1
71	71	3
44	44	1
116	119	1
50	54	2
33	33	2
104	107	1
13	20	1
74	74	1
91	91	2
21	21	1
39	39	1
21	33	1
105	105	2
33	34	1
103	103	1
23	23	1
43	62	1
55	55	2
64	67	1
78	78	3
45	45	1
58	71	1
112	112	1
84	106	1
130	130	1
51	51	3
121	123	1
128	131	1
57	58	1
123	123	1
118	129	1
132	132	2
97	101	1
93	100	1
64	65	1
19	20	1
72	74	1
80	83	1
22	22	2
93	94	1
60	62	1
4	4	1
75	76	1
53	56	1
51	53	1
110	112	1
70	70	1
101	102	1
69	76	1
73	73	1
65	65	2
62	68	1
11	25	1
63	63	1
8	8	1
95	101	1
28	31	1
100	100	2
130	131	1
124	124	1
14	15	1
84	84	1
41	45	1
12	12	1
40	40	2
110	110	1
52	121	1
108	109	1
120	120	1
0	0	1
15	16	1
76	76	1
1	1	1
11	13	1
108	114	1
93	106	1
88	88	1
38	38	1
116	120	1
20	30	1
121	121	1
