61	61	1
87	87	3
3	3	2
12	13	2
2	2	5
12	12	4
2	30	1
74	74	1
68	68	3
30	30	1
83	83	3
85	85	6
86	86	3
5	6	1
81	81	5
20	78	2
26	26	1
88	88	3
19	19	3
17	17	1
15	15	2
10	10	2
80	80	5
25	25	2
19	23	1
76	76	3
66	66	2
14	14	1
71	71	1
11	11	3
24	24	1
52	52	1
47	47	1
82	82	3
57	57	1
90	90	1
4	12	1
8	8	2
4	4	1
27	27	3
1	1	2
56	56	1
73	73	2
89	89	1
23	24	2
85	86	1
75	77	1
72	72	2
62	63	1
69	83	1
54	54	3
5	5	2
59	59	1
15	16	1
72	74	1
54	55	1
16	16	1
65	65	1
67	67	2
31	31	1
6	6	1
84	84	1
79	79	2
0	0	2
49	50	1
34	51	1
10	11	1
50	50	1
70	70	1
22	22	1
53	53	1
46	50	1
78	78	1
58	58	1
17	23	1
69	70	1
67	68	1
30	31	1
31	48	1
