72	72	2
57	78	1
50	50	2
84	84	4
65	65	5
67	67	6
74	77	2
54	54	3
100	101	1
58	59	2
59	92	1
53	55	3
47	47	1
39	44	1
58	70	1
57	57	3
38	39	4
95	95	5
45	57	1
79	79	8
45	45	4
92	96	1
96	98	1
56	56	6
57	58	2
29	29	3
35	40	1
58	58	6
81	81	4
50	58	3
91	91	2
33	33	2
61	98	1
26	27	2
89	89	4
40	70	1
28	28	3
34	34	3
47	48	4
76	76	1
63	75	3
79	80	2
31	31	2
49	49	2
43	44	1
83	83	3
70	70	4
25	25	1
51	51	3
55	82	3
37	37	1
74	74	5
99	99	6
69	69	5
77	78	1
78	78	4
87	87	1
39	39	5
38	38	2
80	81	2
41	42	1
52	52	5
66	67	1
92	92	2
88	88	5
61	61	4
93	96	1
85	92	1
97	98	2
75	75	2
36	49	1
93	93	4
73	73	4
73	74	1
26	26	1
77	77	5
44	44	6
49	57	1
83	84	1
27	27	2
42	42	1
101	101	3
61	77	2
62	77	1
59	59	3
23	25	1
98	99	1
89	90	2
64	65	1
75	76	1
69	70	2
66	66	1
49	90	1
30	30	1
65	89	1
102	102	1
80	80	1
78	79	1
35	35	2
40	40	4
20	20	1
46	47	1
69	72	1
64	64	2
96	97	2
86	87	1
36	36	4
69	73	2
91	92	2
70	99	1
88	93	1
41	41	1
71	71	1
90	90	5
29	32	1
21	23	1
47	98	1
100	100	1
55	95	2
45	52	1
56	57	1
67	68	2
22	23	1
92	95	1
35	38	1
92	93	1
59	91	1
60	93	1
60	62	1
50	90	1
79	81	1
61	99	1
94	94	1
97	97	1
50	62	1
52	55	1
21	21	1
63	63	1
