3	3	23.0
3	4	6.0
3	5	7.0
4	4	39.0
4	5	1.0
5	5	32.0
5	6	2.0
5	8	1.0
5	18	1.0
5	123	2.0
6	6	33.0
6	7	1.0
6	54	1.0
6	63	1.0
7	7	42.0
7	23	1.0
8	8	33.0
8	9	4.0
9	9	45.0
9	10	3.0
9	137	1.0
10	10	28.0
10	14	1.0
10	20	1.0
10	71	1.0
11	11	3.0
11	12	2.0
12	12	27.0
12	13	2.0
13	13	30.0
13	14	3.0
13	81	2.0
13	132	1.0
14	14	25.0
14	18	2.0
14	21	1.0
14	32	1.0
14	33	1.0
14	34	1.0
14	81	11.0
14	82	1.0
14	132	3.0
15	15	10.0
15	16	4.0
16	16	16.0
16	17	1.0
16	18	2.0
16	82	5.0
17	17	30.0
17	18	2.0
17	19	3.0
17	20	3.0
17	22	1.0
17	78	1.0
17	80	1.0
17	81	4.0
17	82	2.0
17	126	2.0
18	18	16.0
18	19	1.0
18	42	1.0
18	82	1.0
18	130	1.0
19	19	43.0
19	20	6.0
19	82	1.0
19	83	1.0
19	99	1.0
20	20	46.0
20	21	4.0
20	79	2.0
21	21	29.0
21	22	1.0
21	56	1.0
21	135	5.0
22	22	34.0
22	23	2.0
22	61	1.0
22	134	1.0
23	23	27.0
23	24	1.0
23	32	1.0
24	24	22.0
24	25	1.0
24	118	1.0
25	25	40.0
25	26	1.0
25	63	1.0
26	26	31.0
26	27	2.0
26	31	2.0
27	27	30.0
27	28	1.0
27	29	5.0
27	124	1.0
27	130	1.0
27	148	1.0
28	28	31.0
28	29	4.0
28	37	1.0
29	29	34.0
29	34	1.0
30	30	42.0
30	31	2.0
30	118	1.0
31	31	31.0
31	32	4.0
31	128	1.0
31	129	3.0
32	32	50.0
32	33	1.0
32	125	1.0
33	33	43.0
33	48	1.0
33	109	1.0
34	34	33.0
34	35	2.0
34	36	2.0
35	35	34.0
35	36	7.0
35	37	1.0
35	38	2.0
35	73	1.0
36	36	28.0
36	37	2.0
36	66	1.0
37	37	51.0
37	38	2.0
38	38	29.0
38	39	5.0
38	40	1.0
38	134	1.0
39	39	42.0
39	40	1.0
39	90	1.0
40	40	41.0
40	41	3.0
40	42	1.0
40	78	1.0
40	89	1.0
41	41	38.0
41	42	3.0
41	123	1.0
42	42	28.0
42	43	2.0
42	49	2.0
42	61	1.0
42	62	1.0
42	89	1.0
43	43	37.0
43	44	2.0
43	61	1.0
44	44	40.0
44	45	1.0
44	46	2.0
44	112	1.0
44	142	1.0
45	45	45.0
45	46	9.0
45	61	1.0
46	46	31.0
46	47	2.0
46	71	1.0
47	47	36.0
47	48	1.0
47	50	5.0
47	53	1.0
47	59	3.0
47	123	1.0
48	48	30.0
48	49	1.0
48	50	2.0
48	59	1.0
48	69	1.0
48	122	1.0
48	137	1.0
49	49	33.0
49	50	7.0
49	61	1.0
49	68	1.0
49	69	1.0
49	77	3.0
50	50	33.0
50	51	4.0
50	59	1.0
50	60	1.0
50	66	1.0
50	78	1.0
51	51	12.0
51	58	1.0
51	59	8.0
51	60	9.0
51	61	1.0
52	52	42.0
52	57	6.0
53	53	39.0
53	54	4.0
53	76	1.0
53	81	1.0
54	54	40.0
54	55	1.0
54	81	2.0
55	55	23.0
55	56	4.0
55	57	1.0
55	58	2.0
55	78	1.0
55	79	1.0
55	81	4.0
56	56	26.0
56	57	3.0
56	58	1.0
56	78	1.0
57	57	21.0
57	58	1.0
58	58	33.0
58	61	2.0
59	59	29.0
59	60	1.0
59	63	1.0
60	60	23.0
60	61	6.0
61	61	12.0
62	62	15.0
62	63	1.0
63	63	19.0
63	64	2.0
63	66	1.0
64	64	43.0
64	65	7.0
64	66	2.0
64	92	1.0
65	65	46.0
65	66	2.0
65	136	1.0
66	66	41.0
66	73	1.0
67	67	32.0
67	68	1.0
67	70	1.0
68	68	35.0
68	69	3.0
68	78	1.0
69	69	25.0
69	70	6.0
69	72	1.0
70	70	30.0
70	71	2.0
71	71	16.0
71	72	3.0
72	72	29.0
72	73	3.0
73	73	33.0
73	74	1.0
73	75	1.0
74	74	48.0
74	75	3.0
75	75	40.0
75	76	6.0
75	134	1.0
76	76	46.0
76	77	3.0
76	85	1.0
76	127	1.0
76	128	1.0
77	77	31.0
77	78	3.0
78	78	43.0
78	79	7.0
78	81	1.0
78	87	1.0
78	126	2.0
79	79	23.0
79	80	1.0
79	127	5.0
80	80	25.0
80	126	4.0
80	127	2.0
80	132	2.0
80	133	1.0
81	81	23.0
81	82	6.0
81	84	1.0
81	107	1.0
81	132	2.0
82	82	21.0
82	125	1.0
83	83	7.0
83	84	2.0
83	87	2.0
84	84	15.0
84	85	5.0
84	87	1.0
84	91	1.0
85	85	22.0
85	86	2.0
85	90	1.0
85	91	2.0
86	86	26.0
86	87	5.0
86	90	1.0
87	87	21.0
87	88	1.0
87	125	1.0
88	88	20.0
88	89	2.0
88	112	3.0
89	89	32.0
89	90	3.0
89	91	6.0
89	130	2.0
90	90	22.0
90	91	9.0
90	92	1.0
90	143	1.0
91	91	17.0
91	92	2.0
92	92	31.0
92	93	2.0
92	95	1.0
92	97	1.0
92	104	2.0
92	110	3.0
92	112	1.0
92	114	1.0
93	93	13.0
95	95	5.0
95	96	2.0
95	110	1.0
96	96	32.0
96	97	5.0
96	105	1.0
96	116	1.0
97	97	21.0
97	98	1.0
97	104	1.0
98	98	16.0
98	99	3.0
98	101	2.0
98	103	1.0
99	99	27.0
99	100	1.0
99	139	3.0
100	100	39.0
100	101	2.0
100	140	1.0
101	101	30.0
101	102	4.0
101	125	2.0
102	102	33.0
102	103	10.0
102	124	1.0
103	103	47.0
103	104	3.0
104	104	20.0
104	105	3.0
104	130	1.0
105	105	11.0
105	106	2.0
105	109	1.0
106	106	23.0
106	107	7.0
107	107	22.0
107	108	2.0
108	108	20.0
108	109	2.0
109	109	9.0
109	110	4.0
109	111	1.0
110	110	42.0
110	111	2.0
110	135	1.0
111	111	39.0
111	112	2.0
111	125	1.0
112	112	24.0
112	113	3.0
112	114	1.0
112	115	1.0
113	113	45.0
113	114	4.0
113	115	2.0
113	122	1.0
113	130	2.0
114	114	39.0
114	115	6.0
114	123	1.0
115	115	27.0
115	116	1.0
115	123	1.0
116	116	44.0
116	117	1.0
116	123	1.0
117	117	36.0
117	118	2.0
117	121	2.0
117	122	3.0
117	123	1.0
118	118	26.0
118	119	1.0
118	122	1.0
119	119	36.0
119	120	1.0
120	120	31.0
120	121	2.0
121	121	32.0
121	122	9.0
122	122	35.0
122	123	2.0
122	125	1.0
123	123	32.0
123	124	2.0
123	125	1.0
124	124	26.0
124	125	4.0
125	125	37.0
125	126	4.0
125	142	1.0
126	126	21.0
126	127	3.0
126	128	1.0
126	143	2.0
127	127	39.0
127	128	1.0
127	147	1.0
127	148	1.0
128	128	52.0
128	130	1.0
128	134	4.0
129	129	34.0
129	130	1.0
129	132	1.0
129	136	2.0
130	130	34.0
130	131	5.0
130	132	1.0
130	133	3.0
131	131	39.0
131	132	1.0
131	133	1.0
132	132	33.0
132	133	3.0
133	133	44.0
133	134	1.0
134	134	44.0
134	135	4.0
135	135	43.0
135	136	2.0
135	150	2.0
136	136	48.0
137	137	39.0
137	138	6.0
137	144	1.0
137	148	1.0
138	138	43.0
138	139	3.0
138	144	1.0
139	139	28.0
139	140	3.0
140	140	29.0
140	141	2.0
140	144	2.0
141	141	29.0
141	142	3.0
142	142	28.0
142	143	5.0
142	144	1.0
143	143	39.0
143	144	8.0
144	144	16.0
144	145	2.0
145	145	26.0
145	146	1.0
146	146	25.0
146	147	5.0
147	147	34.0
147	148	7.0
148	148	43.0
148	149	2.0
149	149	47.0
149	150	2.0
150	150	35.0
150	151	2.0
151	151	5.0
