3	3	33.0
3	4	13.0
3	5	10.0
3	6	13.0
3	7	1.0
3	8	3.0
3	9	9.0
3	10	2.0
3	12	1.0
3	13	6.0
3	14	1.0
3	15	1.0
3	16	3.0
3	18	2.0
3	20	1.0
3	24	3.0
3	28	3.0
3	29	1.0
3	31	1.0
3	33	1.0
3	35	1.0
3	109	1.0
4	4	22.0
4	5	20.0
4	6	12.0
4	7	5.0
4	8	10.0
4	9	7.0
4	10	4.0
4	13	6.0
4	14	4.0
4	15	4.0
4	16	2.0
4	18	2.0
4	23	4.0
4	24	1.0
4	25	1.0
4	29	3.0
4	30	2.0
4	40	1.0
4	52	1.0
5	5	33.0
5	6	24.0
5	7	4.0
5	8	8.0
5	9	4.0
5	10	5.0
5	11	1.0
5	12	1.0
5	13	4.0
5	14	3.0
5	15	4.0
5	17	1.0
5	18	3.0
5	19	1.0
5	22	1.0
5	23	4.0
5	24	5.0
5	28	1.0
5	29	2.0
5	33	1.0
5	34	1.0
5	37	1.0
6	6	37.0
6	7	6.0
6	8	3.0
6	9	15.0
6	10	1.0
6	12	5.0
6	13	8.0
6	14	1.0
6	16	4.0
6	17	6.0
6	19	1.0
6	22	2.0
6	24	1.0
6	25	1.0
6	26	1.0
6	28	1.0
7	7	18.0
7	8	20.0
7	9	6.0
7	10	10.0
7	11	13.0
7	12	4.0
7	13	11.0
7	14	7.0
7	15	9.0
7	16	3.0
7	17	5.0
7	18	3.0
7	21	1.0
7	22	1.0
7	23	3.0
7	26	1.0
7	27	1.0
7	29	1.0
7	30	5.0
7	33	2.0
7	35	1.0
7	36	1.0
7	45	1.0
7	72	1.0
8	8	17.0
8	9	9.0
8	10	20.0
8	11	17.0
8	12	6.0
8	13	4.0
8	14	3.0
8	15	5.0
8	16	6.0
8	17	3.0
8	18	3.0
8	19	1.0
8	30	1.0
8	41	1.0
8	66	1.0
9	9	32.0
9	10	20.0
9	11	23.0
9	12	13.0
9	13	6.0
9	14	4.0
9	15	5.0
9	16	5.0
9	17	9.0
9	18	1.0
9	22	3.0
9	30	1.0
9	37	2.0
9	58	2.0
9	115	2.0
10	10	26.0
10	11	24.0
10	12	6.0
10	13	4.0
10	14	10.0
10	15	5.0
10	16	9.0
10	17	2.0
10	18	3.0
10	19	3.0
10	70	1.0
10	77	1.0
11	11	26.0
11	12	5.0
11	13	9.0
11	14	15.0
11	15	18.0
11	16	1.0
11	17	4.0
11	18	3.0
11	19	2.0
11	22	2.0
11	25	1.0
11	64	2.0
11	66	2.0
11	68	1.0
12	12	25.0
12	13	10.0
12	14	16.0
12	15	12.0
12	16	11.0
12	17	11.0
12	18	4.0
12	19	1.0
12	21	3.0
12	22	3.0
12	24	1.0
12	25	2.0
12	27	1.0
12	58	1.0
12	64	3.0
13	13	14.0
13	14	16.0
13	15	7.0
13	16	7.0
13	17	5.0
13	18	7.0
13	19	3.0
13	20	4.0
13	21	3.0
13	22	2.0
13	23	3.0
13	26	1.0
13	27	1.0
13	28	1.0
13	29	4.0
13	30	1.0
14	14	32.0
14	15	16.0
14	16	17.0
14	17	11.0
14	18	12.0
14	19	4.0
14	25	1.0
14	29	1.0
14	54	1.0
15	15	16.0
15	16	12.0
15	17	7.0
15	18	6.0
15	19	2.0
15	20	1.0
15	22	2.0
15	23	1.0
15	25	3.0
15	26	2.0
15	29	2.0
15	31	1.0
15	33	1.0
15	43	1.0
15	64	1.0
16	16	23.0
16	17	15.0
16	18	6.0
16	19	4.0
16	20	3.0
16	21	1.0
16	22	4.0
16	23	1.0
16	25	1.0
16	26	1.0
16	27	1.0
16	30	3.0
16	33	2.0
16	35	2.0
16	54	1.0
16	57	1.0
17	17	30.0
17	18	10.0
17	19	9.0
17	20	2.0
17	21	1.0
17	22	3.0
17	23	2.0
17	24	2.0
17	25	3.0
17	27	1.0
17	28	6.0
17	29	1.0
17	30	2.0
17	31	2.0
17	32	1.0
17	36	1.0
17	38	2.0
17	64	4.0
17	65	1.0
17	71	2.0
18	18	18.0
18	19	11.0
18	20	2.0
18	21	1.0
18	22	11.0
18	23	2.0
18	24	1.0
18	25	3.0
18	26	2.0
18	27	1.0
18	29	3.0
18	31	1.0
18	35	2.0
18	37	1.0
18	55	1.0
18	58	1.0
18	74	1.0
19	19	14.0
19	20	2.0
19	22	5.0
19	23	1.0
19	24	9.0
19	25	4.0
19	26	10.0
19	27	1.0
19	29	3.0
19	30	6.0
19	31	1.0
19	32	1.0
19	35	2.0
19	52	1.0
19	61	1.0
19	64	1.0
19	66	1.0
19	68	2.0
19	69	1.0
19	70	1.0
19	77	1.0
20	21	3.0
20	22	2.0
20	25	3.0
20	26	1.0
20	27	1.0
20	29	5.0
20	32	1.0
20	54	1.0
20	58	2.0
20	61	2.0
21	21	4.0
21	22	10.0
21	23	2.0
21	24	4.0
21	25	5.0
21	26	1.0
21	27	1.0
21	28	3.0
21	29	1.0
21	30	2.0
21	31	4.0
21	32	1.0
21	33	3.0
21	34	1.0
21	35	1.0
22	22	20.0
22	23	13.0
22	24	9.0
22	25	8.0
22	26	10.0
22	27	6.0
22	28	5.0
22	29	2.0
22	30	2.0
22	31	7.0
22	32	4.0
22	33	1.0
22	34	1.0
22	38	1.0
22	45	1.0
22	52	1.0
23	23	15.0
23	24	12.0
23	25	10.0
23	26	12.0
23	27	5.0
23	28	7.0
23	29	3.0
23	30	8.0
23	31	11.0
23	32	7.0
23	33	1.0
23	34	1.0
23	35	2.0
23	38	1.0
23	40	1.0
23	41	3.0
24	24	14.0
24	25	7.0
24	26	4.0
24	27	11.0
24	28	11.0
24	29	10.0
24	30	4.0
24	31	6.0
24	32	6.0
24	33	1.0
24	34	3.0
24	35	4.0
24	36	3.0
24	37	3.0
24	38	4.0
24	39	1.0
24	40	1.0
24	41	3.0
24	46	2.0
24	49	1.0
24	50	1.0
24	51	2.0
24	56	1.0
25	25	15.0
25	26	9.0
25	27	5.0
25	28	14.0
25	29	4.0
25	30	4.0
25	31	7.0
25	32	2.0
25	33	1.0
25	35	2.0
25	36	3.0
25	37	3.0
25	39	2.0
25	40	1.0
25	49	1.0
25	53	1.0
26	26	13.0
26	27	5.0
26	28	11.0
26	29	12.0
26	30	9.0
26	31	6.0
26	32	9.0
26	33	5.0
26	35	6.0
26	36	1.0
26	38	1.0
26	41	1.0
26	42	1.0
26	45	1.0
26	52	1.0
26	57	1.0
26	59	1.0
26	68	1.0
26	75	2.0
27	27	17.0
27	28	10.0
27	29	10.0
27	30	7.0
27	31	5.0
27	32	2.0
27	33	6.0
27	34	7.0
27	35	5.0
27	36	3.0
27	37	5.0
27	38	6.0
27	39	6.0
27	40	1.0
27	41	2.0
27	42	1.0
27	43	1.0
27	46	1.0
27	49	1.0
27	51	1.0
27	52	1.0
27	53	2.0
27	104	1.0
28	28	20.0
28	29	9.0
28	30	6.0
28	31	7.0
28	32	6.0
28	33	6.0
28	34	1.0
28	36	6.0
28	37	2.0
28	38	2.0
28	39	3.0
28	42	2.0
28	43	1.0
28	53	1.0
28	61	1.0
28	64	1.0
28	71	1.0
28	74	1.0
28	115	1.0
29	29	13.0
29	30	9.0
29	31	4.0
29	32	7.0
29	33	6.0
29	34	4.0
29	35	6.0
29	36	4.0
29	37	4.0
29	38	5.0
29	41	1.0
29	42	1.0
29	43	1.0
29	44	1.0
29	49	1.0
29	52	2.0
29	54	2.0
29	57	2.0
29	58	4.0
29	61	2.0
30	30	23.0
30	31	9.0
30	32	7.0
30	33	6.0
30	35	3.0
30	36	3.0
30	37	2.0
30	38	2.0
30	39	2.0
30	41	1.0
30	42	1.0
30	46	1.0
30	49	2.0
30	50	1.0
30	51	2.0
30	52	1.0
30	57	1.0
30	58	1.0
30	61	1.0
30	64	1.0
30	66	1.0
30	67	1.0
30	68	1.0
30	71	1.0
31	31	14.0
31	32	8.0
31	33	6.0
31	34	11.0
31	35	6.0
31	36	6.0
31	37	7.0
31	38	4.0
31	39	1.0
31	40	2.0
31	41	3.0
31	42	3.0
31	43	2.0
31	45	3.0
31	46	3.0
31	49	1.0
31	53	1.0
31	59	1.0
31	72	2.0
31	75	3.0
31	76	1.0
32	32	15.0
32	33	11.0
32	34	15.0
32	35	3.0
32	36	9.0
32	37	2.0
32	38	8.0
32	40	1.0
32	41	9.0
32	42	2.0
32	43	1.0
32	45	2.0
32	49	1.0
32	54	2.0
32	59	1.0
32	91	1.0
33	33	12.0
33	34	9.0
33	35	14.0
33	36	10.0
33	37	3.0
33	38	7.0
33	39	3.0
33	40	1.0
33	41	6.0
33	42	3.0
33	43	2.0
33	44	2.0
33	45	1.0
33	46	1.0
33	49	2.0
33	52	2.0
33	53	1.0
33	54	1.0
33	59	1.0
33	62	1.0
33	75	1.0
34	34	15.0
34	35	12.0
34	36	10.0
34	37	14.0
34	38	6.0
34	39	5.0
34	40	2.0
34	41	6.0
34	42	2.0
34	43	9.0
34	44	3.0
34	45	5.0
34	46	2.0
34	47	1.0
34	48	2.0
34	51	1.0
34	52	1.0
34	54	2.0
34	72	1.0
34	80	1.0
34	81	2.0
35	35	20.0
35	36	16.0
35	37	8.0
35	38	7.0
35	39	4.0
35	40	2.0
35	42	3.0
35	43	6.0
35	44	2.0
35	45	5.0
35	47	2.0
35	48	3.0
35	49	1.0
35	54	1.0
35	55	2.0
35	57	1.0
36	36	26.0
36	37	10.0
36	38	12.0
36	39	6.0
36	40	2.0
36	41	5.0
36	42	3.0
36	43	2.0
36	44	3.0
36	46	5.0
36	49	2.0
36	52	2.0
36	65	1.0
37	37	12.0
37	38	13.0
37	39	10.0
37	40	9.0
37	41	10.0
37	42	5.0
37	43	4.0
37	44	6.0
37	45	4.0
37	46	4.0
37	48	2.0
37	49	2.0
37	50	1.0
37	53	2.0
37	54	3.0
37	69	1.0
37	77	1.0
38	38	12.0
38	39	6.0
38	40	4.0
38	41	10.0
38	42	7.0
38	43	4.0
38	44	5.0
38	45	6.0
38	46	7.0
38	47	2.0
38	48	1.0
38	49	3.0
38	50	1.0
38	51	2.0
38	52	1.0
38	53	1.0
38	69	1.0
38	72	1.0
38	75	1.0
39	39	27.0
39	40	11.0
39	41	4.0
39	42	13.0
39	43	9.0
39	44	7.0
39	45	8.0
39	46	4.0
39	48	1.0
39	49	3.0
39	50	8.0
39	51	5.0
39	52	2.0
39	53	2.0
39	54	3.0
39	55	3.0
39	56	2.0
39	59	2.0
39	60	1.0
39	62	1.0
39	63	1.0
39	64	1.0
39	68	1.0
39	74	1.0
40	40	13.0
40	41	16.0
40	42	8.0
40	43	6.0
40	44	9.0
40	45	3.0
40	46	10.0
40	48	2.0
40	49	4.0
40	50	1.0
40	51	1.0
40	52	4.0
40	53	2.0
40	54	1.0
40	56	1.0
40	57	1.0
40	58	2.0
40	60	2.0
40	62	1.0
40	72	1.0
40	73	1.0
40	77	1.0
40	81	1.0
40	90	1.0
40	106	1.0
40	113	1.0
41	41	16.0
41	42	6.0
41	43	2.0
41	44	5.0
41	45	7.0
41	46	9.0
41	47	2.0
41	48	6.0
41	49	3.0
41	51	1.0
41	52	2.0
41	71	1.0
41	72	1.0
41	73	1.0
41	75	1.0
41	105	1.0
41	113	1.0
42	42	16.0
42	43	9.0
42	44	8.0
42	45	5.0
42	46	4.0
42	47	7.0
42	48	2.0
42	49	4.0
42	50	4.0
42	51	3.0
42	52	2.0
42	53	2.0
42	56	1.0
42	57	3.0
42	75	1.0
42	96	1.0
43	43	16.0
43	44	6.0
43	45	5.0
43	46	6.0
43	47	11.0
43	48	10.0
43	49	6.0
43	50	2.0
43	51	1.0
43	52	4.0
43	53	2.0
43	54	2.0
43	59	2.0
43	61	1.0
43	68	2.0
43	72	1.0
43	73	1.0
43	75	1.0
44	44	20.0
44	45	13.0
44	46	7.0
44	47	9.0
44	48	7.0
44	49	7.0
44	50	3.0
44	51	3.0
44	52	3.0
44	54	3.0
44	59	1.0
44	64	1.0
44	68	1.0
44	69	1.0
44	72	1.0
44	74	1.0
44	76	1.0
44	81	1.0
44	106	2.0
45	45	19.0
45	46	15.0
45	47	5.0
45	48	2.0
45	49	7.0
45	50	10.0
45	51	10.0
45	52	6.0
45	53	1.0
45	54	2.0
45	55	1.0
45	59	1.0
45	60	1.0
45	64	2.0
45	68	1.0
45	75	1.0
45	77	3.0
45	78	1.0
45	79	1.0
45	82	1.0
45	84	2.0
46	46	29.0
46	47	4.0
46	48	8.0
46	49	9.0
46	50	3.0
46	51	3.0
46	52	6.0
46	54	2.0
46	57	1.0
46	58	2.0
46	65	1.0
46	68	1.0
46	71	2.0
46	74	1.0
46	75	1.0
46	85	1.0
47	47	16.0
47	48	9.0
47	49	6.0
47	50	9.0
47	51	17.0
47	52	9.0
47	53	7.0
47	54	3.0
47	56	2.0
47	57	3.0
47	58	4.0
47	59	1.0
47	61	1.0
47	63	2.0
47	66	1.0
47	70	1.0
47	72	4.0
47	73	3.0
47	88	1.0
47	99	2.0
47	113	1.0
47	114	3.0
47	116	1.0
48	48	19.0
48	49	7.0
48	50	12.0
48	51	12.0
48	52	7.0
48	53	1.0
48	54	2.0
48	55	5.0
48	56	2.0
48	57	5.0
48	58	2.0
48	59	3.0
48	60	2.0
48	62	2.0
48	63	2.0
48	66	1.0
48	68	1.0
48	72	3.0
48	73	1.0
48	75	1.0
48	76	1.0
48	101	1.0
48	102	1.0
48	103	2.0
48	107	1.0
48	116	4.0
48	128	1.0
49	49	9.0
49	50	8.0
49	51	10.0
49	52	6.0
49	53	9.0
49	54	6.0
49	55	3.0
49	56	4.0
49	57	6.0
49	58	1.0
49	59	2.0
49	60	1.0
49	63	1.0
49	71	1.0
49	72	4.0
49	77	1.0
49	78	1.0
49	99	1.0
49	102	1.0
50	50	24.0
50	51	10.0
50	52	7.0
50	53	15.0
50	54	2.0
50	55	4.0
50	56	8.0
50	57	4.0
50	58	3.0
50	59	1.0
50	60	2.0
50	62	4.0
50	65	1.0
50	72	1.0
50	73	1.0
51	51	12.0
51	52	13.0
51	53	11.0
51	54	6.0
51	55	5.0
51	56	6.0
51	57	8.0
51	58	5.0
51	59	4.0
51	60	1.0
51	61	1.0
51	62	1.0
51	63	1.0
51	68	1.0
51	70	1.0
51	71	1.0
51	72	2.0
51	97	1.0
51	101	1.0
52	52	16.0
52	53	12.0
52	54	11.0
52	55	6.0
52	56	5.0
52	57	11.0
52	58	1.0
52	59	4.0
52	60	1.0
52	61	1.0
52	62	2.0
52	63	1.0
52	67	1.0
52	77	1.0
53	53	23.0
53	54	11.0
53	55	4.0
53	56	6.0
53	57	7.0
53	58	1.0
53	59	5.0
53	60	5.0
53	61	2.0
53	62	1.0
53	63	4.0
53	66	1.0
53	72	1.0
53	73	2.0
53	101	1.0
53	102	1.0
54	54	15.0
54	55	4.0
54	56	5.0
54	57	8.0
54	58	11.0
54	59	9.0
54	60	1.0
54	61	3.0
54	62	4.0
54	63	6.0
54	65	1.0
54	66	2.0
54	72	1.0
55	55	9.0
55	56	7.0
55	57	5.0
55	58	10.0
55	59	9.0
55	60	6.0
55	61	4.0
55	62	3.0
55	63	4.0
55	64	2.0
55	69	1.0
55	71	2.0
55	72	1.0
55	96	1.0
55	101	1.0
56	56	16.0
56	57	13.0
56	58	8.0
56	59	7.0
56	60	4.0
56	61	5.0
56	62	2.0
56	63	5.0
56	64	1.0
56	65	3.0
56	66	3.0
56	67	2.0
56	68	2.0
56	69	3.0
56	71	1.0
56	72	1.0
56	75	1.0
56	119	1.0
57	57	22.0
57	58	6.0
57	59	13.0
57	60	1.0
57	61	5.0
57	62	6.0
57	63	6.0
57	64	3.0
57	65	5.0
57	66	7.0
57	67	1.0
57	68	2.0
57	73	1.0
57	89	1.0
57	94	1.0
58	58	19.0
58	59	8.0
58	60	9.0
58	61	15.0
58	62	6.0
58	63	5.0
58	64	5.0
58	65	2.0
58	66	3.0
58	67	3.0
58	68	4.0
58	69	1.0
58	72	1.0
58	73	1.0
58	101	1.0
58	121	1.0
59	59	21.0
59	60	6.0
59	61	9.0
59	62	9.0
59	63	7.0
59	64	1.0
59	65	11.0
59	66	4.0
59	67	2.0
59	68	2.0
59	69	2.0
59	70	2.0
59	73	1.0
59	96	1.0
59	98	1.0
60	60	14.0
60	61	10.0
60	62	6.0
60	63	22.0
60	65	7.0
60	66	2.0
60	67	3.0
60	68	2.0
60	69	2.0
60	70	3.0
60	71	3.0
60	73	4.0
60	90	1.0
60	98	2.0
60	102	1.0
61	61	20.0
61	62	9.0
61	63	7.0
61	64	4.0
61	65	19.0
61	66	13.0
61	67	3.0
61	68	7.0
61	69	6.0
61	70	1.0
61	75	1.0
61	80	1.0
61	88	1.0
61	92	2.0
61	104	1.0
62	62	24.0
62	63	18.0
62	64	6.0
62	65	10.0
62	66	18.0
62	67	9.0
62	68	4.0
62	69	3.0
62	70	1.0
62	71	3.0
62	72	1.0
62	73	3.0
62	74	2.0
62	75	4.0
62	76	1.0
62	77	1.0
62	84	1.0
62	87	1.0
62	90	1.0
62	92	1.0
62	97	2.0
63	63	17.0
63	64	3.0
63	65	13.0
63	66	8.0
63	67	6.0
63	68	8.0
63	69	2.0
63	70	4.0
63	71	4.0
63	73	1.0
63	74	3.0
63	75	2.0
63	76	1.0
63	88	1.0
63	90	2.0
63	97	1.0
64	64	20.0
64	65	15.0
64	66	11.0
64	67	10.0
64	68	8.0
64	69	9.0
64	70	7.0
64	71	2.0
64	72	1.0
64	73	1.0
64	74	4.0
64	75	4.0
64	83	1.0
64	88	1.0
64	95	2.0
64	97	1.0
64	99	1.0
65	65	23.0
65	66	9.0
65	67	7.0
65	68	7.0
65	69	5.0
65	70	2.0
65	71	4.0
65	72	1.0
65	73	1.0
65	74	1.0
65	85	1.0
65	86	3.0
65	88	2.0
65	91	1.0
65	92	2.0
65	93	1.0
65	95	1.0
65	96	1.0
65	98	1.0
65	104	2.0
66	66	12.0
66	67	12.0
66	68	13.0
66	69	3.0
66	70	2.0
66	71	1.0
66	73	2.0
66	76	4.0
66	77	1.0
66	80	1.0
66	85	1.0
66	86	1.0
66	87	2.0
66	88	2.0
66	89	2.0
66	90	1.0
66	91	1.0
66	93	1.0
66	99	2.0
67	67	19.0
67	68	16.0
67	69	9.0
67	70	7.0
67	71	3.0
67	72	4.0
67	73	4.0
67	74	2.0
67	75	2.0
67	76	3.0
67	77	1.0
67	78	1.0
67	80	2.0
67	83	2.0
67	84	1.0
67	85	1.0
67	87	1.0
67	94	1.0
67	97	2.0
67	98	1.0
67	99	1.0
68	68	14.0
68	69	12.0
68	70	10.0
68	71	11.0
68	72	5.0
68	73	10.0
68	74	2.0
68	76	3.0
68	78	1.0
68	80	1.0
68	87	1.0
68	99	1.0
69	69	16.0
69	70	8.0
69	71	6.0
69	72	4.0
69	73	10.0
69	74	10.0
69	75	2.0
69	76	7.0
69	77	5.0
69	78	6.0
69	79	1.0
69	80	2.0
69	81	5.0
69	82	1.0
69	83	2.0
69	86	1.0
69	88	2.0
69	90	1.0
69	95	2.0
69	97	2.0
69	100	1.0
69	102	1.0
69	105	1.0
69	113	1.0
70	70	13.0
70	71	11.0
70	72	8.0
70	73	7.0
70	74	2.0
70	75	3.0
70	76	3.0
70	77	5.0
70	78	3.0
70	79	1.0
70	81	1.0
70	84	1.0
70	88	1.0
70	90	2.0
70	97	1.0
70	99	1.0
70	100	1.0
70	101	1.0
70	102	1.0
70	105	1.0
70	111	1.0
70	113	1.0
70	114	1.0
71	71	14.0
71	72	11.0
71	73	10.0
71	74	5.0
71	75	7.0
71	76	6.0
71	77	3.0
71	78	1.0
71	79	1.0
71	80	1.0
71	81	1.0
71	83	2.0
71	90	2.0
71	97	3.0
71	98	2.0
71	99	2.0
71	102	1.0
71	106	1.0
72	72	11.0
72	73	15.0
72	74	9.0
72	75	6.0
72	76	4.0
72	77	2.0
72	78	4.0
72	81	6.0
72	82	1.0
72	85	1.0
72	90	1.0
72	98	1.0
72	111	1.0
72	116	1.0
73	73	13.0
73	74	18.0
73	75	10.0
73	76	7.0
73	77	7.0
73	78	5.0
73	79	4.0
73	80	1.0
73	81	3.0
73	83	1.0
73	86	2.0
73	90	1.0
73	97	1.0
73	99	3.0
73	101	3.0
73	102	1.0
73	103	4.0
73	105	1.0
74	74	20.0
74	75	17.0
74	76	11.0
74	77	12.0
74	78	10.0
74	79	3.0
74	80	14.0
74	81	9.0
74	82	1.0
74	83	1.0
74	84	1.0
74	85	1.0
74	96	1.0
74	98	1.0
74	101	3.0
74	102	2.0
74	103	1.0
74	106	1.0
74	107	1.0
74	108	2.0
74	113	1.0
75	75	17.0
75	76	10.0
75	77	12.0
75	78	12.0
75	79	1.0
75	80	6.0
75	81	7.0
75	82	7.0
75	83	5.0
75	84	1.0
75	85	2.0
75	87	1.0
75	91	1.0
75	93	2.0
75	100	1.0
75	102	1.0
75	103	1.0
75	106	1.0
75	113	1.0
76	76	29.0
76	77	14.0
76	78	19.0
76	79	7.0
76	80	5.0
76	81	11.0
76	82	1.0
76	83	3.0
76	84	4.0
76	85	1.0
76	87	1.0
76	88	3.0
76	102	2.0
76	106	1.0
76	109	1.0
77	77	22.0
77	78	18.0
77	79	7.0
77	80	3.0
77	81	4.0
77	82	3.0
77	84	5.0
77	85	2.0
77	87	1.0
78	78	23.0
78	79	17.0
78	80	12.0
78	81	9.0
78	82	9.0
78	83	8.0
78	84	6.0
78	85	2.0
78	86	1.0
78	102	1.0
79	79	29.0
79	80	19.0
79	81	10.0
79	82	11.0
79	83	15.0
79	84	15.0
79	85	10.0
79	86	9.0
79	87	4.0
79	88	2.0
79	89	1.0
79	90	1.0
79	94	1.0
79	95	1.0
79	97	1.0
79	102	1.0
80	80	35.0
80	81	9.0
80	82	20.0
80	83	6.0
80	84	8.0
80	85	2.0
80	87	3.0
80	88	3.0
80	89	1.0
80	103	3.0
80	104	1.0
80	108	1.0
80	109	3.0
80	113	1.0
81	81	25.0
81	82	17.0
81	83	14.0
81	84	10.0
81	85	8.0
81	86	4.0
81	87	1.0
81	88	5.0
81	89	1.0
81	90	1.0
81	91	2.0
81	99	1.0
81	102	1.0
81	104	1.0
81	106	2.0
81	108	1.0
82	82	18.0
82	83	12.0
82	84	10.0
82	85	7.0
82	86	13.0
82	87	5.0
82	88	6.0
82	89	1.0
82	90	2.0
82	92	2.0
82	93	1.0
82	94	1.0
82	99	1.0
82	105	1.0
82	107	1.0
82	109	1.0
82	113	5.0
83	83	25.0
83	84	11.0
83	85	3.0
83	86	7.0
83	87	9.0
83	88	8.0
83	89	4.0
83	90	3.0
83	91	7.0
83	95	1.0
83	99	1.0
83	101	2.0
83	103	2.0
83	105	2.0
83	106	4.0
83	113	1.0
84	84	27.0
84	85	29.0
84	86	10.0
84	87	8.0
84	88	9.0
84	89	8.0
84	90	3.0
84	91	1.0
84	103	1.0
84	107	1.0
84	108	2.0
84	109	1.0
85	85	27.0
85	86	10.0
85	87	8.0
85	88	14.0
85	89	11.0
85	90	2.0
85	92	2.0
85	93	3.0
85	95	1.0
85	97	1.0
85	99	2.0
85	102	1.0
85	103	3.0
85	104	1.0
85	105	2.0
85	107	3.0
85	109	1.0
85	126	1.0
86	86	36.0
86	87	19.0
86	88	21.0
86	89	8.0
86	90	11.0
86	91	1.0
86	92	2.0
86	93	3.0
86	94	4.0
86	99	4.0
86	100	1.0
86	103	4.0
86	104	6.0
86	105	2.0
86	106	1.0
86	107	4.0
86	109	2.0
86	111	1.0
86	113	1.0
86	126	2.0
87	87	15.0
87	88	19.0
87	89	21.0
87	90	10.0
87	91	8.0
87	92	11.0
87	93	9.0
87	94	3.0
87	95	2.0
87	96	3.0
87	99	3.0
87	101	1.0
87	103	2.0
87	104	4.0
87	108	3.0
87	109	1.0
87	123	1.0
87	127	1.0
88	88	23.0
88	89	19.0
88	90	10.0
88	91	12.0
88	92	8.0
88	93	3.0
88	94	4.0
88	95	2.0
88	97	1.0
88	99	1.0
88	102	1.0
88	103	1.0
88	109	1.0
89	89	30.0
89	90	12.0
89	91	13.0
89	92	20.0
89	93	14.0
89	94	8.0
89	95	10.0
89	96	6.0
89	97	5.0
89	98	1.0
89	99	4.0
89	101	3.0
89	102	1.0
89	103	1.0
89	104	1.0
89	106	1.0
89	127	1.0
90	90	14.0
90	91	24.0
90	92	9.0
90	93	14.0
90	94	7.0
90	95	7.0
90	96	6.0
90	97	7.0
90	98	6.0
90	99	2.0
90	100	1.0
90	104	2.0
90	105	2.0
90	118	1.0
91	91	17.0
91	92	8.0
91	93	12.0
91	94	6.0
91	95	15.0
91	96	3.0
91	97	6.0
91	98	4.0
91	99	1.0
91	100	1.0
91	103	1.0
91	109	1.0
91	122	1.0
92	92	19.0
92	93	22.0
92	94	14.0
92	95	12.0
92	96	12.0
92	97	5.0
92	98	3.0
92	99	3.0
92	100	3.0
92	104	4.0
92	105	2.0
92	106	1.0
92	107	3.0
92	108	2.0
92	109	3.0
92	110	3.0
92	119	1.0
92	127	1.0
93	93	23.0
93	94	9.0
93	95	15.0
93	96	9.0
93	97	11.0
93	98	6.0
93	99	6.0
93	100	6.0
93	101	1.0
93	102	3.0
93	103	2.0
93	104	4.0
93	105	3.0
93	106	2.0
93	107	2.0
93	108	1.0
93	109	5.0
93	110	2.0
93	111	2.0
93	119	1.0
93	123	1.0
93	125	1.0
93	126	1.0
94	94	15.0
94	95	9.0
94	96	9.0
94	97	12.0
94	98	3.0
94	99	6.0
94	100	3.0
94	101	3.0
94	102	3.0
94	103	3.0
94	104	1.0
94	105	1.0
94	106	2.0
94	107	1.0
94	108	1.0
94	109	1.0
94	110	1.0
94	118	1.0
94	121	1.0
94	122	1.0
94	123	1.0
94	124	1.0
94	128	1.0
95	95	17.0
95	96	10.0
95	97	10.0
95	98	2.0
95	99	6.0
95	101	2.0
95	102	1.0
95	103	2.0
95	104	5.0
95	105	1.0
95	110	1.0
95	111	1.0
95	115	1.0
95	119	1.0
95	120	1.0
96	96	31.0
96	97	21.0
96	98	7.0
96	99	5.0
96	100	10.0
96	101	5.0
96	102	2.0
96	103	7.0
96	104	9.0
96	105	10.0
96	106	1.0
96	108	3.0
96	109	1.0
96	110	3.0
96	115	1.0
96	119	1.0
96	120	1.0
96	123	1.0
97	97	17.0
97	98	8.0
97	99	2.0
97	100	6.0
97	101	6.0
97	102	6.0
97	103	4.0
97	104	5.0
97	105	4.0
97	111	1.0
97	115	1.0
98	98	25.0
98	99	6.0
98	100	14.0
98	101	26.0
98	102	19.0
98	103	8.0
98	104	5.0
98	105	3.0
98	106	1.0
98	107	2.0
98	108	1.0
98	115	2.0
98	118	2.0
98	119	1.0
98	122	1.0
98	124	2.0
99	99	20.0
99	100	14.0
99	101	21.0
99	102	12.0
99	103	12.0
99	104	12.0
99	105	5.0
99	106	7.0
99	107	2.0
99	108	2.0
99	109	4.0
99	111	1.0
99	113	2.0
99	114	4.0
99	115	1.0
99	116	3.0
99	117	2.0
99	126	1.0
99	128	1.0
100	100	16.0
100	101	14.0
100	102	18.0
100	103	9.0
100	104	3.0
100	105	4.0
100	106	2.0
100	107	5.0
100	109	1.0
100	110	1.0
100	111	1.0
100	115	4.0
100	117	1.0
100	118	3.0
100	119	1.0
100	122	3.0
100	125	1.0
100	129	1.0
101	101	15.0
101	102	15.0
101	103	10.0
101	104	1.0
101	105	9.0
101	106	3.0
101	107	1.0
101	108	3.0
101	110	2.0
101	114	4.0
101	115	1.0
101	116	1.0
101	118	1.0
101	119	3.0
102	102	27.0
102	103	12.0
102	104	7.0
102	105	4.0
102	106	1.0
102	107	6.0
102	108	7.0
102	109	5.0
102	111	2.0
102	113	1.0
102	115	3.0
102	116	4.0
102	119	1.0
102	124	1.0
102	125	1.0
102	127	1.0
103	103	29.0
103	104	17.0
103	105	17.0
103	106	6.0
103	107	22.0
103	108	4.0
103	109	9.0
103	110	1.0
103	111	2.0
103	114	4.0
103	115	3.0
103	117	2.0
103	124	1.0
104	104	17.0
104	105	10.0
104	106	6.0
104	107	11.0
104	108	6.0
104	109	12.0
104	110	5.0
104	111	1.0
104	114	1.0
104	115	1.0
104	117	2.0
104	120	3.0
104	124	3.0
104	126	1.0
104	127	1.0
104	128	1.0
104	129	2.0
105	105	15.0
105	106	13.0
105	107	6.0
105	108	6.0
105	109	3.0
105	110	1.0
105	111	8.0
105	112	2.0
105	113	9.0
105	114	6.0
105	115	2.0
105	117	1.0
105	119	2.0
105	122	1.0
105	123	2.0
105	124	1.0
106	106	14.0
106	107	20.0
106	108	6.0
106	109	8.0
106	110	6.0
106	111	8.0
106	112	9.0
106	113	2.0
106	114	1.0
106	115	1.0
106	116	1.0
106	117	1.0
106	119	1.0
106	120	1.0
106	121	1.0
106	123	1.0
107	107	18.0
107	108	12.0
107	109	11.0
107	110	6.0
107	111	6.0
107	114	2.0
107	116	1.0
107	120	1.0
107	123	1.0
107	126	1.0
108	108	36.0
108	109	21.0
108	110	6.0
108	111	4.0
108	112	1.0
108	113	4.0
108	114	5.0
108	116	1.0
108	117	1.0
108	119	1.0
108	120	1.0
108	122	1.0
108	123	4.0
108	124	1.0
108	126	3.0
108	127	1.0
109	109	24.0
109	110	25.0
109	111	10.0
109	112	2.0
109	113	1.0
109	114	7.0
109	115	2.0
109	116	1.0
109	117	4.0
109	119	3.0
109	120	5.0
109	124	3.0
109	126	2.0
109	127	4.0
109	128	2.0
110	110	14.0
110	111	12.0
110	112	13.0
110	113	6.0
110	114	9.0
110	115	2.0
110	116	2.0
110	117	1.0
110	120	1.0
110	124	1.0
110	126	1.0
110	127	7.0
110	128	9.0
111	111	13.0
111	112	7.0
111	113	14.0
111	114	8.0
111	115	4.0
111	116	5.0
111	117	1.0
111	118	1.0
111	119	1.0
111	120	4.0
111	121	1.0
111	122	2.0
111	123	5.0
111	125	2.0
111	127	2.0
111	128	3.0
112	112	34.0
112	113	16.0
112	114	21.0
112	115	7.0
112	116	5.0
112	117	4.0
112	118	7.0
112	120	2.0
112	121	3.0
112	122	2.0
112	123	1.0
112	125	2.0
113	113	18.0
113	114	9.0
113	115	9.0
113	116	4.0
113	117	5.0
113	118	4.0
113	119	1.0
113	120	5.0
113	121	1.0
113	122	4.0
113	123	6.0
113	124	1.0
113	128	2.0
114	114	26.0
114	115	19.0
114	116	19.0
114	117	5.0
114	118	1.0
114	119	2.0
114	121	3.0
114	122	2.0
114	124	1.0
114	128	3.0
115	115	37.0
115	116	9.0
115	117	10.0
115	118	15.0
115	119	20.0
115	120	12.0
115	121	7.0
115	122	6.0
115	123	6.0
115	124	9.0
115	125	1.0
115	126	5.0
115	128	1.0
115	129	2.0
116	116	43.0
116	117	20.0
116	118	10.0
116	119	5.0
116	120	6.0
116	121	4.0
116	122	1.0
116	123	2.0
116	124	4.0
116	126	3.0
116	127	2.0
117	117	32.0
117	118	9.0
117	119	16.0
117	120	7.0
117	121	16.0
117	122	1.0
117	123	2.0
117	124	9.0
117	125	1.0
117	127	2.0
117	128	1.0
117	129	1.0
118	118	23.0
118	119	17.0
118	120	9.0
118	121	9.0
118	122	12.0
118	123	3.0
118	124	12.0
118	125	4.0
118	126	4.0
118	127	2.0
118	128	2.0
118	129	1.0
119	119	20.0
119	120	18.0
119	121	18.0
119	122	5.0
119	123	4.0
119	124	14.0
119	125	12.0
119	126	5.0
119	127	3.0
119	128	3.0
120	120	19.0
120	121	20.0
120	122	2.0
120	123	7.0
120	124	8.0
120	125	4.0
120	126	5.0
120	127	2.0
120	128	2.0
121	121	14.0
121	122	9.0
121	123	8.0
121	124	11.0
121	125	15.0
121	126	12.0
121	127	12.0
121	129	1.0
122	122	34.0
122	123	14.0
122	124	3.0
122	125	4.0
122	126	11.0
122	127	9.0
122	128	12.0
122	129	1.0
123	123	22.0
123	124	7.0
123	125	2.0
123	126	4.0
123	127	4.0
123	128	9.0
123	129	4.0
124	124	18.0
124	125	16.0
124	126	14.0
124	127	15.0
124	128	11.0
124	129	1.0
125	125	31.0
125	126	14.0
125	127	19.0
125	128	4.0
126	126	25.0
126	127	28.0
126	128	18.0
127	127	31.0
127	128	28.0
127	129	4.0
128	128	37.0
128	129	5.0
129	129	4.0
