3	3	41.0
3	4	3.0
3	6	2.0
3	158	1.0
4	4	39.0
4	5	8.0
4	56	1.0
4	157	4.0
5	5	45.0
5	6	7.0
5	11	1.0
5	16	5.0
5	22	1.0
5	29	2.0
6	6	25.0
6	7	1.0
6	11	6.0
6	12	1.0
7	7	36.0
7	8	3.0
7	11	3.0
7	12	1.0
7	29	1.0
8	8	38.0
8	9	6.0
8	10	2.0
8	11	1.0
9	9	44.0
9	10	1.0
10	10	54.0
10	11	8.0
11	11	55.0
11	12	5.0
11	13	1.0
11	16	1.0
11	19	1.0
11	20	1.0
12	12	32.0
12	13	7.0
12	14	8.0
12	18	4.0
12	22	1.0
12	26	2.0
12	27	3.0
12	28	1.0
12	29	1.0
12	30	6.0
13	13	50.0
13	14	3.0
13	15	2.0
13	16	3.0
13	18	1.0
13	19	1.0
13	22	7.0
13	23	3.0
13	25	1.0
13	26	2.0
13	27	1.0
13	28	2.0
13	29	4.0
13	30	5.0
14	14	30.0
14	15	10.0
14	17	1.0
14	18	3.0
14	22	1.0
14	29	6.0
14	30	3.0
15	15	30.0
15	16	4.0
16	16	41.0
16	17	8.0
16	21	1.0
16	22	2.0
16	23	2.0
16	29	1.0
16	47	1.0
17	17	46.0
17	18	3.0
17	25	1.0
18	18	63.0
18	19	11.0
18	26	2.0
19	19	63.0
19	20	8.0
19	21	9.0
19	40	1.0
20	20	49.0
20	21	10.0
20	22	3.0
20	23	3.0
21	21	47.0
21	22	9.0
21	23	2.0
21	28	3.0
21	29	1.0
22	22	37.0
22	23	5.0
22	24	1.0
22	25	5.0
22	28	1.0
23	23	44.0
23	25	1.0
23	27	3.0
23	28	1.0
23	34	3.0
23	36	2.0
23	37	1.0
23	39	2.0
23	48	1.0
23	49	2.0
23	54	1.0
23	63	1.0
24	24	25.0
24	25	8.0
24	26	3.0
24	32	1.0
24	34	1.0
24	35	1.0
24	54	3.0
24	55	2.0
24	56	2.0
24	57	1.0
24	59	1.0
25	25	12.0
25	26	5.0
25	34	2.0
25	35	1.0
25	39	2.0
25	54	1.0
25	55	1.0
25	56	2.0
25	58	1.0
26	26	23.0
26	27	2.0
26	31	3.0
26	38	2.0
27	27	27.0
27	28	3.0
28	28	47.0
28	29	12.0
28	31	1.0
28	39	1.0
29	29	49.0
29	30	2.0
30	30	49.0
30	31	4.0
30	33	1.0
31	31	46.0
31	32	16.0
31	33	5.0
31	34	1.0
31	35	1.0
32	32	63.0
32	33	4.0
32	35	2.0
32	56	2.0
32	72	1.0
33	33	51.0
33	34	2.0
33	35	1.0
34	34	64.0
34	35	9.0
34	36	1.0
34	37	1.0
34	38	1.0
34	54	8.0
34	55	2.0
34	63	3.0
35	35	46.0
35	36	13.0
35	60	1.0
35	62	1.0
35	63	3.0
35	69	1.0
36	36	51.0
36	37	9.0
36	47	2.0
36	50	2.0
36	60	1.0
36	63	2.0
37	37	45.0
37	38	3.0
37	40	1.0
37	47	2.0
37	49	1.0
37	63	1.0
38	38	62.0
38	39	3.0
38	40	3.0
38	52	1.0
38	54	1.0
38	55	1.0
39	39	48.0
39	40	3.0
39	47	6.0
39	48	5.0
40	40	44.0
40	41	5.0
40	49	1.0
40	53	2.0
41	41	44.0
41	42	11.0
41	47	1.0
41	48	3.0
41	49	3.0
41	53	1.0
42	42	56.0
42	43	9.0
42	44	2.0
42	52	5.0
43	43	52.0
43	44	12.0
43	45	3.0
44	44	31.0
44	45	6.0
44	49	3.0
44	50	1.0
45	45	34.0
45	46	15.0
45	50	1.0
45	85	1.0
45	149	1.0
46	46	39.0
46	47	9.0
46	63	2.0
46	64	3.0
46	84	1.0
46	85	3.0
47	47	40.0
47	48	5.0
47	49	2.0
47	50	3.0
47	62	1.0
47	63	3.0
47	85	1.0
48	48	39.0
48	49	9.0
49	49	45.0
49	50	8.0
50	50	59.0
50	51	13.0
51	51	74.0
51	52	6.0
51	53	4.0
51	54	2.0
51	65	1.0
52	52	67.0
52	53	7.0
52	54	1.0
53	53	49.0
53	54	8.0
53	83	1.0
54	54	52.0
54	55	16.0
54	62	1.0
55	55	65.0
55	56	2.0
55	77	1.0
56	56	36.0
56	57	3.0
56	58	1.0
56	60	1.0
56	64	1.0
57	57	56.0
57	58	14.0
57	63	3.0
57	126	1.0
58	58	55.0
58	59	8.0
58	60	3.0
58	61	2.0
58	67	1.0
59	59	5.0
59	60	1.0
59	63	1.0
59	65	2.0
60	60	13.0
60	68	3.0
61	61	15.0
61	62	4.0
61	70	2.0
62	62	9.0
62	63	1.0
62	82	1.0
62	157	1.0
63	63	49.0
63	64	3.0
63	65	4.0
63	81	1.0
64	64	15.0
64	65	3.0
64	81	3.0
64	82	1.0
64	84	1.0
65	65	66.0
65	66	1.0
65	87	1.0
65	88	4.0
66	66	50.0
66	67	2.0
66	68	3.0
66	75	1.0
66	87	1.0
66	88	5.0
66	101	4.0
66	104	1.0
66	105	2.0
66	106	1.0
66	107	1.0
66	108	1.0
66	115	2.0
66	117	1.0
67	67	32.0
67	68	5.0
67	69	1.0
67	70	3.0
67	107	1.0
67	110	1.0
67	125	1.0
68	68	31.0
68	69	8.0
68	70	1.0
68	89	2.0
68	129	2.0
69	69	33.0
69	70	5.0
69	71	2.0
69	78	1.0
69	82	4.0
69	89	2.0
69	109	1.0
70	70	27.0
70	71	3.0
70	72	2.0
70	110	1.0
71	71	21.0
71	72	3.0
71	73	1.0
71	78	1.0
71	79	1.0
71	110	4.0
72	72	23.0
72	73	4.0
72	81	1.0
72	82	3.0
72	110	2.0
73	73	36.0
73	74	5.0
73	75	1.0
73	76	1.0
73	77	1.0
73	78	3.0
73	104	1.0
73	129	2.0
74	74	25.0
74	75	6.0
74	76	6.0
74	115	2.0
74	129	1.0
75	75	28.0
75	76	6.0
75	80	1.0
75	114	2.0
75	115	1.0
75	130	2.0
75	146	2.0
76	76	21.0
76	77	1.0
76	112	3.0
76	137	3.0
76	138	1.0
76	145	1.0
77	77	24.0
77	78	3.0
77	79	1.0
77	81	1.0
77	127	1.0
77	130	1.0
77	146	1.0
78	78	33.0
78	79	4.0
79	79	42.0
79	80	5.0
79	81	3.0
79	90	1.0
80	80	48.0
80	81	7.0
80	82	1.0
80	90	1.0
80	95	5.0
80	96	2.0
80	97	4.0
80	98	2.0
81	81	41.0
81	82	10.0
81	84	2.0
81	85	1.0
81	97	1.0
82	82	58.0
82	83	2.0
82	84	10.0
82	97	1.0
82	99	2.0
83	83	41.0
83	84	9.0
83	89	1.0
83	92	4.0
83	93	3.0
84	84	51.0
84	85	10.0
84	99	1.0
85	85	60.0
85	86	3.0
85	98	1.0
86	86	50.0
86	87	2.0
86	98	2.0
86	100	1.0
86	106	1.0
86	121	1.0
87	87	62.0
87	88	3.0
87	89	2.0
87	100	1.0
87	108	1.0
87	109	1.0
87	121	1.0
88	88	48.0
88	89	7.0
88	108	2.0
88	153	3.0
89	89	59.0
89	90	2.0
89	91	1.0
89	92	1.0
89	99	2.0
90	90	50.0
90	91	3.0
90	92	1.0
90	98	1.0
90	99	3.0
90	101	1.0
91	91	37.0
91	92	12.0
91	93	1.0
91	97	1.0
91	100	1.0
91	101	1.0
92	92	37.0
92	93	3.0
92	100	1.0
92	101	2.0
92	153	1.0
92	154	1.0
93	93	32.0
93	94	3.0
93	96	1.0
94	94	35.0
94	95	4.0
94	97	4.0
95	95	48.0
95	96	3.0
95	97	3.0
96	96	16.0
96	97	3.0
97	97	44.0
97	98	4.0
97	101	1.0
98	98	32.0
98	99	6.0
98	102	1.0
99	99	42.0
99	100	4.0
100	100	33.0
100	101	8.0
101	101	67.0
101	102	1.0
101	105	3.0
101	108	3.0
101	109	1.0
102	102	43.0
102	103	1.0
102	117	2.0
102	120	3.0
102	121	2.0
103	103	41.0
103	104	5.0
103	115	2.0
103	116	2.0
103	118	1.0
104	104	28.0
104	105	4.0
104	106	1.0
104	107	2.0
104	108	1.0
104	111	1.0
104	114	3.0
104	116	1.0
105	105	56.0
105	106	1.0
105	107	3.0
105	108	5.0
105	109	2.0
106	106	9.0
106	108	3.0
106	112	1.0
107	107	36.0
107	108	4.0
107	109	4.0
107	117	1.0
108	108	51.0
108	109	1.0
108	110	4.0
108	112	1.0
109	109	37.0
109	110	4.0
110	110	23.0
110	111	4.0
110	112	2.0
110	126	2.0
111	111	24.0
111	112	2.0
111	115	1.0
111	125	1.0
112	112	18.0
112	113	1.0
113	113	13.0
113	114	3.0
113	115	1.0
113	120	2.0
114	114	30.0
114	115	1.0
114	118	1.0
114	119	4.0
114	120	6.0
114	121	4.0
114	124	3.0
114	125	1.0
115	115	40.0
115	116	5.0
115	118	1.0
116	116	41.0
116	117	9.0
116	118	4.0
116	119	2.0
116	120	5.0
117	117	45.0
117	118	9.0
118	118	32.0
118	119	6.0
119	119	22.0
119	120	6.0
119	123	1.0
120	120	39.0
120	121	3.0
120	123	1.0
120	124	2.0
121	121	58.0
121	122	8.0
121	123	2.0
121	131	1.0
121	135	2.0
122	122	28.0
122	123	3.0
122	134	2.0
123	123	39.0
123	124	6.0
123	131	1.0
124	124	35.0
124	137	1.0
125	125	38.0
125	126	3.0
126	126	39.0
126	127	4.0
126	147	1.0
126	149	1.0
127	127	40.0
127	128	1.0
127	129	1.0
127	146	2.0
127	147	1.0
128	128	30.0
128	129	6.0
128	130	2.0
129	129	51.0
129	130	3.0
130	130	35.0
130	131	1.0
130	133	2.0
130	134	1.0
130	136	5.0
130	137	1.0
131	131	32.0
131	132	3.0
131	133	3.0
131	136	2.0
131	137	3.0
131	138	4.0
132	132	33.0
132	133	8.0
132	136	1.0
132	137	2.0
133	133	27.0
133	134	3.0
134	134	33.0
134	135	11.0
134	136	3.0
135	135	31.0
135	136	6.0
136	136	42.0
136	137	15.0
136	138	1.0
137	137	29.0
137	138	4.0
137	139	2.0
137	140	1.0
137	146	1.0
138	138	49.0
138	139	10.0
138	140	1.0
138	141	1.0
138	145	2.0
139	139	41.0
139	140	6.0
139	141	2.0
139	145	2.0
139	152	3.0
140	140	23.0
140	141	6.0
140	152	3.0
141	141	41.0
141	142	1.0
141	149	1.0
141	150	1.0
141	152	3.0
141	153	1.0
142	142	45.0
142	143	8.0
142	144	2.0
142	152	1.0
142	153	5.0
142	154	3.0
143	143	41.0
143	144	4.0
143	154	2.0
143	155	3.0
144	144	40.0
144	145	11.0
144	146	2.0
144	148	2.0
144	149	1.0
144	153	1.0
145	145	46.0
145	146	3.0
145	153	2.0
146	146	38.0
146	147	4.0
146	153	1.0
147	147	35.0
147	148	4.0
148	148	40.0
148	149	7.0
148	150	2.0
149	149	35.0
149	150	1.0
149	151	3.0
149	152	3.0
150	150	42.0
150	151	2.0
150	152	2.0
151	151	26.0
151	152	3.0
152	152	45.0
152	154	3.0
152	156	2.0
153	153	68.0
153	154	1.0
154	154	18.0
154	155	2.0
155	155	48.0
155	156	7.0
155	157	2.0
155	158	6.0
156	156	49.0
156	157	1.0
156	158	4.0
156	159	3.0
157	157	50.0
157	158	4.0
158	158	35.0
158	159	7.0
159	159	24.0
