1	1	174.0
1	2	2.0
1	82	2.0
2	1	2.0
2	2	157.0
2	3	2.0
3	2	3.0
3	3	153.0
3	4	3.0
3	11	1.0
4	3	3.0
4	4	165.0
4	5	1.0
4	8	1.0
5	4	1.0
5	5	179.0
5	6	2.0
5	7	1.0
5	8	1.0
5	9	1.0
5	56	1.0
6	6	159.0
6	7	1.0
6	43	1.0
6	45	1.0
6	54	1.0
6	55	1.0
7	6	1.0
7	7	163.0
8	4	1.0
8	5	2.0
8	7	4.0
8	8	192.0
8	9	4.0
8	16	1.0
8	40	1.0
8	82	1.0
9	9	186.0
9	17	1.0
9	41	1.0
10	9	1.0
10	10	168.0
10	11	1.0
10	12	1.0
10	14	2.0
10	34	1.0
11	10	1.0
11	11	174.0
11	12	1.0
11	14	1.0
12	11	3.0
12	12	163.0
12	13	1.0
12	14	3.0
12	15	1.0
13	10	2.0
13	12	5.0
13	13	183.0
13	14	1.0
13	15	1.0
13	36	1.0
14	10	1.0
14	11	1.0
14	12	1.0
14	13	5.0
14	14	159.0
14	15	1.0
14	35	1.0
15	6	2.0
15	10	3.0
15	12	1.0
15	13	1.0
15	14	1.0
15	15	98.0
15	18	1.0
15	20	1.0
16	8	1.0
16	16	154.0
16	17	2.0
16	28	1.0
17	9	1.0
17	16	3.0
17	17	190.0
17	18	1.0
17	19	3.0
17	34	1.0
18	16	1.0
18	17	1.0
18	18	103.0
18	19	2.0
18	27	2.0
18	30	2.0
18	41	1.0
19	18	3.0
19	19	152.0
19	20	4.0
20	16	3.0
20	18	1.0
20	19	3.0
20	20	120.0
21	20	1.0
21	21	171.0
21	25	1.0
21	26	1.0
22	20	1.0
22	21	1.0
22	22	41.0
25	21	3.0
25	25	120.0
25	26	1.0
25	30	1.0
26	20	1.0
26	21	1.0
26	25	3.0
26	26	179.0
27	20	1.0
27	27	166.0
27	30	1.0
27	61	1.0
28	19	2.0
28	27	2.0
28	28	158.0
28	29	2.0
28	30	3.0
29	28	3.0
29	29	144.0
30	28	1.0
30	30	153.0
30	32	1.0
30	72	1.0
31	31	191.0
31	32	3.0
31	33	1.0
31	39	1.0
31	54	1.0
32	30	1.0
32	32	196.0
32	33	6.0
32	35	1.0
32	36	1.0
32	38	1.0
32	40	1.0
33	32	1.0
33	33	178.0
33	34	1.0
34	15	1.0
34	34	105.0
34	35	1.0
34	36	1.0
34	37	1.0
35	34	1.0
35	35	183.0
35	36	2.0
35	37	1.0
35	72	1.0
36	26	1.0
36	36	150.0
36	72	1.0
37	4	1.0
37	35	1.0
37	36	1.0
37	37	165.0
38	35	1.0
38	37	1.0
38	38	159.0
38	39	2.0
39	16	1.0
39	18	1.0
39	31	2.0
39	38	2.0
39	39	179.0
40	16	1.0
40	40	168.0
40	41	1.0
40	82	1.0
41	16	2.0
41	41	177.0
41	42	5.0
41	73	1.0
42	41	2.0
42	42	162.0
42	43	1.0
42	62	1.0
43	43	68.0
43	48	1.0
44	44	26.0
44	45	1.0
45	36	1.0
45	44	1.0
45	45	166.0
45	48	1.0
46	45	1.0
46	46	165.0
46	47	2.0
46	73	1.0
47	46	2.0
47	47	165.0
47	48	2.0
48	48	177.0
48	49	5.0
49	48	1.0
49	49	172.0
49	50	2.0
49	51	1.0
49	58	2.0
50	47	1.0
50	49	1.0
50	50	168.0
51	51	145.0
51	52	2.0
51	54	1.0
51	58	2.0
52	13	1.0
52	42	1.0
52	49	1.0
52	50	1.0
52	51	1.0
52	52	186.0
52	54	1.0
52	55	1.0
53	9	1.0
53	31	1.0
53	51	1.0
53	52	1.0
53	53	147.0
53	54	1.0
54	5	1.0
54	53	5.0
54	54	178.0
54	55	1.0
55	13	1.0
55	55	184.0
55	56	2.0
56	7	1.0
56	14	1.0
56	15	1.0
56	56	172.0
57	57	170.0
57	59	1.0
57	60	1.0
58	9	1.0
58	54	1.0
58	57	2.0
58	58	125.0
58	60	1.0
59	59	175.0
59	60	1.0
60	58	1.0
60	60	158.0
60	61	2.0
61	60	6.0
61	61	190.0
61	62	1.0
62	62	169.0
62	63	1.0
62	65	1.0
63	62	1.0
63	63	160.0
63	65	1.0
63	69	1.0
64	62	1.0
64	63	3.0
64	64	173.0
64	65	2.0
64	68	1.0
64	69	1.0
64	80	1.0
65	63	1.0
65	65	175.0
65	67	1.0
65	68	1.0
66	66	154.0
67	65	1.0
67	67	185.0
67	68	3.0
67	69	1.0
68	46	1.0
68	66	3.0
68	67	1.0
68	68	163.0
68	69	5.0
68	70	2.0
69	66	1.0
69	68	2.0
69	69	161.0
69	70	4.0
69	76	1.0
70	66	1.0
70	69	5.0
70	70	176.0
70	71	2.0
70	72	1.0
71	34	1.0
71	68	2.0
71	70	1.0
71	71	180.0
71	72	1.0
71	73	1.0
71	75	1.0
72	30	1.0
72	35	2.0
72	67	1.0
72	71	1.0
72	72	175.0
73	36	1.0
73	72	2.0
73	73	162.0
73	74	4.0
73	75	1.0
74	73	3.0
74	74	184.0
75	71	1.0
75	74	2.0
75	75	168.0
75	79	1.0
76	10	1.0
76	71	1.0
76	75	1.0
76	76	156.0
76	78	1.0
77	75	1.0
77	76	2.0
77	77	165.0
78	69	1.0
78	78	173.0
78	79	1.0
79	79	165.0
79	80	1.0
80	80	165.0
81	80	1.0
81	81	12.0
82	82	153.0
