1	1	165.0
1	79	3.0
2	1	4.0
2	2	167.0
2	3	4.0
2	6	1.0
2	8	1.0
2	79	4.0
3	3	187.0
3	4	1.0
3	6	1.0
3	56	1.0
3	60	1.0
4	3	3.0
4	4	181.0
4	5	2.0
4	54	1.0
4	56	1.0
5	5	155.0
5	6	5.0
5	7	4.0
5	47	3.0
5	52	1.0
6	5	1.0
6	6	160.0
6	7	3.0
6	8	1.0
6	47	3.0
7	3	1.0
7	7	164.0
7	47	2.0
8	4	1.0
8	6	2.0
8	7	2.0
8	8	187.0
8	9	2.0
8	10	1.0
9	9	176.0
9	10	5.0
9	49	1.0
10	8	1.0
10	9	3.0
10	10	170.0
10	11	3.0
10	12	1.0
10	13	2.0
10	50	1.0
10	51	1.0
11	9	1.0
11	10	1.0
11	11	169.0
11	12	3.0
11	51	1.0
12	10	1.0
12	12	169.0
12	13	3.0
12	50	1.0
12	51	1.0
13	10	1.0
13	12	3.0
13	13	159.0
13	45	3.0
13	70	2.0
14	13	3.0
14	14	101.0
15	15	21.0
18	18	104.0
18	19	4.0
18	20	3.0
18	21	2.0
19	18	4.0
19	19	174.0
19	20	3.0
19	44	1.0
20	19	6.0
20	20	169.0
20	26	1.0
20	27	1.0
21	19	2.0
21	21	158.0
21	22	1.0
22	22	205.0
22	23	5.0
22	24	1.0
22	25	3.0
22	26	1.0
23	19	1.0
23	21	1.0
23	22	3.0
23	23	166.0
23	24	2.0
23	25	1.0
23	28	1.0
23	30	1.0
24	22	1.0
24	23	2.0
24	24	160.0
24	26	1.0
24	27	4.0
24	28	2.0
24	29	2.0
25	22	2.0
25	23	1.0
25	25	137.0
25	26	2.0
25	27	5.0
25	28	4.0
25	29	1.0
26	20	2.0
26	21	1.0
26	24	2.0
26	25	3.0
26	26	150.0
26	27	5.0
26	28	4.0
26	44	1.0
27	20	2.0
27	21	1.0
27	24	2.0
27	26	8.0
27	27	113.0
27	28	3.0
27	29	1.0
28	23	2.0
28	24	4.0
28	25	4.0
28	27	2.0
28	28	163.0
28	29	1.0
28	30	1.0
29	24	3.0
29	25	1.0
29	28	1.0
29	29	162.0
29	30	3.0
29	32	1.0
29	70	1.0
29	73	1.0
30	21	1.0
30	28	1.0
30	29	2.0
30	30	160.0
30	31	7.0
31	14	1.0
31	20	1.0
31	21	1.0
31	29	1.0
31	30	4.0
31	31	145.0
31	32	3.0
31	42	1.0
32	29	1.0
32	31	3.0
32	32	175.0
32	64	1.0
33	32	2.0
33	33	169.0
33	34	4.0
33	38	1.0
34	33	8.0
34	34	167.0
34	36	1.0
34	37	1.0
34	42	2.0
35	34	2.0
35	35	170.0
35	36	4.0
35	37	4.0
35	39	1.0
35	42	1.0
36	35	3.0
36	36	167.0
36	37	4.0
37	33	1.0
37	35	5.0
37	36	4.0
37	37	152.0
37	38	2.0
37	39	3.0
38	35	1.0
38	36	1.0
38	37	2.0
38	38	151.0
38	39	3.0
39	8	1.0
39	39	166.0
39	40	2.0
39	41	2.0
40	40	155.0
41	31	2.0
41	34	1.0
41	41	141.0
41	42	2.0
41	52	1.0
41	65	1.0
42	30	1.0
42	35	1.0
42	41	6.0
42	42	186.0
43	31	1.0
43	39	1.0
43	41	2.0
43	42	2.0
43	43	165.0
43	44	6.0
44	15	1.0
44	26	1.0
44	34	1.0
44	38	1.0
44	43	4.0
44	44	169.0
44	45	7.0
44	47	1.0
44	61	1.0
44	65	1.0
45	44	1.0
45	45	159.0
45	46	2.0
45	66	1.0
45	67	1.0
45	68	2.0
45	70	2.0
46	34	1.0
46	44	1.0
46	45	4.0
46	46	165.0
46	47	1.0
46	48	4.0
47	5	1.0
47	6	1.0
47	7	1.0
47	8	1.0
47	47	161.0
47	50	1.0
48	10	2.0
48	45	1.0
48	46	4.0
48	48	172.0
48	49	3.0
48	52	1.0
48	64	1.0
48	70	2.0
49	47	1.0
49	48	2.0
49	49	179.0
49	50	3.0
49	51	2.0
49	53	1.0
49	58	2.0
50	12	1.0
50	48	1.0
50	49	4.0
50	50	187.0
50	51	1.0
51	8	1.0
51	48	1.0
51	50	3.0
51	51	145.0
51	53	4.0
51	56	1.0
51	57	2.0
52	48	1.0
52	49	1.0
52	52	126.0
52	53	4.0
52	55	1.0
52	71	1.0
53	3	1.0
53	4	1.0
53	48	1.0
53	50	1.0
53	51	2.0
53	52	5.0
53	53	178.0
53	54	2.0
53	55	1.0
54	3	1.0
54	5	1.0
54	52	4.0
54	53	3.0
54	54	136.0
54	55	3.0
54	59	2.0
54	64	1.0
55	4	3.0
55	51	2.0
55	54	2.0
55	55	162.0
55	56	6.0
56	55	2.0
56	56	161.0
56	57	3.0
56	60	1.0
56	72	1.0
56	73	1.0
57	4	1.0
57	50	1.0
57	51	1.0
57	54	1.0
57	56	2.0
57	57	187.0
57	58	1.0
57	59	1.0
58	49	1.0
58	57	1.0
58	58	143.0
58	59	1.0
58	62	1.0
59	3	1.0
59	54	1.0
59	58	2.0
59	59	145.0
59	60	4.0
59	63	2.0
59	64	1.0
60	4	3.0
60	56	1.0
60	58	2.0
60	59	6.0
60	60	181.0
60	61	2.0
60	65	1.0
61	33	1.0
61	58	1.0
61	59	1.0
61	60	1.0
61	61	164.0
61	62	4.0
61	63	3.0
61	64	5.0
62	59	1.0
62	61	3.0
62	62	166.0
62	67	2.0
62	68	1.0
63	54	1.0
63	59	2.0
63	61	2.0
63	62	3.0
63	63	168.0
63	64	3.0
64	58	1.0
64	61	3.0
64	63	3.0
64	64	159.0
64	65	3.0
64	66	1.0
64	68	2.0
65	40	1.0
65	58	1.0
65	60	1.0
65	65	145.0
65	66	3.0
65	69	1.0
66	33	1.0
66	64	1.0
66	65	3.0
66	66	158.0
66	67	2.0
66	68	2.0
66	69	1.0
66	70	2.0
66	72	1.0
67	45	1.0
67	52	1.0
67	61	2.0
67	62	1.0
67	66	4.0
67	67	145.0
67	68	4.0
67	70	1.0
68	62	2.0
68	66	1.0
68	67	5.0
68	68	165.0
68	69	3.0
68	71	1.0
69	64	1.0
69	66	1.0
69	68	1.0
69	69	163.0
69	70	2.0
70	29	2.0
70	53	1.0
70	66	1.0
70	68	1.0
70	69	2.0
70	70	165.0
70	71	5.0
70	72	2.0
71	67	2.0
71	70	8.0
71	71	183.0
72	27	1.0
72	54	1.0
72	67	1.0
72	70	1.0
72	71	1.0
72	72	153.0
72	73	3.0
72	74	1.0
73	56	1.0
73	72	1.0
73	73	167.0
73	74	1.0
74	37	1.0
74	72	2.0
74	73	1.0
74	74	200.0
75	50	1.0
75	74	2.0
75	75	140.0
75	76	5.0
75	79	1.0
76	1	1.0
76	8	1.0
76	53	1.0
76	75	3.0
76	76	161.0
77	14	2.0
77	56	1.0
77	77	203.0
77	78	1.0
78	78	1.0
79	1	3.0
79	2	2.0
79	3	1.0
79	18	1.0
79	76	1.0
79	79	138.0
