19	19	81.0
19	20	2.0
19	21	1.0
19	32	1.0
19	33	2.0
20	20	182.0
20	21	4.0
20	25	1.0
20	26	1.0
21	20	2.0
21	21	171.0
21	22	2.0
21	23	1.0
21	50	2.0
22	22	182.0
22	23	2.0
22	24	2.0
22	25	1.0
22	29	1.0
22	30	2.0
23	20	2.0
23	22	4.0
23	23	161.0
23	25	2.0
23	29	1.0
23	33	4.0
24	23	1.0
24	24	150.0
24	25	1.0
24	83	1.0
25	19	1.0
25	20	1.0
25	22	2.0
25	24	4.0
25	25	175.0
25	26	2.0
25	27	1.0
25	38	1.0
25	48	2.0
26	24	1.0
26	25	7.0
26	26	193.0
26	27	2.0
26	28	1.0
26	29	1.0
26	40	2.0
27	26	3.0
27	27	195.0
27	28	6.0
27	29	2.0
27	34	1.0
27	36	1.0
27	42	2.0
27	64	1.0
28	27	5.0
28	28	172.0
28	29	2.0
28	42	1.0
29	27	2.0
29	28	1.0
29	29	184.0
29	30	2.0
30	19	1.0
30	30	147.0
30	31	5.0
30	33	2.0
30	35	1.0
30	44	1.0
31	27	1.0
31	30	3.0
31	31	187.0
31	32	5.0
31	33	3.0
31	34	1.0
31	35	2.0
32	31	5.0
32	32	165.0
32	43	2.0
32	44	1.0
33	20	2.0
33	22	1.0
33	24	1.0
33	30	1.0
33	31	2.0
33	32	3.0
33	33	181.0
33	35	2.0
33	65	1.0
34	27	3.0
34	33	2.0
34	34	187.0
34	35	7.0
34	36	6.0
35	34	8.0
35	35	175.0
35	36	7.0
35	76	1.0
36	34	6.0
36	35	7.0
36	36	185.0
36	37	3.0
36	53	1.0
36	62	1.0
36	75	1.0
37	36	2.0
37	37	141.0
37	38	5.0
37	55	1.0
37	73	1.0
37	74	1.0
37	75	1.0
37	77	1.0
37	97	1.0
38	37	6.0
38	38	142.0
38	39	2.0
38	41	2.0
38	64	3.0
38	69	1.0
38	71	1.0
38	74	1.0
38	76	1.0
39	37	1.0
39	38	3.0
39	39	163.0
39	40	3.0
39	41	1.0
39	42	2.0
39	66	1.0
39	70	1.0
39	71	2.0
39	75	1.0
40	39	2.0
40	40	155.0
40	41	2.0
40	47	1.0
40	64	1.0
41	38	1.0
41	39	2.0
41	40	3.0
41	41	162.0
41	42	1.0
41	97	2.0
42	24	1.0
42	27	2.0
42	28	2.0
42	31	1.0
42	32	1.0
42	41	2.0
42	42	156.0
42	43	2.0
42	44	2.0
43	32	1.0
43	42	1.0
43	43	155.0
43	44	6.0
43	45	3.0
44	31	1.0
44	42	1.0
44	43	4.0
44	44	193.0
44	45	2.0
44	48	1.0
44	51	2.0
45	34	1.0
45	43	1.0
45	44	12.0
45	45	174.0
45	47	1.0
45	48	1.0
45	78	1.0
45	98	1.0
45	99	1.0
46	45	3.0
46	46	148.0
46	47	1.0
46	49	2.0
46	59	1.0
47	44	1.0
47	45	1.0
47	46	2.0
47	47	160.0
47	48	3.0
47	53	1.0
47	68	1.0
47	98	2.0
47	99	1.0
48	45	2.0
48	46	1.0
48	47	4.0
48	48	159.0
48	49	1.0
48	50	1.0
48	98	1.0
49	34	1.0
49	38	1.0
49	47	2.0
49	48	1.0
49	49	161.0
49	50	2.0
50	49	1.0
50	50	144.0
50	51	3.0
51	50	8.0
51	51	183.0
51	52	1.0
52	51	1.0
52	52	145.0
52	53	2.0
52	59	1.0
52	72	1.0
53	52	2.0
53	53	139.0
53	56	3.0
53	57	2.0
53	59	2.0
54	37	1.0
54	53	1.0
54	54	148.0
54	55	1.0
54	56	4.0
54	57	3.0
54	58	3.0
54	59	1.0
55	54	1.0
55	55	154.0
55	56	2.0
55	57	1.0
55	60	3.0
55	61	1.0
55	70	1.0
55	105	1.0
56	54	1.0
56	55	2.0
56	56	160.0
56	57	1.0
56	58	1.0
56	60	3.0
57	54	4.0
57	55	1.0
57	56	1.0
57	57	152.0
57	58	5.0
57	59	1.0
58	56	1.0
58	57	2.0
58	58	153.0
58	59	3.0
58	63	1.0
58	105	3.0
59	58	2.0
59	59	125.0
59	60	4.0
59	61	1.0
59	62	1.0
59	65	1.0
60	54	2.0
60	56	1.0
60	59	2.0
60	60	167.0
60	62	1.0
60	68	1.0
61	55	2.0
61	59	1.0
61	61	185.0
61	62	7.0
61	63	1.0
61	66	1.0
61	67	3.0
61	68	2.0
61	69	1.0
62	59	1.0
62	60	1.0
62	61	9.0
62	62	150.0
62	63	1.0
62	64	1.0
62	65	2.0
62	67	1.0
62	70	1.0
62	71	1.0
63	58	1.0
63	59	2.0
63	61	2.0
63	63	123.0
63	65	3.0
63	66	1.0
63	69	1.0
63	71	2.0
63	74	1.0
63	110	1.0
64	37	1.0
64	38	1.0
64	47	1.0
64	61	1.0
64	63	7.0
64	64	143.0
64	65	2.0
64	66	1.0
64	71	1.0
64	72	1.0
65	28	1.0
65	60	1.0
65	62	3.0
65	63	2.0
65	64	1.0
65	65	156.0
65	66	3.0
65	69	1.0
66	21	1.0
66	46	1.0
66	62	1.0
66	63	2.0
66	65	3.0
66	66	164.0
66	67	8.0
66	68	4.0
66	69	4.0
67	62	2.0
67	63	2.0
67	64	1.0
67	65	4.0
67	66	1.0
67	67	160.0
67	68	3.0
67	69	1.0
67	70	2.0
68	28	1.0
68	43	1.0
68	66	1.0
68	68	144.0
68	69	4.0
69	37	1.0
69	59	1.0
69	62	1.0
69	66	2.0
69	67	1.0
69	68	1.0
69	69	135.0
69	70	1.0
70	60	1.0
70	64	1.0
70	65	1.0
70	66	1.0
70	67	1.0
70	68	2.0
70	70	146.0
70	71	1.0
70	98	1.0
71	39	1.0
71	40	2.0
71	70	1.0
71	71	161.0
71	72	9.0
71	73	2.0
71	74	3.0
71	75	1.0
71	92	1.0
71	95	1.0
72	40	2.0
72	71	4.0
72	72	159.0
72	73	4.0
72	74	1.0
72	75	1.0
72	94	1.0
73	37	1.0
73	38	1.0
73	58	1.0
73	71	5.0
73	72	3.0
73	73	163.0
73	74	4.0
73	76	2.0
73	93	2.0
73	94	1.0
73	99	1.0
74	37	1.0
74	71	1.0
74	73	5.0
74	74	163.0
74	75	5.0
74	76	1.0
74	95	2.0
74	96	1.0
74	113	1.0
75	39	1.0
75	73	1.0
75	74	5.0
75	75	161.0
75	76	2.0
76	38	1.0
76	45	1.0
76	73	1.0
76	75	3.0
76	76	153.0
76	77	2.0
76	78	3.0
76	90	1.0
76	91	2.0
76	108	3.0
77	36	1.0
77	44	1.0
77	45	1.0
77	76	1.0
77	77	184.0
77	78	3.0
77	91	1.0
77	108	1.0
78	76	2.0
78	77	4.0
78	78	162.0
78	79	1.0
78	80	1.0
79	77	1.0
79	78	2.0
79	79	168.0
79	80	2.0
79	91	1.0
79	108	1.0
79	112	1.0
80	79	1.0
80	80	178.0
80	81	5.0
80	82	2.0
81	73	1.0
81	80	8.0
81	81	185.0
81	82	2.0
81	83	1.0
81	84	3.0
81	85	2.0
82	80	1.0
82	82	172.0
82	83	5.0
82	84	2.0
82	85	1.0
83	64	1.0
83	81	2.0
83	82	3.0
83	83	139.0
83	84	3.0
83	85	2.0
83	86	1.0
83	89	1.0
83	104	1.0
84	82	2.0
84	83	8.0
84	84	176.0
84	85	5.0
84	89	1.0
85	76	1.0
85	81	2.0
85	82	2.0
85	83	1.0
85	84	2.0
85	85	145.0
85	86	1.0
85	87	3.0
85	90	1.0
86	82	1.0
86	83	1.0
86	85	4.0
86	86	122.0
86	87	6.0
86	89	1.0
86	90	2.0
87	21	1.0
87	83	2.0
87	85	1.0
87	86	8.0
87	87	159.0
87	88	7.0
87	89	1.0
87	91	1.0
87	108	1.0
87	113	1.0
88	55	1.0
88	83	1.0
88	85	2.0
88	86	1.0
88	88	146.0
88	89	2.0
88	90	4.0
88	91	1.0
88	92	2.0
89	73	1.0
89	86	1.0
89	88	7.0
89	89	158.0
89	90	3.0
89	91	2.0
89	92	1.0
89	102	1.0
89	108	1.0
90	76	1.0
90	79	2.0
90	80	1.0
90	82	1.0
90	86	1.0
90	87	2.0
90	88	3.0
90	89	3.0
90	90	140.0
90	91	4.0
90	97	1.0
91	76	1.0
91	78	1.0
91	79	1.0
91	84	1.0
91	87	1.0
91	89	3.0
91	90	7.0
91	91	160.0
91	99	2.0
91	104	1.0
92	71	1.0
92	73	1.0
92	89	1.0
92	90	1.0
92	92	152.0
92	94	2.0
92	95	1.0
92	96	2.0
92	99	1.0
92	104	2.0
92	108	1.0
93	73	1.0
93	93	159.0
93	94	9.0
93	95	2.0
93	96	1.0
94	90	1.0
94	92	3.0
94	93	7.0
94	94	185.0
94	95	1.0
94	99	1.0
95	74	1.0
95	92	1.0
95	93	3.0
95	95	155.0
95	96	2.0
96	51	1.0
96	75	4.0
96	96	159.0
96	98	1.0
97	37	1.0
97	40	3.0
97	95	1.0
97	96	1.0
97	97	170.0
97	98	1.0
97	99	1.0
98	47	1.0
98	48	1.0
98	66	2.0
98	97	1.0
98	98	177.0
98	99	6.0
99	45	3.0
99	46	1.0
99	74	1.0
99	88	2.0
99	91	1.0
99	92	2.0
99	97	2.0
99	99	162.0
99	104	1.0
100	89	1.0
100	92	1.0
100	99	2.0
100	100	164.0
100	101	5.0
100	102	1.0
100	103	2.0
101	94	1.0
101	100	3.0
101	101	180.0
101	102	3.0
101	103	1.0
102	100	3.0
102	101	1.0
102	102	167.0
102	103	9.0
103	84	1.0
103	102	6.0
103	103	178.0
103	104	2.0
103	107	3.0
103	110	1.0
104	89	1.0
104	103	5.0
104	104	161.0
104	105	1.0
104	106	1.0
104	109	3.0
105	57	1.0
105	58	1.0
105	104	2.0
105	105	135.0
105	106	2.0
105	107	2.0
105	108	2.0
105	109	2.0
105	111	2.0
106	56	1.0
106	88	1.0
106	103	2.0
106	104	2.0
106	106	188.0
106	107	4.0
106	111	3.0
107	57	1.0
107	103	1.0
107	104	2.0
107	106	1.0
107	107	191.0
107	108	2.0
108	32	1.0
108	76	1.0
108	88	1.0
108	89	1.0
108	92	1.0
108	107	1.0
108	108	175.0
108	109	4.0
108	110	2.0
109	25	1.0
109	104	1.0
109	105	1.0
109	106	1.0
109	108	1.0
109	109	170.0
109	110	4.0
110	105	1.0
110	108	1.0
110	109	4.0
110	110	192.0
110	111	2.0
111	105	1.0
111	106	1.0
111	110	4.0
111	111	187.0
111	112	1.0
111	113	1.0
112	19	1.0
112	66	1.0
112	90	1.0
112	91	2.0
112	111	2.0
112	112	137.0
112	113	5.0
113	59	1.0
113	107	1.0
113	112	2.0
113	113	172.0
114	113	1.0
114	114	142.0
114	115	1.0
115	115	24.0
