1	1	200.0
1	2	1.0
1	29	1.0
1	91	6.0
2	1	1.0
2	2	204.0
2	3	2.0
2	30	1.0
3	3	191.0
3	4	1.0
3	14	1.0
3	15	1.0
3	18	1.0
3	19	2.0
3	57	1.0
4	3	5.0
4	4	233.0
4	11	1.0
4	15	2.0
5	3	1.0
5	5	204.0
5	6	4.0
6	5	3.0
6	6	211.0
6	7	3.0
7	6	2.0
7	7	186.0
7	8	2.0
8	5	1.0
8	6	1.0
8	7	2.0
8	8	166.0
8	9	2.0
8	11	1.0
8	87	1.0
9	8	1.0
9	9	184.0
9	10	2.0
9	86	1.0
9	87	1.0
10	9	1.0
10	10	191.0
10	52	1.0
11	9	2.0
11	10	3.0
11	11	220.0
11	53	1.0
11	80	1.0
11	86	1.0
11	87	1.0
12	11	1.0
12	12	196.0
12	13	2.0
12	14	5.0
12	75	1.0
13	12	10.0
13	13	227.0
13	14	2.0
14	12	2.0
14	14	174.0
15	4	1.0
15	14	2.0
15	15	136.0
15	16	1.0
15	17	1.0
16	15	2.0
16	16	116.0
17	15	1.0
17	17	261.0
17	54	1.0
18	16	2.0
18	18	95.0
18	19	1.0
18	56	1.0
19	19	259.0
19	20	1.0
19	22	2.0
19	49	1.0
20	20	191.0
20	21	3.0
20	47	1.0
20	51	1.0
21	20	1.0
21	21	149.0
21	22	1.0
22	20	2.0
22	22	199.0
22	23	1.0
22	25	1.0
23	22	3.0
23	23	199.0
23	24	3.0
23	25	1.0
23	72	1.0
24	23	5.0
24	24	216.0
24	68	1.0
25	23	1.0
25	24	1.0
25	25	172.0
25	26	1.0
25	27	4.0
26	25	5.0
26	26	217.0
26	27	1.0
27	25	1.0
27	26	2.0
27	27	209.0
27	28	4.0
27	88	1.0
27	91	1.0
28	27	2.0
28	28	132.0
29	1	1.0
29	21	1.0
29	28	2.0
29	29	130.0
29	88	1.0
30	2	1.0
30	3	2.0
30	30	202.0
30	31	1.0
30	32	1.0
30	46	1.0
31	30	2.0
31	31	190.0
31	32	1.0
31	33	1.0
31	34	1.0
31	46	1.0
32	32	127.0
32	33	3.0
33	31	1.0
33	33	135.0
33	34	1.0
33	35	1.0
33	46	1.0
33	51	1.0
34	31	1.0
34	34	214.0
34	46	6.0
35	33	1.0
35	34	1.0
35	35	70.0
46	33	5.0
46	34	2.0
46	46	323.0
46	47	2.0
46	85	1.0
46	87	1.0
47	46	1.0
47	47	197.0
47	48	3.0
47	82	3.0
47	86	1.0
48	2	1.0
48	19	1.0
48	48	224.0
48	49	1.0
48	75	1.0
48	83	1.0
49	48	1.0
49	49	219.0
49	50	2.0
49	51	2.0
49	82	1.0
50	49	2.0
50	50	214.0
50	51	4.0
50	78	1.0
51	48	3.0
51	49	2.0
51	51	221.0
51	52	1.0
52	9	3.0
52	17	1.0
52	50	3.0
52	52	224.0
52	53	1.0
52	82	1.0
53	53	214.0
53	54	1.0
53	55	3.0
53	77	1.0
53	79	1.0
54	14	1.0
54	53	2.0
54	54	216.0
54	55	1.0
54	56	1.0
55	4	1.0
55	53	1.0
55	54	1.0
55	55	217.0
55	56	3.0
55	83	1.0
56	53	1.0
56	55	1.0
56	56	233.0
56	57	1.0
57	57	225.0
57	58	1.0
57	73	1.0
57	74	1.0
58	20	1.0
58	57	6.0
58	58	206.0
58	59	1.0
58	60	1.0
58	61	1.0
58	63	1.0
58	72	1.0
59	25	1.0
59	58	1.0
59	59	178.0
59	60	1.0
59	61	3.0
59	62	3.0
59	64	3.0
59	65	1.0
59	66	1.0
60	59	2.0
60	60	152.0
60	61	5.0
60	62	1.0
61	59	5.0
61	60	9.0
61	61	175.0
61	63	1.0
61	66	2.0
62	59	1.0
62	60	2.0
62	61	2.0
62	62	183.0
62	63	1.0
62	64	2.0
62	65	1.0
63	58	1.0
63	59	1.0
63	60	1.0
63	63	167.0
63	64	4.0
63	66	1.0
64	51	1.0
64	59	3.0
64	63	1.0
64	64	209.0
64	65	1.0
64	71	1.0
65	60	4.0
65	61	1.0
65	62	2.0
65	63	4.0
65	64	1.0
65	65	218.0
65	66	1.0
66	59	1.0
66	62	2.0
66	63	2.0
66	66	224.0
67	66	1.0
67	67	189.0
67	68	4.0
68	67	2.0
68	68	210.0
68	69	4.0
69	68	2.0
69	69	172.0
69	70	1.0
69	74	1.0
70	15	1.0
70	70	160.0
70	71	1.0
71	67	1.0
71	71	152.0
71	72	1.0
71	74	1.0
72	57	1.0
72	67	1.0
72	71	1.0
72	72	194.0
72	73	1.0
73	25	1.0
73	57	2.0
73	58	1.0
73	72	1.0
73	73	201.0
73	74	3.0
73	88	1.0
74	56	1.0
74	70	1.0
74	72	1.0
74	73	2.0
74	74	173.0
74	75	3.0
75	48	1.0
75	56	2.0
75	70	1.0
75	74	1.0
75	75	226.0
75	77	2.0
75	79	1.0
76	48	2.0
76	76	199.0
76	77	3.0
76	80	1.0
77	67	1.0
77	76	4.0
77	77	198.0
77	78	2.0
77	80	1.0
77	81	1.0
78	11	1.0
78	50	1.0
78	77	1.0
78	78	206.0
78	79	1.0
78	80	2.0
79	77	1.0
79	78	3.0
79	79	217.0
79	80	2.0
79	81	2.0
80	53	1.0
80	77	4.0
80	78	5.0
80	79	3.0
80	80	204.0
80	82	2.0
80	83	1.0
80	86	1.0
81	77	3.0
81	79	2.0
81	80	1.0
81	81	204.0
81	82	1.0
81	83	1.0
82	47	1.0
82	48	1.0
82	82	212.0
82	83	2.0
82	84	4.0
83	48	1.0
83	50	1.0
83	75	1.0
83	77	1.0
83	81	3.0
83	82	4.0
83	83	206.0
83	84	3.0
84	9	1.0
84	80	1.0
84	82	2.0
84	83	4.0
84	84	195.0
84	85	1.0
85	5	1.0
85	79	2.0
85	84	1.0
85	85	225.0
85	86	1.0
85	87	1.0
86	33	1.0
86	47	1.0
86	50	1.0
86	81	2.0
86	85	2.0
86	86	216.0
87	2	1.0
87	7	1.0
87	8	1.0
87	80	1.0
87	86	3.0
87	87	231.0
88	5	1.0
88	8	1.0
88	29	4.0
88	87	1.0
88	88	183.0
88	89	1.0
89	88	1.0
89	89	242.0
89	91	1.0
90	87	1.0
90	90	21.0
91	1	2.0
91	89	1.0
91	91	194.0
