1	1	347.0
1	2	36.0
1	3	23.0
1	4	11.0
1	5	8.0
1	8	3.0
1	13	14.0
1	14	17.0
1	15	1.0
1	26	2.0
1	27	4.0
1	28	2.0
1	36	1.0
1	38	1.0
1	45	3.0
1	88	1.0
1	125	7.0
1	126	13.0
2	2	317.0
2	3	19.0
2	4	17.0
2	5	20.0
2	10	1.0
2	14	1.0
2	27	2.0
2	28	1.0
2	38	3.0
2	39	1.0
2	42	3.0
2	53	1.0
2	54	5.0
2	58	2.0
2	60	1.0
2	108	1.0
2	120	1.0
2	124	4.0
2	125	2.0
3	3	368.0
3	4	37.0
3	5	14.0
3	6	1.0
3	8	2.0
3	9	1.0
3	13	1.0
3	14	1.0
3	38	2.0
3	39	1.0
3	54	1.0
3	75	1.0
3	82	1.0
3	86	1.0
3	112	1.0
3	113	1.0
3	124	6.0
3	125	1.0
3	126	1.0
3	131	1.0
4	4	298.0
4	5	21.0
4	6	9.0
4	7	5.0
4	8	10.0
4	9	6.0
4	22	1.0
4	54	5.0
4	71	1.0
4	95	1.0
5	5	323.0
5	6	15.0
5	7	5.0
5	8	10.0
5	12	2.0
5	15	1.0
5	18	1.0
5	19	2.0
5	21	1.0
5	26	2.0
5	33	1.0
5	54	1.0
5	57	2.0
5	58	4.0
5	81	1.0
5	104	1.0
5	113	1.0
5	117	1.0
5	127	1.0
6	6	331.0
6	7	29.0
6	8	7.0
6	9	3.0
6	21	1.0
6	23	2.0
6	26	5.0
6	27	4.0
6	68	1.0
6	99	1.0
6	105	1.0
6	122	1.0
6	123	1.0
6	124	4.0
6	125	2.0
6	126	7.0
7	7	334.0
7	8	19.0
7	9	11.0
7	10	1.0
7	11	5.0
7	12	2.0
7	27	2.0
7	39	1.0
7	74	1.0
7	75	1.0
7	89	1.0
7	101	1.0
7	124	10.0
7	125	6.0
8	8	332.0
8	9	16.0
8	11	2.0
8	16	1.0
8	19	1.0
8	29	1.0
8	30	1.0
8	102	3.0
8	108	1.0
8	115	1.0
8	124	7.0
8	125	13.0
9	9	312.0
9	10	48.0
9	11	11.0
9	12	1.0
9	13	1.0
9	18	1.0
9	26	1.0
9	55	1.0
9	98	6.0
9	100	1.0
9	101	3.0
9	102	4.0
9	115	1.0
9	123	1.0
9	124	5.0
9	125	2.0
10	10	348.0
10	11	45.0
10	43	1.0
10	70	1.0
10	72	1.0
10	97	2.0
10	98	8.0
10	99	1.0
10	100	4.0
10	101	5.0
10	102	3.0
10	104	1.0
10	133	1.0
11	11	371.0
11	12	1.0
11	13	2.0
11	37	1.0
11	38	2.0
11	39	1.0
11	70	3.0
11	74	1.0
11	98	1.0
11	102	1.0
11	106	1.0
11	117	1.0
11	130	1.0
11	132	2.0
11	134	1.0
12	12	410.0
12	13	24.0
12	37	1.0
12	56	1.0
12	59	1.0
12	70	2.0
12	72	3.0
12	73	1.0
12	126	1.0
12	130	2.0
12	135	4.0
13	13	346.0
13	14	60.0
13	15	1.0
13	16	1.0
13	17	1.0
13	18	1.0
13	24	1.0
13	27	2.0
13	38	5.0
13	44	1.0
13	54	1.0
13	55	1.0
13	56	1.0
13	59	1.0
13	60	2.0
13	71	12.0
13	75	1.0
13	85	1.0
13	88	1.0
13	89	2.0
13	90	7.0
13	117	1.0
14	14	362.0
14	15	13.0
14	17	4.0
14	27	2.0
14	28	4.0
14	38	2.0
14	42	2.0
14	61	1.0
14	69	1.0
14	71	5.0
14	81	1.0
14	86	3.0
14	89	2.0
14	90	1.0
14	98	1.0
14	104	1.0
14	109	1.0
14	122	2.0
15	15	329.0
15	16	11.0
15	17	8.0
15	18	9.0
15	19	12.0
15	20	2.0
15	21	2.0
15	22	3.0
15	23	1.0
15	32	1.0
15	34	1.0
15	38	1.0
15	48	6.0
15	56	1.0
15	59	1.0
15	60	5.0
15	65	1.0
15	79	1.0
15	80	1.0
15	83	2.0
15	86	1.0
15	90	5.0
15	94	1.0
15	98	1.0
15	99	1.0
15	101	5.0
15	125	2.0
15	132	1.0
16	16	319.0
16	17	25.0
16	18	20.0
16	19	1.0
16	20	22.0
16	21	4.0
16	22	1.0
16	23	2.0
16	27	1.0
16	28	1.0
16	48	3.0
16	50	5.0
16	58	1.0
16	91	2.0
16	94	1.0
16	98	1.0
16	99	10.0
16	100	1.0
16	101	7.0
16	102	1.0
16	123	1.0
16	125	1.0
16	134	1.0
17	17	237.0
17	18	21.0
17	20	2.0
17	21	1.0
17	28	1.0
17	29	3.0
17	39	1.0
17	45	2.0
17	47	1.0
17	48	2.0
17	50	2.0
17	51	1.0
17	58	1.0
17	90	3.0
17	99	7.0
17	101	2.0
17	114	2.0
18	18	202.0
18	19	4.0
18	20	8.0
18	21	4.0
18	23	1.0
18	27	3.0
18	28	3.0
18	29	1.0
18	38	1.0
18	39	1.0
18	43	1.0
18	58	2.0
18	71	1.0
18	90	1.0
18	97	1.0
18	99	1.0
19	19	282.0
19	20	32.0
19	21	11.0
19	22	3.0
19	23	6.0
19	43	1.0
19	46	3.0
19	47	2.0
19	57	2.0
19	58	2.0
19	89	1.0
19	107	1.0
19	109	3.0
19	110	1.0
19	114	2.0
20	20	326.0
20	21	25.0
20	22	2.0
20	23	2.0
20	25	2.0
20	27	1.0
20	38	2.0
20	45	1.0
20	54	1.0
20	56	2.0
20	57	1.0
20	58	1.0
20	102	1.0
20	109	6.0
20	110	2.0
20	125	2.0
20	134	1.0
21	21	294.0
21	22	18.0
21	23	1.0
21	25	1.0
21	26	2.0
21	33	1.0
21	42	1.0
21	43	1.0
21	45	1.0
21	56	4.0
21	57	8.0
21	58	9.0
21	62	1.0
21	75	1.0
21	100	1.0
21	107	1.0
21	110	1.0
21	132	1.0
22	22	315.0
22	23	32.0
22	24	2.0
22	25	7.0
22	26	12.0
22	27	1.0
22	46	2.0
22	47	3.0
22	55	2.0
22	80	2.0
22	102	1.0
22	107	1.0
22	108	4.0
22	111	2.0
22	125	2.0
23	23	327.0
23	24	41.0
23	25	1.0
23	26	1.0
23	38	1.0
23	45	1.0
23	47	4.0
23	49	7.0
23	52	1.0
23	53	1.0
23	63	1.0
23	67	1.0
23	73	1.0
23	84	1.0
23	93	1.0
23	103	1.0
23	108	5.0
23	109	4.0
23	126	1.0
23	127	1.0
24	24	351.0
24	25	22.0
24	26	1.0
24	27	2.0
24	33	2.0
24	45	3.0
24	49	2.0
24	51	2.0
24	74	1.0
24	92	1.0
24	93	1.0
24	102	1.0
24	105	1.0
24	108	10.0
24	109	6.0
24	111	1.0
24	129	1.0
24	134	1.0
25	25	330.0
25	26	12.0
25	27	8.0
25	30	1.0
25	43	1.0
25	44	1.0
25	45	8.0
25	46	2.0
25	47	3.0
25	49	1.0
25	89	2.0
25	104	2.0
25	105	1.0
25	108	1.0
25	126	1.0
26	26	330.0
26	27	18.0
26	42	1.0
26	46	7.0
26	74	2.0
26	94	1.0
26	102	9.0
26	103	1.0
26	132	1.0
27	27	294.0
27	28	21.0
27	29	11.0
27	42	4.0
27	43	2.0
27	45	2.0
27	46	4.0
27	92	1.0
27	93	1.0
27	94	2.0
27	96	1.0
27	98	3.0
27	99	3.0
27	104	1.0
28	28	315.0
28	29	33.0
28	39	1.0
28	42	1.0
28	43	10.0
28	44	2.0
28	68	1.0
28	79	1.0
28	92	1.0
28	94	5.0
28	98	10.0
28	99	15.0
28	100	1.0
28	121	2.0
29	29	309.0
29	30	6.0
29	31	1.0
29	33	2.0
29	39	2.0
29	42	2.0
29	43	11.0
29	70	1.0
29	86	1.0
29	91	1.0
29	92	5.0
29	94	4.0
29	99	18.0
29	100	2.0
29	101	3.0
30	30	339.0
30	31	13.0
30	32	14.0
30	35	3.0
30	43	1.0
30	60	1.0
30	61	5.0
30	64	1.0
30	65	2.0
30	84	1.0
30	91	6.0
30	92	4.0
30	93	6.0
30	95	6.0
30	96	1.0
30	97	2.0
31	31	331.0
31	32	41.0
31	62	1.0
31	63	9.0
31	76	1.0
32	32	269.0
32	33	13.0
32	52	1.0
32	53	2.0
32	60	8.0
32	61	9.0
32	63	1.0
32	74	1.0
32	78	1.0
32	91	3.0
32	92	9.0
32	93	1.0
32	95	5.0
32	96	2.0
32	100	2.0
32	133	1.0
33	33	299.0
33	34	47.0
33	35	12.0
33	36	9.0
33	37	3.0
33	53	6.0
33	54	9.0
33	55	5.0
33	56	1.0
33	59	1.0
33	60	13.0
33	61	3.0
33	78	1.0
33	91	1.0
33	93	2.0
33	95	1.0
33	122	1.0
33	128	2.0
33	129	1.0
34	34	279.0
34	35	15.0
34	36	11.0
34	37	4.0
34	38	1.0
34	49	2.0
34	52	1.0
34	53	3.0
34	54	3.0
34	55	9.0
34	56	3.0
34	59	3.0
34	60	4.0
34	61	1.0
34	69	2.0
34	88	1.0
34	94	2.0
34	95	2.0
34	128	6.0
34	129	4.0
35	35	365.0
35	36	17.0
35	37	22.0
35	38	9.0
35	60	1.0
35	69	1.0
35	94	2.0
35	123	1.0
35	128	3.0
35	130	5.0
35	131	2.0
35	134	1.0
36	36	310.0
36	37	26.0
36	38	12.0
36	50	1.0
36	55	1.0
36	56	2.0
36	58	1.0
36	59	2.0
36	81	1.0
36	87	1.0
36	98	1.0
36	104	2.0
36	120	1.0
36	128	1.0
36	129	1.0
36	130	13.0
36	131	25.0
36	132	1.0
36	134	1.0
37	37	258.0
37	38	14.0
37	42	2.0
37	57	2.0
37	59	2.0
37	79	1.0
37	88	2.0
37	89	1.0
37	126	1.0
37	127	2.0
37	128	5.0
37	129	3.0
37	130	7.0
37	131	3.0
37	133	1.0
37	134	1.0
38	38	228.0
38	39	30.0
38	42	85.0
38	44	1.0
38	50	1.0
38	51	1.0
38	55	2.0
38	56	6.0
38	58	1.0
38	59	1.0
38	61	1.0
38	65	1.0
38	70	1.0
38	87	2.0
38	88	5.0
38	98	1.0
38	99	1.0
38	100	2.0
38	103	1.0
38	104	1.0
38	129	1.0
38	130	2.0
38	131	3.0
39	39	142.0
39	42	50.0
39	59	1.0
39	77	1.0
39	79	1.0
39	81	1.0
39	93	1.0
42	42	766.0
42	43	17.0
42	44	1.0
42	56	1.0
42	67	2.0
42	75	1.0
42	93	2.0
42	98	1.0
42	109	1.0
42	125	1.0
42	127	3.0
42	130	1.0
43	43	394.0
43	44	10.0
43	45	1.0
43	47	2.0
43	72	1.0
43	88	1.0
43	127	2.0
44	44	319.0
44	45	41.0
44	46	1.0
44	49	1.0
44	110	1.0
44	128	1.0
45	45	355.0
45	46	10.0
45	47	2.0
45	51	2.0
45	115	1.0
45	133	1.0
46	46	106.0
46	47	12.0
46	48	3.0
46	50	1.0
46	51	4.0
46	55	1.0
46	59	1.0
46	88	1.0
47	47	188.0
47	48	7.0
47	49	5.0
47	50	5.0
47	51	3.0
47	70	1.0
47	78	1.0
47	80	2.0
48	48	144.0
48	49	3.0
48	88	1.0
48	90	1.0
48	93	1.0
49	49	212.0
49	50	31.0
49	51	3.0
49	52	7.0
49	54	2.0
49	55	1.0
49	57	4.0
49	58	1.0
49	64	2.0
49	84	1.0
49	88	1.0
49	89	1.0
49	93	13.0
49	94	2.0
49	101	1.0
49	128	1.0
49	129	5.0
49	130	1.0
50	50	365.0
50	51	8.0
50	52	16.0
50	54	2.0
50	55	1.0
50	56	7.0
50	57	5.0
50	58	1.0
50	59	3.0
50	60	1.0
50	61	6.0
50	62	1.0
50	64	1.0
50	86	1.0
50	93	7.0
50	94	5.0
50	120	8.0
50	126	1.0
51	51	79.0
51	52	3.0
51	54	3.0
51	57	2.0
51	93	2.0
51	95	1.0
51	111	1.0
51	120	3.0
51	121	1.0
52	52	289.0
52	53	31.0
52	54	12.0
52	55	1.0
52	56	1.0
52	57	3.0
52	59	1.0
52	60	6.0
52	61	1.0
52	69	1.0
52	81	1.0
52	88	1.0
52	93	2.0
52	120	5.0
52	121	6.0
52	122	2.0
52	123	7.0
53	53	294.0
53	54	21.0
53	55	6.0
53	56	2.0
53	57	1.0
53	59	2.0
53	60	14.0
53	61	1.0
53	65	1.0
53	81	1.0
53	93	3.0
53	111	1.0
53	123	2.0
53	127	5.0
54	54	281.0
54	55	9.0
54	56	6.0
54	57	11.0
54	58	6.0
54	59	8.0
54	71	1.0
54	88	1.0
54	93	4.0
54	97	1.0
54	112	4.0
54	113	1.0
54	116	1.0
54	118	1.0
54	121	2.0
54	124	1.0
54	127	5.0
54	128	1.0
54	129	3.0
55	55	270.0
55	56	13.0
55	57	11.0
55	58	16.0
55	59	20.0
55	60	1.0
55	83	1.0
55	87	1.0
55	88	5.0
55	93	4.0
55	94	6.0
55	101	1.0
55	102	1.0
55	113	4.0
55	121	2.0
55	122	1.0
55	123	4.0
55	126	1.0
55	127	2.0
55	128	3.0
55	129	5.0
55	130	5.0
55	131	1.0
55	133	1.0
56	56	300.0
56	57	6.0
56	58	29.0
56	59	4.0
56	88	3.0
56	89	1.0
56	94	5.0
56	96	1.0
56	98	1.0
56	100	5.0
56	102	4.0
56	104	1.0
56	121	1.0
56	125	2.0
56	127	1.0
56	130	6.0
56	131	4.0
57	57	284.0
57	58	22.0
57	59	6.0
57	71	1.0
57	86	2.0
57	87	1.0
57	88	1.0
57	94	1.0
57	96	13.0
57	97	1.0
57	98	1.0
57	110	1.0
57	121	1.0
57	125	1.0
57	127	1.0
57	129	2.0
57	130	2.0
57	131	3.0
58	58	266.0
58	59	12.0
58	64	2.0
58	70	1.0
58	88	1.0
58	89	3.0
58	90	3.0
58	94	7.0
58	98	1.0
58	100	1.0
58	108	1.0
58	118	1.0
58	120	1.0
58	121	3.0
58	122	1.0
58	125	2.0
58	126	1.0
58	127	5.0
58	128	2.0
58	129	10.0
58	130	1.0
59	59	281.0
59	60	10.0
59	61	2.0
59	69	1.0
59	76	1.0
59	78	1.0
59	80	1.0
59	81	1.0
59	83	1.0
59	87	2.0
59	89	2.0
59	94	1.0
59	98	1.0
59	99	1.0
59	105	1.0
59	112	12.0
59	113	7.0
59	119	1.0
59	121	6.0
59	122	17.0
59	123	2.0
59	127	2.0
59	128	5.0
59	129	5.0
59	131	3.0
60	60	307.0
60	61	42.0
60	62	1.0
60	63	2.0
60	68	1.0
60	69	1.0
60	72	1.0
60	85	1.0
60	95	2.0
60	112	5.0
60	113	5.0
60	114	7.0
60	115	1.0
60	119	9.0
60	120	2.0
60	122	4.0
60	127	1.0
61	61	307.0
61	62	18.0
61	63	5.0
61	66	2.0
61	67	2.0
61	68	3.0
61	69	2.0
61	88	1.0
61	91	2.0
61	92	1.0
61	112	1.0
61	114	3.0
61	115	1.0
61	118	1.0
61	119	12.0
61	120	30.0
61	122	2.0
61	130	1.0
62	62	322.0
62	63	28.0
62	64	11.0
62	65	7.0
62	67	3.0
62	68	1.0
62	69	2.0
62	76	2.0
62	89	1.0
62	91	1.0
62	118	1.0
62	120	7.0
63	63	328.0
63	64	15.0
63	65	7.0
63	66	1.0
63	72	1.0
63	89	1.0
63	90	1.0
63	91	3.0
63	95	1.0
63	100	1.0
63	102	1.0
63	118	3.0
63	133	1.0
64	64	316.0
64	65	23.0
64	66	3.0
64	67	9.0
64	68	3.0
64	69	5.0
64	76	6.0
64	77	4.0
64	78	6.0
64	87	1.0
64	89	2.0
64	91	1.0
64	92	1.0
64	93	1.0
64	100	6.0
65	65	303.0
65	66	19.0
65	67	13.0
65	68	11.0
65	69	16.0
65	75	1.0
65	78	5.0
65	80	3.0
65	89	1.0
65	90	2.0
65	93	1.0
65	100	1.0
65	101	2.0
65	109	1.0
65	115	1.0
66	66	280.0
66	67	38.0
66	68	28.0
66	69	9.0
66	70	5.0
66	75	1.0
66	77	1.0
66	78	3.0
66	80	13.0
66	83	1.0
66	88	1.0
66	89	2.0
66	90	12.0
66	100	3.0
66	103	1.0
66	108	1.0
66	116	1.0
66	118	1.0
67	67	259.0
67	68	36.0
67	69	14.0
67	70	4.0
67	78	1.0
67	80	1.0
67	88	1.0
67	89	4.0
67	90	3.0
67	91	4.0
67	92	1.0
67	93	1.0
67	96	2.0
67	99	1.0
67	100	3.0
67	125	1.0
68	68	255.0
68	69	23.0
68	75	2.0
68	80	2.0
68	81	1.0
68	87	1.0
68	88	1.0
68	89	1.0
68	90	6.0
68	102	1.0
68	111	2.0
68	118	1.0
69	69	295.0
69	70	10.0
69	78	8.0
69	79	1.0
69	80	2.0
69	84	1.0
69	86	1.0
69	88	10.0
69	89	10.0
69	90	1.0
69	91	1.0
69	93	2.0
69	100	2.0
69	105	1.0
69	117	1.0
69	123	1.0
70	70	302.0
70	71	14.0
70	86	2.0
70	87	1.0
70	88	3.0
70	105	1.0
70	118	1.0
70	119	1.0
71	71	344.0
71	72	13.0
71	73	10.0
71	81	1.0
71	87	5.0
71	88	6.0
71	89	6.0
71	90	4.0
71	111	1.0
72	72	374.0
72	73	26.0
72	74	4.0
72	84	1.0
72	85	6.0
72	86	6.0
72	87	9.0
72	88	2.0
72	130	2.0
73	73	371.0
73	74	25.0
73	75	3.0
73	82	1.0
73	85	5.0
73	86	4.0
73	87	1.0
74	74	321.0
74	75	24.0
74	84	1.0
74	104	5.0
74	119	1.0
75	75	356.0
75	76	8.0
75	77	11.0
75	78	3.0
75	80	2.0
75	83	1.0
75	101	2.0
75	102	1.0
75	103	15.0
75	104	1.0
76	76	350.0
76	77	16.0
76	78	1.0
76	80	4.0
76	98	1.0
76	101	1.0
76	130	1.0
77	77	344.0
77	78	40.0
77	79	1.0
77	80	11.0
77	88	1.0
77	89	1.0
77	91	1.0
77	93	10.0
77	95	3.0
77	102	4.0
77	113	1.0
78	78	320.0
78	79	31.0
78	80	7.0
78	85	1.0
78	90	1.0
78	91	9.0
78	92	2.0
78	93	4.0
78	94	2.0
78	97	1.0
78	101	2.0
78	122	1.0
79	79	409.0
79	80	19.0
79	81	13.0
79	83	4.0
79	84	2.0
79	85	3.0
79	88	1.0
79	90	2.0
79	101	1.0
79	117	1.0
80	80	478.0
80	81	15.0
80	82	8.0
80	83	18.0
80	84	2.0
80	85	5.0
80	105	1.0
80	109	1.0
80	117	1.0
80	122	1.0
81	81	309.0
81	82	34.0
81	83	35.0
81	84	4.0
81	85	3.0
81	86	1.0
81	87	3.0
81	89	1.0
81	104	1.0
82	82	357.0
82	83	45.0
82	84	25.0
82	85	5.0
82	86	10.0
82	87	12.0
82	102	1.0
82	109	1.0
83	83	289.0
83	84	38.0
83	85	16.0
83	86	7.0
83	87	6.0
83	100	1.0
83	112	2.0
84	84	319.0
84	85	49.0
84	86	5.0
84	87	2.0
84	88	1.0
84	92	1.0
85	85	329.0
85	86	9.0
85	87	10.0
85	88	2.0
85	90	1.0
85	94	1.0
85	100	1.0
85	126	1.0
85	131	1.0
86	86	297.0
86	87	43.0
86	88	17.0
86	90	1.0
86	106	1.0
87	87	345.0
87	88	31.0
87	95	1.0
87	130	1.0
87	133	3.0
88	88	320.0
88	89	12.0
88	90	3.0
88	98	1.0
88	129	1.0
88	134	1.0
89	89	279.0
89	90	15.0
89	100	6.0
89	121	1.0
89	131	1.0
90	90	307.0
90	91	22.0
90	93	2.0
90	94	4.0
90	97	1.0
90	100	16.0
90	101	12.0
90	121	2.0
90	122	1.0
91	91	336.0
91	92	56.0
91	93	18.0
91	94	7.0
91	100	6.0
91	102	1.0
91	126	4.0
91	129	1.0
91	134	1.0
92	92	271.0
92	93	14.0
92	94	2.0
92	99	3.0
92	124	1.0
92	126	2.0
93	93	325.0
93	94	14.0
93	101	5.0
93	107	1.0
93	125	1.0
93	126	6.0
93	127	9.0
93	128	1.0
93	129	1.0
94	94	297.0
94	95	18.0
94	99	1.0
94	100	1.0
94	101	8.0
94	102	5.0
94	106	1.0
94	125	1.0
94	126	2.0
94	127	3.0
94	128	1.0
94	129	5.0
94	130	6.0
95	95	331.0
95	96	10.0
95	97	9.0
95	99	1.0
95	100	1.0
95	127	4.0
95	128	3.0
95	129	7.0
96	96	292.0
96	97	25.0
96	98	3.0
96	123	1.0
97	97	326.0
97	98	10.0
97	99	1.0
97	126	2.0
97	127	17.0
97	129	1.0
97	131	1.0
98	98	368.0
98	99	9.0
98	100	2.0
98	101	6.0
98	102	8.0
98	103	4.0
98	108	1.0
98	125	2.0
98	126	3.0
98	127	5.0
98	128	2.0
98	135	1.0
99	99	389.0
99	100	8.0
99	101	10.0
99	102	2.0
99	103	7.0
99	104	5.0
99	113	1.0
99	135	2.0
100	100	323.0
100	101	24.0
100	102	5.0
100	103	9.0
100	104	10.0
100	108	2.0
100	122	1.0
100	130	1.0
101	101	326.0
101	102	10.0
101	103	5.0
101	104	5.0
101	125	1.0
101	130	1.0
101	133	1.0
101	135	5.0
102	102	408.0
102	103	18.0
102	104	4.0
102	125	2.0
102	130	5.0
102	132	1.0
102	133	1.0
102	134	3.0
102	135	8.0
103	103	372.0
103	104	11.0
103	126	1.0
103	134	2.0
103	135	20.0
104	104	346.0
104	105	7.0
104	108	1.0
104	130	2.0
104	131	2.0
104	134	8.0
105	105	364.0
105	106	15.0
105	107	6.0
105	108	17.0
105	109	1.0
105	110	1.0
105	111	4.0
105	131	2.0
105	132	3.0
105	133	2.0
105	134	14.0
106	106	359.0
106	107	35.0
106	109	2.0
106	110	2.0
106	111	7.0
106	112	2.0
106	113	11.0
106	120	2.0
106	121	6.0
106	122	6.0
106	123	4.0
107	107	274.0
107	108	17.0
107	109	17.0
107	110	19.0
107	111	12.0
107	112	2.0
107	113	5.0
107	115	1.0
107	120	1.0
107	121	4.0
107	122	4.0
107	123	4.0
107	124	4.0
107	125	1.0
107	129	2.0
107	132	7.0
107	133	3.0
108	108	303.0
108	109	33.0
108	110	23.0
108	111	5.0
108	132	10.0
108	133	2.0
109	109	316.0
109	110	24.0
109	111	17.0
109	112	4.0
109	127	1.0
109	132	2.0
110	110	271.0
110	111	31.0
110	112	1.0
110	113	4.0
110	114	2.0
110	121	3.0
110	122	3.0
110	124	5.0
111	111	287.0
111	112	15.0
111	113	13.0
111	114	8.0
111	115	3.0
111	118	2.0
111	121	1.0
111	123	1.0
111	132	1.0
111	133	2.0
112	112	313.0
112	113	56.0
112	114	10.0
112	117	1.0
112	118	11.0
112	119	1.0
112	120	1.0
112	121	4.0
112	122	3.0
112	123	6.0
112	131	1.0
113	113	306.0
113	114	20.0
113	116	1.0
113	119	1.0
113	121	1.0
113	122	4.0
113	123	1.0
113	128	1.0
113	133	1.0
114	114	341.0
114	115	42.0
114	116	2.0
114	117	1.0
114	119	2.0
114	122	1.0
114	133	2.0
115	115	358.0
115	116	3.0
115	117	9.0
115	118	3.0
115	119	8.0
115	120	1.0
116	116	288.0
116	117	33.0
116	118	29.0
116	127	1.0
117	117	335.0
117	118	30.0
117	119	11.0
118	118	341.0
118	119	9.0
118	120	11.0
118	123	1.0
119	119	338.0
119	120	21.0
119	121	1.0
119	122	1.0
119	123	1.0
120	120	346.0
120	121	9.0
120	122	10.0
121	121	348.0
121	122	46.0
121	123	15.0
121	124	5.0
121	125	1.0
121	126	1.0
121	128	1.0
121	129	5.0
121	132	3.0
121	133	2.0
122	122	319.0
122	123	25.0
122	125	1.0
123	123	327.0
123	124	4.0
124	124	335.0
124	125	31.0
124	126	1.0
124	132	3.0
125	125	368.0
125	126	14.0
125	127	1.0
125	130	5.0
125	131	3.0
125	132	1.0
126	126	403.0
126	127	18.0
126	128	13.0
126	129	21.0
126	130	2.0
127	127	316.0
127	128	48.0
127	129	24.0
127	130	1.0
127	131	1.0
127	133	1.0
128	128	300.0
128	129	35.0
128	130	14.0
128	131	10.0
128	132	2.0
128	135	1.0
129	129	330.0
129	130	5.0
129	131	1.0
129	132	8.0
129	133	9.0
130	130	341.0
130	131	38.0
130	132	9.0
130	133	16.0
131	131	357.0
131	132	3.0
131	133	21.0
131	134	3.0
131	135	1.0
132	132	363.0
132	133	22.0
133	133	357.0
133	134	12.0
133	135	1.0
134	134	425.0
134	135	29.0
135	135	159.0
136	2	2.0
136	6	8.0
136	8	3.0
136	11	5.0
136	14	1.0
136	16	1.0
136	17	6.0
136	18	8.0
136	36	1.0
136	37	1.0
136	38	7.0
136	39	1.0
136	42	1.0
136	44	1.0
136	45	1.0
136	46	1.0
136	47	9.0
136	48	2.0
136	56	1.0
136	67	1.0
136	80	1.0
136	94	1.0
136	96	1.0
136	99	1.0
136	102	2.0
136	103	1.0
136	114	1.0
136	125	2.0
136	136	305.0
