1	1	286.0
1	2	2.0
1	3	2.0
1	4	3.0
1	5	1.0
1	6	1.0
1	56	1.0
1	161	1.0
1	199	5.0
2	1	7.0
2	2	357.0
2	164	1.0
2	178	1.0
2	199	3.0
3	1	2.0
3	2	4.0
3	3	309.0
3	4	6.0
3	6	1.0
3	7	1.0
3	8	1.0
3	93	1.0
3	164	1.0
3	199	2.0
4	3	8.0
4	4	349.0
4	5	2.0
4	6	1.0
4	8	2.0
4	196	1.0
4	199	4.0
5	1	1.0
5	4	3.0
5	5	311.0
5	6	4.0
5	7	2.0
5	8	5.0
5	84	1.0
5	120	1.0
5	162	1.0
5	196	1.0
5	199	1.0
6	1	2.0
6	3	3.0
6	5	6.0
6	6	298.0
6	7	9.0
6	8	2.0
6	121	1.0
6	196	1.0
7	5	3.0
7	6	3.0
7	7	372.0
7	8	6.0
7	96	1.0
7	173	1.0
7	195	1.0
8	4	2.0
8	5	2.0
8	6	2.0
8	7	8.0
8	8	339.0
9	9	410.0
9	10	1.0
9	57	1.0
9	164	1.0
9	184	4.0
10	10	367.0
10	11	3.0
10	62	1.0
11	10	4.0
11	11	318.0
11	12	1.0
11	44	1.0
11	45	3.0
11	60	1.0
11	154	1.0
12	11	2.0
12	12	344.0
12	13	2.0
12	52	2.0
12	53	1.0
12	57	1.0
12	176	1.0
13	13	439.0
13	14	3.0
13	57	1.0
14	13	4.0
14	14	393.0
14	15	1.0
14	20	1.0
14	21	1.0
14	22	1.0
14	23	2.0
14	25	1.0
14	101	1.0
15	14	4.0
15	15	351.0
15	16	5.0
15	18	1.0
15	20	1.0
15	22	1.0
15	33	1.0
16	15	2.0
16	16	399.0
16	17	5.0
16	18	2.0
16	19	2.0
16	140	1.0
16	164	1.0
17	15	2.0
17	16	3.0
17	17	348.0
17	18	5.0
17	19	4.0
17	46	2.0
17	73	1.0
17	100	1.0
18	15	1.0
18	16	2.0
18	17	7.0
18	18	345.0
18	19	3.0
18	99	1.0
19	14	1.0
19	18	4.0
19	19	301.0
19	20	1.0
19	25	5.0
19	26	1.0
19	27	2.0
20	16	1.0
20	19	3.0
20	20	335.0
20	21	4.0
20	22	2.0
20	23	1.0
20	24	1.0
20	26	1.0
20	55	1.0
20	64	1.0
21	18	3.0
21	19	2.0
21	20	7.0
21	21	320.0
21	22	4.0
21	23	4.0
21	50	1.0
21	61	1.0
21	175	1.0
21	179	1.0
22	14	1.0
22	17	1.0
22	19	2.0
22	20	3.0
22	21	4.0
22	22	336.0
22	23	2.0
22	45	1.0
22	180	1.0
23	14	1.0
23	20	2.0
23	21	3.0
23	22	4.0
23	23	353.0
23	24	2.0
23	26	1.0
23	45	1.0
23	57	1.0
23	137	1.0
23	146	1.0
24	13	2.0
24	23	3.0
24	24	358.0
24	25	3.0
24	26	1.0
24	29	1.0
24	30	1.0
25	19	7.0
25	20	2.0
25	23	1.0
25	24	3.0
25	25	358.0
25	26	5.0
25	27	4.0
25	28	2.0
25	30	1.0
25	180	1.0
26	20	2.0
26	24	2.0
26	25	1.0
26	26	327.0
26	27	4.0
26	28	1.0
26	29	2.0
26	33	1.0
26	60	1.0
27	25	5.0
27	26	6.0
27	27	326.0
27	28	4.0
27	30	1.0
27	32	1.0
27	34	1.0
27	196	1.0
28	25	4.0
28	26	2.0
28	27	3.0
28	28	332.0
28	29	5.0
28	30	1.0
28	31	1.0
28	32	1.0
28	53	1.0
28	145	2.0
29	18	1.0
29	24	1.0
29	26	1.0
29	27	3.0
29	28	3.0
29	29	304.0
29	30	1.0
29	31	4.0
29	100	1.0
29	140	1.0
29	184	1.0
30	24	1.0
30	27	1.0
30	28	3.0
30	29	5.0
30	30	377.0
30	31	4.0
30	32	4.0
30	47	1.0
30	98	1.0
30	163	1.0
30	166	2.0
30	181	1.0
30	193	1.0
31	29	2.0
31	30	9.0
31	31	328.0
31	32	8.0
31	97	1.0
31	98	1.0
31	113	1.0
31	130	1.0
31	144	1.0
31	148	1.0
31	166	1.0
31	191	1.0
31	193	1.0
32	26	1.0
32	28	2.0
32	30	3.0
32	31	3.0
32	32	321.0
32	33	3.0
32	44	2.0
32	62	1.0
32	66	4.0
32	68	1.0
32	75	1.0
32	97	5.0
32	98	2.0
32	100	1.0
32	101	2.0
33	32	1.0
33	33	335.0
33	34	2.0
33	35	1.0
33	44	2.0
33	63	1.0
33	66	2.0
33	103	1.0
33	140	2.0
34	18	1.0
34	33	2.0
34	34	278.0
34	35	7.0
34	36	2.0
34	53	1.0
35	34	6.0
35	35	329.0
35	36	5.0
35	37	1.0
35	54	1.0
35	55	1.0
35	56	1.0
35	123	1.0
35	139	2.0
36	33	2.0
36	34	2.0
36	35	4.0
36	36	315.0
36	39	1.0
36	54	2.0
36	56	1.0
36	71	1.0
36	167	1.0
36	173	1.0
36	185	1.0
37	35	1.0
37	36	1.0
37	37	352.0
37	38	5.0
37	39	2.0
37	65	1.0
37	69	1.0
37	172	1.0
37	173	1.0
37	178	3.0
38	37	5.0
38	38	372.0
38	39	2.0
38	63	1.0
38	64	2.0
38	66	1.0
38	69	1.0
38	173	1.0
38	175	2.0
39	37	1.0
39	38	6.0
39	39	372.0
39	40	4.0
39	42	2.0
39	71	1.0
39	104	1.0
39	133	1.0
39	139	1.0
39	140	1.0
39	152	1.0
39	173	1.0
39	175	1.0
39	195	1.0
40	33	1.0
40	39	6.0
40	40	337.0
40	41	2.0
40	42	3.0
40	61	1.0
40	64	1.0
40	71	1.0
40	76	1.0
40	87	1.0
40	90	1.0
40	149	1.0
40	194	1.0
41	40	4.0
41	41	323.0
41	42	5.0
41	43	1.0
41	54	1.0
41	55	2.0
41	132	2.0
41	133	2.0
42	39	1.0
42	40	4.0
42	41	1.0
42	42	392.0
42	43	2.0
42	101	1.0
42	106	1.0
43	10	1.0
43	40	2.0
43	43	339.0
43	44	6.0
43	55	2.0
43	94	1.0
43	103	1.0
43	113	1.0
43	141	1.0
44	10	2.0
44	33	1.0
44	43	6.0
44	44	354.0
44	45	1.0
44	47	2.0
44	100	2.0
44	102	1.0
44	113	3.0
44	137	1.0
44	194	1.0
45	10	3.0
45	11	1.0
45	17	2.0
45	18	3.0
45	20	1.0
45	22	1.0
45	23	1.0
45	44	2.0
45	45	413.0
45	46	5.0
45	100	1.0
45	107	1.0
45	108	1.0
45	193	1.0
46	16	2.0
46	17	3.0
46	24	2.0
46	45	9.0
46	46	349.0
46	47	1.0
46	107	1.0
47	13	1.0
47	46	2.0
47	47	357.0
47	48	2.0
47	186	1.0
48	46	2.0
48	47	5.0
48	48	374.0
48	49	2.0
48	143	1.0
48	155	1.0
49	47	1.0
49	48	3.0
49	49	366.0
49	50	3.0
49	88	1.0
50	49	3.0
50	50	373.0
50	51	2.0
50	52	1.0
51	50	1.0
51	51	352.0
51	52	1.0
52	52	428.0
52	53	5.0
52	76	1.0
52	124	1.0
52	182	1.0
53	11	1.0
53	12	1.0
53	52	4.0
53	53	365.0
53	54	6.0
53	56	4.0
53	57	1.0
53	156	1.0
54	34	1.0
54	35	1.0
54	36	4.0
54	43	1.0
54	46	1.0
54	53	5.0
54	54	335.0
54	55	6.0
54	56	2.0
55	36	4.0
55	40	1.0
55	41	5.0
55	53	1.0
55	54	10.0
55	55	350.0
55	56	1.0
55	57	1.0
55	120	1.0
56	36	3.0
56	53	3.0
56	54	4.0
56	55	3.0
56	56	371.0
56	57	2.0
56	171	1.0
56	180	1.0
57	13	1.0
57	23	1.0
57	36	1.0
57	53	3.0
57	54	1.0
57	55	1.0
57	56	4.0
57	57	334.0
57	58	5.0
57	66	1.0
58	39	1.0
58	57	11.0
58	58	345.0
58	59	7.0
58	60	4.0
58	61	2.0
58	78	1.0
59	58	5.0
59	59	357.0
59	60	8.0
59	62	4.0
59	63	2.0
59	79	1.0
59	80	2.0
59	84	1.0
59	85	1.0
59	157	1.0
60	22	1.0
60	58	1.0
60	59	4.0
60	60	331.0
60	61	7.0
60	79	1.0
60	85	1.0
60	88	1.0
61	39	1.0
61	59	1.0
61	60	7.0
61	61	345.0
61	62	2.0
61	79	1.0
61	80	2.0
61	101	1.0
62	47	1.0
62	59	2.0
62	61	5.0
62	62	340.0
62	63	10.0
62	78	1.0
62	79	1.0
62	80	2.0
62	148	1.0
63	33	3.0
63	39	1.0
63	62	4.0
63	63	333.0
63	76	2.0
63	78	1.0
63	79	1.0
63	81	1.0
64	33	1.0
64	37	3.0
64	38	1.0
64	55	1.0
64	64	376.0
64	65	10.0
64	66	1.0
64	67	1.0
64	69	3.0
64	70	1.0
64	73	1.0
64	74	1.0
65	3	1.0
65	14	1.0
65	21	1.0
65	63	1.0
65	64	6.0
65	65	353.0
65	66	6.0
65	69	3.0
65	143	1.0
66	64	1.0
66	65	4.0
66	66	349.0
66	67	3.0
66	68	3.0
66	69	1.0
67	63	1.0
67	64	1.0
67	65	1.0
67	66	5.0
67	67	301.0
67	68	7.0
67	69	4.0
67	111	1.0
67	112	1.0
67	142	1.0
67	143	1.0
68	32	1.0
68	33	2.0
68	65	1.0
68	67	5.0
68	68	336.0
68	111	1.0
68	112	2.0
69	33	1.0
69	38	1.0
69	39	1.0
69	63	2.0
69	64	2.0
69	65	4.0
69	66	2.0
69	67	1.0
69	69	340.0
69	70	7.0
69	71	3.0
70	10	1.0
70	69	3.0
70	70	365.0
70	71	3.0
70	74	2.0
70	75	1.0
70	76	1.0
71	29	1.0
71	66	1.0
71	69	3.0
71	70	4.0
71	71	353.0
71	72	2.0
71	73	2.0
72	63	2.0
72	70	4.0
72	71	2.0
72	72	363.0
72	74	1.0
72	135	1.0
73	71	1.0
73	72	1.0
73	73	374.0
73	74	4.0
73	75	3.0
73	141	1.0
73	174	1.0
74	70	3.0
74	73	3.0
74	74	311.0
74	75	4.0
74	76	1.0
74	77	1.0
74	140	1.0
74	141	2.0
75	73	3.0
75	74	3.0
75	75	238.0
75	76	3.0
75	77	1.0
75	79	1.0
75	122	1.0
75	125	2.0
75	142	1.0
76	12	1.0
76	46	1.0
76	63	1.0
76	71	3.0
76	74	1.0
76	75	1.0
76	76	296.0
76	77	4.0
76	141	1.0
76	186	1.0
77	65	1.0
77	76	5.0
77	77	287.0
77	78	10.0
77	79	1.0
77	80	1.0
77	81	1.0
77	140	1.0
78	62	1.0
78	63	1.0
78	72	1.0
78	77	8.0
78	78	343.0
78	79	2.0
78	81	2.0
78	120	1.0
78	126	1.0
79	59	1.0
79	60	1.0
79	61	1.0
79	63	2.0
79	76	1.0
79	77	3.0
79	79	336.0
79	80	3.0
79	81	1.0
79	85	2.0
79	86	1.0
79	90	1.0
79	141	2.0
80	39	1.0
80	58	1.0
80	63	4.0
80	77	1.0
80	78	2.0
80	79	5.0
80	80	303.0
80	81	2.0
80	82	1.0
80	83	1.0
80	84	3.0
80	87	3.0
80	89	1.0
81	77	2.0
81	78	1.0
81	79	2.0
81	81	320.0
81	82	9.0
81	83	8.0
81	84	6.0
81	85	6.0
81	86	1.0
81	132	1.0
81	150	1.0
81	151	2.0
82	11	1.0
82	81	5.0
82	82	322.0
82	83	7.0
82	84	6.0
82	157	1.0
83	58	1.0
83	64	1.0
83	80	2.0
83	81	7.0
83	82	6.0
83	83	291.0
83	84	1.0
83	85	1.0
83	86	2.0
83	93	1.0
83	120	1.0
84	60	1.0
84	79	3.0
84	80	3.0
84	81	1.0
84	82	5.0
84	83	1.0
84	84	318.0
84	85	6.0
84	86	1.0
84	89	1.0
84	136	1.0
85	49	1.0
85	71	1.0
85	78	1.0
85	80	1.0
85	81	1.0
85	82	2.0
85	83	2.0
85	84	6.0
85	85	347.0
85	86	4.0
85	99	1.0
85	165	1.0
86	49	1.0
86	65	1.0
86	80	2.0
86	81	2.0
86	82	1.0
86	83	5.0
86	84	1.0
86	85	3.0
86	86	277.0
86	87	2.0
87	39	1.0
87	79	1.0
87	80	7.0
87	84	1.0
87	86	3.0
87	87	329.0
87	88	2.0
87	89	1.0
87	96	2.0
88	82	1.0
88	86	1.0
88	87	4.0
88	88	310.0
88	89	4.0
88	96	1.0
88	100	1.0
88	101	1.0
89	55	1.0
89	87	5.0
89	88	5.0
89	89	296.0
89	90	1.0
89	99	2.0
89	101	1.0
89	102	1.0
89	185	1.0
90	39	1.0
90	40	1.0
90	82	1.0
90	88	4.0
90	89	1.0
90	90	129.0
93	88	1.0
93	93	134.0
93	94	2.0
93	95	2.0
93	96	3.0
93	98	1.0
93	99	1.0
93	193	1.0
94	94	303.0
94	95	7.0
94	96	3.0
94	97	4.0
94	98	1.0
94	99	1.0
94	165	1.0
95	90	1.0
95	93	3.0
95	94	5.0
95	95	279.0
95	96	2.0
95	97	4.0
95	99	1.0
95	135	1.0
95	144	1.0
95	193	3.0
96	87	1.0
96	93	3.0
96	94	5.0
96	95	2.0
96	96	265.0
96	97	6.0
96	98	1.0
96	99	1.0
96	192	1.0
96	193	1.0
96	195	1.0
97	30	2.0
97	31	1.0
97	32	1.0
97	66	1.0
97	94	1.0
97	95	4.0
97	96	3.0
97	97	314.0
97	98	6.0
97	130	1.0
97	165	1.0
97	187	1.0
97	192	1.0
98	30	1.0
98	32	1.0
98	44	1.0
98	94	3.0
98	95	3.0
98	96	2.0
98	97	6.0
98	98	283.0
98	99	4.0
98	164	1.0
99	32	2.0
99	86	1.0
99	89	1.0
99	93	2.0
99	94	2.0
99	95	1.0
99	98	8.0
99	99	339.0
99	100	2.0
99	103	1.0
99	119	1.0
100	16	1.0
100	43	1.0
100	85	1.0
100	88	3.0
100	89	1.0
100	95	1.0
100	99	2.0
100	100	348.0
100	101	2.0
100	103	5.0
100	106	1.0
100	113	1.0
101	39	1.0
101	42	2.0
101	88	1.0
101	100	2.0
101	101	301.0
101	102	4.0
101	103	2.0
101	104	1.0
101	105	1.0
101	106	1.0
101	107	1.0
101	114	1.0
102	43	1.0
102	100	2.0
102	101	4.0
102	102	287.0
102	103	6.0
102	104	6.0
102	105	1.0
102	106	2.0
103	43	2.0
103	100	1.0
103	101	7.0
103	102	2.0
103	103	327.0
103	104	4.0
103	105	1.0
103	106	1.0
103	107	1.0
103	113	1.0
104	101	1.0
104	102	3.0
104	103	4.0
104	104	266.0
104	106	3.0
104	107	1.0
104	108	1.0
104	134	1.0
104	135	1.0
104	137	1.0
104	169	1.0
105	32	1.0
105	102	2.0
105	104	2.0
105	105	291.0
105	106	5.0
105	136	1.0
105	181	1.0
105	196	1.0
106	101	2.0
106	102	1.0
106	103	1.0
106	104	3.0
106	105	12.0
106	106	311.0
106	107	2.0
106	108	1.0
107	55	1.0
107	80	1.0
107	103	4.0
107	104	1.0
107	106	2.0
107	107	345.0
107	108	4.0
107	134	2.0
108	16	1.0
108	85	1.0
108	101	1.0
108	107	3.0
108	108	286.0
108	109	7.0
108	110	1.0
108	132	1.0
108	150	1.0
108	187	1.0
108	190	1.0
109	43	1.0
109	45	1.0
109	108	1.0
109	109	268.0
109	110	6.0
109	112	1.0
109	113	1.0
109	119	1.0
109	157	1.0
109	186	1.0
110	106	1.0
110	108	1.0
110	109	1.0
110	110	321.0
110	111	3.0
110	112	1.0
110	187	1.0
110	189	1.0
111	68	1.0
111	105	2.0
111	109	3.0
111	110	3.0
111	111	332.0
111	112	2.0
111	113	1.0
112	80	1.0
112	105	2.0
112	106	2.0
112	107	1.0
112	110	1.0
112	111	1.0
112	112	334.0
112	113	1.0
112	114	1.0
113	5	1.0
113	34	1.0
113	43	3.0
113	44	1.0
113	100	3.0
113	109	1.0
113	112	3.0
113	113	345.0
113	114	1.0
113	117	2.0
113	118	5.0
113	133	1.0
113	148	1.0
114	111	2.0
114	112	1.0
114	113	3.0
114	114	309.0
114	115	1.0
114	117	2.0
114	119	3.0
114	145	2.0
114	146	2.0
114	149	1.0
114	150	3.0
115	9	1.0
115	19	1.0
115	64	1.0
115	112	1.0
115	113	3.0
115	114	3.0
115	115	334.0
115	116	6.0
115	118	2.0
116	17	1.0
116	115	10.0
116	116	307.0
116	117	3.0
117	113	3.0
117	115	1.0
117	116	5.0
117	117	367.0
117	118	7.0
117	148	1.0
117	192	1.0
118	113	4.0
118	117	7.0
118	118	330.0
118	119	2.0
118	148	1.0
119	24	1.0
119	114	1.0
119	118	1.0
119	119	327.0
119	120	6.0
119	121	1.0
119	122	3.0
119	143	1.0
119	148	2.0
119	149	2.0
119	150	5.0
120	119	5.0
120	120	339.0
120	122	2.0
120	150	1.0
121	8	1.0
121	18	1.0
121	119	1.0
121	120	1.0
121	121	367.0
121	122	5.0
121	143	1.0
121	163	1.0
122	119	2.0
122	121	2.0
122	122	362.0
122	155	1.0
122	176	1.0
123	19	1.0
123	52	1.0
123	122	1.0
123	123	371.0
123	124	7.0
123	125	2.0
123	127	1.0
123	187	1.0
124	57	1.0
124	123	1.0
124	124	393.0
124	125	8.0
124	127	1.0
124	157	1.0
125	123	1.0
125	124	4.0
125	125	301.0
125	126	3.0
125	127	3.0
125	128	2.0
126	124	3.0
126	125	5.0
126	126	409.0
126	127	9.0
126	128	1.0
127	125	3.0
127	126	4.0
127	127	364.0
127	128	4.0
127	130	1.0
128	124	1.0
128	125	2.0
128	126	1.0
128	127	2.0
128	128	336.0
128	186	1.0
129	125	1.0
129	128	2.0
129	129	340.0
129	130	4.0
129	131	1.0
129	186	1.0
130	129	3.0
130	130	340.0
130	131	3.0
131	129	2.0
131	130	3.0
131	131	346.0
131	132	2.0
131	154	1.0
132	39	1.0
132	41	2.0
132	131	2.0
132	132	313.0
132	133	2.0
132	148	1.0
133	41	1.0
133	42	1.0
133	118	1.0
133	132	6.0
133	133	357.0
133	134	9.0
134	103	1.0
134	104	1.0
134	107	1.0
134	119	1.0
134	132	2.0
134	133	4.0
134	134	375.0
134	135	6.0
134	136	1.0
134	196	1.0
135	104	2.0
135	105	1.0
135	115	1.0
135	132	2.0
135	133	1.0
135	134	1.0
135	135	325.0
135	136	3.0
135	196	1.0
136	101	3.0
136	134	2.0
136	135	2.0
136	136	318.0
136	137	4.0
136	138	2.0
136	139	1.0
136	142	1.0
136	170	1.0
136	180	1.0
136	196	1.0
137	70	1.0
137	88	1.0
137	104	2.0
137	135	2.0
137	136	4.0
137	137	356.0
137	139	1.0
137	188	1.0
137	196	1.0
137	197	2.0
138	103	1.0
138	138	378.0
138	139	4.0
138	151	3.0
138	190	1.0
138	191	1.0
139	136	1.0
139	137	2.0
139	138	3.0
139	139	390.0
139	140	8.0
139	146	1.0
139	172	1.0
139	188	1.0
139	191	1.0
140	44	1.0
140	74	1.0
140	136	1.0
140	138	1.0
140	139	8.0
140	140	377.0
140	141	4.0
140	188	1.0
141	15	1.0
141	61	1.0
141	73	1.0
141	115	1.0
141	119	1.0
141	135	1.0
141	140	3.0
141	141	350.0
141	142	3.0
141	146	1.0
141	147	3.0
141	149	1.0
141	158	1.0
141	188	1.0
142	141	2.0
142	142	308.0
142	143	4.0
142	144	1.0
142	146	1.0
142	177	1.0
143	65	1.0
143	114	1.0
143	141	1.0
143	142	4.0
143	143	319.0
143	144	5.0
143	145	1.0
143	146	1.0
143	148	1.0
143	170	1.0
144	143	7.0
144	144	316.0
144	145	9.0
144	146	1.0
144	150	1.0
144	174	1.0
145	122	1.0
145	142	1.0
145	143	1.0
145	144	4.0
145	145	295.0
145	146	4.0
146	119	1.0
146	130	1.0
146	145	4.0
146	146	292.0
146	147	4.0
146	148	4.0
146	150	1.0
146	177	1.0
146	188	1.0
147	114	1.0
147	142	1.0
147	143	1.0
147	145	1.0
147	146	3.0
147	147	311.0
147	148	6.0
147	150	2.0
148	9	1.0
148	16	1.0
148	31	2.0
148	60	1.0
148	113	2.0
148	118	3.0
148	141	1.0
148	143	1.0
148	145	3.0
148	146	6.0
148	147	4.0
148	148	324.0
148	149	5.0
148	174	1.0
149	32	1.0
149	114	1.0
149	119	1.0
149	146	1.0
149	148	2.0
149	149	340.0
149	150	3.0
149	156	8.0
150	114	1.0
150	119	5.0
150	143	2.0
150	149	3.0
150	150	350.0
150	151	3.0
150	156	1.0
150	157	1.0
150	178	1.0
151	81	2.0
151	82	2.0
151	98	1.0
151	137	1.0
151	150	1.0
151	151	313.0
151	152	9.0
151	189	1.0
152	6	1.0
152	47	1.0
152	151	7.0
152	152	339.0
152	153	5.0
152	154	2.0
153	150	1.0
153	152	7.0
153	153	308.0
153	154	3.0
153	157	1.0
153	158	1.0
154	36	1.0
154	43	1.0
154	82	1.0
154	94	1.0
154	152	1.0
154	153	3.0
154	154	369.0
154	155	6.0
154	156	1.0
154	180	2.0
155	136	1.0
155	153	4.0
155	154	5.0
155	155	320.0
155	156	3.0
155	179	1.0
156	84	1.0
156	149	1.0
156	155	7.0
156	156	363.0
156	157	12.0
156	158	3.0
157	16	1.0
157	138	1.0
157	139	1.0
157	157	324.0
157	158	3.0
157	159	1.0
157	160	1.0
157	164	1.0
157	166	1.0
157	168	1.0
158	26	1.0
158	155	2.0
158	157	4.0
158	158	330.0
158	159	5.0
158	160	1.0
158	171	1.0
158	176	4.0
158	178	1.0
158	186	1.0
159	34	1.0
159	41	1.0
159	138	1.0
159	153	1.0
159	158	1.0
159	159	393.0
159	160	7.0
159	162	2.0
159	166	1.0
159	168	3.0
159	185	1.0
160	117	1.0
160	156	1.0
160	157	2.0
160	158	1.0
160	159	7.0
160	160	350.0
160	161	8.0
160	167	2.0
160	168	1.0
160	169	1.0
160	170	1.0
160	185	6.0
160	189	1.0
161	19	1.0
161	160	3.0
161	161	322.0
161	162	2.0
161	163	4.0
161	164	1.0
161	166	2.0
161	196	1.0
162	4	1.0
162	30	1.0
162	160	1.0
162	161	3.0
162	162	276.0
162	163	2.0
162	164	4.0
162	165	1.0
162	166	2.0
162	167	4.0
162	168	1.0
163	30	4.0
163	161	4.0
163	162	2.0
163	163	268.0
163	164	8.0
163	166	3.0
163	168	4.0
164	145	1.0
164	157	1.0
164	160	1.0
164	161	4.0
164	162	5.0
164	163	8.0
164	164	275.0
164	165	3.0
164	167	2.0
164	187	2.0
165	160	2.0
165	161	2.0
165	162	2.0
165	163	2.0
165	165	323.0
165	166	15.0
165	187	1.0
166	31	1.0
166	32	1.0
166	43	1.0
166	148	1.0
166	161	1.0
166	162	3.0
166	163	4.0
166	164	1.0
166	165	8.0
166	166	294.0
166	187	1.0
166	194	1.0
167	14	1.0
167	76	1.0
167	158	2.0
167	160	1.0
167	162	3.0
167	163	1.0
167	164	3.0
167	165	6.0
167	167	333.0
167	168	9.0
167	187	1.0
167	188	1.0
168	157	2.0
168	158	1.0
168	160	1.0
168	161	1.0
168	162	1.0
168	164	1.0
168	165	1.0
168	167	8.0
168	168	324.0
168	169	5.0
168	171	1.0
169	157	1.0
169	158	1.0
169	160	2.0
169	167	1.0
169	168	6.0
169	169	392.0
169	170	7.0
169	171	2.0
169	172	3.0
170	169	1.0
170	170	353.0
170	171	5.0
170	172	6.0
170	180	2.0
170	181	1.0
171	37	1.0
171	81	1.0
171	167	1.0
171	169	1.0
171	170	2.0
171	171	348.0
171	172	2.0
171	180	1.0
171	181	4.0
171	182	3.0
172	78	1.0
172	146	1.0
172	168	2.0
172	170	3.0
172	171	5.0
172	172	318.0
172	173	3.0
172	175	4.0
172	176	1.0
172	178	1.0
173	30	1.0
173	37	1.0
173	38	1.0
173	158	1.0
173	170	1.0
173	172	4.0
173	173	287.0
173	175	2.0
173	176	4.0
173	177	1.0
173	178	3.0
174	42	1.0
174	172	1.0
174	173	6.0
174	174	300.0
174	175	3.0
174	176	3.0
174	177	4.0
174	178	2.0
174	189	1.0
175	85	1.0
175	168	2.0
175	172	2.0
175	173	5.0
175	174	6.0
175	175	293.0
175	176	2.0
176	35	1.0
176	143	1.0
176	158	2.0
176	159	1.0
176	172	1.0
176	173	4.0
176	174	3.0
176	176	280.0
176	177	7.0
177	37	1.0
177	38	2.0
177	140	1.0
177	173	2.0
177	174	2.0
177	176	2.0
177	177	372.0
177	178	2.0
178	37	1.0
178	158	2.0
178	172	2.0
178	173	2.0
178	174	3.0
178	175	1.0
178	176	1.0
178	177	6.0
178	178	330.0
178	179	3.0
179	170	2.0
179	173	1.0
179	178	3.0
179	179	322.0
179	180	7.0
179	181	4.0
180	151	1.0
180	171	1.0
180	178	1.0
180	179	3.0
180	180	325.0
180	181	3.0
180	183	1.0
181	133	1.0
181	170	1.0
181	179	2.0
181	180	6.0
181	181	343.0
181	182	4.0
182	48	1.0
182	142	1.0
182	178	1.0
182	180	3.0
182	181	2.0
182	182	346.0
182	183	7.0
183	47	1.0
183	61	1.0
183	182	5.0
183	183	356.0
183	184	1.0
184	6	1.0
184	9	1.0
184	182	1.0
184	183	4.0
184	184	365.0
184	185	1.0
184	197	1.0
185	8	2.0
185	36	1.0
185	99	1.0
185	120	1.0
185	163	2.0
185	183	1.0
185	184	5.0
185	185	359.0
185	186	2.0
186	152	1.0
186	153	1.0
186	159	1.0
186	160	1.0
186	165	2.0
186	185	3.0
186	186	379.0
186	187	4.0
186	189	1.0
186	190	2.0
186	193	1.0
187	96	1.0
187	97	1.0
187	165	1.0
187	186	5.0
187	187	325.0
187	188	4.0
187	189	1.0
187	190	4.0
188	82	1.0
188	165	1.0
188	179	1.0
188	187	3.0
188	188	367.0
188	189	1.0
188	190	2.0
188	191	2.0
189	138	1.0
189	151	1.0
189	152	1.0
189	153	1.0
189	186	3.0
189	187	1.0
189	188	3.0
189	189	289.0
189	191	2.0
190	107	1.0
190	108	1.0
190	110	2.0
190	166	1.0
190	186	3.0
190	187	1.0
190	188	4.0
190	190	308.0
190	191	4.0
190	192	1.0
190	193	1.0
191	37	1.0
191	108	2.0
191	139	3.0
191	188	1.0
191	189	2.0
191	190	4.0
191	191	315.0
191	192	3.0
192	96	1.0
192	97	1.0
192	117	1.0
192	187	2.0
192	190	3.0
192	191	4.0
192	192	315.0
192	193	3.0
192	194	2.0
192	195	2.0
193	41	1.0
193	96	1.0
193	108	1.0
193	185	5.0
193	186	1.0
193	190	1.0
193	192	4.0
193	193	372.0
193	194	2.0
193	195	2.0
194	4	1.0
194	94	3.0
194	97	1.0
194	109	1.0
194	126	1.0
194	168	1.0
194	185	3.0
194	190	1.0
194	192	1.0
194	193	6.0
194	194	363.0
194	195	2.0
195	6	1.0
195	7	1.0
195	8	1.0
195	32	1.0
195	71	1.0
195	96	2.0
195	112	1.0
195	192	1.0
195	194	1.0
195	195	280.0
195	196	1.0
195	197	1.0
196	3	2.0
196	8	1.0
196	133	2.0
196	134	3.0
196	135	6.0
196	136	2.0
196	195	1.0
196	196	329.0
196	197	1.0
197	8	2.0
197	101	2.0
197	130	1.0
197	137	3.0
197	184	3.0
197	196	2.0
197	197	284.0
199	1	5.0
199	2	3.0
199	3	3.0
199	4	2.0
199	5	1.0
199	7	1.0
199	8	2.0
199	199	331.0
