1	1	666.0
1	2	27.0
1	7	1.0
1	24	2.0
1	39	1.0
1	53	1.0
1	57	2.0
1	58	6.0
1	59	2.0
2	2	700.0
2	3	14.0
2	15	1.0
2	23	1.0
2	39	2.0
2	46	1.0
2	47	1.0
2	48	3.0
2	50	9.0
2	52	1.0
2	53	2.0
2	56	1.0
3	3	655.0
3	4	10.0
3	5	1.0
3	9	1.0
3	12	4.0
3	45	1.0
3	46	14.0
3	47	27.0
3	50	8.0
3	52	1.0
3	56	1.0
4	4	592.0
4	5	13.0
4	6	1.0
4	7	18.0
4	8	1.0
4	9	1.0
4	12	1.0
4	31	1.0
4	36	1.0
4	40	2.0
4	46	1.0
4	47	2.0
4	48	1.0
4	55	1.0
4	56	1.0
5	5	627.0
5	6	38.0
5	7	11.0
5	8	16.0
5	9	13.0
5	16	1.0
5	33	1.0
5	47	5.0
5	53	1.0
6	6	614.0
6	7	26.0
6	8	18.0
6	9	8.0
6	22	1.0
6	35	1.0
7	7	493.0
7	8	22.0
7	9	6.0
7	12	1.0
7	19	2.0
7	35	1.0
7	39	1.0
7	40	2.0
8	8	519.0
8	9	17.0
8	10	1.0
8	11	1.0
8	14	1.0
8	41	1.0
8	49	1.0
8	56	1.0
9	9	592.0
9	10	9.0
9	11	2.0
9	22	1.0
9	46	1.0
9	48	3.0
9	50	3.0
9	51	1.0
10	10	633.0
10	11	29.0
10	12	6.0
10	13	1.0
10	15	1.0
10	21	1.0
10	33	1.0
10	42	1.0
10	47	2.0
10	56	1.0
11	11	561.0
11	12	22.0
11	13	2.0
11	17	1.0
11	45	4.0
11	53	1.0
12	12	539.0
12	13	10.0
12	20	1.0
12	38	1.0
12	49	1.0
12	50	1.0
12	58	1.0
13	13	648.0
13	14	35.0
13	15	1.0
13	37	1.0
14	14	552.0
14	15	14.0
14	16	6.0
14	20	1.0
14	31	1.0
14	47	1.0
14	54	1.0
14	56	6.0
14	57	2.0
15	15	532.0
15	16	34.0
15	17	1.0
15	19	2.0
15	30	2.0
15	44	1.0
15	48	2.0
15	49	19.0
15	51	1.0
15	52	1.0
15	55	1.0
15	56	19.0
15	57	26.0
16	16	644.0
16	17	26.0
16	36	1.0
16	41	1.0
16	43	1.0
16	44	1.0
16	45	2.0
16	49	1.0
16	51	3.0
16	53	4.0
16	55	3.0
16	56	20.0
16	57	10.0
17	17	599.0
17	18	14.0
17	32	1.0
17	35	1.0
17	48	1.0
17	49	1.0
17	51	1.0
17	52	6.0
17	53	2.0
17	54	1.0
17	55	5.0
17	56	4.0
17	57	10.0
17	58	1.0
18	18	705.0
18	19	20.0
18	20	1.0
18	44	5.0
18	45	9.0
18	46	1.0
18	47	1.0
18	48	1.0
18	55	1.0
18	57	7.0
18	58	8.0
19	19	625.0
19	20	4.0
19	21	3.0
19	23	6.0
19	24	3.0
19	27	1.0
19	29	2.0
19	36	9.0
19	38	3.0
19	39	1.0
19	42	6.0
19	43	7.0
19	44	10.0
19	45	6.0
19	56	1.0
19	58	18.0
20	20	442.0
20	21	26.0
20	22	18.0
20	23	11.0
20	24	7.0
20	29	2.0
20	30	1.0
20	35	3.0
20	36	2.0
20	38	10.0
20	40	1.0
20	43	2.0
20	44	1.0
20	45	1.0
20	53	1.0
20	58	5.0
21	21	508.0
21	22	25.0
21	23	10.0
21	24	2.0
21	27	1.0
21	28	1.0
21	29	2.0
21	30	2.0
21	35	20.0
21	36	5.0
21	38	1.0
21	48	1.0
21	50	1.0
21	58	2.0
22	22	480.0
22	23	16.0
22	24	10.0
22	29	6.0
22	35	1.0
23	23	522.0
23	24	15.0
23	27	4.0
23	28	2.0
23	29	13.0
23	35	1.0
24	24	377.0
24	27	10.0
24	28	6.0
24	29	8.0
24	35	3.0
24	41	1.0
24	55	1.0
27	27	728.0
27	28	7.0
27	29	5.0
27	34	2.0
27	36	1.0
28	28	638.0
28	29	36.0
28	30	19.0
28	33	6.0
28	34	16.0
28	35	1.0
28	44	1.0
28	58	1.0
29	29	552.0
29	30	5.0
29	33	5.0
29	34	5.0
29	35	8.0
29	39	1.0
29	42	1.0
30	30	594.0
30	31	31.0
30	32	11.0
30	33	14.0
30	34	18.0
30	35	16.0
30	47	1.0
31	31	596.0
31	32	63.0
31	33	7.0
31	34	1.0
31	35	5.0
32	32	579.0
32	33	29.0
32	35	2.0
32	37	2.0
33	33	638.0
33	34	43.0
33	35	2.0
33	36	1.0
33	38	1.0
33	39	1.0
33	46	1.0
34	34	667.0
34	37	3.0
34	38	3.0
34	43	1.0
34	48	1.0
34	50	1.0
34	56	1.0
34	58	1.0
35	35	589.0
35	36	29.0
35	37	6.0
35	38	26.0
35	42	5.0
35	43	9.0
35	45	5.0
35	56	1.0
36	36	588.0
36	37	29.0
36	38	9.0
36	43	1.0
36	44	1.0
37	37	565.0
37	38	25.0
37	43	1.0
37	49	1.0
37	53	1.0
38	38	597.0
38	39	12.0
38	40	1.0
38	42	3.0
38	43	12.0
38	44	1.0
38	54	1.0
39	39	634.0
39	40	30.0
39	41	5.0
39	42	12.0
39	44	8.0
39	45	1.0
39	53	2.0
39	54	6.0
39	55	1.0
39	56	1.0
39	57	1.0
40	40	526.0
40	41	18.0
40	42	24.0
40	53	6.0
40	54	5.0
40	55	4.0
40	56	16.0
41	41	553.0
41	42	16.0
41	54	1.0
42	42	693.0
42	43	11.0
42	44	5.0
42	45	1.0
42	48	2.0
42	51	2.0
42	53	10.0
42	54	15.0
42	56	3.0
43	43	452.0
43	44	11.0
43	45	5.0
43	53	1.0
43	58	2.0
44	44	597.0
44	45	13.0
44	52	27.0
44	53	20.0
44	56	2.0
44	57	6.0
44	58	9.0
45	45	583.0
45	46	10.0
45	47	1.0
45	48	15.0
45	50	2.0
45	51	10.0
45	52	14.0
45	57	1.0
45	58	7.0
46	46	688.0
46	47	21.0
47	47	564.0
47	48	8.0
47	50	5.0
48	48	582.0
48	49	22.0
48	50	14.0
48	51	10.0
48	52	1.0
48	55	1.0
48	57	1.0
49	49	637.0
49	50	24.0
49	51	3.0
50	50	586.0
50	51	17.0
50	52	6.0
50	53	1.0
50	54	1.0
50	55	2.0
51	51	663.0
51	52	46.0
51	53	20.0
51	54	10.0
51	55	25.0
52	52	586.0
52	53	28.0
52	54	19.0
52	55	13.0
53	53	520.0
53	54	46.0
53	55	9.0
53	56	6.0
53	57	8.0
53	58	1.0
54	54	543.0
54	55	10.0
54	56	22.0
54	57	1.0
55	55	492.0
55	56	35.0
55	57	2.0
55	58	1.0
56	56	527.0
56	57	26.0
56	58	1.0
57	57	607.0
57	58	34.0
58	58	573.0
58	59	2.0
59	59	60.0
60	1	15.0
60	2	2.0
60	3	3.0
60	14	1.0
60	34	1.0
60	59	5.0
60	60	448.0
