1	1	218.0
1	2	2.0
1	3	1.0
1	4	1.0
1	5	1.0
1	12	1.0
1	99	1.0
1	132	1.0
1	136	1.0
2	1	3.0
2	2	225.0
2	5	2.0
2	8	2.0
2	132	1.0
2	136	1.0
3	1	1.0
3	3	235.0
3	4	9.0
3	50	1.0
3	94	1.0
3	132	1.0
3	133	2.0
4	2	1.0
4	3	7.0
4	4	231.0
4	5	1.0
5	2	2.0
5	4	1.0
5	5	223.0
5	6	1.0
5	7	2.0
5	8	2.0
5	10	3.0
5	132	1.0
5	133	1.0
6	5	2.0
6	6	213.0
6	7	2.0
6	9	2.0
6	10	1.0
6	131	1.0
6	135	1.0
7	6	6.0
7	7	257.0
7	9	1.0
7	10	2.0
8	2	2.0
8	5	1.0
8	6	4.0
8	7	1.0
8	8	219.0
8	9	4.0
8	100	2.0
8	133	2.0
9	6	3.0
9	7	1.0
9	8	1.0
9	9	216.0
9	10	1.0
10	7	3.0
10	9	5.0
10	10	234.0
10	100	1.0
10	129	1.0
10	130	1.0
11	11	244.0
11	12	1.0
12	10	1.0
12	11	1.0
12	12	241.0
12	61	1.0
13	12	3.0
13	13	255.0
13	14	3.0
13	53	2.0
13	54	3.0
13	88	1.0
13	120	1.0
14	13	9.0
14	14	248.0
14	15	3.0
14	52	1.0
14	53	1.0
14	115	1.0
15	14	3.0
15	15	260.0
15	16	3.0
15	17	1.0
15	87	1.0
16	15	1.0
16	16	244.0
16	17	5.0
16	18	2.0
16	21	1.0
16	23	1.0
17	16	3.0
17	17	187.0
17	21	1.0
17	58	1.0
17	68	1.0
17	106	1.0
18	13	1.0
18	14	1.0
18	17	1.0
18	18	163.0
18	19	2.0
18	56	1.0
19	18	1.0
19	19	242.0
19	20	1.0
19	21	1.0
19	48	2.0
20	18	1.0
20	20	218.0
20	21	3.0
20	31	1.0
20	32	1.0
21	3	1.0
21	19	3.0
21	20	3.0
21	21	249.0
21	22	3.0
21	25	1.0
21	102	1.0
22	21	2.0
22	22	249.0
22	23	3.0
23	22	4.0
23	23	237.0
23	24	2.0
24	23	3.0
24	24	226.0
24	25	2.0
24	26	1.0
25	23	1.0
25	24	2.0
25	25	223.0
25	26	7.0
25	27	1.0
25	28	1.0
25	29	1.0
25	31	1.0
26	23	1.0
26	24	1.0
26	26	237.0
26	27	2.0
26	28	2.0
27	25	2.0
27	26	2.0
27	27	251.0
27	28	1.0
27	29	1.0
27	45	1.0
27	85	1.0
28	11	1.0
28	25	1.0
28	27	3.0
28	28	249.0
28	29	2.0
28	42	1.0
29	25	1.0
29	27	1.0
29	29	258.0
30	20	1.0
30	29	2.0
30	30	237.0
30	38	2.0
30	42	4.0
30	43	1.0
31	19	1.0
31	31	232.0
31	32	5.0
31	34	1.0
31	37	1.0
31	63	1.0
31	64	1.0
31	65	1.0
31	94	1.0
32	20	1.0
32	31	2.0
32	32	219.0
32	33	2.0
32	37	2.0
32	38	1.0
32	64	1.0
33	31	1.0
33	33	242.0
33	34	7.0
33	37	1.0
33	95	1.0
34	33	8.0
34	34	220.0
34	35	3.0
34	63	1.0
34	64	1.0
34	94	1.0
34	95	3.0
35	34	3.0
35	35	232.0
35	36	3.0
35	38	1.0
36	34	4.0
36	35	5.0
36	36	246.0
36	37	4.0
36	42	1.0
37	32	1.0
37	33	1.0
37	34	1.0
37	36	2.0
37	37	232.0
37	38	2.0
37	63	1.0
38	30	1.0
38	31	2.0
38	37	2.0
38	38	174.0
38	39	2.0
38	42	19.0
38	65	1.0
38	99	1.0
39	37	1.0
39	38	6.0
39	39	45.0
39	42	8.0
39	43	1.0
39	52	1.0
39	93	1.0
42	4	1.0
42	23	1.0
42	32	1.0
42	35	1.0
42	38	11.0
42	39	12.0
42	42	337.0
42	43	3.0
42	45	1.0
42	79	1.0
42	105	1.0
43	35	1.0
43	42	2.0
43	43	244.0
43	51	1.0
43	75	1.0
44	43	2.0
44	44	266.0
44	45	3.0
44	51	2.0
45	34	1.0
45	44	7.0
45	45	231.0
45	46	1.0
45	47	1.0
46	37	1.0
46	45	2.0
46	46	77.0
46	51	1.0
47	44	1.0
47	47	114.0
48	20	1.0
48	45	1.0
48	48	102.0
49	48	1.0
49	49	162.0
49	50	4.0
50	49	1.0
50	50	247.0
50	89	1.0
50	92	1.0
50	99	1.0
51	47	1.0
51	50	2.0
51	51	64.0
52	52	202.0
52	53	1.0
52	54	2.0
52	65	1.0
52	68	1.0
52	75	1.0
52	115	1.0
53	13	1.0
53	14	1.0
53	52	4.0
53	53	258.0
53	127	1.0
54	14	1.0
54	52	1.0
54	53	3.0
54	54	247.0
54	56	2.0
54	57	4.0
54	125	1.0
55	54	1.0
55	55	253.0
55	57	2.0
55	58	1.0
55	59	2.0
55	76	1.0
55	125	1.0
56	56	237.0
56	57	2.0
56	58	1.0
56	59	1.0
56	123	1.0
56	125	1.0
57	54	2.0
57	55	1.0
57	56	2.0
57	57	224.0
57	91	1.0
57	93	1.0
57	94	1.0
57	124	2.0
58	54	1.0
58	56	2.0
58	57	4.0
58	58	238.0
58	59	5.0
59	54	1.0
59	57	1.0
59	58	1.0
59	59	213.0
59	62	1.0
59	114	1.0
60	11	1.0
60	60	261.0
60	61	1.0
60	62	2.0
60	94	4.0
60	111	1.0
61	60	4.0
61	61	239.0
61	62	5.0
61	63	1.0
61	119	1.0
62	31	1.0
62	60	1.0
62	61	4.0
62	62	267.0
62	63	3.0
62	64	1.0
62	109	1.0
62	110	1.0
63	33	1.0
63	34	1.0
63	36	1.0
63	61	1.0
63	62	10.0
63	63	252.0
63	64	3.0
63	94	1.0
63	110	1.0
63	117	1.0
64	34	2.0
64	37	1.0
64	62	1.0
64	63	5.0
64	64	269.0
64	65	3.0
64	108	1.0
64	110	1.0
65	64	3.0
65	65	222.0
65	66	5.0
65	67	2.0
65	68	2.0
66	56	1.0
66	65	2.0
66	66	234.0
66	67	3.0
66	69	1.0
66	112	1.0
67	66	3.0
67	67	217.0
67	68	1.0
67	70	1.0
67	102	1.0
67	110	1.0
68	65	2.0
68	66	1.0
68	67	1.0
68	68	239.0
68	69	4.0
68	107	1.0
69	65	1.0
69	66	5.0
69	67	2.0
69	68	2.0
69	69	214.0
69	70	2.0
70	43	1.0
70	65	1.0
70	66	1.0
70	69	1.0
70	70	262.0
70	71	1.0
70	74	1.0
70	136	1.0
71	53	1.0
71	70	5.0
71	71	290.0
71	72	1.0
72	71	1.0
72	72	259.0
72	73	7.0
73	66	1.0
73	71	1.0
73	72	3.0
73	73	282.0
73	74	5.0
74	70	2.0
74	71	1.0
74	72	1.0
74	73	4.0
74	74	254.0
74	75	3.0
75	45	1.0
75	74	2.0
75	75	247.0
75	76	1.0
75	77	1.0
76	75	1.0
76	76	246.0
76	77	2.0
76	78	1.0
77	76	1.0
77	77	253.0
77	78	9.0
78	77	4.0
78	78	239.0
79	78	1.0
79	79	269.0
79	80	4.0
79	81	1.0
80	79	8.0
80	80	253.0
80	81	1.0
80	82	2.0
80	83	1.0
80	85	1.0
81	43	1.0
81	44	1.0
81	78	1.0
81	79	1.0
81	80	3.0
81	81	163.0
81	82	1.0
81	88	1.0
81	114	1.0
82	79	1.0
82	81	3.0
82	82	230.0
82	83	3.0
83	79	1.0
83	80	4.0
83	81	1.0
83	82	4.0
83	83	217.0
83	84	3.0
83	85	4.0
84	82	1.0
84	83	8.0
84	84	227.0
84	85	5.0
85	47	1.0
85	80	2.0
85	82	4.0
85	83	10.0
85	84	6.0
85	85	245.0
85	86	1.0
85	87	2.0
85	130	1.0
86	86	250.0
86	87	5.0
86	88	2.0
87	35	1.0
87	74	1.0
87	86	3.0
87	87	281.0
87	88	5.0
88	26	1.0
88	47	1.0
88	86	2.0
88	87	9.0
88	88	238.0
89	89	191.0
89	90	6.0
89	122	1.0
90	50	1.0
90	64	1.0
90	89	2.0
90	90	264.0
90	91	1.0
90	92	1.0
90	93	2.0
91	50	1.0
91	59	1.0
91	90	2.0
91	91	258.0
91	92	2.0
91	93	2.0
91	94	2.0
92	91	7.0
92	92	237.0
92	93	3.0
92	94	3.0
92	95	1.0
92	122	1.0
93	59	1.0
93	60	2.0
93	62	1.0
93	91	1.0
93	92	4.0
93	93	236.0
93	94	2.0
94	34	1.0
94	57	1.0
94	60	4.0
94	91	3.0
94	92	2.0
94	93	3.0
94	94	217.0
94	95	2.0
94	98	1.0
94	99	1.0
95	33	2.0
95	62	1.0
95	63	1.0
95	64	1.0
95	80	1.0
95	95	223.0
95	96	1.0
95	99	1.0
95	100	1.0
96	2	1.0
96	10	1.0
96	16	1.0
96	95	1.0
96	96	206.0
96	97	2.0
96	98	4.0
97	89	1.0
97	94	1.0
97	95	1.0
97	96	2.0
97	97	237.0
97	98	1.0
98	95	4.0
98	96	2.0
98	97	2.0
98	98	245.0
99	31	1.0
99	59	1.0
99	61	1.0
99	79	1.0
99	96	1.0
99	97	1.0
99	98	1.0
99	99	271.0
99	100	6.0
99	101	3.0
100	1	2.0
100	95	1.0
100	99	1.0
100	100	204.0
100	101	1.0
100	102	1.0
100	103	1.0
101	3	1.0
101	99	1.0
101	100	4.0
101	101	236.0
101	102	1.0
102	99	1.0
102	101	4.0
102	102	230.0
102	103	3.0
103	35	1.0
103	77	1.0
103	100	1.0
103	102	7.0
103	103	249.0
103	104	3.0
104	103	2.0
104	104	236.0
104	105	4.0
105	10	1.0
105	104	2.0
105	105	257.0
105	106	1.0
105	116	1.0
105	120	1.0
106	105	1.0
106	106	258.0
106	107	7.0
106	108	1.0
107	13	2.0
107	67	1.0
107	106	7.0
107	107	244.0
107	108	3.0
108	63	1.0
108	65	1.0
108	108	240.0
108	109	2.0
108	110	2.0
108	111	2.0
108	112	1.0
109	62	1.0
109	63	1.0
109	64	1.0
109	108	3.0
109	109	265.0
109	110	2.0
109	111	1.0
110	7	1.0
110	63	2.0
110	108	7.0
110	109	7.0
110	110	253.0
110	111	6.0
110	113	1.0
111	21	2.0
111	107	1.0
111	108	1.0
111	109	1.0
111	110	7.0
111	111	240.0
111	112	1.0
112	111	2.0
112	112	260.0
112	113	6.0
113	110	1.0
113	111	1.0
113	112	2.0
113	113	229.0
113	114	1.0
113	116	1.0
114	70	1.0
114	96	1.0
114	109	1.0
114	112	1.0
114	114	253.0
114	115	5.0
114	116	1.0
114	118	1.0
114	119	2.0
115	59	1.0
115	104	1.0
115	114	5.0
115	115	253.0
115	116	3.0
115	119	1.0
116	53	1.0
116	115	1.0
116	116	284.0
116	117	1.0
116	118	1.0
117	65	1.0
117	117	269.0
117	118	4.0
117	119	1.0
117	120	1.0
118	108	1.0
118	117	4.0
118	118	273.0
118	119	1.0
118	120	2.0
118	124	1.0
118	126	1.0
119	17	1.0
119	114	3.0
119	118	3.0
119	119	235.0
119	120	8.0
119	121	1.0
119	123	2.0
119	124	1.0
119	125	2.0
120	106	1.0
120	119	1.0
120	120	278.0
120	121	2.0
121	119	1.0
121	120	2.0
121	121	274.0
121	122	3.0
121	123	3.0
122	54	2.0
122	56	1.0
122	68	1.0
122	118	1.0
122	121	1.0
122	122	268.0
122	123	9.0
122	127	1.0
123	56	4.0
123	106	1.0
123	121	1.0
123	122	2.0
123	123	272.0
123	124	2.0
124	56	1.0
124	58	1.0
124	109	1.0
124	118	2.0
124	119	1.0
124	121	1.0
124	123	1.0
124	124	259.0
124	125	1.0
124	126	5.0
124	127	1.0
125	56	1.0
125	118	4.0
125	119	2.0
125	120	1.0
125	123	1.0
125	124	1.0
125	125	262.0
125	126	1.0
125	129	1.0
126	56	1.0
126	125	1.0
126	126	222.0
126	127	2.0
126	132	2.0
127	55	1.0
127	127	231.0
127	128	1.0
128	126	1.0
128	127	2.0
128	128	174.0
128	129	4.0
128	130	3.0
129	76	1.0
129	127	4.0
129	128	2.0
129	129	211.0
129	130	1.0
129	131	1.0
129	132	1.0
129	133	1.0
130	1	1.0
130	2	1.0
130	8	2.0
130	127	2.0
130	128	1.0
130	129	2.0
130	130	245.0
130	131	4.0
130	132	1.0
131	1	1.0
131	8	2.0
131	130	5.0
131	131	249.0
131	133	2.0
131	134	1.0
132	1	1.0
132	3	1.0
132	4	2.0
132	127	1.0
132	128	1.0
132	132	249.0
132	133	3.0
132	134	1.0
133	2	1.0
133	129	1.0
133	130	1.0
133	132	3.0
133	133	211.0
133	134	1.0
134	4	1.0
134	7	1.0
134	8	1.0
134	44	1.0
134	130	1.0
134	131	1.0
134	133	2.0
134	134	280.0
134	135	1.0
135	135	108.0
136	1	2.0
136	135	1.0
136	136	247.0
