1	1	743.0
1	2	42.0
1	66	1.0
1	70	1.0
1	98	1.0
1	99	1.0
1	100	1.0
1	115	1.0
1	117	1.0
1	131	1.0
1	135	2.0
1	151	1.0
2	2	767.0
2	3	29.0
2	4	11.0
2	5	5.0
2	14	1.0
2	15	2.0
2	17	1.0
2	25	1.0
2	69	1.0
2	76	1.0
2	83	1.0
2	91	1.0
2	102	1.0
2	105	1.0
2	114	6.0
2	115	3.0
2	124	1.0
2	128	1.0
2	131	1.0
2	134	1.0
2	135	1.0
2	136	1.0
2	138	1.0
2	140	1.0
2	150	1.0
3	3	646.0
3	4	49.0
3	5	1.0
3	6	3.0
3	12	1.0
3	14	3.0
3	15	5.0
3	16	1.0
3	75	1.0
3	89	1.0
3	112	7.0
3	113	12.0
3	114	10.0
3	115	19.0
3	121	1.0
3	135	1.0
4	4	693.0
4	5	23.0
4	6	4.0
4	12	1.0
4	14	10.0
4	15	2.0
4	37	3.0
4	61	1.0
4	81	1.0
4	85	1.0
4	97	1.0
4	98	1.0
4	103	1.0
4	112	4.0
4	113	4.0
4	114	6.0
4	115	3.0
4	119	2.0
4	132	1.0
5	5	616.0
5	6	19.0
5	7	2.0
5	18	1.0
5	28	1.0
5	63	1.0
5	64	1.0
5	86	1.0
5	101	2.0
5	114	2.0
5	115	1.0
5	127	1.0
5	148	1.0
5	157	1.0
6	6	660.0
6	7	6.0
6	8	8.0
6	11	10.0
6	12	5.0
6	13	10.0
6	14	13.0
6	16	2.0
6	19	1.0
6	27	1.0
6	34	1.0
6	50	1.0
6	73	2.0
6	100	1.0
6	105	1.0
6	106	4.0
6	107	4.0
6	146	1.0
7	7	581.0
7	8	49.0
7	9	16.0
7	10	3.0
7	11	10.0
7	12	4.0
7	13	3.0
7	23	1.0
7	30	9.0
7	34	1.0
7	55	1.0
7	65	1.0
7	89	1.0
7	101	1.0
7	104	1.0
7	108	2.0
7	113	2.0
7	137	19.0
7	138	28.0
7	145	1.0
7	148	1.0
8	8	601.0
8	9	48.0
8	10	33.0
8	11	24.0
8	12	3.0
8	29	9.0
8	30	9.0
8	67	1.0
8	106	1.0
8	112	1.0
8	118	1.0
8	138	2.0
8	150	2.0
9	9	558.0
9	10	48.0
9	11	15.0
9	12	8.0
9	15	1.0
9	29	1.0
9	30	13.0
9	31	3.0
9	39	1.0
9	73	1.0
9	134	2.0
9	153	1.0
10	10	558.0
10	11	31.0
10	12	2.0
10	29	1.0
10	30	17.0
10	31	7.0
10	32	2.0
10	38	1.0
10	45	1.0
10	76	1.0
10	98	1.0
10	108	1.0
10	110	1.0
11	11	524.0
11	12	70.0
11	13	4.0
11	16	1.0
11	30	2.0
11	31	11.0
11	75	1.0
11	102	1.0
11	106	1.0
11	121	5.0
11	123	1.0
11	127	1.0
11	156	1.0
12	12	567.0
12	13	35.0
12	14	2.0
12	20	1.0
12	23	1.0
12	25	3.0
12	27	1.0
12	29	6.0
12	34	1.0
12	39	1.0
12	64	2.0
12	105	3.0
12	118	3.0
12	119	3.0
12	122	1.0
12	157	1.0
13	13	583.0
13	14	49.0
13	23	1.0
13	24	1.0
13	25	2.0
13	45	1.0
13	77	1.0
13	108	1.0
13	114	1.0
13	118	1.0
13	119	11.0
13	120	6.0
14	14	591.0
14	15	30.0
14	16	7.0
14	25	1.0
14	26	1.0
14	32	1.0
14	37	2.0
14	42	1.0
14	112	7.0
14	113	1.0
14	116	3.0
14	119	14.0
14	120	4.0
14	127	1.0
14	131	1.0
15	15	651.0
15	16	29.0
15	22	1.0
15	25	9.0
15	32	17.0
15	47	1.0
15	48	2.0
15	49	19.0
15	63	1.0
15	113	13.0
15	114	6.0
15	115	8.0
15	116	6.0
15	117	4.0
15	120	1.0
15	146	1.0
16	16	676.0
16	17	24.0
16	18	16.0
16	19	9.0
16	20	2.0
16	21	2.0
16	24	1.0
16	32	1.0
16	37	1.0
16	43	1.0
16	45	1.0
16	48	1.0
16	49	6.0
16	50	1.0
16	51	1.0
16	57	1.0
16	111	4.0
16	112	7.0
16	114	1.0
17	17	640.0
17	18	23.0
17	19	9.0
17	20	8.0
17	21	1.0
17	22	3.0
17	40	1.0
17	49	7.0
17	51	1.0
17	52	8.0
17	53	15.0
17	67	1.0
17	93	1.0
17	95	1.0
17	111	5.0
17	126	1.0
17	134	1.0
17	144	1.0
18	18	644.0
18	19	40.0
18	20	17.0
18	21	11.0
18	23	4.0
18	24	5.0
18	25	1.0
18	45	1.0
18	50	1.0
18	54	2.0
18	105	1.0
18	108	1.0
19	19	624.0
19	20	44.0
19	21	7.0
19	27	1.0
19	44	1.0
19	45	1.0
19	52	5.0
19	53	29.0
19	56	2.0
19	57	4.0
19	79	1.0
19	103	1.0
19	108	1.0
19	109	2.0
19	119	1.0
19	120	1.0
20	20	630.0
20	21	27.0
20	22	18.0
20	23	16.0
20	56	3.0
20	78	1.0
20	79	18.0
20	97	1.0
20	107	1.0
20	155	1.0
21	21	623.0
21	22	22.0
21	23	3.0
21	24	4.0
21	26	1.0
21	43	2.0
21	49	1.0
21	54	1.0
21	69	1.0
21	77	1.0
21	99	1.0
21	103	1.0
21	121	1.0
21	125	1.0
22	22	640.0
22	23	44.0
22	24	1.0
22	76	1.0
22	102	1.0
22	103	1.0
22	107	1.0
23	23	658.0
23	24	38.0
23	25	2.0
23	76	5.0
23	81	1.0
23	84	1.0
23	102	2.0
23	103	1.0
23	108	1.0
23	110	1.0
23	129	2.0
23	153	1.0
23	156	1.0
23	157	1.0
24	24	704.0
24	25	22.0
24	30	1.0
24	38	2.0
24	39	1.0
24	45	1.0
24	78	1.0
24	99	1.0
24	103	1.0
24	104	2.0
24	114	1.0
24	117	10.0
24	137	1.0
25	25	652.0
25	26	55.0
25	27	24.0
25	28	10.0
25	29	1.0
25	31	5.0
25	32	1.0
25	39	1.0
25	87	1.0
25	118	7.0
26	26	644.0
26	27	31.0
26	28	13.0
26	30	1.0
26	31	11.0
26	32	10.0
26	37	6.0
26	38	8.0
26	43	2.0
26	89	1.0
26	103	1.0
26	118	10.0
26	119	1.0
26	130	1.0
26	153	1.0
27	27	684.0
27	28	38.0
27	29	12.0
27	31	2.0
27	32	6.0
27	37	1.0
27	46	1.0
27	87	1.0
27	98	1.0
27	105	1.0
27	158	1.0
28	28	743.0
28	29	26.0
28	30	2.0
28	31	1.0
28	32	4.0
28	37	3.0
28	50	1.0
28	57	1.0
28	100	1.0
28	118	1.0
28	125	1.0
29	29	617.0
29	30	27.0
29	31	6.0
29	32	5.0
29	41	1.0
29	45	1.0
29	46	1.0
29	50	1.0
29	71	1.0
29	80	1.0
30	30	692.0
30	31	38.0
30	32	16.0
30	39	1.0
30	40	3.0
30	41	1.0
30	61	1.0
30	81	1.0
30	122	2.0
30	135	1.0
30	154	1.0
31	31	670.0
31	32	44.0
31	37	2.0
31	38	3.0
31	43	2.0
31	81	10.0
31	95	1.0
31	98	1.0
31	117	1.0
31	122	2.0
31	144	1.0
31	155	1.0
32	32	538.0
32	33	11.0
32	34	18.0
32	35	7.0
32	36	5.0
32	37	4.0
32	38	4.0
32	42	1.0
32	49	7.0
32	54	1.0
32	62	1.0
32	64	2.0
32	81	10.0
32	83	3.0
32	84	8.0
32	85	3.0
32	86	3.0
32	122	1.0
32	147	1.0
33	33	659.0
33	34	61.0
33	35	9.0
33	36	1.0
33	37	1.0
33	49	7.0
33	55	1.0
33	64	10.0
33	65	3.0
33	83	1.0
33	84	7.0
33	92	2.0
33	138	1.0
33	153	1.0
34	34	592.0
34	35	35.0
34	36	3.0
34	40	2.0
34	64	7.0
34	65	5.0
34	66	3.0
34	81	2.0
34	83	1.0
34	84	2.0
34	85	4.0
34	86	8.0
34	88	1.0
34	92	7.0
34	120	1.0
34	129	1.0
34	131	1.0
34	158	1.0
35	35	594.0
35	36	39.0
35	37	5.0
35	44	1.0
35	45	2.0
35	48	1.0
35	56	1.0
35	64	8.0
35	65	8.0
35	66	1.0
35	70	1.0
35	80	1.0
35	83	6.0
35	84	7.0
35	85	16.0
35	86	4.0
35	91	1.0
35	92	1.0
35	93	1.0
35	126	1.0
35	127	1.0
35	146	2.0
36	36	638.0
36	37	32.0
36	38	4.0
36	41	1.0
36	49	1.0
36	61	1.0
36	75	1.0
36	83	1.0
36	84	15.0
36	85	25.0
36	121	1.0
36	127	8.0
36	132	1.0
36	142	1.0
36	154	1.0
37	37	641.0
37	38	50.0
37	39	9.0
37	43	4.0
37	56	1.0
37	61	2.0
37	63	1.0
37	73	1.0
37	82	1.0
37	85	1.0
37	104	1.0
37	152	1.0
37	158	6.0
38	38	636.0
38	39	64.0
38	40	3.0
38	43	3.0
38	44	1.0
38	61	9.0
38	87	2.0
38	101	1.0
38	116	1.0
38	121	3.0
38	130	1.0
38	140	1.0
38	158	1.0
39	39	625.0
39	40	34.0
39	41	6.0
39	42	3.0
39	45	2.0
39	46	3.0
39	70	1.0
39	154	2.0
40	40	617.0
40	41	35.0
40	42	1.0
40	45	1.0
40	46	20.0
40	61	3.0
40	62	1.0
40	65	1.0
40	99	2.0
40	123	1.0
40	151	1.0
40	154	1.0
41	41	674.0
41	42	38.0
41	43	5.0
41	48	1.0
41	50	7.0
41	51	5.0
41	52	3.0
41	61	3.0
41	75	1.0
41	158	1.0
42	42	644.0
42	43	26.0
42	47	25.0
42	48	1.0
42	50	7.0
42	52	3.0
42	53	1.0
42	61	11.0
42	72	1.0
42	93	2.0
43	43	678.0
43	44	20.0
43	46	2.0
43	47	1.0
43	48	1.0
43	49	1.0
43	61	5.0
43	92	3.0
43	94	2.0
43	131	1.0
43	156	2.0
43	158	5.0
43	159	1.0
44	44	791.0
44	45	27.0
44	61	1.0
44	64	1.0
44	102	2.0
44	104	1.0
44	140	2.0
45	45	704.0
45	46	30.0
45	47	16.0
45	50	2.0
45	51	1.0
45	56	2.0
45	139	1.0
46	46	684.0
46	47	43.0
46	50	10.0
46	51	2.0
46	52	8.0
46	57	1.0
46	61	1.0
46	73	1.0
46	106	1.0
46	114	1.0
47	47	729.0
47	48	30.0
47	49	9.0
47	50	14.0
47	51	5.0
47	61	1.0
47	70	1.0
47	80	1.0
47	101	2.0
47	108	3.0
47	114	1.0
48	48	625.0
48	49	61.0
48	50	3.0
48	51	1.0
48	53	3.0
48	93	1.0
48	106	1.0
48	139	1.0
49	49	637.0
49	50	1.0
49	51	1.0
49	81	1.0
49	99	1.0
49	114	1.0
49	119	1.0
49	124	1.0
49	151	1.0
50	50	671.0
50	51	45.0
50	52	17.0
50	53	10.0
50	54	2.0
50	61	1.0
50	109	1.0
51	51	614.0
51	52	34.0
51	53	34.0
51	54	9.0
51	55	5.0
51	137	1.0
52	52	549.0
52	53	26.0
52	54	33.0
52	55	1.0
52	57	4.0
52	137	1.0
52	138	1.0
52	139	1.0
52	156	1.0
53	53	562.0
53	54	43.0
53	61	7.0
53	65	1.0
53	136	1.0
53	146	1.0
53	147	1.0
54	54	610.0
54	55	23.0
54	56	7.0
54	57	2.0
54	61	6.0
54	147	1.0
55	55	661.0
55	56	19.0
55	57	27.0
55	61	11.0
55	94	1.0
55	105	1.0
56	56	504.0
56	57	23.0
56	61	19.0
56	62	1.0
56	63	6.0
56	74	1.0
56	77	1.0
56	78	3.0
56	93	1.0
56	100	1.0
56	104	4.0
56	109	1.0
56	118	1.0
56	135	1.0
56	157	1.0
57	57	417.0
57	58	3.0
57	61	27.0
57	62	3.0
57	63	3.0
57	64	2.0
57	65	1.0
57	86	1.0
57	136	1.0
57	154	1.0
58	58	42.0
58	61	2.0
58	62	2.0
61	61	1472.0
61	62	27.0
61	63	12.0
61	64	1.0
61	78	7.0
61	79	4.0
61	80	2.0
61	81	1.0
61	84	1.0
61	93	1.0
61	100	1.0
61	111	1.0
61	115	2.0
61	117	3.0
61	124	2.0
61	125	1.0
61	127	4.0
61	130	1.0
61	148	1.0
61	154	3.0
62	62	282.0
62	63	10.0
62	64	1.0
62	99	1.0
62	100	1.0
62	125	3.0
62	128	1.0
62	154	6.0
62	155	6.0
62	156	1.0
63	63	221.0
63	64	12.0
63	65	1.0
63	154	10.0
63	155	5.0
64	64	257.0
64	65	8.0
64	66	1.0
64	73	1.0
64	77	1.0
64	85	1.0
64	92	1.0
64	93	2.0
64	104	1.0
64	118	1.0
64	130	1.0
64	149	1.0
64	152	1.0
64	154	15.0
64	155	4.0
65	65	241.0
65	66	29.0
65	68	1.0
65	75	1.0
65	84	1.0
65	87	1.0
65	92	2.0
66	66	251.0
66	67	4.0
66	68	17.0
66	69	12.0
66	70	1.0
66	72	6.0
66	121	1.0
66	126	1.0
66	132	1.0
66	151	1.0
66	152	1.0
67	67	327.0
67	68	29.0
67	69	6.0
67	70	7.0
67	75	1.0
67	100	1.0
67	101	2.0
67	124	1.0
67	130	1.0
67	158	1.0
68	68	279.0
68	69	52.0
68	70	6.0
68	115	1.0
68	121	1.0
69	69	325.0
69	70	8.0
69	73	1.0
69	128	1.0
69	131	1.0
69	142	1.0
70	70	346.0
70	71	30.0
70	72	7.0
70	77	1.0
71	71	337.0
71	72	13.0
71	75	2.0
71	77	1.0
71	78	1.0
71	79	1.0
71	100	2.0
71	147	1.0
71	152	1.0
72	72	325.0
72	73	35.0
72	74	6.0
72	75	1.0
72	76	1.0
72	77	1.0
72	82	1.0
72	99	3.0
72	100	4.0
72	111	1.0
72	144	1.0
72	159	1.0
73	73	724.0
73	74	10.0
73	75	1.0
73	99	2.0
73	105	1.0
73	117	1.0
73	124	1.0
73	135	1.0
74	74	116.0
74	75	5.0
74	76	1.0
74	99	2.0
75	75	656.0
75	76	7.0
75	77	8.0
75	79	2.0
75	80	1.0
75	82	1.0
75	84	3.0
75	86	1.0
75	92	1.0
75	102	1.0
75	104	2.0
75	112	1.0
75	121	1.0
75	123	3.0
75	124	11.0
75	125	3.0
75	148	1.0
76	76	338.0
76	77	11.0
76	80	5.0
76	81	1.0
76	90	2.0
76	102	1.0
76	103	1.0
76	108	1.0
76	123	3.0
76	132	1.0
76	138	1.0
76	145	1.0
76	146	1.0
76	147	1.0
77	77	597.0
77	78	78.0
77	79	20.0
77	80	8.0
77	100	1.0
77	122	4.0
77	123	1.0
77	124	7.0
77	125	1.0
77	137	2.0
78	78	634.0
78	79	27.0
78	80	5.0
78	86	2.0
78	114	1.0
78	118	1.0
78	124	2.0
79	79	574.0
79	80	44.0
79	82	1.0
79	85	1.0
79	86	11.0
79	94	1.0
79	99	1.0
79	124	3.0
79	131	1.0
79	132	1.0
79	147	1.0
80	80	426.0
80	81	15.0
80	82	15.0
80	86	4.0
80	94	1.0
80	104	1.0
80	106	1.0
81	81	334.0
81	82	24.0
81	84	7.0
81	123	1.0
81	129	1.0
81	154	1.0
82	82	428.0
82	83	13.0
82	84	13.0
82	127	1.0
82	142	1.0
82	153	1.0
83	83	301.0
83	84	16.0
83	85	17.0
83	86	7.0
83	87	1.0
83	120	1.0
83	126	17.0
83	127	7.0
83	153	1.0
84	84	274.0
84	85	19.0
84	86	8.0
84	123	3.0
84	157	1.0
85	85	276.0
85	86	22.0
85	87	4.0
85	89	4.0
86	86	292.0
86	87	17.0
86	92	1.0
86	108	1.0
86	110	1.0
86	119	1.0
86	128	1.0
87	87	304.0
87	88	4.0
87	89	22.0
87	91	10.0
87	92	5.0
87	104	1.0
87	151	2.0
88	88	317.0
88	89	32.0
88	91	3.0
88	147	1.0
89	89	294.0
89	90	9.0
89	91	8.0
89	92	8.0
89	106	1.0
89	139	1.0
89	146	1.0
90	90	313.0
90	91	46.0
90	92	1.0
90	106	2.0
90	134	1.0
91	91	273.0
91	139	1.0
91	146	1.0
92	92	297.0
92	93	15.0
92	94	5.0
92	95	3.0
92	99	1.0
92	120	1.0
92	128	4.0
92	129	1.0
92	130	7.0
92	131	2.0
92	134	1.0
92	148	1.0
92	150	1.0
92	152	8.0
92	153	10.0
92	155	12.0
92	156	6.0
93	93	264.0
93	94	24.0
93	95	2.0
93	103	1.0
93	104	7.0
93	123	1.0
93	134	1.0
93	140	1.0
93	152	3.0
93	153	4.0
93	154	4.0
93	155	7.0
93	156	22.0
93	158	8.0
94	94	325.0
94	95	23.0
94	96	3.0
94	97	3.0
94	107	1.0
94	122	1.0
94	127	1.0
94	133	1.0
94	141	1.0
94	150	1.0
94	152	2.0
94	153	1.0
94	155	4.0
94	156	2.0
94	157	1.0
94	158	9.0
95	95	311.0
95	96	33.0
95	97	8.0
95	98	6.0
95	109	1.0
95	130	3.0
95	140	1.0
95	150	24.0
95	151	1.0
95	155	1.0
95	157	4.0
95	158	1.0
96	96	329.0
96	97	34.0
96	98	12.0
96	102	1.0
96	104	2.0
96	147	1.0
96	150	32.0
97	97	301.0
97	98	19.0
97	102	1.0
97	104	1.0
97	147	2.0
97	149	3.0
97	150	17.0
97	153	3.0
98	98	377.0
98	99	23.0
98	100	1.0
98	129	1.0
98	136	1.0
98	141	1.0
98	150	14.0
98	154	1.0
98	155	1.0
99	99	493.0
99	100	9.0
99	102	3.0
99	105	1.0
99	109	1.0
99	122	1.0
99	138	1.0
99	143	1.0
100	100	718.0
100	101	18.0
100	103	2.0
100	106	3.0
100	107	2.0
100	110	1.0
100	140	7.0
100	141	11.0
100	142	9.0
100	149	1.0
100	157	1.0
100	158	1.0
101	101	644.0
101	102	21.0
101	105	16.0
101	106	16.0
101	141	5.0
101	142	9.0
101	157	1.0
101	158	1.0
102	102	466.0
102	103	17.0
102	104	1.0
102	105	22.0
102	106	1.0
102	124	1.0
102	142	1.0
102	146	1.0
102	147	7.0
102	157	1.0
103	103	588.0
103	104	40.0
103	105	4.0
103	110	1.0
103	124	2.0
103	125	2.0
103	133	1.0
103	140	1.0
103	144	6.0
103	145	9.0
103	146	1.0
103	148	3.0
103	154	1.0
103	155	1.0
103	156	12.0
103	157	5.0
103	158	11.0
103	159	2.0
104	104	611.0
104	105	34.0
104	106	2.0
104	108	1.0
104	109	1.0
104	128	1.0
104	131	1.0
104	132	1.0
104	135	1.0
104	146	8.0
104	147	3.0
104	148	10.0
104	149	2.0
104	150	1.0
104	155	8.0
104	156	11.0
104	157	2.0
104	158	5.0
104	159	2.0
105	105	725.0
105	106	23.0
105	107	2.0
105	121	1.0
105	136	1.0
105	142	2.0
105	145	1.0
105	146	3.0
105	147	2.0
105	149	3.0
105	152	1.0
105	155	1.0
105	156	1.0
105	159	2.0
106	106	614.0
106	107	34.0
106	109	1.0
106	110	4.0
106	140	8.0
106	141	34.0
106	142	6.0
106	157	6.0
107	107	707.0
107	108	24.0
107	109	11.0
107	110	6.0
107	112	3.0
107	136	1.0
107	138	1.0
107	139	6.0
107	140	3.0
107	141	7.0
108	108	622.0
108	109	35.0
108	110	57.0
108	111	13.0
108	112	1.0
108	113	5.0
108	127	1.0
108	138	1.0
108	139	2.0
108	140	1.0
108	141	2.0
108	158	2.0
109	109	534.0
109	110	101.0
109	111	15.0
109	112	1.0
109	147	1.0
109	148	1.0
110	110	520.0
110	111	12.0
110	113	1.0
110	116	2.0
110	125	3.0
110	138	1.0
110	139	1.0
110	144	1.0
110	147	1.0
110	148	1.0
110	154	1.0
111	111	617.0
111	112	27.0
111	113	10.0
111	114	1.0
111	139	3.0
111	144	7.0
111	145	2.0
111	157	1.0
112	112	578.0
112	113	36.0
112	114	37.0
112	115	9.0
112	116	1.0
112	117	2.0
112	118	4.0
112	121	1.0
112	122	2.0
112	131	2.0
113	113	551.0
113	114	26.0
113	115	49.0
113	116	4.0
113	117	6.0
113	118	10.0
113	119	1.0
113	120	1.0
113	131	2.0
113	136	1.0
113	138	10.0
113	140	1.0
113	152	1.0
114	114	571.0
114	115	47.0
114	120	3.0
114	121	5.0
114	135	8.0
114	136	3.0
114	137	19.0
114	138	10.0
114	142	3.0
114	151	1.0
115	115	622.0
115	116	27.0
115	117	11.0
115	120	1.0
115	131	5.0
115	133	1.0
115	134	11.0
115	135	2.0
115	136	13.0
115	137	2.0
115	138	8.0
116	116	657.0
116	117	39.0
116	118	16.0
116	119	15.0
116	120	4.0
116	131	2.0
116	132	6.0
116	133	22.0
116	134	5.0
117	117	672.0
117	118	9.0
117	119	15.0
117	120	5.0
117	132	3.0
117	133	6.0
117	136	1.0
117	146	1.0
118	118	543.0
118	119	15.0
118	120	27.0
118	121	21.0
118	122	1.0
118	129	1.0
118	131	10.0
118	134	1.0
118	141	1.0
118	157	1.0
119	119	458.0
119	120	34.0
119	121	4.0
119	125	2.0
119	142	2.0
120	120	495.0
120	121	15.0
120	124	4.0
121	121	621.0
121	122	29.0
121	123	2.0
121	124	16.0
121	125	6.0
121	126	1.0
122	122	630.0
122	123	44.0
122	124	2.0
122	144	3.0
122	145	1.0
123	123	587.0
123	124	35.0
123	125	10.0
123	126	18.0
124	124	510.0
124	125	35.0
124	126	19.0
124	127	4.0
124	132	1.0
124	150	1.0
124	153	1.0
125	125	380.0
125	126	26.0
125	127	12.0
125	143	2.0
125	154	1.0
125	156	1.0
125	158	1.0
126	126	317.0
126	127	17.0
126	137	1.0
127	127	361.0
127	128	2.0
127	131	1.0
127	134	1.0
127	137	2.0
127	152	2.0
127	153	2.0
127	154	8.0
127	156	1.0
128	128	570.0
128	129	51.0
128	130	10.0
128	152	1.0
128	153	8.0
128	154	5.0
128	155	1.0
129	129	640.0
129	130	41.0
129	152	1.0
129	155	1.0
130	130	654.0
130	131	23.0
130	133	1.0
130	135	5.0
130	136	1.0
130	152	3.0
131	131	694.0
131	132	51.0
131	133	17.0
131	134	13.0
131	135	12.0
131	136	5.0
131	137	18.0
131	142	1.0
131	151	4.0
131	152	10.0
132	132	674.0
132	133	70.0
132	134	5.0
132	136	13.0
132	137	10.0
132	138	8.0
132	139	1.0
132	146	1.0
132	149	1.0
133	133	676.0
133	134	23.0
133	135	4.0
133	136	26.0
133	137	8.0
133	138	7.0
133	139	3.0
133	143	1.0
133	151	1.0
133	152	3.0
134	134	668.0
134	135	30.0
134	136	25.0
134	137	11.0
134	138	8.0
134	139	7.0
134	148	1.0
134	151	6.0
134	152	7.0
135	135	652.0
135	136	21.0
135	137	26.0
135	138	33.0
135	139	21.0
135	140	1.0
135	149	1.0
135	151	3.0
135	152	15.0
136	136	588.0
136	137	28.0
136	138	8.0
136	139	8.0
136	152	5.0
137	137	658.0
137	138	22.0
137	151	1.0
137	152	1.0
138	138	625.0
138	139	9.0
139	139	710.0
139	140	45.0
139	141	7.0
139	142	3.0
139	143	7.0
139	145	1.0
139	146	1.0
139	151	1.0
139	152	4.0
140	140	631.0
140	141	28.0
140	142	7.0
140	143	2.0
140	144	2.0
141	141	709.0
141	142	9.0
141	143	9.0
141	144	3.0
141	145	6.0
141	146	10.0
141	147	3.0
142	142	623.0
142	143	31.0
142	144	12.0
142	145	12.0
142	146	11.0
142	149	1.0
143	143	401.0
143	144	5.0
143	145	8.0
143	146	2.0
143	148	4.0
143	149	1.0
144	144	580.0
144	145	52.0
144	146	40.0
144	147	14.0
144	148	2.0
144	149	4.0
144	153	1.0
145	145	537.0
145	146	50.0
145	147	38.0
145	148	17.0
145	149	4.0
145	158	1.0
146	146	559.0
146	147	43.0
146	148	5.0
146	149	12.0
146	150	1.0
146	155	1.0
147	147	641.0
147	148	16.0
147	149	5.0
148	148	649.0
148	149	12.0
148	150	5.0
148	151	8.0
148	152	1.0
148	156	1.0
149	149	541.0
149	150	23.0
149	151	23.0
149	152	6.0
149	153	12.0
149	154	1.0
149	155	3.0
149	156	6.0
149	157	1.0
150	150	690.0
150	151	20.0
150	152	7.0
150	155	6.0
150	156	25.0
150	157	2.0
151	151	776.0
151	152	23.0
151	153	4.0
151	155	1.0
151	156	8.0
152	152	568.0
152	153	36.0
152	154	11.0
152	155	17.0
152	156	22.0
153	153	474.0
153	154	34.0
153	155	13.0
153	156	22.0
154	154	683.0
154	155	32.0
154	156	3.0
155	155	712.0
155	156	28.0
155	157	2.0
155	158	1.0
156	156	614.0
156	157	10.0
156	158	9.0
157	157	693.0
157	158	44.0
158	158	708.0
158	159	4.0
159	159	63.0
160	1	11.0
160	2	1.0
160	5	1.0
160	28	2.0
160	37	1.0
160	43	3.0
160	44	1.0
160	94	4.0
160	95	2.0
160	97	1.0
160	98	14.0
160	99	17.0
160	105	1.0
160	110	1.0
160	120	1.0
160	156	1.0
160	157	3.0
160	158	7.0
160	160	736.0
