2	2	70.0
2	3	3.0
3	2	3.0
3	3	196.0
3	8	2.0
3	96	1.0
3	98	3.0
3	101	1.0
4	3	1.0
4	4	257.0
4	5	2.0
4	6	2.0
4	7	1.0
4	8	1.0
4	122	1.0
5	4	2.0
5	5	228.0
5	6	1.0
5	7	4.0
5	43	1.0
5	53	1.0
5	139	1.0
6	2	1.0
6	4	1.0
6	5	2.0
6	6	233.0
6	7	1.0
6	69	1.0
7	3	1.0
7	5	1.0
7	6	1.0
7	7	253.0
7	8	4.0
7	73	3.0
8	4	3.0
8	7	1.0
8	8	254.0
8	9	1.0
9	7	3.0
9	9	284.0
9	10	1.0
9	11	2.0
9	12	1.0
9	13	1.0
9	100	1.0
10	9	1.0
10	10	281.0
10	19	1.0
10	56	1.0
11	10	2.0
11	11	273.0
11	12	2.0
12	7	1.0
12	11	1.0
12	12	263.0
12	13	1.0
13	9	2.0
13	10	1.0
13	11	2.0
13	13	294.0
13	14	1.0
13	19	1.0
14	3	2.0
14	13	1.0
14	14	273.0
14	15	5.0
14	45	1.0
14	62	1.0
15	14	2.0
15	15	279.0
15	16	1.0
16	13	2.0
16	15	2.0
16	16	258.0
16	17	4.0
16	88	1.0
16	95	1.0
17	16	1.0
17	17	293.0
17	18	2.0
17	85	2.0
17	86	1.0
17	89	1.0
18	17	5.0
18	18	280.0
18	19	4.0
18	20	1.0
18	113	1.0
19	17	1.0
19	18	2.0
19	19	300.0
19	20	1.0
19	41	1.0
20	18	3.0
20	19	1.0
20	20	274.0
20	66	1.0
20	72	1.0
21	20	4.0
21	21	290.0
21	22	1.0
21	142	1.0
22	22	274.0
22	23	2.0
22	65	2.0
22	140	1.0
23	22	6.0
23	23	228.0
23	24	1.0
23	66	3.0
24	23	1.0
24	24	262.0
24	25	4.0
24	84	2.0
24	98	1.0
24	100	4.0
25	24	3.0
25	25	291.0
25	26	1.0
25	81	1.0
25	84	1.0
25	87	1.0
25	133	1.0
26	23	3.0
26	25	1.0
26	26	255.0
26	27	3.0
26	80	1.0
26	82	2.0
26	123	1.0
27	25	2.0
27	27	215.0
27	28	4.0
27	29	1.0
27	30	1.0
28	25	1.0
28	27	4.0
28	28	273.0
28	29	3.0
28	119	1.0
29	25	2.0
29	27	3.0
29	28	4.0
29	29	262.0
29	30	2.0
29	121	1.0
30	29	1.0
30	30	275.0
30	31	1.0
30	34	2.0
30	35	1.0
30	37	1.0
31	16	1.0
31	30	5.0
31	31	215.0
31	68	1.0
32	30	2.0
32	31	2.0
32	32	206.0
32	33	1.0
32	38	1.0
32	119	1.0
32	132	1.0
33	27	1.0
33	32	2.0
33	33	249.0
33	34	3.0
33	36	1.0
33	37	1.0
34	32	1.0
34	33	1.0
34	34	263.0
34	36	6.0
34	46	1.0
35	33	1.0
35	34	7.0
35	35	257.0
35	36	4.0
35	109	1.0
35	119	2.0
35	122	1.0
36	30	2.0
36	32	2.0
36	34	1.0
36	35	4.0
36	36	249.0
36	37	1.0
36	145	2.0
37	30	1.0
37	34	2.0
37	37	240.0
37	38	2.0
37	39	2.0
38	31	2.0
38	37	2.0
38	38	220.0
38	39	3.0
38	147	1.0
39	37	1.0
39	38	1.0
39	39	196.0
39	40	2.0
39	45	1.0
39	104	1.0
39	121	1.0
40	38	3.0
40	39	2.0
40	40	157.0
40	41	2.0
40	44	3.0
40	45	1.0
40	77	1.0
41	41	150.0
41	42	1.0
41	43	3.0
41	44	1.0
41	77	1.0
41	82	1.0
41	83	3.0
42	41	1.0
42	42	145.0
42	43	1.0
42	76	2.0
43	40	3.0
43	41	1.0
43	42	3.0
43	43	213.0
43	44	3.0
43	148	1.0
44	25	1.0
44	41	2.0
44	43	2.0
44	44	291.0
44	45	1.0
44	46	1.0
45	29	1.0
45	35	1.0
45	40	1.0
45	44	1.0
45	45	286.0
45	46	2.0
46	16	1.0
46	45	4.0
46	46	243.0
46	47	1.0
46	122	1.0
47	47	300.0
47	48	3.0
47	54	2.0
47	55	1.0
47	57	1.0
47	103	1.0
48	48	247.0
48	51	1.0
48	57	1.0
49	49	210.0
49	50	2.0
49	51	3.0
49	57	1.0
49	64	1.0
50	47	1.0
50	48	1.0
50	50	263.0
50	51	1.0
50	53	1.0
50	56	1.0
50	57	1.0
51	48	1.0
51	49	1.0
51	50	1.0
51	51	203.0
52	48	1.0
52	51	1.0
52	52	86.0
52	57	1.0
53	48	1.0
53	51	1.0
53	53	286.0
53	54	1.0
53	113	1.0
54	47	5.0
54	53	1.0
54	54	235.0
54	55	1.0
54	56	1.0
54	66	1.0
54	67	1.0
55	47	1.0
55	48	1.0
55	50	1.0
55	55	237.0
55	56	3.0
55	57	1.0
55	63	1.0
55	72	1.0
56	25	1.0
56	52	1.0
56	55	3.0
56	56	232.0
56	57	5.0
56	63	4.0
56	65	1.0
57	53	1.0
57	54	1.0
57	57	264.0
57	62	3.0
57	63	2.0
57	65	1.0
57	66	1.0
57	101	1.0
58	49	2.0
58	58	161.0
58	61	1.0
58	64	1.0
58	65	1.0
61	55	1.0
61	58	1.0
61	61	87.0
62	47	1.0
62	56	1.0
62	57	1.0
62	62	223.0
62	63	3.0
62	64	1.0
62	67	3.0
63	47	1.0
63	56	1.0
63	57	3.0
63	61	1.0
63	63	248.0
63	65	2.0
63	66	1.0
63	67	1.0
63	74	1.0
63	75	1.0
63	125	1.0
64	22	1.0
64	49	2.0
64	56	1.0
64	61	2.0
64	64	254.0
64	65	6.0
64	66	1.0
64	67	2.0
64	72	1.0
64	95	1.0
64	141	1.0
64	142	1.0
65	20	1.0
65	21	1.0
65	58	1.0
65	62	1.0
65	63	1.0
65	64	5.0
65	65	256.0
65	66	3.0
65	72	2.0
65	73	2.0
65	77	1.0
65	80	1.0
66	22	3.0
66	23	1.0
66	63	1.0
66	66	248.0
66	67	2.0
66	79	1.0
67	54	1.0
67	62	1.0
67	63	2.0
67	65	1.0
67	67	215.0
67	73	4.0
67	77	1.0
67	80	1.0
68	68	267.0
68	69	3.0
68	70	2.0
68	75	1.0
68	77	1.0
68	78	1.0
68	79	1.0
69	4	1.0
69	68	3.0
69	69	250.0
69	70	5.0
70	36	1.0
70	69	5.0
70	70	216.0
70	71	1.0
70	73	1.0
71	65	1.0
71	70	4.0
71	71	272.0
71	73	4.0
71	78	1.0
72	15	1.0
72	56	2.0
72	57	1.0
72	65	2.0
72	66	1.0
72	69	2.0
72	72	198.0
73	53	1.0
73	65	1.0
73	67	2.0
73	71	2.0
73	73	260.0
73	99	1.0
74	41	1.0
74	72	1.0
74	74	296.0
74	75	3.0
74	76	1.0
74	78	1.0
74	80	1.0
74	82	1.0
75	25	1.0
75	67	1.0
75	73	1.0
75	74	2.0
75	75	240.0
75	76	2.0
75	77	1.0
75	78	1.0
75	103	1.0
76	42	1.0
76	43	1.0
76	69	1.0
76	72	1.0
76	75	2.0
76	76	246.0
76	77	2.0
76	78	1.0
77	67	3.0
77	74	3.0
77	75	4.0
77	76	4.0
77	77	234.0
77	78	4.0
77	79	1.0
77	115	1.0
78	29	1.0
78	73	1.0
78	75	2.0
78	76	1.0
78	77	1.0
78	78	242.0
78	79	1.0
78	83	1.0
79	64	1.0
79	74	2.0
79	75	2.0
79	77	3.0
79	79	225.0
79	84	1.0
79	114	1.0
80	24	1.0
80	63	1.0
80	66	1.0
80	80	249.0
80	81	2.0
80	82	1.0
80	101	2.0
81	79	2.0
81	80	1.0
81	81	265.0
81	82	2.0
81	83	2.0
81	84	2.0
81	104	1.0
82	26	1.0
82	28	1.0
82	41	1.0
82	81	1.0
82	82	253.0
82	83	2.0
82	84	1.0
82	88	1.0
83	26	1.0
83	81	1.0
83	82	2.0
83	83	273.0
83	84	1.0
83	101	1.0
83	102	1.0
84	55	1.0
84	78	1.0
84	81	1.0
84	83	1.0
84	84	253.0
84	88	1.0
84	101	1.0
84	103	2.0
85	17	1.0
85	18	2.0
85	84	1.0
85	85	247.0
85	86	3.0
85	87	2.0
85	88	1.0
85	101	1.0
85	126	1.0
86	10	1.0
86	85	2.0
86	86	244.0
86	90	1.0
86	94	1.0
86	97	3.0
86	128	1.0
87	87	241.0
87	88	3.0
87	89	1.0
87	90	2.0
88	50	1.0
88	78	1.0
88	88	156.0
88	89	1.0
88	90	1.0
88	94	1.0
88	95	1.0
89	85	3.0
89	89	105.0
89	90	1.0
90	85	2.0
90	87	1.0
90	89	3.0
90	90	152.0
90	91	1.0
90	92	1.0
90	93	2.0
91	16	1.0
91	88	2.0
91	91	109.0
91	93	1.0
91	94	1.0
92	35	1.0
92	88	2.0
92	89	1.0
92	90	3.0
92	92	211.0
92	93	1.0
92	146	1.0
93	46	1.0
93	88	1.0
93	90	1.0
93	91	2.0
93	92	3.0
93	93	268.0
93	98	1.0
93	133	1.0
94	65	1.0
94	83	1.0
94	86	1.0
94	94	237.0
94	95	4.0
94	98	2.0
94	99	7.0
95	16	1.0
95	17	3.0
95	86	1.0
95	94	1.0
95	95	249.0
95	99	1.0
96	95	2.0
96	96	254.0
96	99	3.0
96	149	1.0
97	17	1.0
97	85	1.0
97	86	1.0
97	95	2.0
97	96	4.0
97	97	249.0
97	98	1.0
97	99	2.0
97	100	1.0
97	118	1.0
97	126	1.0
98	88	1.0
98	94	3.0
98	96	2.0
98	97	2.0
98	98	272.0
98	99	5.0
99	15	1.0
99	45	1.0
99	94	1.0
99	95	1.0
99	96	2.0
99	99	254.0
99	102	1.0
100	34	1.0
100	37	1.0
100	96	2.0
100	97	1.0
100	99	1.0
100	100	255.0
100	101	2.0
101	24	1.0
101	25	1.0
101	84	2.0
101	87	1.0
101	100	1.0
101	101	174.0
101	102	2.0
101	104	1.0
101	128	1.0
102	20	1.0
102	49	1.0
102	83	1.0
102	102	267.0
102	103	2.0
102	104	1.0
102	105	1.0
102	124	1.0
102	125	3.0
102	127	1.0
103	25	1.0
103	78	1.0
103	81	2.0
103	103	279.0
103	104	2.0
103	105	2.0
103	127	2.0
104	25	2.0
104	94	1.0
104	104	232.0
105	26	1.0
105	68	1.0
105	103	2.0
105	104	1.0
105	105	221.0
105	106	1.0
105	110	1.0
105	127	1.0
106	35	1.0
106	105	2.0
106	106	180.0
106	107	3.0
106	122	1.0
106	146	1.0
106	152	1.0
107	107	234.0
107	108	4.0
107	146	1.0
108	107	7.0
108	108	270.0
108	149	1.0
109	35	1.0
109	104	1.0
109	108	3.0
109	109	297.0
109	110	1.0
109	112	1.0
109	118	1.0
110	103	2.0
110	107	1.0
110	110	293.0
110	111	3.0
110	112	1.0
110	114	1.0
111	109	1.0
111	111	240.0
111	113	2.0
111	116	1.0
111	117	2.0
112	112	123.0
112	113	6.0
113	110	1.0
113	111	2.0
113	113	136.0
113	114	2.0
114	110	1.0
114	111	1.0
114	112	1.0
114	113	1.0
114	114	145.0
114	117	2.0
114	127	1.0
115	114	1.0
115	115	190.0
115	116	2.0
115	117	2.0
115	151	1.0
116	111	1.0
116	112	1.0
116	115	3.0
116	116	248.0
116	117	3.0
116	151	1.0
117	41	1.0
117	112	3.0
117	115	3.0
117	117	227.0
118	79	1.0
118	109	3.0
118	112	2.0
118	118	143.0
119	35	2.0
119	119	131.0
119	148	1.0
120	106	1.0
120	120	108.0
120	122	2.0
120	145	3.0
121	29	1.0
121	34	1.0
121	35	1.0
121	120	1.0
121	121	112.0
121	122	3.0
121	145	4.0
121	146	1.0
122	103	1.0
122	120	3.0
122	122	164.0
122	143	2.0
122	144	1.0
122	145	2.0
122	152	1.0
123	102	1.0
123	122	1.0
123	123	130.0
123	124	4.0
124	25	1.0
124	101	1.0
124	123	5.0
124	124	117.0
124	126	3.0
124	128	1.0
125	64	1.0
125	79	1.0
125	84	1.0
125	101	2.0
125	104	1.0
125	123	1.0
125	125	109.0
125	127	3.0
125	128	3.0
126	56	1.0
126	102	1.0
126	124	2.0
126	125	1.0
126	126	147.0
126	127	3.0
126	128	2.0
127	79	1.0
127	124	1.0
127	126	3.0
127	127	177.0
127	128	2.0
128	125	1.0
128	127	3.0
128	128	130.0
129	72	1.0
129	128	5.0
129	129	163.0
129	130	3.0
130	39	1.0
130	128	2.0
130	130	139.0
130	132	1.0
130	139	2.0
131	130	3.0
131	131	122.0
131	133	1.0
132	73	1.0
132	131	2.0
132	132	128.0
132	133	2.0
133	131	1.0
133	132	1.0
133	133	134.0
133	134	1.0
134	134	102.0
134	135	9.0
135	134	2.0
135	135	157.0
136	83	1.0
136	136	151.0
137	137	113.0
137	138	2.0
137	139	1.0
138	96	1.0
138	136	1.0
138	138	183.0
138	139	1.0
139	137	1.0
139	138	2.0
139	139	138.0
140	121	1.0
140	140	161.0
140	141	2.0
140	142	1.0
140	143	2.0
140	147	1.0
141	140	2.0
141	141	230.0
141	142	4.0
141	143	1.0
141	144	1.0
141	150	1.0
141	151	1.0
142	120	2.0
142	138	1.0
142	140	2.0
142	142	263.0
142	144	2.0
142	147	1.0
143	78	1.0
143	140	1.0
143	141	1.0
143	142	2.0
143	143	148.0
143	144	3.0
143	146	1.0
144	89	1.0
144	142	1.0
144	143	3.0
144	144	246.0
144	145	2.0
144	150	2.0
144	151	3.0
145	120	1.0
145	121	1.0
145	145	257.0
145	146	3.0
145	151	1.0
146	48	1.0
146	106	1.0
146	122	1.0
146	145	3.0
146	146	233.0
147	78	1.0
147	107	1.0
147	119	1.0
147	127	1.0
147	143	1.0
147	147	255.0
147	148	5.0
147	149	1.0
148	107	1.0
148	119	1.0
148	142	1.0
148	147	5.0
148	148	184.0
149	127	1.0
149	147	2.0
149	148	2.0
149	149	192.0
149	153	1.0
150	89	1.0
150	111	1.0
150	114	1.0
150	141	2.0
150	143	1.0
150	144	1.0
150	149	1.0
150	150	236.0
150	151	2.0
150	154	2.0
151	141	1.0
151	144	1.0
151	150	4.0
151	151	213.0
151	154	1.0
152	150	1.0
152	151	2.0
152	152	123.0
152	153	1.0
152	154	2.0
153	150	1.0
153	153	110.0
154	27	1.0
154	39	1.0
154	152	2.0
154	153	1.0
154	154	119.0
