1	1	606.0
1	2	15.0
1	3	1.0
1	15	1.0
1	16	2.0
1	17	7.0
1	18	1.0
1	28	3.0
1	30	1.0
1	69	1.0
1	72	2.0
1	80	2.0
1	82	4.0
1	84	3.0
1	85	4.0
1	86	11.0
1	87	1.0
2	2	567.0
2	3	7.0
2	13	1.0
2	15	1.0
2	16	1.0
2	19	11.0
2	21	4.0
2	22	1.0
2	29	1.0
2	32	1.0
2	56	1.0
2	75	1.0
2	82	1.0
2	85	10.0
2	86	31.0
3	3	530.0
3	4	26.0
3	5	1.0
3	6	1.0
3	14	1.0
3	19	10.0
3	20	12.0
3	21	2.0
3	48	1.0
3	70	1.0
3	76	1.0
3	85	5.0
3	86	4.0
3	87	3.0
4	4	582.0
4	5	41.0
4	6	4.0
4	22	1.0
4	53	1.0
4	66	1.0
4	84	1.0
4	85	1.0
4	86	2.0
4	87	2.0
5	5	491.0
5	6	36.0
5	9	1.0
5	10	3.0
5	23	1.0
5	47	1.0
5	48	1.0
5	87	1.0
6	6	559.0
6	7	36.0
6	8	9.0
6	9	4.0
6	11	1.0
6	21	1.0
6	22	3.0
6	23	3.0
6	27	1.0
6	48	1.0
6	49	1.0
6	57	1.0
7	7	478.0
7	8	77.0
7	13	1.0
7	21	2.0
7	22	6.0
7	23	3.0
7	33	1.0
7	64	1.0
8	8	462.0
8	9	23.0
8	10	15.0
8	12	1.0
8	13	1.0
8	17	1.0
8	21	6.0
8	22	5.0
9	9	521.0
9	10	68.0
9	11	10.0
9	12	23.0
9	13	2.0
9	14	1.0
9	54	3.0
9	75	1.0
9	89	1.0
10	10	533.0
10	11	23.0
10	12	5.0
10	13	2.0
10	74	1.0
10	83	1.0
10	86	1.0
11	11	516.0
11	12	33.0
11	13	3.0
11	14	1.0
11	23	1.0
11	54	1.0
11	71	2.0
11	72	1.0
11	73	2.0
12	12	526.0
12	13	57.0
12	14	1.0
12	15	1.0
12	19	1.0
12	25	1.0
12	26	1.0
12	46	1.0
12	52	1.0
12	53	1.0
12	82	2.0
13	13	549.0
13	14	3.0
13	15	1.0
13	18	1.0
13	28	1.0
13	48	1.0
13	57	1.0
13	59	1.0
13	71	1.0
13	72	1.0
14	14	460.0
14	15	3.0
14	16	2.0
14	17	7.0
14	19	1.0
14	20	1.0
14	57	1.0
14	70	16.0
14	71	14.0
14	73	2.0
15	15	353.0
15	16	21.0
15	17	17.0
15	18	3.0
15	21	2.0
15	30	4.0
15	34	1.0
15	52	1.0
15	53	1.0
15	68	1.0
15	70	7.0
15	71	4.0
16	16	241.0
16	17	26.0
16	18	8.0
16	22	2.0
16	29	1.0
16	30	3.0
16	46	1.0
16	62	1.0
16	81	1.0
16	88	1.0
17	17	582.0
17	18	18.0
17	21	1.0
17	22	1.0
17	23	2.0
17	28	1.0
17	29	8.0
17	30	3.0
17	31	1.0
17	46	1.0
17	51	1.0
17	68	1.0
17	69	1.0
17	72	1.0
17	88	1.0
18	18	235.0
18	28	1.0
18	29	3.0
18	30	7.0
18	31	1.0
18	56	1.0
18	69	5.0
18	73	1.0
18	88	1.0
19	19	537.0
19	20	30.0
19	21	7.0
19	22	1.0
19	23	1.0
19	28	1.0
19	30	9.0
19	31	15.0
19	32	3.0
19	34	2.0
19	53	1.0
19	68	4.0
19	75	1.0
19	76	3.0
19	77	1.0
19	79	2.0
19	80	3.0
19	81	6.0
19	83	1.0
19	87	1.0
20	20	488.0
20	21	12.0
20	22	5.0
20	30	6.0
20	31	2.0
20	32	4.0
20	46	2.0
20	49	1.0
20	51	1.0
20	52	1.0
20	68	2.0
20	69	4.0
20	76	5.0
20	77	2.0
20	80	3.0
20	81	1.0
20	90	1.0
21	21	312.0
21	22	28.0
21	29	2.0
21	30	1.0
21	76	4.0
21	87	1.0
21	90	2.0
22	22	461.0
22	23	25.0
22	24	12.0
22	29	1.0
22	30	6.0
22	49	1.0
22	58	3.0
22	68	3.0
22	70	1.0
22	72	1.0
22	87	1.0
22	90	1.0
23	23	528.0
23	24	23.0
23	25	1.0
23	27	2.0
23	30	1.0
23	31	1.0
23	75	1.0
23	77	1.0
23	82	1.0
23	86	1.0
24	24	550.0
24	25	28.0
24	26	2.0
24	27	3.0
24	30	4.0
24	31	1.0
24	51	1.0
24	88	1.0
25	25	593.0
25	26	43.0
25	27	12.0
25	28	1.0
25	56	1.0
25	57	1.0
25	58	1.0
25	61	1.0
25	68	1.0
26	26	575.0
26	27	53.0
26	28	1.0
26	34	1.0
26	89	1.0
27	27	597.0
27	28	24.0
27	46	1.0
27	55	1.0
27	70	1.0
28	28	359.0
28	29	11.0
28	30	4.0
28	55	1.0
28	62	1.0
28	79	1.0
29	29	291.0
29	30	26.0
29	50	3.0
29	55	1.0
29	79	2.0
29	81	1.0
29	88	6.0
29	89	1.0
30	30	496.0
30	31	13.0
30	32	1.0
30	34	1.0
30	46	3.0
30	50	1.0
30	52	2.0
30	56	1.0
30	63	1.0
30	68	1.0
30	69	16.0
30	76	1.0
30	80	3.0
30	90	3.0
31	31	488.0
31	32	7.0
31	33	11.0
31	57	1.0
31	69	2.0
31	73	2.0
31	79	16.0
31	80	3.0
31	81	7.0
31	84	1.0
31	89	1.0
32	32	336.0
32	33	12.0
32	34	6.0
32	35	2.0
32	46	12.0
32	73	1.0
32	77	1.0
32	79	3.0
32	80	5.0
33	33	362.0
33	34	15.0
33	35	4.0
33	46	52.0
33	53	1.0
33	55	1.0
33	76	2.0
33	77	2.0
33	79	1.0
33	80	1.0
33	81	2.0
33	83	3.0
33	84	1.0
33	87	1.0
34	34	558.0
34	35	5.0
34	46	41.0
34	47	1.0
34	60	2.0
34	61	2.0
34	63	1.0
34	67	1.0
34	73	1.0
34	75	1.0
34	76	1.0
34	77	3.0
34	78	12.0
34	79	3.0
34	80	4.0
34	82	7.0
34	83	12.0
34	84	1.0
35	35	158.0
35	79	2.0
35	82	1.0
35	83	3.0
35	88	1.0
46	46	850.0
46	47	15.0
46	51	1.0
46	58	1.0
46	66	1.0
46	71	2.0
46	74	1.0
46	75	14.0
46	77	14.0
46	78	1.0
46	79	10.0
46	80	6.0
46	81	5.0
46	82	3.0
46	84	6.0
47	47	547.0
47	48	27.0
47	49	10.0
47	64	1.0
47	66	1.0
47	67	2.0
47	69	1.0
47	71	3.0
47	72	2.0
47	74	1.0
47	75	3.0
47	77	2.0
47	78	3.0
48	48	477.0
48	49	38.0
48	50	22.0
48	53	1.0
48	58	1.0
48	71	1.0
48	72	2.0
48	73	1.0
48	74	3.0
48	77	2.0
48	82	1.0
49	49	542.0
49	50	19.0
49	80	1.0
49	88	1.0
49	90	1.0
50	50	545.0
50	51	46.0
50	52	8.0
50	53	12.0
50	54	2.0
50	55	8.0
50	56	5.0
50	57	2.0
50	58	1.0
50	71	4.0
50	75	1.0
50	85	2.0
51	51	501.0
51	52	29.0
51	53	17.0
51	54	4.0
51	55	8.0
51	56	12.0
51	57	15.0
51	58	14.0
51	71	1.0
51	80	1.0
52	52	472.0
52	53	23.0
52	54	1.0
52	55	12.0
52	56	5.0
52	57	3.0
52	58	22.0
52	72	3.0
52	78	1.0
52	86	1.0
52	89	1.0
53	53	496.0
53	54	29.0
53	55	17.0
53	56	18.0
53	57	5.0
53	58	8.0
53	64	1.0
53	69	2.0
53	88	3.0
54	54	492.0
54	55	40.0
54	56	19.0
54	57	6.0
54	69	1.0
55	55	490.0
55	56	39.0
55	57	10.0
55	69	2.0
56	56	510.0
56	57	32.0
56	68	2.0
56	88	1.0
57	57	564.0
57	58	23.0
57	61	1.0
57	67	2.0
57	68	5.0
57	69	2.0
57	70	1.0
57	72	2.0
57	85	1.0
57	89	1.0
58	58	469.0
58	59	21.0
58	60	4.0
58	61	11.0
58	62	10.0
58	63	2.0
58	66	4.0
58	67	2.0
58	69	2.0
58	70	2.0
58	76	1.0
58	77	1.0
58	78	1.0
58	81	4.0
58	82	3.0
58	84	13.0
58	85	1.0
59	59	447.0
59	60	58.0
59	61	18.0
59	62	20.0
59	63	10.0
59	64	3.0
59	65	1.0
59	66	6.0
59	77	6.0
59	78	15.0
59	79	15.0
59	80	9.0
59	81	2.0
59	82	1.0
59	84	2.0
59	85	1.0
59	86	1.0
60	60	454.0
60	61	38.0
60	62	17.0
60	63	11.0
60	64	4.0
60	65	2.0
60	66	1.0
60	78	1.0
60	79	8.0
60	80	21.0
60	83	1.0
61	61	454.0
61	62	26.0
61	63	12.0
61	64	5.0
61	65	6.0
61	66	7.0
61	67	4.0
61	77	4.0
61	78	2.0
61	79	15.0
61	80	9.0
61	83	1.0
62	62	471.0
62	63	30.0
62	64	4.0
62	65	20.0
62	66	7.0
62	77	2.0
62	78	1.0
62	79	2.0
62	80	3.0
62	81	3.0
62	82	12.0
62	83	6.0
62	84	10.0
63	63	409.0
63	64	32.0
63	65	9.0
63	66	17.0
63	78	3.0
63	80	10.0
63	81	6.0
63	83	8.0
64	64	468.0
64	65	46.0
64	66	28.0
64	82	2.0
64	83	12.0
65	65	540.0
65	66	46.0
65	72	1.0
65	79	1.0
65	82	17.0
65	83	5.0
65	84	4.0
66	66	513.0
66	67	18.0
66	75	3.0
66	77	1.0
66	80	3.0
66	81	9.0
66	82	2.0
66	83	4.0
66	84	4.0
66	85	1.0
66	86	2.0
67	67	596.0
67	68	11.0
67	69	1.0
67	71	1.0
67	75	16.0
67	81	1.0
67	86	1.0
68	68	602.0
68	69	52.0
68	80	1.0
68	81	5.0
68	83	1.0
69	69	468.0
69	70	18.0
69	72	1.0
69	74	1.0
69	76	1.0
69	78	1.0
69	81	1.0
69	84	3.0
69	85	1.0
69	86	1.0
69	90	6.0
70	70	425.0
70	71	14.0
70	73	2.0
70	74	12.0
70	82	3.0
70	84	1.0
70	85	2.0
70	86	8.0
70	87	24.0
70	88	3.0
70	89	2.0
71	71	424.0
71	72	10.0
71	73	10.0
71	74	2.0
71	76	1.0
72	72	478.0
72	73	65.0
72	74	39.0
72	75	10.0
72	79	2.0
72	81	1.0
73	73	587.0
73	74	39.0
74	74	479.0
74	75	28.0
74	77	2.0
74	78	2.0
74	85	1.0
75	75	526.0
75	76	25.0
75	77	2.0
75	78	7.0
75	79	2.0
75	81	4.0
75	82	1.0
75	83	1.0
75	84	3.0
76	76	488.0
76	77	34.0
76	78	6.0
76	79	15.0
76	81	3.0
77	77	475.0
77	78	20.0
77	79	27.0
77	80	8.0
77	81	7.0
78	78	521.0
78	79	31.0
78	80	28.0
78	81	5.0
78	82	3.0
78	83	14.0
78	84	3.0
79	79	518.0
79	80	21.0
79	81	1.0
79	83	1.0
80	80	505.0
80	81	23.0
80	82	6.0
80	83	8.0
80	84	4.0
81	81	511.0
81	82	14.0
81	83	12.0
81	84	32.0
81	85	2.0
82	82	490.0
82	83	45.0
82	84	29.0
82	85	1.0
82	89	1.0
83	83	464.0
83	84	22.0
83	85	1.0
83	89	1.0
84	84	570.0
84	85	12.0
84	86	1.0
85	85	606.0
85	86	30.0
85	87	15.0
85	89	2.0
86	86	516.0
86	87	30.0
86	88	13.0
86	89	2.0
87	87	611.0
87	88	26.0
87	89	9.0
87	90	5.0
88	88	570.0
88	89	31.0
88	90	2.0
89	89	639.0
89	90	3.0
90	90	93.0
91	1	35.0
91	16	3.0
91	17	11.0
91	18	2.0
91	25	1.0
91	30	3.0
91	46	3.0
91	56	1.0
91	61	1.0
91	64	2.0
91	69	1.0
91	70	2.0
91	71	1.0
91	75	2.0
91	80	2.0
91	82	3.0
91	83	3.0
91	84	6.0
91	85	7.0
91	89	5.0
91	91	582.0
