1	1	432.0
1	2	2.0
1	6	1.0
1	63	1.0
1	71	2.0
1	72	3.0
1	181	7.0
2	1	4.0
2	2	383.0
2	3	6.0
2	4	5.0
2	5	1.0
2	6	4.0
2	7	1.0
2	40	1.0
2	51	2.0
2	61	1.0
2	63	1.0
2	70	1.0
2	71	1.0
2	76	1.0
3	2	3.0
3	3	384.0
3	4	2.0
3	5	3.0
3	6	1.0
3	34	2.0
3	41	1.0
3	63	2.0
3	72	2.0
4	1	1.0
4	2	7.0
4	3	2.0
4	4	380.0
4	5	4.0
4	6	1.0
4	27	1.0
4	41	1.0
4	43	2.0
4	54	1.0
4	62	2.0
4	63	4.0
4	64	1.0
4	76	2.0
4	85	1.0
4	90	1.0
5	1	1.0
5	3	3.0
5	4	1.0
5	5	396.0
5	6	6.0
5	43	2.0
5	54	1.0
5	63	2.0
5	71	1.0
5	76	4.0
5	84	3.0
5	85	5.0
6	2	3.0
6	3	1.0
6	5	8.0
6	6	369.0
6	7	14.0
6	71	1.0
6	76	1.0
6	83	2.0
6	84	1.0
6	85	3.0
6	114	1.0
6	120	1.0
6	122	1.0
7	3	1.0
7	5	2.0
7	6	3.0
7	7	374.0
7	8	1.0
7	10	2.0
7	35	1.0
7	50	1.0
7	118	2.0
7	120	1.0
7	121	1.0
8	7	3.0
8	8	394.0
8	9	4.0
8	10	2.0
8	11	1.0
8	12	2.0
8	13	1.0
8	79	1.0
8	83	2.0
9	7	1.0
9	8	11.0
9	9	398.0
9	10	1.0
9	11	1.0
9	12	1.0
9	68	1.0
10	7	1.0
10	8	2.0
10	9	2.0
10	10	391.0
10	11	5.0
10	12	2.0
10	13	4.0
10	78	2.0
10	79	1.0
10	81	2.0
11	4	1.0
11	8	1.0
11	9	1.0
11	10	11.0
11	11	431.0
11	12	3.0
11	13	4.0
11	76	1.0
11	109	1.0
11	115	1.0
11	124	1.0
12	8	5.0
12	10	2.0
12	11	1.0
12	12	342.0
12	13	4.0
12	14	1.0
12	35	2.0
12	36	1.0
12	84	1.0
12	135	1.0
13	8	1.0
13	11	1.0
13	12	7.0
13	13	388.0
13	14	1.0
13	18	4.0
13	19	1.0
13	21	1.0
13	32	2.0
13	34	2.0
13	35	4.0
13	36	1.0
13	85	1.0
14	13	4.0
14	14	429.0
14	15	2.0
14	16	1.0
14	19	1.0
14	20	2.0
14	21	1.0
14	32	4.0
14	33	5.0
14	36	1.0
14	85	3.0
14	103	1.0
14	150	1.0
15	15	379.0
15	16	8.0
15	17	1.0
15	19	1.0
15	25	2.0
15	26	3.0
15	31	1.0
15	32	3.0
15	33	3.0
15	117	2.0
15	170	2.0
16	8	1.0
16	13	2.0
16	14	1.0
16	15	8.0
16	16	400.0
16	17	5.0
16	18	2.0
16	19	1.0
16	31	2.0
16	32	4.0
16	33	3.0
16	106	1.0
17	15	2.0
17	16	2.0
17	17	339.0
17	18	3.0
17	31	1.0
17	32	2.0
17	34	1.0
18	10	1.0
18	13	3.0
18	15	1.0
18	17	2.0
18	18	369.0
18	19	1.0
18	20	6.0
18	21	1.0
18	24	1.0
18	27	2.0
18	28	1.0
18	29	1.0
18	31	1.0
18	32	2.0
18	33	2.0
18	44	1.0
18	93	1.0
19	14	1.0
19	17	2.0
19	18	6.0
19	19	360.0
19	20	4.0
19	21	2.0
19	29	3.0
20	14	4.0
20	18	1.0
20	19	5.0
20	20	334.0
20	21	3.0
20	22	4.0
20	23	1.0
20	29	3.0
20	32	1.0
20	34	5.0
20	93	1.0
20	175	1.0
21	17	1.0
21	18	1.0
21	19	2.0
21	20	2.0
21	21	300.0
21	23	2.0
21	29	2.0
21	30	1.0
21	32	1.0
21	34	2.0
21	133	1.0
22	18	1.0
22	19	1.0
22	21	1.0
22	22	347.0
22	23	8.0
22	25	3.0
22	27	1.0
22	28	1.0
22	29	1.0
22	30	1.0
23	18	1.0
23	21	1.0
23	22	2.0
23	23	335.0
23	24	1.0
23	25	1.0
23	28	2.0
23	29	9.0
23	30	1.0
23	55	1.0
23	82	1.0
24	18	1.0
24	19	2.0
24	20	1.0
24	22	1.0
24	23	2.0
24	24	360.0
24	25	6.0
24	26	5.0
24	27	1.0
24	28	4.0
24	29	2.0
24	31	1.0
24	32	1.0
24	113	2.0
24	116	1.0
24	142	1.0
25	8	1.0
25	15	2.0
25	22	2.0
25	23	4.0
25	24	2.0
25	25	361.0
25	26	4.0
25	27	2.0
25	28	1.0
25	117	2.0
26	15	4.0
26	18	1.0
26	23	1.0
26	24	3.0
26	25	5.0
26	26	363.0
26	27	2.0
26	28	1.0
26	31	3.0
26	32	1.0
26	34	2.0
26	91	1.0
27	18	2.0
27	22	1.0
27	23	1.0
27	24	1.0
27	25	3.0
27	26	5.0
27	27	344.0
27	28	18.0
27	30	10.0
27	31	1.0
28	20	1.0
28	23	1.0
28	24	3.0
28	26	3.0
28	27	8.0
28	28	325.0
28	30	2.0
28	31	2.0
28	34	1.0
28	36	1.0
28	76	1.0
29	7	1.0
29	18	1.0
29	19	1.0
29	20	3.0
29	23	5.0
29	24	2.0
29	26	1.0
29	28	3.0
29	29	396.0
29	30	2.0
29	31	1.0
30	27	6.0
30	28	3.0
30	29	3.0
30	30	358.0
30	31	9.0
30	118	1.0
30	171	1.0
31	11	1.0
31	12	2.0
31	17	4.0
31	21	1.0
31	22	2.0
31	24	1.0
31	26	2.0
31	27	2.0
31	28	2.0
31	30	7.0
31	31	340.0
31	37	1.0
31	119	1.0
32	13	1.0
32	14	4.0
32	15	4.0
32	16	3.0
32	17	2.0
32	18	5.0
32	26	1.0
32	31	2.0
32	32	410.0
32	33	3.0
32	103	1.0
32	106	1.0
32	118	2.0
32	145	1.0
32	174	1.0
33	14	1.0
33	15	1.0
33	16	1.0
33	19	2.0
33	26	2.0
33	33	362.0
33	34	2.0
33	35	3.0
33	36	1.0
33	85	1.0
33	103	1.0
33	105	2.0
34	12	1.0
34	20	1.0
34	21	2.0
34	26	4.0
34	33	2.0
34	34	318.0
34	35	8.0
34	36	1.0
34	104	1.0
35	12	2.0
35	13	1.0
35	27	1.0
35	33	2.0
35	34	6.0
35	35	401.0
35	36	2.0
35	85	2.0
35	88	1.0
35	162	1.0
36	13	2.0
36	21	1.0
36	34	2.0
36	35	3.0
36	36	399.0
36	37	1.0
36	82	5.0
36	84	1.0
36	85	1.0
36	97	1.0
36	104	1.0
36	112	1.0
36	131	1.0
37	3	1.0
37	36	2.0
37	37	407.0
37	38	5.0
37	39	4.0
37	42	1.0
37	75	1.0
37	76	1.0
37	123	3.0
37	124	2.0
37	126	3.0
38	37	2.0
38	38	372.0
38	39	5.0
38	40	6.0
38	41	1.0
38	60	1.0
38	127	3.0
38	140	1.0
39	37	2.0
39	38	5.0
39	39	373.0
39	40	10.0
39	42	3.0
39	126	2.0
39	127	1.0
40	38	3.0
40	39	12.0
40	40	383.0
40	41	4.0
40	42	2.0
40	95	1.0
40	114	1.0
40	121	1.0
40	124	1.0
40	126	4.0
40	127	1.0
41	4	1.0
41	10	1.0
41	39	1.0
41	40	2.0
41	41	370.0
41	42	8.0
41	50	2.0
41	125	4.0
41	126	2.0
42	3	1.0
42	39	1.0
42	40	2.0
42	41	7.0
42	42	381.0
42	50	2.0
42	56	1.0
42	72	1.0
42	77	1.0
42	81	1.0
42	125	2.0
42	126	1.0
43	5	2.0
43	32	1.0
43	42	4.0
43	43	388.0
43	44	4.0
43	45	2.0
43	49	1.0
43	51	1.0
43	55	1.0
43	56	1.0
43	95	1.0
43	100	1.0
43	105	1.0
43	119	1.0
43	120	1.0
43	124	1.0
43	125	1.0
43	140	1.0
44	43	5.0
44	44	336.0
44	45	2.0
44	49	4.0
44	50	1.0
44	56	1.0
44	57	1.0
44	59	2.0
44	66	2.0
44	104	1.0
44	119	1.0
44	120	1.0
44	140	2.0
44	178	1.0
45	4	1.0
45	42	1.0
45	44	5.0
45	45	370.0
45	46	1.0
45	51	3.0
45	97	1.0
46	45	3.0
46	46	162.0
46	49	2.0
46	52	1.0
46	96	1.0
46	123	1.0
49	43	2.0
49	44	1.0
49	46	2.0
49	49	142.0
49	50	3.0
49	67	1.0
49	81	1.0
49	89	1.0
50	44	1.0
50	49	3.0
50	50	358.0
50	51	8.0
50	52	2.0
50	53	3.0
50	54	3.0
50	65	1.0
50	66	1.0
50	67	3.0
50	72	1.0
50	118	1.0
51	4	1.0
51	42	1.0
51	45	3.0
51	49	1.0
51	50	5.0
51	51	356.0
51	52	5.0
51	53	1.0
51	66	1.0
51	155	1.0
52	42	1.0
52	50	2.0
52	51	5.0
52	52	378.0
52	53	10.0
52	54	1.0
52	61	1.0
52	71	1.0
52	125	1.0
53	52	13.0
53	53	406.0
53	54	4.0
53	123	1.0
53	125	1.0
53	127	2.0
54	51	1.0
54	53	5.0
54	54	335.0
54	55	7.0
54	66	2.0
54	72	1.0
54	120	1.0
54	124	1.0
54	126	1.0
54	127	2.0
54	166	1.0
55	43	1.0
55	44	1.0
55	53	1.0
55	54	5.0
55	55	396.0
55	56	5.0
55	61	3.0
55	64	1.0
55	96	2.0
55	119	1.0
55	120	1.0
55	121	2.0
56	5	1.0
56	43	2.0
56	44	1.0
56	54	1.0
56	56	389.0
56	57	7.0
56	58	4.0
56	121	2.0
56	143	1.0
56	144	1.0
56	178	1.0
57	15	1.0
57	44	1.0
57	56	5.0
57	57	374.0
57	58	3.0
57	99	1.0
57	100	1.0
57	119	3.0
57	121	2.0
57	125	1.0
57	178	1.0
58	17	2.0
58	56	1.0
58	57	2.0
58	58	388.0
58	59	5.0
58	60	2.0
58	99	2.0
58	100	1.0
58	101	2.0
59	44	2.0
59	45	2.0
59	57	1.0
59	58	3.0
59	59	376.0
59	60	1.0
59	61	1.0
59	98	1.0
59	100	2.0
59	120	3.0
59	132	1.0
59	174	1.0
60	58	3.0
60	59	1.0
60	60	377.0
60	61	5.0
60	62	1.0
60	119	1.0
60	128	1.0
61	2	1.0
61	10	1.0
61	46	1.0
61	52	1.0
61	54	1.0
61	55	1.0
61	56	1.0
61	57	1.0
61	58	1.0
61	59	4.0
61	60	6.0
61	61	368.0
61	62	3.0
61	66	1.0
61	84	1.0
61	90	1.0
61	124	1.0
61	133	1.0
61	140	1.0
61	177	1.0
62	2	2.0
62	4	3.0
62	51	1.0
62	52	1.0
62	61	4.0
62	62	358.0
62	63	6.0
62	70	1.0
62	71	1.0
62	123	2.0
62	126	1.0
62	127	1.0
62	171	1.0
63	2	1.0
63	3	3.0
63	4	1.0
63	5	3.0
63	6	1.0
63	62	6.0
63	63	391.0
63	71	1.0
63	85	1.0
63	88	1.0
63	100	1.0
63	108	1.0
63	126	2.0
63	129	1.0
63	134	1.0
63	179	2.0
63	181	1.0
64	54	1.0
64	55	1.0
64	58	1.0
64	61	1.0
64	62	1.0
64	64	366.0
64	65	6.0
64	67	2.0
64	68	2.0
64	71	2.0
64	89	1.0
64	91	2.0
64	94	1.0
64	99	1.0
65	50	1.0
65	64	3.0
65	65	357.0
65	66	10.0
65	67	2.0
65	72	1.0
66	50	2.0
66	51	1.0
66	53	1.0
66	54	1.0
66	65	4.0
66	66	422.0
66	67	3.0
66	72	2.0
66	87	1.0
66	128	1.0
66	132	1.0
66	140	1.0
67	44	2.0
67	50	4.0
67	54	1.0
67	65	5.0
67	67	365.0
67	68	5.0
67	72	1.0
67	125	2.0
67	126	1.0
67	127	1.0
67	140	1.0
68	64	2.0
68	66	1.0
68	67	7.0
68	68	318.0
68	70	2.0
68	71	2.0
68	72	2.0
68	126	2.0
68	128	1.0
68	134	3.0
69	2	1.0
69	69	2.0
69	70	1.0
70	64	1.0
70	68	1.0
70	70	118.0
70	71	3.0
70	131	3.0
71	1	3.0
71	52	2.0
71	54	3.0
71	63	2.0
71	64	1.0
71	67	1.0
71	71	414.0
71	72	4.0
71	76	2.0
71	77	1.0
71	93	1.0
71	123	3.0
71	125	2.0
71	127	1.0
71	128	1.0
71	151	1.0
72	1	1.0
72	3	1.0
72	5	1.0
72	16	1.0
72	41	3.0
72	43	3.0
72	44	3.0
72	50	1.0
72	51	1.0
72	52	1.0
72	65	1.0
72	66	1.0
72	69	1.0
72	70	1.0
72	71	1.0
72	72	380.0
72	73	1.0
72	76	1.0
72	77	1.0
72	88	1.0
73	10	1.0
73	11	1.0
73	67	1.0
73	68	2.0
73	70	1.0
73	73	417.0
73	74	2.0
73	75	1.0
73	76	1.0
73	78	2.0
73	126	1.0
73	131	5.0
74	73	5.0
74	74	379.0
74	75	2.0
74	80	1.0
74	131	1.0
74	142	1.0
75	73	2.0
75	74	3.0
75	75	378.0
75	76	2.0
75	77	1.0
75	79	1.0
75	129	1.0
75	131	2.0
76	2	2.0
76	4	1.0
76	5	1.0
76	6	1.0
76	10	1.0
76	38	1.0
76	71	1.0
76	72	2.0
76	74	1.0
76	75	4.0
76	76	366.0
76	77	5.0
76	99	1.0
77	71	2.0
77	72	1.0
77	73	2.0
77	75	3.0
77	76	1.0
77	77	434.0
77	78	4.0
77	79	4.0
77	80	1.0
77	180	1.0
78	9	2.0
78	11	1.0
78	52	1.0
78	73	1.0
78	77	5.0
78	78	372.0
78	79	3.0
78	80	1.0
79	77	2.0
79	78	8.0
79	79	396.0
79	80	2.0
79	110	1.0
80	77	1.0
80	78	1.0
80	79	1.0
80	80	405.0
80	81	1.0
80	94	2.0
80	95	4.0
80	102	1.0
80	148	1.0
80	149	1.0
81	3	2.0
81	10	4.0
81	11	1.0
81	12	1.0
81	14	2.0
81	35	2.0
81	37	2.0
81	65	1.0
81	80	1.0
81	81	374.0
81	82	1.0
81	83	2.0
81	85	1.0
81	87	2.0
81	94	1.0
81	95	1.0
81	112	1.0
82	13	1.0
82	36	1.0
82	81	4.0
82	82	372.0
82	83	3.0
82	84	3.0
82	86	1.0
82	87	4.0
82	106	2.0
83	6	1.0
83	12	1.0
83	36	1.0
83	37	3.0
83	81	1.0
83	82	5.0
83	83	384.0
83	84	3.0
83	85	4.0
83	86	2.0
83	87	1.0
83	122	3.0
84	6	1.0
84	12	2.0
84	81	3.0
84	82	2.0
84	83	7.0
84	84	305.0
84	85	3.0
84	86	2.0
84	106	1.0
85	5	2.0
85	11	1.0
85	13	1.0
85	14	1.0
85	36	1.0
85	82	1.0
85	83	2.0
85	84	4.0
85	85	321.0
85	86	1.0
85	91	1.0
85	100	1.0
86	5	1.0
86	6	1.0
86	37	1.0
86	64	1.0
86	81	2.0
86	83	5.0
86	86	389.0
86	87	7.0
86	88	1.0
86	94	1.0
86	101	1.0
87	40	1.0
87	82	2.0
87	84	1.0
87	85	1.0
87	86	8.0
87	87	389.0
87	88	4.0
87	89	3.0
87	101	1.0
87	106	1.0
88	34	1.0
88	85	1.0
88	86	3.0
88	87	3.0
88	88	401.0
88	89	9.0
88	144	1.0
89	3	2.0
89	49	1.0
89	64	5.0
89	87	1.0
89	88	10.0
89	89	360.0
89	90	2.0
89	91	2.0
89	92	1.0
89	94	5.0
89	100	1.0
89	101	1.0
89	181	1.0
90	36	1.0
90	87	1.0
90	88	1.0
90	89	1.0
90	90	375.0
90	91	3.0
90	94	6.0
90	98	2.0
90	100	1.0
90	101	1.0
90	145	1.0
91	6	1.0
91	35	1.0
91	64	4.0
91	89	1.0
91	90	3.0
91	91	343.0
91	92	2.0
91	93	5.0
91	94	3.0
91	95	1.0
91	99	1.0
91	142	1.0
92	20	1.0
92	91	10.0
92	92	385.0
92	93	2.0
92	98	3.0
92	99	2.0
92	122	1.0
92	176	1.0
93	90	1.0
93	91	3.0
93	93	376.0
93	94	5.0
93	96	2.0
93	98	1.0
94	80	2.0
94	81	2.0
94	86	2.0
94	90	9.0
94	91	5.0
94	93	5.0
94	94	352.0
94	95	1.0
94	96	1.0
94	127	1.0
95	43	1.0
95	44	1.0
95	55	2.0
95	56	3.0
95	80	5.0
95	81	1.0
95	91	1.0
95	94	3.0
95	95	404.0
95	96	1.0
95	97	1.0
95	148	1.0
95	149	1.0
95	167	1.0
96	55	1.0
96	95	3.0
96	96	358.0
96	97	6.0
96	98	2.0
96	119	2.0
96	120	1.0
97	11	1.0
97	44	1.0
97	45	2.0
97	56	1.0
97	89	2.0
97	92	2.0
97	96	17.0
97	97	349.0
97	98	2.0
97	116	1.0
97	176	2.0
98	13	1.0
98	64	1.0
98	90	1.0
98	92	3.0
98	93	2.0
98	94	1.0
98	96	6.0
98	97	5.0
98	98	339.0
98	99	7.0
98	100	1.0
98	101	1.0
98	119	1.0
98	120	2.0
99	1	1.0
99	56	1.0
99	57	1.0
99	63	1.0
99	64	1.0
99	86	1.0
99	87	1.0
99	90	1.0
99	92	2.0
99	98	4.0
99	99	286.0
99	100	8.0
99	101	5.0
99	118	1.0
99	119	1.0
99	141	1.0
100	39	1.0
100	55	1.0
100	57	2.0
100	58	3.0
100	59	1.0
100	84	2.0
100	85	1.0
100	86	1.0
100	87	1.0
100	88	1.0
100	91	3.0
100	94	3.0
100	98	1.0
100	99	5.0
100	100	356.0
100	101	7.0
100	160	1.0
101	58	3.0
101	99	4.0
101	100	2.0
101	101	370.0
101	102	2.0
101	118	3.0
102	53	1.0
102	86	1.0
102	101	3.0
102	102	369.0
102	104	1.0
102	105	1.0
102	107	2.0
102	115	1.0
102	116	3.0
102	117	1.0
102	118	1.0
103	25	1.0
103	32	3.0
103	37	1.0
103	102	1.0
103	103	325.0
103	104	2.0
103	105	1.0
103	106	6.0
103	107	8.0
103	116	1.0
104	33	1.0
104	34	2.0
104	36	1.0
104	102	1.0
104	103	5.0
104	104	349.0
104	105	10.0
104	106	1.0
104	107	7.0
104	115	1.0
104	119	2.0
105	35	1.0
105	82	1.0
105	103	2.0
105	104	7.0
105	105	363.0
105	106	1.0
105	107	5.0
105	108	3.0
105	119	1.0
105	160	1.0
106	15	1.0
106	16	1.0
106	75	1.0
106	82	2.0
106	87	1.0
106	103	3.0
106	104	2.0
106	105	3.0
106	106	366.0
106	107	1.0
106	108	1.0
106	119	2.0
106	120	1.0
106	176	1.0
107	34	1.0
107	53	1.0
107	75	1.0
107	102	2.0
107	103	5.0
107	104	2.0
107	105	3.0
107	106	5.0
107	107	369.0
107	108	2.0
107	109	1.0
107	117	2.0
107	132	1.0
107	146	1.0
108	103	4.0
108	105	3.0
108	107	3.0
108	108	363.0
108	109	5.0
108	111	1.0
109	34	1.0
109	103	3.0
109	105	1.0
109	107	1.0
109	108	4.0
109	109	419.0
109	142	1.0
110	26	4.0
110	108	2.0
110	110	377.0
110	111	1.0
110	137	1.0
110	156	1.0
110	165	1.0
111	36	1.0
111	107	1.0
111	110	7.0
111	111	391.0
111	112	1.0
111	113	1.0
111	138	1.0
111	148	1.0
112	15	1.0
112	110	1.0
112	111	4.0
112	112	393.0
112	113	4.0
113	24	3.0
113	28	1.0
113	111	2.0
113	112	6.0
113	113	376.0
113	114	12.0
113	115	3.0
113	116	2.0
113	117	1.0
113	119	1.0
113	120	2.0
113	142	1.0
113	145	1.0
114	24	1.0
114	113	10.0
114	114	407.0
114	115	5.0
114	117	1.0
114	119	2.0
115	7	1.0
115	10	1.0
115	15	1.0
115	114	1.0
115	115	358.0
115	116	5.0
115	117	7.0
115	118	2.0
115	121	1.0
116	7	1.0
116	101	1.0
116	114	2.0
116	115	4.0
116	116	348.0
116	117	5.0
116	118	1.0
117	107	1.0
117	115	5.0
117	116	7.0
117	117	349.0
117	118	5.0
118	99	2.0
118	100	2.0
118	101	1.0
118	102	6.0
118	113	2.0
118	114	5.0
118	115	3.0
118	116	3.0
118	117	3.0
118	118	390.0
118	119	3.0
118	121	2.0
119	6	1.0
119	7	2.0
119	23	1.0
119	36	1.0
119	55	1.0
119	57	1.0
119	96	1.0
119	98	2.0
119	118	6.0
119	119	393.0
119	120	4.0
119	121	4.0
120	6	2.0
120	7	4.0
120	57	1.0
120	59	1.0
120	98	6.0
120	100	2.0
120	104	1.0
120	105	2.0
120	118	1.0
120	119	9.0
120	120	335.0
120	121	4.0
120	144	1.0
121	54	1.0
121	55	2.0
121	56	2.0
121	57	1.0
121	118	1.0
121	119	6.0
121	120	4.0
121	121	361.0
121	122	10.0
121	123	1.0
121	160	1.0
122	30	1.0
122	61	1.0
122	83	1.0
122	118	1.0
122	121	7.0
122	122	392.0
122	123	3.0
123	5	1.0
123	27	1.0
123	30	2.0
123	37	1.0
123	46	2.0
123	62	1.0
123	63	2.0
123	115	1.0
123	121	1.0
123	122	1.0
123	123	379.0
123	124	11.0
123	126	1.0
124	41	1.0
124	54	1.0
124	55	1.0
124	66	1.0
124	122	1.0
124	123	13.0
124	124	381.0
124	125	7.0
124	126	1.0
124	127	2.0
125	5	2.0
125	39	1.0
125	41	1.0
125	42	3.0
125	43	1.0
125	50	2.0
125	76	1.0
125	121	3.0
125	123	1.0
125	124	7.0
125	125	389.0
125	126	1.0
125	127	1.0
125	152	1.0
125	163	1.0
125	165	1.0
126	37	3.0
126	38	2.0
126	40	4.0
126	63	1.0
126	64	2.0
126	66	1.0
126	67	1.0
126	71	2.0
126	102	1.0
126	124	1.0
126	125	3.0
126	126	346.0
126	127	1.0
126	128	1.0
126	171	1.0
126	179	1.0
127	39	1.0
127	53	3.0
127	54	1.0
127	65	1.0
127	71	3.0
127	78	1.0
127	123	1.0
127	124	1.0
127	125	1.0
127	126	2.0
127	127	343.0
127	128	4.0
127	129	1.0
127	130	3.0
128	115	1.0
128	127	7.0
128	128	397.0
128	129	7.0
128	130	3.0
129	71	2.0
129	127	2.0
129	128	7.0
129	129	367.0
129	130	11.0
129	152	2.0
130	67	1.0
130	128	3.0
130	129	7.0
130	130	358.0
130	131	2.0
130	132	1.0
131	68	1.0
131	73	5.0
131	74	1.0
131	75	4.0
131	76	2.0
131	128	1.0
131	130	5.0
131	131	390.0
131	132	5.0
132	105	1.0
132	124	1.0
132	127	1.0
132	131	1.0
132	132	437.0
132	133	4.0
132	172	1.0
133	64	1.0
133	130	1.0
133	132	4.0
133	133	410.0
133	134	4.0
133	142	1.0
134	62	1.0
134	67	1.0
134	68	1.0
134	133	1.0
134	134	394.0
134	135	5.0
134	136	1.0
134	149	1.0
134	150	3.0
134	151	1.0
134	163	1.0
135	68	1.0
135	134	3.0
135	135	366.0
135	136	6.0
136	110	1.0
136	134	1.0
136	135	2.0
136	136	429.0
136	137	1.0
137	17	1.0
137	66	1.0
137	136	1.0
137	137	425.0
137	138	4.0
137	145	2.0
138	17	1.0
138	71	1.0
138	137	4.0
138	138	398.0
138	139	3.0
138	149	1.0
139	50	1.0
139	66	1.0
139	67	1.0
139	138	2.0
139	139	452.0
139	140	2.0
140	44	2.0
140	50	2.0
140	51	3.0
140	66	1.0
140	67	2.0
140	70	1.0
140	140	403.0
140	141	1.0
141	50	1.0
141	141	453.0
141	142	5.0
141	146	1.0
142	141	5.0
142	142	413.0
142	143	6.0
142	145	1.0
143	89	1.0
143	142	8.0
143	143	436.0
143	144	7.0
143	145	3.0
144	64	1.0
144	143	5.0
144	144	358.0
144	145	1.0
145	56	1.0
145	90	1.0
145	143	5.0
145	144	4.0
145	145	412.0
146	145	2.0
146	146	400.0
146	162	1.0
146	168	1.0
147	95	1.0
147	147	392.0
147	148	3.0
147	168	1.0
147	170	1.0
148	1	1.0
148	67	1.0
148	80	2.0
148	95	1.0
148	147	3.0
148	148	438.0
148	149	2.0
148	169	1.0
148	170	3.0
149	33	1.0
149	80	3.0
149	134	1.0
149	148	2.0
149	149	432.0
149	150	2.0
149	174	1.0
150	75	1.0
150	79	1.0
150	108	1.0
150	109	1.0
150	134	2.0
150	149	3.0
150	150	419.0
150	151	6.0
150	153	3.0
150	170	4.0
151	6	1.0
151	150	5.0
151	151	374.0
151	152	7.0
151	153	4.0
151	154	1.0
151	170	6.0
151	181	1.0
152	129	2.0
152	134	1.0
152	150	1.0
152	151	4.0
152	152	391.0
152	153	2.0
153	59	1.0
153	118	1.0
153	134	1.0
153	151	5.0
153	152	5.0
153	153	385.0
153	154	4.0
154	152	1.0
154	153	4.0
154	154	417.0
154	155	2.0
154	156	9.0
154	157	3.0
154	158	3.0
154	159	1.0
154	160	2.0
155	154	3.0
155	155	378.0
155	156	4.0
155	157	4.0
155	158	2.0
155	160	3.0
155	162	1.0
155	169	1.0
156	25	1.0
156	154	3.0
156	155	6.0
156	156	368.0
156	157	2.0
156	158	4.0
156	159	6.0
156	161	1.0
156	162	2.0
156	167	1.0
157	154	3.0
157	156	2.0
157	157	378.0
157	158	6.0
157	159	7.0
157	162	1.0
157	168	2.0
157	169	3.0
157	170	2.0
158	9	1.0
158	82	1.0
158	90	1.0
158	133	1.0
158	153	1.0
158	154	5.0
158	155	2.0
158	158	428.0
158	159	2.0
158	160	1.0
158	161	1.0
159	154	1.0
159	155	2.0
159	156	1.0
159	157	2.0
159	158	4.0
159	159	385.0
159	160	3.0
159	161	1.0
159	162	3.0
160	157	1.0
160	158	1.0
160	159	5.0
160	160	400.0
160	161	6.0
160	162	4.0
160	169	1.0
161	155	1.0
161	158	2.0
161	160	6.0
161	161	394.0
161	162	3.0
161	163	4.0
162	1	1.0
162	25	1.0
162	154	1.0
162	156	1.0
162	158	1.0
162	159	2.0
162	161	11.0
162	162	334.0
162	166	2.0
163	16	1.0
163	53	1.0
163	161	1.0
163	163	398.0
163	164	7.0
163	166	2.0
163	167	2.0
163	168	2.0
163	169	2.0
164	132	1.0
164	163	10.0
164	164	375.0
164	165	1.0
164	166	3.0
164	167	2.0
164	168	2.0
165	59	1.0
165	161	2.0
165	163	3.0
165	164	3.0
165	165	370.0
165	166	8.0
165	168	1.0
166	15	1.0
166	163	2.0
166	164	1.0
166	165	4.0
166	166	362.0
167	149	1.0
167	161	2.0
167	163	3.0
167	165	1.0
167	167	408.0
167	168	1.0
167	169	3.0
168	4	1.0
168	18	1.0
168	125	2.0
168	157	1.0
168	158	1.0
168	159	4.0
168	163	2.0
168	167	4.0
168	168	430.0
169	53	1.0
169	147	1.0
169	154	2.0
169	157	1.0
169	158	1.0
169	159	1.0
169	166	1.0
169	168	3.0
169	169	399.0
169	170	3.0
170	136	1.0
170	146	1.0
170	147	1.0
170	148	3.0
170	150	4.0
170	151	6.0
170	155	2.0
170	168	1.0
170	169	3.0
170	170	342.0
170	171	1.0
170	173	2.0
171	63	1.0
171	146	1.0
171	148	1.0
171	170	4.0
171	171	363.0
171	172	2.0
171	173	1.0
171	174	1.0
171	179	1.0
171	180	3.0
172	23	1.0
172	141	1.0
172	145	1.0
172	147	4.0
172	148	6.0
172	170	1.0
172	171	2.0
172	172	408.0
172	173	7.0
172	174	8.0
172	181	1.0
173	92	1.0
173	125	1.0
173	145	1.0
173	148	1.0
173	150	1.0
173	170	2.0
173	171	1.0
173	172	8.0
173	173	408.0
173	174	1.0
174	112	1.0
174	145	2.0
174	147	1.0
174	170	1.0
174	172	1.0
174	173	3.0
174	174	381.0
174	175	2.0
175	13	1.0
175	15	2.0
175	67	1.0
175	148	3.0
175	149	1.0
175	174	1.0
175	175	337.0
175	176	3.0
175	177	5.0
176	67	1.0
176	174	1.0
176	175	3.0
176	176	454.0
176	177	4.0
176	178	3.0
177	57	3.0
177	72	1.0
177	175	7.0
177	177	287.0
177	178	3.0
177	179	1.0
178	56	1.0
178	59	3.0
178	175	1.0
178	177	3.0
178	178	368.0
178	179	1.0
178	180	2.0
179	63	2.0
179	171	1.0
179	177	1.0
179	179	377.0
179	180	1.0
180	63	2.0
180	71	1.0
180	76	1.0
180	171	3.0
180	179	4.0
180	180	267.0
180	181	1.0
181	1	6.0
181	2	1.0
181	3	1.0
181	64	1.0
181	71	3.0
181	72	1.0
181	88	1.0
181	89	1.0
181	91	3.0
181	92	1.0
181	138	1.0
181	181	351.0
