1	1	599.0
1	2	72.0
1	3	9.0
1	4	10.0
1	9	1.0
1	30	1.0
1	41	1.0
1	46	2.0
1	57	2.0
1	62	1.0
1	76	1.0
1	77	1.0
1	88	1.0
1	95	1.0
1	105	1.0
1	118	1.0
1	147	5.0
1	148	17.0
1	169	8.0
1	170	9.0
2	2	609.0
2	3	35.0
2	4	11.0
2	11	1.0
2	21	1.0
2	37	1.0
2	41	2.0
2	54	1.0
2	65	1.0
2	81	1.0
2	90	1.0
2	127	1.0
2	128	1.0
2	139	1.0
2	144	1.0
2	147	3.0
2	148	7.0
2	150	1.0
2	156	1.0
2	162	1.0
2	166	1.0
2	168	1.0
2	169	2.0
2	170	1.0
3	3	675.0
3	4	8.0
3	22	1.0
3	40	1.0
3	47	1.0
3	80	1.0
3	89	1.0
3	93	1.0
3	95	1.0
3	106	1.0
3	118	1.0
3	140	1.0
3	146	1.0
3	147	3.0
3	168	2.0
3	169	1.0
3	170	3.0
4	4	585.0
4	5	41.0
4	6	2.0
4	12	4.0
4	13	11.0
4	14	3.0
4	15	8.0
4	16	3.0
4	18	3.0
4	19	9.0
4	20	3.0
4	21	8.0
4	23	1.0
4	41	1.0
4	43	1.0
4	46	1.0
4	70	1.0
4	93	1.0
4	105	1.0
4	107	1.0
4	123	1.0
4	132	1.0
4	137	1.0
4	148	1.0
4	168	2.0
4	169	2.0
5	5	647.0
5	6	25.0
5	7	5.0
5	8	2.0
5	13	1.0
5	14	2.0
5	15	1.0
5	16	5.0
5	18	1.0
5	19	8.0
5	20	9.0
5	21	20.0
5	22	10.0
5	23	7.0
5	29	1.0
5	34	1.0
5	52	1.0
5	53	1.0
5	62	1.0
5	63	1.0
5	73	1.0
5	100	1.0
5	114	1.0
5	156	1.0
5	165	1.0
5	167	1.0
6	6	576.0
6	7	35.0
6	8	4.0
6	9	3.0
6	10	2.0
6	11	4.0
6	12	5.0
6	15	4.0
6	16	16.0
6	17	31.0
6	18	6.0
6	19	4.0
6	20	4.0
6	24	1.0
6	26	1.0
6	34	2.0
6	39	1.0
6	58	1.0
6	64	1.0
6	77	1.0
6	99	2.0
6	106	1.0
6	116	1.0
6	138	3.0
6	139	3.0
6	141	1.0
6	142	2.0
6	143	1.0
6	144	1.0
6	169	1.0
7	7	669.0
7	8	30.0
7	9	2.0
7	10	5.0
7	11	1.0
7	12	3.0
7	24	9.0
7	25	1.0
7	30	1.0
7	46	1.0
7	51	1.0
7	53	2.0
7	72	1.0
7	73	3.0
7	77	1.0
7	81	1.0
7	101	1.0
7	106	1.0
7	115	1.0
7	134	2.0
7	137	3.0
7	138	1.0
7	139	5.0
7	142	13.0
7	146	1.0
7	166	1.0
8	8	526.0
8	9	46.0
8	10	38.0
8	11	4.0
8	15	1.0
8	20	1.0
8	24	5.0
8	25	1.0
8	26	3.0
8	30	1.0
8	43	1.0
8	111	1.0
8	115	1.0
8	116	2.0
8	117	2.0
8	137	26.0
8	138	8.0
8	139	1.0
8	142	1.0
8	148	1.0
9	9	524.0
9	10	60.0
9	11	1.0
9	25	1.0
9	47	1.0
9	48	2.0
9	69	1.0
9	76	1.0
9	99	1.0
9	111	1.0
9	115	7.0
9	116	8.0
9	117	3.0
9	118	7.0
9	120	7.0
9	121	3.0
9	123	2.0
9	137	9.0
9	138	26.0
9	139	4.0
9	141	1.0
9	142	1.0
9	143	4.0
9	163	1.0
9	167	1.0
10	10	545.0
10	11	6.0
10	25	3.0
10	44	1.0
10	52	1.0
10	56	1.0
10	84	1.0
10	95	1.0
10	102	1.0
10	114	3.0
10	118	1.0
10	120	2.0
10	137	17.0
10	138	26.0
10	139	5.0
10	143	1.0
10	144	1.0
10	148	1.0
11	11	609.0
11	12	47.0
11	13	7.0
11	14	1.0
11	17	2.0
11	19	2.0
11	23	1.0
11	25	1.0
11	37	1.0
11	57	2.0
11	77	1.0
11	80	1.0
11	111	1.0
11	118	2.0
11	120	11.0
11	121	1.0
11	137	4.0
11	139	9.0
11	140	5.0
11	141	12.0
11	142	8.0
11	145	1.0
12	12	539.0
12	13	40.0
12	14	2.0
12	15	17.0
12	16	6.0
12	17	2.0
12	18	1.0
12	19	2.0
12	20	1.0
12	21	2.0
12	24	1.0
12	42	1.0
12	51	1.0
12	68	1.0
12	73	1.0
12	97	1.0
12	117	1.0
12	120	4.0
12	138	1.0
12	139	23.0
12	141	3.0
12	142	4.0
13	13	663.0
13	14	13.0
13	15	15.0
13	16	8.0
13	17	1.0
13	18	1.0
13	19	4.0
13	20	5.0
13	21	2.0
13	32	1.0
13	34	1.0
13	38	1.0
13	69	1.0
13	98	1.0
13	102	1.0
13	108	2.0
13	117	1.0
13	120	1.0
13	139	1.0
14	14	581.0
14	15	75.0
14	16	6.0
14	17	2.0
14	33	1.0
14	36	1.0
14	116	1.0
14	123	1.0
14	134	1.0
14	136	3.0
14	140	1.0
15	15	566.0
15	16	48.0
15	17	11.0
15	18	1.0
15	19	5.0
15	23	2.0
15	24	3.0
15	33	2.0
15	34	1.0
15	74	1.0
15	83	1.0
15	115	1.0
15	116	1.0
15	134	1.0
15	142	1.0
15	158	1.0
16	16	623.0
16	17	61.0
16	18	17.0
16	19	2.0
16	22	1.0
16	24	18.0
16	27	1.0
16	28	1.0
16	30	1.0
16	38	1.0
16	39	2.0
16	42	6.0
16	66	1.0
16	121	1.0
16	122	1.0
16	142	1.0
16	146	1.0
17	17	526.0
17	18	43.0
17	19	11.0
17	20	8.0
17	21	5.0
17	22	5.0
17	23	15.0
17	24	6.0
17	25	2.0
17	26	1.0
17	27	3.0
17	28	2.0
17	42	2.0
17	54	1.0
17	66	1.0
17	89	1.0
17	92	1.0
17	93	1.0
17	95	1.0
17	99	1.0
17	109	1.0
17	120	3.0
17	124	1.0
17	134	1.0
17	137	1.0
17	149	1.0
18	18	592.0
18	19	37.0
18	20	14.0
18	21	14.0
18	22	17.0
18	23	14.0
18	24	18.0
18	26	1.0
18	27	3.0
18	28	7.0
18	41	4.0
18	42	2.0
18	111	1.0
18	120	1.0
18	121	1.0
18	137	1.0
18	144	1.0
18	146	1.0
18	147	1.0
18	155	1.0
18	159	1.0
18	161	2.0
18	163	2.0
19	19	509.0
19	20	22.0
19	21	18.0
19	22	27.0
19	23	7.0
19	24	26.0
19	25	18.0
19	26	8.0
19	27	5.0
19	28	3.0
19	56	1.0
19	96	1.0
19	120	2.0
19	121	1.0
19	141	1.0
20	20	505.0
20	21	44.0
20	22	14.0
20	23	26.0
20	24	26.0
20	32	2.0
20	35	1.0
20	43	1.0
20	44	1.0
20	64	1.0
20	65	1.0
20	83	1.0
20	84	1.0
20	111	1.0
20	119	4.0
20	120	1.0
20	124	1.0
20	125	4.0
20	145	1.0
20	165	1.0
20	167	1.0
21	21	573.0
21	22	52.0
21	23	21.0
21	24	7.0
21	25	5.0
21	47	1.0
21	57	1.0
21	75	1.0
21	108	1.0
21	120	1.0
21	121	1.0
21	123	1.0
21	124	1.0
21	125	1.0
21	134	1.0
21	158	1.0
21	168	1.0
22	22	510.0
22	23	48.0
22	24	7.0
22	25	9.0
22	47	1.0
22	54	1.0
22	75	1.0
22	86	1.0
22	93	1.0
22	105	1.0
22	119	1.0
22	120	3.0
22	126	1.0
22	127	1.0
22	129	4.0
22	168	1.0
22	169	1.0
23	23	505.0
23	24	17.0
23	26	1.0
23	62	2.0
23	92	2.0
23	121	1.0
23	130	1.0
23	142	1.0
23	165	1.0
23	168	1.0
24	24	566.0
24	25	28.0
24	26	9.0
24	27	3.0
24	28	3.0
24	29	3.0
24	35	1.0
24	39	1.0
24	41	7.0
24	42	6.0
24	43	1.0
24	72	1.0
24	86	1.0
24	119	2.0
24	120	2.0
24	125	1.0
24	142	7.0
24	143	4.0
24	161	1.0
25	25	589.0
25	26	8.0
25	27	1.0
25	28	4.0
25	29	1.0
25	43	1.0
25	49	1.0
25	52	6.0
25	53	17.0
25	62	1.0
25	105	1.0
25	116	5.0
25	117	1.0
25	127	1.0
25	138	1.0
25	142	6.0
25	143	17.0
25	144	5.0
25	145	6.0
25	156	3.0
25	159	1.0
25	163	1.0
26	26	481.0
26	27	50.0
26	28	21.0
26	29	6.0
26	30	2.0
26	40	1.0
26	57	1.0
26	58	1.0
26	87	4.0
26	90	1.0
26	111	1.0
26	112	1.0
26	116	1.0
26	138	1.0
26	142	13.0
26	143	19.0
26	152	1.0
27	27	650.0
27	28	49.0
27	29	4.0
27	30	2.0
27	31	1.0
27	64	1.0
27	68	1.0
27	83	1.0
27	90	1.0
27	93	1.0
27	98	1.0
27	111	2.0
27	113	1.0
27	114	1.0
27	118	1.0
27	138	1.0
27	143	1.0
27	162	2.0
28	28	567.0
28	29	22.0
28	30	1.0
28	35	1.0
28	47	1.0
28	69	1.0
28	79	1.0
28	103	1.0
28	111	5.0
28	112	1.0
28	116	1.0
28	117	1.0
28	126	1.0
28	160	1.0
28	162	1.0
29	29	562.0
29	30	26.0
29	31	5.0
29	32	5.0
29	39	1.0
29	45	2.0
29	53	1.0
29	101	1.0
29	111	1.0
29	137	1.0
29	151	1.0
29	169	1.0
30	30	578.0
30	31	48.0
30	32	36.0
30	33	8.0
30	34	1.0
30	36	1.0
30	37	13.0
30	53	1.0
30	81	1.0
30	99	1.0
30	113	1.0
30	118	1.0
30	131	1.0
30	148	1.0
31	31	591.0
31	32	32.0
31	33	15.0
31	36	8.0
31	37	15.0
31	38	3.0
31	43	5.0
31	57	1.0
31	72	1.0
31	107	1.0
31	113	1.0
31	118	1.0
31	137	1.0
31	155	2.0
31	168	2.0
32	32	569.0
32	33	22.0
32	37	1.0
32	40	1.0
32	41	1.0
32	43	3.0
32	47	1.0
32	72	1.0
32	73	1.0
32	92	1.0
32	103	1.0
32	118	1.0
32	124	1.0
32	126	1.0
32	136	1.0
32	140	1.0
32	157	1.0
32	158	1.0
33	33	686.0
33	34	26.0
33	35	9.0
33	36	2.0
33	39	1.0
33	42	4.0
33	43	19.0
33	56	3.0
33	64	1.0
33	76	1.0
33	84	1.0
33	105	1.0
33	128	1.0
33	161	1.0
34	34	646.0
34	35	22.0
34	36	9.0
34	44	1.0
34	65	1.0
34	78	1.0
34	150	1.0
34	164	1.0
35	35	652.0
35	36	64.0
35	37	1.0
35	38	4.0
35	39	4.0
35	40	2.0
35	43	2.0
35	44	1.0
35	64	1.0
35	67	1.0
35	69	2.0
35	90	1.0
35	92	1.0
35	111	1.0
35	126	1.0
35	131	1.0
35	150	8.0
35	151	4.0
35	156	1.0
35	159	1.0
35	165	1.0
35	166	3.0
35	167	1.0
36	36	650.0
36	37	23.0
36	38	3.0
36	39	2.0
36	40	1.0
36	41	7.0
36	42	4.0
36	51	1.0
36	52	1.0
36	71	1.0
36	88	1.0
36	93	1.0
36	96	1.0
36	111	1.0
36	135	4.0
36	146	1.0
36	149	2.0
36	150	4.0
36	151	2.0
36	153	1.0
36	161	1.0
36	165	1.0
36	166	5.0
36	167	6.0
37	37	651.0
37	38	65.0
37	39	3.0
37	40	2.0
37	45	1.0
37	69	1.0
37	75	1.0
37	76	1.0
37	91	1.0
37	94	1.0
37	98	1.0
37	133	2.0
37	134	1.0
37	135	3.0
37	150	1.0
37	151	1.0
37	160	1.0
37	166	4.0
37	167	6.0
37	168	10.0
38	38	585.0
38	39	36.0
38	40	9.0
38	41	10.0
38	69	1.0
38	71	1.0
38	77	1.0
38	81	1.0
38	95	1.0
38	96	1.0
38	97	1.0
38	120	1.0
38	127	2.0
38	133	7.0
38	134	2.0
38	135	5.0
38	144	1.0
38	145	2.0
38	146	16.0
38	147	9.0
38	148	6.0
38	149	4.0
38	159	1.0
38	162	1.0
38	165	1.0
38	166	1.0
38	167	9.0
38	168	1.0
39	39	641.0
39	40	76.0
39	41	24.0
39	42	3.0
39	46	6.0
39	47	4.0
39	69	1.0
39	90	1.0
39	143	1.0
39	146	3.0
39	147	7.0
39	148	19.0
39	149	16.0
40	40	612.0
40	41	32.0
40	42	3.0
40	44	1.0
40	46	1.0
40	47	3.0
40	62	1.0
40	66	1.0
40	67	1.0
40	69	5.0
40	76	1.0
40	81	1.0
40	95	1.0
40	116	1.0
40	132	1.0
40	135	2.0
40	147	2.0
40	148	13.0
40	149	12.0
40	150	9.0
40	151	2.0
40	157	1.0
40	166	1.0
41	41	592.0
41	42	21.0
41	46	1.0
41	55	1.0
41	78	2.0
41	90	1.0
41	110	1.0
41	117	1.0
41	118	1.0
41	129	1.0
41	135	2.0
41	137	1.0
41	147	5.0
41	148	1.0
41	149	15.0
41	150	13.0
41	151	6.0
41	159	1.0
41	166	1.0
42	42	604.0
42	43	36.0
42	44	12.0
42	45	4.0
42	46	18.0
42	47	2.0
42	48	1.0
42	102	1.0
42	118	1.0
42	130	1.0
42	135	1.0
42	148	1.0
42	149	22.0
42	150	8.0
42	159	1.0
42	166	1.0
42	170	4.0
43	43	654.0
43	44	40.0
43	45	27.0
43	46	12.0
43	47	1.0
43	48	4.0
43	49	1.0
43	53	1.0
43	57	1.0
43	58	1.0
43	74	2.0
43	76	1.0
43	84	3.0
43	92	1.0
43	111	1.0
43	123	1.0
43	142	1.0
43	150	8.0
43	162	5.0
43	163	3.0
43	165	1.0
43	166	1.0
44	44	641.0
44	45	80.0
44	46	22.0
44	47	7.0
44	48	2.0
44	52	3.0
44	53	4.0
44	57	2.0
44	62	2.0
44	67	1.0
44	77	4.0
44	78	1.0
44	80	2.0
44	81	2.0
44	82	3.0
44	83	1.0
44	86	5.0
44	87	4.0
44	88	1.0
44	99	1.0
44	104	1.0
44	125	1.0
44	143	1.0
44	146	1.0
44	151	1.0
44	153	1.0
44	161	7.0
44	162	8.0
44	163	6.0
44	165	9.0
45	45	538.0
45	46	18.0
45	47	8.0
45	48	1.0
45	49	1.0
45	50	1.0
45	54	4.0
45	58	1.0
45	71	1.0
45	76	1.0
45	77	3.0
45	78	4.0
45	80	18.0
45	81	10.0
45	82	4.0
45	84	3.0
45	86	5.0
45	87	8.0
45	91	1.0
45	92	1.0
45	106	2.0
45	108	1.0
45	145	1.0
45	151	1.0
46	46	641.0
46	47	37.0
46	48	3.0
46	49	3.0
46	54	1.0
46	55	1.0
46	57	9.0
46	58	4.0
46	75	1.0
46	77	4.0
46	81	1.0
46	83	2.0
46	86	10.0
46	87	23.0
46	94	1.0
46	103	2.0
46	111	2.0
46	145	1.0
46	146	2.0
46	147	1.0
46	148	2.0
46	149	2.0
46	150	4.0
46	152	1.0
46	164	1.0
46	170	15.0
47	47	543.0
47	48	36.0
47	49	47.0
47	50	3.0
47	51	4.0
47	52	4.0
47	57	2.0
47	58	17.0
47	62	1.0
47	63	2.0
47	69	1.0
47	70	1.0
47	71	1.0
47	73	1.0
47	75	1.0
47	77	16.0
47	78	9.0
47	81	2.0
47	86	1.0
47	87	3.0
47	91	5.0
47	99	1.0
47	103	1.0
47	105	1.0
47	143	1.0
47	144	1.0
47	145	1.0
47	146	1.0
47	147	4.0
47	148	8.0
47	149	4.0
47	150	9.0
47	151	2.0
47	152	3.0
47	156	1.0
47	166	4.0
47	167	1.0
47	170	4.0
48	48	522.0
48	49	42.0
48	57	4.0
48	58	22.0
48	63	8.0
48	64	9.0
48	66	1.0
48	67	1.0
48	69	5.0
48	70	1.0
48	73	3.0
48	75	1.0
48	76	21.0
48	77	4.0
48	78	12.0
48	79	1.0
48	80	1.0
48	84	1.0
48	102	1.0
48	108	2.0
48	135	1.0
48	137	1.0
48	139	2.0
48	143	1.0
48	144	1.0
48	145	15.0
48	148	1.0
48	150	4.0
48	151	3.0
48	152	3.0
49	49	509.0
49	50	7.0
49	51	4.0
49	52	5.0
49	53	2.0
49	56	4.0
49	57	20.0
49	58	46.0
49	63	10.0
49	64	12.0
49	67	1.0
49	68	1.0
49	69	3.0
49	70	7.0
49	73	1.0
49	76	4.0
49	77	9.0
49	78	11.0
49	81	1.0
49	84	1.0
49	85	1.0
49	87	1.0
49	138	1.0
49	143	2.0
49	145	4.0
49	150	2.0
49	169	1.0
50	50	584.0
50	51	67.0
50	52	11.0
50	54	1.0
50	56	6.0
50	57	8.0
50	58	18.0
50	61	1.0
50	62	5.0
50	63	7.0
50	64	10.0
50	65	3.0
50	66	5.0
50	67	3.0
50	68	12.0
50	69	2.0
50	71	12.0
50	72	1.0
50	74	1.0
50	77	1.0
50	83	1.0
50	85	7.0
50	104	1.0
50	112	2.0
50	145	1.0
50	150	1.0
50	151	1.0
50	165	1.0
50	170	1.0
51	51	584.0
51	52	35.0
51	53	1.0
51	54	1.0
51	56	3.0
51	57	12.0
51	58	33.0
51	63	3.0
51	64	7.0
51	65	2.0
51	67	17.0
51	68	4.0
51	69	4.0
51	70	6.0
51	71	4.0
51	74	1.0
51	79	2.0
51	85	2.0
51	93	2.0
51	99	1.0
51	111	2.0
51	117	1.0
51	119	1.0
51	127	1.0
51	144	1.0
51	146	1.0
51	169	1.0
52	52	602.0
52	53	27.0
52	54	4.0
52	55	2.0
52	56	27.0
52	57	12.0
52	58	17.0
52	61	1.0
52	62	3.0
52	63	8.0
52	68	1.0
52	74	4.0
52	85	4.0
52	95	1.0
52	101	1.0
52	111	1.0
52	112	1.0
52	114	1.0
52	127	1.0
52	143	1.0
52	145	1.0
52	160	1.0
52	162	7.0
53	53	551.0
53	54	18.0
53	55	20.0
53	56	10.0
53	57	13.0
53	58	8.0
53	61	4.0
53	62	12.0
53	67	1.0
53	72	1.0
53	73	2.0
53	74	3.0
53	75	5.0
53	80	1.0
53	81	1.0
53	82	1.0
53	93	1.0
53	103	1.0
53	104	1.0
53	110	2.0
53	111	6.0
53	112	12.0
53	113	18.0
53	114	2.0
53	136	1.0
53	140	1.0
53	153	5.0
53	154	7.0
53	161	1.0
53	164	1.0
53	165	4.0
54	54	504.0
54	55	28.0
54	56	3.0
54	57	22.0
54	58	2.0
54	62	8.0
54	63	13.0
54	64	1.0
54	75	5.0
54	77	1.0
54	84	10.0
54	91	12.0
54	92	16.0
54	93	3.0
54	98	1.0
54	99	1.0
54	101	2.0
54	102	7.0
54	103	30.0
54	104	5.0
54	106	1.0
54	109	10.0
54	110	12.0
54	111	1.0
54	112	1.0
54	113	9.0
54	154	1.0
54	159	1.0
54	161	1.0
54	170	2.0
55	55	515.0
55	56	25.0
55	57	1.0
55	63	2.0
55	70	1.0
55	73	1.0
55	74	4.0
55	75	22.0
55	76	1.0
55	81	13.0
55	82	6.0
55	84	1.0
55	90	1.0
55	92	12.0
55	93	2.0
55	102	1.0
55	103	1.0
55	110	12.0
55	111	22.0
55	112	14.0
55	113	10.0
55	115	1.0
55	116	1.0
55	130	1.0
55	152	1.0
55	153	13.0
55	154	8.0
55	156	1.0
55	157	1.0
55	159	1.0
55	161	1.0
55	163	1.0
55	164	4.0
55	166	1.0
55	168	1.0
55	170	1.0
56	56	571.0
56	57	20.0
56	58	7.0
56	61	3.0
56	62	4.0
56	74	12.0
56	75	9.0
56	76	1.0
56	78	1.0
56	81	1.0
56	92	3.0
56	93	3.0
56	110	2.0
56	111	1.0
56	112	10.0
56	122	1.0
56	129	1.0
56	135	1.0
56	147	1.0
56	152	1.0
56	159	1.0
56	162	1.0
56	165	1.0
57	57	680.0
57	58	21.0
57	61	1.0
57	62	46.0
57	63	31.0
57	64	5.0
57	65	2.0
57	67	3.0
57	68	5.0
57	69	6.0
57	70	3.0
57	72	3.0
57	74	3.0
57	77	1.0
57	80	2.0
57	81	4.0
57	85	1.0
57	86	4.0
57	87	6.0
57	88	2.0
57	96	1.0
57	98	1.0
57	109	2.0
57	115	1.0
57	135	2.0
57	146	1.0
57	150	1.0
57	154	3.0
57	162	4.0
58	58	2534.0
58	61	25.0
58	62	15.0
58	63	13.0
58	64	11.0
58	65	1.0
58	67	2.0
58	68	3.0
58	69	2.0
58	70	17.0
58	72	2.0
58	73	12.0
58	76	1.0
58	77	1.0
58	79	2.0
58	81	1.0
58	85	4.0
58	87	1.0
58	90	1.0
58	91	2.0
58	92	2.0
58	103	1.0
58	104	1.0
58	113	1.0
58	121	1.0
58	132	1.0
58	137	2.0
58	138	14.0
58	141	1.0
58	143	1.0
58	144	5.0
58	145	2.0
58	146	3.0
58	150	15.0
58	151	1.0
58	154	1.0
58	156	1.0
58	159	2.0
58	166	1.0
58	167	4.0
58	168	3.0
58	169	22.0
58	170	3.0
61	61	63.0
61	62	6.0
61	63	5.0
61	81	1.0
61	154	1.0
62	62	518.0
62	63	25.0
62	64	14.0
62	67	1.0
62	69	3.0
62	70	2.0
62	72	4.0
62	73	7.0
62	74	1.0
62	75	1.0
62	77	2.0
62	80	2.0
62	81	5.0
62	82	3.0
62	84	1.0
62	85	7.0
62	87	1.0
62	144	1.0
62	145	1.0
62	147	1.0
62	152	1.0
62	153	1.0
62	154	5.0
62	163	1.0
63	63	556.0
63	64	15.0
63	65	17.0
63	66	6.0
63	67	6.0
63	68	9.0
63	69	6.0
63	70	2.0
63	72	1.0
63	73	1.0
63	75	3.0
63	84	4.0
63	85	12.0
63	86	1.0
63	91	2.0
63	126	1.0
63	140	1.0
63	141	1.0
63	142	1.0
63	151	1.0
64	64	535.0
64	65	18.0
64	66	20.0
64	67	11.0
64	68	8.0
64	69	22.0
64	70	23.0
64	71	2.0
64	87	1.0
64	92	5.0
64	93	1.0
64	104	1.0
64	110	1.0
64	136	1.0
64	137	1.0
64	138	1.0
64	140	2.0
64	142	1.0
64	146	1.0
64	152	2.0
64	153	4.0
64	156	1.0
64	163	1.0
65	65	490.0
65	66	45.0
65	67	20.0
65	68	15.0
65	69	6.0
65	70	15.0
65	71	4.0
65	74	1.0
65	78	1.0
65	81	2.0
65	85	2.0
65	87	1.0
65	95	1.0
65	111	1.0
65	124	1.0
65	129	1.0
65	133	1.0
65	135	2.0
65	136	3.0
65	138	9.0
65	139	3.0
65	140	1.0
65	141	2.0
65	142	1.0
65	144	1.0
65	145	2.0
65	151	7.0
65	153	1.0
65	166	1.0
66	66	483.0
66	67	40.0
66	68	3.0
66	69	24.0
66	70	8.0
66	71	4.0
66	78	1.0
66	80	1.0
66	92	1.0
66	103	1.0
66	135	1.0
66	136	1.0
66	138	5.0
66	139	2.0
66	140	1.0
66	141	2.0
66	142	1.0
66	151	10.0
66	159	1.0
66	166	2.0
67	67	498.0
67	68	11.0
67	69	27.0
67	70	11.0
67	71	4.0
67	75	1.0
67	79	1.0
67	85	4.0
67	92	1.0
67	94	1.0
67	96	1.0
67	135	2.0
67	136	2.0
67	138	1.0
67	139	3.0
67	151	1.0
67	152	2.0
67	164	1.0
67	166	3.0
68	68	558.0
68	69	38.0
68	70	19.0
68	71	5.0
68	72	1.0
68	80	2.0
68	83	1.0
68	84	1.0
68	85	25.0
68	86	1.0
68	91	3.0
68	103	1.0
68	107	1.0
68	108	1.0
68	118	1.0
68	126	1.0
68	128	1.0
68	135	2.0
68	136	1.0
68	147	3.0
68	151	9.0
68	152	5.0
68	153	3.0
68	157	1.0
68	161	1.0
68	163	3.0
69	69	561.0
69	70	18.0
69	85	1.0
69	92	3.0
69	97	1.0
69	99	1.0
69	113	1.0
69	127	1.0
69	131	1.0
69	138	1.0
69	143	1.0
69	144	12.0
69	145	3.0
69	148	1.0
69	150	1.0
69	152	3.0
69	153	1.0
69	154	3.0
69	155	1.0
69	159	1.0
69	164	1.0
69	165	1.0
69	166	3.0
70	70	539.0
70	71	31.0
70	72	5.0
70	75	1.0
70	78	1.0
70	107	2.0
70	112	1.0
70	115	1.0
70	118	1.0
70	135	4.0
70	136	2.0
70	138	3.0
70	143	2.0
70	144	6.0
70	145	12.0
70	146	2.0
70	150	3.0
70	151	5.0
70	153	4.0
70	154	15.0
70	166	1.0
71	71	528.0
71	72	15.0
71	73	8.0
71	74	2.0
71	89	1.0
71	113	1.0
71	129	2.0
71	137	1.0
71	143	1.0
71	152	3.0
71	153	38.0
71	154	16.0
71	156	1.0
71	157	1.0
71	166	1.0
71	169	1.0
72	72	582.0
72	73	31.0
72	74	12.0
72	75	7.0
72	76	1.0
72	77	1.0
72	82	1.0
72	90	1.0
72	91	1.0
72	116	1.0
72	153	8.0
72	154	13.0
72	155	11.0
72	158	1.0
73	73	583.0
73	74	41.0
73	75	13.0
73	76	13.0
73	78	1.0
73	79	1.0
73	83	2.0
73	85	2.0
73	92	1.0
73	160	1.0
73	166	3.0
74	74	565.0
74	75	68.0
74	76	15.0
74	79	2.0
74	106	1.0
74	118	1.0
74	131	1.0
74	134	1.0
74	137	1.0
74	154	1.0
74	155	3.0
74	156	1.0
74	157	19.0
74	161	1.0
74	166	1.0
75	75	572.0
75	76	15.0
75	88	1.0
75	122	1.0
75	127	1.0
75	154	1.0
75	155	16.0
75	156	8.0
75	157	7.0
75	160	1.0
76	76	593.0
76	77	13.0
76	78	20.0
76	79	17.0
76	80	5.0
76	81	3.0
76	82	1.0
76	87	1.0
76	106	1.0
76	111	1.0
76	117	1.0
76	121	1.0
76	138	1.0
76	152	3.0
76	153	16.0
76	154	20.0
76	155	8.0
76	156	1.0
76	157	7.0
76	162	1.0
77	77	547.0
77	78	40.0
77	79	15.0
77	80	20.0
77	81	25.0
77	82	3.0
77	85	1.0
77	86	16.0
77	87	12.0
77	88	1.0
77	89	2.0
77	90	4.0
77	95	1.0
77	122	1.0
77	133	1.0
77	152	1.0
77	153	1.0
77	167	1.0
78	78	544.0
78	79	32.0
78	80	23.0
78	81	19.0
78	82	8.0
78	86	1.0
78	87	1.0
78	103	1.0
78	127	1.0
78	152	1.0
78	153	5.0
78	154	6.0
78	155	5.0
78	162	1.0
78	169	1.0
79	79	484.0
79	80	73.0
79	81	3.0
79	82	5.0
79	84	2.0
79	85	2.0
79	86	1.0
79	90	6.0
79	91	1.0
79	101	1.0
79	112	1.0
79	117	1.0
79	134	1.0
79	146	1.0
79	150	1.0
79	152	6.0
79	153	5.0
79	154	2.0
79	156	1.0
79	160	1.0
79	162	1.0
80	80	528.0
80	81	11.0
80	82	37.0
80	83	5.0
80	84	3.0
80	85	2.0
80	87	3.0
80	88	1.0
80	90	8.0
80	93	1.0
80	94	2.0
80	133	1.0
80	152	3.0
80	153	2.0
80	156	1.0
81	81	516.0
81	82	55.0
81	83	2.0
81	84	1.0
81	86	7.0
81	87	13.0
81	88	4.0
81	89	2.0
81	114	1.0
81	120	1.0
81	152	3.0
81	153	19.0
81	154	15.0
81	158	1.0
82	82	549.0
82	83	16.0
82	84	15.0
82	86	3.0
82	87	1.0
82	88	1.0
82	90	4.0
82	91	1.0
82	103	1.0
82	106	1.0
82	115	1.0
82	131	3.0
82	152	21.0
82	153	8.0
82	154	6.0
82	167	1.0
82	168	1.0
83	83	573.0
83	84	36.0
83	85	4.0
83	86	21.0
83	88	10.0
83	89	8.0
83	90	25.0
83	91	12.0
83	98	1.0
83	127	1.0
83	152	20.0
83	157	1.0
83	160	1.0
84	84	526.0
84	85	26.0
84	86	24.0
84	87	1.0
84	88	1.0
84	89	2.0
84	90	9.0
84	91	18.0
84	128	1.0
84	134	1.0
84	135	1.0
84	139	1.0
84	149	1.0
84	152	5.0
84	168	1.0
85	85	526.0
85	86	9.0
85	91	21.0
85	92	5.0
85	93	2.0
85	98	1.0
85	114	1.0
85	118	1.0
85	151	8.0
85	152	5.0
85	170	1.0
86	86	551.0
86	87	57.0
86	88	15.0
86	89	17.0
86	90	7.0
86	91	8.0
86	93	2.0
86	117	1.0
86	129	1.0
86	152	10.0
86	170	1.0
87	87	492.0
87	88	22.0
87	89	14.0
87	90	21.0
87	91	5.0
87	95	1.0
87	131	1.0
87	141	1.0
87	145	2.0
88	88	589.0
88	89	90.0
88	90	10.0
88	122	1.0
89	89	575.0
89	90	47.0
89	91	3.0
89	93	1.0
89	94	1.0
89	112	2.0
89	113	1.0
89	120	1.0
89	147	1.0
89	167	1.0
90	90	617.0
90	91	47.0
90	93	4.0
90	94	8.0
90	142	1.0
90	145	1.0
90	152	2.0
90	169	1.0
91	91	596.0
91	92	25.0
91	93	48.0
91	94	9.0
91	95	9.0
91	102	2.0
91	103	1.0
91	106	3.0
91	110	3.0
91	124	1.0
91	128	4.0
91	130	1.0
91	137	1.0
91	145	1.0
91	151	12.0
91	152	9.0
91	157	1.0
91	161	1.0
92	92	553.0
92	93	66.0
92	94	2.0
92	97	1.0
92	102	2.0
92	103	4.0
92	110	8.0
92	138	1.0
92	141	1.0
92	151	29.0
92	152	6.0
93	93	536.0
93	94	29.0
93	95	5.0
93	106	1.0
93	110	1.0
93	115	1.0
93	119	1.0
93	129	1.0
93	138	4.0
93	141	3.0
93	142	1.0
93	151	10.0
93	152	5.0
93	154	1.0
94	94	548.0
94	95	17.0
94	96	33.0
94	100	2.0
94	104	2.0
94	105	5.0
94	106	9.0
94	120	1.0
94	138	3.0
94	141	1.0
95	95	428.0
95	96	65.0
95	97	20.0
95	98	3.0
95	99	1.0
95	100	1.0
95	101	9.0
95	102	1.0
95	103	2.0
95	105	12.0
95	106	9.0
95	107	2.0
95	110	1.0
95	122	1.0
95	130	10.0
95	131	3.0
95	133	2.0
95	136	1.0
95	138	1.0
95	139	8.0
95	140	3.0
95	170	1.0
96	96	512.0
96	97	34.0
96	98	5.0
96	99	3.0
96	101	4.0
96	103	2.0
96	105	9.0
96	106	9.0
96	110	1.0
96	115	1.0
96	116	1.0
96	130	8.0
96	131	8.0
96	138	2.0
96	139	3.0
96	142	1.0
96	146	1.0
96	169	1.0
97	97	592.0
97	98	10.0
97	99	38.0
97	100	14.0
97	101	3.0
97	102	3.0
97	105	12.0
97	106	22.0
97	110	2.0
97	117	1.0
97	120	1.0
97	123	2.0
97	128	1.0
97	130	5.0
97	131	3.0
97	133	5.0
97	134	2.0
97	139	1.0
97	141	1.0
97	155	3.0
97	160	1.0
98	98	517.0
98	99	85.0
98	100	2.0
98	105	2.0
98	107	8.0
98	109	1.0
98	111	1.0
98	112	1.0
98	115	1.0
98	119	1.0
98	134	4.0
98	140	1.0
98	167	1.0
98	169	1.0
98	170	1.0
99	99	586.0
99	100	9.0
99	101	1.0
99	104	1.0
99	105	3.0
99	106	1.0
99	107	6.0
99	116	1.0
99	117	1.0
99	131	7.0
99	133	4.0
99	134	4.0
99	137	1.0
99	144	1.0
99	148	1.0
99	165	1.0
100	100	578.0
100	101	23.0
100	102	2.0
100	104	6.0
100	105	15.0
100	106	8.0
100	107	10.0
100	108	15.0
100	109	6.0
100	110	2.0
100	117	13.0
100	118	9.0
100	119	2.0
100	120	3.0
100	121	12.0
100	123	4.0
100	124	1.0
100	127	2.0
100	129	1.0
100	131	1.0
100	132	1.0
100	133	14.0
100	134	9.0
100	164	1.0
101	101	577.0
101	102	15.0
101	103	11.0
101	104	32.0
101	105	9.0
101	106	3.0
101	107	15.0
101	108	6.0
101	109	17.0
101	110	3.0
101	115	2.0
101	117	9.0
101	119	2.0
101	120	8.0
101	121	5.0
101	122	3.0
101	123	12.0
101	124	3.0
101	130	6.0
101	131	1.0
101	132	2.0
101	133	1.0
102	102	463.0
102	103	56.0
102	104	35.0
102	105	3.0
102	106	1.0
102	107	5.0
102	109	11.0
102	110	10.0
102	118	4.0
102	120	6.0
102	121	1.0
102	123	7.0
102	124	8.0
102	125	5.0
102	130	4.0
102	131	5.0
102	132	23.0
102	134	1.0
102	139	2.0
102	140	4.0
103	103	496.0
103	104	48.0
103	105	6.0
103	106	1.0
103	109	10.0
103	110	10.0
103	111	5.0
103	112	2.0
103	113	12.0
103	116	1.0
103	120	14.0
103	123	1.0
103	124	1.0
103	125	4.0
103	126	3.0
103	130	2.0
103	131	3.0
103	132	5.0
103	139	2.0
103	140	5.0
103	154	1.0
103	158	1.0
103	166	1.0
104	104	447.0
104	105	7.0
104	106	4.0
104	107	10.0
104	108	3.0
104	109	1.0
104	110	5.0
104	111	2.0
104	112	1.0
104	113	4.0
104	118	2.0
104	120	2.0
104	121	2.0
104	123	5.0
104	124	3.0
104	125	4.0
104	128	1.0
104	129	2.0
104	130	2.0
104	131	13.0
104	132	6.0
104	133	7.0
104	134	1.0
104	135	3.0
104	139	1.0
104	140	1.0
104	149	1.0
105	105	556.0
105	106	48.0
105	107	16.0
105	108	20.0
105	109	2.0
105	117	2.0
105	120	1.0
105	121	1.0
105	123	1.0
105	124	1.0
105	130	4.0
105	131	24.0
105	132	1.0
105	133	14.0
105	134	5.0
105	135	2.0
105	139	1.0
105	140	4.0
106	106	645.0
106	107	29.0
106	108	1.0
106	110	3.0
106	119	1.0
106	123	2.0
106	130	4.0
106	131	2.0
106	134	1.0
106	135	1.0
106	144	1.0
106	147	1.0
107	107	519.0
107	108	26.0
107	109	3.0
107	110	3.0
107	112	2.0
107	113	16.0
107	114	4.0
107	116	2.0
107	124	1.0
107	162	1.0
107	163	1.0
108	108	601.0
108	109	50.0
108	110	9.0
108	111	5.0
108	112	13.0
108	113	23.0
108	114	3.0
108	116	2.0
108	117	7.0
108	124	2.0
108	125	2.0
108	135	1.0
109	109	536.0
109	110	38.0
109	111	7.0
109	112	2.0
109	113	8.0
109	114	6.0
109	116	1.0
109	117	5.0
109	120	6.0
109	121	4.0
109	124	1.0
109	139	1.0
109	151	1.0
109	159	1.0
109	169	1.0
110	110	583.0
110	111	28.0
110	112	9.0
110	113	12.0
110	114	1.0
110	116	3.0
110	117	4.0
110	120	1.0
110	121	8.0
110	154	1.0
110	159	1.0
110	160	1.0
111	111	588.0
111	112	30.0
111	113	6.0
111	114	3.0
111	117	1.0
111	120	1.0
111	122	2.0
111	124	1.0
111	161	1.0
111	163	1.0
111	170	1.0
112	112	600.0
112	113	53.0
112	114	15.0
112	115	1.0
112	116	12.0
112	120	1.0
112	139	1.0
112	143	5.0
112	151	1.0
112	153	1.0
112	165	1.0
113	113	521.0
113	114	38.0
113	115	1.0
113	116	10.0
113	122	1.0
113	138	1.0
113	142	1.0
113	143	2.0
113	151	1.0
114	114	517.0
114	115	44.0
114	116	24.0
114	121	1.0
114	123	1.0
114	143	1.0
114	159	1.0
115	115	474.0
115	116	42.0
115	118	1.0
115	153	1.0
115	165	1.0
115	168	1.0
116	116	571.0
116	117	4.0
116	118	1.0
116	119	1.0
116	124	2.0
116	132	1.0
116	142	1.0
116	143	2.0
117	117	573.0
117	118	51.0
117	119	8.0
117	120	15.0
117	121	24.0
117	122	10.0
117	123	5.0
117	124	10.0
117	128	2.0
117	133	3.0
117	143	1.0
117	144	12.0
117	145	5.0
117	156	1.0
118	118	618.0
118	119	31.0
118	120	1.0
118	121	3.0
118	122	1.0
118	124	8.0
118	125	9.0
118	126	1.0
118	133	3.0
118	134	1.0
118	137	1.0
118	141	2.0
118	146	1.0
118	158	1.0
118	163	1.0
119	119	534.0
119	120	32.0
119	121	35.0
119	122	20.0
119	123	13.0
119	124	19.0
119	125	1.0
119	126	2.0
119	134	2.0
119	136	4.0
119	137	10.0
119	140	1.0
119	141	9.0
119	142	2.0
119	148	1.0
119	165	1.0
119	170	1.0
120	120	532.0
120	121	38.0
120	122	5.0
120	123	16.0
120	124	5.0
120	125	8.0
120	128	2.0
120	134	1.0
120	137	6.0
120	138	11.0
120	139	6.0
120	140	6.0
120	141	7.0
120	142	2.0
120	149	1.0
121	121	477.0
121	122	26.0
121	123	5.0
121	124	25.0
121	125	3.0
121	127	1.0
121	131	1.0
121	132	1.0
121	136	3.0
121	137	5.0
121	140	2.0
121	141	10.0
121	155	1.0
121	158	1.0
122	122	593.0
122	123	35.0
122	124	7.0
122	126	1.0
122	128	1.0
122	129	5.0
122	130	1.0
122	131	1.0
122	136	18.0
122	137	3.0
122	139	1.0
122	164	1.0
122	167	1.0
123	123	578.0
123	124	41.0
123	125	24.0
123	127	1.0
123	128	9.0
123	129	1.0
123	131	1.0
123	132	1.0
123	133	2.0
124	124	516.0
124	125	42.0
124	126	11.0
124	127	5.0
124	131	1.0
124	132	5.0
124	133	6.0
124	140	1.0
124	149	2.0
124	150	1.0
124	164	1.0
125	125	528.0
125	126	29.0
125	127	6.0
125	128	8.0
125	129	5.0
125	132	13.0
125	142	1.0
125	150	2.0
125	165	1.0
126	126	521.0
126	127	62.0
126	128	12.0
126	129	13.0
126	130	4.0
126	132	9.0
127	127	547.0
127	128	33.0
127	129	20.0
127	132	3.0
127	143	1.0
128	128	543.0
128	129	101.0
128	130	7.0
128	132	2.0
128	133	5.0
128	136	2.0
128	168	1.0
129	129	506.0
129	130	34.0
129	131	3.0
129	132	6.0
129	135	1.0
129	136	7.0
129	140	2.0
129	141	3.0
129	144	1.0
129	147	1.0
130	130	587.0
130	131	35.0
130	132	22.0
130	133	1.0
130	135	2.0
130	136	5.0
130	139	3.0
130	140	1.0
130	144	1.0
131	131	590.0
131	132	5.0
131	133	23.0
131	134	7.0
131	135	12.0
131	138	1.0
131	139	2.0
131	140	7.0
131	164	2.0
132	132	532.0
132	133	6.0
132	134	1.0
132	135	2.0
132	136	5.0
132	140	1.0
132	143	2.0
132	149	1.0
132	167	1.0
132	168	1.0
133	133	535.0
133	134	58.0
133	135	12.0
133	137	1.0
133	139	5.0
133	166	1.0
133	167	1.0
133	168	1.0
134	134	552.0
134	135	39.0
134	140	7.0
134	143	2.0
134	162	1.0
134	167	3.0
134	168	1.0
134	170	1.0
135	135	545.0
135	136	41.0
135	137	1.0
135	138	5.0
135	139	14.0
135	140	6.0
135	141	6.0
135	142	15.0
135	149	18.0
135	150	7.0
135	151	4.0
135	166	2.0
135	167	3.0
135	168	5.0
136	136	558.0
136	137	16.0
136	138	3.0
136	139	2.0
136	140	3.0
136	141	4.0
136	142	9.0
136	143	10.0
136	155	1.0
136	161	1.0
137	137	604.0
137	138	42.0
137	139	1.0
137	140	2.0
137	142	18.0
137	143	17.0
137	146	1.0
137	149	1.0
137	150	1.0
137	163	1.0
138	138	539.0
138	139	23.0
138	140	6.0
138	141	15.0
138	142	18.0
138	143	15.0
138	160	1.0
139	139	583.0
139	140	38.0
139	141	43.0
139	142	27.0
139	154	2.0
139	162	1.0
140	140	558.0
140	141	83.0
140	142	23.0
140	143	2.0
140	155	1.0
140	160	1.0
140	161	1.0
140	166	1.0
140	170	1.0
141	141	501.0
141	142	55.0
141	151	1.0
141	160	1.0
142	142	574.0
142	143	39.0
142	144	6.0
142	145	5.0
142	149	1.0
143	143	605.0
143	144	17.0
143	145	6.0
143	146	5.0
143	159	1.0
143	161	1.0
144	144	629.0
144	145	56.0
144	146	42.0
144	147	18.0
144	148	1.0
144	150	1.0
144	151	3.0
144	168	1.0
145	145	546.0
145	146	40.0
145	147	2.0
145	148	1.0
145	149	7.0
145	150	26.0
145	151	5.0
145	164	1.0
145	170	6.0
146	146	522.0
146	147	8.0
146	148	20.0
146	149	1.0
146	150	9.0
146	151	3.0
146	156	3.0
146	159	2.0
146	168	3.0
146	170	2.0
147	147	580.0
147	148	62.0
147	149	39.0
147	152	1.0
147	165	1.0
147	166	1.0
147	167	1.0
147	170	12.0
148	148	576.0
148	149	15.0
148	150	1.0
148	170	1.0
149	149	594.0
149	150	38.0
149	151	1.0
149	168	1.0
149	170	1.0
150	150	576.0
150	151	38.0
150	152	1.0
150	166	41.0
150	167	4.0
150	168	4.0
151	151	527.0
151	152	15.0
151	153	2.0
151	157	1.0
151	158	1.0
151	159	12.0
151	160	5.0
151	162	8.0
151	163	4.0
151	165	1.0
151	166	9.0
151	168	1.0
152	152	570.0
152	153	15.0
152	154	6.0
152	155	1.0
152	157	8.0
152	159	30.0
152	160	24.0
152	161	7.0
152	162	5.0
152	163	3.0
152	166	1.0
153	153	506.0
153	154	50.0
153	155	1.0
153	156	1.0
153	157	2.0
153	159	3.0
153	160	2.0
153	161	4.0
153	162	3.0
153	164	1.0
154	154	555.0
154	155	12.0
154	156	29.0
154	157	2.0
154	160	1.0
155	155	554.0
155	156	47.0
155	157	31.0
155	158	1.0
155	167	1.0
156	156	559.0
156	157	64.0
156	158	4.0
156	166	1.0
156	170	1.0
157	157	573.0
157	158	28.0
157	159	1.0
157	160	5.0
157	162	1.0
157	165	1.0
158	158	620.0
158	159	38.0
158	160	20.0
158	161	6.0
158	162	4.0
158	163	4.0
158	170	1.0
159	159	596.0
159	160	34.0
159	161	25.0
159	162	10.0
159	163	6.0
159	164	5.0
159	165	2.0
160	160	573.0
160	161	35.0
160	162	7.0
160	163	20.0
160	164	1.0
160	169	1.0
161	161	571.0
161	162	38.0
161	163	41.0
161	164	32.0
161	165	14.0
162	162	614.0
162	163	56.0
162	164	22.0
162	165	34.0
162	166	3.0
163	163	571.0
163	164	50.0
163	165	14.0
163	166	3.0
164	164	565.0
164	165	62.0
165	165	549.0
165	166	18.0
165	170	1.0
166	166	614.0
166	167	29.0
167	167	529.0
167	168	27.0
167	169	13.0
167	170	1.0
168	168	579.0
168	169	36.0
168	170	3.0
169	169	628.0
169	170	20.0
170	170	549.0
172	1	24.0
172	2	9.0
172	3	19.0
172	4	5.0
172	14	1.0
172	46	3.0
172	47	1.0
172	102	1.0
172	128	1.0
172	131	1.0
172	144	3.0
172	146	1.0
172	147	3.0
172	148	2.0
172	158	2.0
172	169	1.0
172	170	8.0
172	172	592.0
