1	1	706.0
1	2	23.0
1	29	1.0
1	34	1.0
1	59	1.0
2	2	629.0
2	3	15.0
2	25	1.0
2	26	1.0
3	3	734.0
3	4	45.0
3	5	1.0
3	10	1.0
3	17	2.0
4	4	724.0
4	5	20.0
4	18	2.0
4	29	1.0
4	37	1.0
5	5	615.0
5	6	33.0
5	7	7.0
5	8	2.0
5	9	6.0
5	10	2.0
5	13	3.0
5	16	5.0
5	17	3.0
5	39	1.0
5	50	1.0
6	6	589.0
6	7	60.0
6	8	16.0
6	9	2.0
7	7	598.0
7	8	19.0
7	9	8.0
8	8	616.0
8	9	34.0
8	10	4.0
8	11	10.0
8	12	3.0
8	14	2.0
8	15	1.0
8	16	3.0
8	18	1.0
8	29	3.0
8	48	1.0
9	9	636.0
9	10	20.0
9	11	4.0
9	12	3.0
9	14	1.0
9	18	1.0
9	19	16.0
9	24	1.0
9	47	1.0
9	49	1.0
10	10	605.0
10	11	43.0
10	12	17.0
10	13	17.0
10	14	3.0
10	15	4.0
10	16	4.0
10	17	7.0
10	18	22.0
10	19	17.0
10	20	1.0
10	60	1.0
10	62	1.0
11	11	585.0
11	12	43.0
11	13	14.0
11	14	9.0
11	15	10.0
11	16	4.0
11	17	2.0
11	18	8.0
11	20	1.0
11	24	1.0
11	39	1.0
11	57	1.0
12	12	613.0
12	13	30.0
12	14	6.0
12	15	1.0
12	16	1.0
12	17	4.0
12	21	1.0
12	48	1.0
13	13	546.0
13	14	9.0
13	15	4.0
13	16	6.0
13	17	17.0
13	18	6.0
13	19	8.0
13	21	1.0
13	32	1.0
13	35	1.0
14	14	575.0
14	15	65.0
14	16	48.0
14	17	10.0
14	18	4.0
14	19	1.0
14	24	1.0
14	42	1.0
14	56	1.0
15	15	597.0
15	16	43.0
15	17	2.0
15	18	13.0
15	19	6.0
15	20	1.0
15	59	1.0
16	16	611.0
16	17	25.0
16	18	3.0
16	19	1.0
17	17	672.0
17	18	13.0
17	19	27.0
17	20	4.0
18	18	631.0
18	19	54.0
18	20	5.0
18	22	3.0
18	26	1.0
18	30	1.0
18	34	1.0
18	37	1.0
19	19	682.0
19	20	8.0
19	22	1.0
19	59	1.0
20	20	609.0
20	21	22.0
20	24	1.0
20	33	1.0
20	56	1.0
20	58	1.0
21	21	639.0
21	22	33.0
21	23	7.0
21	24	4.0
21	25	4.0
21	26	2.0
21	34	1.0
21	47	1.0
21	52	1.0
22	22	647.0
22	23	38.0
22	24	8.0
22	25	14.0
22	26	1.0
22	58	1.0
23	23	607.0
23	24	12.0
23	25	12.0
23	29	2.0
23	55	1.0
23	62	2.0
24	24	682.0
24	25	22.0
24	26	1.0
24	29	1.0
24	47	1.0
25	25	550.0
25	26	7.0
25	29	13.0
25	55	1.0
25	58	1.0
26	26	152.0
26	40	1.0
29	29	265.0
29	30	3.0
29	53	2.0
29	55	2.0
30	30	675.0
30	31	20.0
30	34	1.0
30	36	1.0
30	45	1.0
30	62	1.0
31	31	662.0
31	32	10.0
31	56	1.0
32	32	662.0
32	33	18.0
32	47	1.0
32	50	1.0
32	56	1.0
33	33	631.0
33	34	34.0
33	35	5.0
33	39	1.0
33	56	1.0
33	60	1.0
34	34	682.0
34	35	33.0
34	37	1.0
34	49	1.0
34	60	1.0
35	35	660.0
35	36	14.0
35	37	10.0
35	43	4.0
35	56	1.0
35	61	1.0
36	36	706.0
36	37	20.0
36	40	1.0
36	42	11.0
36	43	17.0
37	37	694.0
37	38	35.0
37	39	20.0
37	40	23.0
37	41	15.0
37	42	12.0
37	43	1.0
37	53	1.0
37	61	1.0
38	38	533.0
38	39	23.0
38	40	7.0
38	41	16.0
39	39	693.0
39	40	48.0
39	41	25.0
39	42	2.0
39	62	1.0
40	40	598.0
40	41	73.0
40	42	11.0
40	50	1.0
40	56	1.0
41	41	625.0
41	42	31.0
41	50	1.0
41	51	1.0
42	42	731.0
42	43	19.0
42	53	1.0
43	43	653.0
43	44	14.0
43	60	1.0
44	44	699.0
44	45	10.0
44	47	1.0
44	57	1.0
45	45	651.0
45	46	20.0
45	47	5.0
45	51	1.0
45	55	1.0
46	46	639.0
46	47	26.0
47	47	711.0
47	48	25.0
47	50	1.0
47	58	1.0
47	59	1.0
47	61	1.0
48	48	659.0
48	49	15.0
48	50	1.0
48	58	9.0
48	59	5.0
49	49	591.0
49	50	11.0
49	51	7.0
49	54	2.0
50	50	621.0
50	51	20.0
50	52	37.0
50	53	7.0
50	54	4.0
51	51	613.0
51	52	18.0
51	53	15.0
51	54	22.0
51	55	6.0
51	56	2.0
52	52	547.0
52	53	21.0
52	54	8.0
52	55	1.0
52	57	2.0
52	61	1.0
53	53	604.0
53	54	45.0
53	55	8.0
53	56	7.0
53	57	3.0
53	61	2.0
54	54	586.0
54	55	35.0
54	56	11.0
55	55	645.0
55	56	43.0
55	57	9.0
55	58	3.0
56	56	667.0
56	57	26.0
56	58	6.0
56	60	4.0
57	57	680.0
57	58	23.0
57	60	9.0
57	61	9.0
58	58	633.0
58	59	29.0
58	60	24.0
58	61	4.0
59	59	613.0
59	60	32.0
60	60	736.0
60	61	4.0
61	61	668.0
61	62	3.0
62	62	686.0
64	1	21.0
64	2	4.0
64	36	1.0
64	40	1.0
64	61	11.0
64	64	609.0
