1	1	407.0
1	2	17.0
1	31	1.0
1	33	4.0
1	34	6.0
1	35	5.0
1	62	2.0
2	2	423.0
2	6	3.0
2	7	6.0
2	8	2.0
2	10	4.0
2	11	1.0
2	12	6.0
2	31	2.0
2	32	1.0
2	33	18.0
2	34	8.0
2	45	1.0
3	3	447.0
3	4	29.0
3	5	2.0
3	6	2.0
3	7	2.0
3	8	9.0
3	31	2.0
3	32	2.0
3	33	3.0
3	38	1.0
3	43	2.0
3	44	2.0
3	46	5.0
3	49	6.0
3	50	1.0
3	56	1.0
4	4	512.0
4	5	10.0
4	9	1.0
4	17	1.0
4	31	2.0
4	36	1.0
4	48	7.0
4	49	1.0
5	5	377.0
5	6	14.0
5	7	8.0
5	8	11.0
5	9	13.0
5	10	15.0
5	11	8.0
5	12	8.0
5	13	16.0
5	16	2.0
5	17	1.0
5	24	1.0
5	25	2.0
5	30	5.0
5	31	10.0
5	42	1.0
5	48	1.0
6	6	384.0
6	7	60.0
6	8	19.0
6	9	8.0
6	10	11.0
6	11	3.0
6	12	5.0
6	13	1.0
6	14	2.0
6	57	1.0
7	7	364.0
7	8	17.0
7	9	6.0
7	10	2.0
7	11	4.0
7	15	2.0
7	16	4.0
7	48	2.0
8	8	379.0
8	9	16.0
8	10	5.0
8	11	6.0
8	12	3.0
8	17	1.0
8	21	1.0
8	29	1.0
8	45	1.0
9	9	322.0
9	10	24.0
9	11	37.0
9	12	16.0
9	13	9.0
9	14	1.0
9	15	9.0
9	17	2.0
9	23	2.0
9	24	3.0
9	25	1.0
9	29	1.0
9	30	1.0
9	31	4.0
9	43	1.0
10	10	370.0
10	11	40.0
10	12	8.0
10	13	2.0
10	14	4.0
10	15	1.0
10	16	5.0
10	17	1.0
10	25	4.0
10	26	2.0
10	33	1.0
10	35	1.0
10	43	1.0
11	11	331.0
11	12	34.0
11	13	15.0
11	14	2.0
11	15	4.0
11	19	1.0
11	23	3.0
11	25	5.0
11	29	3.0
11	31	6.0
12	12	362.0
12	13	14.0
12	14	3.0
12	17	1.0
12	18	1.0
12	19	2.0
12	23	1.0
12	24	8.0
12	25	18.0
12	31	1.0
12	54	1.0
13	13	341.0
13	14	17.0
13	15	2.0
13	16	10.0
13	17	6.0
13	19	1.0
13	23	11.0
13	24	15.0
13	25	7.0
13	29	2.0
13	30	2.0
13	31	3.0
13	58	1.0
14	14	308.0
14	15	26.0
14	16	36.0
14	17	13.0
14	23	1.0
14	24	2.0
14	26	2.0
14	61	1.0
15	15	387.0
15	16	18.0
15	17	1.0
15	23	3.0
15	24	12.0
15	26	2.0
15	30	1.0
16	16	396.0
16	17	14.0
16	18	3.0
16	22	1.0
16	23	4.0
16	24	5.0
16	25	2.0
16	26	2.0
16	29	1.0
16	30	1.0
17	17	419.0
17	18	20.0
17	19	5.0
17	20	2.0
17	23	9.0
17	24	1.0
17	25	2.0
17	29	4.0
17	30	13.0
17	31	1.0
17	38	1.0
17	41	1.0
17	44	1.0
18	18	368.0
18	19	25.0
18	20	10.0
18	21	5.0
18	22	6.0
18	23	6.0
18	24	5.0
18	25	4.0
18	30	1.0
19	19	402.0
19	20	12.0
19	21	12.0
19	22	16.0
19	23	1.0
19	24	7.0
19	25	1.0
19	33	1.0
19	42	1.0
20	20	420.0
20	21	34.0
20	22	18.0
20	23	6.0
20	25	1.0
20	30	3.0
20	39	1.0
20	62	1.0
21	21	395.0
21	22	65.0
21	23	10.0
21	40	1.0
21	52	1.0
22	22	339.0
22	23	22.0
22	24	4.0
22	48	1.0
23	23	388.0
23	24	40.0
23	25	8.0
23	30	3.0
24	24	399.0
24	25	17.0
25	25	410.0
25	26	4.0
25	29	5.0
25	42	1.0
25	48	1.0
26	26	93.0
26	29	2.0
29	29	138.0
29	30	5.0
29	32	1.0
30	30	453.0
30	31	3.0
30	32	17.0
30	33	5.0
30	36	1.0
30	42	1.0
31	31	414.0
31	32	32.0
31	33	6.0
31	38	1.0
31	44	4.0
31	45	3.0
31	46	8.0
31	47	2.0
31	48	3.0
31	49	1.0
32	32	397.0
32	33	22.0
32	36	1.0
32	44	1.0
32	45	1.0
32	46	9.0
32	47	16.0
32	52	1.0
33	33	401.0
33	34	13.0
33	46	3.0
33	47	6.0
33	51	1.0
33	59	1.0
34	34	406.0
34	35	10.0
35	35	338.0
35	36	21.0
35	37	2.0
35	45	2.0
35	50	1.0
35	62	9.0
36	36	419.0
36	37	14.0
37	37	356.0
37	38	12.0
37	39	22.0
37	40	5.0
37	41	9.0
37	42	8.0
37	43	5.0
37	44	3.0
38	38	343.0
38	39	18.0
38	40	4.0
38	41	16.0
38	42	9.0
38	43	8.0
38	44	1.0
38	62	2.0
39	39	345.0
39	40	14.0
39	41	11.0
39	42	5.0
39	43	13.0
39	44	3.0
39	57	1.0
39	58	4.0
39	59	5.0
39	60	5.0
40	40	356.0
40	41	37.0
40	42	10.0
40	43	1.0
40	44	4.0
40	54	3.0
40	55	18.0
40	56	24.0
40	57	14.0
40	58	2.0
40	60	2.0
41	41	363.0
41	42	2.0
41	43	5.0
41	44	5.0
41	51	2.0
41	52	1.0
41	53	1.0
41	54	6.0
41	55	6.0
42	42	392.0
42	43	23.0
42	44	14.0
42	49	7.0
42	50	6.0
42	51	1.0
42	52	1.0
43	43	394.0
43	44	17.0
43	49	2.0
43	50	3.0
43	60	1.0
44	44	466.0
44	45	10.0
44	46	15.0
44	47	7.0
44	48	1.0
44	50	1.0
45	45	449.0
45	46	36.0
45	47	43.0
45	48	9.0
45	49	2.0
45	50	6.0
46	46	413.0
46	47	35.0
46	49	3.0
46	50	3.0
47	47	387.0
47	48	4.0
47	49	2.0
47	50	3.0
48	48	320.0
48	49	13.0
48	50	6.0
48	51	2.0
48	52	1.0
49	49	431.0
49	50	6.0
49	62	1.0
50	50	301.0
50	51	21.0
50	52	5.0
50	54	1.0
51	51	360.0
51	52	10.0
51	53	2.0
51	54	2.0
51	61	1.0
52	52	329.0
52	53	18.0
52	54	6.0
53	53	331.0
53	54	31.0
53	58	1.0
54	54	356.0
54	55	9.0
55	55	397.0
55	56	36.0
56	56	460.0
56	57	23.0
56	58	1.0
56	60	1.0
57	57	364.0
57	58	18.0
57	59	4.0
57	60	22.0
58	58	427.0
58	59	25.0
58	60	11.0
58	61	1.0
58	62	1.0
59	59	415.0
59	60	18.0
60	60	416.0
60	61	16.0
60	62	1.0
61	61	450.0
61	62	14.0
62	62	421.0
64	1	12.0
64	35	14.0
64	36	4.0
64	62	9.0
64	64	361.0
