1	1	230.0
1	2	5.0
1	109	1.0
1	111	2.0
1	134	1.0
2	1	3.0
2	2	252.0
2	3	1.0
2	45	1.0
2	131	1.0
3	2	2.0
3	3	222.0
3	4	5.0
3	40	1.0
3	44	1.0
3	72	1.0
3	122	1.0
3	125	2.0
3	126	1.0
3	128	2.0
3	130	1.0
4	3	2.0
4	4	211.0
4	5	3.0
4	6	1.0
4	128	1.0
4	130	1.0
4	131	1.0
5	4	3.0
5	5	190.0
5	6	4.0
5	17	1.0
5	20	1.0
5	53	1.0
5	129	1.0
5	130	1.0
6	4	1.0
6	5	2.0
6	6	211.0
6	7	1.0
6	21	1.0
6	123	1.0
6	129	1.0
7	7	187.0
7	8	3.0
7	9	4.0
7	10	1.0
8	7	3.0
8	8	170.0
8	9	2.0
8	10	2.0
9	8	3.0
9	9	179.0
9	10	2.0
9	11	2.0
9	53	1.0
10	9	3.0
10	10	194.0
10	11	3.0
10	12	1.0
10	129	1.0
11	9	1.0
11	10	3.0
11	11	203.0
11	12	2.0
11	129	2.0
12	9	1.0
12	10	1.0
12	11	2.0
12	12	219.0
12	13	2.0
12	14	1.0
12	15	1.0
12	22	1.0
12	64	1.0
13	13	239.0
13	14	4.0
13	15	1.0
14	12	1.0
14	13	5.0
14	14	197.0
14	15	3.0
14	16	2.0
14	17	1.0
14	22	1.0
14	25	3.0
15	12	1.0
15	14	2.0
15	15	224.0
15	16	2.0
16	12	2.0
16	15	1.0
16	16	213.0
16	17	3.0
16	20	1.0
16	21	1.0
17	5	1.0
17	12	1.0
17	14	1.0
17	16	5.0
17	17	220.0
17	18	2.0
17	20	2.0
17	21	1.0
17	22	1.0
18	16	2.0
18	17	2.0
18	18	214.0
18	19	3.0
18	21	1.0
19	18	10.0
19	19	211.0
19	20	3.0
19	61	1.0
20	17	1.0
20	18	2.0
20	20	227.0
20	21	2.0
20	52	1.0
21	16	2.0
21	17	1.0
21	19	1.0
21	21	196.0
21	22	3.0
22	5	1.0
22	6	2.0
22	22	202.0
22	25	2.0
23	13	2.0
23	23	216.0
23	24	5.0
23	26	4.0
24	22	1.0
24	23	3.0
24	24	194.0
24	25	1.0
24	49	1.0
25	22	2.0
25	23	2.0
25	24	1.0
25	25	242.0
25	26	3.0
25	27	1.0
26	24	1.0
26	25	11.0
26	26	163.0
26	27	5.0
27	24	1.0
27	27	178.0
27	28	3.0
27	29	1.0
27	31	1.0
28	27	1.0
28	28	199.0
28	29	4.0
28	33	1.0
28	34	1.0
28	39	1.0
28	118	1.0
29	27	1.0
29	28	7.0
29	29	226.0
29	30	2.0
29	31	1.0
29	66	1.0
29	119	1.0
30	28	1.0
30	29	2.0
30	30	187.0
30	31	1.0
30	32	2.0
31	9	2.0
31	27	1.0
31	29	3.0
31	30	2.0
31	31	190.0
31	32	1.0
32	30	2.0
32	31	2.0
32	32	217.0
32	33	1.0
32	34	3.0
32	42	1.0
32	43	1.0
32	52	1.0
33	28	2.0
33	30	1.0
33	32	5.0
33	33	223.0
33	34	1.0
33	41	1.0
33	65	1.0
34	32	1.0
34	33	4.0
34	34	209.0
34	37	1.0
34	38	5.0
34	39	3.0
34	41	1.0
34	66	1.0
37	37	24.0
38	34	1.0
38	37	2.0
38	38	237.0
38	39	5.0
38	40	2.0
38	41	1.0
38	42	1.0
38	44	1.0
38	107	1.0
39	27	1.0
39	33	3.0
39	34	5.0
39	38	5.0
39	39	204.0
39	40	3.0
39	41	2.0
40	38	2.0
40	39	2.0
40	40	210.0
40	49	1.0
41	33	1.0
41	34	2.0
41	38	2.0
41	39	1.0
41	41	224.0
41	42	3.0
41	43	1.0
41	66	1.0
42	32	1.0
42	38	1.0
42	41	4.0
42	42	230.0
42	43	2.0
42	44	1.0
42	129	1.0
43	43	226.0
43	44	1.0
43	45	1.0
43	46	1.0
43	130	1.0
44	2	1.0
44	42	1.0
44	43	1.0
44	44	197.0
44	45	8.0
44	46	2.0
45	3	1.0
45	43	2.0
45	44	3.0
45	45	184.0
45	46	1.0
45	131	1.0
46	45	3.0
46	46	254.0
46	47	2.0
46	49	1.0
46	54	1.0
47	45	3.0
47	46	3.0
47	47	231.0
47	48	2.0
47	49	3.0
47	50	1.0
48	44	2.0
48	45	1.0
48	46	2.0
48	47	3.0
48	48	199.0
48	49	3.0
48	131	2.0
49	3	1.0
49	47	1.0
49	48	2.0
49	49	178.0
49	50	1.0
50	47	2.0
50	49	1.0
50	50	215.0
50	51	4.0
51	50	1.0
51	51	206.0
51	52	1.0
51	53	1.0
52	5	2.0
52	6	1.0
52	49	1.0
52	50	1.0
52	51	1.0
52	52	214.0
52	53	4.0
53	5	2.0
53	12	1.0
53	20	1.0
53	50	1.0
53	52	2.0
53	53	211.0
54	50	2.0
54	53	1.0
54	54	224.0
55	1	1.0
55	55	190.0
55	56	3.0
56	54	1.0
56	55	1.0
56	56	232.0
56	57	1.0
56	118	1.0
57	56	1.0
57	57	242.0
58	58	239.0
58	59	6.0
58	62	2.0
59	58	3.0
59	59	216.0
59	60	2.0
59	62	1.0
59	68	1.0
60	8	1.0
60	58	1.0
60	59	2.0
60	60	214.0
60	61	1.0
61	59	3.0
61	61	193.0
61	62	3.0
61	90	1.0
62	58	1.0
62	60	1.0
62	61	1.0
62	62	230.0
62	63	1.0
63	63	196.0
63	64	7.0
63	80	1.0
64	26	1.0
64	63	3.0
64	64	190.0
65	34	1.0
65	64	1.0
65	65	224.0
65	66	1.0
65	82	1.0
65	108	1.0
66	65	1.0
66	66	196.0
66	67	3.0
66	79	1.0
66	112	1.0
67	33	1.0
67	66	4.0
67	67	234.0
67	68	3.0
67	107	2.0
68	41	1.0
68	67	5.0
68	68	227.0
68	69	1.0
68	104	1.0
68	105	1.0
69	67	1.0
69	68	1.0
69	69	201.0
69	70	3.0
69	74	1.0
69	103	1.0
70	69	1.0
70	70	227.0
70	71	2.0
70	74	1.0
70	103	1.0
71	70	5.0
71	71	218.0
71	72	1.0
71	77	1.0
71	78	1.0
72	72	222.0
72	73	7.0
72	74	3.0
72	76	3.0
73	72	2.0
73	73	182.0
73	74	3.0
73	75	2.0
73	76	2.0
74	72	1.0
74	73	2.0
74	74	170.0
74	75	3.0
74	76	2.0
75	19	1.0
75	72	1.0
75	73	3.0
75	74	2.0
75	75	250.0
75	76	1.0
75	90	1.0
75	108	1.0
76	32	1.0
76	73	2.0
76	74	1.0
76	76	247.0
77	71	1.0
77	77	220.0
77	78	6.0
77	79	1.0
78	69	1.0
78	77	5.0
78	78	212.0
78	79	2.0
78	117	1.0
79	77	2.0
79	78	3.0
79	79	204.0
79	113	1.0
80	50	1.0
80	76	1.0
80	78	1.0
80	79	4.0
80	80	218.0
80	81	4.0
80	82	1.0
80	83	1.0
80	85	1.0
80	113	1.0
81	80	1.0
81	81	201.0
81	83	2.0
81	85	1.0
82	81	2.0
82	82	207.0
82	83	1.0
82	84	1.0
82	85	1.0
82	105	1.0
83	26	1.0
83	82	2.0
83	83	202.0
83	84	6.0
83	85	3.0
83	87	1.0
84	82	2.0
84	83	3.0
84	84	206.0
84	85	2.0
85	80	1.0
85	81	4.0
85	82	4.0
85	83	2.0
85	84	1.0
85	85	197.0
85	86	3.0
85	88	1.0
86	83	1.0
86	84	3.0
86	85	4.0
86	86	200.0
86	87	1.0
86	88	4.0
86	96	1.0
87	83	1.0
87	85	1.0
87	87	214.0
87	88	1.0
87	89	1.0
87	107	1.0
87	116	1.0
88	68	1.0
88	81	2.0
88	85	1.0
88	86	5.0
88	87	5.0
88	88	202.0
88	89	4.0
88	95	1.0
88	96	3.0
88	101	2.0
88	106	1.0
89	87	1.0
89	88	1.0
89	89	196.0
89	90	1.0
89	91	1.0
89	94	2.0
89	100	1.0
89	101	2.0
89	102	1.0
90	90	220.0
90	91	2.0
90	93	1.0
90	94	1.0
90	95	4.0
90	97	2.0
91	90	1.0
91	91	194.0
91	92	6.0
91	93	4.0
91	95	1.0
91	103	1.0
92	91	5.0
92	92	218.0
92	93	3.0
92	94	1.0
92	95	1.0
93	90	2.0
93	91	2.0
93	93	222.0
93	94	1.0
94	63	1.0
94	89	2.0
94	91	2.0
94	92	2.0
94	93	1.0
94	94	216.0
94	95	5.0
94	98	1.0
95	89	1.0
95	90	2.0
95	91	1.0
95	94	2.0
95	95	201.0
95	96	1.0
96	86	2.0
96	87	1.0
96	88	1.0
96	95	4.0
96	96	219.0
96	97	3.0
96	98	3.0
97	96	1.0
97	97	185.0
97	98	4.0
98	90	2.0
98	94	1.0
98	96	3.0
98	97	5.0
98	98	189.0
99	99	242.0
99	100	7.0
99	101	3.0
99	108	1.0
100	25	1.0
100	31	1.0
100	99	2.0
100	100	243.0
100	101	8.0
101	52	1.0
101	77	1.0
101	87	1.0
101	88	1.0
101	89	2.0
101	100	1.0
101	101	224.0
101	102	1.0
101	110	1.0
102	50	1.0
102	86	1.0
102	93	1.0
102	101	1.0
102	102	219.0
102	103	4.0
102	105	2.0
103	69	4.0
103	73	1.0
103	81	1.0
103	102	7.0
103	103	190.0
103	104	3.0
103	105	2.0
104	69	1.0
104	102	1.0
104	103	1.0
104	104	221.0
104	105	3.0
104	108	1.0
105	68	1.0
105	80	1.0
105	81	2.0
105	102	1.0
105	104	4.0
105	105	195.0
105	106	2.0
105	107	2.0
106	67	1.0
106	82	4.0
106	87	1.0
106	101	1.0
106	105	1.0
106	106	213.0
106	107	2.0
107	66	1.0
107	67	1.0
107	99	2.0
107	105	1.0
107	106	1.0
107	107	225.0
107	108	3.0
107	109	1.0
108	83	1.0
108	100	1.0
108	107	3.0
108	108	228.0
108	109	1.0
109	1	2.0
109	65	1.0
109	99	2.0
109	100	1.0
109	107	1.0
109	108	2.0
109	109	187.0
109	112	3.0
109	129	1.0
110	109	2.0
110	110	210.0
110	111	3.0
110	134	2.0
111	1	4.0
111	2	2.0
111	109	2.0
111	110	3.0
111	111	195.0
111	112	1.0
112	31	1.0
112	64	1.0
112	109	1.0
112	112	193.0
112	113	1.0
112	115	1.0
113	10	1.0
113	112	2.0
113	113	185.0
113	114	2.0
113	115	1.0
114	66	1.0
114	67	2.0
114	80	1.0
114	81	2.0
114	82	2.0
114	114	241.0
114	115	1.0
114	116	3.0
114	117	1.0
115	114	1.0
115	115	182.0
115	116	6.0
116	114	2.0
116	115	2.0
116	116	223.0
116	117	2.0
117	114	1.0
117	116	2.0
117	117	214.0
117	118	3.0
118	95	1.0
118	117	6.0
118	118	248.0
118	119	6.0
119	27	3.0
119	28	1.0
119	118	8.0
119	119	227.0
119	120	1.0
120	26	1.0
120	27	1.0
120	118	1.0
120	119	3.0
120	120	211.0
120	121	1.0
120	122	2.0
121	28	1.0
121	118	1.0
121	120	3.0
121	121	212.0
122	6	1.0
122	57	1.0
122	120	1.0
122	121	1.0
122	122	195.0
122	123	3.0
122	124	2.0
123	56	1.0
123	122	1.0
123	123	211.0
123	124	4.0
124	123	5.0
124	124	218.0
124	126	2.0
124	127	1.0
125	3	2.0
125	45	1.0
125	124	3.0
125	125	219.0
125	127	2.0
125	131	2.0
125	132	1.0
126	3	1.0
126	4	1.0
126	125	2.0
126	126	217.0
126	127	2.0
126	128	6.0
126	129	1.0
127	126	7.0
127	127	207.0
127	128	6.0
128	5	1.0
128	125	2.0
128	126	5.0
128	127	4.0
128	128	196.0
128	130	2.0
129	5	2.0
129	126	1.0
129	127	1.0
129	128	1.0
129	129	203.0
129	130	5.0
130	5	2.0
130	11	2.0
130	48	2.0
130	55	1.0
130	124	1.0
130	125	2.0
130	126	2.0
130	127	1.0
130	129	1.0
130	130	209.0
130	131	2.0
130	132	1.0
131	2	2.0
131	45	1.0
131	48	2.0
131	125	2.0
131	129	1.0
131	130	2.0
131	131	205.0
131	132	6.0
132	45	1.0
132	131	3.0
132	132	198.0
132	133	3.0
133	133	145.0
133	134	1.0
134	1	2.0
134	110	1.0
134	133	2.0
134	134	207.0
