1	1	371.0
1	2	30.0
1	5	1.0
1	23	1.0
1	114	1.0
1	127	1.0
2	2	428.0
2	3	2.0
2	4	13.0
2	5	4.0
2	8	1.0
2	20	1.0
2	51	1.0
2	53	1.0
2	70	1.0
2	71	1.0
2	98	1.0
2	146	1.0
2	151	1.0
3	3	343.0
3	4	33.0
3	5	1.0
3	29	1.0
3	52	1.0
3	88	1.0
3	99	1.0
3	104	1.0
3	107	1.0
3	127	1.0
3	131	1.0
3	140	1.0
4	4	325.0
4	5	11.0
4	102	1.0
4	125	1.0
4	127	1.0
4	141	1.0
4	150	1.0
5	5	312.0
5	6	7.0
5	23	1.0
5	56	1.0
5	75	1.0
5	86	1.0
5	97	1.0
5	107	1.0
5	108	1.0
5	151	1.0
5	152	1.0
6	6	272.0
6	7	3.0
6	29	1.0
6	30	9.0
6	31	1.0
6	99	1.0
6	131	2.0
6	151	1.0
7	7	295.0
7	8	17.0
7	9	3.0
7	10	1.0
7	14	1.0
7	15	1.0
7	16	1.0
7	30	1.0
7	66	1.0
7	75	1.0
7	109	1.0
7	126	1.0
8	8	340.0
8	9	18.0
8	10	9.0
8	15	2.0
8	16	1.0
8	136	1.0
8	147	2.0
9	9	287.0
9	10	26.0
9	11	10.0
9	12	2.0
9	13	3.0
9	16	1.0
9	45	2.0
10	10	287.0
10	11	40.0
10	12	8.0
10	18	1.0
10	20	1.0
10	64	1.0
10	108	1.0
10	120	1.0
11	11	301.0
11	12	22.0
11	13	1.0
11	14	3.0
11	17	1.0
11	33	1.0
11	94	1.0
11	137	1.0
12	12	268.0
12	13	11.0
12	14	13.0
12	15	10.0
12	16	9.0
12	17	3.0
12	47	1.0
12	61	1.0
12	120	1.0
12	123	1.0
12	144	1.0
13	13	271.0
13	14	25.0
13	15	10.0
13	16	10.0
13	17	4.0
13	18	1.0
13	24	1.0
13	35	1.0
13	81	1.0
13	85	1.0
14	14	265.0
14	16	14.0
14	17	14.0
14	18	2.0
14	19	1.0
14	20	5.0
14	21	5.0
14	42	1.0
14	62	1.0
14	138	1.0
15	15	290.0
15	16	8.0
15	17	1.0
15	18	1.0
15	46	1.0
15	121	1.0
15	125	1.0
15	138	5.0
16	16	287.0
16	17	2.0
16	18	2.0
16	19	2.0
16	20	9.0
16	21	2.0
16	36	1.0
16	54	1.0
16	73	1.0
16	119	1.0
16	156	1.0
17	17	292.0
17	18	23.0
17	19	19.0
17	20	8.0
17	21	7.0
17	22	2.0
17	23	2.0
17	24	2.0
17	25	1.0
17	27	2.0
17	28	2.0
17	52	1.0
17	79	1.0
17	99	1.0
17	100	1.0
17	131	1.0
17	140	2.0
17	142	1.0
17	146	2.0
18	18	304.0
18	19	17.0
18	20	14.0
18	21	20.0
18	22	3.0
18	23	10.0
18	24	1.0
18	25	1.0
18	27	1.0
18	56	1.0
18	78	1.0
18	79	4.0
18	85	1.0
18	108	1.0
18	117	1.0
18	125	1.0
18	131	1.0
19	19	275.0
19	20	21.0
19	21	28.0
19	22	4.0
19	23	2.0
19	25	8.0
19	26	2.0
19	27	10.0
19	28	1.0
19	62	1.0
19	78	1.0
19	79	4.0
19	117	1.0
19	125	9.0
19	139	1.0
20	20	280.0
20	21	34.0
20	22	5.0
20	23	1.0
20	24	1.0
20	25	12.0
20	26	7.0
20	27	11.0
20	28	3.0
20	45	1.0
20	124	1.0
20	142	1.0
20	148	1.0
21	21	318.0
21	22	5.0
21	23	7.0
21	25	1.0
21	26	4.0
21	27	2.0
21	28	2.0
21	71	1.0
21	100	1.0
21	105	3.0
21	136	1.0
21	137	2.0
22	22	327.0
22	23	24.0
22	24	4.0
22	25	5.0
22	68	2.0
22	83	1.0
22	88	1.0
23	23	276.0
23	24	27.0
23	25	8.0
23	26	1.0
23	27	2.0
23	61	1.0
23	149	2.0
24	24	316.0
24	25	16.0
24	27	3.0
24	29	1.0
24	37	1.0
24	80	1.0
24	137	1.0
24	154	1.0
25	25	322.0
25	26	17.0
25	27	19.0
25	28	2.0
25	29	6.0
25	77	1.0
25	79	1.0
25	97	1.0
25	114	1.0
25	124	1.0
25	131	1.0
25	132	1.0
25	148	1.0
25	153	1.0
26	26	353.0
26	27	14.0
26	28	2.0
26	29	6.0
26	30	17.0
26	31	1.0
26	65	1.0
26	79	1.0
26	83	1.0
26	99	1.0
26	125	9.0
26	126	1.0
26	133	4.0
26	143	1.0
26	147	1.0
27	27	332.0
27	28	16.0
27	29	18.0
27	31	15.0
27	32	4.0
27	38	1.0
27	128	1.0
27	132	3.0
27	147	1.0
28	28	281.0
28	29	21.0
28	30	6.0
28	31	5.0
28	32	2.0
28	61	1.0
28	77	2.0
28	78	6.0
28	79	10.0
28	81	1.0
28	109	1.0
28	124	1.0
28	134	1.0
29	29	323.0
29	30	20.0
29	31	2.0
29	55	1.0
29	152	1.0
29	156	1.0
30	30	314.0
30	31	18.0
30	32	11.0
30	130	1.0
30	131	2.0
30	134	1.0
30	136	1.0
30	138	1.0
30	146	1.0
30	151	1.0
31	31	342.0
31	32	23.0
31	134	1.0
31	135	2.0
31	136	1.0
32	32	287.0
32	33	10.0
32	71	1.0
32	90	1.0
32	129	2.0
32	130	6.0
32	144	1.0
33	33	274.0
33	34	26.0
33	35	5.0
33	47	1.0
33	55	1.0
33	77	2.0
33	87	1.0
33	97	1.0
33	102	4.0
33	103	3.0
33	104	6.0
33	106	3.0
33	129	2.0
33	130	4.0
33	137	1.0
33	138	3.0
34	34	304.0
34	35	27.0
34	55	5.0
34	68	1.0
34	77	1.0
34	79	1.0
34	97	1.0
34	102	10.0
34	103	1.0
34	104	7.0
34	105	1.0
34	106	2.0
34	128	1.0
34	129	15.0
34	130	5.0
34	137	1.0
34	138	11.0
35	35	259.0
35	36	6.0
35	56	1.0
35	57	1.0
35	61	1.0
35	67	1.0
35	89	1.0
35	98	1.0
35	99	1.0
35	102	5.0
35	103	5.0
35	105	4.0
35	106	3.0
35	116	2.0
35	122	1.0
35	128	18.0
35	129	5.0
35	130	7.0
35	131	1.0
35	135	1.0
35	138	5.0
36	36	341.0
36	37	35.0
36	38	2.0
36	39	1.0
36	45	1.0
36	47	9.0
36	50	2.0
36	51	1.0
36	53	2.0
36	54	1.0
36	67	1.0
36	85	1.0
36	101	2.0
36	103	1.0
36	119	4.0
36	120	3.0
36	128	6.0
36	135	1.0
37	37	338.0
37	38	15.0
37	47	1.0
37	50	11.0
37	52	1.0
37	53	13.0
37	54	5.0
37	67	2.0
37	124	3.0
37	133	1.0
37	134	2.0
37	145	1.0
38	38	314.0
38	39	6.0
38	43	1.0
38	45	2.0
38	46	1.0
38	47	2.0
38	50	13.0
38	51	1.0
38	53	2.0
38	54	1.0
38	115	2.0
38	120	1.0
38	123	4.0
38	124	15.0
38	125	10.0
38	126	9.0
38	127	2.0
38	130	2.0
39	39	290.0
39	40	15.0
39	41	4.0
39	42	4.0
39	43	15.0
39	44	2.0
39	45	3.0
39	46	11.0
39	47	9.0
39	48	3.0
39	49	2.0
39	51	2.0
39	54	1.0
39	76	1.0
39	99	1.0
39	123	1.0
39	124	2.0
39	126	1.0
39	127	11.0
39	128	1.0
40	40	277.0
40	41	42.0
40	42	21.0
40	43	6.0
40	45	1.0
40	46	16.0
40	49	4.0
40	97	2.0
40	98	1.0
40	127	1.0
41	41	325.0
41	42	51.0
41	43	6.0
41	45	1.0
41	46	7.0
41	48	1.0
41	88	1.0
41	90	1.0
41	92	1.0
41	94	2.0
41	97	2.0
41	98	1.0
41	120	1.0
41	157	1.0
42	42	295.0
42	43	9.0
42	56	1.0
42	70	1.0
42	92	2.0
42	94	3.0
42	95	4.0
42	97	9.0
42	98	4.0
42	111	1.0
42	125	1.0
42	146	1.0
43	43	326.0
43	44	6.0
43	45	2.0
43	46	1.0
43	56	1.0
43	61	1.0
43	96	1.0
43	98	2.0
44	44	418.0
44	45	26.0
44	47	2.0
44	51	2.0
44	95	1.0
44	105	1.0
44	110	1.0
44	111	1.0
44	126	1.0
44	156	2.0
45	45	310.0
45	46	31.0
45	47	15.0
45	50	2.0
45	51	1.0
45	52	1.0
45	54	4.0
45	94	1.0
45	99	1.0
45	107	1.0
45	109	1.0
45	123	1.0
45	124	2.0
46	46	310.0
46	47	31.0
46	48	8.0
46	49	6.0
46	50	2.0
46	51	12.0
46	52	3.0
46	53	2.0
46	102	1.0
46	112	1.0
46	123	4.0
46	124	2.0
47	47	300.0
47	48	2.0
47	49	5.0
47	50	10.0
47	51	14.0
47	52	23.0
47	53	8.0
47	54	1.0
47	79	1.0
47	120	2.0
47	136	1.0
47	144	1.0
47	158	1.0
48	48	356.0
48	49	30.0
48	50	10.0
48	51	14.0
48	52	2.0
48	57	2.0
48	58	1.0
48	61	2.0
48	62	3.0
48	63	2.0
48	91	2.0
48	95	1.0
48	96	2.0
48	97	1.0
48	118	1.0
48	142	1.0
49	49	314.0
49	50	7.0
49	51	5.0
49	81	1.0
49	83	1.0
49	84	1.0
49	91	1.0
49	96	1.0
49	97	2.0
49	98	2.0
49	104	2.0
49	152	1.0
50	50	273.0
50	51	23.0
50	52	8.0
50	53	11.0
50	54	7.0
50	56	8.0
50	57	5.0
50	58	1.0
50	62	1.0
50	63	2.0
50	71	1.0
50	105	1.0
50	110	1.0
50	116	4.0
50	120	1.0
50	126	1.0
50	147	1.0
50	151	1.0
51	51	314.0
51	52	31.0
51	53	10.0
51	54	14.0
51	57	8.0
51	73	1.0
51	114	1.0
51	116	1.0
51	132	1.0
52	52	285.0
52	53	36.0
52	54	4.0
52	55	1.0
52	64	1.0
52	113	2.0
52	115	2.0
52	116	2.0
52	120	1.0
52	126	1.0
53	53	292.0
53	54	39.0
53	82	1.0
53	85	1.0
53	99	1.0
53	107	1.0
53	113	2.0
53	119	1.0
53	120	6.0
53	121	1.0
53	123	1.0
53	126	1.0
53	127	1.0
53	157	1.0
54	54	305.0
54	55	12.0
54	87	1.0
54	98	1.0
54	107	2.0
54	117	1.0
54	118	5.0
54	120	1.0
54	123	5.0
54	124	1.0
54	155	1.0
54	156	3.0
54	157	2.0
55	55	270.0
55	56	6.0
55	61	3.0
55	62	1.0
55	76	1.0
55	95	1.0
55	107	6.0
55	113	1.0
55	115	2.0
55	116	11.0
55	117	5.0
55	118	9.0
55	119	5.0
55	121	1.0
55	130	1.0
55	151	1.0
55	152	4.0
55	153	3.0
55	155	2.0
55	156	3.0
55	157	7.0
55	158	3.0
56	56	260.0
56	57	15.0
56	61	3.0
56	62	1.0
56	63	11.0
56	77	1.0
56	92	1.0
56	109	3.0
56	113	1.0
56	114	9.0
56	115	2.0
56	117	1.0
56	126	1.0
56	148	1.0
56	150	1.0
56	158	2.0
56	159	1.0
57	57	226.0
57	61	8.0
57	62	5.0
57	63	8.0
57	64	1.0
57	80	1.0
57	98	1.0
57	108	1.0
57	109	8.0
57	158	1.0
57	159	1.0
58	58	22.0
58	61	3.0
58	110	1.0
61	61	919.0
61	62	27.0
61	63	12.0
61	64	13.0
61	77	1.0
61	78	2.0
61	79	1.0
61	85	1.0
61	86	6.0
61	87	14.0
61	88	2.0
61	90	5.0
61	91	11.0
61	93	1.0
61	95	1.0
61	96	5.0
61	99	1.0
61	107	2.0
61	108	2.0
61	109	5.0
61	110	5.0
61	111	2.0
61	113	1.0
61	114	1.0
61	115	1.0
61	118	1.0
61	133	1.0
61	136	1.0
61	151	1.0
61	154	1.0
61	155	1.0
62	62	366.0
62	63	20.0
62	64	4.0
62	87	1.0
62	91	2.0
62	95	1.0
62	96	1.0
62	106	1.0
62	152	1.0
63	63	265.0
63	64	6.0
63	65	1.0
63	91	3.0
63	95	1.0
63	96	1.0
63	110	1.0
63	112	1.0
63	120	1.0
63	145	1.0
64	64	242.0
64	65	9.0
64	78	1.0
64	82	2.0
64	89	1.0
64	99	6.0
64	100	2.0
64	158	1.0
65	65	235.0
65	66	15.0
65	67	4.0
65	68	2.0
65	69	3.0
65	70	1.0
65	71	1.0
65	73	6.0
65	74	5.0
65	91	1.0
65	99	9.0
65	100	7.0
65	101	1.0
65	143	1.0
65	154	1.0
66	66	257.0
66	67	8.0
66	68	9.0
66	69	22.0
66	70	2.0
66	71	1.0
66	72	5.0
66	73	11.0
66	76	1.0
66	99	2.0
66	100	5.0
66	123	1.0
66	132	2.0
66	157	1.0
67	67	299.0
67	68	42.0
67	69	11.0
67	70	11.0
67	71	3.0
67	73	4.0
67	74	2.0
67	75	1.0
67	85	1.0
67	132	1.0
67	157	3.0
68	68	289.0
68	69	17.0
68	70	17.0
68	71	5.0
68	72	3.0
68	73	5.0
68	104	1.0
68	115	1.0
68	124	1.0
68	156	1.0
68	157	11.0
68	158	2.0
69	69	327.0
69	70	28.0
69	71	10.0
69	72	2.0
69	74	2.0
69	88	1.0
69	124	1.0
69	128	1.0
69	157	2.0
69	158	1.0
70	70	315.0
70	71	19.0
70	72	4.0
70	73	1.0
70	127	1.0
70	134	1.0
70	157	3.0
70	158	2.0
71	71	322.0
71	72	15.0
71	74	1.0
71	88	1.0
71	95	1.0
71	150	1.0
71	152	1.0
71	157	1.0
72	72	209.0
72	73	9.0
72	74	8.0
72	92	1.0
72	102	1.0
72	108	1.0
72	111	1.0
72	136	1.0
73	73	367.0
73	74	6.0
73	102	1.0
73	129	1.0
73	141	1.0
73	153	1.0
74	74	66.0
74	75	1.0
74	93	1.0
74	107	1.0
74	152	1.0
74	157	1.0
74	158	3.0
75	75	290.0
75	76	9.0
75	77	1.0
75	88	3.0
75	89	2.0
75	95	1.0
75	96	4.0
75	97	18.0
75	98	1.0
75	101	1.0
75	104	1.0
75	105	1.0
75	112	3.0
75	119	1.0
75	135	1.0
76	76	141.0
76	77	1.0
76	88	2.0
76	89	2.0
76	90	4.0
76	95	5.0
76	96	2.0
76	97	2.0
76	98	1.0
76	99	1.0
76	102	2.0
76	103	4.0
76	104	1.0
76	106	7.0
76	107	21.0
76	113	1.0
76	115	1.0
76	117	12.0
77	77	299.0
77	78	38.0
77	79	16.0
77	80	9.0
77	81	1.0
77	82	5.0
77	84	3.0
77	86	2.0
77	89	1.0
77	94	1.0
77	101	1.0
77	103	2.0
77	104	4.0
77	105	1.0
77	106	9.0
77	110	1.0
77	111	1.0
77	128	1.0
77	131	1.0
77	137	2.0
77	138	1.0
78	78	276.0
78	79	29.0
78	80	11.0
78	81	3.0
78	84	1.0
78	86	2.0
78	87	1.0
78	90	1.0
78	99	1.0
78	100	1.0
78	106	1.0
78	107	1.0
78	111	2.0
78	125	2.0
78	126	1.0
78	132	1.0
79	79	277.0
79	80	19.0
79	81	16.0
79	82	2.0
79	83	1.0
79	84	3.0
79	85	1.0
79	87	2.0
79	94	1.0
79	109	1.0
79	110	1.0
79	111	1.0
79	125	1.0
79	141	1.0
80	80	288.0
80	81	28.0
80	82	11.0
80	84	1.0
80	91	1.0
80	101	1.0
80	105	1.0
80	106	1.0
80	110	5.0
80	111	3.0
80	112	1.0
80	116	1.0
81	81	260.0
81	82	12.0
81	83	2.0
81	84	3.0
81	99	1.0
81	103	1.0
81	126	1.0
81	154	1.0
82	82	301.0
82	83	36.0
82	84	23.0
82	85	10.0
82	88	2.0
82	97	1.0
82	115	2.0
82	130	1.0
82	135	1.0
82	145	1.0
83	83	250.0
83	84	34.0
83	85	20.0
83	86	9.0
83	87	3.0
83	88	3.0
83	93	4.0
83	94	2.0
83	95	5.0
83	111	1.0
83	136	2.0
83	137	1.0
84	84	282.0
84	85	24.0
84	86	3.0
84	88	1.0
84	97	1.0
84	135	6.0
84	136	5.0
84	137	19.0
85	85	271.0
85	86	33.0
85	87	11.0
85	88	9.0
85	90	2.0
85	91	4.0
85	126	1.0
85	135	3.0
85	136	8.0
85	137	5.0
85	155	1.0
86	86	299.0
86	87	30.0
86	88	9.0
86	89	3.0
86	90	6.0
86	91	10.0
86	92	1.0
86	103	1.0
86	104	3.0
86	105	1.0
86	106	2.0
86	107	6.0
86	114	1.0
86	137	1.0
86	138	2.0
87	87	304.0
87	88	6.0
87	89	7.0
87	90	7.0
87	91	2.0
87	93	3.0
87	103	3.0
87	106	6.0
87	107	7.0
87	108	1.0
87	117	1.0
87	136	1.0
87	137	1.0
88	88	287.0
88	89	21.0
88	90	18.0
88	92	1.0
88	106	1.0
88	135	1.0
88	138	1.0
89	89	290.0
89	90	27.0
89	91	1.0
89	94	5.0
89	95	4.0
90	90	279.0
90	91	15.0
90	92	1.0
90	94	6.0
90	95	4.0
90	96	1.0
90	97	6.0
91	91	301.0
91	92	12.0
91	93	4.0
91	94	10.0
91	95	9.0
91	96	9.0
91	97	1.0
91	98	2.0
91	100	1.0
91	108	3.0
91	110	1.0
91	111	1.0
91	113	7.0
91	118	1.0
91	148	1.0
92	92	294.0
92	93	26.0
92	94	4.0
92	95	14.0
92	96	1.0
92	97	12.0
92	98	6.0
92	108	3.0
92	111	7.0
92	112	4.0
92	113	8.0
92	115	4.0
92	118	5.0
92	141	1.0
92	152	1.0
92	159	1.0
93	93	301.0
93	94	35.0
93	95	8.0
93	96	1.0
93	97	1.0
93	98	3.0
93	107	1.0
93	108	2.0
93	111	1.0
93	112	1.0
93	113	4.0
93	115	4.0
93	116	9.0
93	117	4.0
93	118	2.0
93	120	1.0
93	121	1.0
93	122	1.0
93	136	1.0
94	94	290.0
94	95	9.0
94	97	1.0
94	108	1.0
94	112	2.0
94	113	4.0
94	115	1.0
94	117	1.0
94	118	1.0
94	122	1.0
94	127	1.0
95	95	316.0
95	96	22.0
95	97	4.0
95	98	14.0
95	99	2.0
95	107	1.0
95	110	1.0
95	111	4.0
95	112	4.0
95	115	1.0
95	133	1.0
96	96	338.0
96	97	20.0
96	98	4.0
96	110	3.0
96	111	3.0
96	112	4.0
96	113	1.0
96	114	1.0
96	119	1.0
96	154	1.0
97	97	274.0
97	98	24.0
97	107	1.0
97	111	1.0
97	112	2.0
97	155	3.0
98	98	330.0
98	99	21.0
98	105	3.0
98	112	3.0
98	126	1.0
98	139	1.0
98	140	1.0
99	99	412.0
99	100	8.0
99	104	1.0
99	105	1.0
99	106	2.0
99	107	1.0
100	100	346.0
100	101	25.0
100	102	2.0
100	105	1.0
100	136	1.0
100	138	2.0
100	154	1.0
101	101	303.0
101	102	9.0
101	111	1.0
101	120	1.0
101	154	1.0
102	102	223.0
102	103	2.0
102	104	3.0
102	105	2.0
102	130	1.0
102	140	1.0
103	103	272.0
103	104	39.0
103	105	10.0
103	106	4.0
103	137	3.0
103	138	1.0
103	154	1.0
103	156	1.0
104	104	309.0
104	105	12.0
104	106	4.0
104	107	2.0
104	109	1.0
104	137	1.0
104	138	4.0
104	158	1.0
105	105	317.0
105	106	25.0
105	107	13.0
105	111	1.0
105	129	1.0
105	136	1.0
105	137	2.0
105	138	8.0
105	144	1.0
106	106	289.0
106	107	14.0
106	111	1.0
106	112	2.0
106	120	1.0
106	138	4.0
107	107	334.0
107	108	6.0
107	111	1.0
107	112	2.0
107	114	4.0
107	115	3.0
107	116	5.0
107	117	10.0
107	155	1.0
108	108	304.0
108	109	23.0
108	110	17.0
108	111	29.0
108	112	15.0
108	113	13.0
108	114	4.0
108	115	7.0
108	117	6.0
108	118	1.0
109	109	263.0
109	110	21.0
109	111	16.0
109	112	3.0
109	113	2.0
109	114	7.0
109	115	1.0
109	117	5.0
109	158	1.0
110	110	282.0
110	111	29.0
110	112	4.0
110	114	5.0
110	115	2.0
110	117	1.0
110	133	1.0
111	111	304.0
111	112	15.0
111	113	7.0
111	114	9.0
111	115	9.0
111	117	1.0
111	118	1.0
111	120	3.0
111	155	3.0
111	156	4.0
111	157	1.0
112	112	276.0
112	113	7.0
112	114	1.0
112	115	2.0
112	125	1.0
112	155	2.0
112	156	3.0
113	113	249.0
113	114	19.0
113	115	32.0
113	116	5.0
113	117	1.0
113	118	4.0
113	121	1.0
113	122	5.0
113	136	1.0
113	155	3.0
113	156	2.0
113	157	1.0
113	158	2.0
114	114	244.0
114	115	19.0
114	116	8.0
114	117	4.0
114	118	4.0
114	119	5.0
114	120	2.0
114	121	2.0
114	122	2.0
114	151	1.0
114	155	8.0
114	156	3.0
114	158	5.0
115	115	251.0
115	116	10.0
115	117	8.0
115	118	6.0
115	119	4.0
115	120	1.0
115	122	4.0
115	155	3.0
115	156	4.0
115	158	1.0
116	116	295.0
116	117	7.0
116	118	16.0
116	119	12.0
116	120	2.0
116	122	6.0
116	133	1.0
116	136	7.0
116	156	1.0
117	117	310.0
117	118	13.0
117	119	3.0
117	121	7.0
117	122	4.0
117	134	1.0
117	140	1.0
118	118	271.0
118	119	46.0
118	120	9.0
118	121	6.0
118	122	3.0
118	127	1.0
118	155	1.0
119	119	270.0
119	120	27.0
119	121	4.0
119	122	2.0
119	136	1.0
119	155	1.0
119	156	3.0
120	120	323.0
120	121	19.0
120	123	1.0
120	140	1.0
120	150	3.0
121	121	340.0
121	122	20.0
121	123	7.0
121	145	1.0
121	147	1.0
121	158	1.0
122	122	315.0
122	123	16.0
122	124	3.0
122	126	1.0
122	133	4.0
122	134	3.0
122	135	4.0
122	136	10.0
122	137	2.0
122	145	1.0
122	158	1.0
123	123	251.0
123	124	29.0
123	126	12.0
123	127	1.0
123	128	1.0
123	134	10.0
124	124	285.0
124	125	17.0
124	126	21.0
124	127	4.0
124	133	4.0
124	134	7.0
124	146	1.0
125	125	267.0
125	126	24.0
125	127	4.0
125	129	1.0
125	132	1.0
125	133	5.0
125	141	1.0
126	126	275.0
126	127	24.0
126	133	1.0
126	134	1.0
127	127	368.0
127	128	10.0
127	130	2.0
128	128	318.0
128	129	28.0
128	130	12.0
128	131	11.0
128	132	3.0
128	138	1.0
129	129	365.0
129	130	21.0
129	131	5.0
129	132	8.0
129	138	1.0
129	142	1.0
130	130	318.0
130	131	27.0
130	132	4.0
130	139	1.0
130	140	1.0
131	131	389.0
131	132	30.0
131	133	8.0
132	132	397.0
132	133	21.0
132	141	1.0
132	158	1.0
133	133	270.0
133	134	15.0
133	135	1.0
133	137	1.0
133	140	1.0
134	134	304.0
134	135	23.0
134	137	1.0
134	144	1.0
134	157	1.0
134	159	1.0
135	135	339.0
135	136	36.0
135	137	20.0
135	138	1.0
135	149	1.0
136	136	282.0
136	137	24.0
136	138	10.0
137	137	311.0
137	138	15.0
138	138	319.0
138	139	1.0
139	139	329.0
139	140	15.0
139	141	4.0
139	142	9.0
139	148	1.0
139	149	1.0
140	140	330.0
140	141	39.0
140	142	7.0
140	143	5.0
140	149	5.0
140	150	1.0
140	151	1.0
141	141	359.0
141	142	21.0
141	143	3.0
141	148	1.0
142	142	344.0
142	143	9.0
142	144	1.0
142	145	4.0
142	146	4.0
142	147	1.0
142	148	4.0
142	149	3.0
143	143	178.0
143	144	2.0
143	146	5.0
143	147	2.0
143	148	7.0
143	149	3.0
143	150	3.0
144	144	300.0
144	145	36.0
144	146	16.0
144	147	7.0
144	148	3.0
144	155	1.0
145	145	270.0
145	146	10.0
145	147	9.0
145	148	6.0
146	146	329.0
146	147	45.0
146	148	6.0
147	147	350.0
147	148	5.0
148	148	317.0
148	149	11.0
148	150	1.0
148	152	1.0
149	149	282.0
149	150	20.0
149	151	5.0
149	152	2.0
149	153	7.0
150	150	406.0
150	151	14.0
150	153	1.0
150	157	1.0
150	158	1.0
151	151	401.0
151	152	8.0
151	154	1.0
151	157	1.0
152	152	306.0
152	153	18.0
152	154	11.0
152	155	4.0
152	156	3.0
152	157	8.0
153	153	246.0
153	154	16.0
153	155	8.0
153	156	4.0
153	157	2.0
154	154	316.0
154	155	13.0
154	156	6.0
154	157	3.0
155	155	346.0
155	156	29.0
155	157	4.0
156	156	346.0
156	157	4.0
156	158	1.0
157	157	396.0
157	158	7.0
158	158	347.0
158	159	2.0
159	159	40.0
160	1	9.0
160	2	2.0
160	10	1.0
160	83	1.0
160	160	361.0
