1	1	402.0
1	2	12.0
1	64	3.0
2	1	7.0
2	2	480.0
2	13	1.0
3	3	406.0
3	4	1.0
3	24	1.0
3	64	1.0
4	3	13.0
4	4	439.0
4	20	2.0
4	21	1.0
5	4	1.0
5	5	432.0
5	6	1.0
5	13	1.0
5	16	2.0
5	17	3.0
5	21	3.0
5	22	4.0
5	23	2.0
5	35	1.0
5	50	1.0
6	5	2.0
6	6	409.0
6	7	12.0
6	8	3.0
6	9	1.0
6	22	1.0
6	23	3.0
6	24	1.0
7	4	1.0
7	6	7.0
7	7	441.0
7	8	7.0
7	9	2.0
8	6	4.0
8	7	2.0
8	8	390.0
8	9	4.0
8	17	2.0
8	18	1.0
8	19	2.0
9	6	2.0
9	7	4.0
9	8	3.0
9	9	436.0
9	10	4.0
9	11	4.0
10	6	1.0
10	9	4.0
10	10	388.0
10	11	10.0
10	12	2.0
10	24	5.0
10	25	1.0
11	9	1.0
11	10	4.0
11	11	412.0
11	12	7.0
11	13	1.0
11	24	1.0
11	25	1.0
12	10	1.0
12	11	7.0
12	12	398.0
12	13	3.0
12	25	1.0
13	11	3.0
13	12	1.0
13	13	415.0
13	14	4.0
13	16	1.0
13	17	4.0
13	19	1.0
13	20	6.0
13	45	1.0
13	54	1.0
14	4	2.0
14	14	423.0
14	15	10.0
14	16	5.0
14	17	3.0
14	18	1.0
15	5	1.0
15	14	11.0
15	15	388.0
15	16	4.0
15	17	2.0
15	20	1.0
16	4	1.0
16	14	7.0
16	15	6.0
16	16	459.0
16	17	4.0
16	19	1.0
16	20	2.0
17	5	5.0
17	14	2.0
17	15	1.0
17	16	6.0
17	17	400.0
17	18	5.0
17	19	3.0
17	20	2.0
17	21	5.0
18	8	1.0
18	13	1.0
18	16	1.0
18	17	7.0
18	18	409.0
18	19	7.0
18	20	5.0
18	21	1.0
19	8	1.0
19	13	1.0
19	16	3.0
19	17	3.0
19	18	9.0
19	19	425.0
19	20	5.0
19	60	1.0
20	4	1.0
20	13	2.0
20	17	2.0
20	18	7.0
20	19	4.0
20	20	373.0
20	25	1.0
20	50	1.0
21	1	1.0
21	5	2.0
21	16	2.0
21	17	4.0
21	20	1.0
21	21	357.0
21	22	4.0
21	54	1.0
22	16	1.0
22	20	1.0
22	21	2.0
22	22	365.0
22	23	1.0
22	31	1.0
22	40	1.0
22	50	2.0
22	52	1.0
22	54	1.0
23	5	2.0
23	12	1.0
23	22	3.0
23	23	417.0
23	24	2.0
24	6	2.0
24	9	1.0
24	10	4.0
24	12	2.0
24	23	4.0
24	24	434.0
24	25	1.0
24	26	2.0
24	50	1.0
25	11	3.0
25	12	5.0
25	23	2.0
25	24	1.0
25	25	354.0
25	29	2.0
25	30	1.0
25	45	1.0
25	51	3.0
26	10	1.0
26	26	91.0
29	25	4.0
29	29	160.0
29	30	2.0
29	53	1.0
30	25	2.0
30	30	383.0
30	31	3.0
30	60	1.0
31	30	4.0
31	31	423.0
31	32	10.0
32	29	1.0
32	31	6.0
32	32	424.0
32	33	4.0
33	7	1.0
33	32	8.0
33	33	421.0
33	34	2.0
34	10	1.0
34	33	1.0
34	34	400.0
34	35	10.0
34	36	1.0
34	56	1.0
35	17	2.0
35	34	4.0
35	35	404.0
35	36	6.0
36	34	4.0
36	35	3.0
36	36	461.0
36	37	3.0
36	46	1.0
37	36	7.0
37	37	438.0
37	38	2.0
37	39	6.0
37	40	2.0
37	41	1.0
37	49	1.0
37	56	2.0
37	57	1.0
38	11	1.0
38	37	1.0
38	38	399.0
38	39	7.0
38	40	2.0
38	46	1.0
38	47	1.0
38	57	4.0
38	58	1.0
39	37	10.0
39	38	4.0
39	39	437.0
39	42	3.0
39	57	1.0
39	58	2.0
40	37	1.0
40	38	2.0
40	39	4.0
40	40	403.0
40	41	9.0
40	42	3.0
40	52	1.0
40	56	2.0
41	38	1.0
41	39	3.0
41	40	10.0
41	41	407.0
41	42	6.0
42	37	2.0
42	39	2.0
42	40	3.0
42	41	6.0
42	42	421.0
42	43	3.0
42	58	1.0
43	22	1.0
43	42	2.0
43	43	415.0
43	44	2.0
43	47	2.0
43	48	2.0
43	51	2.0
43	52	1.0
43	56	1.0
44	30	1.0
44	42	1.0
44	43	3.0
44	44	471.0
44	45	7.0
44	49	1.0
44	55	1.0
44	56	1.0
45	25	1.0
45	44	4.0
45	45	440.0
45	46	6.0
45	50	1.0
45	56	1.0
46	39	2.0
46	45	5.0
46	46	395.0
46	47	1.0
46	49	3.0
46	56	2.0
46	57	3.0
47	45	3.0
47	46	9.0
47	47	394.0
47	48	12.0
47	49	2.0
47	57	3.0
48	6	1.0
48	30	1.0
48	43	2.0
48	44	1.0
48	46	2.0
48	47	2.0
48	48	454.0
48	49	1.0
48	55	1.0
48	56	4.0
49	23	1.0
49	47	5.0
49	48	5.0
49	49	434.0
49	50	2.0
49	52	4.0
49	54	4.0
49	55	1.0
49	56	1.0
50	5	1.0
50	21	1.0
50	22	1.0
50	23	1.0
50	45	3.0
50	49	4.0
50	50	426.0
50	51	5.0
50	52	2.0
50	55	1.0
51	6	1.0
51	43	5.0
51	47	1.0
51	49	1.0
51	50	10.0
51	51	378.0
51	52	3.0
51	53	1.0
51	55	1.0
51	56	1.0
51	62	1.0
52	43	2.0
52	48	2.0
52	50	3.0
52	51	1.0
52	52	407.0
52	53	4.0
53	22	2.0
53	49	3.0
53	52	4.0
53	53	398.0
53	54	5.0
53	55	2.0
53	56	3.0
54	29	1.0
54	52	2.0
54	53	13.0
54	54	404.0
54	55	1.0
54	56	1.0
55	44	1.0
55	45	2.0
55	48	1.0
55	49	1.0
55	50	1.0
55	53	5.0
55	54	1.0
55	55	424.0
55	56	3.0
55	57	2.0
55	58	1.0
56	37	2.0
56	39	1.0
56	43	2.0
56	46	4.0
56	48	2.0
56	50	1.0
56	51	1.0
56	53	2.0
56	55	4.0
56	56	406.0
56	57	3.0
56	58	1.0
57	37	1.0
57	38	2.0
57	39	4.0
57	46	4.0
57	47	2.0
57	48	2.0
57	55	3.0
57	56	4.0
57	57	429.0
57	58	2.0
58	1	1.0
58	37	2.0
58	39	5.0
58	57	3.0
58	58	435.0
58	59	7.0
59	7	1.0
59	20	1.0
59	58	5.0
59	59	456.0
59	60	2.0
59	64	1.0
60	36	1.0
60	37	1.0
60	41	1.0
60	43	2.0
60	58	1.0
60	59	6.0
60	60	459.0
60	61	2.0
61	60	2.0
61	61	428.0
61	62	4.0
61	64	1.0
62	43	2.0
62	49	1.0
62	61	3.0
62	62	386.0
62	64	2.0
64	1	1.0
64	3	5.0
64	35	1.0
64	58	1.0
64	64	408.0
