2	2	88.0
2	3	4.0
2	5	1.0
2	6	13.0
2	7	3.0
2	69	5.0
2	70	1.0
2	71	2.0
3	3	236.0
3	4	16.0
3	5	3.0
3	6	9.0
3	7	7.0
3	8	2.0
3	15	1.0
3	45	4.0
3	46	5.0
3	48	3.0
3	65	1.0
3	68	1.0
3	69	4.0
3	71	3.0
3	92	1.0
3	93	1.0
3	147	1.0
3	148	1.0
3	150	1.0
4	4	255.0
4	5	10.0
4	6	22.0
4	7	24.0
4	8	11.0
4	45	6.0
4	46	1.0
4	48	1.0
4	67	1.0
5	5	268.0
5	6	29.0
5	7	14.0
5	8	8.0
5	46	1.0
5	48	1.0
5	67	2.0
5	100	1.0
5	148	1.0
5	150	1.0
6	6	264.0
6	7	35.0
6	8	5.0
6	12	2.0
6	26	1.0
6	44	1.0
6	48	2.0
6	71	1.0
7	7	254.0
7	8	29.0
7	12	2.0
7	46	1.0
7	48	3.0
7	65	1.0
7	150	1.0
8	8	271.0
8	9	20.0
8	10	1.0
8	24	1.0
8	48	4.0
8	61	1.0
8	67	1.0
9	9	280.0
9	10	6.0
9	11	1.0
9	12	3.0
9	24	1.0
9	67	1.0
9	81	1.0
9	89	1.0
9	113	1.0
9	119	1.0
9	147	4.0
9	150	1.0
10	10	281.0
10	11	9.0
10	112	9.0
10	142	1.0
10	147	19.0
10	148	5.0
11	11	275.0
11	12	23.0
11	13	9.0
11	14	3.0
11	15	2.0
11	31	1.0
11	51	1.0
11	52	1.0
11	106	1.0
11	112	8.0
11	113	4.0
11	130	1.0
11	135	1.0
11	148	1.0
11	149	1.0
11	153	1.0
12	12	280.0
12	13	13.0
12	14	5.0
12	15	1.0
12	112	1.0
12	113	1.0
12	123	1.0
13	13	276.0
13	14	4.0
13	15	2.0
13	77	2.0
13	82	2.0
13	113	3.0
13	117	23.0
13	118	7.0
14	14	311.0
14	15	32.0
14	16	4.0
14	56	1.0
14	107	1.0
14	111	10.0
14	112	4.0
14	117	1.0
14	118	2.0
14	146	1.0
15	15	321.0
15	16	35.0
15	26	1.0
15	28	1.0
15	80	1.0
15	83	1.0
15	111	1.0
15	147	1.0
16	16	261.0
16	17	6.0
16	26	1.0
16	39	1.0
16	48	1.0
16	50	1.0
16	73	1.0
16	80	1.0
17	17	335.0
17	18	8.0
17	19	4.0
17	21	1.0
17	23	3.0
17	26	1.0
17	40	1.0
17	78	1.0
17	113	1.0
18	18	303.0
18	19	51.0
18	20	3.0
18	22	3.0
18	23	12.0
18	35	2.0
18	83	1.0
18	118	1.0
18	134	1.0
19	19	314.0
19	20	28.0
19	21	3.0
19	22	4.0
19	23	17.0
19	136	1.0
20	20	269.0
20	21	21.0
20	22	1.0
20	23	9.0
20	39	2.0
20	51	1.0
20	56	1.0
20	125	1.0
21	21	257.0
21	22	35.0
21	23	12.0
21	49	1.0
21	77	11.0
21	79	1.0
21	80	1.0
21	85	1.0
21	100	2.0
21	104	3.0
21	115	1.0
22	22	280.0
22	23	21.0
22	76	1.0
22	77	8.0
22	79	3.0
22	80	2.0
22	83	1.0
22	103	1.0
22	104	1.0
23	23	255.0
23	24	6.0
23	65	1.0
23	87	1.0
23	88	1.0
23	102	1.0
23	103	4.0
24	24	298.0
24	25	31.0
24	26	6.0
24	27	1.0
24	28	3.0
24	54	1.0
24	62	1.0
24	130	1.0
25	25	281.0
25	26	13.0
25	27	9.0
25	28	4.0
25	29	2.0
25	87	1.0
25	108	1.0
25	132	1.0
26	26	235.0
26	27	21.0
26	28	8.0
26	85	1.0
26	129	1.0
26	147	1.0
27	27	275.0
27	28	22.0
27	29	7.0
27	69	1.0
27	75	1.0
27	79	1.0
27	91	1.0
27	108	1.0
27	123	2.0
27	140	1.0
28	28	279.0
28	29	40.0
28	30	6.0
28	75	1.0
28	87	1.0
28	104	2.0
28	117	1.0
28	137	1.0
28	148	1.0
29	29	308.0
29	30	19.0
29	72	1.0
29	83	1.0
29	95	1.0
30	30	245.0
30	31	16.0
30	32	3.0
30	33	1.0
30	34	2.0
30	35	9.0
30	37	4.0
30	42	1.0
30	67	1.0
30	73	1.0
30	79	1.0
30	89	1.0
30	90	1.0
30	126	1.0
31	31	264.0
31	32	27.0
31	33	9.0
31	34	2.0
31	35	5.0
31	37	4.0
31	42	1.0
31	55	1.0
31	56	1.0
31	62	2.0
31	63	1.0
31	119	1.0
31	142	1.0
31	143	1.0
32	32	249.0
32	33	10.0
32	34	10.0
32	35	14.0
32	36	3.0
32	37	3.0
32	101	1.0
32	126	1.0
33	33	237.0
33	34	14.0
33	35	3.0
33	36	9.0
33	40	1.0
33	64	1.0
33	81	1.0
33	108	1.0
33	121	1.0
33	144	1.0
33	152	1.0
34	34	237.0
34	35	15.0
34	36	20.0
34	37	2.0
34	101	1.0
34	154	1.0
35	35	252.0
35	36	15.0
35	37	6.0
35	83	1.0
36	36	232.0
36	69	1.0
36	75	1.0
36	108	1.0
37	37	256.0
37	38	22.0
37	39	8.0
37	40	10.0
37	46	2.0
37	50	2.0
37	127	1.0
38	38	313.0
38	39	20.0
38	40	19.0
38	41	3.0
38	44	7.0
38	48	1.0
38	50	9.0
38	63	1.0
39	39	340.0
39	40	15.0
39	41	1.0
39	44	4.0
39	49	2.0
39	50	17.0
39	148	1.0
40	40	329.0
40	41	3.0
40	55	1.0
40	86	1.0
40	113	1.0
40	152	1.0
41	41	244.0
41	42	26.0
41	43	19.0
41	44	19.0
41	45	7.0
41	46	12.0
41	47	1.0
41	48	3.0
41	50	3.0
41	51	5.0
41	52	2.0
41	54	1.0
41	61	1.0
41	62	1.0
41	63	3.0
41	65	1.0
41	67	2.0
41	82	1.0
41	145	1.0
42	42	277.0
42	43	12.0
42	44	1.0
42	45	1.0
42	46	3.0
42	47	1.0
42	50	2.0
42	51	2.0
42	52	1.0
42	55	1.0
42	56	1.0
42	61	1.0
42	62	1.0
42	63	14.0
42	65	10.0
42	66	10.0
42	67	3.0
42	68	5.0
42	110	2.0
42	112	1.0
43	43	278.0
43	44	6.0
43	46	3.0
43	47	4.0
43	48	1.0
43	49	1.0
43	50	9.0
43	51	9.0
43	52	8.0
43	65	6.0
43	66	2.0
43	67	6.0
43	68	5.0
43	98	1.0
44	44	299.0
44	45	6.0
44	46	1.0
44	47	10.0
44	48	9.0
44	49	8.0
44	50	7.0
44	51	3.0
44	58	1.0
44	61	1.0
44	68	1.0
44	87	1.0
44	114	1.0
44	127	1.0
44	128	1.0
45	45	276.0
45	46	29.0
45	48	8.0
45	49	1.0
45	51	8.0
45	52	3.0
45	56	1.0
45	64	4.0
45	65	9.0
45	66	1.0
45	67	1.0
45	69	1.0
45	71	1.0
45	116	1.0
45	129	1.0
45	133	1.0
46	46	281.0
46	47	3.0
46	48	5.0
46	51	5.0
46	52	2.0
46	64	7.0
46	65	3.0
46	66	1.0
46	67	4.0
46	71	1.0
46	99	1.0
46	100	1.0
46	127	1.0
47	47	291.0
47	48	9.0
47	49	2.0
47	50	3.0
47	51	12.0
47	53	1.0
47	55	1.0
47	65	1.0
47	109	1.0
47	117	1.0
47	140	1.0
48	48	284.0
48	49	2.0
48	50	3.0
48	51	5.0
48	53	5.0
48	56	1.0
48	63	2.0
48	64	1.0
48	66	4.0
48	69	1.0
49	49	232.0
49	50	7.0
49	51	7.0
49	52	1.0
49	53	3.0
49	54	1.0
49	55	2.0
49	61	1.0
49	62	2.0
49	63	4.0
49	64	2.0
49	65	2.0
49	66	4.0
49	127	1.0
49	130	1.0
50	50	270.0
50	51	7.0
50	52	8.0
50	56	1.0
50	65	4.0
50	66	2.0
50	67	1.0
50	105	1.0
50	125	1.0
51	51	228.0
51	52	2.0
51	56	2.0
51	65	4.0
51	66	3.0
51	68	1.0
51	76	1.0
52	52	86.0
52	55	2.0
52	64	4.0
52	65	5.0
52	66	4.0
52	67	8.0
53	53	318.0
53	54	33.0
53	55	14.0
53	56	9.0
53	57	3.0
53	61	1.0
53	64	2.0
53	65	4.0
53	67	1.0
53	68	1.0
53	69	2.0
53	101	1.0
54	54	274.0
54	55	18.0
54	56	17.0
54	57	5.0
54	64	1.0
54	65	1.0
54	66	3.0
54	151	1.0
55	55	246.0
55	56	10.0
55	57	3.0
55	58	1.0
55	61	1.0
55	65	1.0
55	66	3.0
55	67	4.0
55	68	5.0
55	69	6.0
55	70	2.0
55	72	1.0
55	94	1.0
55	108	1.0
55	133	1.0
56	56	290.0
56	57	17.0
56	58	4.0
56	61	1.0
56	65	2.0
56	66	2.0
56	68	2.0
56	80	1.0
57	57	262.0
57	58	6.0
57	61	3.0
57	62	1.0
57	64	4.0
57	117	1.0
58	58	216.0
58	61	25.0
58	65	1.0
58	66	3.0
58	79	2.0
58	112	1.0
61	61	143.0
61	62	2.0
61	63	2.0
61	64	1.0
61	67	1.0
61	68	2.0
61	97	1.0
61	103	1.0
62	62	209.0
62	63	17.0
62	64	15.0
62	65	1.0
62	66	6.0
62	68	3.0
62	85	1.0
62	116	1.0
63	63	268.0
63	64	6.0
63	66	1.0
63	68	4.0
63	74	1.0
63	76	1.0
63	115	1.0
63	127	1.0
63	140	1.0
64	64	288.0
64	65	2.0
64	66	3.0
64	67	2.0
64	68	1.0
64	71	1.0
64	72	1.0
64	139	1.0
64	148	1.0
65	65	256.0
65	66	10.0
65	67	14.0
65	68	4.0
65	69	6.0
65	70	1.0
65	71	2.0
65	115	1.0
65	143	1.0
65	150	1.0
66	66	288.0
66	67	11.0
66	68	7.0
66	69	1.0
66	70	1.0
66	74	1.0
66	99	1.0
66	104	1.0
66	116	1.0
67	67	275.0
67	68	16.0
67	69	5.0
67	70	1.0
67	71	1.0
67	147	1.0
67	151	1.0
67	153	1.0
68	68	338.0
68	69	9.0
68	71	2.0
68	77	1.0
68	86	1.0
68	107	1.0
68	109	1.0
68	152	1.0
69	69	273.0
69	70	17.0
69	71	8.0
69	96	1.0
70	70	260.0
70	71	11.0
70	72	1.0
70	80	1.0
70	103	2.0
70	105	1.0
70	122	1.0
70	154	1.0
71	71	294.0
71	72	7.0
71	107	1.0
71	118	10.0
71	144	1.0
72	72	204.0
72	73	7.0
72	74	16.0
72	75	11.0
72	76	6.0
72	77	1.0
72	78	1.0
72	86	2.0
72	101	1.0
72	118	14.0
72	128	1.0
73	73	291.0
73	74	15.0
73	75	6.0
73	76	3.0
73	77	2.0
73	78	4.0
73	90	1.0
73	100	5.0
73	101	4.0
73	102	2.0
73	103	1.0
73	109	1.0
73	110	7.0
73	118	9.0
74	74	237.0
74	75	12.0
74	76	10.0
74	77	6.0
74	78	19.0
74	80	6.0
74	81	2.0
74	82	1.0
74	109	1.0
74	110	1.0
74	112	1.0
74	118	6.0
74	134	1.0
75	75	232.0
75	76	25.0
75	77	4.0
75	101	2.0
75	102	5.0
75	110	2.0
75	118	8.0
75	129	1.0
76	76	247.0
76	77	18.0
76	78	2.0
76	79	2.0
76	81	1.0
76	102	6.0
76	103	5.0
76	118	2.0
77	77	251.0
77	78	4.0
77	79	21.0
77	80	12.0
77	82	2.0
77	101	1.0
77	104	4.0
78	78	243.0
78	79	13.0
78	80	16.0
78	81	19.0
78	82	14.0
78	109	8.0
78	110	18.0
79	79	260.0
79	80	26.0
79	81	2.0
79	82	10.0
79	85	1.0
79	86	1.0
79	102	1.0
79	108	1.0
79	109	6.0
79	110	1.0
79	111	1.0
80	80	273.0
80	81	11.0
80	82	9.0
80	98	1.0
80	104	6.0
80	109	4.0
80	110	4.0
80	111	1.0
80	117	1.0
81	81	254.0
81	82	27.0
81	83	6.0
81	84	8.0
81	86	4.0
81	94	1.0
81	98	2.0
81	109	10.0
81	110	9.0
81	111	3.0
82	82	225.0
82	83	10.0
82	84	12.0
82	86	4.0
82	109	9.0
82	110	3.0
82	111	5.0
82	113	1.0
82	124	1.0
82	127	1.0
82	138	1.0
83	83	247.0
83	84	31.0
83	85	21.0
83	86	9.0
83	93	14.0
83	94	1.0
83	97	3.0
83	98	3.0
83	107	1.0
83	108	1.0
83	110	1.0
83	111	4.0
83	124	1.0
83	130	1.0
83	132	1.0
84	84	228.0
84	85	10.0
84	86	17.0
84	93	19.0
84	94	7.0
84	98	10.0
84	108	1.0
84	109	2.0
84	110	5.0
84	111	7.0
84	113	2.0
84	116	1.0
84	117	2.0
84	124	1.0
84	125	1.0
84	130	1.0
85	85	253.0
85	86	26.0
85	87	1.0
85	93	4.0
85	97	8.0
85	98	7.0
85	108	1.0
85	109	1.0
85	117	1.0
85	119	1.0
85	121	7.0
85	122	2.0
85	123	1.0
85	143	1.0
86	86	230.0
86	87	1.0
86	90	1.0
86	92	1.0
86	93	2.0
86	98	2.0
86	99	1.0
86	104	1.0
86	108	1.0
86	110	2.0
86	121	2.0
86	122	3.0
86	126	1.0
86	130	1.0
87	87	263.0
87	88	6.0
87	89	7.0
87	90	18.0
87	91	3.0
87	92	8.0
87	93	6.0
87	94	1.0
87	114	1.0
87	115	7.0
87	116	1.0
87	117	4.0
87	118	1.0
87	119	1.0
87	120	1.0
87	122	1.0
87	123	1.0
87	126	1.0
87	127	1.0
87	130	2.0
87	131	12.0
87	132	5.0
87	143	2.0
87	144	4.0
87	145	1.0
87	150	2.0
87	151	2.0
87	152	1.0
88	88	165.0
88	89	2.0
88	90	7.0
88	91	2.0
88	92	3.0
88	93	7.0
88	94	6.0
88	111	1.0
88	112	2.0
88	113	2.0
88	114	1.0
88	115	5.0
88	116	9.0
88	117	3.0
88	119	1.0
88	120	1.0
88	126	1.0
88	127	2.0
88	128	1.0
88	130	4.0
88	131	9.0
88	132	9.0
89	89	102.0
89	90	2.0
89	91	2.0
89	93	5.0
89	94	2.0
89	112	4.0
89	114	2.0
89	115	4.0
89	116	6.0
89	117	2.0
89	131	2.0
89	142	1.0
89	147	2.0
89	148	1.0
89	150	2.0
89	151	2.0
90	90	146.0
90	91	7.0
90	92	4.0
90	93	2.0
90	115	1.0
90	117	3.0
90	119	4.0
90	122	7.0
90	130	1.0
90	131	8.0
90	143	1.0
90	149	1.0
91	91	93.0
91	92	4.0
91	110	1.0
91	115	7.0
91	122	1.0
91	128	2.0
91	131	3.0
91	143	4.0
91	144	1.0
91	150	2.0
91	151	2.0
92	92	240.0
92	93	2.0
92	115	2.0
92	127	2.0
92	128	2.0
92	129	5.0
92	131	5.0
92	132	2.0
92	135	1.0
92	140	7.0
92	141	10.0
92	142	5.0
92	143	26.0
92	144	7.0
92	145	1.0
92	146	2.0
92	149	1.0
92	151	1.0
93	93	275.0
93	94	14.0
93	97	1.0
93	98	4.0
93	106	1.0
93	110	1.0
93	111	1.0
93	113	3.0
93	115	6.0
93	116	7.0
93	117	3.0
93	120	5.0
93	128	2.0
93	130	8.0
93	141	1.0
93	143	2.0
93	152	2.0
94	94	219.0
94	95	14.0
94	97	5.0
94	98	9.0
94	99	1.0
94	107	1.0
94	108	13.0
94	109	5.0
94	111	1.0
94	115	6.0
94	117	4.0
94	121	1.0
94	122	2.0
94	130	5.0
94	150	2.0
94	152	1.0
95	95	265.0
95	96	6.0
95	97	8.0
95	98	3.0
95	99	14.0
95	100	2.0
95	105	2.0
95	106	2.0
95	107	7.0
95	108	1.0
95	110	1.0
96	96	249.0
96	97	9.0
96	98	3.0
96	99	23.0
96	117	1.0
96	137	1.0
97	97	267.0
97	98	17.0
97	99	15.0
97	108	7.0
97	109	4.0
97	110	3.0
97	147	1.0
98	98	220.0
98	99	5.0
98	108	15.0
98	109	8.0
98	110	6.0
98	146	1.0
99	99	260.0
99	100	7.0
99	107	2.0
99	111	1.0
99	136	1.0
99	143	1.0
100	100	302.0
100	101	13.0
100	102	2.0
100	105	2.0
100	107	10.0
100	108	3.0
100	110	4.0
100	141	1.0
100	153	1.0
101	101	201.0
101	102	24.0
101	103	1.0
101	118	2.0
102	102	313.0
102	103	22.0
102	104	3.0
102	105	1.0
102	143	1.0
102	150	1.0
102	153	1.0
103	103	273.0
103	104	24.0
103	105	1.0
103	107	2.0
103	148	2.0
104	104	253.0
104	105	18.0
104	106	1.0
104	107	6.0
104	124	1.0
104	126	1.0
105	105	236.0
105	106	41.0
105	107	14.0
105	108	1.0
105	120	1.0
106	106	294.0
106	107	23.0
106	142	1.0
107	107	302.0
107	108	15.0
107	138	1.0
108	108	297.0
108	109	20.0
108	110	8.0
108	130	1.0
109	109	255.0
109	110	11.0
109	111	4.0
109	116	1.0
109	120	1.0
109	123	1.0
110	110	264.0
110	111	5.0
110	113	4.0
110	114	2.0
110	117	7.0
111	111	291.0
111	112	4.0
111	113	16.0
111	114	3.0
111	117	4.0
111	119	1.0
111	122	1.0
112	112	251.0
112	113	22.0
112	114	12.0
112	115	2.0
112	116	11.0
112	117	2.0
112	147	1.0
112	148	2.0
112	150	11.0
112	151	3.0
112	152	1.0
113	113	229.0
113	114	18.0
113	115	5.0
113	116	8.0
113	117	1.0
113	120	1.0
113	126	1.0
113	143	1.0
114	114	226.0
114	115	4.0
114	116	10.0
114	117	13.0
114	147	1.0
114	148	4.0
114	150	2.0
114	151	2.0
115	115	208.0
115	116	6.0
115	117	8.0
115	119	1.0
115	126	1.0
115	127	1.0
115	129	1.0
115	130	2.0
115	131	2.0
115	142	1.0
115	143	9.0
115	144	3.0
115	145	1.0
115	146	1.0
115	148	1.0
115	149	4.0
115	150	3.0
115	151	4.0
116	116	275.0
116	117	1.0
116	132	1.0
116	147	7.0
116	148	1.0
116	150	2.0
116	152	1.0
117	117	294.0
117	118	1.0
117	131	1.0
118	118	291.0
118	119	1.0
118	133	1.0
119	119	257.0
119	120	17.0
119	121	5.0
119	122	21.0
119	131	6.0
119	132	4.0
119	133	1.0
119	146	1.0
119	149	1.0
119	150	2.0
120	120	225.0
120	121	20.0
120	122	18.0
120	130	9.0
120	131	6.0
120	132	15.0
120	133	1.0
120	135	1.0
121	121	269.0
121	122	17.0
121	130	1.0
121	132	4.0
121	133	17.0
122	122	307.0
122	123	4.0
122	127	1.0
122	128	1.0
122	131	6.0
122	132	3.0
122	133	1.0
122	135	1.0
123	123	289.0
123	124	14.0
123	125	4.0
123	127	10.0
123	128	7.0
123	130	2.0
123	131	6.0
123	132	12.0
123	133	1.0
124	124	253.0
124	125	12.0
124	126	8.0
124	127	6.0
124	128	1.0
124	129	14.0
124	130	2.0
124	153	1.0
125	125	256.0
125	126	18.0
125	127	11.0
125	132	15.0
125	133	2.0
126	126	248.0
126	127	9.0
126	128	2.0
126	129	8.0
126	130	1.0
126	132	3.0
126	134	2.0
126	139	1.0
127	127	293.0
127	128	22.0
127	129	5.0
127	130	4.0
127	132	9.0
127	134	1.0
128	128	337.0
128	129	13.0
128	130	2.0
128	131	2.0
128	141	4.0
128	143	2.0
128	147	1.0
129	129	262.0
129	130	20.0
129	139	7.0
129	140	2.0
129	141	7.0
129	142	8.0
129	143	6.0
129	146	1.0
130	130	260.0
130	131	2.0
130	132	5.0
130	138	3.0
130	139	15.0
130	141	1.0
130	150	1.0
131	131	237.0
131	132	8.0
131	148	1.0
131	150	3.0
131	154	1.0
132	132	277.0
132	133	11.0
133	133	293.0
133	134	6.0
134	134	255.0
134	135	3.0
135	135	39.0
136	136	6.0
136	137	2.0
137	137	191.0
137	138	9.0
138	138	188.0
138	139	19.0
139	139	283.0
139	140	10.0
139	141	4.0
139	142	3.0
140	140	207.0
140	141	9.0
140	142	5.0
140	143	2.0
140	144	1.0
141	141	236.0
141	142	20.0
141	143	10.0
141	144	3.0
141	146	1.0
142	142	272.0
142	143	20.0
142	144	8.0
142	145	1.0
142	146	2.0
142	151	1.0
143	143	212.0
143	144	6.0
143	145	7.0
143	149	2.0
143	151	2.0
144	144	247.0
144	145	11.0
144	146	16.0
144	149	5.0
144	151	1.0
145	145	249.0
145	146	26.0
145	147	12.0
145	148	2.0
145	149	9.0
145	150	3.0
146	146	254.0
146	147	7.0
146	148	1.0
146	150	5.0
146	154	1.0
147	147	299.0
147	148	24.0
147	149	3.0
147	150	9.0
147	151	1.0
148	148	232.0
148	149	9.0
148	150	7.0
148	151	12.0
149	149	311.0
149	150	16.0
149	151	6.0
149	152	2.0
150	150	263.0
150	151	20.0
150	152	2.0
151	151	226.0
152	152	236.0
153	153	297.0
154	154	242.0
