1	1	647.0
1	2	60.0
1	3	9.0
1	14	5.0
1	15	13.0
1	16	3.0
1	17	1.0
1	21	4.0
1	22	12.0
1	23	18.0
1	37	1.0
1	43	1.0
1	50	1.0
1	54	1.0
1	70	1.0
1	91	1.0
1	97	2.0
1	98	2.0
1	99	5.0
1	108	1.0
1	134	9.0
1	157	5.0
1	168	8.0
1	169	3.0
1	170	3.0
2	2	626.0
2	3	21.0
2	4	1.0
2	5	3.0
2	6	1.0
2	14	14.0
2	15	8.0
2	16	5.0
2	18	1.0
2	20	7.0
2	21	2.0
2	22	9.0
2	23	14.0
2	40	1.0
2	80	1.0
2	99	1.0
2	129	1.0
2	132	2.0
2	133	1.0
2	134	19.0
2	159	1.0
2	161	1.0
2	169	3.0
2	170	2.0
3	3	721.0
3	4	26.0
3	5	7.0
3	6	11.0
3	7	2.0
3	8	5.0
3	9	3.0
3	10	1.0
3	14	1.0
3	16	1.0
3	18	5.0
3	19	21.0
3	20	13.0
3	21	1.0
3	22	10.0
3	23	9.0
3	33	1.0
3	34	3.0
3	88	1.0
3	94	1.0
3	101	1.0
3	119	1.0
3	127	1.0
3	134	5.0
3	143	1.0
3	147	1.0
3	158	1.0
3	160	1.0
4	4	744.0
4	5	38.0
4	6	1.0
4	8	15.0
4	9	20.0
4	10	3.0
4	11	1.0
4	13	1.0
4	17	1.0
4	18	3.0
4	19	1.0
4	20	3.0
4	22	1.0
4	23	1.0
4	30	1.0
4	34	1.0
4	56	1.0
4	65	1.0
4	79	1.0
4	80	1.0
4	81	1.0
4	89	1.0
4	93	1.0
4	107	1.0
4	120	1.0
4	126	2.0
4	130	1.0
4	134	1.0
4	136	1.0
4	139	4.0
5	5	675.0
5	6	29.0
5	7	8.0
5	8	4.0
5	9	3.0
5	10	3.0
5	11	6.0
5	12	3.0
5	14	4.0
5	16	9.0
5	17	2.0
5	18	15.0
5	19	11.0
5	23	1.0
5	27	1.0
5	62	2.0
5	66	1.0
5	71	1.0
5	88	1.0
5	99	1.0
5	108	1.0
5	110	1.0
5	112	1.0
5	122	1.0
5	124	1.0
5	132	1.0
5	134	3.0
5	136	1.0
5	138	1.0
5	139	3.0
5	140	1.0
5	163	1.0
6	6	690.0
6	7	39.0
6	8	5.0
6	9	3.0
6	10	5.0
6	11	1.0
6	12	18.0
6	14	3.0
6	15	1.0
6	16	5.0
6	17	1.0
6	18	1.0
6	27	1.0
6	47	1.0
6	64	2.0
6	65	1.0
6	73	1.0
6	79	1.0
6	103	1.0
6	110	1.0
6	132	1.0
6	151	1.0
6	154	1.0
6	160	3.0
6	162	1.0
7	7	686.0
7	8	30.0
7	9	27.0
7	10	22.0
7	11	3.0
7	12	23.0
7	13	2.0
7	17	2.0
7	27	1.0
7	30	1.0
7	34	1.0
7	49	1.0
7	53	1.0
7	57	3.0
7	58	6.0
7	70	3.0
7	71	1.0
7	79	1.0
7	80	1.0
7	101	1.0
7	102	1.0
7	105	2.0
7	112	1.0
7	113	1.0
7	115	1.0
7	119	1.0
7	122	1.0
7	127	1.0
7	139	2.0
7	163	1.0
8	8	596.0
8	9	36.0
8	10	25.0
8	12	3.0
8	26	4.0
8	29	1.0
8	54	1.0
8	56	2.0
8	57	13.0
8	58	27.0
8	62	3.0
8	63	4.0
8	67	1.0
8	95	1.0
8	105	1.0
8	106	14.0
8	108	1.0
8	120	2.0
8	124	1.0
8	150	1.0
9	9	601.0
9	10	48.0
9	11	21.0
9	12	18.0
9	13	1.0
9	21	3.0
9	22	1.0
9	52	1.0
9	56	1.0
9	57	1.0
9	58	20.0
9	63	1.0
9	68	2.0
9	91	1.0
9	105	1.0
9	106	7.0
9	115	1.0
9	119	1.0
9	123	1.0
9	124	2.0
9	127	1.0
9	139	12.0
9	140	5.0
9	141	1.0
9	161	1.0
10	10	587.0
10	11	23.0
10	12	29.0
10	13	2.0
10	18	3.0
10	26	1.0
10	43	1.0
10	56	2.0
10	58	22.0
10	72	1.0
10	73	1.0
10	79	1.0
10	80	1.0
10	82	2.0
10	87	1.0
10	105	3.0
10	106	16.0
10	110	3.0
10	111	6.0
10	112	8.0
10	115	1.0
10	118	2.0
10	123	1.0
10	124	5.0
10	132	2.0
10	139	4.0
10	153	1.0
10	155	1.0
11	11	625.0
11	12	46.0
11	13	35.0
11	15	19.0
11	16	5.0
11	18	3.0
11	19	1.0
11	26	3.0
11	36	1.0
11	39	1.0
11	42	1.0
11	45	1.0
11	49	1.0
11	55	1.0
11	56	1.0
11	58	1.0
11	62	1.0
11	70	3.0
11	80	2.0
11	82	1.0
11	91	1.0
11	100	1.0
11	101	1.0
11	102	3.0
11	103	3.0
11	105	20.0
11	106	21.0
11	109	1.0
11	110	1.0
11	111	10.0
11	112	3.0
11	121	1.0
11	158	1.0
12	12	670.0
12	13	33.0
12	17	1.0
12	18	2.0
12	19	1.0
12	20	1.0
12	30	1.0
12	33	1.0
12	48	1.0
12	58	4.0
12	67	1.0
12	78	1.0
12	90	1.0
12	96	1.0
12	105	11.0
12	106	6.0
12	107	2.0
12	123	1.0
12	137	1.0
12	144	1.0
13	13	724.0
13	14	34.0
13	15	10.0
13	16	24.0
13	17	1.0
13	18	2.0
13	19	10.0
13	20	4.0
13	21	1.0
13	24	2.0
13	26	1.0
13	45	1.0
13	47	1.0
13	48	1.0
13	70	1.0
13	74	1.0
13	79	1.0
13	92	1.0
13	102	9.0
13	104	1.0
13	105	1.0
13	106	1.0
13	107	2.0
13	110	4.0
13	135	1.0
13	142	1.0
13	150	1.0
14	14	668.0
14	15	57.0
14	16	10.0
14	17	1.0
14	18	7.0
14	19	7.0
14	20	5.0
14	21	9.0
14	23	4.0
14	24	6.0
14	33	1.0
14	35	1.0
14	50	1.0
14	71	1.0
14	76	1.0
14	93	1.0
14	99	2.0
14	100	4.0
14	101	9.0
14	102	6.0
14	103	8.0
14	104	6.0
14	105	1.0
14	107	9.0
14	108	2.0
14	134	11.0
14	144	1.0
14	152	1.0
15	15	626.0
15	16	51.0
15	18	1.0
15	22	9.0
15	23	15.0
15	24	6.0
15	28	1.0
15	35	1.0
15	39	1.0
15	46	1.0
15	48	1.0
15	65	1.0
15	70	1.0
15	80	1.0
15	95	1.0
15	99	1.0
15	100	4.0
15	101	10.0
15	102	4.0
15	103	4.0
15	104	10.0
15	107	6.0
15	108	11.0
15	110	3.0
15	111	1.0
15	128	1.0
15	130	1.0
15	132	1.0
15	133	2.0
15	134	4.0
15	135	11.0
15	136	1.0
15	146	1.0
15	150	1.0
15	151	2.0
15	168	1.0
15	170	1.0
16	16	703.0
16	17	27.0
16	20	10.0
16	22	1.0
16	24	4.0
16	50	1.0
16	52	2.0
16	71	1.0
16	76	1.0
16	103	1.0
16	108	3.0
16	110	3.0
16	134	8.0
16	135	5.0
16	136	1.0
17	17	712.0
17	18	31.0
17	19	1.0
17	20	10.0
17	21	4.0
17	22	1.0
17	24	2.0
17	25	3.0
17	26	9.0
17	27	1.0
17	28	2.0
17	29	10.0
17	34	1.0
17	38	1.0
17	39	1.0
17	69	1.0
17	73	2.0
17	75	1.0
17	105	1.0
17	106	22.0
17	107	13.0
17	108	5.0
17	119	1.0
17	124	1.0
17	128	1.0
17	134	1.0
17	147	1.0
17	157	1.0
18	18	596.0
18	19	84.0
18	20	22.0
18	21	27.0
18	22	5.0
18	23	10.0
18	24	20.0
18	25	31.0
18	26	7.0
18	27	2.0
18	29	4.0
18	40	1.0
18	49	1.0
18	58	3.0
18	69	1.0
18	82	1.0
18	108	2.0
18	109	1.0
18	110	1.0
18	113	1.0
18	134	1.0
18	139	1.0
18	156	1.0
19	19	602.0
19	20	29.0
19	21	37.0
19	22	4.0
19	23	13.0
19	24	16.0
19	25	1.0
19	41	1.0
19	58	3.0
19	62	2.0
19	83	1.0
19	113	1.0
19	124	1.0
19	134	1.0
19	138	2.0
19	146	1.0
19	148	1.0
20	20	585.0
20	21	28.0
20	22	42.0
20	23	49.0
20	24	19.0
20	25	10.0
20	53	1.0
20	67	1.0
20	68	1.0
20	89	1.0
20	115	1.0
20	120	8.0
20	121	1.0
20	126	1.0
20	127	2.0
20	132	1.0
20	134	1.0
20	138	1.0
20	139	1.0
20	143	2.0
20	153	1.0
20	157	1.0
20	169	2.0
21	21	607.0
21	22	69.0
21	23	43.0
21	24	5.0
21	28	1.0
21	44	1.0
21	56	1.0
21	57	4.0
21	58	1.0
21	71	1.0
21	72	2.0
21	83	1.0
21	112	1.0
21	119	1.0
21	120	1.0
21	131	2.0
21	134	1.0
21	153	1.0
22	22	541.0
22	23	73.0
22	57	1.0
22	62	3.0
22	71	1.0
22	79	1.0
22	98	1.0
22	103	1.0
22	113	1.0
22	114	1.0
22	119	8.0
22	120	5.0
22	134	2.0
22	140	1.0
23	23	574.0
23	24	20.0
23	25	1.0
23	27	1.0
23	34	1.0
23	43	1.0
23	57	1.0
23	92	1.0
23	103	1.0
23	106	1.0
23	108	1.0
23	120	2.0
23	122	1.0
23	126	1.0
23	127	2.0
23	130	1.0
23	134	8.0
23	137	1.0
23	140	1.0
23	156	1.0
23	168	2.0
24	24	733.0
24	25	58.0
24	26	9.0
24	29	2.0
24	34	1.0
24	38	2.0
24	42	1.0
24	62	1.0
24	80	2.0
24	106	1.0
24	107	1.0
24	110	1.0
24	111	1.0
24	113	1.0
24	123	1.0
24	142	2.0
24	145	1.0
24	147	1.0
25	25	742.0
25	26	35.0
25	27	10.0
25	73	2.0
25	75	1.0
25	122	1.0
25	125	1.0
25	130	1.0
25	163	2.0
25	165	1.0
26	26	528.0
26	27	60.0
26	28	9.0
26	29	17.0
26	36	1.0
26	57	1.0
26	58	5.0
26	106	1.0
26	107	3.0
26	127	1.0
26	150	1.0
26	158	1.0
26	160	1.0
27	27	687.0
27	28	40.0
27	29	34.0
27	34	1.0
27	66	1.0
27	93	1.0
27	107	1.0
27	108	3.0
27	160	1.0
27	162	1.0
28	28	699.0
28	29	59.0
28	30	1.0
28	80	1.0
28	86	1.0
28	95	1.0
28	107	6.0
28	108	7.0
28	151	1.0
28	161	1.0
29	29	566.0
29	30	33.0
29	31	4.0
29	40	1.0
29	50	1.0
29	55	1.0
29	78	1.0
29	95	1.0
29	100	1.0
29	106	5.0
29	107	18.0
29	108	5.0
29	110	1.0
29	124	1.0
29	125	1.0
29	159	1.0
29	161	1.0
30	30	721.0
30	31	36.0
30	43	1.0
30	53	1.0
30	96	1.0
30	97	1.0
30	99	1.0
30	122	1.0
30	131	1.0
30	163	1.0
30	168	1.0
31	31	755.0
31	32	2.0
31	33	6.0
31	42	1.0
31	45	2.0
31	80	1.0
31	107	3.0
31	111	1.0
31	125	1.0
31	164	1.0
31	165	1.0
31	168	1.0
32	32	698.0
32	33	34.0
32	34	1.0
32	49	2.0
32	55	2.0
32	66	1.0
32	73	2.0
32	86	1.0
32	133	1.0
32	143	1.0
32	146	1.0
33	33	840.0
33	34	40.0
33	35	26.0
33	36	3.0
33	51	1.0
33	52	1.0
33	93	1.0
33	103	1.0
33	109	1.0
33	124	1.0
33	132	1.0
33	136	1.0
33	152	1.0
34	34	790.0
34	35	62.0
34	36	8.0
34	37	1.0
34	42	1.0
34	57	1.0
34	62	1.0
34	79	1.0
34	80	1.0
34	84	2.0
34	104	1.0
34	110	1.0
34	139	1.0
34	165	1.0
35	35	740.0
35	36	44.0
35	42	1.0
35	44	1.0
35	54	1.0
35	71	1.0
35	86	1.0
35	97	2.0
35	117	1.0
35	128	1.0
36	36	757.0
36	37	16.0
36	41	6.0
36	42	7.0
36	57	1.0
36	76	1.0
36	82	1.0
36	91	2.0
36	96	1.0
36	97	1.0
36	98	1.0
36	100	1.0
36	123	1.0
36	160	1.0
37	37	698.0
37	38	64.0
37	39	10.0
37	40	8.0
37	41	44.0
37	42	5.0
37	44	2.0
37	45	1.0
37	46	2.0
37	50	1.0
37	55	1.0
37	90	1.0
37	94	1.0
37	97	1.0
37	100	1.0
37	103	1.0
37	106	1.0
37	140	1.0
37	150	1.0
38	38	671.0
38	39	61.0
38	40	38.0
38	41	18.0
38	42	1.0
38	43	3.0
38	46	1.0
38	47	1.0
38	48	1.0
38	57	2.0
38	78	1.0
38	90	1.0
38	104	1.0
38	112	2.0
38	114	2.0
38	115	1.0
38	122	1.0
38	141	1.0
39	39	688.0
39	40	50.0
39	41	25.0
39	42	15.0
39	43	2.0
39	51	1.0
39	91	1.0
39	106	1.0
39	131	1.0
39	135	2.0
39	144	2.0
39	149	1.0
40	40	793.0
40	41	38.0
40	42	11.0
40	43	1.0
40	45	1.0
40	63	1.0
40	66	1.0
40	109	1.0
40	116	2.0
40	119	1.0
40	139	1.0
40	140	1.0
40	142	1.0
40	147	1.0
40	164	1.0
40	168	1.0
41	41	734.0
41	42	45.0
41	43	1.0
41	44	1.0
41	124	1.0
41	128	2.0
41	143	1.0
41	156	1.0
42	42	702.0
42	43	52.0
42	45	2.0
42	88	1.0
42	90	1.0
42	109	1.0
42	122	2.0
42	124	2.0
42	141	1.0
42	159	1.0
42	161	1.0
43	43	747.0
43	44	30.0
43	67	1.0
43	75	2.0
43	83	1.0
43	105	1.0
43	112	1.0
43	124	1.0
43	138	1.0
43	143	1.0
43	155	1.0
43	157	1.0
43	158	6.0
43	159	6.0
44	44	724.0
44	45	57.0
44	46	26.0
44	57	1.0
44	76	8.0
44	77	4.0
44	78	1.0
44	79	1.0
44	81	1.0
44	83	1.0
44	112	1.0
44	117	1.0
44	136	1.0
44	143	1.0
44	157	14.0
44	158	7.0
44	159	4.0
44	161	1.0
45	45	622.0
45	46	62.0
45	47	1.0
45	49	2.0
45	70	2.0
45	76	6.0
45	77	4.0
45	80	1.0
45	107	1.0
45	113	1.0
45	124	1.0
45	144	1.0
45	155	1.0
45	156	2.0
45	157	4.0
45	158	3.0
45	164	2.0
45	169	1.0
46	46	697.0
46	47	32.0
46	48	1.0
46	49	3.0
46	51	4.0
46	63	1.0
46	66	1.0
46	76	8.0
46	77	28.0
46	78	8.0
46	79	2.0
46	94	1.0
46	144	10.0
46	145	2.0
46	147	2.0
46	154	1.0
46	155	2.0
46	160	1.0
47	47	643.0
47	48	45.0
47	49	34.0
47	50	19.0
47	51	1.0
47	65	2.0
47	68	1.0
47	76	3.0
47	77	6.0
47	78	1.0
47	129	1.0
47	139	1.0
47	147	1.0
47	148	1.0
48	48	668.0
48	49	60.0
48	51	7.0
48	54	1.0
48	63	2.0
48	67	4.0
48	69	3.0
48	99	1.0
48	137	1.0
48	146	1.0
48	149	2.0
49	49	640.0
49	50	21.0
49	51	20.0
49	67	1.0
49	77	1.0
49	87	1.0
49	97	1.0
49	113	1.0
49	117	1.0
49	147	1.0
49	148	9.0
49	149	19.0
49	162	1.0
50	50	640.0
50	51	74.0
50	52	10.0
50	97	1.0
50	111	2.0
50	112	21.0
50	113	1.0
50	123	1.0
50	124	2.0
50	132	1.0
50	147	2.0
50	148	3.0
50	149	8.0
50	150	1.0
50	151	3.0
50	155	1.0
51	51	555.0
51	52	3.0
51	53	10.0
51	58	2.0
51	61	1.0
51	75	1.0
51	83	1.0
51	108	1.0
51	113	1.0
51	116	1.0
51	120	2.0
51	123	3.0
51	124	4.0
51	126	2.0
51	139	1.0
51	142	4.0
51	144	20.0
51	147	1.0
51	148	3.0
51	149	2.0
51	150	1.0
52	52	715.0
52	53	37.0
52	55	19.0
52	56	3.0
52	58	3.0
52	92	1.0
52	110	1.0
52	111	1.0
52	114	1.0
52	115	4.0
52	116	4.0
52	119	26.0
52	120	1.0
52	121	9.0
52	122	4.0
52	127	1.0
52	136	1.0
52	142	10.0
52	143	4.0
52	144	7.0
52	145	1.0
52	146	17.0
52	147	15.0
52	148	6.0
52	149	1.0
52	151	1.0
52	154	1.0
52	160	1.0
52	169	1.0
53	53	620.0
53	54	27.0
53	55	30.0
53	56	23.0
53	57	2.0
53	58	2.0
53	64	1.0
53	66	1.0
53	69	2.0
53	70	1.0
53	79	1.0
53	81	1.0
53	93	1.0
53	114	4.0
53	115	19.0
53	116	8.0
53	118	1.0
53	119	5.0
53	120	16.0
53	121	2.0
53	135	4.0
53	141	1.0
53	143	1.0
53	144	1.0
53	146	4.0
53	147	6.0
53	153	1.0
53	154	2.0
53	168	1.0
53	169	1.0
54	54	640.0
54	55	39.0
54	56	44.0
54	57	13.0
54	63	5.0
54	64	25.0
54	80	1.0
54	86	2.0
54	89	1.0
54	94	2.0
54	95	4.0
54	96	1.0
54	101	1.0
54	115	1.0
54	120	2.0
54	121	1.0
54	134	2.0
54	135	4.0
54	145	3.0
54	146	1.0
54	157	1.0
54	170	1.0
55	55	593.0
55	56	50.0
55	57	2.0
55	58	1.0
55	64	21.0
55	66	1.0
55	71	1.0
55	75	1.0
55	85	1.0
55	86	1.0
55	110	1.0
55	114	13.0
55	115	1.0
55	116	2.0
55	124	1.0
55	130	1.0
56	56	651.0
56	57	26.0
56	58	3.0
56	63	10.0
56	64	10.0
56	71	1.0
56	88	1.0
56	100	1.0
56	140	1.0
56	145	1.0
56	146	1.0
56	157	3.0
56	170	1.0
57	57	830.0
57	58	32.0
57	61	1.0
57	62	43.0
57	63	37.0
57	64	17.0
57	66	2.0
57	71	3.0
57	74	2.0
57	75	2.0
57	87	6.0
57	91	1.0
57	95	1.0
57	96	2.0
57	105	5.0
57	114	2.0
57	121	10.0
57	137	2.0
57	139	1.0
57	144	1.0
57	147	1.0
57	149	2.0
57	158	1.0
57	163	1.0
58	58	2167.0
58	61	40.0
58	62	24.0
58	63	4.0
58	67	1.0
58	68	2.0
58	69	9.0
58	85	1.0
58	86	1.0
58	87	1.0
58	96	1.0
58	105	7.0
58	106	2.0
58	112	1.0
58	120	5.0
58	145	1.0
58	147	1.0
58	150	1.0
58	157	1.0
58	166	2.0
61	61	79.0
61	62	6.0
61	63	4.0
61	64	1.0
61	87	3.0
61	103	1.0
61	154	1.0
62	62	668.0
62	63	37.0
62	64	31.0
62	85	1.0
62	87	5.0
62	91	1.0
62	93	1.0
62	102	1.0
62	121	1.0
62	135	2.0
62	138	3.0
62	142	1.0
62	144	6.0
62	145	1.0
63	63	654.0
63	64	23.0
63	67	1.0
63	71	2.0
63	87	2.0
63	88	1.0
63	89	1.0
63	93	13.0
63	96	1.0
63	101	1.0
63	110	1.0
63	121	3.0
63	137	2.0
63	138	1.0
64	64	583.0
64	65	45.0
64	66	15.0
64	67	16.0
64	68	14.0
64	69	7.0
64	70	2.0
64	71	2.0
64	77	3.0
64	78	5.0
64	85	3.0
64	86	3.0
64	87	1.0
64	93	1.0
64	96	2.0
64	102	2.0
64	103	1.0
64	114	4.0
64	120	3.0
64	125	2.0
64	127	1.0
64	137	2.0
64	157	1.0
65	65	600.0
65	66	51.0
65	67	25.0
65	68	16.0
65	69	7.0
65	70	22.0
65	71	9.0
65	72	5.0
65	74	1.0
65	75	6.0
65	76	15.0
65	77	15.0
65	82	1.0
65	84	8.0
65	85	1.0
65	117	1.0
65	118	1.0
65	120	1.0
65	130	1.0
65	163	1.0
66	66	588.0
66	67	69.0
66	68	35.0
66	69	18.0
66	70	7.0
66	71	2.0
66	76	2.0
66	77	10.0
66	78	4.0
66	79	1.0
66	84	1.0
66	85	4.0
66	86	1.0
66	89	1.0
66	105	1.0
66	111	1.0
66	150	1.0
66	166	1.0
67	67	564.0
67	68	37.0
67	69	20.0
67	70	2.0
67	71	3.0
67	74	1.0
67	75	2.0
67	76	4.0
67	77	5.0
67	80	1.0
67	85	6.0
67	86	3.0
67	101	1.0
67	117	1.0
67	133	1.0
67	139	1.0
67	150	1.0
68	68	528.0
68	69	34.0
68	70	5.0
68	76	4.0
68	77	20.0
68	78	9.0
68	80	3.0
68	82	1.0
68	108	1.0
68	112	2.0
68	119	1.0
68	141	1.0
68	146	1.0
69	69	657.0
69	70	37.0
69	71	1.0
69	72	1.0
69	76	2.0
69	77	2.0
69	78	1.0
69	79	1.0
69	88	1.0
69	93	1.0
69	98	1.0
69	120	1.0
69	121	1.0
69	151	1.0
69	167	1.0
70	70	629.0
70	71	34.0
70	72	23.0
70	74	10.0
70	76	4.0
70	77	7.0
70	78	14.0
70	101	3.0
70	102	3.0
70	105	1.0
70	107	1.0
70	114	1.0
70	119	1.0
70	126	2.0
70	151	1.0
71	71	606.0
71	72	39.0
71	73	9.0
71	74	10.0
71	76	5.0
71	77	3.0
71	78	2.0
71	81	1.0
71	102	1.0
71	103	2.0
71	108	1.0
71	138	1.0
71	141	1.0
71	155	1.0
72	72	589.0
72	73	18.0
72	74	3.0
72	76	2.0
72	102	6.0
72	103	15.0
72	104	4.0
72	105	1.0
72	141	1.0
72	149	1.0
72	164	1.0
72	166	1.0
72	169	1.0
73	73	662.0
73	74	9.0
73	77	1.0
73	90	1.0
73	118	2.0
73	120	1.0
73	126	1.0
73	139	1.0
73	161	1.0
74	74	597.0
74	75	20.0
74	76	11.0
74	77	1.0
74	78	1.0
74	81	5.0
74	82	1.0
74	83	2.0
74	84	3.0
74	102	1.0
74	105	1.0
74	124	1.0
74	141	1.0
74	157	1.0
74	159	1.0
74	162	1.0
75	75	674.0
75	76	33.0
75	77	6.0
75	78	1.0
75	84	12.0
75	105	4.0
75	114	1.0
75	116	1.0
75	135	1.0
75	148	1.0
75	157	1.0
75	166	1.0
76	76	621.0
76	77	27.0
76	78	24.0
76	79	38.0
76	80	12.0
76	81	1.0
76	84	1.0
76	98	1.0
76	101	2.0
76	102	6.0
76	103	1.0
76	110	1.0
76	113	2.0
76	116	1.0
76	120	1.0
76	141	1.0
76	161	1.0
76	164	1.0
76	165	1.0
76	169	1.0
77	77	553.0
77	78	19.0
77	79	15.0
77	99	1.0
77	112	1.0
77	113	11.0
77	146	1.0
77	147	1.0
77	149	1.0
77	158	1.0
78	78	563.0
78	79	51.0
78	80	30.0
78	81	7.0
78	82	2.0
78	95	1.0
78	103	4.0
78	112	2.0
78	113	3.0
78	151	1.0
79	79	596.0
79	80	70.0
79	81	3.0
79	82	2.0
79	99	1.0
79	101	1.0
79	102	1.0
79	103	4.0
79	107	1.0
79	109	1.0
79	113	5.0
79	127	1.0
79	131	1.0
79	132	1.0
79	148	1.0
79	150	1.0
79	158	1.0
79	169	1.0
80	80	608.0
80	81	34.0
80	82	13.0
80	83	1.0
80	103	1.0
80	111	2.0
80	112	1.0
80	113	5.0
80	114	1.0
80	117	1.0
80	150	1.0
80	152	1.0
80	167	1.0
81	81	495.0
81	82	113.0
81	83	3.0
81	89	2.0
81	109	1.0
81	111	5.0
81	112	12.0
81	113	2.0
81	115	1.0
81	119	1.0
81	145	1.0
81	156	1.0
81	163	1.0
82	82	594.0
82	83	19.0
82	84	3.0
82	85	2.0
82	105	2.0
82	111	9.0
82	112	10.0
82	114	1.0
82	116	3.0
82	130	1.0
82	143	1.0
82	149	1.0
82	166	1.0
83	83	651.0
83	84	21.0
83	85	5.0
83	86	1.0
83	87	1.0
83	88	3.0
83	89	13.0
83	96	1.0
83	105	4.0
83	109	1.0
83	111	1.0
83	126	1.0
83	133	1.0
83	149	1.0
84	84	674.0
84	85	39.0
84	86	17.0
84	87	3.0
84	89	9.0
84	102	1.0
84	105	1.0
84	116	1.0
84	117	7.0
84	131	1.0
84	146	1.0
84	151	1.0
84	154	1.0
85	85	631.0
85	86	34.0
85	88	1.0
85	111	4.0
85	112	3.0
85	116	12.0
85	117	12.0
85	136	1.0
85	139	1.0
85	148	1.0
85	149	1.0
86	86	586.0
86	87	60.0
86	89	15.0
86	90	4.0
86	116	1.0
86	125	1.0
86	128	1.0
86	131	1.0
86	141	2.0
86	146	2.0
86	149	4.0
86	151	7.0
86	152	1.0
86	153	1.0
86	154	1.0
86	156	1.0
87	87	610.0
87	88	35.0
87	89	30.0
87	90	3.0
87	94	8.0
87	95	2.0
87	96	3.0
87	97	4.0
87	105	2.0
87	115	1.0
87	128	1.0
87	129	1.0
87	135	1.0
87	145	1.0
87	147	1.0
87	148	1.0
87	151	4.0
87	152	4.0
87	160	1.0
88	88	693.0
88	89	69.0
88	90	21.0
88	91	2.0
88	92	2.0
88	94	18.0
88	95	4.0
88	96	30.0
88	100	1.0
88	105	2.0
88	133	1.0
88	135	1.0
88	148	1.0
88	149	1.0
88	150	2.0
88	156	1.0
89	89	663.0
89	90	37.0
89	92	5.0
89	93	4.0
89	94	8.0
89	95	6.0
89	96	1.0
89	108	1.0
89	110	1.0
89	136	1.0
89	146	2.0
89	149	1.0
89	151	1.0
90	90	705.0
90	91	40.0
90	92	14.0
90	93	2.0
90	94	7.0
90	95	2.0
90	96	2.0
90	97	1.0
90	124	2.0
90	136	1.0
90	137	12.0
90	138	1.0
90	139	2.0
90	141	1.0
90	144	1.0
90	145	1.0
90	146	1.0
90	147	1.0
90	148	1.0
90	150	2.0
90	151	7.0
90	152	3.0
90	160	1.0
90	162	1.0
90	163	1.0
90	166	1.0
91	91	646.0
91	92	30.0
91	93	35.0
91	94	25.0
91	95	5.0
91	97	10.0
91	98	1.0
91	99	1.0
91	101	1.0
91	102	1.0
91	109	1.0
91	134	1.0
91	136	2.0
91	137	15.0
91	142	1.0
91	146	1.0
91	151	1.0
91	157	3.0
91	158	2.0
91	159	3.0
91	160	3.0
91	162	1.0
91	166	1.0
91	169	1.0
92	92	610.0
92	93	46.0
92	94	17.0
92	95	1.0
92	97	1.0
92	119	1.0
92	129	1.0
92	134	1.0
92	144	1.0
92	145	1.0
92	148	1.0
92	151	4.0
92	152	1.0
93	93	596.0
93	94	31.0
93	95	6.0
93	96	4.0
93	115	1.0
93	118	1.0
93	124	1.0
93	145	1.0
93	151	5.0
93	152	1.0
94	94	615.0
94	95	61.0
94	96	9.0
94	97	20.0
94	98	3.0
94	105	1.0
94	110	2.0
94	118	1.0
94	124	2.0
94	140	1.0
94	150	1.0
94	151	3.0
94	153	1.0
94	157	1.0
95	95	520.0
95	96	51.0
95	97	12.0
95	99	2.0
95	105	1.0
95	110	2.0
95	133	1.0
95	134	3.0
95	146	1.0
95	158	1.0
96	96	633.0
96	97	6.0
96	105	1.0
96	109	2.0
96	110	12.0
96	111	8.0
96	151	1.0
96	157	1.0
96	159	1.0
96	170	1.0
97	97	667.0
97	98	45.0
97	99	45.0
97	100	7.0
97	101	2.0
97	105	7.0
97	106	1.0
97	107	1.0
97	111	1.0
97	130	1.0
97	134	5.0
97	145	1.0
97	150	1.0
97	169	2.0
98	98	573.0
98	99	89.0
98	100	6.0
98	106	1.0
98	108	1.0
98	131	8.0
98	132	10.0
98	153	1.0
98	161	1.0
99	99	576.0
99	100	24.0
99	103	4.0
99	105	1.0
99	106	5.0
99	107	5.0
99	131	2.0
99	132	3.0
99	133	1.0
99	134	9.0
99	155	1.0
99	169	1.0
100	100	641.0
100	101	8.0
100	102	2.0
100	103	4.0
100	105	17.0
100	106	23.0
100	107	16.0
100	108	1.0
100	118	1.0
100	121	1.0
100	127	1.0
100	131	1.0
100	134	22.0
100	137	5.0
100	159	1.0
101	101	601.0
101	102	38.0
101	103	34.0
101	104	19.0
101	105	10.0
101	107	11.0
101	108	3.0
101	110	1.0
101	121	1.0
101	122	2.0
101	125	1.0
101	128	1.0
101	130	4.0
101	131	4.0
101	132	1.0
101	151	1.0
102	102	578.0
102	103	30.0
102	104	26.0
102	123	1.0
102	130	1.0
102	131	7.0
103	103	639.0
103	104	17.0
103	105	4.0
103	107	6.0
103	132	3.0
103	133	13.0
103	134	2.0
103	137	1.0
103	146	1.0
103	158	1.0
103	164	1.0
104	104	580.0
104	105	11.0
104	107	15.0
104	108	1.0
104	120	3.0
104	128	2.0
104	131	4.0
104	134	1.0
105	105	620.0
105	106	39.0
105	107	15.0
105	108	14.0
105	111	2.0
105	115	1.0
105	116	1.0
105	127	1.0
105	158	1.0
105	160	1.0
105	163	1.0
106	106	657.0
106	107	25.0
106	108	3.0
106	117	1.0
106	118	1.0
106	120	1.0
106	135	1.0
106	146	1.0
106	153	1.0
106	156	2.0
106	158	1.0
106	161	1.0
106	168	1.0
107	107	650.0
107	108	47.0
107	109	5.0
107	110	4.0
107	111	2.0
107	121	1.0
107	136	1.0
107	165	1.0
108	108	648.0
108	109	52.0
108	110	8.0
108	111	1.0
108	119	1.0
108	124	1.0
108	135	1.0
108	138	1.0
108	147	1.0
109	109	640.0
109	110	35.0
109	115	1.0
109	122	1.0
109	129	1.0
109	131	2.0
109	135	1.0
109	161	1.0
109	170	1.0
110	110	645.0
110	111	21.0
110	112	6.0
110	142	2.0
110	143	1.0
110	147	1.0
110	150	1.0
110	151	4.0
110	152	8.0
110	162	1.0
110	170	1.0
111	111	603.0
111	112	50.0
111	113	5.0
111	115	7.0
111	116	4.0
111	121	1.0
111	123	1.0
111	126	1.0
111	127	1.0
111	133	2.0
111	136	1.0
111	139	1.0
111	147	5.0
111	148	2.0
111	151	1.0
111	152	5.0
112	112	679.0
112	113	62.0
112	114	23.0
112	115	2.0
112	116	5.0
112	118	3.0
112	147	1.0
112	149	2.0
112	152	4.0
112	155	2.0
112	163	1.0
113	113	577.0
113	114	47.0
113	115	4.0
113	116	8.0
113	129	1.0
113	141	1.0
113	145	1.0
113	153	4.0
113	164	1.0
114	114	622.0
114	115	15.0
114	116	34.0
114	117	2.0
114	118	5.0
114	120	2.0
114	132	1.0
114	152	5.0
114	153	9.0
114	157	1.0
114	161	1.0
114	166	1.0
115	115	595.0
115	116	49.0
115	117	2.0
115	118	17.0
115	119	13.0
115	120	5.0
115	129	1.0
115	131	1.0
115	148	1.0
115	151	1.0
115	152	13.0
115	153	19.0
115	154	1.0
115	155	1.0
116	116	667.0
116	117	9.0
116	118	5.0
116	119	1.0
116	129	1.0
116	139	1.0
116	150	1.0
116	152	3.0
116	153	6.0
116	156	1.0
117	117	596.0
117	118	52.0
117	119	6.0
117	123	1.0
117	128	1.0
117	129	1.0
117	130	5.0
117	140	1.0
117	145	1.0
117	148	4.0
117	149	8.0
117	153	10.0
117	154	20.0
117	155	3.0
117	157	1.0
118	118	700.0
118	119	27.0
118	121	1.0
118	123	4.0
118	128	4.0
118	129	5.0
118	141	2.0
118	149	3.0
118	153	1.0
119	119	665.0
119	120	46.0
119	121	20.0
119	122	21.0
119	123	15.0
119	124	2.0
119	125	2.0
119	126	1.0
119	127	1.0
119	128	9.0
119	129	7.0
119	132	1.0
119	139	3.0
119	142	1.0
119	145	1.0
119	149	2.0
119	170	2.0
120	120	585.0
120	121	77.0
120	122	14.0
120	125	2.0
120	126	11.0
120	127	5.0
120	128	2.0
120	131	1.0
120	135	1.0
120	138	2.0
120	139	14.0
120	140	4.0
120	141	1.0
120	155	1.0
120	162	1.0
121	121	599.0
121	122	25.0
121	123	2.0
121	125	6.0
121	126	13.0
121	127	10.0
121	128	4.0
121	138	1.0
121	140	2.0
121	142	7.0
121	143	5.0
121	159	1.0
121	160	1.0
122	122	612.0
122	123	46.0
122	124	8.0
122	125	18.0
122	126	16.0
122	127	3.0
122	128	27.0
122	129	11.0
122	139	1.0
122	140	10.0
122	141	1.0
122	142	18.0
122	143	2.0
122	165	1.0
123	123	599.0
123	124	53.0
123	125	40.0
123	126	8.0
123	128	5.0
123	129	2.0
123	130	1.0
123	140	1.0
123	142	14.0
123	154	1.0
123	168	1.0
123	169	1.0
124	124	680.0
124	125	21.0
124	126	1.0
124	127	1.0
124	129	2.0
124	135	1.0
124	139	2.0
124	140	1.0
124	141	1.0
124	142	1.0
124	144	1.0
124	149	1.0
124	158	1.0
125	125	587.0
125	126	44.0
125	127	17.0
125	128	11.0
125	129	6.0
125	142	18.0
125	144	1.0
125	148	3.0
125	152	1.0
125	168	1.0
126	126	656.0
126	127	70.0
126	128	7.0
126	129	4.0
126	135	1.0
126	140	1.0
126	141	3.0
126	142	1.0
126	159	1.0
127	127	616.0
127	128	28.0
127	129	1.0
127	130	8.0
127	141	3.0
127	147	1.0
127	150	1.0
128	128	631.0
128	129	76.0
128	130	16.0
128	131	7.0
128	139	1.0
128	144	2.0
128	156	1.0
129	129	592.0
129	130	31.0
129	131	18.0
129	141	1.0
129	153	1.0
129	154	1.0
130	130	668.0
130	131	66.0
130	133	7.0
130	135	2.0
130	136	4.0
130	137	1.0
130	141	1.0
130	153	1.0
130	154	3.0
130	160	1.0
131	131	688.0
131	132	14.0
131	133	10.0
131	135	1.0
131	136	1.0
131	139	1.0
131	147	1.0
131	153	9.0
131	154	4.0
131	155	17.0
131	156	13.0
131	168	1.0
132	132	622.0
132	133	37.0
132	134	18.0
132	135	23.0
132	136	1.0
132	137	1.0
132	144	1.0
132	152	1.0
132	155	4.0
132	156	20.0
132	157	8.0
132	169	1.0
133	133	614.0
133	134	38.0
133	135	35.0
133	136	2.0
133	141	1.0
133	152	1.0
133	156	12.0
133	157	2.0
133	161	1.0
133	170	1.0
134	134	652.0
134	135	65.0
134	136	8.0
134	137	5.0
134	139	1.0
134	141	1.0
134	157	13.0
135	135	585.0
135	136	43.0
135	137	1.0
135	138	3.0
135	140	1.0
135	142	9.0
135	143	8.0
135	144	4.0
135	147	1.0
135	157	4.0
135	165	1.0
136	136	691.0
136	137	33.0
136	138	19.0
136	139	4.0
136	140	10.0
136	141	7.0
136	142	14.0
136	143	8.0
136	144	8.0
136	145	2.0
136	147	2.0
136	152	2.0
136	165	1.0
136	170	1.0
137	137	681.0
137	138	20.0
137	139	1.0
137	140	4.0
137	142	20.0
137	143	5.0
137	144	17.0
138	138	635.0
138	139	46.0
138	140	20.0
138	141	26.0
138	142	3.0
138	143	2.0
138	144	3.0
138	147	1.0
138	148	2.0
138	153	1.0
138	164	3.0
138	166	1.0
139	139	636.0
139	140	36.0
139	141	16.0
139	142	6.0
139	143	2.0
139	147	2.0
139	163	1.0
139	164	1.0
140	140	568.0
140	141	40.0
140	142	6.0
140	143	3.0
140	144	11.0
140	145	1.0
140	148	1.0
140	158	1.0
140	159	6.0
140	162	9.0
140	164	1.0
140	165	5.0
140	166	1.0
140	170	1.0
141	141	608.0
141	142	18.0
141	143	2.0
141	144	8.0
141	145	14.0
141	149	1.0
141	159	4.0
141	160	7.0
141	161	3.0
141	162	4.0
141	163	5.0
141	164	14.0
141	165	7.0
142	142	600.0
142	143	44.0
142	144	24.0
142	145	1.0
142	157	1.0
142	159	3.0
142	160	3.0
142	164	2.0
143	143	692.0
143	144	19.0
143	145	1.0
143	146	2.0
143	147	2.0
143	148	9.0
144	144	620.0
144	145	32.0
144	146	13.0
144	147	6.0
144	148	4.0
144	151	1.0
144	157	1.0
144	158	3.0
144	159	16.0
144	160	12.0
144	161	1.0
144	162	1.0
144	164	5.0
144	165	6.0
144	166	1.0
145	145	662.0
145	146	28.0
145	147	9.0
145	148	14.0
145	155	4.0
145	157	2.0
145	159	3.0
145	160	15.0
145	161	12.0
145	164	14.0
145	165	10.0
146	146	613.0
146	147	44.0
146	149	12.0
146	150	10.0
146	151	9.0
146	153	2.0
146	154	17.0
146	166	1.0
147	147	704.0
147	148	46.0
147	149	3.0
147	150	25.0
147	151	8.0
147	152	1.0
147	153	2.0
147	154	11.0
147	155	1.0
147	156	1.0
147	157	1.0
148	148	694.0
148	149	51.0
148	150	19.0
148	151	1.0
148	163	2.0
148	165	1.0
149	149	693.0
149	150	28.0
149	151	9.0
149	152	4.0
149	156	1.0
149	161	1.0
150	150	700.0
150	151	51.0
150	152	28.0
150	154	1.0
150	170	1.0
151	151	649.0
151	152	35.0
151	153	2.0
151	154	3.0
151	167	1.0
152	152	692.0
152	153	40.0
152	154	8.0
152	155	1.0
152	158	3.0
152	167	1.0
153	153	617.0
153	154	67.0
153	155	12.0
153	156	3.0
153	161	7.0
154	154	668.0
154	155	29.0
155	155	654.0
155	156	80.0
155	157	15.0
155	167	1.0
156	156	663.0
156	157	49.0
156	158	10.0
156	159	2.0
157	157	698.0
157	158	40.0
157	159	6.0
157	165	1.0
157	166	2.0
157	167	1.0
157	168	14.0
157	170	3.0
158	158	720.0
158	159	51.0
158	160	4.0
158	165	6.0
158	166	13.0
158	168	2.0
158	170	1.0
159	159	663.0
159	160	23.0
159	161	1.0
159	162	17.0
159	164	7.0
159	165	8.0
159	166	23.0
160	160	686.0
160	161	49.0
160	162	6.0
160	163	5.0
160	164	1.0
160	165	17.0
161	161	681.0
161	162	25.0
161	163	9.0
161	164	12.0
161	165	16.0
161	166	1.0
161	170	1.0
162	162	679.0
162	163	24.0
162	164	31.0
162	165	38.0
163	163	661.0
163	164	43.0
163	165	23.0
163	166	3.0
163	167	5.0
163	168	12.0
163	170	1.0
164	164	672.0
164	165	36.0
164	166	4.0
164	167	1.0
164	168	8.0
164	169	1.0
164	170	2.0
165	165	567.0
165	166	22.0
165	168	1.0
165	170	1.0
166	166	761.0
166	167	17.0
166	168	9.0
166	169	7.0
166	170	9.0
167	167	643.0
167	168	20.0
167	169	33.0
167	170	8.0
168	168	653.0
168	169	44.0
168	170	15.0
169	169	696.0
169	170	41.0
169	171	2.0
170	170	678.0
172	1	79.0
172	2	25.0
172	7	1.0
172	21	2.0
172	22	2.0
172	23	3.0
172	36	1.0
172	67	1.0
172	97	2.0
172	107	1.0
172	119	1.0
172	126	1.0
172	132	1.0
172	133	2.0
172	134	3.0
172	141	1.0
172	164	1.0
172	167	1.0
172	168	4.0
172	169	9.0
172	170	14.0
172	172	610.0
