1	1	220.0
1	2	27.0
1	3	7.0
1	4	2.0
1	5	1.0
1	23	1.0
1	26	2.0
1	47	1.0
1	54	1.0
1	75	3.0
1	76	4.0
2	2	217.0
2	3	7.0
2	4	1.0
2	40	1.0
2	68	1.0
2	75	3.0
2	76	7.0
3	3	264.0
3	4	9.0
3	5	1.0
3	7	1.0
3	8	1.0
3	9	1.0
3	31	2.0
3	66	1.0
3	73	1.0
4	4	248.0
4	5	22.0
4	6	9.0
4	7	1.0
4	9	5.0
4	10	3.0
4	11	2.0
4	12	6.0
4	28	1.0
4	43	4.0
4	48	1.0
5	5	246.0
5	6	24.0
5	7	9.0
5	8	8.0
5	9	2.0
5	10	2.0
5	12	4.0
5	48	3.0
5	52	1.0
5	53	1.0
5	54	1.0
6	6	268.0
6	7	5.0
6	10	1.0
6	11	4.0
6	12	4.0
6	13	1.0
6	48	2.0
7	7	234.0
7	8	31.0
7	9	9.0
7	10	11.0
7	11	5.0
7	12	7.0
7	48	1.0
7	69	1.0
7	73	1.0
8	8	253.0
8	9	6.0
8	10	7.0
8	11	4.0
8	12	8.0
8	18	2.0
8	51	1.0
9	9	229.0
9	10	27.0
9	11	12.0
9	12	1.0
9	48	2.0
9	60	1.0
9	64	1.0
9	70	1.0
9	77	1.0
10	10	207.0
10	11	17.0
10	12	5.0
10	18	1.0
10	33	1.0
11	11	217.0
11	12	16.0
11	13	2.0
11	14	1.0
11	71	1.0
11	73	1.0
12	12	237.0
12	13	10.0
12	15	1.0
12	45	2.0
12	70	1.0
12	71	4.0
12	72	1.0
12	73	2.0
13	13	280.0
13	14	8.0
13	18	10.0
13	19	2.0
13	32	1.0
13	44	1.0
13	46	2.0
13	47	3.0
13	72	8.0
13	73	3.0
13	74	2.0
13	75	1.0
13	76	1.0
14	14	138.0
14	15	3.0
14	18	6.0
14	19	3.0
14	45	1.0
14	46	1.0
14	47	3.0
14	72	2.0
14	73	9.0
14	74	2.0
14	76	2.0
15	15	43.0
15	18	3.0
15	43	1.0
15	76	2.0
18	18	153.0
18	19	11.0
18	21	1.0
18	29	1.0
18	31	3.0
18	32	1.0
18	45	1.0
18	46	1.0
18	47	1.0
18	74	3.0
18	75	1.0
18	76	3.0
19	19	230.0
19	20	10.0
19	23	1.0
19	31	3.0
19	41	3.0
19	42	1.0
19	44	16.0
19	45	3.0
19	62	1.0
20	20	217.0
20	21	20.0
20	22	7.0
20	23	1.0
20	31	1.0
20	32	2.0
20	39	6.0
20	40	3.0
20	41	4.0
20	42	6.0
20	44	3.0
21	21	277.0
21	22	17.0
21	23	6.0
21	31	2.0
21	33	5.0
21	34	1.0
21	35	1.0
21	36	1.0
21	44	1.0
21	46	2.0
21	47	5.0
21	48	1.0
21	50	2.0
22	22	247.0
22	23	22.0
22	24	6.0
22	25	1.0
22	26	1.0
22	27	1.0
22	33	4.0
22	34	3.0
22	40	4.0
22	61	1.0
23	23	204.0
23	24	12.0
23	25	5.0
23	26	1.0
23	27	3.0
23	28	6.0
23	29	3.0
23	31	1.0
23	33	10.0
23	34	1.0
23	37	1.0
23	39	2.0
23	43	1.0
23	44	3.0
23	46	3.0
23	65	2.0
24	24	211.0
24	25	19.0
24	26	8.0
24	27	1.0
24	28	5.0
24	29	6.0
24	31	1.0
24	41	1.0
24	72	1.0
24	77	7.0
25	25	224.0
25	26	20.0
25	27	21.0
25	28	13.0
25	29	6.0
25	30	1.0
25	50	1.0
25	53	2.0
25	60	1.0
25	72	1.0
25	77	1.0
26	26	208.0
26	27	38.0
26	28	9.0
26	29	3.0
26	30	1.0
26	48	1.0
26	50	1.0
26	52	2.0
26	53	12.0
26	58	1.0
26	74	3.0
26	77	1.0
27	27	210.0
27	28	12.0
27	29	5.0
27	30	3.0
27	32	2.0
27	35	1.0
27	51	4.0
27	53	7.0
27	54	2.0
27	57	1.0
27	71	1.0
27	72	4.0
27	77	1.0
28	28	203.0
28	29	16.0
28	30	11.0
28	32	1.0
28	53	3.0
28	77	5.0
29	29	196.0
29	30	19.0
29	31	7.0
29	38	1.0
29	51	6.0
29	53	1.0
29	56	1.0
29	70	4.0
29	72	1.0
29	77	2.0
30	30	230.0
30	31	13.0
30	51	1.0
30	77	6.0
31	31	254.0
31	32	15.0
31	33	2.0
31	34	1.0
31	37	2.0
31	41	3.0
31	42	3.0
31	55	1.0
31	68	3.0
31	69	2.0
31	70	2.0
32	32	224.0
32	33	16.0
32	37	1.0
32	38	1.0
32	40	2.0
32	41	9.0
32	42	1.0
32	44	1.0
32	65	6.0
32	67	1.0
33	33	236.0
33	34	12.0
33	35	1.0
33	36	1.0
33	37	1.0
33	38	2.0
33	39	1.0
33	65	13.0
33	66	1.0
33	69	5.0
34	34	243.0
34	35	7.0
34	36	6.0
34	37	2.0
34	38	1.0
34	39	4.0
34	40	5.0
34	41	1.0
34	43	1.0
34	45	1.0
34	46	3.0
34	55	1.0
34	65	7.0
34	70	1.0
35	35	249.0
35	36	35.0
35	37	19.0
35	38	11.0
35	39	6.0
35	41	4.0
35	45	1.0
35	65	1.0
36	36	250.0
36	37	17.0
36	38	16.0
36	39	13.0
36	40	1.0
36	41	2.0
36	46	1.0
36	54	1.0
36	64	1.0
36	65	2.0
36	76	1.0
37	37	181.0
37	38	7.0
37	39	7.0
37	40	1.0
37	41	10.0
37	42	2.0
37	45	1.0
38	38	244.0
38	39	19.0
38	40	5.0
38	41	2.0
38	45	6.0
39	39	194.0
39	40	26.0
39	41	6.0
39	42	5.0
39	43	12.0
39	77	1.0
40	40	203.0
40	41	13.0
40	43	5.0
40	65	1.0
41	41	205.0
41	42	25.0
41	43	4.0
41	44	6.0
41	58	1.0
41	61	1.0
42	42	270.0
42	43	19.0
42	44	2.0
43	43	265.0
43	44	27.0
43	46	2.0
43	69	1.0
44	44	219.0
44	45	17.0
44	62	1.0
44	68	1.0
45	45	272.0
45	46	6.0
45	65	2.0
45	72	1.0
45	73	1.0
46	46	251.0
46	47	18.0
46	48	10.0
46	65	1.0
46	67	1.0
46	72	2.0
46	74	3.0
47	47	241.0
47	48	18.0
47	49	14.0
47	50	3.0
47	64	1.0
47	67	1.0
47	71	2.0
47	73	6.0
47	74	11.0
48	48	256.0
48	49	20.0
48	50	8.0
48	51	13.0
48	52	1.0
48	53	5.0
48	71	1.0
48	72	3.0
48	73	1.0
48	74	1.0
49	49	232.0
49	50	27.0
49	51	7.0
49	66	1.0
49	72	2.0
49	73	1.0
50	50	194.0
50	51	19.0
50	52	1.0
50	54	2.0
50	55	1.0
50	69	2.0
50	73	2.0
51	51	219.0
51	52	14.0
51	53	8.0
51	54	1.0
51	67	2.0
51	69	1.0
51	70	1.0
51	71	5.0
51	72	3.0
51	74	1.0
52	52	198.0
52	53	13.0
52	54	8.0
52	55	4.0
52	72	4.0
52	73	5.0
52	74	2.0
53	53	213.0
53	54	6.0
53	55	1.0
53	67	1.0
54	54	248.0
54	55	26.0
54	56	10.0
54	60	1.0
54	74	4.0
55	55	267.0
55	56	11.0
55	57	3.0
55	68	1.0
55	71	1.0
56	56	275.0
56	57	13.0
56	58	5.0
56	60	2.0
56	70	2.0
56	71	3.0
56	72	1.0
57	57	214.0
57	58	7.0
57	59	10.0
57	61	2.0
57	62	5.0
57	64	3.0
57	67	1.0
57	68	3.0
57	69	4.0
57	70	4.0
58	58	224.0
58	59	16.0
58	60	15.0
58	61	9.0
58	62	5.0
58	63	4.0
58	64	2.0
58	65	1.0
58	66	1.0
58	69	1.0
58	70	3.0
59	59	209.0
59	60	11.0
59	61	10.0
59	62	2.0
59	63	1.0
59	66	4.0
59	67	2.0
59	70	1.0
60	60	258.0
60	61	4.0
60	63	5.0
60	66	1.0
60	67	1.0
61	61	196.0
61	62	13.0
61	63	13.0
61	64	7.0
61	66	1.0
61	67	2.0
61	68	1.0
61	72	2.0
62	62	190.0
62	63	23.0
62	64	13.0
62	66	2.0
63	63	200.0
63	64	16.0
63	66	1.0
63	67	6.0
63	68	9.0
63	71	2.0
64	64	188.0
64	65	6.0
64	66	13.0
64	67	5.0
64	68	8.0
64	69	4.0
65	65	188.0
65	66	7.0
65	67	1.0
65	68	7.0
65	69	12.0
66	66	203.0
66	67	22.0
66	68	7.0
66	69	4.0
66	70	2.0
66	75	1.0
67	67	235.0
67	68	11.0
67	69	2.0
67	70	1.0
68	68	200.0
68	69	25.0
68	70	12.0
68	71	1.0
69	69	183.0
69	70	12.0
69	71	4.0
70	70	230.0
70	71	32.0
70	72	1.0
70	74	1.0
71	71	234.0
71	72	3.0
71	74	3.0
72	72	230.0
72	73	26.0
72	74	2.0
72	77	9.0
73	73	275.0
73	74	17.0
73	77	1.0
74	74	224.0
74	75	15.0
74	76	3.0
74	77	5.0
75	75	235.0
75	76	24.0
75	77	2.0
76	76	251.0
76	77	6.0
77	77	251.0
77	78	5.0
78	78	5.0
79	1	12.0
79	2	11.0
79	25	2.0
79	28	2.0
79	53	1.0
79	72	1.0
79	73	1.0
79	74	3.0
79	75	1.0
79	76	3.0
79	77	6.0
79	78	1.0
79	79	208.0
