20	20	206.0
20	21	10.0
20	22	21.0
20	23	1.0
20	25	3.0
20	26	7.0
20	27	1.0
20	28	2.0
20	32	1.0
20	37	6.0
20	39	6.0
20	40	2.0
20	41	1.0
20	47	1.0
20	57	1.0
20	58	8.0
20	59	4.0
20	60	20.0
20	62	1.0
20	66	1.0
20	67	1.0
20	68	7.0
20	90	1.0
20	91	1.0
21	21	38.0
21	22	6.0
21	23	1.0
21	24	1.0
21	25	1.0
21	37	1.0
21	58	1.0
21	60	3.0
21	63	1.0
21	64	1.0
21	67	1.0
22	22	336.0
22	23	21.0
22	24	3.0
22	25	4.0
22	26	7.0
22	27	3.0
22	37	2.0
22	39	2.0
22	40	1.0
22	43	1.0
22	47	1.0
22	58	5.0
22	59	7.0
22	60	5.0
22	63	1.0
22	65	2.0
22	66	1.0
22	67	6.0
22	89	1.0
22	90	5.0
22	91	1.0
22	92	3.0
22	93	1.0
22	94	4.0
22	96	1.0
22	97	1.0
23	23	221.0
23	24	16.0
23	25	15.0
23	26	2.0
23	35	1.0
23	41	1.0
23	61	1.0
23	67	7.0
23	68	1.0
23	87	2.0
23	89	1.0
23	90	1.0
23	91	1.0
23	93	1.0
23	94	7.0
24	24	376.0
24	25	31.0
24	26	1.0
24	42	2.0
24	67	12.0
24	73	2.0
24	86	1.0
24	90	1.0
24	91	1.0
24	94	1.0
25	25	483.0
25	26	46.0
25	27	4.0
25	28	5.0
25	42	2.0
25	62	1.0
25	67	9.0
25	68	2.0
25	69	1.0
25	73	2.0
25	85	1.0
25	92	2.0
25	93	3.0
25	94	2.0
26	26	498.0
26	27	30.0
26	28	10.0
26	53	1.0
26	55	1.0
26	67	9.0
26	68	4.0
26	88	1.0
27	27	533.0
27	28	60.0
27	29	1.0
27	30	1.0
27	56	2.0
27	57	3.0
27	65	3.0
27	66	21.0
27	67	1.0
27	73	1.0
27	76	1.0
27	77	3.0
27	78	1.0
27	87	1.0
27	89	2.0
27	90	3.0
27	92	1.0
27	93	1.0
27	99	1.0
28	28	239.0
28	29	2.0
28	30	3.0
28	31	2.0
28	59	1.0
28	65	6.0
28	66	9.0
28	67	1.0
28	77	1.0
28	78	1.0
28	79	1.0
28	80	2.0
28	91	1.0
29	29	443.0
29	30	19.0
29	31	1.0
29	34	2.0
29	39	3.0
29	40	8.0
29	50	1.0
29	57	1.0
29	58	2.0
29	59	1.0
29	60	1.0
29	64	2.0
29	65	4.0
29	79	1.0
29	83	1.0
29	84	1.0
29	89	1.0
29	96	1.0
30	30	185.0
30	31	4.0
30	32	3.0
30	33	6.0
30	38	2.0
30	40	5.0
30	58	8.0
30	59	2.0
30	61	1.0
30	62	2.0
30	63	2.0
30	67	6.0
30	68	3.0
30	79	1.0
31	31	459.0
31	32	18.0
31	33	21.0
31	34	5.0
31	35	1.0
31	36	1.0
31	41	1.0
31	57	2.0
31	58	2.0
31	61	7.0
31	62	2.0
31	66	1.0
31	67	20.0
31	68	8.0
31	69	1.0
31	76	1.0
31	81	1.0
32	32	280.0
32	33	7.0
32	34	11.0
32	35	3.0
32	36	2.0
32	37	3.0
32	39	2.0
32	41	2.0
32	46	3.0
32	57	7.0
32	58	5.0
32	59	1.0
32	60	2.0
32	61	2.0
32	62	4.0
32	67	7.0
32	68	1.0
32	78	1.0
32	97	1.0
33	33	507.0
33	34	15.0
33	36	4.0
33	37	3.0
33	47	1.0
33	56	1.0
33	61	1.0
33	67	4.0
33	79	1.0
33	82	1.0
33	96	1.0
34	34	372.0
34	35	31.0
34	36	20.0
34	37	21.0
34	38	1.0
34	39	1.0
34	42	1.0
34	51	1.0
34	53	1.0
34	55	1.0
34	59	1.0
34	60	1.0
34	61	5.0
34	62	9.0
34	67	1.0
34	91	1.0
35	35	454.0
35	36	28.0
35	37	40.0
35	38	26.0
35	39	3.0
35	40	1.0
35	52	3.0
35	53	2.0
35	55	3.0
35	56	1.0
35	60	4.0
35	61	3.0
35	76	2.0
35	78	5.0
35	88	1.0
35	95	1.0
36	36	457.0
36	37	18.0
36	38	24.0
36	39	6.0
36	40	1.0
36	42	1.0
36	53	1.0
36	54	1.0
36	55	1.0
36	60	2.0
36	61	13.0
36	81	1.0
37	37	409.0
37	38	34.0
37	39	1.0
37	58	5.0
37	60	32.0
37	61	6.0
37	70	1.0
37	76	3.0
37	78	4.0
37	81	2.0
37	85	1.0
37	92	1.0
37	94	1.0
38	38	444.0
38	39	19.0
38	40	4.0
38	55	5.0
38	59	1.0
38	60	7.0
38	66	2.0
38	68	1.0
38	73	1.0
38	75	3.0
38	76	1.0
38	77	1.0
38	78	2.0
39	39	444.0
39	40	44.0
39	41	1.0
39	54	2.0
39	55	2.0
39	56	6.0
39	57	5.0
39	58	2.0
39	65	1.0
39	70	1.0
39	76	1.0
39	78	5.0
39	99	1.0
40	40	500.0
40	41	18.0
40	54	1.0
40	56	3.0
40	57	2.0
40	58	1.0
40	64	9.0
40	65	6.0
40	73	1.0
40	74	7.0
40	75	4.0
40	76	2.0
40	77	3.0
40	78	14.0
40	79	6.0
40	91	1.0
40	99	1.0
41	41	431.0
41	42	17.0
41	43	2.0
41	53	1.0
41	64	15.0
41	65	4.0
41	73	1.0
41	74	9.0
41	75	12.0
41	76	21.0
41	77	7.0
41	78	4.0
42	42	487.0
42	43	46.0
42	44	3.0
42	45	1.0
42	55	1.0
42	57	1.0
42	63	1.0
42	71	1.0
42	73	4.0
42	74	1.0
42	75	16.0
42	76	2.0
43	43	437.0
43	44	12.0
43	49	1.0
43	52	1.0
43	61	1.0
43	63	2.0
43	71	1.0
43	72	6.0
43	73	17.0
43	74	1.0
43	84	4.0
43	92	1.0
43	95	1.0
44	44	496.0
44	45	14.0
44	47	7.0
44	48	7.0
44	50	1.0
44	60	1.0
44	73	2.0
44	75	1.0
44	80	1.0
45	45	421.0
45	46	14.0
45	47	16.0
45	48	8.0
45	49	20.0
45	50	3.0
45	51	1.0
45	52	2.0
46	46	466.0
46	47	47.0
46	48	46.0
46	49	5.0
46	50	3.0
46	51	1.0
46	52	1.0
46	57	2.0
46	94	1.0
47	47	424.0
47	48	41.0
47	49	6.0
47	50	5.0
47	51	2.0
47	57	1.0
47	62	1.0
47	76	1.0
48	48	430.0
48	49	36.0
48	50	20.0
48	51	6.0
48	52	2.0
48	53	2.0
48	70	4.0
48	76	1.0
49	49	418.0
49	50	66.0
49	51	8.0
49	52	1.0
49	91	1.0
50	50	423.0
50	51	44.0
50	53	2.0
50	57	4.0
50	68	1.0
50	71	1.0
51	51	448.0
51	52	42.0
51	53	12.0
51	54	1.0
51	57	1.0
51	63	1.0
51	68	1.0
51	75	1.0
51	88	1.0
51	95	1.0
52	52	466.0
52	53	3.0
52	54	4.0
52	55	1.0
52	58	1.0
52	69	1.0
52	76	1.0
52	78	1.0
52	94	1.0
53	53	417.0
53	54	24.0
53	55	18.0
53	56	8.0
53	93	1.0
54	54	397.0
54	55	59.0
54	56	12.0
54	57	4.0
54	73	1.0
54	94	1.0
55	55	463.0
55	56	25.0
55	57	4.0
55	59	1.0
55	60	4.0
55	62	1.0
55	65	1.0
55	98	1.0
56	56	412.0
56	57	48.0
56	58	12.0
56	59	2.0
56	68	2.0
56	87	1.0
57	57	455.0
57	58	37.0
57	59	4.0
57	60	1.0
57	65	2.0
57	66	1.0
57	68	1.0
58	58	483.0
58	59	35.0
58	60	3.0
58	61	2.0
58	67	1.0
58	68	7.0
58	80	1.0
59	59	467.0
59	60	14.0
59	61	6.0
59	62	16.0
59	63	23.0
59	64	3.0
59	67	4.0
59	68	16.0
59	69	2.0
59	70	2.0
59	88	2.0
60	60	450.0
60	61	26.0
60	62	19.0
60	63	1.0
60	68	2.0
60	76	2.0
60	98	2.0
61	61	481.0
61	62	27.0
61	63	2.0
61	64	14.0
61	70	2.0
61	72	1.0
61	85	1.0
62	62	439.0
62	63	20.0
62	64	12.0
62	84	1.0
63	63	469.0
63	64	62.0
63	67	1.0
63	71	1.0
63	85	1.0
63	87	1.0
63	96	1.0
64	64	506.0
64	66	4.0
64	67	2.0
64	80	1.0
64	89	4.0
64	92	1.0
65	65	517.0
65	66	30.0
65	68	2.0
65	74	13.0
65	75	5.0
65	77	1.0
65	78	1.0
65	79	6.0
65	85	2.0
65	87	1.0
65	89	5.0
65	90	22.0
65	91	6.0
65	94	1.0
66	66	528.0
66	67	14.0
66	69	1.0
66	70	1.0
66	76	1.0
66	79	2.0
66	80	2.0
66	84	1.0
66	87	1.0
66	89	19.0
66	90	12.0
66	91	4.0
66	95	1.0
66	96	1.0
66	101	1.0
67	67	462.0
67	68	20.0
67	69	5.0
67	70	2.0
67	71	1.0
67	73	2.0
67	80	1.0
67	81	1.0
67	85	1.0
67	86	1.0
67	89	5.0
67	90	1.0
67	91	4.0
68	68	550.0
68	69	30.0
68	70	15.0
68	71	2.0
68	73	7.0
68	74	1.0
68	87	6.0
68	90	8.0
68	92	1.0
69	69	460.0
69	70	60.0
69	71	29.0
69	72	3.0
69	73	1.0
69	81	1.0
69	86	6.0
69	87	6.0
69	88	13.0
69	89	5.0
69	90	5.0
69	91	3.0
69	93	1.0
69	96	1.0
69	98	1.0
69	99	14.0
69	100	4.0
70	70	513.0
70	71	60.0
70	72	23.0
70	73	13.0
70	77	1.0
70	81	1.0
70	93	2.0
70	95	8.0
70	98	6.0
70	99	1.0
70	100	12.0
71	71	470.0
71	72	25.0
71	73	1.0
71	83	1.0
71	93	4.0
71	98	1.0
71	100	2.0
72	72	454.0
72	73	21.0
72	74	1.0
72	76	1.0
72	84	3.0
72	85	11.0
72	86	3.0
72	90	1.0
73	73	477.0
73	74	20.0
73	84	2.0
73	85	23.0
73	86	2.0
73	87	2.0
73	90	1.0
73	91	3.0
74	74	596.0
74	75	21.0
74	77	4.0
74	78	1.0
74	79	2.0
74	80	1.0
74	82	1.0
74	83	1.0
74	87	1.0
74	90	1.0
74	91	10.0
74	94	2.0
75	75	484.0
75	76	15.0
75	77	2.0
75	78	5.0
75	79	8.0
75	80	5.0
75	81	4.0
75	82	2.0
75	83	1.0
75	86	1.0
75	88	1.0
76	76	461.0
76	77	24.0
76	78	23.0
76	79	3.0
76	80	8.0
76	81	4.0
76	82	1.0
76	83	1.0
76	87	3.0
76	90	2.0
76	91	3.0
76	97	1.0
77	77	454.0
77	78	29.0
77	79	10.0
77	80	8.0
77	81	4.0
77	82	11.0
77	90	1.0
77	94	2.0
77	101	1.0
78	78	452.0
78	79	25.0
78	80	3.0
78	81	2.0
78	82	2.0
78	84	9.0
78	90	4.0
78	91	2.0
79	79	486.0
79	80	30.0
79	81	3.0
79	82	3.0
79	83	8.0
79	84	6.0
79	86	1.0
79	87	7.0
79	88	1.0
79	89	3.0
79	90	14.0
79	91	18.0
79	95	1.0
80	80	468.0
80	81	32.0
80	82	9.0
80	83	1.0
80	84	8.0
80	86	12.0
80	87	13.0
80	88	26.0
80	89	1.0
80	90	7.0
80	91	6.0
81	81	479.0
81	82	46.0
81	83	11.0
81	84	1.0
81	88	1.0
81	90	1.0
81	91	1.0
82	82	258.0
82	83	13.0
82	84	7.0
82	90	2.0
83	83	376.0
83	84	35.0
83	85	15.0
83	87	2.0
83	88	2.0
83	91	1.0
83	99	1.0
84	84	367.0
84	85	9.0
84	87	2.0
84	88	1.0
84	92	1.0
84	98	1.0
84	99	2.0
85	85	440.0
85	86	11.0
85	87	1.0
85	89	1.0
85	93	1.0
85	96	2.0
85	98	2.0
85	99	3.0
86	86	425.0
86	87	32.0
86	88	11.0
86	89	6.0
86	91	8.0
86	92	18.0
86	93	16.0
86	94	1.0
86	98	4.0
86	99	15.0
87	87	427.0
87	88	64.0
87	89	17.0
87	90	4.0
87	91	8.0
87	92	4.0
87	93	1.0
87	98	2.0
88	88	530.0
88	89	22.0
88	90	3.0
88	91	9.0
88	99	5.0
89	89	475.0
89	90	53.0
89	91	10.0
89	92	3.0
89	93	1.0
89	94	3.0
89	95	3.0
89	96	1.0
89	97	16.0
89	98	1.0
89	99	2.0
89	101	1.0
90	90	463.0
90	91	22.0
90	92	5.0
90	93	1.0
90	94	2.0
90	95	3.0
90	96	1.0
90	97	12.0
91	91	490.0
91	92	50.0
91	93	6.0
91	94	1.0
91	95	1.0
91	97	8.0
91	98	1.0
91	101	1.0
92	92	513.0
92	93	56.0
92	94	24.0
92	99	2.0
92	100	3.0
93	93	477.0
93	94	39.0
93	95	2.0
93	96	2.0
93	98	9.0
93	99	9.0
93	100	10.0
93	101	1.0
94	94	427.0
94	95	12.0
94	96	11.0
94	97	6.0
94	98	7.0
94	99	3.0
94	100	3.0
94	101	2.0
95	95	437.0
95	96	45.0
95	97	29.0
95	98	29.0
95	99	7.0
95	100	18.0
95	101	3.0
96	96	422.0
96	97	27.0
96	98	6.0
96	99	2.0
96	100	8.0
96	101	4.0
97	97	450.0
97	98	34.0
97	99	7.0
97	100	6.0
97	101	1.0
98	98	466.0
98	99	16.0
98	100	13.0
98	101	5.0
98	102	5.0
99	99	497.0
99	100	26.0
99	101	11.0
99	102	1.0
100	100	449.0
100	101	7.0
100	102	2.0
101	101	528.0
101	102	20.0
102	102	184.0
