9	9	71.0
9	10	2.0
9	11	1.0
9	18	1.0
9	36	1.0
10	10	318.0
10	11	7.0
10	14	4.0
10	15	2.0
10	18	4.0
10	22	1.0
10	24	1.0
10	29	1.0
10	37	1.0
11	11	134.0
11	15	1.0
11	17	1.0
11	39	1.0
14	14	95.0
14	15	7.0
14	18	3.0
14	29	4.0
14	40	1.0
14	45	2.0
15	15	225.0
15	16	7.0
15	17	13.0
15	18	3.0
15	19	6.0
15	36	1.0
15	48	1.0
16	16	323.0
16	17	21.0
16	19	3.0
16	20	8.0
16	21	4.0
16	34	10.0
16	44	1.0
16	48	3.0
17	17	353.0
17	18	32.0
17	19	1.0
17	29	1.0
17	38	1.0
17	47	4.0
17	48	2.0
18	18	287.0
18	19	1.0
18	40	1.0
18	44	3.0
18	45	3.0
18	46	1.0
18	47	3.0
18	48	1.0
19	19	327.0
19	20	31.0
19	21	20.0
19	22	11.0
19	23	4.0
19	24	5.0
19	26	5.0
19	27	12.0
19	29	12.0
19	30	6.0
19	33	1.0
19	34	10.0
20	20	269.0
20	21	21.0
20	22	18.0
20	23	6.0
20	24	2.0
20	26	2.0
20	27	5.0
20	28	18.0
20	29	2.0
20	34	26.0
21	21	254.0
21	22	23.0
21	23	6.0
21	24	19.0
21	25	2.0
21	26	8.0
21	27	2.0
21	28	10.0
21	29	2.0
21	30	3.0
21	34	9.0
21	44	1.0
21	45	1.0
22	22	271.0
22	23	34.0
22	24	31.0
22	25	17.0
22	26	16.0
22	27	12.0
22	28	2.0
22	29	1.0
22	34	5.0
22	40	1.0
23	23	293.0
23	24	18.0
23	25	6.0
23	26	5.0
23	27	22.0
23	30	2.0
24	24	266.0
24	25	25.0
24	26	26.0
24	27	8.0
24	28	2.0
24	29	1.0
24	33	7.0
24	34	3.0
24	43	1.0
25	25	284.0
25	26	32.0
25	28	4.0
25	33	1.0
26	26	332.0
26	27	7.0
26	28	3.0
26	29	1.0
26	33	7.0
26	34	2.0
27	27	348.0
27	28	18.0
27	29	14.0
27	30	3.0
27	32	1.0
27	44	1.0
28	28	285.0
28	29	27.0
28	30	4.0
28	33	1.0
29	29	269.0
29	30	15.0
30	30	335.0
30	31	24.0
30	32	13.0
30	33	3.0
30	39	1.0
30	43	1.0
30	44	1.0
31	31	319.0
31	32	39.0
31	33	15.0
31	40	2.0
31	41	7.0
31	44	6.0
31	47	1.0
32	32	332.0
32	33	12.0
32	40	6.0
32	41	1.0
32	43	7.0
32	44	5.0
32	46	1.0
33	33	360.0
33	34	6.0
33	38	2.0
33	39	6.0
33	40	6.0
33	41	3.0
33	45	3.0
34	34	379.0
34	35	6.0
34	36	14.0
34	37	2.0
35	35	347.0
35	36	14.0
35	37	30.0
35	40	1.0
36	36	321.0
36	37	22.0
36	39	1.0
37	37	312.0
37	38	15.0
37	39	3.0
37	40	4.0
37	42	1.0
38	38	366.0
38	39	19.0
38	40	34.0
38	43	1.0
38	46	1.0
38	47	1.0
39	39	368.0
39	40	24.0
40	40	384.0
40	41	12.0
41	41	364.0
41	42	29.0
41	43	8.0
41	44	3.0
41	46	1.0
42	42	322.0
42	43	13.0
42	44	7.0
43	43	396.0
43	44	12.0
43	45	1.0
43	48	1.0
44	44	367.0
44	45	12.0
44	46	4.0
44	47	1.0
45	45	441.0
45	46	46.0
45	47	2.0
46	46	399.0
46	47	33.0
47	47	389.0
48	48	52.0
