1	1	397.0
1	2	42.0
1	3	2.0
1	7	1.0
1	9	1.0
1	13	2.0
1	20	8.0
1	21	3.0
1	22	1.0
1	23	3.0
1	24	4.0
1	25	1.0
1	30	1.0
1	34	2.0
1	35	2.0
1	58	1.0
1	69	1.0
1	136	1.0
1	138	1.0
1	154	1.0
1	158	5.0
1	159	7.0
1	160	1.0
1	162	1.0
2	2	346.0
2	3	8.0
2	22	3.0
2	23	11.0
2	24	3.0
2	38	1.0
2	74	1.0
2	81	1.0
2	146	1.0
2	150	1.0
2	157	1.0
2	159	2.0
2	168	1.0
2	170	10.0
3	3	383.0
3	4	9.0
3	14	2.0
3	15	1.0
3	51	1.0
3	71	1.0
3	81	1.0
3	89	1.0
3	91	1.0
3	138	1.0
3	153	1.0
3	155	1.0
3	156	1.0
3	157	1.0
3	159	19.0
3	160	1.0
3	161	2.0
3	162	2.0
3	164	1.0
4	4	339.0
4	5	2.0
4	10	2.0
4	11	1.0
4	34	1.0
4	57	4.0
4	61	2.0
4	62	4.0
4	63	1.0
4	87	1.0
4	105	1.0
4	121	2.0
4	122	6.0
4	123	11.0
4	124	5.0
4	126	5.0
4	127	2.0
4	128	4.0
4	155	2.0
4	156	4.0
4	159	2.0
4	160	5.0
4	165	1.0
4	170	1.0
5	5	358.0
5	6	15.0
5	7	23.0
5	9	1.0
5	10	1.0
5	13	1.0
5	14	7.0
5	15	1.0
5	16	2.0
5	29	1.0
5	38	1.0
5	45	1.0
5	47	1.0
5	48	1.0
5	49	1.0
5	55	1.0
5	57	1.0
5	62	2.0
5	83	1.0
5	84	1.0
5	85	2.0
5	125	1.0
5	131	1.0
5	143	1.0
5	147	1.0
5	154	3.0
5	155	1.0
5	157	5.0
5	158	7.0
6	6	408.0
6	7	33.0
6	8	7.0
6	9	1.0
6	10	4.0
6	13	9.0
6	14	8.0
6	15	4.0
6	37	1.0
6	45	1.0
6	46	3.0
6	47	2.0
6	48	6.0
6	50	1.0
6	72	1.0
6	83	5.0
6	84	2.0
6	85	2.0
6	151	1.0
6	152	1.0
6	155	1.0
6	163	1.0
7	7	325.0
7	8	9.0
7	9	10.0
7	10	17.0
7	11	3.0
7	12	6.0
7	13	6.0
7	14	11.0
7	15	3.0
7	25	1.0
7	45	1.0
7	46	4.0
7	47	4.0
7	48	5.0
7	49	1.0
7	72	1.0
7	85	2.0
7	86	2.0
7	93	1.0
7	113	1.0
7	152	1.0
7	154	2.0
8	8	310.0
8	9	31.0
8	10	20.0
8	11	7.0
8	12	5.0
8	14	6.0
8	15	3.0
8	16	8.0
8	23	1.0
8	45	12.0
8	46	5.0
8	47	5.0
8	48	6.0
8	83	2.0
8	85	3.0
8	90	1.0
8	104	1.0
8	108	1.0
8	112	1.0
8	126	1.0
8	165	1.0
9	9	268.0
9	10	23.0
9	11	5.0
9	12	8.0
9	14	4.0
9	15	10.0
9	16	5.0
9	20	3.0
9	23	3.0
9	24	1.0
9	44	5.0
9	45	10.0
9	46	7.0
9	47	6.0
9	48	17.0
9	49	6.0
9	62	1.0
9	83	3.0
9	131	1.0
9	138	1.0
10	10	303.0
10	11	18.0
10	12	4.0
10	13	1.0
10	14	1.0
10	15	7.0
10	16	3.0
10	20	1.0
10	21	1.0
10	22	1.0
10	23	2.0
10	27	1.0
10	33	1.0
10	45	12.0
10	46	6.0
10	47	11.0
10	49	5.0
10	83	1.0
10	84	1.0
10	85	24.0
10	86	4.0
10	89	1.0
10	106	1.0
10	114	1.0
10	126	1.0
10	129	4.0
10	130	1.0
10	148	2.0
10	149	1.0
10	150	2.0
10	151	6.0
11	11	357.0
11	12	45.0
11	13	5.0
11	14	2.0
11	18	2.0
11	43	1.0
11	44	1.0
11	53	1.0
11	58	2.0
11	67	1.0
11	85	2.0
11	88	4.0
11	93	5.0
11	95	8.0
11	128	6.0
11	129	9.0
11	130	2.0
12	12	330.0
12	13	30.0
12	14	4.0
12	15	1.0
12	16	1.0
12	17	3.0
12	18	4.0
12	20	1.0
12	30	1.0
12	75	1.0
12	85	2.0
12	87	1.0
12	89	2.0
12	92	1.0
12	93	4.0
12	94	1.0
12	95	3.0
12	108	1.0
12	111	2.0
12	129	6.0
12	130	3.0
12	139	2.0
12	150	1.0
13	13	389.0
13	14	12.0
13	15	7.0
13	22	1.0
13	34	1.0
13	71	1.0
13	75	1.0
13	90	1.0
13	93	1.0
13	94	3.0
13	97	1.0
13	103	1.0
13	124	1.0
13	130	2.0
13	152	1.0
14	14	374.0
14	15	49.0
14	16	14.0
14	17	1.0
14	22	1.0
14	23	4.0
14	30	1.0
14	57	1.0
14	67	2.0
14	89	1.0
14	90	1.0
14	98	1.0
14	130	3.0
14	145	1.0
14	150	2.0
15	15	356.0
15	16	33.0
15	21	1.0
15	25	3.0
15	32	1.0
15	34	1.0
15	52	1.0
15	90	3.0
15	96	1.0
15	116	1.0
15	123	1.0
15	125	2.0
15	129	2.0
15	141	1.0
15	152	1.0
15	157	1.0
15	166	1.0
15	170	1.0
16	16	341.0
16	17	31.0
16	18	5.0
16	19	6.0
16	20	21.0
16	21	5.0
16	22	3.0
16	23	7.0
16	25	9.0
16	26	1.0
16	38	1.0
16	97	1.0
16	100	1.0
16	101	1.0
16	106	1.0
16	107	1.0
16	110	1.0
16	130	1.0
16	133	1.0
16	147	1.0
16	148	1.0
16	149	5.0
16	163	1.0
17	17	302.0
17	18	19.0
17	19	23.0
17	20	7.0
17	21	3.0
17	22	7.0
17	35	1.0
17	42	2.0
17	86	1.0
17	87	1.0
17	88	6.0
17	93	3.0
17	95	3.0
17	98	3.0
17	104	1.0
17	109	6.0
17	110	5.0
17	111	1.0
17	112	1.0
17	130	1.0
17	133	1.0
17	134	1.0
17	164	1.0
18	18	325.0
18	19	43.0
18	20	17.0
18	21	7.0
18	22	8.0
18	44	1.0
18	84	1.0
18	88	2.0
18	91	1.0
18	92	3.0
18	93	8.0
18	95	3.0
18	99	1.0
18	109	8.0
18	110	1.0
18	132	2.0
18	133	10.0
19	19	293.0
19	20	14.0
19	28	1.0
19	33	1.0
19	57	1.0
19	92	1.0
19	96	1.0
19	97	1.0
19	110	1.0
19	112	1.0
19	132	1.0
19	133	7.0
19	134	9.0
19	135	5.0
19	137	1.0
19	148	1.0
19	149	4.0
19	164	1.0
20	20	342.0
20	21	36.0
20	22	14.0
20	23	10.0
20	24	4.0
20	25	1.0
20	26	1.0
20	31	1.0
20	41	1.0
20	42	1.0
20	77	1.0
20	80	1.0
20	85	1.0
20	97	1.0
20	102	1.0
20	109	1.0
20	110	2.0
20	114	1.0
20	116	1.0
20	132	1.0
20	139	1.0
20	148	2.0
20	149	10.0
20	159	1.0
20	164	1.0
20	167	1.0
21	21	327.0
21	22	29.0
21	23	15.0
21	24	5.0
21	25	10.0
21	75	4.0
21	77	1.0
21	79	1.0
21	91	1.0
21	107	1.0
21	144	1.0
21	148	5.0
21	149	8.0
22	22	303.0
22	23	26.0
22	25	1.0
22	46	1.0
22	75	23.0
22	89	1.0
22	107	1.0
22	109	5.0
22	111	1.0
22	117	2.0
22	118	1.0
22	147	4.0
22	148	11.0
22	149	5.0
22	150	1.0
22	151	1.0
22	164	1.0
23	23	311.0
23	24	19.0
23	25	6.0
23	32	1.0
23	34	1.0
23	75	1.0
23	78	1.0
23	79	1.0
23	93	1.0
23	99	1.0
23	101	1.0
23	147	2.0
23	148	1.0
23	149	3.0
23	159	2.0
24	24	313.0
24	25	33.0
24	26	11.0
24	28	1.0
24	30	1.0
24	32	1.0
24	74	1.0
24	75	5.0
24	78	1.0
24	79	14.0
24	80	7.0
24	82	2.0
24	97	1.0
24	140	1.0
24	142	1.0
24	150	1.0
24	151	4.0
25	25	373.0
25	26	9.0
25	27	5.0
25	28	4.0
25	54	1.0
25	65	1.0
25	80	3.0
25	82	4.0
25	107	2.0
25	108	1.0
25	110	1.0
25	148	1.0
26	26	321.0
26	27	16.0
26	28	9.0
26	33	1.0
26	44	1.0
26	58	2.0
26	78	2.0
26	80	7.0
26	82	1.0
26	111	1.0
26	114	1.0
26	124	1.0
26	152	1.0
26	153	15.0
26	154	1.0
26	169	1.0
27	27	329.0
27	28	31.0
27	29	8.0
27	31	2.0
27	32	3.0
27	33	8.0
27	34	2.0
27	44	2.0
27	45	1.0
27	53	1.0
27	58	1.0
27	62	3.0
27	79	2.0
27	163	1.0
28	28	360.0
28	29	8.0
28	30	2.0
28	32	2.0
28	33	11.0
28	34	1.0
28	44	1.0
28	45	1.0
28	46	2.0
28	117	1.0
28	133	1.0
28	152	3.0
28	168	1.0
29	29	339.0
29	30	37.0
29	31	8.0
29	32	7.0
29	33	4.0
29	34	1.0
29	38	1.0
29	42	1.0
29	43	1.0
29	44	16.0
29	45	8.0
29	49	1.0
29	121	1.0
29	125	1.0
29	129	2.0
29	134	1.0
29	152	1.0
30	30	364.0
30	31	42.0
30	32	19.0
30	33	1.0
30	42	3.0
30	44	4.0
30	45	4.0
30	46	2.0
30	49	1.0
30	82	1.0
30	114	1.0
30	117	1.0
30	160	1.0
30	165	1.0
31	31	371.0
31	32	20.0
31	45	1.0
31	49	1.0
31	72	3.0
31	104	1.0
31	151	2.0
31	152	2.0
31	153	3.0
31	157	1.0
32	32	373.0
32	33	13.0
32	35	1.0
32	44	3.0
32	72	1.0
32	87	1.0
32	148	1.0
32	149	1.0
32	150	1.0
32	153	1.0
33	33	424.0
33	34	33.0
33	35	5.0
33	42	1.0
33	44	1.0
33	50	1.0
33	92	2.0
33	113	1.0
33	154	3.0
34	34	363.0
34	35	42.0
34	36	11.0
34	37	1.0
34	62	1.0
34	73	1.0
34	88	1.0
34	94	1.0
34	133	1.0
34	134	1.0
34	143	1.0
34	149	1.0
35	35	388.0
35	36	39.0
35	47	1.0
35	50	1.0
35	88	1.0
35	111	1.0
35	154	1.0
35	167	1.0
36	36	414.0
36	37	6.0
36	38	4.0
36	42	1.0
36	109	1.0
36	113	1.0
36	138	1.0
36	160	1.0
37	37	355.0
37	38	36.0
37	39	4.0
37	40	4.0
37	41	2.0
37	42	10.0
37	112	1.0
37	160	2.0
38	38	401.0
38	39	17.0
38	40	1.0
38	41	6.0
38	42	6.0
38	43	4.0
39	39	338.0
39	40	18.0
39	41	20.0
39	42	9.0
39	43	1.0
39	44	1.0
39	79	1.0
39	106	1.0
39	107	1.0
39	119	1.0
39	129	1.0
40	40	416.0
40	41	17.0
40	63	2.0
40	136	1.0
40	159	1.0
41	41	416.0
41	42	23.0
41	44	1.0
41	52	1.0
41	92	1.0
41	105	1.0
41	117	1.0
41	149	1.0
41	160	1.0
42	42	372.0
42	43	6.0
42	44	1.0
42	46	1.0
42	114	1.0
42	127	1.0
42	163	1.0
43	43	446.0
43	44	23.0
43	45	9.0
43	46	2.0
43	49	2.0
43	71	1.0
43	89	1.0
43	120	1.0
43	164	1.0
44	44	359.0
44	45	34.0
44	46	6.0
44	49	1.0
44	58	1.0
44	71	1.0
44	74	2.0
44	89	2.0
44	112	1.0
44	148	4.0
44	150	11.0
44	151	8.0
45	45	332.0
45	46	14.0
45	47	2.0
45	48	1.0
45	49	1.0
45	96	1.0
45	129	1.0
45	148	1.0
45	150	13.0
45	151	2.0
45	167	1.0
46	46	342.0
46	47	42.0
46	48	7.0
46	49	15.0
46	66	1.0
46	77	1.0
46	129	2.0
46	149	5.0
46	150	4.0
46	151	12.0
46	152	5.0
46	153	1.0
46	160	1.0
47	47	347.0
47	48	31.0
47	49	13.0
47	50	2.0
47	65	1.0
47	69	1.0
47	70	1.0
47	73	1.0
47	76	1.0
47	77	22.0
47	128	1.0
47	140	1.0
47	148	2.0
47	151	1.0
47	152	8.0
47	153	2.0
47	162	1.0
48	48	307.0
48	49	39.0
48	50	2.0
48	56	1.0
48	67	2.0
48	68	1.0
48	77	4.0
48	82	1.0
48	119	1.0
48	152	4.0
49	49	297.0
49	50	4.0
49	51	2.0
49	57	1.0
49	72	1.0
49	77	1.0
49	90	1.0
49	96	1.0
49	145	1.0
49	147	2.0
49	151	1.0
49	152	16.0
49	154	5.0
49	165	1.0
50	50	315.0
50	51	52.0
50	52	8.0
50	67	3.0
50	68	1.0
50	69	2.0
50	70	2.0
50	72	1.0
50	97	1.0
50	110	1.0
50	111	2.0
50	125	2.0
50	154	8.0
50	155	1.0
51	51	318.0
51	52	15.0
51	66	3.0
51	69	1.0
51	70	4.0
51	103	1.0
51	110	1.0
51	137	1.0
51	141	1.0
51	153	1.0
51	154	13.0
52	52	341.0
52	53	38.0
52	54	1.0
52	55	2.0
52	56	2.0
52	64	1.0
52	65	4.0
52	66	12.0
52	67	1.0
52	70	1.0
52	98	1.0
52	114	1.0
53	53	354.0
53	54	19.0
53	55	16.0
53	62	1.0
53	64	2.0
53	65	12.0
53	66	8.0
53	67	1.0
53	68	1.0
53	69	4.0
53	78	1.0
53	137	1.0
54	54	306.0
54	55	51.0
54	56	2.0
54	57	3.0
54	58	1.0
54	61	1.0
54	62	1.0
54	63	4.0
54	64	5.0
54	65	3.0
54	68	6.0
54	70	1.0
54	71	11.0
54	72	8.0
54	73	1.0
54	105	1.0
54	117	1.0
55	55	322.0
55	56	15.0
55	58	3.0
55	65	1.0
55	68	1.0
55	70	1.0
55	71	3.0
55	74	1.0
55	96	1.0
55	105	1.0
55	116	2.0
55	159	1.0
56	56	373.0
56	57	31.0
56	58	11.0
56	62	2.0
56	63	1.0
56	65	1.0
56	68	1.0
56	98	1.0
56	106	1.0
57	57	432.0
57	58	27.0
57	61	5.0
57	62	19.0
57	63	15.0
57	76	1.0
57	85	1.0
57	106	1.0
57	109	1.0
57	120	1.0
57	121	1.0
57	122	3.0
57	125	3.0
57	126	6.0
57	127	1.0
57	155	2.0
57	156	1.0
57	158	1.0
57	160	2.0
58	58	1465.0
58	61	16.0
58	62	10.0
58	63	12.0
58	64	4.0
58	65	1.0
58	68	1.0
58	69	1.0
58	125	2.0
58	127	1.0
58	128	1.0
58	147	1.0
58	154	1.0
58	155	4.0
58	156	6.0
58	157	8.0
61	61	53.0
61	62	4.0
61	63	1.0
61	94	1.0
61	121	1.0
62	62	263.0
62	63	12.0
62	65	1.0
62	70	1.0
62	89	1.0
62	105	1.0
62	122	1.0
62	127	2.0
62	139	2.0
62	158	6.0
62	159	9.0
63	63	289.0
63	64	25.0
63	65	7.0
63	66	3.0
63	69	2.0
63	70	1.0
63	83	2.0
63	116	1.0
63	121	4.0
63	122	8.0
63	125	2.0
63	126	6.0
63	127	2.0
63	131	1.0
63	140	3.0
63	141	2.0
63	142	1.0
63	156	1.0
64	64	286.0
64	65	24.0
64	66	2.0
64	67	6.0
64	68	12.0
64	69	10.0
64	70	7.0
64	74	1.0
64	77	1.0
64	106	1.0
64	121	2.0
64	122	5.0
64	126	5.0
64	138	1.0
64	140	5.0
64	155	4.0
64	156	3.0
64	158	1.0
65	65	280.0
65	66	32.0
65	67	11.0
65	68	9.0
65	69	3.0
65	70	5.0
65	71	2.0
65	74	1.0
65	94	1.0
65	106	1.0
65	114	1.0
65	115	2.0
65	121	2.0
65	125	1.0
65	141	1.0
65	142	3.0
65	143	3.0
65	146	1.0
65	155	1.0
65	156	2.0
65	157	1.0
66	66	272.0
66	67	27.0
66	68	15.0
66	69	6.0
66	70	12.0
66	71	2.0
66	103	1.0
66	113	1.0
66	139	2.0
66	142	5.0
66	143	5.0
66	145	1.0
66	146	2.0
66	153	1.0
66	154	1.0
67	67	244.0
67	68	32.0
67	69	21.0
67	70	11.0
67	71	1.0
67	127	1.0
67	143	2.0
67	149	1.0
67	151	1.0
67	153	1.0
67	156	1.0
67	164	2.0
68	68	300.0
68	69	17.0
68	70	18.0
68	71	9.0
68	77	1.0
68	97	5.0
68	98	6.0
68	124	2.0
68	127	1.0
68	130	1.0
68	153	13.0
68	159	1.0
69	69	326.0
69	70	15.0
69	71	5.0
69	86	1.0
69	112	1.0
69	114	1.0
69	121	1.0
69	125	1.0
69	126	4.0
69	127	2.0
69	143	3.0
69	146	1.0
69	153	1.0
69	155	2.0
70	70	301.0
70	71	12.0
70	72	1.0
70	77	1.0
70	105	1.0
70	111	1.0
70	124	1.0
70	126	3.0
70	153	5.0
70	154	3.0
70	155	1.0
71	71	310.0
71	72	12.0
71	73	5.0
71	75	4.0
71	82	1.0
71	102	1.0
71	115	3.0
71	163	1.0
72	72	348.0
72	73	13.0
72	74	12.0
72	75	2.0
72	77	1.0
72	78	1.0
72	81	1.0
72	106	1.0
72	142	1.0
72	151	2.0
73	73	334.0
73	74	9.0
73	75	9.0
73	78	1.0
73	96	1.0
73	143	3.0
73	144	3.0
73	146	1.0
73	147	1.0
73	150	5.0
73	151	1.0
74	74	280.0
74	75	40.0
74	76	21.0
74	77	6.0
74	78	6.0
74	79	11.0
74	80	2.0
74	81	6.0
74	82	3.0
74	83	1.0
74	87	1.0
74	91	2.0
74	113	1.0
74	114	3.0
74	115	1.0
74	116	3.0
74	117	14.0
74	118	4.0
74	119	1.0
74	143	1.0
74	144	2.0
74	145	1.0
74	146	1.0
74	150	10.0
74	151	5.0
74	152	1.0
74	156	1.0
74	159	1.0
75	75	344.0
75	76	11.0
75	77	2.0
75	78	2.0
75	79	9.0
75	81	2.0
75	82	2.0
75	94	1.0
75	109	1.0
75	114	1.0
75	115	13.0
75	116	1.0
75	117	1.0
75	144	1.0
75	147	1.0
75	148	2.0
75	149	1.0
75	150	6.0
76	76	344.0
76	77	17.0
76	78	26.0
76	79	15.0
76	81	1.0
76	82	5.0
76	83	1.0
76	87	1.0
76	118	1.0
76	143	2.0
76	144	5.0
76	145	1.0
76	150	8.0
76	151	1.0
76	169	1.0
77	77	268.0
77	78	27.0
77	79	1.0
77	85	1.0
77	145	3.0
77	150	7.0
77	151	5.0
77	152	3.0
77	153	1.0
77	154	1.0
77	165	1.0
78	78	248.0
78	79	16.0
78	80	9.0
78	81	7.0
78	150	4.0
78	151	9.0
78	152	11.0
78	153	3.0
79	79	312.0
79	80	17.0
79	81	3.0
79	82	3.0
79	88	1.0
79	110	1.0
79	117	2.0
79	118	5.0
79	125	1.0
79	135	1.0
79	136	1.0
79	147	1.0
79	150	2.0
79	151	10.0
79	152	4.0
79	153	2.0
80	80	303.0
80	81	5.0
80	82	31.0
80	83	1.0
80	89	1.0
80	110	1.0
80	112	6.0
80	113	2.0
80	115	1.0
80	117	2.0
80	118	5.0
80	151	4.0
80	153	1.0
81	81	329.0
81	82	41.0
81	83	8.0
81	84	3.0
81	106	1.0
81	147	1.0
81	151	1.0
81	153	1.0
81	154	7.0
81	155	7.0
82	82	304.0
82	83	10.0
82	89	1.0
82	115	2.0
82	117	1.0
82	154	4.0
82	162	2.0
83	83	334.0
83	84	14.0
83	85	12.0
84	84	307.0
84	85	19.0
84	86	10.0
84	87	1.0
84	89	1.0
84	100	5.0
84	112	5.0
84	113	1.0
84	130	1.0
85	85	317.0
85	86	9.0
85	88	1.0
85	89	2.0
85	90	1.0
85	94	1.0
85	99	1.0
85	100	12.0
85	103	2.0
85	105	6.0
85	108	1.0
85	112	1.0
85	113	2.0
85	147	1.0
86	86	336.0
86	87	26.0
86	88	17.0
86	89	13.0
86	97	2.0
86	104	4.0
86	105	8.0
86	107	7.0
86	108	1.0
86	111	1.0
86	112	3.0
86	118	7.0
86	119	4.0
86	128	1.0
86	137	1.0
87	87	302.0
87	88	13.0
87	89	30.0
87	90	8.0
87	99	2.0
87	111	1.0
87	112	2.0
87	113	2.0
87	114	2.0
87	116	1.0
87	117	2.0
87	118	8.0
87	119	2.0
87	124	2.0
87	127	1.0
88	88	318.0
88	89	42.0
88	92	2.0
88	93	3.0
88	94	13.0
88	95	5.0
88	97	1.0
88	98	1.0
88	100	1.0
88	103	1.0
88	108	2.0
88	109	1.0
88	110	1.0
88	111	8.0
88	114	2.0
88	118	2.0
88	124	1.0
89	89	309.0
89	90	3.0
89	91	1.0
89	94	12.0
89	95	7.0
89	111	8.0
89	112	6.0
89	113	1.0
89	124	2.0
89	125	1.0
89	145	2.0
90	90	335.0
90	91	27.0
90	92	15.0
90	93	14.0
90	94	1.0
90	112	3.0
90	124	1.0
90	130	1.0
90	145	1.0
90	146	3.0
90	147	7.0
90	159	2.0
90	168	1.0
91	91	321.0
91	92	24.0
91	93	20.0
91	94	12.0
91	96	12.0
91	97	12.0
91	98	11.0
91	99	7.0
91	113	1.0
91	129	1.0
91	131	1.0
91	147	9.0
92	92	305.0
92	93	31.0
92	94	12.0
92	95	10.0
92	96	8.0
92	97	6.0
92	98	9.0
92	99	1.0
92	102	1.0
92	133	1.0
92	138	1.0
92	146	5.0
92	147	4.0
92	148	2.0
92	149	6.0
92	152	3.0
93	93	297.0
93	94	20.0
93	95	14.0
93	96	11.0
93	98	4.0
93	99	8.0
93	102	2.0
93	103	3.0
93	113	2.0
93	146	6.0
93	168	1.0
94	94	295.0
94	95	25.0
94	97	1.0
94	99	5.0
94	102	6.0
94	103	10.0
94	108	1.0
94	110	1.0
94	114	2.0
94	146	5.0
94	157	1.0
95	95	215.0
95	96	14.0
95	97	5.0
95	99	2.0
95	102	1.0
95	103	2.0
95	110	1.0
95	112	1.0
95	113	10.0
95	114	1.0
95	146	2.0
95	152	1.0
96	96	294.0
96	97	43.0
96	98	7.0
96	99	10.0
96	103	1.0
96	113	2.0
96	124	3.0
96	127	1.0
96	128	1.0
96	152	3.0
96	168	2.0
97	97	284.0
97	98	29.0
97	99	39.0
97	106	2.0
97	109	1.0
97	113	3.0
97	114	2.0
97	130	6.0
97	141	1.0
97	147	1.0
97	152	1.0
97	153	2.0
98	98	317.0
98	99	21.0
98	106	1.0
98	115	1.0
98	116	1.0
98	127	2.0
98	128	2.0
98	130	2.0
98	133	3.0
98	142	1.0
98	153	2.0
98	154	1.0
98	155	1.0
99	99	338.0
99	100	4.0
99	106	1.0
99	108	1.0
99	109	2.0
99	113	6.0
99	114	2.0
99	119	1.0
99	128	2.0
99	129	1.0
99	137	2.0
99	158	1.0
100	100	319.0
100	101	17.0
100	103	13.0
100	104	4.0
100	105	7.0
100	106	1.0
100	107	1.0
100	113	5.0
100	128	3.0
100	129	2.0
100	146	1.0
100	154	1.0
100	155	1.0
100	158	1.0
101	101	292.0
101	102	23.0
101	103	19.0
101	104	31.0
101	105	26.0
101	106	8.0
101	110	11.0
101	122	1.0
101	146	2.0
102	102	310.0
102	103	30.0
102	104	6.0
102	105	5.0
102	109	1.0
102	111	1.0
102	142	2.0
102	146	9.0
103	103	279.0
103	104	18.0
103	105	26.0
103	110	1.0
103	113	2.0
103	146	1.0
103	163	1.0
103	167	1.0
104	104	291.0
104	105	8.0
104	106	3.0
104	111	1.0
104	128	3.0
104	129	4.0
104	162	1.0
105	105	304.0
105	106	24.0
105	107	10.0
105	108	5.0
105	109	1.0
105	110	4.0
105	111	1.0
105	112	1.0
105	126	1.0
105	151	1.0
105	158	1.0
105	169	1.0
106	106	327.0
106	107	20.0
106	108	22.0
106	109	2.0
106	122	1.0
106	143	1.0
106	145	1.0
107	107	334.0
107	108	37.0
107	109	23.0
107	112	2.0
107	123	1.0
107	128	1.0
107	147	1.0
108	108	333.0
108	109	22.0
108	110	1.0
108	111	1.0
108	112	1.0
108	160	1.0
109	109	311.0
109	110	17.0
109	111	15.0
109	112	7.0
109	125	3.0
109	126	2.0
109	130	2.0
109	131	2.0
109	133	1.0
109	152	1.0
109	161	1.0
109	163	1.0
110	110	364.0
110	111	49.0
110	112	1.0
110	118	1.0
110	126	1.0
110	134	1.0
110	146	1.0
111	111	315.0
111	112	21.0
111	114	2.0
111	123	1.0
111	126	3.0
111	131	1.0
111	133	1.0
111	134	2.0
111	136	2.0
112	112	328.0
112	113	25.0
112	114	24.0
112	115	6.0
112	116	3.0
112	118	2.0
112	131	6.0
112	134	1.0
112	136	3.0
112	140	1.0
112	154	1.0
113	113	310.0
113	114	23.0
113	115	10.0
113	116	1.0
113	136	8.0
113	139	2.0
113	141	2.0
114	114	327.0
114	115	38.0
114	116	16.0
114	117	6.0
114	118	14.0
114	120	2.0
114	124	4.0
114	125	1.0
114	127	1.0
114	134	1.0
114	135	1.0
114	136	6.0
114	139	1.0
114	140	1.0
114	141	1.0
114	146	1.0
115	115	274.0
115	116	28.0
115	117	3.0
115	118	11.0
115	123	2.0
115	124	1.0
115	127	1.0
115	132	1.0
115	139	4.0
115	154	1.0
116	116	327.0
116	117	21.0
116	118	9.0
116	120	1.0
116	122	1.0
116	125	4.0
116	127	2.0
116	129	1.0
116	140	7.0
116	141	2.0
116	142	1.0
116	165	1.0
117	117	328.0
117	118	24.0
117	119	1.0
117	120	17.0
117	121	5.0
117	123	5.0
117	124	4.0
117	125	1.0
117	156	1.0
117	168	1.0
118	118	340.0
118	119	16.0
118	120	4.0
118	121	5.0
118	122	6.0
118	123	2.0
118	124	5.0
118	141	1.0
118	142	1.0
118	143	1.0
119	119	349.0
119	120	36.0
119	121	21.0
119	122	12.0
119	123	3.0
119	127	1.0
119	160	2.0
119	161	3.0
120	120	277.0
120	121	37.0
120	122	15.0
120	123	5.0
120	131	1.0
120	160	8.0
120	161	3.0
120	169	1.0
121	121	297.0
121	122	29.0
121	123	1.0
121	125	4.0
121	158	2.0
121	160	8.0
121	161	6.0
122	122	329.0
122	123	16.0
122	124	2.0
122	126	9.0
122	127	3.0
122	130	1.0
122	135	1.0
122	159	2.0
122	160	3.0
122	162	1.0
122	167	1.0
123	123	319.0
123	124	10.0
123	125	7.0
123	126	6.0
123	127	4.0
123	128	1.0
123	131	2.0
123	132	1.0
123	160	1.0
124	124	353.0
124	125	19.0
124	127	6.0
124	128	4.0
124	142	1.0
125	125	303.0
125	126	38.0
125	127	19.0
125	128	3.0
125	130	1.0
125	155	17.0
126	126	335.0
126	127	39.0
126	128	5.0
126	130	2.0
126	131	2.0
126	154	1.0
126	156	1.0
127	127	303.0
127	128	15.0
127	129	5.0
127	130	8.0
127	131	1.0
127	142	1.0
127	155	1.0
128	128	317.0
128	129	51.0
128	130	2.0
128	131	2.0
128	141	1.0
129	129	292.0
129	130	24.0
129	131	1.0
129	132	1.0
129	149	3.0
129	150	3.0
129	151	2.0
130	130	287.0
130	131	38.0
130	132	5.0
130	133	2.0
130	135	1.0
130	149	1.0
131	131	304.0
131	132	11.0
131	134	10.0
131	135	2.0
131	155	1.0
132	132	358.0
132	133	33.0
132	134	9.0
132	135	4.0
132	136	1.0
132	159	1.0
133	133	314.0
133	134	19.0
133	135	1.0
133	136	3.0
133	138	3.0
133	159	1.0
134	134	304.0
134	135	20.0
134	136	16.0
134	137	9.0
134	138	5.0
134	139	7.0
134	140	1.0
134	147	1.0
134	149	1.0
135	135	335.0
135	136	44.0
135	137	26.0
135	138	1.0
135	139	12.0
135	140	1.0
135	144	1.0
135	147	4.0
135	148	1.0
135	149	2.0
136	136	365.0
136	137	29.0
136	138	3.0
136	139	3.0
136	141	1.0
136	146	3.0
136	158	1.0
137	137	338.0
137	138	27.0
137	139	8.0
137	140	2.0
137	141	1.0
137	142	3.0
137	146	5.0
137	147	2.0
137	158	1.0
137	169	1.0
138	138	320.0
138	139	43.0
138	140	31.0
138	141	12.0
138	142	18.0
138	143	2.0
138	144	5.0
139	139	354.0
139	140	36.0
139	141	28.0
139	142	9.0
139	143	1.0
139	144	2.0
139	146	1.0
139	149	1.0
139	151	1.0
140	140	321.0
140	141	47.0
140	142	22.0
140	143	2.0
141	141	314.0
141	142	11.0
142	142	311.0
142	143	13.0
143	143	338.0
143	144	41.0
143	145	11.0
143	146	11.0
143	147	3.0
143	148	2.0
143	150	1.0
143	151	1.0
144	144	355.0
144	145	44.0
144	146	10.0
144	147	5.0
144	148	3.0
144	150	1.0
145	145	291.0
145	146	14.0
145	147	12.0
145	148	5.0
145	149	4.0
145	166	1.0
145	167	1.0
146	146	300.0
146	147	32.0
146	148	1.0
146	170	1.0
147	147	352.0
147	148	31.0
147	149	6.0
147	150	1.0
148	148	337.0
148	149	33.0
148	150	2.0
148	151	3.0
149	149	300.0
149	150	9.0
149	151	3.0
149	156	1.0
150	150	364.0
150	151	22.0
150	153	2.0
150	154	1.0
151	151	351.0
151	152	41.0
151	153	12.0
151	154	7.0
152	152	341.0
152	153	18.0
152	154	8.0
153	153	284.0
153	154	46.0
153	156	1.0
154	154	342.0
154	155	7.0
154	158	1.0
155	155	339.0
155	156	34.0
155	157	14.0
155	158	5.0
155	161	1.0
155	164	1.0
156	156	315.0
156	157	26.0
156	158	8.0
157	157	312.0
157	158	24.0
158	158	387.0
158	159	26.0
159	159	327.0
159	160	2.0
159	162	1.0
160	160	372.0
160	161	27.0
160	162	1.0
160	163	4.0
160	169	1.0
161	161	330.0
161	162	13.0
161	163	11.0
161	165	1.0
161	166	6.0
162	162	351.0
162	163	48.0
162	164	6.0
162	165	27.0
162	166	5.0
162	167	6.0
162	168	4.0
162	169	7.0
163	163	340.0
163	164	9.0
163	165	24.0
163	166	5.0
163	167	13.0
163	168	2.0
163	169	6.0
164	164	316.0
164	165	37.0
164	166	9.0
164	167	6.0
164	168	10.0
164	169	7.0
165	165	301.0
165	166	22.0
165	167	10.0
165	168	3.0
165	169	1.0
166	166	374.0
166	167	22.0
166	168	8.0
166	169	2.0
166	170	1.0
167	167	331.0
167	168	48.0
167	169	21.0
167	170	3.0
168	168	347.0
168	169	28.0
168	170	14.0
169	169	379.0
169	170	22.0
170	170	297.0
172	1	41.0
172	2	15.0
172	12	1.0
172	13	1.0
172	15	1.0
172	16	1.0
172	20	2.0
172	21	1.0
172	22	2.0
172	23	3.0
172	48	1.0
172	52	1.0
172	105	1.0
172	158	5.0
172	159	4.0
172	170	5.0
172	172	334.0
