1	1	146.0
1	2	1.0
1	6	2.0
2	2	134.0
2	3	2.0
2	5	1.0
2	82	1.0
3	2	3.0
3	3	133.0
3	4	2.0
3	5	2.0
4	3	1.0
4	4	173.0
5	3	2.0
5	4	3.0
5	5	125.0
5	6	4.0
6	1	1.0
6	5	1.0
6	6	166.0
6	7	2.0
6	37	1.0
7	7	192.0
7	8	1.0
7	17	1.0
7	73	1.0
7	76	1.0
8	2	1.0
8	7	1.0
8	8	144.0
8	9	5.0
8	17	2.0
9	9	170.0
9	10	2.0
9	27	1.0
10	9	4.0
10	10	158.0
10	11	3.0
10	12	1.0
11	9	2.0
11	10	4.0
11	11	159.0
11	12	1.0
12	10	2.0
12	12	133.0
12	13	1.0
12	15	1.0
13	13	111.0
13	14	2.0
13	15	3.0
14	13	5.0
14	14	129.0
14	15	5.0
14	33	1.0
14	34	1.0
14	54	1.0
15	13	1.0
15	14	2.0
15	15	122.0
16	16	133.0
16	39	1.0
17	6	1.0
17	16	2.0
17	17	153.0
17	35	1.0
17	37	1.0
18	15	1.0
18	16	1.0
18	18	97.0
18	19	1.0
18	20	1.0
19	18	1.0
19	19	161.0
19	20	2.0
20	15	2.0
20	18	1.0
20	19	1.0
20	20	123.0
20	21	2.0
20	22	2.0
20	34	1.0
21	21	161.0
21	22	2.0
21	25	3.0
22	9	1.0
22	21	2.0
22	22	44.0
25	21	3.0
25	25	93.0
25	26	1.0
25	29	1.0
26	26	167.0
26	27	1.0
27	26	1.0
27	27	138.0
27	28	1.0
28	27	2.0
28	28	125.0
28	29	2.0
28	30	1.0
29	5	1.0
29	29	136.0
29	30	2.0
30	29	4.0
30	30	136.0
30	31	1.0
31	20	1.0
31	30	1.0
31	31	171.0
31	32	1.0
31	34	1.0
31	57	1.0
32	13	1.0
32	32	170.0
32	33	2.0
33	14	1.0
33	31	1.0
33	32	4.0
33	33	128.0
33	34	3.0
33	55	1.0
34	14	1.0
34	31	2.0
34	33	2.0
34	34	115.0
34	36	1.0
35	34	2.0
35	35	153.0
35	36	1.0
36	31	2.0
36	34	1.0
36	35	4.0
36	36	142.0
36	56	1.0
37	16	1.0
37	37	173.0
37	74	1.0
38	38	145.0
38	40	1.0
38	47	1.0
39	37	1.0
39	38	1.0
39	39	149.0
39	49	1.0
39	52	2.0
40	17	1.0
40	38	1.0
40	39	1.0
40	40	165.0
40	41	3.0
41	38	1.0
41	41	161.0
42	41	1.0
42	42	157.0
42	55	1.0
42	77	1.0
43	42	1.0
43	43	56.0
43	65	1.0
44	44	21.0
45	36	1.0
45	45	155.0
45	46	3.0
45	65	1.0
46	30	1.0
46	45	2.0
46	46	176.0
46	47	2.0
47	46	3.0
47	47	136.0
47	49	1.0
48	48	153.0
49	26	1.0
49	48	1.0
49	49	179.0
49	50	1.0
49	68	1.0
49	69	1.0
49	70	3.0
49	71	2.0
50	49	1.0
50	50	148.0
50	51	3.0
50	52	1.0
50	68	1.0
50	69	1.0
50	70	1.0
51	39	1.0
51	49	3.0
51	50	1.0
51	51	153.0
52	50	1.0
52	51	3.0
52	52	136.0
52	69	1.0
53	53	162.0
53	69	2.0
54	39	2.0
54	49	2.0
54	53	2.0
54	54	133.0
55	42	1.0
55	54	2.0
55	55	171.0
55	56	1.0
55	80	1.0
56	36	1.0
56	42	1.0
56	55	2.0
56	56	135.0
56	82	1.0
57	32	1.0
57	57	142.0
57	58	1.0
57	70	1.0
58	58	145.0
58	59	1.0
58	64	1.0
58	69	1.0
59	11	1.0
59	58	1.0
59	59	134.0
59	60	1.0
59	65	1.0
60	38	1.0
60	60	134.0
60	61	4.0
61	10	1.0
61	60	1.0
61	61	166.0
62	62	123.0
62	63	4.0
62	64	1.0
63	61	1.0
63	62	1.0
63	63	148.0
63	64	1.0
63	65	1.0
63	70	2.0
64	63	3.0
64	64	136.0
64	65	1.0
64	71	1.0
65	62	3.0
65	65	132.0
66	66	158.0
66	67	1.0
66	68	2.0
67	51	1.0
67	67	136.0
68	50	2.0
68	53	1.0
68	66	1.0
68	67	1.0
68	68	118.0
68	69	2.0
68	70	2.0
69	49	1.0
69	50	1.0
69	52	1.0
69	53	1.0
69	63	1.0
69	68	2.0
69	69	129.0
69	70	1.0
70	46	2.0
70	49	1.0
70	50	2.0
70	51	1.0
70	63	1.0
70	69	4.0
70	70	148.0
70	71	1.0
71	50	1.0
71	51	1.0
71	52	1.0
71	63	1.0
71	65	1.0
71	71	169.0
72	65	1.0
72	71	1.0
72	72	145.0
72	73	2.0
72	74	2.0
73	73	157.0
73	74	1.0
74	40	1.0
74	55	1.0
74	74	175.0
75	41	1.0
75	75	144.0
75	76	4.0
75	77	1.0
76	41	1.0
76	42	1.0
76	75	1.0
76	76	177.0
76	77	3.0
76	78	1.0
77	77	114.0
77	78	1.0
78	76	1.0
78	77	2.0
78	78	172.0
78	79	1.0
79	79	162.0
79	80	2.0
80	79	3.0
80	80	149.0
81	80	1.0
81	81	20.0
82	5	1.0
82	37	1.0
82	63	1.0
82	82	116.0
