1	1	537.0
1	2	30.0
1	4	2.0
1	6	1.0
1	7	2.0
1	35	2.0
1	51	2.0
1	57	1.0
1	68	1.0
1	69	4.0
1	71	1.0
1	115	7.0
1	123	1.0
2	2	514.0
2	3	10.0
2	4	13.0
2	5	1.0
2	6	4.0
2	36	1.0
2	45	16.0
2	46	1.0
2	59	1.0
2	68	1.0
2	69	1.0
2	72	2.0
2	74	1.0
2	75	1.0
2	79	1.0
2	81	1.0
2	111	1.0
2	112	25.0
2	113	5.0
2	114	9.0
2	115	3.0
2	116	1.0
2	126	1.0
3	3	336.0
3	4	9.0
3	6	2.0
3	23	1.0
3	24	1.0
3	32	1.0
3	67	2.0
3	68	1.0
3	69	8.0
3	70	3.0
3	71	10.0
3	72	4.0
3	73	3.0
3	110	1.0
3	112	1.0
3	113	2.0
3	115	3.0
3	116	6.0
4	4	363.0
4	5	21.0
4	6	22.0
4	7	2.0
4	8	1.0
4	10	1.0
4	32	1.0
4	43	1.0
4	44	15.0
4	45	12.0
4	46	7.0
4	65	1.0
4	84	2.0
4	102	1.0
4	112	12.0
4	114	14.0
4	115	4.0
5	5	345.0
5	6	40.0
5	7	2.0
5	9	10.0
5	10	2.0
5	21	1.0
5	43	1.0
5	44	9.0
5	45	3.0
5	68	4.0
5	71	1.0
5	75	1.0
5	90	1.0
5	101	2.0
5	110	1.0
5	112	18.0
5	113	1.0
6	6	433.0
6	7	13.0
6	8	19.0
6	9	2.0
6	10	6.0
6	11	1.0
6	42	1.0
6	45	14.0
6	58	1.0
6	66	1.0
6	68	4.0
6	69	2.0
6	84	1.0
6	100	1.0
6	110	1.0
6	112	8.0
6	115	1.0
7	7	436.0
7	8	31.0
7	9	7.0
7	10	1.0
7	11	12.0
7	19	1.0
7	43	1.0
7	44	2.0
7	45	10.0
7	46	2.0
7	55	1.0
7	68	2.0
7	69	8.0
7	70	1.0
7	131	1.0
8	8	436.0
8	9	22.0
8	10	31.0
8	11	31.0
8	18	1.0
8	28	10.0
8	35	1.0
8	37	1.0
8	51	1.0
8	55	1.0
8	69	1.0
8	73	1.0
8	105	1.0
8	111	1.0
8	112	1.0
9	9	421.0
9	10	29.0
9	11	29.0
9	12	2.0
9	17	1.0
9	18	4.0
9	19	4.0
9	25	1.0
9	26	1.0
9	28	3.0
9	29	1.0
9	30	1.0
9	33	1.0
9	34	1.0
9	39	1.0
9	40	1.0
9	44	1.0
9	59	1.0
9	65	1.0
9	68	4.0
9	69	3.0
9	87	1.0
9	89	1.0
9	95	1.0
9	98	1.0
9	121	1.0
10	10	397.0
10	11	51.0
10	12	3.0
10	13	3.0
10	14	3.0
10	18	8.0
10	39	3.0
10	43	7.0
10	44	1.0
10	45	1.0
10	61	1.0
10	66	3.0
10	68	6.0
10	69	2.0
10	111	2.0
10	127	1.0
11	11	499.0
11	12	18.0
11	19	4.0
11	21	1.0
11	22	1.0
11	28	11.0
11	29	1.0
11	36	1.0
11	46	1.0
11	132	1.0
12	12	468.0
12	13	54.0
12	14	22.0
12	66	1.0
12	70	1.0
12	133	1.0
13	13	390.0
13	14	31.0
13	17	2.0
13	26	1.0
13	37	6.0
13	38	3.0
13	39	5.0
13	41	8.0
13	42	5.0
13	43	2.0
13	92	1.0
13	100	1.0
13	115	1.0
14	14	376.0
14	15	17.0
14	16	19.0
14	25	1.0
14	37	2.0
14	38	3.0
14	39	10.0
14	41	3.0
14	43	7.0
14	64	2.0
14	74	1.0
14	116	1.0
14	133	2.0
14	134	1.0
15	15	437.0
15	16	61.0
15	17	3.0
15	18	1.0
15	30	2.0
15	37	1.0
15	38	4.0
15	41	1.0
15	42	6.0
15	43	6.0
15	58	1.0
15	75	1.0
15	120	2.0
16	16	360.0
16	17	22.0
16	18	6.0
16	28	1.0
16	73	1.0
16	88	1.0
16	124	1.0
16	130	1.0
17	17	485.0
17	18	27.0
17	19	2.0
17	20	8.0
17	21	6.0
17	25	1.0
17	73	1.0
17	86	1.0
17	102	1.0
17	120	1.0
18	18	434.0
18	19	8.0
18	20	26.0
18	21	21.0
18	22	8.0
18	34	1.0
18	37	1.0
18	44	1.0
18	74	1.0
18	78	1.0
19	19	423.0
19	20	37.0
19	21	10.0
19	22	5.0
19	29	19.0
19	41	1.0
19	80	2.0
19	81	1.0
19	117	1.0
20	20	392.0
20	21	46.0
20	22	16.0
20	26	9.0
20	27	1.0
20	28	1.0
20	60	1.0
20	76	1.0
20	95	1.0
20	99	1.0
21	21	372.0
21	22	19.0
21	28	1.0
21	29	1.0
21	38	1.0
21	50	1.0
21	68	2.0
21	78	1.0
21	93	2.0
21	106	1.0
22	22	355.0
22	23	3.0
22	24	3.0
22	26	23.0
22	27	8.0
22	30	1.0
22	36	2.0
22	46	2.0
22	65	1.0
22	66	1.0
22	81	1.0
22	86	1.0
22	90	1.0
22	106	1.0
22	113	1.0
22	128	1.0
22	129	2.0
22	133	1.0
23	23	313.0
23	24	32.0
23	25	11.0
23	26	6.0
23	27	6.0
23	28	6.0
23	29	1.0
23	30	3.0
23	33	5.0
23	57	1.0
23	70	1.0
23	87	1.0
23	89	1.0
23	91	4.0
23	132	1.0
24	24	336.0
24	25	42.0
24	26	15.0
24	27	6.0
24	28	7.0
24	29	8.0
24	30	6.0
24	48	2.0
24	86	1.0
24	87	3.0
24	88	2.0
24	91	2.0
24	103	2.0
25	25	316.0
25	26	27.0
25	27	11.0
25	28	3.0
25	29	2.0
25	30	8.0
25	34	1.0
25	62	2.0
25	66	1.0
25	87	4.0
25	90	1.0
25	91	1.0
25	130	1.0
26	26	377.0
26	27	40.0
26	29	7.0
26	30	12.0
26	43	1.0
26	56	1.0
26	61	1.0
26	75	1.0
26	85	1.0
26	99	1.0
26	104	1.0
26	105	1.0
26	108	1.0
27	27	387.0
27	28	37.0
27	29	25.0
27	30	20.0
27	34	1.0
27	35	8.0
27	50	1.0
27	69	1.0
27	85	3.0
27	86	1.0
27	102	1.0
27	117	2.0
28	28	376.0
28	29	41.0
28	30	7.0
28	35	2.0
28	48	1.0
28	50	1.0
28	78	1.0
28	105	1.0
28	111	1.0
28	125	1.0
29	29	360.0
29	30	37.0
29	31	2.0
29	32	2.0
29	35	5.0
29	69	1.0
29	83	1.0
29	111	1.0
30	30	400.0
30	31	5.0
30	32	2.0
30	39	1.0
30	51	1.0
30	73	1.0
30	76	3.0
30	122	1.0
30	123	2.0
30	133	1.0
31	31	366.0
31	32	50.0
31	33	14.0
31	46	1.0
31	47	1.0
31	69	2.0
31	71	1.0
31	114	1.0
31	133	3.0
32	32	386.0
32	33	31.0
32	63	1.0
32	79	1.0
32	109	1.0
32	113	1.0
32	118	1.0
33	33	449.0
33	34	15.0
33	37	1.0
33	43	1.0
33	44	2.0
33	45	7.0
33	46	1.0
33	49	1.0
33	124	1.0
33	125	1.0
34	34	413.0
34	35	33.0
34	36	10.0
34	40	1.0
34	42	1.0
34	43	5.0
34	44	12.0
34	45	16.0
34	63	1.0
34	68	5.0
34	74	2.0
34	89	1.0
34	116	2.0
34	125	1.0
34	133	1.0
35	35	435.0
35	36	43.0
35	40	5.0
35	41	1.0
35	42	8.0
35	43	29.0
35	44	6.0
35	68	1.0
35	104	3.0
35	108	3.0
35	109	2.0
35	110	3.0
35	124	1.0
36	36	420.0
36	37	22.0
36	38	9.0
36	39	6.0
36	40	8.0
36	41	15.0
36	42	26.0
36	43	12.0
36	44	5.0
36	74	1.0
36	86	1.0
36	97	1.0
36	110	1.0
36	119	2.0
37	37	378.0
37	38	35.0
37	39	40.0
37	40	24.0
37	41	15.0
37	42	1.0
37	43	4.0
37	71	1.0
37	119	1.0
38	38	389.0
38	39	39.0
38	40	14.0
38	41	7.0
38	43	5.0
38	116	1.0
38	117	1.0
39	39	355.0
39	40	30.0
39	41	5.0
39	43	6.0
39	64	1.0
39	73	1.0
39	83	1.0
39	103	2.0
39	109	3.0
39	110	1.0
40	40	349.0
40	41	49.0
40	42	6.0
40	43	14.0
40	44	1.0
40	55	1.0
40	93	1.0
40	105	1.0
40	108	1.0
40	109	11.0
40	110	5.0
40	111	2.0
40	117	2.0
40	128	1.0
41	41	362.0
41	42	38.0
41	43	39.0
41	70	1.0
41	108	1.0
41	109	3.0
41	111	1.0
41	117	1.0
41	119	1.0
41	122	1.0
41	128	1.0
42	42	337.0
42	43	21.0
42	99	1.0
42	114	1.0
42	127	2.0
42	131	1.0
43	43	365.0
43	44	16.0
43	45	10.0
43	75	1.0
43	76	1.0
43	85	1.0
43	86	1.0
43	94	1.0
43	111	1.0
44	44	445.0
44	45	8.0
44	46	11.0
44	60	1.0
44	68	1.0
44	72	1.0
44	85	3.0
44	100	1.0
44	105	1.0
44	112	1.0
44	115	1.0
44	130	1.0
45	45	540.0
45	46	25.0
45	47	1.0
45	61	1.0
45	63	1.0
45	67	1.0
45	69	1.0
45	74	1.0
45	88	1.0
45	112	1.0
45	114	4.0
45	115	1.0
45	117	2.0
45	132	1.0
46	46	519.0
46	47	39.0
46	62	1.0
46	66	1.0
46	69	1.0
46	77	1.0
46	84	2.0
46	85	1.0
46	93	1.0
46	118	3.0
46	127	1.0
46	133	1.0
47	47	436.0
47	48	14.0
47	49	4.0
47	56	2.0
47	61	2.0
47	62	5.0
47	63	8.0
47	64	1.0
47	69	1.0
47	99	1.0
47	106	1.0
47	119	1.0
47	129	2.0
48	48	350.0
48	49	24.0
48	50	17.0
48	51	22.0
48	54	7.0
48	55	8.0
48	56	20.0
48	61	6.0
48	62	3.0
48	63	3.0
48	67	1.0
48	86	1.0
48	94	1.0
48	114	1.0
48	124	1.0
48	133	1.0
48	134	3.0
49	49	262.0
49	50	11.0
49	51	1.0
49	55	1.0
49	56	14.0
49	59	1.0
49	61	1.0
49	62	1.0
49	63	1.0
49	81	1.0
49	88	2.0
49	89	9.0
49	90	1.0
49	131	1.0
49	132	1.0
49	133	1.0
49	134	19.0
50	50	299.0
50	51	11.0
50	54	2.0
50	55	2.0
50	87	1.0
50	114	1.0
50	134	3.0
51	51	216.0
51	54	7.0
51	55	5.0
51	56	3.0
51	66	1.0
51	67	1.0
51	94	1.0
51	104	1.0
51	124	1.0
54	54	89.0
54	55	1.0
54	58	1.0
55	55	306.0
55	56	28.0
55	57	1.0
55	127	1.0
56	56	390.0
56	57	11.0
56	68	1.0
56	84	1.0
56	123	1.0
56	134	5.0
57	57	440.0
57	58	30.0
57	59	6.0
57	60	9.0
57	62	1.0
57	95	1.0
57	98	1.0
57	122	1.0
57	130	1.0
57	133	2.0
57	134	2.0
58	58	384.0
58	59	20.0
58	60	2.0
58	62	1.0
58	63	1.0
58	64	1.0
58	78	1.0
59	59	431.0
59	60	25.0
59	61	4.0
59	62	3.0
59	63	1.0
59	78	1.0
59	103	1.0
59	109	1.0
59	126	1.0
60	60	444.0
60	61	12.0
60	62	4.0
60	63	1.0
60	86	1.0
60	97	1.0
60	99	2.0
61	61	456.0
61	62	32.0
61	63	13.0
61	71	1.0
61	103	1.0
61	109	1.0
61	114	1.0
61	117	5.0
61	118	2.0
61	126	1.0
62	62	504.0
62	63	10.0
62	67	1.0
62	70	1.0
62	74	4.0
62	106	1.0
62	117	8.0
62	124	1.0
63	63	504.0
63	64	12.0
63	65	1.0
63	69	1.0
63	74	1.0
63	83	2.0
63	107	1.0
63	117	1.0
64	64	539.0
64	65	6.0
64	67	1.0
64	89	1.0
64	106	1.0
64	108	1.0
64	112	1.0
64	134	1.0
65	65	530.0
65	66	15.0
65	67	2.0
65	68	1.0
65	79	1.0
65	83	1.0
65	128	1.0
65	131	1.0
66	66	514.0
66	67	7.0
66	79	1.0
67	67	408.0
67	68	47.0
67	69	3.0
67	70	6.0
67	71	2.0
67	72	4.0
67	113	1.0
67	119	3.0
68	68	473.0
68	69	18.0
68	70	21.0
68	71	4.0
68	102	1.0
68	103	1.0
68	107	1.0
68	113	1.0
68	114	1.0
68	115	1.0
68	120	1.0
68	123	1.0
68	129	1.0
69	69	434.0
69	70	10.0
69	71	8.0
69	72	1.0
69	110	1.0
69	111	1.0
69	117	1.0
70	70	536.0
70	71	56.0
70	72	27.0
70	73	6.0
70	74	2.0
70	76	1.0
70	77	1.0
70	78	2.0
70	93	1.0
70	108	1.0
71	71	354.0
71	72	52.0
71	73	27.0
71	76	2.0
71	87	1.0
71	107	1.0
71	112	1.0
71	118	1.0
72	72	436.0
72	73	14.0
72	83	1.0
72	90	1.0
73	73	462.0
73	74	12.0
73	75	1.0
73	88	1.0
73	104	1.0
73	118	4.0
74	74	422.0
74	75	17.0
74	77	1.0
74	78	5.0
74	79	1.0
74	80	5.0
74	81	2.0
74	82	1.0
74	83	1.0
74	117	3.0
74	118	11.0
75	75	424.0
75	76	43.0
75	77	24.0
75	78	4.0
75	79	1.0
75	83	2.0
75	106	1.0
75	108	1.0
75	121	3.0
75	123	3.0
75	127	1.0
75	129	1.0
75	130	1.0
76	76	456.0
76	77	61.0
76	78	16.0
76	82	2.0
76	83	2.0
76	98	3.0
76	121	2.0
76	123	3.0
76	125	1.0
76	126	1.0
77	77	405.0
77	78	23.0
77	79	2.0
77	81	3.0
77	101	2.0
77	117	1.0
78	78	435.0
78	79	27.0
78	80	33.0
78	81	37.0
78	82	18.0
78	84	1.0
78	90	7.0
78	91	2.0
78	92	2.0
78	93	2.0
78	95	1.0
78	101	2.0
78	116	1.0
78	123	1.0
78	128	1.0
78	132	1.0
79	79	422.0
79	80	41.0
79	81	25.0
79	82	25.0
79	83	3.0
79	90	1.0
79	92	2.0
79	101	9.0
79	107	1.0
79	130	2.0
80	80	348.0
80	81	14.0
80	82	14.0
80	84	2.0
80	87	1.0
80	89	4.0
80	90	5.0
80	92	9.0
80	94	1.0
80	104	1.0
80	130	1.0
81	81	337.0
81	82	23.0
81	85	4.0
81	86	1.0
81	87	1.0
81	89	4.0
81	90	1.0
81	91	1.0
81	92	1.0
81	93	7.0
81	95	9.0
81	96	4.0
81	101	3.0
81	103	1.0
81	127	1.0
82	82	405.0
82	83	32.0
82	84	16.0
82	85	4.0
82	86	2.0
82	88	2.0
82	90	1.0
82	91	1.0
82	92	2.0
82	93	4.0
82	95	2.0
82	98	2.0
82	101	1.0
82	128	2.0
83	83	432.0
83	84	57.0
83	85	20.0
83	90	1.0
83	93	1.0
83	99	1.0
83	117	1.0
83	119	1.0
83	128	1.0
83	131	1.0
84	84	378.0
84	85	62.0
84	86	24.0
84	87	5.0
84	88	1.0
84	89	6.0
84	92	1.0
84	112	1.0
84	114	1.0
84	126	1.0
84	130	1.0
84	132	1.0
85	85	384.0
85	86	25.0
85	87	5.0
85	88	25.0
85	89	2.0
85	90	1.0
85	91	1.0
85	92	1.0
85	104	1.0
85	113	1.0
85	116	3.0
85	118	1.0
85	129	1.0
85	132	1.0
85	134	1.0
86	86	401.0
86	87	20.0
86	88	19.0
86	89	13.0
86	91	5.0
86	92	3.0
86	96	1.0
86	97	1.0
86	98	1.0
86	109	1.0
86	117	1.0
86	127	1.0
86	128	5.0
86	129	2.0
86	132	2.0
87	87	366.0
87	88	55.0
87	89	14.0
87	90	6.0
87	91	10.0
87	92	24.0
87	93	1.0
87	103	1.0
87	105	1.0
87	130	1.0
87	132	1.0
88	88	346.0
88	89	13.0
88	90	7.0
88	91	4.0
88	92	16.0
88	106	1.0
88	113	1.0
88	131	2.0
89	89	193.0
89	90	20.0
89	91	14.0
89	92	18.0
89	93	1.0
89	96	2.0
89	108	1.0
89	126	1.0
89	128	2.0
89	129	1.0
90	90	358.0
90	91	36.0
90	92	26.0
90	93	28.0
90	95	1.0
90	96	1.0
90	126	1.0
90	127	1.0
90	129	1.0
90	132	1.0
91	91	393.0
91	92	37.0
91	93	20.0
91	94	2.0
91	95	1.0
91	96	1.0
91	98	1.0
91	102	1.0
91	105	1.0
91	126	2.0
91	128	3.0
91	129	3.0
91	130	25.0
91	131	1.0
91	132	1.0
92	92	373.0
92	93	8.0
92	94	1.0
92	111	1.0
92	128	5.0
92	129	5.0
92	130	12.0
92	131	12.0
92	132	1.0
92	133	1.0
93	93	349.0
93	94	37.0
93	95	21.0
93	96	11.0
93	97	3.0
93	98	3.0
93	117	1.0
93	122	1.0
93	126	8.0
93	127	2.0
93	129	6.0
94	94	417.0
94	95	31.0
94	96	8.0
94	97	4.0
94	98	1.0
94	100	5.0
94	101	2.0
94	119	1.0
94	124	1.0
94	126	16.0
94	127	1.0
94	134	1.0
95	95	391.0
95	96	14.0
95	97	9.0
95	98	9.0
95	100	11.0
95	101	3.0
95	102	6.0
95	105	1.0
95	107	1.0
95	108	2.0
95	117	1.0
95	121	1.0
95	126	12.0
95	127	6.0
95	128	2.0
95	129	5.0
96	96	323.0
96	97	26.0
96	98	27.0
96	99	11.0
96	100	15.0
96	113	1.0
96	116	1.0
96	126	2.0
96	127	6.0
96	128	2.0
96	129	8.0
97	97	369.0
97	98	36.0
97	99	15.0
97	100	20.0
97	101	3.0
97	106	3.0
97	118	1.0
97	126	3.0
97	127	2.0
98	98	347.0
98	99	31.0
98	100	6.0
98	101	1.0
98	104	1.0
98	107	1.0
98	114	1.0
98	126	2.0
98	127	3.0
98	128	1.0
98	129	2.0
98	130	1.0
99	99	382.0
99	100	41.0
99	102	1.0
99	103	4.0
99	104	6.0
99	106	2.0
99	107	5.0
99	113	1.0
99	130	2.0
100	100	374.0
100	101	8.0
100	102	5.0
100	103	3.0
100	104	2.0
100	106	3.0
100	107	5.0
100	113	2.0
100	122	1.0
101	101	385.0
101	102	15.0
101	106	6.0
101	107	2.0
101	109	1.0
101	111	1.0
101	126	1.0
101	130	1.0
102	102	418.0
102	103	16.0
102	104	1.0
102	105	10.0
102	106	9.0
102	111	1.0
102	123	1.0
102	127	1.0
103	103	374.0
103	104	20.0
103	105	26.0
103	106	4.0
103	107	17.0
103	126	1.0
103	129	1.0
104	104	404.0
104	105	50.0
104	107	1.0
104	108	1.0
104	110	4.0
104	111	5.0
104	113	1.0
104	116	2.0
104	133	1.0
105	105	396.0
105	106	36.0
105	107	7.0
105	108	6.0
105	109	2.0
105	110	1.0
105	111	3.0
106	106	397.0
106	107	39.0
106	108	1.0
106	127	1.0
107	107	390.0
107	108	15.0
107	109	10.0
107	110	4.0
107	111	5.0
107	117	1.0
107	119	1.0
107	121	1.0
108	108	387.0
108	109	70.0
108	110	8.0
108	111	4.0
108	112	4.0
108	113	4.0
108	119	1.0
108	120	2.0
108	121	5.0
108	122	13.0
108	123	15.0
108	124	9.0
108	126	1.0
108	127	1.0
109	109	344.0
109	110	39.0
109	111	5.0
109	112	4.0
109	120	1.0
109	121	2.0
109	122	7.0
109	123	5.0
109	124	11.0
110	110	422.0
110	111	25.0
110	112	1.0
110	119	5.0
110	120	12.0
110	121	2.0
110	122	3.0
110	124	1.0
111	111	413.0
111	112	10.0
111	113	18.0
111	118	1.0
111	119	7.0
111	120	2.0
111	123	1.0
111	128	1.0
112	112	454.0
112	113	41.0
112	114	4.0
112	115	2.0
112	119	5.0
112	120	2.0
112	121	11.0
112	122	9.0
112	123	3.0
112	124	2.0
112	125	2.0
112	127	1.0
112	128	5.0
113	113	499.0
113	114	21.0
113	115	7.0
113	116	12.0
113	121	4.0
113	122	4.0
113	125	2.0
113	128	5.0
113	130	3.0
113	133	1.0
114	114	445.0
114	115	57.0
114	116	24.0
114	117	1.0
114	127	4.0
114	129	1.0
114	130	10.0
114	131	1.0
114	133	1.0
115	115	389.0
115	116	49.0
115	117	7.0
115	123	2.0
115	129	1.0
115	130	2.0
116	116	464.0
116	117	16.0
116	120	1.0
116	130	3.0
116	134	1.0
117	117	484.0
117	118	13.0
117	119	1.0
117	127	1.0
117	130	1.0
118	118	470.0
118	119	21.0
118	123	11.0
118	124	10.0
118	125	6.0
118	127	1.0
119	119	506.0
119	120	42.0
119	121	17.0
119	122	13.0
119	123	9.0
119	128	1.0
120	120	501.0
120	121	36.0
120	122	13.0
120	123	1.0
121	121	398.0
121	122	61.0
121	123	14.0
121	124	9.0
121	125	8.0
121	127	2.0
121	128	2.0
122	122	386.0
122	123	24.0
122	124	9.0
122	125	2.0
122	127	8.0
122	128	1.0
123	123	430.0
123	124	31.0
123	125	2.0
123	126	13.0
123	127	15.0
124	124	474.0
124	125	25.0
124	126	7.0
124	127	3.0
124	128	2.0
124	129	1.0
124	130	1.0
125	125	487.0
125	126	21.0
125	127	11.0
125	128	10.0
125	129	3.0
125	130	4.0
126	126	495.0
126	127	39.0
126	128	5.0
126	129	20.0
126	130	6.0
127	127	369.0
127	128	35.0
127	129	21.0
127	130	1.0
128	128	400.0
128	129	42.0
128	130	34.0
128	131	1.0
129	129	384.0
129	130	40.0
129	131	15.0
129	132	2.0
130	130	449.0
130	131	39.0
130	132	4.0
130	133	2.0
131	131	473.0
131	132	44.0
131	133	6.0
132	132	489.0
132	133	22.0
132	134	6.0
133	133	510.0
133	134	16.0
134	134	466.0
136	1	20.0
136	23	1.0
136	27	1.0
136	45	1.0
136	46	1.0
136	71	2.0
136	75	1.0
136	80	1.0
136	84	1.0
136	98	1.0
136	102	1.0
136	107	1.0
136	112	1.0
136	117	2.0
136	136	414.0
