3	3	28.0
3	4	4.0
3	5	3.0
3	6	3.0
3	9	1.0
3	21	1.0
3	22	2.0
3	31	1.0
3	32	2.0
3	46	2.0
4	4	23.0
4	5	2.0
4	6	4.0
4	7	2.0
4	10	3.0
4	22	1.0
4	24	2.0
4	44	1.0
4	45	2.0
5	5	25.0
5	6	5.0
5	18	3.0
5	19	1.0
5	21	1.0
5	22	1.0
5	23	2.0
5	25	1.0
6	6	18.0
6	7	3.0
6	10	3.0
6	18	6.0
6	25	1.0
7	7	21.0
7	8	7.0
7	10	5.0
7	11	1.0
7	12	1.0
7	13	2.0
7	16	1.0
8	8	47.0
8	9	8.0
8	10	1.0
8	12	1.0
8	13	1.0
8	16	1.0
8	18	1.0
8	30	1.0
8	56	1.0
8	57	1.0
8	84	2.0
8	131	1.0
9	9	26.0
9	10	13.0
9	11	1.0
9	18	1.0
9	19	4.0
9	53	1.0
9	66	1.0
10	10	53.0
10	11	6.0
10	12	3.0
10	13	1.0
10	19	1.0
10	68	1.0
10	83	1.0
11	11	36.0
11	12	6.0
11	13	5.0
11	32	1.0
11	46	1.0
11	78	1.0
12	12	24.0
12	13	11.0
12	14	1.0
12	30	1.0
12	33	1.0
12	66	1.0
12	68	2.0
12	79	2.0
12	124	1.0
13	13	15.0
13	14	3.0
13	16	1.0
13	28	1.0
13	29	3.0
13	80	1.0
14	14	23.0
14	15	8.0
14	16	1.0
14	17	1.0
14	28	8.0
14	29	2.0
14	64	1.0
14	107	5.0
15	15	13.0
15	16	5.0
15	17	2.0
15	18	1.0
15	29	1.0
15	106	1.0
15	107	1.0
15	152	1.0
16	16	36.0
16	17	12.0
16	26	1.0
16	56	2.0
17	17	15.0
17	18	4.0
17	19	1.0
17	25	1.0
17	26	1.0
17	57	1.0
17	66	1.0
17	95	1.0
18	18	49.0
18	19	5.0
18	25	1.0
18	95	1.0
19	19	40.0
19	20	10.0
19	21	1.0
19	24	1.0
19	25	3.0
19	27	1.0
19	28	1.0
19	57	2.0
19	103	1.0
19	147	1.0
20	20	27.0
20	21	10.0
20	22	1.0
20	24	1.0
20	82	2.0
20	101	1.0
20	102	2.0
21	21	35.0
21	22	19.0
21	23	1.0
21	82	1.0
21	83	4.0
21	101	1.0
21	102	1.0
22	22	23.0
22	23	4.0
22	24	4.0
22	25	2.0
22	44	1.0
22	84	1.0
23	23	24.0
23	24	6.0
23	25	2.0
23	146	1.0
23	147	1.0
23	148	2.0
24	24	8.0
24	25	6.0
24	44	1.0
24	100	1.0
25	25	18.0
25	26	2.0
25	98	1.0
25	100	2.0
25	102	5.0
26	26	18.0
26	27	5.0
26	28	3.0
26	29	1.0
26	152	1.0
27	27	19.0
27	28	3.0
27	30	3.0
27	31	1.0
27	53	3.0
27	87	1.0
27	96	1.0
27	100	1.0
27	108	1.0
28	28	20.0
28	29	2.0
28	30	1.0
28	31	1.0
28	43	1.0
28	52	1.0
28	53	1.0
28	99	1.0
28	146	1.0
28	149	1.0
29	29	33.0
29	30	9.0
29	43	1.0
29	44	1.0
29	52	1.0
29	80	1.0
29	81	1.0
29	83	3.0
30	30	30.0
30	31	7.0
30	44	1.0
30	54	3.0
30	79	2.0
30	80	1.0
30	81	3.0
30	83	1.0
30	84	1.0
30	94	1.0
30	146	2.0
30	147	1.0
31	31	45.0
31	32	6.0
31	47	1.0
31	51	2.0
31	52	3.0
31	53	1.0
31	70	3.0
31	74	1.0
31	76	1.0
31	77	1.0
31	79	3.0
31	100	1.0
32	32	46.0
32	33	6.0
32	34	1.0
32	36	1.0
32	41	1.0
32	42	1.0
32	43	1.0
32	49	1.0
32	51	1.0
32	76	1.0
32	77	6.0
32	78	2.0
33	33	26.0
33	34	7.0
33	35	1.0
33	40	1.0
33	41	1.0
33	42	6.0
33	75	2.0
33	76	4.0
33	77	1.0
33	78	2.0
34	34	43.0
34	35	15.0
34	36	5.0
34	41	1.0
34	76	4.0
35	35	35.0
35	36	4.0
35	37	2.0
35	38	1.0
35	75	1.0
36	36	30.0
36	37	1.0
36	41	1.0
37	37	42.0
37	38	7.0
37	39	3.0
37	40	5.0
37	85	3.0
38	38	23.0
38	39	8.0
38	40	2.0
38	91	1.0
39	39	33.0
39	40	10.0
39	56	1.0
39	71	1.0
39	72	1.0
40	40	22.0
40	41	4.0
40	51	1.0
40	56	2.0
40	57	3.0
40	58	1.0
40	84	1.0
40	85	2.0
40	87	1.0
40	91	1.0
40	97	1.0
41	41	34.0
41	42	1.0
41	43	1.0
41	48	1.0
41	50	2.0
41	51	4.0
41	52	1.0
41	81	1.0
41	82	3.0
41	83	1.0
41	84	1.0
41	86	1.0
42	42	15.0
42	43	6.0
42	44	4.0
42	45	3.0
42	46	1.0
42	47	3.0
42	48	4.0
42	49	1.0
42	52	2.0
42	83	1.0
43	43	22.0
43	44	4.0
43	45	2.0
43	47	2.0
43	50	3.0
43	53	3.0
44	44	21.0
44	45	11.0
44	46	2.0
44	53	1.0
44	83	2.0
45	45	13.0
45	46	4.0
45	47	3.0
45	48	2.0
45	50	1.0
45	82	2.0
45	83	1.0
46	46	18.0
46	47	9.0
46	48	3.0
46	49	3.0
46	51	1.0
46	73	1.0
47	47	15.0
47	48	2.0
47	49	3.0
47	51	1.0
47	53	1.0
48	48	8.0
48	49	5.0
48	50	4.0
48	51	3.0
48	66	2.0
48	67	2.0
48	92	1.0
49	49	14.0
49	50	8.0
49	51	2.0
49	67	1.0
49	97	1.0
50	50	20.0
50	51	5.0
50	66	1.0
50	90	1.0
50	96	1.0
50	97	1.0
50	126	2.0
51	51	44.0
51	52	9.0
51	53	1.0
51	79	1.0
51	96	1.0
51	105	2.0
52	52	35.0
52	53	3.0
52	83	1.0
52	88	1.0
52	105	3.0
53	53	27.0
53	54	4.0
53	105	3.0
53	108	1.0
54	54	25.0
54	55	10.0
54	67	2.0
54	69	1.0
54	75	1.0
54	92	2.0
54	104	1.0
55	55	21.0
55	56	10.0
55	57	3.0
55	58	3.0
55	66	1.0
55	68	1.0
55	70	1.0
55	91	1.0
55	104	4.0
56	56	10.0
56	57	4.0
56	59	2.0
57	57	38.0
57	58	5.0
58	58	33.0
58	59	7.0
58	69	1.0
58	103	1.0
58	115	1.0
59	59	2.0
59	60	5.0
59	61	1.0
60	60	9.0
60	64	1.0
60	65	1.0
60	70	1.0
60	114	3.0
60	115	1.0
61	61	7.0
61	62	1.0
62	62	3.0
62	63	6.0
62	65	1.0
62	106	1.0
63	63	43.0
63	64	3.0
63	112	1.0
63	113	1.0
64	64	15.0
64	65	1.0
65	65	43.0
65	66	8.0
65	68	1.0
65	70	1.0
65	78	4.0
65	88	2.0
65	94	2.0
65	114	1.0
66	66	40.0
66	67	6.0
66	68	6.0
66	70	2.0
66	76	1.0
66	77	1.0
67	67	35.0
67	68	6.0
67	70	1.0
67	84	1.0
67	89	4.0
67	91	1.0
68	68	29.0
68	69	1.0
68	76	2.0
69	69	46.0
69	70	3.0
69	71	1.0
69	84	1.0
69	85	1.0
69	145	1.0
70	70	21.0
70	71	3.0
70	72	1.0
70	75	1.0
70	77	6.0
70	90	1.0
70	91	2.0
71	71	29.0
71	72	5.0
71	73	1.0
71	74	1.0
71	75	1.0
71	111	1.0
71	116	1.0
72	72	17.0
72	73	6.0
72	74	5.0
72	75	1.0
72	76	1.0
72	77	1.0
72	85	1.0
72	108	2.0
72	112	2.0
72	115	2.0
72	116	1.0
73	73	23.0
73	74	5.0
73	75	3.0
73	76	1.0
73	82	3.0
73	84	1.0
73	109	2.0
73	110	1.0
73	138	1.0
73	139	1.0
74	74	8.0
74	75	6.0
74	76	1.0
74	78	1.0
74	109	1.0
74	110	2.0
74	133	1.0
75	75	34.0
75	76	3.0
75	77	1.0
75	79	2.0
75	92	2.0
75	139	1.0
75	147	1.0
76	76	12.0
76	77	8.0
76	78	2.0
76	91	2.0
76	92	1.0
77	77	21.0
77	78	4.0
77	79	1.0
78	78	25.0
78	79	1.0
79	79	33.0
79	80	11.0
79	81	2.0
79	89	1.0
79	93	2.0
79	116	1.0
79	121	2.0
79	138	5.0
79	148	2.0
79	150	1.0
79	151	2.0
79	159	1.0
80	80	22.0
80	81	12.0
80	120	3.0
80	121	2.0
80	123	1.0
80	150	1.0
81	81	23.0
81	82	3.0
81	83	2.0
81	98	1.0
81	122	1.0
82	82	11.0
82	83	7.0
83	83	25.0
83	84	1.0
83	98	2.0
83	121	2.0
84	84	35.0
84	85	5.0
84	86	1.0
84	97	1.0
84	101	1.0
84	103	1.0
84	104	2.0
84	121	1.0
85	85	41.0
85	86	3.0
85	87	2.0
85	88	1.0
85	90	1.0
85	103	4.0
85	104	1.0
85	105	1.0
86	86	34.0
86	87	3.0
86	90	2.0
86	97	2.0
86	105	1.0
86	108	1.0
87	87	51.0
87	88	5.0
87	103	3.0
88	88	36.0
88	89	5.0
88	94	1.0
89	89	43.0
89	90	1.0
89	95	2.0
89	96	2.0
90	90	27.0
90	91	2.0
90	92	1.0
90	93	1.0
90	96	2.0
90	97	3.0
91	91	17.0
91	92	3.0
91	97	1.0
92	92	12.0
92	97	1.0
92	122	1.0
92	123	2.0
92	124	1.0
92	148	1.0
93	93	15.0
93	94	7.0
93	95	2.0
93	96	1.0
93	97	1.0
93	121	1.0
93	125	1.0
93	126	1.0
93	146	2.0
93	147	1.0
94	94	24.0
94	95	4.0
94	96	1.0
94	102	1.0
95	95	39.0
95	96	5.0
95	108	1.0
95	145	1.0
96	96	22.0
96	97	3.0
96	108	1.0
96	126	1.0
96	152	1.0
97	97	29.0
97	98	5.0
97	124	1.0
97	145	3.0
97	152	3.0
97	153	1.0
98	98	39.0
98	99	6.0
98	101	1.0
98	122	5.0
98	123	3.0
98	124	1.0
99	99	33.0
99	100	10.0
99	101	1.0
99	121	1.0
99	122	6.0
99	149	1.0
99	150	1.0
99	152	1.0
100	100	50.0
100	101	8.0
100	102	3.0
100	121	3.0
100	122	6.0
101	101	62.0
101	102	12.0
101	103	1.0
101	121	2.0
101	122	1.0
102	102	34.0
102	103	6.0
102	121	2.0
102	122	1.0
102	153	1.0
103	103	47.0
103	104	4.0
103	108	1.0
103	122	1.0
103	153	1.0
104	104	22.0
104	105	13.0
104	108	1.0
105	105	46.0
105	106	5.0
105	107	1.0
105	108	3.0
105	109	1.0
105	119	1.0
105	121	1.0
105	132	1.0
105	153	1.0
106	106	26.0
106	107	2.0
106	126	2.0
106	154	1.0
106	155	1.0
107	107	26.0
107	108	2.0
107	109	2.0
107	127	1.0
107	133	1.0
108	108	41.0
108	109	1.0
108	116	1.0
108	142	7.0
108	152	3.0
108	153	2.0
108	154	2.0
109	109	27.0
109	110	8.0
109	111	2.0
109	127	1.0
109	138	2.0
109	142	4.0
109	152	1.0
109	153	1.0
110	110	15.0
110	127	2.0
110	137	1.0
110	138	1.0
110	142	1.0
110	153	1.0
110	154	5.0
111	111	37.0
111	112	10.0
111	127	1.0
111	128	2.0
111	130	1.0
111	133	1.0
112	112	24.0
112	113	5.0
112	114	1.0
112	154	1.0
112	155	1.0
113	113	11.0
113	114	10.0
113	115	2.0
113	133	1.0
113	137	1.0
113	155	1.0
113	159	4.0
114	114	30.0
114	115	10.0
114	116	1.0
114	159	1.0
115	115	35.0
115	116	5.0
115	156	1.0
115	158	1.0
116	116	46.0
116	117	2.0
116	118	1.0
116	138	5.0
116	145	2.0
116	155	2.0
116	156	5.0
116	157	2.0
117	117	24.0
117	118	6.0
117	119	2.0
117	120	3.0
117	138	1.0
117	139	1.0
117	142	1.0
117	154	4.0
117	155	1.0
118	118	24.0
118	119	7.0
118	120	2.0
118	138	2.0
118	139	2.0
118	150	2.0
118	153	1.0
118	154	1.0
118	155	4.0
119	119	33.0
119	120	4.0
119	121	2.0
119	126	4.0
119	142	2.0
119	143	1.0
119	153	1.0
120	120	22.0
120	121	4.0
120	126	3.0
120	144	2.0
120	155	3.0
121	121	49.0
121	122	5.0
121	124	4.0
121	125	3.0
121	132	1.0
121	152	2.0
122	122	32.0
122	123	12.0
122	154	1.0
123	123	27.0
123	124	7.0
123	126	1.0
123	155	1.0
123	156	1.0
124	124	22.0
124	125	9.0
124	126	3.0
124	132	2.0
125	125	15.0
125	126	8.0
125	132	2.0
125	134	2.0
126	126	42.0
126	127	2.0
126	132	2.0
126	134	2.0
126	156	3.0
126	158	1.0
127	127	37.0
127	128	4.0
127	129	2.0
127	135	2.0
127	137	2.0
127	151	1.0
127	152	2.0
127	157	3.0
127	158	5.0
127	159	1.0
128	128	23.0
128	129	9.0
128	130	6.0
128	151	1.0
128	159	3.0
129	129	57.0
129	130	7.0
129	131	2.0
129	152	3.0
129	159	2.0
130	130	39.0
130	131	17.0
130	133	1.0
130	134	2.0
130	158	1.0
130	159	1.0
131	131	26.0
131	132	10.0
131	133	2.0
131	134	3.0
132	132	24.0
132	133	1.0
132	140	2.0
132	141	2.0
132	142	2.0
133	133	33.0
133	134	5.0
133	157	1.0
133	158	1.0
134	134	29.0
134	135	8.0
134	141	1.0
134	142	3.0
134	143	3.0
134	158	1.0
135	135	49.0
135	136	5.0
135	141	1.0
135	142	8.0
135	143	1.0
135	144	1.0
135	157	3.0
135	158	3.0
135	159	1.0
136	136	25.0
136	137	11.0
136	139	2.0
136	142	3.0
137	137	45.0
137	138	7.0
137	139	1.0
137	142	1.0
137	144	1.0
137	145	2.0
138	138	39.0
138	139	7.0
138	141	1.0
138	145	10.0
138	154	2.0
139	139	20.0
139	140	2.0
139	141	4.0
139	145	1.0
140	140	5.0
140	141	6.0
140	142	1.0
140	148	1.0
141	141	19.0
141	142	10.0
141	146	1.0
142	142	38.0
142	143	5.0
142	157	1.0
143	143	16.0
143	144	2.0
143	155	1.0
144	144	41.0
144	145	8.0
144	155	2.0
144	157	1.0
145	145	41.0
145	146	4.0
145	153	4.0
145	154	1.0
145	155	1.0
146	146	36.0
146	147	9.0
146	149	1.0
147	147	30.0
147	148	8.0
147	149	3.0
147	150	1.0
148	148	27.0
148	149	4.0
148	150	2.0
148	151	3.0
149	149	16.0
149	150	12.0
150	150	11.0
150	151	14.0
151	151	20.0
151	152	6.0
152	152	47.0
152	153	6.0
152	154	1.0
153	153	46.0
153	154	10.0
154	154	20.0
154	155	13.0
154	158	1.0
155	155	19.0
155	156	5.0
155	157	1.0
156	156	27.0
156	157	4.0
156	158	2.0
157	157	27.0
157	158	7.0
158	158	32.0
158	159	13.0
159	159	29.0
