3	3	13.0
3	4	4.0
3	7	1.0
3	8	2.0
3	9	1.0
3	16	1.0
3	19	1.0
3	22	2.0
3	30	3.0
3	45	1.0
3	68	1.0
3	71	1.0
4	4	36.0
4	7	1.0
4	8	1.0
4	10	5.0
4	11	1.0
4	15	1.0
4	16	1.0
4	18	4.0
4	20	1.0
4	22	4.0
4	28	1.0
4	30	1.0
4	97	1.0
5	5	29.0
5	6	7.0
5	7	3.0
5	16	1.0
5	18	1.0
6	6	14.0
6	7	1.0
6	8	4.0
6	9	3.0
6	12	2.0
6	13	3.0
6	40	1.0
7	7	23.0
7	9	1.0
7	12	2.0
7	13	2.0
7	15	1.0
7	19	1.0
7	28	1.0
7	29	1.0
8	8	36.0
8	9	2.0
8	16	1.0
8	17	3.0
8	22	1.0
8	44	1.0
8	68	1.0
8	69	1.0
8	70	1.0
8	71	1.0
8	90	1.0
8	96	3.0
9	9	32.0
9	15	1.0
9	27	3.0
9	31	2.0
9	45	1.0
9	48	2.0
9	70	1.0
9	72	4.0
10	10	31.0
10	11	4.0
10	16	2.0
10	22	7.0
10	24	1.0
10	25	1.0
10	65	1.0
10	95	3.0
10	96	1.0
11	11	34.0
11	12	1.0
11	18	1.0
11	21	1.0
11	25	1.0
11	26	1.0
11	38	3.0
11	56	1.0
11	78	4.0
11	87	2.0
11	94	1.0
12	12	34.0
12	13	5.0
12	19	1.0
12	34	1.0
12	36	2.0
12	46	3.0
12	55	1.0
12	58	1.0
12	59	1.0
13	13	26.0
13	14	7.0
13	18	1.0
13	47	2.0
13	48	1.0
13	49	1.0
13	50	1.0
13	51	2.0
14	14	23.0
14	15	4.0
14	16	2.0
14	17	3.0
14	18	1.0
14	51	2.0
15	15	21.0
15	17	1.0
15	18	2.0
15	24	1.0
15	45	1.0
15	51	2.0
15	93	1.0
16	16	17.0
16	17	1.0
16	18	2.0
16	20	1.0
17	17	36.0
17	18	2.0
17	20	1.0
17	57	1.0
18	18	32.0
18	19	1.0
18	20	1.0
18	29	2.0
18	38	1.0
18	41	1.0
18	55	2.0
18	56	1.0
18	57	3.0
19	19	22.0
19	20	11.0
19	28	3.0
19	29	1.0
19	40	1.0
19	54	1.0
19	55	2.0
19	58	2.0
19	66	3.0
20	20	36.0
20	21	9.0
21	21	30.0
21	22	1.0
21	56	1.0
21	57	2.0
22	22	42.0
22	23	4.0
22	30	2.0
22	31	1.0
22	33	1.0
22	61	1.0
22	64	2.0
22	65	3.0
22	73	1.0
23	23	32.0
23	49	1.0
23	64	2.0
23	65	2.0
23	91	1.0
23	92	1.0
24	24	29.0
24	25	7.0
24	27	1.0
24	28	1.0
24	31	1.0
24	48	1.0
24	51	1.0
24	64	6.0
24	65	2.0
24	87	1.0
24	95	1.0
25	25	25.0
25	26	5.0
25	27	3.0
25	28	1.0
25	50	1.0
25	55	1.0
25	64	1.0
25	65	3.0
25	80	2.0
25	81	3.0
25	87	2.0
25	92	1.0
26	26	22.0
26	27	9.0
26	64	1.0
26	74	1.0
26	77	1.0
26	80	2.0
26	87	1.0
26	94	1.0
27	27	29.0
27	28	4.0
27	41	1.0
27	71	1.0
27	74	1.0
27	77	1.0
27	82	2.0
27	87	3.0
27	96	2.0
27	97	2.0
28	28	16.0
28	29	4.0
28	30	1.0
28	33	1.0
28	35	5.0
28	39	1.0
28	58	1.0
28	65	1.0
28	67	2.0
29	29	12.0
29	30	5.0
29	32	1.0
29	54	3.0
29	57	1.0
29	66	2.0
29	67	1.0
30	30	25.0
30	34	1.0
30	36	1.0
30	40	2.0
30	52	1.0
30	64	1.0
30	77	4.0
30	91	2.0
31	31	12.0
31	40	1.0
31	51	1.0
31	53	2.0
31	61	2.0
31	62	1.0
32	32	13.0
32	33	8.0
32	35	7.0
32	36	3.0
32	44	1.0
32	62	2.0
32	75	1.0
33	33	44.0
33	34	3.0
33	35	4.0
33	36	1.0
33	51	1.0
33	63	1.0
34	34	37.0
34	35	1.0
34	36	1.0
34	50	2.0
34	51	1.0
34	57	1.0
34	89	1.0
35	35	29.0
35	36	2.0
35	57	2.0
35	75	1.0
36	36	14.0
36	39	1.0
36	43	1.0
36	64	1.0
37	37	14.0
37	38	1.0
37	43	1.0
37	67	1.0
37	74	2.0
37	75	1.0
37	84	2.0
37	97	4.0
37	98	1.0
38	38	15.0
38	39	1.0
38	67	1.0
38	72	1.0
38	73	4.0
38	74	1.0
38	76	2.0
38	77	1.0
38	87	1.0
38	90	1.0
39	39	10.0
39	40	1.0
39	43	1.0
39	73	1.0
39	76	3.0
39	80	1.0
39	82	1.0
39	84	1.0
39	85	4.0
39	87	2.0
39	88	1.0
39	89	2.0
39	90	1.0
40	40	4.0
40	41	9.0
40	42	1.0
40	60	1.0
40	64	4.0
40	73	1.0
40	75	2.0
40	85	1.0
40	88	4.0
40	89	1.0
40	91	1.0
41	41	8.0
41	53	2.0
41	54	1.0
41	58	1.0
41	75	2.0
41	88	2.0
41	93	1.0
41	94	2.0
41	96	2.0
41	97	1.0
42	42	8.0
42	43	3.0
42	45	2.0
42	53	1.0
42	58	1.0
42	63	1.0
42	88	5.0
42	95	3.0
43	43	11.0
43	44	4.0
43	63	1.0
43	68	1.0
43	69	4.0
43	70	5.0
43	71	1.0
43	72	1.0
43	75	1.0
43	89	3.0
43	93	2.0
43	94	1.0
44	44	24.0
44	53	6.0
44	59	1.0
44	60	1.0
44	62	1.0
44	63	1.0
44	69	3.0
44	70	1.0
44	90	6.0
44	97	2.0
45	45	32.0
45	46	5.0
45	47	2.0
45	49	2.0
45	51	2.0
45	52	5.0
45	58	1.0
45	59	1.0
45	64	1.0
45	67	1.0
45	90	1.0
45	93	2.0
46	46	15.0
46	47	4.0
46	48	1.0
46	52	1.0
46	53	1.0
46	54	4.0
46	57	1.0
46	66	1.0
46	91	1.0
46	92	3.0
47	47	11.0
47	50	2.0
47	52	1.0
47	59	1.0
47	66	2.0
47	92	1.0
47	93	1.0
48	48	31.0
48	49	3.0
49	49	24.0
49	50	4.0
49	51	5.0
49	67	2.0
49	68	2.0
50	50	21.0
50	51	2.0
50	54	1.0
50	68	2.0
51	51	22.0
51	52	5.0
51	53	1.0
51	61	1.0
51	62	1.0
51	63	1.0
52	52	25.0
52	53	9.0
52	54	2.0
52	62	4.0
52	93	1.0
53	53	8.0
53	54	3.0
53	55	1.0
53	60	3.0
53	61	3.0
53	62	1.0
53	63	1.0
53	85	1.0
53	86	1.0
53	94	1.0
54	54	9.0
54	55	4.0
54	58	1.0
54	64	2.0
55	55	13.0
55	56	1.0
55	57	1.0
55	58	1.0
55	59	1.0
55	60	1.0
55	64	2.0
55	65	1.0
56	56	20.0
56	57	2.0
56	65	1.0
57	57	17.0
57	58	2.0
57	59	3.0
58	58	13.0
58	59	4.0
58	62	1.0
58	86	1.0
58	93	2.0
59	59	20.0
59	60	2.0
59	62	1.0
59	84	1.0
59	86	1.0
59	91	1.0
59	92	1.0
60	60	18.0
60	61	6.0
60	63	1.0
60	79	1.0
60	85	1.0
60	86	2.0
61	61	20.0
61	62	2.0
61	64	3.0
61	66	1.0
61	71	1.0
61	72	5.0
61	86	1.0
62	62	17.0
62	63	3.0
62	64	3.0
62	71	1.0
62	72	2.0
62	75	1.0
62	88	1.0
63	63	21.0
63	64	1.0
63	68	1.0
63	69	1.0
63	81	1.0
63	87	1.0
63	88	2.0
64	64	12.0
64	65	2.0
64	79	2.0
64	83	2.0
64	84	1.0
65	65	11.0
65	67	1.0
65	75	1.0
65	79	2.0
65	80	2.0
65	84	1.0
65	85	1.0
65	86	1.0
66	66	29.0
66	67	4.0
66	70	1.0
66	77	2.0
66	78	1.0
66	79	2.0
66	81	1.0
66	83	1.0
66	86	2.0
67	67	23.0
67	68	5.0
67	70	1.0
67	80	1.0
67	83	1.0
68	68	10.0
68	69	2.0
68	70	3.0
68	71	3.0
68	72	3.0
68	74	1.0
68	75	1.0
68	84	2.0
68	95	1.0
68	97	1.0
69	69	11.0
69	70	9.0
69	71	2.0
69	77	1.0
69	80	1.0
69	83	1.0
70	70	27.0
70	71	6.0
70	72	2.0
70	77	2.0
70	80	1.0
70	81	2.0
70	82	1.0
70	83	1.0
70	84	1.0
71	71	19.0
71	72	5.0
71	77	4.0
71	83	1.0
72	72	14.0
72	73	3.0
72	76	1.0
72	77	1.0
72	78	1.0
72	81	1.0
72	82	2.0
72	83	2.0
72	84	2.0
72	91	1.0
72	92	1.0
73	73	34.0
73	74	10.0
73	75	1.0
73	76	2.0
73	77	3.0
73	78	2.0
73	84	1.0
73	90	1.0
74	74	12.0
74	75	5.0
74	76	4.0
74	77	1.0
74	78	3.0
74	83	6.0
74	84	1.0
75	75	13.0
75	76	4.0
75	78	1.0
75	80	2.0
75	88	2.0
76	76	20.0
76	77	3.0
76	78	2.0
76	84	2.0
76	89	1.0
77	77	14.0
77	78	1.0
77	79	2.0
77	80	2.0
77	81	2.0
77	83	6.0
77	84	5.0
77	90	1.0
77	91	1.0
78	78	16.0
78	79	7.0
78	80	2.0
78	82	1.0
78	83	2.0
78	94	2.0
79	79	27.0
79	80	3.0
79	81	3.0
79	82	2.0
79	85	1.0
80	80	14.0
80	81	4.0
80	82	2.0
80	83	3.0
80	84	1.0
80	85	3.0
80	91	1.0
80	92	4.0
81	81	14.0
81	82	4.0
81	83	2.0
81	84	1.0
81	85	2.0
81	86	1.0
82	82	17.0
82	83	5.0
82	84	2.0
82	85	2.0
82	86	6.0
82	91	1.0
82	92	1.0
83	83	21.0
83	84	3.0
83	86	1.0
83	88	1.0
83	90	1.0
84	84	21.0
84	85	6.0
84	90	2.0
84	93	2.0
85	85	17.0
85	86	8.0
85	87	2.0
85	89	2.0
85	91	1.0
85	93	2.0
85	96	1.0
86	86	12.0
86	87	1.0
86	91	2.0
86	94	1.0
86	96	1.0
87	87	42.0
87	88	2.0
87	90	1.0
87	91	1.0
87	94	1.0
87	95	2.0
88	88	21.0
88	89	3.0
89	89	26.0
89	90	4.0
89	93	3.0
89	94	1.0
90	90	27.0
90	91	1.0
91	91	23.0
92	92	28.0
92	93	3.0
92	94	1.0
92	95	1.0
93	93	20.0
93	94	3.0
94	94	27.0
95	95	17.0
95	96	7.0
95	97	2.0
96	96	23.0
96	97	11.0
97	97	25.0
98	98	2.0
