3	3	15.0
3	4	7.0
3	25	2.0
3	26	5.0
3	28	1.0
4	4	38.0
4	5	16.0
4	6	6.0
4	7	1.0
4	26	4.0
4	27	1.0
4	28	1.0
5	5	34.0
5	6	9.0
5	29	1.0
6	6	26.0
6	7	12.0
7	7	29.0
7	8	3.0
8	8	25.0
8	9	4.0
8	23	1.0
8	24	6.0
8	33	4.0
8	36	1.0
8	37	3.0
8	53	1.0
8	60	1.0
9	9	24.0
9	10	10.0
9	18	4.0
9	34	1.0
9	35	1.0
9	54	2.0
9	60	2.0
10	10	21.0
10	15	2.0
10	16	1.0
10	37	3.0
10	54	2.0
10	55	4.0
10	60	4.0
11	12	2.0
11	16	1.0
11	23	1.0
11	28	1.0
11	56	2.0
12	12	31.0
12	13	5.0
12	18	1.0
12	21	1.0
12	23	5.0
12	24	1.0
12	38	1.0
12	46	4.0
12	62	6.0
12	63	6.0
12	64	5.0
12	65	1.0
12	66	3.0
12	67	1.0
12	70	1.0
13	13	35.0
13	14	3.0
13	21	2.0
13	63	2.0
13	64	2.0
13	67	7.0
13	88	1.0
14	14	33.0
14	15	1.0
14	20	1.0
14	21	1.0
14	38	2.0
14	39	1.0
14	62	2.0
14	66	6.0
14	67	6.0
14	68	2.0
15	15	9.0
15	16	8.0
15	19	1.0
15	20	2.0
15	29	2.0
15	30	1.0
16	16	37.0
16	17	10.0
16	19	6.0
16	43	1.0
16	52	2.0
16	77	1.0
16	78	1.0
17	17	30.0
17	18	15.0
17	29	3.0
17	77	1.0
17	78	2.0
17	79	1.0
17	82	6.0
17	83	2.0
18	18	30.0
18	19	19.0
18	23	2.0
18	35	1.0
19	19	20.0
19	20	11.0
19	21	1.0
19	23	1.0
19	29	7.0
19	59	2.0
19	60	1.0
20	20	29.0
20	21	4.0
20	30	4.0
20	59	2.0
21	21	31.0
21	59	1.0
21	86	1.0
22	22	15.0
22	23	6.0
22	36	3.0
22	37	1.0
22	54	1.0
22	60	6.0
23	23	29.0
23	24	5.0
23	25	1.0
23	35	6.0
24	24	21.0
24	25	3.0
24	34	2.0
24	35	1.0
24	36	1.0
24	46	1.0
24	48	1.0
25	25	35.0
25	27	3.0
25	58	1.0
25	64	1.0
25	65	2.0
25	73	1.0
25	84	3.0
26	26	18.0
26	27	9.0
26	28	1.0
26	29	1.0
26	45	1.0
26	65	2.0
26	66	3.0
26	84	2.0
27	27	25.0
27	28	6.0
27	31	2.0
27	45	7.0
27	61	2.0
27	64	2.0
27	65	2.0
27	66	1.0
28	28	27.0
28	29	7.0
28	36	3.0
28	44	2.0
28	45	2.0
28	61	3.0
28	62	1.0
28	64	2.0
29	29	27.0
29	30	3.0
29	35	1.0
29	38	1.0
30	30	40.0
30	31	6.0
30	32	2.0
31	31	43.0
31	32	14.0
31	33	3.0
31	34	1.0
32	32	31.0
32	33	9.0
33	33	23.0
33	34	1.0
34	34	29.0
34	35	3.0
35	35	17.0
35	36	5.0
35	37	4.0
35	41	1.0
35	43	1.0
36	36	11.0
36	37	7.0
36	38	1.0
36	41	4.0
36	42	3.0
36	43	2.0
36	44	1.0
36	53	3.0
36	54	2.0
36	56	2.0
37	37	15.0
37	38	2.0
37	41	1.0
37	42	1.0
37	43	2.0
37	53	8.0
37	54	2.0
37	56	2.0
37	57	1.0
37	61	1.0
37	63	1.0
38	38	13.0
38	39	7.0
38	40	2.0
38	43	1.0
38	44	1.0
38	51	1.0
38	52	3.0
38	53	1.0
38	62	7.0
38	63	1.0
38	68	1.0
38	70	1.0
38	73	1.0
39	39	41.0
39	40	4.0
39	62	2.0
39	64	2.0
39	66	2.0
39	67	3.0
39	68	7.0
39	69	5.0
39	71	1.0
40	40	25.0
40	41	4.0
40	65	2.0
40	66	6.0
40	69	2.0
40	71	2.0
40	72	2.0
40	73	3.0
40	79	2.0
40	80	1.0
41	41	22.0
41	42	3.0
41	43	2.0
41	44	3.0
41	49	2.0
41	50	2.0
41	62	1.0
41	63	3.0
41	64	1.0
41	71	6.0
41	72	2.0
41	80	2.0
41	90	5.0
41	91	1.0
41	92	1.0
42	42	23.0
42	43	4.0
42	89	7.0
43	43	21.0
43	44	9.0
43	49	4.0
43	50	1.0
43	62	7.0
43	92	2.0
44	44	25.0
44	45	8.0
44	49	9.0
44	61	2.0
44	62	1.0
44	63	3.0
44	92	3.0
44	130	2.0
44	131	5.0
45	45	30.0
45	46	5.0
45	48	4.0
45	49	4.0
45	50	2.0
45	61	2.0
45	65	1.0
45	91	2.0
45	104	1.0
45	106	2.0
45	107	1.0
45	130	3.0
45	131	5.0
46	46	19.0
46	47	2.0
46	48	6.0
46	61	1.0
46	91	4.0
46	130	2.0
47	47	38.0
47	48	12.0
47	76	1.0
47	106	2.0
47	130	2.0
48	48	30.0
48	82	2.0
48	83	1.0
48	104	3.0
48	107	2.0
48	130	1.0
49	49	16.0
49	50	5.0
49	75	1.0
49	80	3.0
49	85	3.0
49	86	2.0
49	91	12.0
49	131	1.0
50	50	9.0
50	51	6.0
50	80	2.0
50	81	2.0
50	89	3.0
50	90	2.0
50	91	3.0
50	92	1.0
50	138	4.0
51	51	18.0
51	52	2.0
51	54	1.0
51	55	1.0
51	72	4.0
51	73	1.0
51	75	1.0
51	79	2.0
51	80	8.0
51	81	5.0
51	128	1.0
51	138	2.0
52	52	33.0
52	53	7.0
52	54	1.0
52	55	5.0
52	71	2.0
52	75	4.0
52	77	5.0
52	81	1.0
52	92	1.0
52	125	2.0
52	127	1.0
52	128	2.0
52	138	2.0
53	53	39.0
53	54	3.0
53	55	3.0
53	56	2.0
53	75	3.0
53	92	1.0
53	93	1.0
53	95	1.0
53	114	1.0
53	128	2.0
54	54	24.0
54	55	3.0
54	61	1.0
54	87	1.0
54	92	1.0
54	93	1.0
54	95	1.0
54	128	4.0
55	55	15.0
55	56	3.0
55	57	1.0
55	58	1.0
55	62	1.0
55	70	2.0
55	80	2.0
55	127	3.0
55	128	1.0
56	56	18.0
56	57	4.0
56	62	2.0
56	96	3.0
56	127	2.0
56	128	8.0
56	146	3.0
56	147	1.0
57	57	17.0
57	58	3.0
57	63	2.0
57	64	1.0
57	97	3.0
57	116	1.0
57	127	1.0
58	58	15.0
58	59	4.0
58	60	3.0
58	61	10.0
58	62	1.0
58	71	2.0
58	72	4.0
58	73	1.0
58	81	1.0
58	84	2.0
58	99	2.0
59	59	13.0
59	60	7.0
60	60	31.0
60	61	2.0
61	61	11.0
61	62	2.0
62	62	12.0
62	63	3.0
62	70	3.0
63	63	30.0
63	64	7.0
64	64	27.0
64	65	10.0
64	66	3.0
65	65	41.0
65	66	7.0
65	67	1.0
66	66	29.0
66	67	11.0
67	67	35.0
67	68	10.0
67	69	2.0
68	68	25.0
68	69	3.0
68	70	1.0
69	69	25.0
69	70	8.0
69	72	2.0
69	73	1.0
69	74	2.0
69	97	1.0
69	108	3.0
69	109	1.0
70	70	12.0
70	71	2.0
70	72	5.0
70	74	1.0
70	100	2.0
70	102	1.0
71	71	14.0
71	72	4.0
71	81	1.0
71	97	2.0
71	98	1.0
71	99	1.0
72	72	19.0
72	73	9.0
72	76	3.0
72	81	1.0
72	83	1.0
72	98	1.0
72	108	1.0
73	73	28.0
73	74	15.0
73	75	1.0
73	76	2.0
73	81	3.0
73	82	1.0
73	83	1.0
73	84	1.0
73	85	1.0
73	108	1.0
74	74	27.0
74	75	11.0
74	76	7.0
74	77	2.0
74	81	3.0
74	82	1.0
74	84	1.0
74	107	1.0
75	75	26.0
75	76	15.0
75	77	3.0
75	78	1.0
75	80	1.0
75	82	2.0
75	86	2.0
75	90	1.0
75	91	6.0
75	92	3.0
76	76	34.0
76	77	9.0
76	90	4.0
76	91	2.0
77	77	19.0
77	78	4.0
77	79	1.0
77	80	4.0
77	82	1.0
77	88	5.0
77	89	1.0
77	90	2.0
77	133	2.0
77	134	2.0
78	78	19.0
78	79	8.0
78	80	2.0
78	82	3.0
78	88	2.0
79	79	22.0
79	80	11.0
79	83	1.0
79	86	2.0
79	88	1.0
79	89	1.0
79	90	1.0
79	91	1.0
80	80	14.0
80	81	1.0
80	86	1.0
80	91	1.0
81	81	26.0
81	82	4.0
81	83	1.0
81	90	3.0
82	82	23.0
82	83	6.0
82	84	1.0
82	85	3.0
82	86	1.0
82	87	1.0
83	83	9.0
83	84	6.0
83	85	2.0
83	86	1.0
83	87	3.0
84	84	3.0
84	85	2.0
84	86	1.0
84	87	1.0
85	85	14.0
85	86	2.0
86	86	32.0
86	87	11.0
87	87	39.0
87	88	6.0
87	129	2.0
87	130	1.0
87	131	1.0
88	88	28.0
88	89	8.0
88	133	2.0
89	89	30.0
89	90	9.0
90	90	24.0
90	91	10.0
91	91	26.0
91	92	3.0
92	92	22.0
92	93	4.0
92	102	1.0
92	104	1.0
92	128	1.0
92	130	5.0
92	137	1.0
92	138	3.0
92	139	1.0
93	93	19.0
93	94	2.0
93	95	3.0
94	102	1.0
95	95	6.0
95	96	6.0
95	99	3.0
96	96	26.0
96	97	5.0
96	98	6.0
96	99	5.0
96	100	1.0
96	102	2.0
96	105	8.0
96	127	4.0
96	146	2.0
96	147	2.0
96	150	1.0
97	97	24.0
97	98	8.0
97	99	3.0
97	100	1.0
97	105	2.0
97	106	1.0
97	115	2.0
97	116	2.0
97	117	1.0
97	133	2.0
98	98	34.0
98	99	6.0
98	105	2.0
98	106	1.0
99	99	41.0
99	100	4.0
99	102	1.0
99	104	1.0
99	105	6.0
99	106	6.0
99	115	1.0
100	100	32.0
100	101	20.0
100	102	1.0
101	101	23.0
101	102	13.0
101	103	15.0
102	102	32.0
102	103	6.0
103	103	33.0
103	106	2.0
103	133	9.0
103	134	1.0
104	104	30.0
104	105	11.0
104	106	7.0
104	132	1.0
104	133	1.0
105	105	25.0
105	106	6.0
105	123	3.0
106	106	22.0
106	107	4.0
106	122	1.0
106	123	3.0
106	132	1.0
106	133	2.0
107	107	25.0
107	108	4.0
107	123	9.0
107	124	2.0
107	130	2.0
107	132	1.0
107	133	1.0
107	143	3.0
108	108	41.0
108	109	5.0
108	110	1.0
108	111	7.0
108	143	1.0
108	144	3.0
109	109	29.0
109	110	9.0
109	112	3.0
110	110	34.0
110	111	11.0
110	112	1.0
111	111	31.0
111	112	10.0
111	113	4.0
111	114	1.0
111	124	1.0
111	149	2.0
112	112	19.0
112	113	9.0
112	124	2.0
112	144	2.0
112	149	1.0
112	150	1.0
113	113	24.0
113	114	6.0
113	124	1.0
113	140	1.0
113	141	1.0
113	148	1.0
113	150	1.0
114	114	24.0
114	115	3.0
114	117	1.0
114	118	1.0
114	125	1.0
114	126	5.0
114	137	1.0
114	139	1.0
114	140	5.0
115	115	24.0
115	116	5.0
115	117	1.0
115	118	4.0
115	119	2.0
115	120	1.0
115	125	1.0
115	126	1.0
115	136	1.0
115	141	1.0
115	147	1.0
116	116	17.0
116	117	8.0
116	119	2.0
116	120	3.0
116	124	4.0
116	125	7.0
116	126	6.0
116	127	1.0
116	128	2.0
116	146	2.0
117	117	20.0
117	118	5.0
117	119	4.0
117	120	3.0
117	125	1.0
117	126	5.0
117	127	2.0
117	141	2.0
117	146	3.0
117	147	1.0
118	118	12.0
118	119	14.0
118	120	1.0
118	121	2.0
118	140	1.0
118	141	1.0
118	148	1.0
119	119	15.0
119	120	5.0
119	121	1.0
119	127	1.0
119	140	1.0
119	148	1.0
120	120	16.0
120	121	7.0
120	122	1.0
120	124	1.0
120	126	5.0
120	127	1.0
120	142	5.0
121	121	18.0
121	122	7.0
121	142	2.0
122	122	38.0
122	123	6.0
123	123	25.0
123	124	2.0
123	126	5.0
123	143	2.0
124	124	25.0
124	125	4.0
124	126	3.0
124	148	2.0
125	125	17.0
125	126	1.0
125	127	4.0
125	128	1.0
126	126	13.0
126	127	4.0
126	128	2.0
126	149	1.0
127	127	19.0
127	128	9.0
127	146	1.0
127	147	2.0
127	148	1.0
128	128	17.0
128	129	2.0
128	144	1.0
128	146	4.0
128	147	2.0
128	148	3.0
128	149	2.0
129	129	37.0
129	130	2.0
129	131	1.0
129	137	2.0
129	138	1.0
129	139	2.0
129	144	2.0
129	146	5.0
129	147	1.0
130	130	39.0
130	131	20.0
130	132	2.0
130	139	1.0
131	131	34.0
131	132	6.0
131	133	1.0
131	136	1.0
131	137	1.0
131	139	2.0
132	132	27.0
132	133	14.0
133	133	23.0
133	134	6.0
133	135	1.0
134	134	37.0
134	135	13.0
134	136	5.0
134	139	1.0
134	144	1.0
134	147	1.0
135	135	27.0
135	136	8.0
135	139	3.0
135	143	1.0
135	145	1.0
135	147	1.0
136	136	15.0
136	137	3.0
136	139	6.0
136	143	3.0
136	144	2.0
137	137	25.0
137	138	8.0
137	139	7.0
137	140	7.0
137	141	3.0
137	142	1.0
138	138	21.0
138	140	2.0
138	141	7.0
138	142	1.0
139	139	19.0
139	140	12.0
139	141	2.0
139	142	2.0
140	140	19.0
140	141	2.0
140	142	2.0
141	141	25.0
141	142	9.0
142	142	21.0
142	143	20.0
143	143	28.0
143	144	1.0
144	144	24.0
144	145	9.0
144	146	3.0
144	147	4.0
144	148	1.0
144	149	3.0
145	145	39.0
145	146	9.0
145	149	3.0
146	146	26.0
146	147	10.0
146	148	2.0
146	149	2.0
147	147	17.0
147	148	3.0
147	149	4.0
147	150	3.0
148	148	23.0
148	149	14.0
148	150	2.0
149	149	24.0
149	150	8.0
150	150	51.0
150	151	6.0
151	151	25.0
