3	3	28.0
3	4	9.0
3	5	2.0
3	6	2.0
3	19	2.0
3	52	7.0
3	56	1.0
3	59	1.0
3	123	1.0
3	124	1.0
4	4	51.0
4	5	6.0
4	6	1.0
4	46	4.0
4	48	1.0
4	49	1.0
4	52	4.0
4	53	1.0
4	63	1.0
5	5	15.0
5	6	10.0
5	31	1.0
5	46	2.0
5	48	2.0
5	49	1.0
5	63	4.0
5	67	2.0
5	68	3.0
5	69	2.0
6	6	15.0
6	7	9.0
6	8	1.0
6	27	1.0
6	48	1.0
6	64	1.0
6	65	4.0
6	66	3.0
6	67	1.0
6	68	1.0
6	69	1.0
7	7	26.0
7	8	12.0
7	65	1.0
7	66	1.0
7	67	1.0
8	8	46.0
8	9	8.0
8	27	1.0
8	29	1.0
8	57	1.0
8	66	1.0
8	67	2.0
8	68	2.0
8	94	1.0
8	100	3.0
9	9	31.0
9	10	6.0
9	18	1.0
9	19	2.0
9	27	1.0
9	30	3.0
9	31	2.0
9	32	5.0
9	34	1.0
9	41	6.0
9	44	2.0
9	57	4.0
9	58	7.0
9	59	1.0
9	94	3.0
9	101	6.0
9	118	1.0
9	125	1.0
9	142	1.0
9	152	1.0
10	10	23.0
10	11	11.0
10	17	1.0
10	19	1.0
10	24	2.0
10	27	1.0
10	30	1.0
10	32	2.0
10	58	1.0
10	59	4.0
10	67	1.0
10	99	3.0
10	115	5.0
10	124	1.0
10	152	1.0
11	11	54.0
11	12	5.0
11	16	4.0
11	18	1.0
11	20	2.0
11	24	2.0
11	66	1.0
11	69	1.0
11	71	1.0
11	98	1.0
11	99	2.0
11	111	1.0
11	116	5.0
11	117	4.0
11	120	1.0
11	151	1.0
12	12	28.0
12	13	15.0
12	14	2.0
12	15	4.0
12	20	1.0
12	54	3.0
12	63	3.0
12	64	2.0
12	65	2.0
12	66	1.0
12	67	2.0
12	72	1.0
12	73	1.0
12	115	4.0
12	146	1.0
13	13	37.0
13	14	16.0
13	15	7.0
13	54	3.0
13	64	2.0
13	67	2.0
13	72	6.0
13	73	1.0
13	77	1.0
13	86	1.0
13	114	1.0
14	14	52.0
14	15	8.0
14	18	2.0
14	41	1.0
14	67	3.0
14	116	1.0
14	120	2.0
14	121	5.0
14	147	3.0
15	15	36.0
15	16	5.0
15	17	1.0
15	18	1.0
15	21	4.0
15	52	3.0
15	55	3.0
15	71	1.0
15	72	1.0
15	115	4.0
15	116	1.0
16	16	34.0
16	17	10.0
16	18	5.0
16	19	5.0
16	20	2.0
16	33	2.0
16	34	2.0
16	52	4.0
16	72	1.0
17	17	26.0
17	18	6.0
17	19	2.0
17	20	1.0
17	21	2.0
17	23	1.0
17	33	2.0
17	51	1.0
17	52	3.0
17	55	2.0
17	71	1.0
18	18	23.0
18	19	14.0
18	20	4.0
18	30	1.0
18	52	1.0
18	56	2.0
19	19	24.0
19	20	6.0
19	30	1.0
19	55	5.0
19	56	2.0
19	65	1.0
19	67	1.0
19	68	1.0
19	153	1.0
20	20	17.0
20	21	9.0
20	56	1.0
20	71	6.0
20	73	1.0
20	74	1.0
20	80	1.0
21	21	22.0
21	22	3.0
21	24	3.0
21	59	1.0
21	70	3.0
21	71	2.0
21	80	3.0
21	81	4.0
21	82	1.0
21	115	1.0
22	22	22.0
22	23	13.0
22	24	4.0
22	25	2.0
22	28	1.0
22	33	3.0
22	34	1.0
22	50	1.0
22	86	1.0
22	105	1.0
23	23	19.0
23	24	4.0
23	25	4.0
23	26	1.0
23	29	2.0
23	31	1.0
23	33	1.0
23	86	2.0
24	24	22.0
24	25	8.0
24	28	3.0
24	31	6.0
24	32	4.0
24	34	2.0
24	39	2.0
24	40	1.0
24	41	1.0
24	49	3.0
24	85	1.0
24	86	1.0
24	105	1.0
25	25	37.0
25	26	12.0
25	27	2.0
25	33	2.0
25	41	1.0
25	49	4.0
25	85	1.0
25	86	3.0
25	92	2.0
25	94	1.0
25	95	2.0
25	96	1.0
25	97	1.0
25	102	1.0
26	26	21.0
26	27	8.0
26	28	3.0
26	29	2.0
26	36	1.0
26	37	1.0
26	38	1.0
26	85	1.0
26	94	1.0
26	95	4.0
26	98	3.0
26	102	1.0
26	103	1.0
27	27	40.0
27	28	2.0
27	34	1.0
27	36	1.0
27	47	1.0
27	68	1.0
27	69	1.0
27	91	1.0
27	92	2.0
27	93	7.0
27	94	4.0
27	95	5.0
27	97	3.0
27	99	1.0
27	100	2.0
27	117	2.0
28	28	21.0
28	29	8.0
28	34	3.0
28	36	2.0
28	39	1.0
28	40	3.0
28	44	1.0
28	85	2.0
28	92	6.0
28	93	1.0
28	94	1.0
28	95	1.0
28	100	2.0
28	102	3.0
29	29	12.0
29	30	9.0
29	31	4.0
29	33	2.0
29	34	2.0
29	49	4.0
29	85	1.0
29	90	1.0
29	91	4.0
29	102	1.0
29	104	4.0
30	30	33.0
30	31	12.0
30	32	1.0
30	49	2.0
30	66	1.0
30	67	1.0
30	87	3.0
30	89	1.0
30	105	2.0
31	31	28.0
31	32	2.0
31	33	2.0
31	86	1.0
31	87	1.0
32	32	42.0
32	33	10.0
33	33	32.0
33	34	7.0
33	39	1.0
33	40	2.0
33	43	1.0
33	50	5.0
33	53	1.0
33	56	2.0
33	57	5.0
33	59	1.0
34	34	16.0
34	35	5.0
34	36	4.0
34	38	2.0
34	40	3.0
34	43	1.0
34	52	1.0
34	53	2.0
34	58	1.0
34	59	1.0
34	75	1.0
34	79	2.0
34	80	1.0
34	84	2.0
34	94	2.0
34	108	4.0
35	35	11.0
35	36	1.0
35	37	3.0
35	78	2.0
35	81	4.0
36	36	13.0
36	37	8.0
36	38	1.0
36	40	1.0
36	110	1.0
36	111	1.0
36	115	1.0
37	37	13.0
37	38	2.0
37	40	1.0
37	95	1.0
37	110	3.0
37	111	2.0
38	38	16.0
38	39	16.0
38	40	1.0
38	81	1.0
38	82	2.0
38	92	2.0
39	39	14.0
39	40	4.0
40	40	69.0
40	41	4.0
40	44	3.0
40	95	2.0
40	101	4.0
40	134	1.0
40	145	3.0
40	147	1.0
41	41	22.0
41	44	3.0
41	132	1.0
41	133	1.0
41	147	1.0
41	148	1.0
41	149	1.0
41	150	2.0
42	42	5.0
42	43	2.0
42	82	1.0
42	83	2.0
42	101	1.0
43	43	65.0
43	44	6.0
43	83	1.0
43	86	1.0
43	102	1.0
43	107	2.0
43	108	9.0
43	109	1.0
43	130	1.0
43	132	1.0
44	44	52.0
44	45	6.0
44	47	1.0
44	86	1.0
44	103	2.0
44	104	4.0
44	106	3.0
44	108	1.0
45	45	68.0
45	46	12.0
45	47	1.0
45	48	1.0
45	55	4.0
45	56	3.0
45	57	5.0
45	58	4.0
45	90	1.0
45	106	3.0
46	46	56.0
46	47	5.0
46	48	2.0
46	53	3.0
46	57	3.0
46	62	1.0
46	63	2.0
46	79	1.0
46	99	7.0
46	100	3.0
46	101	1.0
46	107	2.0
46	134	2.0
47	47	27.0
47	48	13.0
47	53	1.0
47	54	1.0
47	62	3.0
47	63	1.0
47	64	1.0
47	91	2.0
47	98	1.0
47	99	3.0
47	100	6.0
47	103	2.0
48	48	46.0
48	49	6.0
48	62	5.0
48	63	1.0
48	64	1.0
48	65	2.0
48	79	1.0
48	90	5.0
48	91	5.0
48	99	2.0
48	106	1.0
49	49	43.0
49	50	5.0
49	51	5.0
49	52	2.0
49	65	11.0
49	89	1.0
49	90	2.0
49	104	2.0
50	50	33.0
50	51	9.0
50	57	2.0
50	86	4.0
51	51	31.0
51	52	7.0
51	78	3.0
51	84	1.0
52	52	26.0
52	53	7.0
52	56	1.0
52	63	1.0
52	76	3.0
52	77	2.0
52	103	2.0
53	53	50.0
53	54	16.0
53	55	8.0
53	57	3.0
53	62	1.0
53	63	4.0
53	64	1.0
53	76	1.0
53	99	1.0
53	103	7.0
53	104	1.0
53	121	1.0
53	122	1.0
53	123	1.0
53	129	1.0
53	151	3.0
53	153	1.0
54	54	21.0
54	55	10.0
54	56	2.0
54	62	1.0
54	99	1.0
55	55	45.0
55	56	13.0
55	57	1.0
55	104	1.0
55	152	4.0
56	56	39.0
56	57	8.0
56	149	1.0
56	151	1.0
56	152	2.0
57	57	58.0
57	58	4.0
57	59	5.0
57	99	1.0
57	101	1.0
57	116	1.0
58	58	35.0
58	59	12.0
58	99	1.0
58	101	3.0
58	107	1.0
58	108	7.0
58	119	1.0
58	132	1.0
58	151	1.0
58	152	1.0
59	59	63.0
59	60	1.0
59	62	1.0
59	66	1.0
59	82	4.0
59	86	1.0
59	99	1.0
59	101	6.0
59	102	3.0
59	109	1.0
59	115	1.0
59	132	1.0
59	149	1.0
59	150	2.0
59	151	2.0
59	154	1.0
60	78	1.0
60	113	1.0
61	61	6.0
61	62	1.0
61	75	6.0
61	76	1.0
61	77	1.0
61	78	1.0
61	79	2.0
61	83	1.0
61	85	1.0
61	86	5.0
62	62	35.0
62	63	1.0
62	70	1.0
62	76	3.0
62	88	2.0
62	99	2.0
62	100	3.0
62	102	7.0
62	117	1.0
62	120	3.0
62	124	1.0
62	150	1.0
63	63	57.0
63	64	3.0
63	65	1.0
63	66	1.0
63	67	2.0
63	74	2.0
63	77	2.0
63	121	3.0
64	64	16.0
64	65	7.0
64	66	2.0
64	68	1.0
64	69	3.0
64	76	2.0
64	88	2.0
64	89	2.0
64	90	2.0
64	91	1.0
64	92	3.0
64	96	1.0
65	65	37.0
65	66	3.0
65	67	3.0
65	69	1.0
66	66	26.0
66	67	15.0
66	69	4.0
67	67	30.0
67	68	6.0
67	93	1.0
68	68	21.0
68	69	7.0
68	70	1.0
68	91	1.0
69	69	9.0
69	70	5.0
69	71	1.0
69	73	1.0
69	92	1.0
69	93	1.0
69	94	1.0
69	140	1.0
70	70	14.0
70	71	8.0
70	72	1.0
70	73	3.0
70	74	1.0
70	90	1.0
70	91	4.0
70	92	1.0
70	94	1.0
70	96	1.0
70	97	6.0
70	100	1.0
71	71	29.0
71	72	1.0
71	73	1.0
71	81	5.0
71	97	3.0
71	98	1.0
72	72	30.0
72	73	11.0
72	74	2.0
72	80	3.0
72	82	2.0
72	83	1.0
72	110	3.0
72	111	2.0
72	112	1.0
72	114	3.0
73	73	19.0
73	74	5.0
73	80	2.0
73	86	1.0
73	114	2.0
73	115	1.0
74	74	19.0
74	75	7.0
74	76	4.0
74	79	5.0
74	81	2.0
74	82	1.0
74	87	2.0
74	89	1.0
74	122	1.0
75	75	24.0
75	76	9.0
75	77	1.0
75	78	1.0
75	79	1.0
75	81	3.0
75	82	2.0
75	88	1.0
75	89	4.0
75	102	2.0
76	76	30.0
76	77	10.0
76	88	1.0
76	89	2.0
76	123	1.0
77	77	28.0
77	78	19.0
77	79	2.0
77	85	4.0
77	86	1.0
78	78	24.0
78	79	9.0
78	80	3.0
78	81	1.0
78	83	1.0
78	85	2.0
79	79	34.0
79	80	5.0
79	82	1.0
79	83	1.0
79	84	9.0
79	85	1.0
79	87	1.0
79	88	2.0
79	113	2.0
80	80	16.0
80	81	1.0
80	84	2.0
80	87	2.0
80	93	2.0
80	94	3.0
80	110	2.0
80	128	1.0
81	81	37.0
81	82	7.0
81	84	1.0
81	94	2.0
81	96	1.0
81	97	1.0
81	98	1.0
82	82	21.0
82	83	4.0
82	84	2.0
82	85	2.0
82	86	2.0
82	87	11.0
82	94	1.0
82	95	2.0
82	114	2.0
83	83	39.0
83	84	2.0
83	85	9.0
83	86	4.0
83	94	1.0
83	108	1.0
83	109	1.0
83	110	4.0
83	111	4.0
83	113	2.0
83	114	2.0
84	84	27.0
84	85	10.0
84	86	4.0
84	94	3.0
84	102	1.0
84	108	1.0
84	113	1.0
84	115	1.0
85	85	19.0
85	86	8.0
85	93	1.0
85	94	1.0
85	102	4.0
85	103	1.0
85	114	1.0
85	135	1.0
86	86	41.0
86	87	4.0
86	88	1.0
86	103	2.0
86	105	2.0
86	106	2.0
86	107	1.0
86	109	2.0
86	114	4.0
86	115	2.0
86	145	1.0
86	150	1.0
86	155	1.0
87	87	36.0
87	88	9.0
88	88	21.0
88	89	3.0
88	91	1.0
88	94	1.0
88	107	1.0
88	114	1.0
88	150	3.0
89	89	17.0
89	90	10.0
89	95	2.0
89	96	5.0
89	105	2.0
89	106	2.0
90	90	29.0
90	91	2.0
90	92	3.0
90	94	3.0
90	95	4.0
90	96	3.0
90	98	2.0
90	102	1.0
90	106	1.0
91	91	21.0
91	92	7.0
91	95	1.0
91	100	1.0
92	92	20.0
92	93	9.0
92	94	7.0
92	95	5.0
92	98	2.0
93	93	34.0
93	94	8.0
93	95	5.0
93	97	4.0
94	94	37.0
94	95	8.0
94	96	5.0
94	97	4.0
94	100	5.0
94	101	5.0
94	102	1.0
95	95	29.0
95	96	3.0
95	97	4.0
95	98	5.0
95	100	2.0
95	101	1.0
95	102	1.0
96	96	33.0
96	97	11.0
96	98	4.0
96	99	2.0
96	144	1.0
96	146	1.0
97	97	26.0
97	98	12.0
97	100	1.0
97	101	1.0
98	98	45.0
98	99	3.0
98	101	1.0
98	102	2.0
98	134	4.0
98	143	3.0
99	99	41.0
99	100	3.0
99	101	2.0
99	102	1.0
99	103	1.0
99	134	1.0
99	141	1.0
99	143	7.0
99	144	1.0
100	100	30.0
100	101	2.0
100	102	3.0
100	141	1.0
101	101	71.0
101	102	7.0
101	133	1.0
101	134	5.0
102	102	23.0
102	103	7.0
102	104	1.0
103	103	41.0
103	104	6.0
103	106	2.0
103	123	1.0
103	151	1.0
103	152	1.0
104	104	27.0
104	105	7.0
104	106	1.0
104	107	1.0
105	105	50.0
105	106	14.0
105	107	3.0
105	108	1.0
106	106	67.0
106	107	13.0
106	108	3.0
106	152	1.0
107	107	46.0
107	108	4.0
107	132	1.0
107	152	1.0
108	108	57.0
108	109	3.0
108	132	6.0
108	133	2.0
108	148	2.0
108	149	1.0
108	150	1.0
108	154	3.0
109	109	59.0
109	110	3.0
109	111	1.0
109	114	1.0
109	115	1.0
109	116	1.0
109	121	1.0
109	122	1.0
109	123	1.0
109	124	1.0
109	129	3.0
109	149	2.0
109	150	2.0
109	154	5.0
109	155	6.0
110	110	27.0
110	111	10.0
110	113	2.0
110	114	4.0
110	115	1.0
111	111	20.0
111	112	1.0
111	113	2.0
111	116	1.0
112	112	21.0
112	113	4.0
112	120	1.0
113	113	13.0
113	114	3.0
113	115	1.0
114	114	17.0
114	115	4.0
114	120	1.0
114	121	4.0
114	122	1.0
115	115	39.0
115	116	8.0
115	146	1.0
115	149	3.0
115	150	3.0
116	116	67.0
116	117	5.0
116	118	1.0
116	119	6.0
116	120	2.0
116	121	2.0
116	123	4.0
116	149	1.0
116	150	1.0
116	154	3.0
116	155	3.0
117	117	56.0
117	118	13.0
117	119	3.0
117	120	6.0
117	121	1.0
117	128	1.0
118	118	55.0
118	119	13.0
118	120	1.0
118	123	1.0
118	124	1.0
118	125	2.0
118	126	6.0
118	128	1.0
119	119	80.0
119	120	9.0
119	123	1.0
119	126	2.0
119	147	5.0
119	148	4.0
120	120	62.0
120	121	6.0
120	122	1.0
120	123	1.0
120	129	2.0
120	130	6.0
120	132	1.0
120	147	5.0
121	121	31.0
121	122	2.0
121	123	2.0
121	124	3.0
121	148	1.0
122	122	20.0
122	123	3.0
122	124	1.0
123	123	28.0
123	124	12.0
123	125	1.0
123	146	1.0
123	147	1.0
123	148	3.0
124	124	54.0
124	125	7.0
124	126	2.0
124	128	1.0
124	129	2.0
124	130	1.0
124	134	1.0
124	145	1.0
125	125	65.0
125	126	5.0
125	127	4.0
125	128	1.0
125	130	1.0
125	134	1.0
125	135	1.0
125	144	11.0
125	146	1.0
125	148	7.0
125	149	1.0
125	150	1.0
126	126	76.0
126	127	8.0
126	128	1.0
126	129	1.0
126	145	3.0
126	146	1.0
126	150	1.0
126	152	1.0
127	127	51.0
127	128	13.0
127	131	1.0
127	133	1.0
127	149	3.0
127	150	3.0
128	128	48.0
128	129	4.0
128	130	1.0
128	148	1.0
128	150	4.0
128	155	1.0
129	129	43.0
129	130	7.0
129	131	1.0
129	135	2.0
129	136	1.0
129	139	1.0
129	140	1.0
129	141	4.0
129	143	1.0
129	148	1.0
130	130	47.0
130	131	5.0
130	132	4.0
130	140	1.0
130	141	1.0
131	131	38.0
131	132	10.0
131	133	3.0
131	147	1.0
131	151	3.0
131	152	2.0
131	153	6.0
132	132	68.0
132	133	12.0
132	134	1.0
132	135	1.0
132	139	1.0
132	140	5.0
132	150	2.0
133	133	63.0
133	134	9.0
133	135	5.0
133	148	1.0
133	149	3.0
133	150	7.0
134	134	75.0
134	135	7.0
134	145	1.0
134	147	2.0
134	148	2.0
134	149	2.0
135	135	70.0
135	136	15.0
135	140	4.0
135	141	2.0
135	143	1.0
135	144	4.0
135	146	1.0
136	136	82.0
136	137	14.0
136	139	2.0
136	141	1.0
136	143	5.0
136	144	1.0
136	147	1.0
137	137	53.0
137	138	6.0
137	139	1.0
137	145	1.0
137	147	1.0
138	138	34.0
138	139	5.0
138	140	2.0
138	142	1.0
138	143	2.0
138	154	1.0
138	155	1.0
139	139	54.0
139	140	4.0
139	142	7.0
139	143	1.0
139	154	2.0
139	155	6.0
140	140	37.0
140	141	6.0
140	142	1.0
140	151	3.0
140	153	3.0
141	141	51.0
141	142	8.0
141	153	1.0
141	154	2.0
142	142	48.0
142	143	9.0
143	143	44.0
143	144	3.0
143	147	1.0
143	152	1.0
144	144	36.0
144	145	5.0
145	145	19.0
145	147	5.0
145	148	1.0
145	149	3.0
145	156	3.0
146	146	6.0
146	147	4.0
146	149	1.0
147	147	16.0
147	148	7.0
147	149	2.0
147	150	1.0
148	148	36.0
148	149	12.0
148	155	1.0
149	149	68.0
149	150	10.0
149	155	7.0
150	150	45.0
150	151	6.0
151	151	35.0
151	152	5.0
151	153	5.0
151	154	1.0
152	152	39.0
152	153	10.0
152	154	1.0
152	155	1.0
153	153	33.0
153	154	6.0
154	154	36.0
154	155	11.0
155	155	48.0
155	156	1.0
156	156	12.0
