3	3	10.0
3	8	1.0
3	23	1.0
3	46	1.0
3	50	1.0
3	64	1.0
4	4	5.0
4	5	1.0
4	50	1.0
5	5	15.0
5	13	1.0
5	22	1.0
5	23	1.0
5	24	1.0
5	47	3.0
5	118	1.0
6	6	10.0
6	7	1.0
6	8	1.0
6	9	1.0
6	12	1.0
6	38	2.0
7	7	7.0
7	8	1.0
7	10	1.0
7	12	1.0
7	22	1.0
7	39	1.0
8	8	5.0
8	9	5.0
9	9	2.0
9	12	1.0
9	39	1.0
9	42	1.0
10	10	4.0
10	11	2.0
10	15	1.0
10	17	2.0
10	24	1.0
11	11	4.0
11	22	1.0
12	12	5.0
12	23	1.0
13	13	5.0
13	14	3.0
13	19	1.0
14	14	3.0
14	15	1.0
14	17	2.0
14	19	2.0
14	39	1.0
15	15	2.0
15	16	1.0
15	41	1.0
16	16	7.0
16	17	2.0
16	80	1.0
17	17	9.0
17	18	2.0
17	19	1.0
17	72	2.0
17	73	1.0
17	81	2.0
18	18	9.0
18	19	1.0
18	20	1.0
18	38	1.0
18	41	1.0
18	97	1.0
19	19	4.0
19	97	2.0
20	20	10.0
20	59	2.0
20	103	1.0
20	108	1.0
21	21	3.0
21	22	2.0
21	25	1.0
21	46	1.0
21	49	1.0
21	63	1.0
21	97	1.0
22	22	2.0
22	23	1.0
22	25	1.0
22	26	2.0
22	46	2.0
23	23	4.0
23	24	2.0
24	24	7.0
24	26	1.0
25	25	5.0
25	26	1.0
26	26	4.0
26	46	1.0
26	63	2.0
26	77	1.0
27	27	9.0
27	28	2.0
27	148	1.0
28	28	9.0
28	29	3.0
28	44	2.0
28	58	1.0
28	82	1.0
28	91	1.0
29	29	8.0
29	51	1.0
29	52	2.0
29	86	1.0
29	91	2.0
29	142	1.0
30	30	9.0
30	57	1.0
30	61	1.0
30	81	1.0
30	86	2.0
30	87	1.0
30	93	3.0
30	94	1.0
30	95	1.0
30	106	1.0
30	108	1.0
30	117	1.0
30	141	1.0
31	31	9.0
31	32	4.0
31	37	1.0
31	56	1.0
31	93	1.0
31	119	1.0
31	135	2.0
32	32	15.0
32	33	4.0
32	49	1.0
32	50	1.0
32	94	1.0
32	101	1.0
33	33	13.0
33	35	1.0
33	94	1.0
33	98	1.0
33	116	1.0
33	117	1.0
34	34	14.0
34	95	1.0
34	100	2.0
34	117	1.0
34	136	1.0
34	137	1.0
35	35	2.0
36	36	6.0
36	37	2.0
37	37	15.0
37	38	2.0
37	118	1.0
38	38	11.0
38	39	2.0
38	102	1.0
38	118	2.0
38	119	1.0
39	39	8.0
39	40	1.0
40	40	1.0
40	41	1.0
40	72	1.0
40	108	1.0
40	117	1.0
41	41	5.0
41	45	1.0
41	109	1.0
42	42	9.0
42	68	1.0
42	135	1.0
42	140	1.0
42	146	1.0
43	43	3.0
43	44	2.0
43	59	1.0
43	114	1.0
43	140	1.0
43	147	1.0
44	44	5.0
44	45	3.0
44	47	3.0
44	101	1.0
44	109	1.0
45	45	4.0
45	46	3.0
45	59	1.0
46	46	7.0
46	47	1.0
46	48	1.0
46	110	1.0
47	47	9.0
47	48	2.0
47	147	1.0
48	48	9.0
48	49	1.0
49	49	13.0
49	50	3.0
49	64	1.0
50	50	12.0
50	51	1.0
50	113	2.0
50	116	1.0
50	119	1.0
50	135	1.0
50	142	1.0
51	51	10.0
51	100	1.0
51	125	1.0
51	136	1.0
52	52	6.0
52	53	1.0
52	72	2.0
52	88	1.0
52	99	2.0
52	113	1.0
52	116	1.0
52	134	2.0
52	142	1.0
53	53	8.0
53	54	2.0
53	56	1.0
53	90	1.0
53	98	2.0
53	99	4.0
53	114	1.0
53	125	1.0
53	133	1.0
54	54	12.0
54	55	3.0
54	74	1.0
54	91	1.0
54	92	1.0
54	114	1.0
55	55	15.0
55	56	4.0
55	59	1.0
55	87	2.0
55	99	1.0
55	100	2.0
55	115	1.0
55	125	1.0
55	126	1.0
56	56	6.0
56	57	1.0
56	114	2.0
56	122	1.0
56	124	1.0
57	57	15.0
57	58	3.0
57	61	1.0
57	128	1.0
57	132	1.0
58	58	4.0
58	61	1.0
58	131	1.0
58	133	1.0
59	59	4.0
59	60	1.0
59	62	1.0
59	103	1.0
59	105	1.0
59	109	1.0
60	60	5.0
60	61	2.0
60	95	2.0
60	139	1.0
61	61	7.0
61	62	2.0
61	65	1.0
61	66	1.0
61	111	1.0
61	139	1.0
62	62	5.0
63	63	3.0
63	64	1.0
63	86	1.0
63	148	1.0
64	64	5.0
64	65	1.0
64	77	2.0
64	82	1.0
64	89	1.0
64	112	1.0
65	65	6.0
65	71	3.0
66	66	6.0
66	67	4.0
66	70	1.0
67	67	6.0
67	68	1.0
67	73	1.0
67	91	1.0
67	99	1.0
68	68	4.0
68	69	2.0
68	70	1.0
68	91	1.0
68	145	2.0
68	147	1.0
69	69	6.0
69	70	1.0
70	70	7.0
70	71	3.0
70	72	1.0
70	81	1.0
71	71	14.0
71	86	1.0
71	141	2.0
72	72	15.0
72	73	2.0
72	83	2.0
72	91	4.0
72	92	1.0
73	73	14.0
73	74	2.0
73	80	1.0
73	90	1.0
73	92	2.0
73	145	1.0
73	148	1.0
74	74	6.0
74	75	2.0
74	79	1.0
74	80	1.0
74	92	1.0
74	149	1.0
75	75	5.0
75	77	1.0
76	76	5.0
77	77	3.0
77	78	3.0
77	82	2.0
77	93	1.0
77	104	1.0
78	78	9.0
78	79	1.0
78	81	2.0
78	95	1.0
78	104	1.0
78	105	1.0
79	79	1.0
79	80	3.0
79	125	1.0
80	80	5.0
80	81	2.0
80	143	1.0
81	81	8.0
81	125	1.0
82	82	9.0
82	83	1.0
82	84	1.0
82	135	1.0
82	137	1.0
82	148	1.0
83	83	10.0
83	90	1.0
83	146	1.0
83	148	2.0
84	84	6.0
84	134	2.0
84	148	1.0
85	85	10.0
85	86	1.0
86	86	9.0
86	87	6.0
86	126	1.0
86	127	1.0
86	136	1.0
87	87	18.0
87	125	1.0
87	140	1.0
88	88	6.0
88	95	1.0
88	100	1.0
89	89	14.0
89	90	2.0
89	95	1.0
89	117	2.0
90	90	12.0
90	92	1.0
90	95	1.0
90	100	1.0
90	117	1.0
91	91	12.0
91	92	3.0
91	117	1.0
91	118	2.0
91	137	1.0
92	92	8.0
92	93	1.0
92	137	1.0
93	93	12.0
93	94	4.0
93	95	1.0
93	107	1.0
93	134	1.0
93	138	1.0
94	94	15.0
94	101	2.0
95	95	10.0
95	96	2.0
95	97	1.0
95	107	2.0
96	96	5.0
96	97	1.0
96	131	1.0
97	97	10.0
97	102	1.0
98	98	8.0
98	99	3.0
99	99	6.0
99	101	1.0
99	114	1.0
100	100	8.0
100	121	1.0
100	135	1.0
101	101	4.0
102	102	7.0
102	103	1.0
103	103	5.0
103	104	2.0
103	105	2.0
104	104	2.0
104	105	3.0
104	107	1.0
105	105	2.0
105	106	3.0
106	106	6.0
106	107	2.0
106	108	2.0
107	107	7.0
108	108	11.0
108	110	1.0
109	109	6.0
109	110	2.0
109	111	2.0
109	112	1.0
110	110	4.0
110	112	1.0
111	111	4.0
111	112	3.0
111	142	2.0
112	112	13.0
112	113	1.0
112	118	2.0
112	142	2.0
112	143	1.0
113	113	11.0
113	114	1.0
113	115	2.0
113	117	1.0
114	114	5.0
114	115	1.0
114	124	1.0
114	146	1.0
114	147	4.0
115	115	8.0
115	116	2.0
115	144	1.0
116	116	11.0
116	117	1.0
116	124	1.0
116	136	1.0
116	137	2.0
117	117	8.0
117	118	1.0
117	119	1.0
117	124	1.0
117	137	1.0
118	118	12.0
118	119	4.0
118	124	2.0
118	131	1.0
118	137	1.0
118	141	2.0
118	142	1.0
119	119	14.0
119	120	1.0
119	130	1.0
119	140	1.0
119	141	2.0
120	120	9.0
120	121	2.0
120	122	1.0
120	134	3.0
120	136	1.0
121	121	12.0
121	122	1.0
121	135	1.0
121	136	1.0
122	122	11.0
122	123	1.0
122	124	2.0
123	123	5.0
123	124	1.0
124	124	12.0
124	125	2.0
124	145	1.0
125	125	13.0
125	135	1.0
126	126	9.0
126	127	6.0
126	136	1.0
127	127	12.0
127	128	1.0
127	136	1.0
127	140	1.0
128	128	21.0
129	129	17.0
129	130	2.0
130	131	1.0
131	131	5.0
131	132	3.0
131	140	1.0
131	141	1.0
132	132	4.0
132	133	7.0
132	140	1.0
133	133	2.0
133	134	2.0
133	138	1.0
134	134	14.0
134	135	2.0
134	138	2.0
134	140	1.0
135	135	17.0
135	136	3.0
135	139	1.0
136	136	10.0
136	137	1.0
136	139	1.0
136	140	1.0
137	137	18.0
137	138	2.0
137	139	1.0
137	142	2.0
138	138	9.0
138	139	1.0
138	142	1.0
139	139	9.0
139	140	5.0
140	140	16.0
140	141	1.0
140	142	2.0
140	145	1.0
140	146	1.0
141	141	9.0
141	142	2.0
142	142	10.0
142	143	1.0
143	143	11.0
143	144	4.0
144	144	11.0
144	145	1.0
145	145	4.0
145	146	2.0
146	146	9.0
146	147	1.0
147	147	18.0
147	148	1.0
148	148	9.0
148	149	1.0
149	149	5.0
