3	3	12.0
4	4	14.0
4	5	3.0
4	7	1.0
5	5	13.0
5	6	2.0
5	7	1.0
5	19	3.0
6	6	9.0
6	7	2.0
6	15	1.0
6	16	4.0
6	27	1.0
7	7	24.0
7	8	2.0
7	9	4.0
7	14	2.0
7	15	2.0
7	47	2.0
8	8	16.0
8	9	13.0
8	10	4.0
8	11	2.0
8	15	1.0
8	16	1.0
8	24	2.0
8	25	1.0
8	45	1.0
8	47	2.0
8	48	1.0
9	9	21.0
9	10	9.0
9	11	2.0
10	10	22.0
10	11	4.0
10	48	2.0
10	56	1.0
11	11	26.0
11	12	4.0
11	25	1.0
11	53	1.0
11	54	1.0
12	12	19.0
12	13	3.0
13	13	15.0
13	14	4.0
14	14	15.0
14	15	1.0
14	16	1.0
15	15	20.0
15	16	13.0
16	16	23.0
16	17	1.0
16	27	1.0
17	17	18.0
17	28	2.0
17	29	1.0
17	30	1.0
18	18	18.0
18	19	1.0
18	29	1.0
19	19	11.0
19	20	6.0
19	21	2.0
20	20	24.0
20	21	4.0
21	21	18.0
22	22	17.0
22	23	5.0
23	23	18.0
23	24	2.0
23	25	1.0
23	29	2.0
24	24	33.0
24	25	9.0
24	26	2.0
24	46	1.0
24	49	3.0
25	25	23.0
25	26	6.0
25	46	1.0
25	49	1.0
26	26	7.0
26	27	1.0
27	27	12.0
27	28	3.0
28	28	13.0
28	29	4.0
28	49	2.0
28	50	1.0
29	29	14.0
29	30	5.0
29	45	3.0
30	30	10.0
30	31	8.0
30	33	1.0
30	34	1.0
30	35	1.0
30	66	1.0
30	68	1.0
30	70	1.0
31	31	10.0
31	32	1.0
31	33	2.0
31	68	2.0
32	32	13.0
32	33	6.0
32	65	1.0
32	70	1.0
33	33	27.0
33	34	7.0
33	35	1.0
33	50	2.0
33	96	1.0
34	34	16.0
34	35	4.0
34	36	2.0
34	38	1.0
34	50	2.0
35	35	16.0
35	36	2.0
35	69	1.0
35	71	1.0
36	36	5.0
36	37	1.0
36	38	2.0
37	37	21.0
37	38	3.0
37	79	1.0
37	80	4.0
37	81	1.0
37	84	5.0
38	38	5.0
38	39	2.0
38	44	1.0
38	66	3.0
38	70	1.0
38	73	1.0
39	39	3.0
39	40	1.0
39	41	1.0
39	68	1.0
39	69	2.0
39	72	1.0
40	40	2.0
40	41	1.0
40	66	2.0
41	41	3.0
41	42	3.0
41	66	1.0
41	72	2.0
42	42	19.0
42	43	3.0
42	64	2.0
42	74	2.0
43	43	20.0
43	44	2.0
43	63	1.0
43	64	1.0
43	74	1.0
43	81	2.0
44	44	18.0
44	45	4.0
44	46	2.0
44	63	2.0
44	90	1.0
45	45	20.0
45	46	6.0
45	47	3.0
45	48	2.0
45	55	2.0
45	62	1.0
45	63	2.0
45	90	1.0
45	95	1.0
46	46	10.0
46	47	2.0
46	48	1.0
46	49	1.0
46	90	2.0
47	47	7.0
47	48	7.0
47	49	3.0
48	48	18.0
48	49	4.0
48	82	2.0
48	88	1.0
48	90	1.0
49	49	19.0
49	50	3.0
49	88	1.0
50	50	13.0
50	51	3.0
50	60	3.0
50	61	2.0
50	62	1.0
50	65	1.0
50	68	1.0
50	70	1.0
50	87	2.0
50	88	1.0
50	93	1.0
51	51	15.0
51	52	2.0
51	62	2.0
51	65	2.0
51	96	2.0
52	52	8.0
52	53	4.0
52	54	1.0
52	62	1.0
53	53	8.0
53	54	4.0
53	63	1.0
53	88	1.0
53	89	2.0
53	93	1.0
54	54	5.0
54	55	6.0
54	56	2.0
54	94	1.0
55	55	14.0
55	56	4.0
55	59	1.0
55	60	2.0
55	90	1.0
55	91	1.0
56	56	32.0
56	57	3.0
56	60	3.0
56	61	2.0
56	62	5.0
57	57	18.0
57	58	2.0
57	59	5.0
58	58	21.0
58	59	5.0
58	87	3.0
59	59	21.0
59	60	3.0
60	60	6.0
60	61	6.0
60	62	2.0
60	70	1.0
61	61	5.0
61	62	5.0
61	70	1.0
62	62	10.0
62	65	2.0
62	66	1.0
63	63	16.0
63	64	6.0
63	82	2.0
64	64	12.0
64	65	2.0
65	65	7.0
65	66	3.0
66	66	7.0
66	67	2.0
66	69	1.0
66	70	3.0
66	71	1.0
67	67	6.0
67	68	7.0
68	68	9.0
68	69	2.0
69	69	10.0
69	70	7.0
70	70	2.0
70	71	1.0
71	71	10.0
71	72	3.0
71	77	2.0
72	72	8.0
72	73	4.0
72	76	1.0
72	77	1.0
73	73	25.0
73	74	11.0
73	75	4.0
74	74	5.0
74	75	2.0
75	75	8.0
75	76	3.0
76	76	20.0
76	77	5.0
77	77	9.0
77	78	2.0
78	78	29.0
78	79	6.0
78	85	2.0
79	79	9.0
79	80	8.0
79	85	3.0
80	80	5.0
80	81	3.0
81	81	12.0
81	82	3.0
82	82	15.0
82	83	2.0
83	83	8.0
83	84	3.0
83	87	1.0
84	84	17.0
84	85	5.0
84	87	2.0
84	90	1.0
85	85	14.0
85	86	6.0
85	87	3.0
86	86	15.0
87	87	23.0
87	88	6.0
88	88	5.0
88	89	8.0
88	93	1.0
89	89	19.0
89	90	6.0
89	93	3.0
90	90	15.0
90	91	2.0
90	93	5.0
90	94	1.0
91	91	19.0
91	92	6.0
91	93	2.0
91	94	4.0
92	92	17.0
92	93	4.0
92	94	3.0
92	95	1.0
93	93	12.0
93	94	2.0
94	94	20.0
94	95	10.0
95	95	19.0
95	96	5.0
95	97	1.0
96	96	14.0
96	97	4.0
97	97	14.0
98	98	1.0
