3	3	22.0
3	4	11.0
3	5	2.0
3	8	1.0
3	10	1.0
3	11	2.0
3	12	2.0
3	13	1.0
3	15	1.0
3	20	2.0
3	21	1.0
3	30	1.0
3	33	3.0
3	34	1.0
3	38	4.0
3	40	1.0
3	41	1.0
3	42	1.0
3	44	2.0
3	46	1.0
3	48	1.0
3	50	2.0
3	51	1.0
3	53	2.0
3	54	1.0
3	83	2.0
3	88	1.0
4	4	32.0
4	5	3.0
4	6	5.0
4	7	3.0
4	12	1.0
4	13	4.0
4	16	2.0
4	20	1.0
4	21	3.0
4	22	2.0
4	23	2.0
4	24	3.0
4	25	1.0
4	30	1.0
4	31	1.0
4	32	4.0
4	38	3.0
4	39	2.0
4	40	1.0
4	44	1.0
4	51	1.0
4	53	2.0
4	66	1.0
4	150	1.0
5	5	26.0
5	6	8.0
5	7	2.0
5	8	2.0
5	11	1.0
5	15	1.0
5	23	2.0
5	24	2.0
5	25	1.0
5	41	1.0
5	42	5.0
5	43	1.0
5	46	1.0
5	51	1.0
5	57	3.0
5	62	1.0
5	70	4.0
5	91	1.0
6	6	29.0
6	7	9.0
6	8	10.0
6	9	3.0
6	11	4.0
6	21	4.0
6	23	1.0
6	32	1.0
6	46	3.0
6	47	2.0
6	48	1.0
6	116	1.0
7	7	33.0
7	8	10.0
7	9	5.0
7	12	2.0
7	14	5.0
7	21	1.0
7	36	1.0
7	38	1.0
7	51	1.0
7	53	2.0
7	70	1.0
7	88	1.0
8	8	33.0
8	9	8.0
8	11	1.0
8	12	2.0
8	14	1.0
8	15	3.0
8	16	3.0
8	29	3.0
8	36	2.0
8	51	3.0
8	54	1.0
8	74	1.0
9	9	48.0
9	10	1.0
9	11	1.0
9	12	1.0
9	15	4.0
9	16	2.0
9	29	1.0
9	36	1.0
9	51	1.0
9	58	2.0
10	10	40.0
10	11	12.0
10	12	3.0
10	16	1.0
10	50	1.0
10	51	1.0
10	52	1.0
10	53	2.0
10	54	2.0
10	171	1.0
11	11	23.0
11	12	7.0
11	13	3.0
11	21	1.0
11	23	4.0
11	33	1.0
11	40	5.0
11	50	2.0
11	51	7.0
11	53	1.0
11	134	1.0
12	12	29.0
12	13	2.0
12	15	2.0
12	16	2.0
12	21	1.0
12	23	2.0
12	38	2.0
12	39	1.0
12	40	5.0
12	44	4.0
12	46	3.0
12	50	5.0
12	51	4.0
12	52	3.0
12	53	1.0
12	54	1.0
12	88	1.0
13	13	41.0
13	14	12.0
13	15	1.0
13	20	1.0
13	27	1.0
13	29	1.0
13	38	3.0
13	39	1.0
13	51	1.0
13	53	4.0
13	54	1.0
14	14	38.0
14	15	5.0
14	18	2.0
14	23	6.0
14	27	2.0
14	29	1.0
14	31	1.0
14	32	1.0
14	36	4.0
14	38	1.0
14	60	1.0
14	67	5.0
14	88	1.0
15	15	29.0
15	16	6.0
15	29	1.0
15	34	2.0
15	36	4.0
15	37	1.0
15	40	1.0
15	44	1.0
15	45	1.0
15	47	4.0
15	50	2.0
15	51	3.0
15	67	1.0
15	68	2.0
15	70	1.0
15	71	1.0
16	16	20.0
16	17	3.0
16	18	2.0
16	20	3.0
16	26	1.0
16	28	1.0
16	36	1.0
16	37	1.0
16	43	1.0
16	45	1.0
16	46	3.0
16	47	3.0
16	48	1.0
16	51	2.0
16	52	4.0
16	53	7.0
16	111	1.0
17	17	19.0
17	19	1.0
17	20	6.0
17	21	4.0
17	25	2.0
17	27	1.0
17	28	1.0
17	30	1.0
17	31	2.0
17	42	5.0
17	43	1.0
17	53	3.0
17	54	1.0
17	55	1.0
17	58	2.0
17	63	1.0
17	68	1.0
17	101	6.0
17	104	1.0
17	117	3.0
17	118	1.0
17	141	4.0
17	153	4.0
17	154	2.0
17	155	3.0
17	177	2.0
18	18	23.0
18	19	10.0
18	20	3.0
18	21	1.0
18	25	3.0
18	26	1.0
18	28	2.0
18	31	2.0
18	32	1.0
18	36	2.0
18	41	1.0
18	57	1.0
18	58	4.0
18	59	1.0
18	60	2.0
18	63	1.0
18	101	3.0
18	104	8.0
18	154	1.0
18	174	1.0
19	19	21.0
19	20	1.0
19	24	1.0
19	25	1.0
19	26	2.0
19	27	1.0
19	28	5.0
19	32	2.0
19	42	2.0
19	46	1.0
19	47	2.0
19	48	2.0
19	49	3.0
19	52	1.0
19	54	10.0
19	58	1.0
19	60	1.0
19	61	2.0
19	63	5.0
19	98	1.0
19	101	1.0
19	141	6.0
20	20	24.0
20	21	4.0
20	23	1.0
20	24	1.0
20	26	3.0
20	27	2.0
20	38	1.0
20	40	7.0
20	41	5.0
20	42	5.0
20	43	1.0
20	44	3.0
20	47	2.0
20	48	3.0
20	49	5.0
20	50	1.0
20	56	5.0
20	57	1.0
20	58	3.0
20	61	1.0
20	63	1.0
20	72	1.0
20	154	3.0
21	21	28.0
21	22	9.0
21	23	5.0
21	24	4.0
21	25	2.0
21	141	2.0
21	153	6.0
21	154	4.0
21	155	1.0
22	22	19.0
22	23	9.0
22	24	6.0
22	25	3.0
22	29	2.0
22	31	6.0
22	32	1.0
22	34	2.0
22	36	1.0
22	49	1.0
22	59	7.0
22	60	2.0
22	64	3.0
22	154	3.0
23	23	24.0
23	24	4.0
23	25	3.0
23	27	10.0
23	28	1.0
23	30	2.0
23	31	1.0
23	36	2.0
23	54	1.0
23	60	1.0
23	63	1.0
23	64	2.0
24	24	24.0
24	25	4.0
24	28	1.0
24	30	1.0
24	31	2.0
24	32	3.0
24	36	1.0
24	54	2.0
24	56	1.0
24	57	2.0
24	60	1.0
24	64	5.0
24	66	1.0
24	84	3.0
24	91	1.0
24	96	2.0
24	98	2.0
24	103	1.0
24	104	2.0
24	105	2.0
24	131	1.0
24	152	4.0
24	177	2.0
25	25	24.0
25	26	9.0
25	27	2.0
25	28	1.0
25	31	2.0
25	32	4.0
25	33	1.0
25	39	1.0
25	47	1.0
25	49	1.0
25	54	8.0
25	58	1.0
25	60	2.0
25	63	1.0
25	65	2.0
25	66	2.0
25	67	5.0
25	68	1.0
25	71	1.0
25	72	2.0
25	73	1.0
25	74	1.0
25	84	6.0
25	85	1.0
25	94	1.0
25	104	2.0
25	111	1.0
25	113	1.0
25	146	1.0
25	155	1.0
26	26	27.0
26	27	5.0
26	28	5.0
26	29	2.0
26	31	1.0
26	32	5.0
26	41	1.0
26	48	1.0
26	49	1.0
26	55	1.0
26	56	1.0
26	66	1.0
26	67	2.0
26	69	2.0
26	70	1.0
26	74	1.0
26	75	1.0
26	76	2.0
26	98	1.0
26	100	2.0
27	27	21.0
27	28	9.0
27	31	2.0
27	36	1.0
27	48	1.0
27	50	2.0
27	55	1.0
27	56	1.0
27	57	2.0
27	64	1.0
27	67	1.0
27	98	1.0
27	100	1.0
27	101	1.0
28	28	13.0
28	29	3.0
28	30	2.0
28	41	4.0
28	42	4.0
28	54	1.0
28	56	1.0
28	61	1.0
28	63	1.0
28	64	1.0
28	65	1.0
28	100	1.0
29	29	16.0
29	30	3.0
29	32	1.0
29	41	1.0
29	42	3.0
29	44	1.0
29	63	1.0
29	65	1.0
29	66	1.0
29	78	1.0
29	101	1.0
29	110	3.0
29	147	1.0
30	30	7.0
30	31	3.0
30	52	2.0
30	53	1.0
30	54	1.0
30	61	2.0
30	62	1.0
30	65	2.0
30	66	3.0
30	69	1.0
30	78	1.0
30	101	1.0
30	117	2.0
30	131	1.0
30	133	1.0
30	141	2.0
31	31	16.0
31	32	6.0
31	36	1.0
31	42	1.0
31	48	4.0
31	50	1.0
31	54	3.0
31	55	2.0
31	56	1.0
31	57	1.0
31	59	1.0
31	60	1.0
31	61	1.0
31	62	3.0
31	64	2.0
31	65	2.0
31	66	2.0
31	72	1.0
31	100	1.0
31	104	1.0
31	105	2.0
31	133	2.0
32	32	17.0
32	33	1.0
32	34	1.0
32	35	1.0
32	36	2.0
32	50	1.0
32	57	2.0
32	60	3.0
32	62	1.0
32	63	1.0
32	65	1.0
32	66	1.0
32	70	1.0
32	84	1.0
32	88	1.0
32	90	1.0
32	93	1.0
32	98	1.0
32	99	8.0
32	110	1.0
32	122	2.0
32	123	1.0
33	33	22.0
33	34	11.0
33	35	2.0
33	36	1.0
33	46	1.0
33	50	1.0
33	51	1.0
33	56	1.0
33	57	3.0
33	58	2.0
33	59	3.0
33	64	6.0
33	65	1.0
33	66	6.0
33	68	1.0
33	71	2.0
33	83	3.0
33	87	2.0
33	98	1.0
33	99	2.0
33	124	1.0
34	34	25.0
34	35	17.0
34	37	3.0
34	39	2.0
34	40	1.0
34	42	1.0
34	45	1.0
34	50	3.0
34	51	1.0
34	54	1.0
34	55	2.0
34	56	4.0
34	57	1.0
34	58	4.0
34	60	3.0
34	61	1.0
34	64	2.0
34	66	9.0
34	70	1.0
34	71	5.0
34	72	1.0
34	74	1.0
34	82	2.0
34	86	2.0
34	87	5.0
34	91	2.0
34	92	2.0
34	102	1.0
34	105	3.0
35	35	23.0
35	36	3.0
35	37	1.0
35	39	5.0
35	43	1.0
35	46	1.0
35	47	1.0
35	55	3.0
35	57	2.0
35	58	4.0
35	59	2.0
35	60	3.0
35	63	1.0
35	65	2.0
35	66	4.0
35	67	2.0
35	68	1.0
35	70	1.0
35	71	9.0
35	74	1.0
35	86	1.0
35	87	9.0
35	91	1.0
35	92	1.0
35	98	1.0
35	99	1.0
36	36	39.0
36	37	8.0
36	38	1.0
36	54	1.0
36	60	1.0
36	67	3.0
36	71	1.0
36	72	1.0
36	91	2.0
37	37	15.0
37	57	3.0
37	66	1.0
37	67	2.0
37	71	3.0
37	72	4.0
37	81	1.0
38	38	20.0
38	39	3.0
38	41	1.0
38	44	2.0
38	45	6.0
38	46	3.0
38	51	2.0
38	52	1.0
38	53	3.0
38	54	1.0
38	57	2.0
38	58	1.0
38	88	1.0
39	39	18.0
39	40	16.0
39	41	5.0
39	42	1.0
39	43	3.0
39	44	5.0
39	45	4.0
39	46	8.0
39	47	1.0
39	48	1.0
39	66	1.0
39	68	1.0
39	69	3.0
39	71	1.0
39	72	2.0
39	73	1.0
39	74	5.0
39	75	1.0
39	76	2.0
39	82	2.0
39	83	6.0
39	85	1.0
39	87	1.0
39	99	1.0
39	100	1.0
39	101	1.0
40	40	32.0
40	41	12.0
40	42	3.0
40	43	2.0
40	44	6.0
40	46	2.0
40	47	1.0
40	48	3.0
40	49	5.0
40	56	1.0
40	62	6.0
40	70	2.0
40	72	1.0
40	83	1.0
40	88	2.0
40	105	2.0
41	41	23.0
41	42	6.0
41	43	3.0
41	44	1.0
41	45	2.0
41	46	3.0
41	47	4.0
41	48	6.0
41	49	1.0
41	50	4.0
41	57	1.0
41	61	1.0
41	65	1.0
41	66	7.0
41	67	1.0
41	68	1.0
41	69	1.0
41	70	2.0
41	72	1.0
41	82	1.0
41	83	1.0
41	98	1.0
41	102	1.0
42	42	29.0
42	43	3.0
42	44	2.0
42	46	5.0
42	47	14.0
42	48	7.0
42	49	2.0
42	65	1.0
42	69	3.0
42	70	2.0
42	72	2.0
42	74	1.0
42	112	1.0
43	43	42.0
43	47	2.0
43	62	1.0
43	68	1.0
43	70	5.0
43	71	2.0
44	44	18.0
44	45	7.0
44	46	8.0
44	47	4.0
44	48	2.0
44	49	1.0
44	50	1.0
44	51	1.0
44	69	2.0
44	75	3.0
44	76	2.0
44	78	1.0
44	101	1.0
44	111	1.0
44	113	1.0
45	45	27.0
45	46	6.0
45	51	1.0
45	53	2.0
45	58	2.0
45	66	1.0
45	67	2.0
45	68	2.0
45	69	3.0
45	75	1.0
45	76	4.0
45	77	2.0
45	78	2.0
45	80	1.0
45	82	3.0
45	88	1.0
45	101	2.0
45	109	1.0
45	110	7.0
45	111	1.0
45	113	1.0
45	118	1.0
46	46	11.0
46	47	4.0
46	48	3.0
46	50	5.0
46	51	3.0
46	58	1.0
46	68	2.0
46	69	4.0
46	75	1.0
46	76	1.0
46	101	2.0
46	103	1.0
47	47	26.0
47	48	4.0
47	50	2.0
47	65	3.0
47	68	1.0
47	69	6.0
47	70	1.0
47	74	1.0
47	76	1.0
47	91	1.0
47	100	2.0
47	111	1.0
47	113	1.0
47	132	1.0
48	48	16.0
48	50	4.0
48	56	1.0
48	60	1.0
48	62	3.0
48	65	4.0
48	66	1.0
48	67	1.0
48	68	1.0
48	69	1.0
48	70	2.0
48	82	1.0
48	99	2.0
48	100	5.0
48	101	2.0
48	102	1.0
48	105	1.0
48	110	2.0
48	111	1.0
48	117	2.0
48	121	1.0
49	49	28.0
49	50	5.0
49	51	1.0
49	55	2.0
49	56	1.0
49	62	2.0
49	63	5.0
49	67	1.0
49	70	5.0
49	72	2.0
49	73	2.0
49	81	6.0
49	82	4.0
49	84	2.0
49	90	2.0
49	95	1.0
49	96	1.0
49	98	2.0
49	105	2.0
49	112	2.0
49	141	1.0
50	50	26.0
50	51	6.0
50	52	8.0
50	60	1.0
50	61	4.0
50	63	4.0
50	65	1.0
50	67	1.0
50	70	2.0
50	73	1.0
50	74	5.0
50	75	1.0
50	80	4.0
50	81	2.0
50	82	3.0
50	84	1.0
50	99	4.0
50	141	1.0
51	51	21.0
51	52	5.0
51	54	2.0
51	57	1.0
51	60	1.0
51	61	1.0
51	68	1.0
51	76	1.0
51	81	1.0
51	82	1.0
51	85	1.0
51	100	2.0
52	52	17.0
52	53	5.0
52	54	5.0
52	55	3.0
52	58	1.0
52	59	2.0
52	60	2.0
52	61	3.0
52	69	1.0
52	77	2.0
52	82	1.0
52	83	1.0
52	85	1.0
52	100	1.0
52	111	1.0
52	156	1.0
53	53	31.0
53	54	4.0
53	61	3.0
53	84	1.0
53	99	5.0
53	100	1.0
53	117	2.0
53	118	1.0
53	122	1.0
54	54	18.0
54	55	7.0
54	56	1.0
54	58	3.0
54	60	7.0
54	63	1.0
54	74	2.0
54	96	1.0
54	102	3.0
54	103	1.0
54	146	1.0
54	152	1.0
55	55	17.0
55	56	5.0
55	57	2.0
55	58	1.0
55	60	2.0
55	61	1.0
55	62	1.0
55	63	3.0
55	64	1.0
55	65	1.0
55	66	2.0
55	70	1.0
55	73	4.0
55	82	1.0
55	83	1.0
55	85	4.0
55	88	1.0
55	96	1.0
55	98	6.0
55	99	2.0
55	100	1.0
55	105	1.0
55	121	2.0
55	129	4.0
56	56	29.0
56	57	7.0
56	58	3.0
56	60	1.0
56	62	2.0
56	68	1.0
56	98	3.0
56	100	3.0
56	101	1.0
57	57	18.0
57	58	10.0
57	59	1.0
57	60	5.0
57	66	1.0
57	67	3.0
57	74	3.0
57	82	1.0
57	83	2.0
57	94	4.0
57	131	2.0
58	58	22.0
58	59	4.0
58	60	3.0
58	63	1.0
58	65	1.0
58	68	2.0
58	82	2.0
58	94	1.0
58	103	2.0
58	153	2.0
59	59	38.0
59	60	3.0
59	66	1.0
59	71	2.0
59	80	1.0
59	85	1.0
59	86	1.0
59	94	2.0
59	95	1.0
59	100	1.0
59	101	1.0
59	107	1.0
59	134	1.0
59	153	2.0
59	155	1.0
60	60	23.0
60	61	3.0
60	62	2.0
60	63	1.0
60	68	1.0
60	73	2.0
60	83	1.0
60	86	1.0
60	100	5.0
60	104	4.0
60	105	3.0
60	130	3.0
60	132	1.0
60	134	1.0
60	146	1.0
60	152	2.0
60	181	1.0
61	61	29.0
61	62	7.0
61	70	2.0
61	80	1.0
61	81	1.0
61	82	2.0
61	83	1.0
61	99	1.0
61	100	3.0
61	101	3.0
61	102	3.0
61	103	2.0
61	104	2.0
61	105	2.0
61	122	1.0
61	129	1.0
61	130	1.0
61	141	5.0
62	62	26.0
62	63	2.0
62	65	2.0
62	67	1.0
62	68	2.0
62	69	1.0
62	70	5.0
62	72	1.0
62	98	3.0
62	99	1.0
62	100	6.0
62	101	1.0
62	110	3.0
62	121	1.0
62	130	1.0
62	136	1.0
62	141	1.0
62	151	2.0
62	156	1.0
62	157	5.0
63	63	16.0
63	64	17.0
63	72	2.0
63	86	2.0
63	104	4.0
63	136	2.0
63	141	1.0
63	153	1.0
64	64	25.0
64	65	7.0
64	66	2.0
64	70	2.0
64	71	3.0
64	84	1.0
64	86	1.0
64	94	1.0
64	98	1.0
64	99	1.0
64	124	2.0
64	136	3.0
65	65	17.0
65	66	11.0
65	68	4.0
65	70	1.0
65	71	2.0
65	84	2.0
65	85	3.0
65	87	4.0
65	88	1.0
65	98	5.0
65	99	1.0
65	100	1.0
65	101	1.0
65	121	1.0
65	124	1.0
65	127	1.0
65	130	1.0
65	131	1.0
66	66	18.0
66	67	2.0
66	70	1.0
66	71	6.0
66	72	2.0
66	87	2.0
66	94	2.0
66	95	1.0
66	98	6.0
66	99	1.0
66	105	1.0
67	67	32.0
67	68	1.0
67	69	1.0
67	70	2.0
67	71	1.0
67	72	3.0
67	74	7.0
67	75	2.0
67	76	4.0
67	77	1.0
68	68	18.0
68	69	1.0
68	70	2.0
68	71	3.0
68	72	1.0
68	73	1.0
68	74	1.0
68	75	4.0
68	76	5.0
68	90	1.0
68	92	6.0
68	99	2.0
68	101	2.0
68	102	2.0
68	103	1.0
68	105	1.0
68	113	2.0
68	130	1.0
68	141	1.0
69	69	24.0
69	70	9.0
69	73	1.0
69	74	2.0
69	75	3.0
69	76	3.0
69	87	7.0
69	88	1.0
69	101	2.0
69	102	1.0
69	110	1.0
69	111	1.0
69	113	1.0
69	117	1.0
69	127	2.0
69	141	1.0
70	70	29.0
70	71	4.0
70	72	1.0
70	75	2.0
70	87	4.0
70	89	1.0
70	92	1.0
70	93	1.0
70	98	1.0
70	99	1.0
70	100	1.0
70	105	1.0
70	111	1.0
70	113	1.0
70	126	2.0
71	71	29.0
71	72	5.0
71	74	2.0
71	78	1.0
71	86	1.0
71	87	1.0
71	91	5.0
71	92	1.0
71	94	1.0
71	98	4.0
71	99	4.0
71	105	3.0
71	130	1.0
72	72	29.0
72	73	2.0
72	74	2.0
72	76	1.0
72	77	1.0
72	78	1.0
72	79	1.0
72	80	2.0
72	86	1.0
72	91	1.0
72	104	2.0
72	105	2.0
72	107	2.0
72	111	2.0
72	112	1.0
72	121	1.0
72	125	1.0
72	130	1.0
72	133	1.0
72	136	1.0
72	147	3.0
72	148	1.0
72	191	2.0
73	73	27.0
73	74	1.0
73	75	1.0
73	76	6.0
73	77	10.0
73	78	1.0
73	79	3.0
73	80	2.0
73	83	1.0
73	89	3.0
73	98	2.0
73	99	1.0
73	103	1.0
73	105	1.0
73	108	1.0
73	111	2.0
73	112	6.0
73	113	2.0
73	118	2.0
73	119	4.0
73	123	1.0
73	124	4.0
73	125	1.0
73	126	1.0
73	165	1.0
74	74	27.0
74	75	4.0
74	76	3.0
74	84	4.0
74	85	1.0
74	93	1.0
74	99	2.0
74	103	2.0
74	105	1.0
74	111	4.0
74	112	1.0
74	113	3.0
75	75	24.0
75	76	13.0
75	77	9.0
75	78	3.0
75	79	1.0
75	84	1.0
75	85	1.0
75	87	3.0
75	92	1.0
75	98	1.0
75	99	1.0
75	105	1.0
75	106	2.0
75	107	1.0
75	108	1.0
75	109	1.0
75	110	1.0
75	113	3.0
75	124	4.0
75	126	1.0
75	127	1.0
75	128	1.0
75	137	3.0
75	139	1.0
75	145	1.0
75	146	2.0
75	147	5.0
75	159	1.0
76	76	34.0
76	77	8.0
76	80	1.0
76	89	1.0
76	99	1.0
76	106	5.0
76	107	1.0
76	111	1.0
76	113	1.0
76	116	2.0
76	119	4.0
76	123	1.0
76	124	5.0
76	125	9.0
76	126	2.0
76	128	1.0
76	137	3.0
76	138	1.0
76	149	3.0
76	151	1.0
76	158	2.0
76	166	2.0
77	77	19.0
77	78	2.0
77	79	6.0
77	80	1.0
77	102	1.0
77	106	3.0
77	107	3.0
77	108	3.0
77	109	2.0
77	110	3.0
77	111	1.0
77	113	1.0
77	116	9.0
77	118	2.0
77	124	1.0
77	125	3.0
77	130	1.0
77	132	1.0
77	141	1.0
77	143	4.0
77	147	1.0
78	78	29.0
78	79	6.0
78	85	1.0
78	86	1.0
78	109	2.0
78	110	4.0
78	111	1.0
78	112	1.0
78	113	4.0
78	114	3.0
78	117	6.0
78	118	1.0
78	143	1.0
79	79	29.0
79	80	4.0
79	86	2.0
79	104	2.0
79	105	1.0
79	106	3.0
79	108	1.0
79	109	2.0
79	110	4.0
79	117	3.0
79	124	2.0
79	125	2.0
79	143	1.0
80	80	22.0
80	81	8.0
80	82	4.0
80	83	3.0
80	84	1.0
80	85	1.0
80	92	1.0
80	96	2.0
80	99	1.0
80	100	2.0
80	101	1.0
80	109	1.0
80	114	1.0
80	115	5.0
80	116	1.0
80	117	2.0
80	118	1.0
80	123	1.0
80	124	1.0
80	125	1.0
80	143	2.0
80	166	2.0
81	81	3.0
81	82	6.0
81	85	1.0
81	95	2.0
81	96	3.0
81	98	2.0
81	99	2.0
81	103	1.0
81	113	3.0
81	114	10.0
81	115	8.0
81	121	1.0
81	122	2.0
81	130	1.0
81	143	2.0
81	148	4.0
81	149	1.0
81	163	1.0
81	165	1.0
81	166	1.0
82	82	21.0
82	83	1.0
82	85	3.0
82	99	1.0
82	100	2.0
82	103	2.0
82	115	3.0
82	116	1.0
82	125	1.0
82	129	1.0
82	165	3.0
82	166	2.0
83	83	22.0
83	84	3.0
83	85	4.0
83	86	1.0
83	88	3.0
83	89	3.0
83	90	1.0
83	91	2.0
83	96	1.0
83	98	2.0
83	99	1.0
83	103	1.0
83	104	1.0
83	119	1.0
83	120	1.0
83	121	2.0
83	122	3.0
83	123	2.0
83	125	1.0
83	129	6.0
83	131	1.0
83	165	2.0
83	166	3.0
84	84	34.0
84	85	3.0
84	86	1.0
84	88	3.0
84	92	1.0
84	96	1.0
84	98	1.0
84	99	1.0
84	100	2.0
84	101	1.0
84	103	1.0
84	120	1.0
84	121	1.0
84	122	2.0
84	124	2.0
84	125	1.0
84	126	2.0
84	130	2.0
84	131	1.0
85	85	5.0
85	86	4.0
85	88	1.0
85	91	1.0
85	94	1.0
85	96	1.0
85	98	3.0
85	100	3.0
85	102	1.0
85	103	1.0
85	106	1.0
85	107	1.0
85	112	1.0
85	114	1.0
85	118	2.0
85	120	1.0
85	122	3.0
85	124	1.0
85	125	1.0
85	127	1.0
85	129	5.0
85	130	3.0
85	147	1.0
85	149	2.0
85	191	1.0
86	86	34.0
86	87	1.0
86	99	1.0
86	105	1.0
86	121	1.0
86	129	2.0
87	87	36.0
87	88	7.0
87	89	1.0
87	127	2.0
87	129	3.0
87	130	5.0
88	88	22.0
88	89	8.0
88	90	1.0
88	91	1.0
88	96	2.0
88	99	2.0
88	117	2.0
88	120	4.0
88	121	1.0
88	123	2.0
88	127	2.0
88	128	11.0
88	129	2.0
88	130	1.0
88	135	2.0
88	137	2.0
88	140	1.0
88	158	2.0
88	164	1.0
89	89	24.0
89	100	2.0
89	103	2.0
89	116	2.0
89	119	1.0
89	120	2.0
89	122	1.0
89	123	1.0
89	126	5.0
89	127	7.0
89	128	1.0
89	129	2.0
89	130	2.0
89	135	1.0
89	140	2.0
89	158	5.0
89	160	1.0
89	165	1.0
89	169	1.0
90	90	38.0
90	91	5.0
90	92	4.0
90	93	1.0
90	95	3.0
90	96	4.0
90	98	3.0
90	99	1.0
90	122	2.0
90	127	7.0
90	128	5.0
90	132	1.0
91	91	25.0
91	92	9.0
91	93	4.0
91	95	1.0
91	96	1.0
91	99	1.0
91	103	1.0
91	120	5.0
91	121	1.0
91	123	2.0
91	127	2.0
91	129	1.0
91	131	1.0
91	135	1.0
91	172	1.0
92	92	26.0
92	93	12.0
92	95	8.0
92	96	5.0
92	103	1.0
92	132	6.0
92	135	1.0
93	93	26.0
93	94	3.0
93	95	4.0
93	96	9.0
93	129	2.0
93	131	3.0
93	132	2.0
93	135	1.0
93	181	3.0
94	94	33.0
94	95	3.0
94	96	3.0
94	97	5.0
94	129	1.0
94	131	3.0
95	95	29.0
95	96	19.0
95	98	1.0
95	121	6.0
95	122	1.0
95	131	4.0
95	132	6.0
96	96	17.0
96	97	3.0
96	103	1.0
96	120	2.0
96	121	2.0
96	122	2.0
96	129	3.0
96	130	1.0
96	131	5.0
97	97	40.0
97	98	3.0
97	121	10.0
97	125	2.0
97	158	1.0
97	160	1.0
98	98	7.0
98	99	11.0
98	100	4.0
98	103	1.0
98	116	1.0
98	120	2.0
98	121	2.0
98	122	2.0
98	123	4.0
98	126	5.0
98	127	1.0
98	158	3.0
99	99	31.0
99	100	5.0
99	101	2.0
99	103	1.0
99	123	4.0
99	124	3.0
99	125	2.0
99	126	1.0
99	129	1.0
99	157	1.0
99	158	1.0
100	100	17.0
100	101	7.0
100	102	6.0
100	103	3.0
100	104	1.0
100	110	1.0
100	111	1.0
100	118	2.0
100	119	1.0
100	124	1.0
100	125	1.0
100	126	1.0
100	127	1.0
100	129	4.0
100	132	2.0
100	141	1.0
100	166	2.0
101	101	27.0
101	102	7.0
101	103	4.0
101	112	1.0
101	117	2.0
101	132	1.0
101	134	5.0
101	136	1.0
101	141	6.0
101	174	3.0
102	102	21.0
102	103	9.0
102	104	3.0
102	105	2.0
102	108	1.0
102	112	1.0
102	117	1.0
102	118	2.0
102	123	1.0
102	124	1.0
102	134	1.0
102	136	1.0
102	141	4.0
102	143	1.0
102	146	3.0
102	155	1.0
102	157	5.0
102	173	1.0
102	177	1.0
103	103	19.0
103	104	6.0
103	105	1.0
103	108	1.0
103	109	4.0
103	125	3.0
103	127	2.0
103	131	2.0
103	140	3.0
103	143	1.0
103	146	3.0
103	166	1.0
103	173	1.0
104	104	25.0
104	105	6.0
104	106	5.0
104	107	5.0
104	108	2.0
104	109	1.0
104	110	2.0
104	111	2.0
104	112	6.0
104	124	2.0
104	125	1.0
104	131	1.0
104	133	3.0
104	135	1.0
104	139	4.0
104	141	1.0
104	142	2.0
104	146	3.0
105	105	21.0
105	106	5.0
105	107	2.0
105	110	1.0
105	111	2.0
105	112	1.0
105	116	4.0
105	118	1.0
105	126	1.0
105	128	2.0
105	132	1.0
105	133	2.0
105	142	1.0
105	149	1.0
105	150	1.0
105	157	1.0
105	159	2.0
105	168	1.0
106	106	20.0
106	107	5.0
106	108	6.0
106	109	4.0
106	110	1.0
106	111	1.0
106	124	3.0
106	126	1.0
106	128	1.0
106	130	1.0
106	133	1.0
106	137	1.0
106	138	3.0
106	139	1.0
106	140	2.0
106	142	6.0
106	143	7.0
106	144	2.0
106	145	6.0
106	146	1.0
106	147	1.0
106	157	2.0
106	159	1.0
106	168	3.0
106	169	1.0
107	107	17.0
107	108	4.0
107	109	4.0
107	110	5.0
107	111	5.0
107	112	5.0
107	123	1.0
107	124	4.0
107	125	1.0
107	134	3.0
107	138	2.0
107	139	3.0
107	140	1.0
107	145	2.0
107	146	1.0
107	147	1.0
107	148	4.0
107	157	1.0
107	162	1.0
107	166	2.0
107	167	1.0
107	174	2.0
107	175	4.0
107	176	7.0
107	177	1.0
107	187	2.0
107	191	1.0
107	192	7.0
107	193	1.0
108	108	30.0
108	109	8.0
108	110	1.0
108	111	1.0
108	114	2.0
108	118	1.0
108	132	1.0
108	137	1.0
108	139	1.0
108	140	1.0
108	142	5.0
108	143	2.0
108	145	2.0
108	148	5.0
108	150	1.0
108	151	3.0
108	152	1.0
108	157	1.0
108	169	4.0
108	173	2.0
108	175	5.0
108	188	3.0
108	190	2.0
108	191	1.0
108	193	2.0
109	109	35.0
109	110	6.0
109	111	6.0
109	113	5.0
109	118	1.0
109	132	2.0
109	134	3.0
109	139	2.0
109	140	5.0
109	142	2.0
109	143	2.0
109	144	1.0
109	145	2.0
109	148	3.0
109	149	1.0
109	150	5.0
109	152	4.0
109	153	1.0
109	166	3.0
109	167	2.0
109	173	3.0
109	174	3.0
109	178	1.0
109	181	1.0
109	185	1.0
109	186	1.0
109	187	2.0
109	188	3.0
110	110	16.0
110	111	9.0
110	113	2.0
110	116	1.0
110	118	1.0
110	124	1.0
110	141	1.0
110	143	5.0
110	149	1.0
110	150	3.0
110	151	2.0
110	157	1.0
110	165	4.0
110	169	1.0
111	111	22.0
111	112	3.0
111	114	2.0
111	115	1.0
111	116	1.0
111	118	1.0
111	133	1.0
111	136	1.0
111	140	2.0
111	141	2.0
111	142	1.0
111	147	2.0
111	148	2.0
111	151	1.0
111	163	1.0
111	165	1.0
111	174	1.0
111	190	1.0
111	191	2.0
112	112	28.0
112	114	6.0
112	116	1.0
112	118	1.0
112	139	2.0
112	142	2.0
112	148	5.0
112	149	1.0
112	150	1.0
112	159	1.0
112	166	2.0
112	168	1.0
113	113	32.0
113	114	5.0
113	115	11.0
113	116	2.0
113	117	1.0
113	122	1.0
113	140	2.0
113	141	4.0
113	143	2.0
113	148	1.0
113	149	7.0
113	160	1.0
113	163	2.0
113	164	1.0
113	169	1.0
113	189	1.0
114	114	19.0
114	115	8.0
114	118	2.0
114	119	1.0
114	133	1.0
114	137	2.0
114	138	1.0
114	139	1.0
114	141	4.0
114	142	3.0
114	148	5.0
114	149	5.0
114	150	4.0
114	159	1.0
114	162	1.0
114	165	1.0
114	166	1.0
114	168	2.0
114	169	1.0
114	175	1.0
114	184	5.0
114	188	1.0
114	189	1.0
115	115	25.0
115	116	4.0
115	119	2.0
115	125	1.0
115	129	1.0
115	139	2.0
115	140	3.0
115	141	3.0
115	142	3.0
115	143	2.0
115	161	2.0
115	162	2.0
115	163	5.0
115	164	1.0
115	166	6.0
115	168	1.0
115	169	1.0
115	170	1.0
115	184	3.0
115	188	2.0
115	189	2.0
116	116	31.0
116	117	5.0
116	122	2.0
116	124	1.0
116	126	1.0
116	133	2.0
116	137	1.0
116	139	8.0
116	140	2.0
116	141	3.0
116	143	2.0
116	150	1.0
117	117	22.0
117	118	3.0
117	120	1.0
117	133	1.0
117	137	2.0
117	138	6.0
117	139	2.0
117	141	1.0
117	143	2.0
117	147	1.0
117	160	1.0
118	118	15.0
118	119	6.0
118	122	3.0
118	123	2.0
118	125	1.0
118	126	1.0
118	133	1.0
118	138	6.0
118	139	4.0
118	140	1.0
118	145	1.0
118	149	1.0
118	157	4.0
118	158	2.0
118	159	2.0
118	160	5.0
118	161	1.0
118	164	1.0
118	165	1.0
118	166	1.0
118	174	1.0
119	119	16.0
119	120	5.0
119	121	1.0
119	122	4.0
119	125	1.0
119	138	1.0
119	149	1.0
119	158	2.0
119	159	1.0
119	161	1.0
119	165	4.0
120	120	28.0
120	121	5.0
120	122	4.0
120	128	2.0
120	129	1.0
120	130	2.0
120	137	1.0
120	138	3.0
120	139	1.0
120	158	3.0
120	164	1.0
120	165	2.0
121	121	35.0
121	122	4.0
121	125	1.0
121	126	2.0
121	127	2.0
121	129	1.0
121	130	1.0
121	158	1.0
121	159	2.0
121	160	2.0
121	165	1.0
122	122	17.0
122	123	8.0
122	125	1.0
122	126	2.0
122	128	1.0
122	129	1.0
122	131	1.0
122	134	1.0
122	137	1.0
122	149	1.0
122	151	1.0
122	157	1.0
122	158	1.0
122	159	1.0
122	160	1.0
122	163	3.0
122	164	7.0
122	165	2.0
122	166	1.0
122	167	1.0
122	188	1.0
123	123	31.0
123	124	6.0
123	125	2.0
123	126	2.0
123	127	1.0
123	128	2.0
123	130	2.0
123	138	4.0
123	139	1.0
123	145	1.0
123	150	3.0
123	158	1.0
123	159	1.0
123	160	1.0
123	162	1.0
123	163	1.0
123	188	4.0
124	124	22.0
124	125	5.0
124	126	2.0
124	130	3.0
124	136	2.0
124	137	1.0
124	151	1.0
124	158	1.0
124	163	3.0
124	164	4.0
124	165	4.0
125	125	16.0
125	126	8.0
125	127	1.0
125	132	2.0
125	134	1.0
125	145	1.0
125	149	4.0
125	151	2.0
125	157	1.0
125	160	2.0
125	161	1.0
125	163	2.0
125	165	3.0
125	166	4.0
125	177	1.0
125	178	1.0
126	126	27.0
126	127	11.0
126	128	1.0
126	134	1.0
126	135	10.0
126	136	5.0
126	137	1.0
126	138	1.0
126	139	1.0
126	145	1.0
126	151	6.0
126	157	1.0
126	158	10.0
126	160	3.0
126	161	1.0
126	165	1.0
127	127	20.0
127	128	6.0
127	129	3.0
127	130	2.0
127	132	1.0
127	135	8.0
127	136	3.0
127	158	8.0
127	160	2.0
127	172	1.0
128	128	21.0
128	129	1.0
128	130	2.0
128	132	2.0
128	133	2.0
128	136	2.0
128	151	3.0
129	129	21.0
129	130	11.0
129	131	1.0
129	149	1.0
129	165	2.0
130	130	28.0
131	131	34.0
131	132	3.0
131	133	1.0
131	167	1.0
132	132	31.0
132	133	8.0
132	135	5.0
132	166	1.0
132	167	1.0
132	168	1.0
132	172	2.0
132	190	1.0
133	133	39.0
133	134	2.0
133	140	2.0
133	141	1.0
133	145	2.0
133	148	1.0
133	149	4.0
133	150	3.0
133	166	1.0
133	174	4.0
133	176	3.0
133	177	1.0
133	191	1.0
134	134	21.0
134	135	2.0
134	136	1.0
134	140	4.0
134	143	7.0
134	144	1.0
134	145	1.0
134	148	1.0
134	151	2.0
134	152	1.0
134	155	4.0
134	167	3.0
134	169	1.0
134	170	2.0
134	173	1.0
134	174	7.0
134	176	3.0
134	177	1.0
135	135	32.0
135	136	1.0
135	144	1.0
135	149	2.0
135	151	4.0
135	152	2.0
135	157	2.0
135	160	1.0
135	166	1.0
135	172	4.0
135	174	2.0
135	175	1.0
135	179	2.0
135	181	1.0
135	182	7.0
135	191	1.0
136	136	36.0
136	137	6.0
136	147	2.0
136	149	1.0
136	150	1.0
136	151	3.0
136	152	1.0
136	157	1.0
136	163	1.0
136	165	2.0
136	179	1.0
136	185	1.0
136	186	2.0
137	137	19.0
137	138	4.0
137	139	2.0
137	140	2.0
137	141	2.0
137	143	1.0
137	144	1.0
137	145	2.0
137	146	6.0
137	147	2.0
137	149	2.0
137	150	3.0
137	151	1.0
137	156	1.0
137	158	4.0
137	159	3.0
137	160	1.0
137	163	3.0
137	166	1.0
137	169	3.0
137	170	1.0
137	174	2.0
137	175	2.0
137	176	2.0
137	186	5.0
137	187	2.0
137	188	2.0
138	138	27.0
138	139	3.0
138	140	1.0
138	141	1.0
138	144	2.0
138	145	3.0
138	148	5.0
138	157	1.0
138	158	4.0
138	159	2.0
138	160	1.0
138	166	1.0
138	167	1.0
138	168	1.0
138	169	4.0
138	172	1.0
138	175	2.0
138	188	1.0
138	193	2.0
138	194	4.0
139	139	15.0
139	140	4.0
139	142	1.0
139	145	4.0
139	146	5.0
139	147	4.0
139	151	4.0
139	157	2.0
139	158	1.0
139	160	2.0
139	166	3.0
139	167	1.0
139	168	3.0
139	172	5.0
139	173	3.0
139	175	2.0
139	176	1.0
139	188	2.0
140	140	14.0
140	141	4.0
140	142	2.0
140	143	1.0
140	144	1.0
140	145	6.0
140	146	1.0
140	147	2.0
140	150	1.0
140	157	1.0
140	161	2.0
140	162	1.0
140	166	2.0
140	167	1.0
140	169	4.0
140	172	1.0
140	173	2.0
140	174	4.0
140	176	1.0
140	187	1.0
140	188	1.0
140	190	2.0
141	141	16.0
141	142	3.0
141	148	2.0
141	150	2.0
141	151	2.0
141	154	1.0
141	155	2.0
141	160	1.0
141	170	2.0
142	142	23.0
142	143	4.0
142	148	2.0
142	152	1.0
142	159	1.0
142	161	1.0
142	166	3.0
142	167	1.0
142	168	1.0
142	169	8.0
142	175	7.0
142	188	2.0
142	195	1.0
143	143	15.0
143	144	3.0
143	145	2.0
143	148	1.0
143	152	1.0
143	166	2.0
143	167	4.0
143	168	1.0
143	169	1.0
143	170	1.0
143	173	1.0
143	174	1.0
143	176	3.0
143	177	1.0
143	178	3.0
143	183	1.0
143	188	4.0
143	189	1.0
143	194	1.0
144	144	26.0
144	145	2.0
144	146	3.0
144	147	1.0
144	151	4.0
144	153	6.0
144	154	4.0
144	155	1.0
144	156	3.0
144	158	1.0
144	160	1.0
144	161	2.0
144	162	10.0
144	167	1.0
144	172	6.0
144	175	2.0
144	176	2.0
144	177	1.0
144	178	2.0
144	181	2.0
144	184	1.0
144	185	2.0
144	188	1.0
144	190	2.0
144	193	2.0
144	195	1.0
145	145	11.0
145	146	8.0
145	147	2.0
145	153	1.0
145	167	2.0
145	168	1.0
145	171	1.0
145	172	3.0
145	173	4.0
145	174	3.0
145	175	5.0
145	176	8.0
145	177	6.0
145	188	3.0
145	190	1.0
145	194	1.0
145	195	1.0
146	146	25.0
146	147	1.0
146	149	2.0
146	155	1.0
146	166	1.0
146	169	2.0
146	175	9.0
146	176	1.0
146	177	2.0
146	178	1.0
146	181	1.0
146	184	1.0
146	185	2.0
146	193	4.0
147	147	22.0
147	148	4.0
147	149	5.0
147	152	1.0
147	178	2.0
147	184	1.0
147	185	2.0
147	186	1.0
147	187	1.0
147	191	2.0
147	192	1.0
147	193	2.0
148	148	17.0
148	149	3.0
148	150	7.0
148	152	4.0
148	158	1.0
148	161	1.0
148	164	1.0
148	166	2.0
148	167	1.0
148	168	4.0
148	169	2.0
148	173	1.0
148	175	2.0
148	178	1.0
148	187	1.0
148	190	3.0
148	191	8.0
148	192	2.0
149	149	26.0
149	150	8.0
149	151	1.0
149	157	1.0
149	164	5.0
149	165	1.0
149	166	3.0
149	167	1.0
149	179	4.0
149	187	1.0
149	191	2.0
150	150	22.0
150	151	9.0
150	152	1.0
150	157	4.0
150	159	4.0
150	162	3.0
150	163	4.0
150	164	2.0
150	169	1.0
150	170	1.0
150	187	2.0
150	188	5.0
150	189	2.0
150	190	1.0
150	191	3.0
150	193	1.0
151	151	24.0
151	152	6.0
151	156	1.0
151	157	1.0
151	159	1.0
151	160	1.0
151	161	1.0
151	163	4.0
151	164	1.0
151	165	3.0
151	166	4.0
151	170	4.0
151	172	3.0
151	175	4.0
151	178	2.0
151	181	1.0
152	152	42.0
152	153	5.0
152	165	1.0
152	166	1.0
152	178	2.0
152	179	1.0
152	181	5.0
152	191	3.0
152	192	1.0
153	153	30.0
153	154	6.0
153	155	1.0
153	177	1.0
153	181	7.0
153	182	7.0
153	185	2.0
153	190	4.0
154	154	14.0
154	155	4.0
154	174	1.0
154	177	1.0
154	178	2.0
154	181	3.0
154	185	1.0
155	155	29.0
155	156	5.0
155	161	1.0
155	165	1.0
155	177	2.0
155	180	1.0
155	181	1.0
156	156	25.0
156	157	8.0
156	159	2.0
156	161	3.0
156	162	1.0
156	163	1.0
156	165	2.0
156	170	2.0
156	171	3.0
156	172	1.0
156	179	3.0
156	180	3.0
156	191	3.0
157	157	30.0
157	158	4.0
157	159	4.0
157	162	3.0
157	169	2.0
157	170	1.0
157	189	2.0
157	191	2.0
157	192	5.0
158	158	20.0
158	159	1.0
158	161	2.0
158	163	1.0
158	167	2.0
158	169	1.0
158	170	3.0
158	173	5.0
158	178	1.0
158	184	3.0
158	185	3.0
158	189	6.0
158	190	1.0
158	191	2.0
159	159	15.0
159	160	5.0
159	162	1.0
159	166	1.0
159	167	1.0
159	168	1.0
159	169	7.0
159	170	1.0
159	171	1.0
159	179	1.0
159	186	2.0
159	188	4.0
159	189	2.0
159	190	6.0
159	191	3.0
159	192	3.0
159	193	1.0
160	160	4.0
160	161	1.0
160	162	1.0
160	164	2.0
160	165	3.0
160	169	1.0
160	186	2.0
160	188	1.0
160	189	2.0
160	190	2.0
161	161	8.0
161	162	9.0
161	169	1.0
161	172	1.0
161	177	1.0
161	179	1.0
161	180	2.0
161	184	8.0
161	185	2.0
161	186	1.0
161	187	2.0
161	188	6.0
161	189	7.0
161	190	1.0
161	191	1.0
162	162	19.0
162	163	6.0
162	166	1.0
162	173	3.0
162	174	1.0
162	177	2.0
162	182	1.0
162	183	3.0
162	184	3.0
162	185	1.0
162	186	4.0
162	187	4.0
162	188	2.0
162	189	4.0
162	191	1.0
162	193	1.0
163	163	22.0
163	164	11.0
163	165	4.0
163	183	3.0
163	184	2.0
163	187	1.0
163	188	1.0
163	189	3.0
164	164	37.0
164	165	11.0
164	183	1.0
164	184	2.0
164	187	4.0
164	189	7.0
165	165	35.0
165	166	2.0
165	170	1.0
166	166	24.0
166	167	14.0
166	168	1.0
166	174	1.0
166	175	3.0
166	178	2.0
166	181	1.0
166	188	3.0
166	191	2.0
166	193	4.0
167	167	33.0
167	168	8.0
167	170	2.0
167	174	7.0
167	175	2.0
167	176	1.0
167	178	2.0
167	183	4.0
167	186	1.0
167	188	1.0
167	189	2.0
167	190	2.0
167	193	4.0
168	168	36.0
168	169	4.0
168	170	1.0
168	190	2.0
168	191	2.0
168	192	6.0
168	193	4.0
168	194	3.0
169	169	31.0
169	170	4.0
169	175	1.0
169	189	2.0
169	191	1.0
169	192	3.0
169	193	5.0
169	194	6.0
170	170	32.0
170	175	2.0
170	178	3.0
170	179	2.0
170	185	1.0
170	189	2.0
170	190	1.0
170	191	2.0
170	192	1.0
171	171	21.0
171	172	5.0
171	173	4.0
171	176	1.0
171	179	2.0
171	180	1.0
171	184	5.0
171	185	1.0
172	172	27.0
172	173	9.0
172	176	1.0
172	177	1.0
172	181	1.0
172	182	5.0
172	185	1.0
172	189	3.0
172	194	1.0
173	173	14.0
173	174	3.0
173	176	1.0
173	178	1.0
173	184	1.0
173	193	1.0
173	194	3.0
174	174	23.0
174	175	8.0
174	176	5.0
174	177	4.0
174	178	1.0
174	186	1.0
174	194	6.0
175	175	22.0
175	176	3.0
175	177	2.0
175	185	1.0
175	187	5.0
175	188	1.0
175	190	1.0
175	192	2.0
175	193	3.0
175	195	1.0
176	176	24.0
176	177	6.0
176	182	2.0
176	184	2.0
176	185	4.0
176	188	1.0
176	192	1.0
176	194	5.0
176	195	3.0
177	177	26.0
177	178	1.0
177	184	1.0
177	185	7.0
177	188	2.0
177	192	4.0
177	195	2.0
178	178	12.0
178	179	7.0
178	180	1.0
178	181	3.0
178	185	3.0
178	191	1.0
178	192	3.0
178	194	4.0
178	195	1.0
179	179	35.0
179	180	2.0
179	181	2.0
179	185	8.0
179	191	1.0
179	194	1.0
180	180	37.0
180	181	4.0
180	182	2.0
180	184	4.0
180	191	2.0
181	181	34.0
181	182	1.0
181	184	1.0
181	188	1.0
182	182	42.0
182	183	8.0
182	184	6.0
182	185	4.0
182	190	3.0
183	183	40.0
183	184	1.0
183	185	1.0
183	186	1.0
183	189	1.0
183	190	3.0
184	184	31.0
184	185	10.0
184	186	1.0
184	187	1.0
184	189	1.0
184	191	1.0
184	193	5.0
185	185	35.0
185	186	21.0
185	187	5.0
185	189	3.0
185	190	2.0
185	191	3.0
185	192	7.0
185	193	1.0
185	194	1.0
186	186	47.0
186	187	14.0
186	188	1.0
186	191	1.0
186	193	3.0
187	187	32.0
187	188	5.0
187	189	2.0
187	191	1.0
187	192	1.0
187	193	5.0
187	194	1.0
188	188	35.0
188	189	2.0
188	192	2.0
188	193	2.0
189	189	34.0
189	190	9.0
190	190	30.0
190	191	6.0
190	192	4.0
190	193	2.0
190	194	1.0
191	191	33.0
191	192	5.0
191	193	1.0
191	195	1.0
192	192	25.0
192	193	7.0
193	193	30.0
193	194	6.0
193	195	1.0
194	194	20.0
195	195	5.0
