3	3	6.0
3	4	10.0
3	5	1.0
3	6	6.0
3	7	3.0
3	8	5.0
3	10	1.0
3	11	1.0
3	16	2.0
3	19	1.0
3	25	2.0
3	28	1.0
3	29	1.0
3	50	1.0
4	4	12.0
4	5	8.0
4	6	5.0
4	7	2.0
4	9	1.0
4	10	1.0
4	11	2.0
4	12	3.0
4	25	3.0
4	26	1.0
4	27	2.0
5	5	8.0
5	6	9.0
5	7	5.0
5	9	1.0
5	11	1.0
5	12	2.0
5	15	2.0
5	30	1.0
6	6	4.0
6	7	2.0
6	9	1.0
6	10	5.0
6	11	3.0
6	12	4.0
6	13	1.0
6	14	2.0
6	27	1.0
6	30	1.0
6	37	1.0
7	11	2.0
7	13	1.0
7	15	1.0
7	17	3.0
7	19	1.0
7	30	1.0
8	11	1.0
8	12	2.0
8	14	1.0
8	17	1.0
8	27	1.0
9	11	1.0
9	17	1.0
10	10	11.0
10	11	7.0
10	12	7.0
10	13	4.0
10	14	2.0
10	15	3.0
10	25	1.0
11	11	7.0
11	12	4.0
11	13	3.0
11	14	3.0
11	15	1.0
11	16	1.0
11	23	1.0
11	24	1.0
11	25	1.0
11	26	2.0
11	31	1.0
11	33	1.0
11	37	1.0
11	40	1.0
12	12	7.0
12	13	10.0
12	14	5.0
12	15	1.0
12	16	4.0
12	17	1.0
12	18	2.0
12	19	6.0
12	23	2.0
12	24	1.0
12	33	2.0
12	40	1.0
12	74	1.0
13	13	5.0
13	14	4.0
13	15	3.0
13	16	6.0
13	17	2.0
13	18	3.0
13	23	2.0
13	24	1.0
13	29	1.0
13	36	1.0
13	39	1.0
13	42	1.0
13	66	1.0
14	14	3.0
14	15	1.0
14	16	2.0
14	17	3.0
14	18	3.0
14	19	3.0
14	23	4.0
14	24	3.0
14	25	3.0
14	26	1.0
14	29	4.0
14	30	1.0
14	34	1.0
14	74	1.0
15	15	5.0
15	16	10.0
15	17	3.0
15	18	3.0
15	19	3.0
15	20	1.0
15	24	3.0
15	25	2.0
15	26	2.0
15	28	3.0
15	30	2.0
15	33	1.0
15	56	1.0
15	66	3.0
16	16	7.0
16	17	11.0
16	18	11.0
16	19	3.0
16	21	1.0
16	22	1.0
16	23	5.0
16	24	1.0
16	25	1.0
16	29	1.0
16	30	1.0
16	36	2.0
16	39	1.0
16	48	1.0
16	54	1.0
16	57	1.0
17	17	5.0
17	18	15.0
17	19	3.0
17	22	1.0
17	23	3.0
17	27	1.0
17	29	1.0
17	31	1.0
17	34	1.0
17	35	1.0
17	36	1.0
17	39	1.0
17	47	1.0
17	54	1.0
17	71	1.0
18	18	10.0
18	19	17.0
18	20	2.0
18	21	1.0
18	23	3.0
18	24	1.0
18	25	1.0
18	28	1.0
18	31	1.0
18	32	1.0
18	33	2.0
18	37	1.0
18	38	1.0
18	57	1.0
18	58	1.0
18	62	1.0
18	63	1.0
18	66	1.0
18	68	1.0
18	70	1.0
18	71	1.0
18	72	1.0
18	75	4.0
18	76	1.0
18	110	1.0
19	19	7.0
19	20	1.0
19	23	3.0
19	24	5.0
19	25	1.0
19	26	5.0
19	29	1.0
19	34	3.0
19	36	2.0
19	38	1.0
19	52	1.0
19	58	2.0
19	59	1.0
19	60	2.0
19	70	1.0
19	72	1.0
19	73	1.0
19	74	2.0
19	75	1.0
20	58	1.0
20	78	1.0
21	24	1.0
21	33	1.0
21	37	1.0
21	57	1.0
21	74	1.0
22	24	1.0
22	45	1.0
23	23	5.0
23	24	1.0
23	25	3.0
23	26	1.0
23	27	2.0
23	28	1.0
23	30	1.0
23	33	1.0
23	34	1.0
23	35	3.0
23	36	3.0
23	37	1.0
23	38	1.0
23	52	2.0
23	57	1.0
23	58	1.0
23	60	1.0
23	62	1.0
23	63	1.0
23	65	1.0
24	24	8.0
24	25	7.0
24	26	2.0
24	27	7.0
24	28	9.0
24	29	2.0
24	30	1.0
24	31	1.0
24	33	1.0
24	34	1.0
24	35	6.0
24	37	2.0
24	38	1.0
24	49	1.0
24	51	1.0
24	54	1.0
24	56	2.0
24	57	4.0
24	60	1.0
24	61	1.0
24	62	3.0
24	63	1.0
24	64	2.0
24	65	1.0
24	66	1.0
24	67	1.0
24	68	1.0
24	131	1.0
25	25	8.0
25	26	4.0
25	27	13.0
25	28	7.0
25	29	7.0
25	30	8.0
25	31	2.0
25	32	1.0
25	33	1.0
25	34	1.0
25	35	4.0
25	36	4.0
25	37	1.0
25	38	1.0
25	39	2.0
25	40	1.0
25	98	1.0
26	26	6.0
26	27	8.0
26	28	12.0
26	29	6.0
26	30	5.0
26	31	2.0
26	32	1.0
26	33	1.0
26	34	5.0
26	35	5.0
26	37	2.0
26	38	2.0
26	47	2.0
26	52	1.0
26	56	1.0
26	58	1.0
27	27	14.0
27	28	12.0
27	29	8.0
27	30	5.0
27	31	1.0
27	32	3.0
27	33	4.0
27	34	3.0
27	35	1.0
27	36	2.0
28	28	15.0
28	29	4.0
28	30	9.0
28	31	5.0
28	33	1.0
28	34	1.0
28	35	2.0
28	38	2.0
28	48	1.0
28	51	2.0
28	52	1.0
28	55	1.0
28	64	1.0
29	29	6.0
29	30	6.0
29	31	5.0
29	32	2.0
29	33	6.0
29	34	10.0
29	35	3.0
29	36	1.0
29	37	5.0
29	41	1.0
29	44	1.0
29	46	2.0
29	47	1.0
29	48	6.0
29	49	1.0
29	50	1.0
29	51	1.0
29	52	2.0
29	56	1.0
30	30	14.0
30	31	8.0
30	32	5.0
30	33	8.0
30	34	4.0
30	35	5.0
30	37	2.0
30	38	1.0
30	39	1.0
30	44	1.0
30	46	3.0
30	53	1.0
30	57	1.0
31	31	4.0
31	33	5.0
31	34	4.0
31	35	2.0
31	36	3.0
31	37	2.0
31	39	2.0
31	40	5.0
31	42	4.0
31	43	1.0
31	45	1.0
31	46	1.0
31	47	3.0
31	53	1.0
31	59	1.0
31	66	1.0
32	37	4.0
32	40	1.0
33	33	9.0
33	34	8.0
33	35	1.0
33	36	4.0
33	37	1.0
33	38	1.0
33	45	1.0
33	46	2.0
33	47	2.0
33	48	1.0
33	49	1.0
33	58	1.0
34	34	15.0
34	35	2.0
34	36	4.0
34	37	4.0
34	39	1.0
34	41	1.0
34	43	2.0
34	45	1.0
34	46	6.0
34	47	4.0
34	49	2.0
34	57	1.0
35	35	18.0
35	36	3.0
35	37	7.0
35	38	6.0
35	39	3.0
35	40	5.0
35	41	4.0
35	42	3.0
35	43	1.0
35	44	3.0
35	45	1.0
35	46	3.0
35	48	1.0
35	56	1.0
35	60	1.0
35	61	1.0
36	36	12.0
36	37	7.0
36	38	3.0
36	39	3.0
36	40	1.0
36	41	2.0
36	42	3.0
36	43	1.0
36	44	2.0
36	45	2.0
36	47	3.0
36	48	2.0
36	49	2.0
36	50	7.0
36	52	4.0
36	53	1.0
36	54	2.0
36	55	2.0
36	57	1.0
36	58	4.0
36	61	2.0
36	62	1.0
36	63	3.0
37	37	7.0
37	39	8.0
37	40	6.0
37	44	1.0
37	45	2.0
37	47	2.0
37	48	2.0
37	49	5.0
37	50	3.0
37	53	1.0
37	56	1.0
37	57	1.0
37	59	1.0
37	61	2.0
37	76	2.0
37	82	1.0
38	38	3.0
38	39	3.0
38	40	4.0
38	41	5.0
38	42	1.0
38	43	1.0
38	45	3.0
38	46	2.0
38	48	1.0
38	51	1.0
38	52	1.0
38	56	1.0
38	76	1.0
39	39	5.0
39	40	12.0
39	41	4.0
39	42	1.0
39	43	1.0
39	44	2.0
39	45	1.0
39	48	1.0
39	57	1.0
39	60	2.0
39	61	2.0
39	71	1.0
39	109	1.0
39	113	1.0
39	117	1.0
39	121	1.0
40	40	6.0
40	41	13.0
40	42	12.0
40	43	9.0
40	44	9.0
40	45	2.0
40	47	1.0
40	49	3.0
40	51	3.0
40	56	1.0
40	57	2.0
40	58	1.0
40	61	3.0
40	72	1.0
40	76	1.0
40	107	1.0
40	112	1.0
40	116	1.0
41	41	6.0
41	42	8.0
41	43	9.0
41	44	8.0
41	45	2.0
41	46	1.0
41	48	2.0
41	49	1.0
41	50	2.0
41	52	2.0
41	54	1.0
41	56	1.0
41	61	3.0
41	62	1.0
41	102	1.0
41	143	1.0
41	144	1.0
42	42	8.0
42	43	5.0
42	44	9.0
42	45	2.0
42	46	8.0
42	47	2.0
42	48	1.0
42	50	1.0
42	55	1.0
42	57	1.0
42	59	1.0
42	61	2.0
42	141	1.0
42	144	1.0
42	145	1.0
43	43	12.0
43	44	14.0
43	45	15.0
43	46	16.0
43	47	2.0
43	48	7.0
43	49	2.0
43	50	1.0
43	51	3.0
43	130	1.0
43	138	1.0
44	44	9.0
44	45	2.0
44	46	6.0
44	48	2.0
44	49	3.0
44	51	2.0
44	52	1.0
44	53	1.0
44	55	1.0
44	57	1.0
44	58	4.0
44	61	3.0
44	72	1.0
44	73	1.0
44	83	1.0
44	115	1.0
44	117	1.0
44	121	1.0
45	45	5.0
45	46	7.0
45	47	7.0
45	48	6.0
45	49	8.0
45	50	5.0
45	51	4.0
45	52	2.0
45	53	1.0
45	55	2.0
45	58	2.0
45	59	1.0
45	60	1.0
45	61	4.0
45	62	1.0
45	72	1.0
45	74	1.0
45	78	1.0
45	83	1.0
45	118	1.0
46	46	25.0
46	47	7.0
46	48	8.0
46	49	2.0
46	50	6.0
46	51	3.0
46	52	2.0
46	53	3.0
46	54	3.0
46	55	1.0
46	56	1.0
46	57	2.0
46	58	1.0
46	59	1.0
46	62	1.0
46	67	1.0
46	74	1.0
46	75	1.0
46	76	2.0
46	142	1.0
47	47	15.0
47	48	10.0
47	49	5.0
47	51	3.0
47	52	2.0
47	53	3.0
47	54	3.0
47	55	3.0
47	56	5.0
47	57	1.0
47	58	1.0
47	59	1.0
48	48	17.0
48	49	18.0
48	50	3.0
48	51	4.0
48	52	3.0
48	53	3.0
48	54	4.0
48	55	3.0
48	56	1.0
48	57	2.0
48	59	1.0
48	61	1.0
48	76	2.0
49	49	21.0
49	50	7.0
49	51	4.0
49	52	2.0
49	53	3.0
49	54	8.0
49	55	12.0
49	56	10.0
49	57	4.0
49	58	3.0
49	59	1.0
49	60	2.0
49	61	1.0
49	63	1.0
49	74	1.0
49	78	1.0
49	85	1.0
49	114	1.0
49	122	1.0
50	50	3.0
50	51	7.0
50	52	5.0
50	53	3.0
50	54	7.0
50	55	4.0
50	56	5.0
50	57	5.0
50	59	2.0
50	60	2.0
50	61	2.0
50	62	1.0
50	66	2.0
50	67	1.0
50	74	1.0
50	75	1.0
50	76	1.0
50	77	1.0
50	78	2.0
51	51	12.0
51	52	10.0
51	53	5.0
51	54	7.0
51	55	4.0
51	56	11.0
51	57	3.0
51	58	1.0
51	59	2.0
51	61	2.0
51	63	1.0
51	64	1.0
51	65	4.0
51	66	3.0
51	67	1.0
51	70	3.0
51	73	1.0
51	74	1.0
51	75	3.0
51	76	2.0
51	78	1.0
51	83	1.0
51	84	1.0
51	111	1.0
51	141	1.0
52	52	5.0
52	53	6.0
52	54	12.0
52	55	5.0
52	56	6.0
52	57	6.0
52	58	6.0
52	59	1.0
52	60	7.0
52	61	1.0
52	62	2.0
52	63	1.0
52	65	3.0
52	66	2.0
52	67	1.0
52	72	1.0
52	73	2.0
52	74	2.0
52	75	3.0
52	77	2.0
52	78	2.0
52	82	1.0
53	53	6.0
53	54	8.0
53	55	9.0
53	56	9.0
53	57	12.0
53	58	6.0
53	59	2.0
53	60	1.0
53	62	3.0
53	64	3.0
53	66	3.0
53	67	5.0
53	68	1.0
53	76	4.0
53	77	2.0
53	78	3.0
54	54	21.0
54	55	4.0
54	56	7.0
54	57	8.0
54	58	7.0
54	59	2.0
54	61	1.0
54	63	1.0
54	64	1.0
54	65	1.0
54	66	3.0
54	68	1.0
54	71	1.0
54	111	1.0
54	117	1.0
55	55	12.0
55	56	6.0
55	57	3.0
55	58	3.0
55	59	1.0
55	60	2.0
55	61	4.0
55	62	3.0
55	63	2.0
55	64	3.0
55	65	2.0
55	66	8.0
55	67	2.0
55	75	1.0
55	81	2.0
55	85	1.0
55	116	1.0
56	56	11.0
56	57	5.0
56	58	3.0
56	60	3.0
56	61	2.0
56	62	3.0
56	63	1.0
56	64	2.0
56	65	1.0
56	67	2.0
56	68	1.0
56	70	2.0
56	71	1.0
56	76	2.0
56	78	1.0
56	84	1.0
57	57	10.0
57	58	8.0
57	60	5.0
57	61	6.0
57	62	3.0
57	63	1.0
57	64	2.0
57	65	3.0
57	66	6.0
57	67	4.0
57	68	2.0
57	70	1.0
57	71	1.0
57	72	2.0
57	73	2.0
57	74	1.0
57	76	1.0
57	84	1.0
57	109	1.0
57	113	2.0
57	121	1.0
57	128	1.0
58	58	14.0
58	59	1.0
58	60	4.0
58	61	3.0
58	62	6.0
58	63	4.0
58	64	1.0
58	65	4.0
58	66	1.0
58	68	3.0
58	70	1.0
58	73	2.0
58	74	3.0
58	75	1.0
58	77	2.0
58	78	1.0
58	84	1.0
59	59	2.0
59	60	4.0
59	61	6.0
59	63	2.0
59	64	2.0
59	67	2.0
59	68	1.0
59	69	3.0
59	71	2.0
59	73	1.0
59	74	1.0
59	84	1.0
59	85	1.0
59	93	1.0
60	60	9.0
60	61	8.0
60	62	2.0
60	63	1.0
60	65	5.0
60	66	1.0
60	68	3.0
60	69	4.0
60	70	2.0
60	71	3.0
60	72	3.0
60	73	2.0
60	75	4.0
60	76	3.0
60	77	1.0
60	81	1.0
60	103	1.0
60	112	1.0
60	113	2.0
61	61	6.0
61	62	5.0
61	63	1.0
61	64	1.0
61	65	3.0
61	66	3.0
61	67	2.0
61	68	1.0
61	69	4.0
61	70	2.0
61	71	1.0
61	72	3.0
61	75	2.0
61	77	2.0
61	78	1.0
61	80	2.0
61	82	2.0
61	83	1.0
61	84	1.0
61	103	1.0
61	107	1.0
61	113	3.0
61	114	2.0
62	62	5.0
62	63	8.0
62	64	6.0
62	65	6.0
62	66	5.0
62	67	3.0
62	68	6.0
62	69	4.0
62	70	4.0
62	71	4.0
62	73	1.0
62	74	1.0
62	75	1.0
62	76	1.0
62	80	1.0
62	81	2.0
62	83	1.0
62	84	2.0
62	85	2.0
62	86	1.0
62	96	1.0
62	112	1.0
62	113	1.0
62	114	1.0
62	116	1.0
63	63	4.0
63	64	7.0
63	65	7.0
63	66	6.0
63	67	14.0
63	68	7.0
63	69	2.0
63	70	4.0
63	71	1.0
63	72	4.0
63	73	3.0
63	74	1.0
63	76	2.0
63	78	1.0
63	81	1.0
63	82	4.0
63	83	1.0
63	84	6.0
63	85	5.0
63	86	1.0
63	87	1.0
63	88	1.0
63	109	1.0
63	111	3.0
63	112	1.0
63	113	2.0
63	114	1.0
63	128	4.0
63	135	1.0
64	64	14.0
64	65	19.0
64	66	8.0
64	67	8.0
64	68	6.0
64	69	2.0
64	70	2.0
64	71	2.0
64	72	5.0
64	73	7.0
64	79	1.0
64	81	3.0
64	84	3.0
64	85	2.0
64	87	2.0
64	93	1.0
65	65	8.0
65	66	8.0
65	67	7.0
65	68	7.0
65	69	6.0
65	70	4.0
65	71	2.0
65	72	1.0
65	73	2.0
65	74	1.0
65	75	1.0
65	76	1.0
65	81	2.0
65	83	1.0
65	84	2.0
65	85	1.0
65	86	1.0
65	87	4.0
66	66	11.0
66	67	5.0
66	68	11.0
66	69	3.0
66	70	5.0
66	71	3.0
66	72	2.0
66	73	4.0
66	75	1.0
66	78	1.0
66	80	1.0
66	81	1.0
66	82	1.0
66	85	1.0
66	86	2.0
66	88	1.0
66	106	1.0
66	113	1.0
67	67	16.0
67	68	17.0
67	69	6.0
67	70	4.0
67	71	4.0
67	72	1.0
67	73	1.0
67	74	1.0
67	75	1.0
67	76	3.0
67	77	2.0
67	78	2.0
67	79	1.0
67	81	2.0
67	82	1.0
67	83	3.0
67	84	6.0
67	85	3.0
67	86	2.0
67	88	1.0
67	91	1.0
67	92	1.0
68	68	10.0
68	69	7.0
68	70	8.0
68	71	1.0
68	72	5.0
68	73	4.0
68	75	1.0
68	78	1.0
68	79	1.0
68	80	1.0
68	81	2.0
68	82	1.0
68	84	2.0
68	86	1.0
68	99	1.0
68	123	1.0
69	69	11.0
69	70	14.0
69	71	6.0
69	72	4.0
69	73	4.0
69	74	2.0
69	77	1.0
69	80	2.0
69	81	2.0
69	82	2.0
69	84	5.0
69	85	3.0
69	86	1.0
69	87	1.0
69	88	1.0
69	89	1.0
69	93	1.0
69	95	2.0
69	99	1.0
70	70	9.0
70	71	10.0
70	72	6.0
70	73	6.0
70	74	3.0
70	76	1.0
70	78	1.0
70	80	1.0
70	81	2.0
70	84	1.0
70	85	1.0
70	86	2.0
70	87	2.0
70	88	2.0
70	89	1.0
70	92	2.0
70	93	2.0
70	95	1.0
70	96	1.0
70	98	1.0
70	99	1.0
70	101	1.0
71	71	6.0
71	72	11.0
71	73	5.0
71	74	1.0
71	75	4.0
71	76	1.0
71	77	2.0
71	79	3.0
71	80	2.0
71	81	1.0
71	82	1.0
71	83	4.0
71	84	2.0
71	85	1.0
71	86	1.0
71	91	2.0
71	93	2.0
71	97	1.0
71	99	2.0
71	100	2.0
71	101	1.0
71	103	1.0
71	109	1.0
72	72	7.0
72	73	13.0
72	74	10.0
72	75	3.0
72	76	3.0
72	77	2.0
72	78	8.0
72	79	5.0
72	80	2.0
72	81	1.0
72	82	1.0
72	83	5.0
72	85	4.0
72	86	1.0
72	87	1.0
72	88	3.0
72	89	1.0
72	91	1.0
72	92	1.0
72	93	1.0
72	112	3.0
73	73	8.0
73	74	13.0
73	75	6.0
73	76	5.0
73	77	3.0
73	78	10.0
73	79	5.0
73	80	12.0
73	81	2.0
73	82	2.0
73	83	1.0
73	84	3.0
73	85	3.0
73	90	1.0
73	91	1.0
73	101	1.0
73	103	1.0
73	119	1.0
74	74	11.0
74	75	12.0
74	76	9.0
74	77	10.0
74	78	7.0
74	79	4.0
74	80	1.0
74	81	1.0
74	82	5.0
74	83	6.0
74	84	1.0
74	85	1.0
74	90	2.0
74	101	1.0
74	102	2.0
74	103	3.0
74	116	1.0
74	137	1.0
75	75	5.0
75	76	9.0
75	77	10.0
75	78	11.0
75	79	5.0
75	80	1.0
75	81	3.0
75	82	2.0
75	83	1.0
75	84	2.0
75	85	1.0
75	86	4.0
75	88	1.0
75	103	1.0
75	107	2.0
75	108	3.0
75	109	1.0
75	110	2.0
75	113	2.0
75	115	1.0
75	116	1.0
75	117	1.0
75	136	1.0
76	76	9.0
76	77	4.0
76	78	6.0
76	79	3.0
76	80	6.0
76	81	1.0
76	82	2.0
76	83	1.0
76	85	1.0
76	86	1.0
76	92	1.0
76	103	1.0
76	107	5.0
76	109	1.0
76	110	1.0
76	112	1.0
76	134	1.0
76	136	1.0
77	77	6.0
77	78	15.0
77	79	13.0
77	80	6.0
77	81	4.0
77	82	4.0
77	84	1.0
77	86	1.0
77	88	2.0
77	89	2.0
77	92	3.0
77	93	1.0
77	101	1.0
77	102	1.0
77	103	1.0
77	104	2.0
77	108	1.0
77	109	2.0
77	113	1.0
77	116	1.0
77	118	1.0
78	78	12.0
78	79	14.0
78	80	4.0
78	81	3.0
78	82	3.0
78	83	4.0
78	84	4.0
78	85	3.0
78	88	4.0
78	89	4.0
78	90	1.0
78	106	1.0
78	107	2.0
78	108	1.0
78	109	1.0
78	112	1.0
78	113	1.0
78	114	1.0
79	79	12.0
79	80	10.0
79	81	10.0
79	82	5.0
79	83	2.0
79	84	3.0
79	85	4.0
79	86	4.0
79	87	3.0
79	88	4.0
79	89	1.0
79	90	3.0
79	93	3.0
79	94	1.0
79	107	1.0
79	109	1.0
79	110	1.0
79	112	1.0
79	114	1.0
80	80	15.0
80	81	13.0
80	82	13.0
80	83	7.0
80	84	2.0
80	85	1.0
80	86	3.0
80	87	2.0
80	88	2.0
80	91	2.0
80	92	2.0
80	93	3.0
80	95	1.0
81	81	5.0
81	82	12.0
81	83	6.0
81	84	5.0
81	85	4.0
81	86	8.0
81	87	5.0
81	88	3.0
81	89	1.0
81	90	2.0
81	92	3.0
81	93	2.0
81	95	1.0
81	101	1.0
81	103	2.0
81	104	2.0
81	114	1.0
81	116	6.0
81	117	1.0
81	118	1.0
81	121	1.0
81	123	1.0
81	128	1.0
82	82	6.0
82	83	9.0
82	84	6.0
82	85	8.0
82	86	5.0
82	87	4.0
82	88	5.0
82	89	2.0
82	90	1.0
82	92	1.0
82	93	1.0
82	95	2.0
82	109	1.0
82	113	1.0
82	115	1.0
82	116	1.0
82	117	1.0
82	118	1.0
82	125	1.0
82	138	1.0
83	83	7.0
83	84	7.0
83	85	7.0
83	86	3.0
83	87	1.0
83	88	1.0
83	89	3.0
83	90	2.0
83	92	2.0
83	93	3.0
83	95	2.0
83	98	1.0
83	100	1.0
83	102	2.0
83	103	1.0
83	109	4.0
83	110	2.0
83	115	1.0
83	117	2.0
83	118	1.0
83	125	1.0
83	129	1.0
84	84	6.0
84	85	5.0
84	86	19.0
84	87	2.0
84	88	8.0
84	89	4.0
84	91	1.0
84	92	2.0
84	93	3.0
84	94	5.0
84	95	5.0
84	99	1.0
84	101	1.0
84	103	2.0
84	112	1.0
84	115	1.0
84	117	1.0
85	85	14.0
85	86	12.0
85	87	5.0
85	88	3.0
85	89	4.0
85	90	2.0
85	91	4.0
85	92	2.0
85	93	2.0
85	94	1.0
85	95	2.0
85	108	1.0
85	112	1.0
85	122	1.0
85	125	2.0
85	128	1.0
86	86	15.0
86	87	6.0
86	88	3.0
86	89	3.0
86	90	3.0
86	91	2.0
86	92	1.0
86	93	1.0
86	95	2.0
86	103	1.0
86	110	5.0
86	111	1.0
86	114	1.0
86	123	1.0
86	125	1.0
86	137	1.0
87	87	7.0
87	88	8.0
87	89	6.0
87	90	10.0
87	91	11.0
87	92	5.0
87	93	3.0
87	94	6.0
87	95	2.0
87	96	7.0
87	97	1.0
87	99	1.0
87	100	2.0
87	107	1.0
87	110	1.0
87	113	4.0
87	114	1.0
87	120	1.0
88	88	18.0
88	89	8.0
88	90	11.0
88	91	9.0
88	92	3.0
88	93	10.0
88	94	3.0
88	95	1.0
88	96	3.0
88	99	1.0
88	100	1.0
88	101	1.0
88	102	1.0
88	108	2.0
88	111	1.0
89	89	8.0
89	90	14.0
89	91	9.0
89	92	3.0
89	93	8.0
89	94	8.0
89	95	3.0
89	96	2.0
89	97	2.0
89	102	1.0
89	103	1.0
89	105	1.0
89	107	1.0
89	110	2.0
89	111	2.0
89	112	1.0
89	113	2.0
89	120	2.0
89	132	1.0
90	90	7.0
90	91	9.0
90	92	4.0
90	93	3.0
90	94	2.0
90	95	1.0
90	96	1.0
90	99	2.0
90	100	3.0
90	101	3.0
90	102	4.0
90	103	1.0
90	104	1.0
90	106	2.0
90	107	1.0
90	109	3.0
90	110	1.0
90	111	2.0
90	113	2.0
90	124	1.0
91	91	11.0
91	92	14.0
91	93	7.0
91	94	9.0
91	95	7.0
91	96	4.0
91	97	1.0
91	98	2.0
91	99	2.0
91	103	1.0
91	104	2.0
91	107	1.0
91	112	2.0
91	113	1.0
91	114	1.0
91	120	2.0
92	92	12.0
92	93	14.0
92	94	13.0
92	95	3.0
92	96	3.0
92	97	5.0
92	98	4.0
92	99	2.0
92	100	3.0
92	103	1.0
92	104	1.0
92	108	2.0
92	111	1.0
92	112	2.0
92	113	2.0
92	115	1.0
92	118	1.0
93	93	6.0
93	94	9.0
93	95	13.0
93	96	6.0
93	97	2.0
93	98	3.0
93	99	4.0
93	101	5.0
93	110	1.0
93	112	1.0
93	113	1.0
93	120	1.0
94	94	8.0
94	95	8.0
94	96	5.0
94	97	3.0
94	98	4.0
94	99	4.0
94	100	5.0
94	101	5.0
94	102	2.0
94	103	6.0
94	104	2.0
94	105	1.0
94	107	3.0
94	109	2.0
94	110	2.0
94	111	1.0
94	112	2.0
94	113	1.0
94	114	1.0
94	120	2.0
94	124	1.0
94	125	2.0
95	95	8.0
95	96	9.0
95	97	3.0
95	98	2.0
95	99	4.0
95	100	4.0
95	101	7.0
95	103	2.0
95	104	1.0
95	106	1.0
95	107	2.0
95	112	2.0
95	113	2.0
95	124	2.0
95	125	2.0
95	128	1.0
96	96	18.0
96	97	16.0
96	98	7.0
96	99	4.0
96	100	5.0
96	101	6.0
96	102	3.0
96	103	1.0
96	105	2.0
96	107	3.0
96	108	1.0
96	113	1.0
96	129	1.0
97	97	15.0
97	98	14.0
97	99	10.0
97	100	6.0
97	101	2.0
97	102	1.0
97	103	1.0
97	105	2.0
97	106	1.0
97	107	1.0
97	108	2.0
97	113	2.0
97	130	2.0
98	98	12.0
98	99	19.0
98	100	7.0
98	101	2.0
98	102	1.0
98	103	2.0
98	104	1.0
98	105	5.0
98	107	1.0
98	112	1.0
98	113	1.0
98	119	2.0
98	120	3.0
98	124	2.0
98	125	3.0
98	127	1.0
98	129	4.0
98	131	1.0
98	132	2.0
98	134	1.0
99	99	12.0
99	100	10.0
99	101	9.0
99	102	5.0
99	103	1.0
99	104	6.0
99	105	4.0
99	107	2.0
99	109	4.0
99	112	1.0
99	119	2.0
99	120	1.0
99	122	1.0
99	125	1.0
99	126	1.0
99	128	2.0
99	129	2.0
99	131	1.0
99	135	1.0
99	138	1.0
100	100	16.0
100	101	8.0
100	102	9.0
100	103	9.0
100	104	4.0
100	105	3.0
100	106	3.0
100	112	1.0
100	120	2.0
100	121	1.0
100	124	2.0
100	126	1.0
100	128	2.0
100	129	1.0
100	137	1.0
101	101	11.0
101	102	4.0
101	103	5.0
101	104	3.0
101	105	2.0
101	106	1.0
101	107	1.0
101	108	1.0
101	109	1.0
101	112	2.0
101	118	1.0
102	102	11.0
102	103	13.0
102	104	3.0
102	105	4.0
102	106	5.0
102	107	4.0
102	108	3.0
102	112	1.0
102	113	1.0
102	115	1.0
102	116	1.0
102	117	2.0
102	126	1.0
102	127	1.0
102	129	1.0
102	136	1.0
102	137	4.0
102	138	2.0
102	142	1.0
102	144	1.0
103	103	9.0
103	104	11.0
103	105	6.0
103	106	3.0
103	107	1.0
103	108	2.0
103	109	7.0
103	110	3.0
103	111	2.0
103	112	1.0
103	113	3.0
103	114	1.0
103	115	1.0
103	116	2.0
103	117	1.0
103	123	3.0
103	125	2.0
103	126	1.0
103	127	2.0
103	138	1.0
104	104	6.0
104	105	11.0
104	106	4.0
104	107	1.0
104	108	4.0
104	110	1.0
104	111	1.0
104	112	2.0
104	113	5.0
104	115	2.0
104	116	1.0
104	117	1.0
104	118	2.0
104	122	1.0
104	124	2.0
104	125	4.0
104	126	4.0
104	128	1.0
104	129	1.0
104	130	1.0
104	137	2.0
104	141	1.0
105	105	7.0
105	106	3.0
105	107	3.0
105	108	4.0
105	109	4.0
105	110	1.0
105	112	3.0
105	114	4.0
105	115	1.0
105	117	1.0
105	118	2.0
105	120	1.0
105	121	1.0
105	122	1.0
105	124	2.0
105	125	5.0
105	126	2.0
105	128	1.0
105	130	2.0
105	131	1.0
105	134	1.0
106	106	6.0
106	107	11.0
106	108	4.0
106	109	3.0
106	110	4.0
106	112	2.0
106	113	1.0
106	114	2.0
106	116	1.0
106	118	1.0
106	122	1.0
106	123	1.0
106	124	2.0
106	125	1.0
106	126	2.0
106	128	1.0
107	107	5.0
107	108	5.0
107	109	10.0
107	110	5.0
107	111	2.0
107	112	3.0
107	113	4.0
107	114	1.0
107	115	4.0
107	119	2.0
107	120	1.0
107	123	2.0
107	125	1.0
107	126	2.0
107	127	1.0
107	128	1.0
107	129	1.0
108	108	7.0
108	109	5.0
108	110	4.0
108	111	1.0
108	112	5.0
108	114	4.0
108	115	1.0
108	117	1.0
108	118	1.0
108	119	2.0
108	123	1.0
108	125	3.0
108	126	1.0
108	137	1.0
109	109	5.0
109	110	8.0
109	111	8.0
109	112	3.0
109	113	2.0
109	114	2.0
109	115	5.0
109	116	5.0
109	117	3.0
109	118	2.0
109	119	6.0
109	120	1.0
109	121	1.0
109	122	1.0
109	123	1.0
109	124	2.0
109	125	1.0
109	127	1.0
109	128	2.0
109	129	1.0
109	132	1.0
109	133	1.0
109	136	2.0
109	141	1.0
109	142	1.0
110	110	7.0
110	111	10.0
110	112	14.0
110	113	3.0
110	114	3.0
110	115	4.0
110	116	2.0
110	117	7.0
110	118	1.0
110	119	1.0
110	120	2.0
110	121	2.0
110	123	3.0
110	124	3.0
110	128	2.0
110	134	1.0
110	135	1.0
111	111	12.0
111	112	20.0
111	113	12.0
111	114	11.0
111	115	4.0
111	116	2.0
111	117	5.0
111	118	4.0
111	119	1.0
111	121	1.0
111	122	1.0
111	123	2.0
111	124	2.0
112	112	17.0
112	113	10.0
112	114	6.0
112	115	10.0
112	116	1.0
112	117	5.0
112	118	1.0
112	119	1.0
112	120	2.0
112	121	6.0
112	122	1.0
112	123	1.0
112	124	1.0
112	130	1.0
112	137	1.0
112	141	1.0
113	113	15.0
113	114	14.0
113	115	2.0
113	116	1.0
113	117	1.0
113	119	1.0
113	121	1.0
113	122	2.0
113	123	4.0
113	124	3.0
113	125	1.0
113	126	1.0
113	128	1.0
113	129	1.0
113	137	1.0
114	114	10.0
114	115	9.0
114	116	1.0
114	117	2.0
114	118	3.0
114	120	1.0
114	121	1.0
114	124	3.0
114	128	1.0
114	139	1.0
115	115	11.0
115	116	13.0
115	117	17.0
115	118	3.0
115	119	7.0
115	120	10.0
115	121	5.0
115	122	5.0
115	123	1.0
115	125	2.0
115	126	1.0
115	130	1.0
115	132	1.0
115	138	1.0
115	141	1.0
116	116	12.0
116	117	17.0
116	118	11.0
116	119	5.0
116	120	2.0
116	121	8.0
116	122	1.0
116	123	1.0
116	126	1.0
116	128	3.0
116	130	1.0
116	133	1.0
116	138	1.0
116	140	1.0
116	141	2.0
116	142	1.0
116	144	1.0
117	117	8.0
117	118	19.0
117	119	7.0
117	120	3.0
117	121	3.0
117	122	3.0
117	129	2.0
117	133	1.0
117	134	1.0
117	136	3.0
117	137	1.0
117	138	3.0
117	139	1.0
117	140	1.0
117	141	1.0
117	143	1.0
117	144	2.0
117	145	2.0
118	118	16.0
118	119	10.0
118	120	7.0
118	121	7.0
118	122	5.0
118	123	2.0
118	124	1.0
118	125	1.0
118	126	4.0
118	127	2.0
118	129	3.0
118	130	1.0
118	132	1.0
118	133	2.0
118	134	1.0
118	135	4.0
118	136	2.0
118	137	1.0
118	138	4.0
118	139	1.0
118	140	2.0
118	141	4.0
118	142	2.0
118	143	1.0
118	144	1.0
119	119	12.0
119	120	10.0
119	121	3.0
119	122	5.0
119	123	4.0
119	124	1.0
119	125	2.0
119	128	2.0
119	129	1.0
119	131	1.0
119	132	1.0
119	133	1.0
119	134	1.0
119	135	1.0
119	137	2.0
119	138	1.0
119	143	1.0
120	120	11.0
120	121	3.0
120	122	8.0
120	123	6.0
120	124	7.0
120	125	4.0
120	127	2.0
120	128	1.0
120	129	4.0
120	130	2.0
120	131	1.0
120	132	7.0
120	133	4.0
120	134	3.0
120	135	3.0
120	138	1.0
120	139	1.0
120	140	2.0
120	141	2.0
121	121	9.0
121	122	16.0
121	123	4.0
121	124	4.0
121	125	2.0
121	126	6.0
121	128	2.0
121	130	2.0
121	132	1.0
121	134	2.0
121	135	2.0
121	137	3.0
121	138	5.0
121	144	2.0
122	122	12.0
122	123	16.0
122	124	10.0
122	125	3.0
122	126	5.0
122	127	2.0
122	128	2.0
122	129	2.0
122	130	4.0
122	131	1.0
122	132	1.0
122	133	3.0
122	134	5.0
122	135	6.0
122	137	3.0
122	138	4.0
122	141	1.0
122	142	2.0
122	143	3.0
123	123	4.0
123	124	19.0
123	125	7.0
123	126	7.0
123	127	2.0
123	128	5.0
123	129	2.0
123	130	3.0
123	131	3.0
123	132	3.0
123	133	5.0
123	134	4.0
123	135	2.0
123	136	1.0
123	140	1.0
123	141	1.0
123	142	1.0
124	124	23.0
124	125	14.0
124	126	13.0
124	127	4.0
124	128	4.0
124	129	3.0
124	130	6.0
124	131	6.0
124	132	3.0
124	135	3.0
124	137	1.0
124	143	1.0
125	125	15.0
125	126	11.0
125	127	11.0
125	128	7.0
125	129	4.0
125	130	2.0
125	131	3.0
125	132	4.0
125	134	1.0
125	135	2.0
125	136	1.0
125	137	2.0
125	138	1.0
125	139	1.0
125	141	1.0
125	142	1.0
125	143	1.0
126	126	9.0
126	127	7.0
126	128	8.0
126	129	6.0
126	130	3.0
126	131	5.0
126	132	3.0
126	133	3.0
126	136	1.0
126	138	1.0
126	145	1.0
127	127	9.0
127	128	7.0
127	129	8.0
127	130	6.0
127	131	5.0
127	132	1.0
127	136	2.0
127	137	2.0
127	138	1.0
127	140	1.0
127	142	2.0
127	143	1.0
128	128	7.0
128	129	6.0
128	130	3.0
128	131	2.0
128	132	2.0
128	134	2.0
128	136	1.0
128	137	2.0
128	138	1.0
128	141	2.0
128	142	2.0
128	143	2.0
128	144	1.0
128	145	3.0
129	129	7.0
129	130	13.0
129	131	10.0
129	132	8.0
129	133	8.0
129	134	4.0
129	135	3.0
129	136	13.0
129	137	12.0
129	138	8.0
129	139	1.0
129	140	5.0
129	142	2.0
129	143	2.0
130	130	4.0
130	131	11.0
130	132	12.0
130	133	4.0
130	134	8.0
130	135	2.0
130	136	2.0
130	137	4.0
130	138	5.0
130	139	3.0
130	140	2.0
130	144	1.0
131	131	8.0
131	132	18.0
131	133	4.0
131	134	4.0
131	135	2.0
131	136	10.0
131	137	6.0
131	138	1.0
131	139	3.0
131	140	1.0
131	142	1.0
131	143	1.0
131	145	2.0
132	132	8.0
132	133	11.0
132	134	4.0
132	135	5.0
132	136	6.0
132	137	7.0
132	139	5.0
132	140	6.0
132	141	2.0
132	142	1.0
132	143	1.0
132	144	2.0
132	145	2.0
133	133	17.0
133	134	7.0
133	135	14.0
133	136	2.0
133	138	4.0
133	139	3.0
133	140	8.0
133	141	3.0
133	143	3.0
134	134	8.0
134	135	14.0
134	136	7.0
134	137	2.0
134	138	6.0
134	139	2.0
134	141	6.0
134	142	2.0
134	143	4.0
134	144	3.0
135	135	19.0
135	136	18.0
135	137	6.0
135	138	6.0
135	139	10.0
135	140	2.0
135	141	1.0
135	142	2.0
135	143	1.0
135	145	3.0
136	136	14.0
136	137	10.0
136	138	9.0
136	139	9.0
136	140	9.0
136	141	5.0
136	142	5.0
136	144	5.0
136	145	5.0
137	137	10.0
137	138	13.0
137	139	9.0
137	140	9.0
137	141	4.0
137	142	1.0
137	143	2.0
137	144	4.0
137	145	2.0
138	138	17.0
138	139	12.0
138	140	9.0
138	141	7.0
138	142	6.0
138	143	5.0
138	144	6.0
138	145	3.0
139	139	13.0
139	140	15.0
139	141	3.0
139	142	11.0
139	143	3.0
139	144	7.0
139	145	2.0
140	140	8.0
140	141	13.0
140	142	7.0
140	143	3.0
140	144	10.0
140	145	2.0
141	141	7.0
141	142	11.0
141	143	12.0
141	144	7.0
141	145	2.0
142	142	13.0
142	143	7.0
142	144	10.0
142	145	2.0
143	143	4.0
143	144	7.0
143	145	4.0
144	144	10.0
144	145	1.0
