3	3	149.0
3	4	9.0
3	8	8.0
3	9	1.0
3	11	2.0
3	13	4.0
3	14	7.0
3	15	11.0
4	4	143.0
4	5	10.0
4	6	13.0
4	8	6.0
4	10	1.0
4	11	4.0
4	13	2.0
4	14	11.0
4	19	6.0
4	20	1.0
5	5	135.0
5	6	15.0
5	8	1.0
5	16	1.0
5	17	4.0
5	18	5.0
5	19	11.0
5	21	1.0
5	23	1.0
5	29	6.0
6	6	116.0
6	7	15.0
6	8	11.0
6	9	3.0
6	14	1.0
6	16	2.0
6	19	2.0
6	20	1.0
6	28	5.0
6	29	4.0
7	7	92.0
7	8	20.0
7	9	4.0
7	15	4.0
7	19	2.0
7	20	2.0
7	28	2.0
7	32	1.0
7	38	1.0
8	8	152.0
8	9	14.0
8	14	4.0
8	15	3.0
8	28	1.0
8	31	5.0
8	33	2.0
8	55	1.0
9	9	133.0
9	10	12.0
9	13	1.0
9	14	9.0
9	15	14.0
9	16	6.0
9	18	10.0
9	19	6.0
9	20	1.0
9	28	1.0
9	33	9.0
10	10	162.0
10	11	25.0
10	12	4.0
10	13	6.0
10	14	14.0
10	15	3.0
10	16	7.0
10	18	2.0
10	24	11.0
10	25	1.0
10	33	1.0
10	112	1.0
11	11	143.0
11	12	11.0
11	13	11.0
11	14	4.0
11	33	2.0
11	34	1.0
11	47	1.0
11	84	3.0
12	12	150.0
12	13	14.0
12	24	1.0
12	34	1.0
12	35	5.0
13	13	133.0
13	14	45.0
13	15	1.0
13	33	1.0
13	41	1.0
13	47	1.0
14	14	159.0
14	15	14.0
14	16	1.0
14	41	1.0
15	15	162.0
15	16	37.0
15	19	1.0
15	28	2.0
15	82	1.0
16	16	133.0
16	17	18.0
16	18	16.0
16	19	10.0
16	22	1.0
16	23	1.0
16	24	2.0
16	28	9.0
17	17	130.0
17	18	22.0
17	19	1.0
17	21	3.0
17	27	18.0
17	28	1.0
17	29	5.0
17	31	2.0
17	32	4.0
18	18	151.0
18	19	35.0
18	21	1.0
18	22	1.0
18	25	1.0
18	27	4.0
18	29	4.0
18	31	6.0
18	32	1.0
18	33	10.0
18	37	1.0
19	19	71.0
19	20	3.0
19	30	1.0
19	32	6.0
19	33	4.0
19	42	1.0
19	69	1.0
20	20	11.0
20	21	2.0
20	22	1.0
20	29	3.0
20	63	1.0
20	69	1.0
21	21	48.0
21	22	18.0
21	23	5.0
21	24	1.0
21	27	1.0
21	28	1.0
21	29	7.0
21	30	2.0
21	34	1.0
22	22	152.0
22	23	23.0
22	24	13.0
22	34	4.0
22	45	12.0
22	46	1.0
22	48	2.0
22	49	2.0
23	23	142.0
23	24	22.0
23	25	20.0
23	28	2.0
23	33	1.0
23	35	11.0
23	36	2.0
23	48	4.0
23	49	8.0
23	69	6.0
24	24	145.0
24	25	18.0
24	33	2.0
24	45	1.0
24	48	1.0
25	25	169.0
25	26	19.0
25	27	6.0
25	33	5.0
25	46	1.0
26	26	208.0
26	27	19.0
26	55	1.0
27	27	134.0
27	28	20.0
27	31	10.0
27	33	1.0
27	42	5.0
27	43	5.0
28	28	159.0
28	29	16.0
28	30	9.0
28	31	2.0
28	33	4.0
28	34	1.0
28	42	4.0
28	43	2.0
28	49	6.0
29	29	115.0
29	30	27.0
29	35	5.0
29	63	1.0
29	64	3.0
30	30	166.0
30	31	6.0
30	32	1.0
30	33	1.0
30	34	8.0
30	40	1.0
30	41	1.0
30	42	3.0
30	49	1.0
31	31	151.0
31	32	38.0
31	33	36.0
31	34	1.0
31	40	3.0
32	32	144.0
32	33	21.0
32	36	1.0
33	33	128.0
33	34	2.0
33	45	2.0
33	47	3.0
34	34	164.0
34	35	16.0
34	36	10.0
34	44	2.0
34	45	11.0
34	46	1.0
34	49	2.0
34	55	1.0
34	57	1.0
35	35	182.0
35	36	36.0
35	48	1.0
35	49	2.0
35	61	1.0
35	63	4.0
35	64	7.0
35	69	4.0
35	71	3.0
35	72	1.0
35	73	12.0
36	36	90.0
36	37	11.0
36	55	2.0
36	56	3.0
36	57	4.0
36	58	3.0
36	60	1.0
36	61	4.0
36	62	6.0
36	65	1.0
36	68	7.0
36	69	7.0
36	72	2.0
36	73	9.0
36	74	9.0
36	77	1.0
37	37	83.0
37	38	20.0
37	44	2.0
37	45	4.0
37	46	2.0
37	47	4.0
37	49	3.0
37	50	20.0
37	53	6.0
37	54	4.0
37	55	2.0
37	56	1.0
37	57	1.0
37	58	10.0
37	59	1.0
37	60	2.0
37	62	5.0
37	65	2.0
38	38	62.0
38	39	26.0
38	40	7.0
38	44	4.0
38	46	1.0
38	47	9.0
38	48	1.0
38	49	5.0
38	50	3.0
38	54	16.0
38	55	1.0
38	56	9.0
38	57	1.0
38	58	11.0
38	59	13.0
39	39	96.0
39	40	20.0
39	41	1.0
39	42	6.0
39	49	8.0
39	54	5.0
39	56	1.0
39	57	1.0
39	58	1.0
39	66	7.0
39	67	2.0
39	76	2.0
40	40	154.0
40	41	14.0
40	42	6.0
40	43	1.0
40	44	2.0
40	47	3.0
40	49	4.0
40	50	2.0
40	56	8.0
40	57	3.0
40	59	2.0
41	41	127.0
41	42	38.0
41	43	1.0
41	44	2.0
41	45	3.0
41	47	5.0
41	55	6.0
41	56	11.0
42	42	146.0
42	43	15.0
42	44	15.0
42	45	2.0
42	47	2.0
42	49	1.0
42	50	1.0
42	55	1.0
42	56	5.0
42	64	1.0
43	43	141.0
43	44	15.0
43	45	5.0
43	46	16.0
43	52	1.0
43	55	2.0
44	44	121.0
44	45	28.0
44	46	2.0
44	47	2.0
44	48	1.0
44	49	10.0
44	50	3.0
44	54	2.0
44	55	9.0
44	62	1.0
45	45	183.0
45	46	33.0
45	47	8.0
45	48	4.0
45	49	3.0
45	52	4.0
46	46	195.0
46	47	18.0
46	48	3.0
46	52	1.0
46	53	2.0
46	56	2.0
46	57	15.0
47	47	168.0
47	48	30.0
47	49	3.0
47	51	1.0
47	53	6.0
47	55	2.0
47	57	4.0
47	58	2.0
47	84	1.0
48	48	129.0
48	49	18.0
48	50	7.0
48	51	9.0
48	52	12.0
48	53	8.0
48	54	4.0
48	58	1.0
48	67	5.0
48	69	1.0
48	76	3.0
48	77	8.0
49	49	86.0
49	50	21.0
49	51	1.0
49	52	16.0
49	53	1.0
49	54	10.0
49	55	7.0
49	57	1.0
49	58	1.0
49	63	1.0
49	66	1.0
49	67	1.0
49	76	2.0
49	107	1.0
50	50	84.0
50	51	10.0
50	52	5.0
50	53	5.0
50	54	9.0
50	58	1.0
50	59	2.0
50	62	9.0
50	63	2.0
51	51	98.0
51	52	31.0
51	53	6.0
51	54	3.0
51	55	2.0
51	59	1.0
51	62	2.0
51	63	18.0
51	77	7.0
51	82	1.0
52	52	68.0
52	53	13.0
52	55	1.0
52	59	13.0
52	60	1.0
52	63	5.0
52	64	1.0
52	67	3.0
52	76	3.0
52	77	2.0
52	82	11.0
53	53	81.0
53	54	20.0
53	55	3.0
53	57	4.0
53	58	5.0
53	59	5.0
53	62	3.0
53	63	4.0
53	64	3.0
53	65	1.0
53	66	2.0
53	67	4.0
53	68	1.0
53	76	4.0
53	82	3.0
54	54	77.0
54	55	22.0
54	56	5.0
54	57	9.0
54	58	9.0
54	59	2.0
54	66	2.0
54	67	1.0
55	55	50.0
55	56	11.0
55	57	8.0
55	58	2.0
55	65	2.0
55	66	5.0
55	68	5.0
56	56	90.0
56	57	28.0
56	58	3.0
56	59	8.0
56	60	1.0
56	61	3.0
57	57	111.0
57	58	18.0
57	60	2.0
57	61	4.0
57	62	1.0
57	71	1.0
58	58	52.0
58	59	17.0
58	60	3.0
58	61	5.0
58	62	4.0
58	63	1.0
58	67	1.0
58	76	5.0
59	59	51.0
59	60	32.0
59	61	1.0
59	64	2.0
59	76	2.0
59	77	3.0
60	60	135.0
60	61	21.0
60	62	3.0
60	76	3.0
61	61	154.0
61	62	21.0
61	64	1.0
61	65	7.0
61	75	5.0
61	76	1.0
61	79	3.0
62	62	92.0
62	63	22.0
62	64	3.0
62	65	5.0
62	68	2.0
62	72	1.0
62	73	3.0
62	75	6.0
62	76	10.0
63	63	79.0
63	64	41.0
63	65	2.0
63	73	10.0
63	76	8.0
63	82	1.0
64	64	139.0
64	65	9.0
64	66	1.0
64	68	3.0
64	69	2.0
64	72	1.0
64	73	33.0
64	74	7.0
64	76	2.0
64	78	5.0
64	79	6.0
64	81	1.0
64	82	2.0
65	65	95.0
65	66	25.0
65	67	4.0
65	68	12.0
65	69	2.0
65	73	2.0
65	74	4.0
65	77	3.0
65	78	13.0
65	80	3.0
66	66	89.0
66	67	12.0
66	68	2.0
66	72	1.0
66	75	11.0
66	77	7.0
66	78	5.0
66	79	1.0
66	80	8.0
66	97	4.0
66	98	1.0
67	67	109.0
67	68	21.0
67	75	1.0
67	76	1.0
67	77	2.0
67	78	2.0
67	82	2.0
67	98	1.0
68	68	124.0
68	69	8.0
68	73	1.0
68	75	2.0
68	77	5.0
68	78	3.0
68	79	5.0
68	82	6.0
69	69	100.0
69	70	1.0
69	72	12.0
69	73	5.0
69	75	2.0
69	76	1.0
69	78	3.0
69	79	1.0
69	84	1.0
69	94	3.0
69	121	1.0
70	70	106.0
70	71	4.0
70	72	2.0
70	84	1.0
70	85	1.0
70	96	1.0
70	121	3.0
70	122	10.0
71	71	83.0
71	72	6.0
72	72	92.0
72	73	21.0
72	75	2.0
72	84	1.0
73	73	101.0
73	74	17.0
73	75	8.0
73	76	4.0
73	78	4.0
73	80	4.0
74	74	124.0
74	75	10.0
74	76	1.0
74	78	11.0
74	80	6.0
74	94	1.0
75	75	85.0
75	76	8.0
75	77	31.0
75	78	7.0
75	79	2.0
75	80	8.0
75	81	15.0
75	82	6.0
75	92	1.0
75	97	6.0
76	76	69.0
76	77	13.0
76	80	1.0
76	82	5.0
76	91	11.0
76	92	7.0
76	93	1.0
76	96	6.0
76	97	4.0
76	102	3.0
76	112	1.0
77	77	177.0
77	78	16.0
77	80	7.0
77	82	5.0
77	85	1.0
77	91	3.0
77	92	1.0
77	95	3.0
77	97	4.0
77	98	1.0
78	78	158.0
78	79	26.0
78	82	4.0
78	83	5.0
79	79	170.0
79	80	12.0
79	81	3.0
79	82	1.0
79	84	1.0
79	85	9.0
79	93	2.0
79	95	2.0
79	96	1.0
80	80	116.0
80	81	27.0
80	82	3.0
80	85	1.0
80	92	2.0
80	93	17.0
80	94	6.0
81	81	102.0
81	82	22.0
81	83	5.0
81	85	1.0
81	86	1.0
81	90	1.0
81	92	5.0
81	93	11.0
82	82	80.0
82	83	17.0
82	90	2.0
82	92	4.0
82	93	9.0
82	104	1.0
83	83	168.0
83	84	1.0
83	90	9.0
83	91	2.0
83	92	2.0
83	93	3.0
83	94	13.0
84	84	134.0
84	85	7.0
84	95	5.0
84	107	1.0
85	85	163.0
85	86	27.0
85	92	8.0
85	93	4.0
85	95	5.0
85	96	1.0
85	119	3.0
86	86	186.0
86	87	17.0
86	88	4.0
86	89	2.0
86	91	14.0
86	92	13.0
86	95	5.0
86	96	11.0
86	98	5.0
86	99	13.0
86	100	8.0
86	101	4.0
86	102	1.0
86	111	2.0
87	87	204.0
87	88	31.0
87	89	7.0
87	90	13.0
87	91	14.0
87	92	5.0
87	97	1.0
87	98	1.0
87	100	7.0
87	101	3.0
87	102	1.0
87	103	3.0
87	111	5.0
87	114	9.0
88	88	150.0
88	89	30.0
88	90	13.0
88	91	9.0
88	92	1.0
88	102	3.0
88	103	20.0
88	104	7.0
88	105	3.0
88	106	1.0
88	110	1.0
88	111	8.0
88	112	3.0
88	113	2.0
89	89	119.0
89	90	24.0
89	91	5.0
89	92	5.0
89	101	10.0
89	102	15.0
89	103	5.0
90	90	169.0
90	91	13.0
90	92	23.0
90	95	1.0
90	98	3.0
90	101	6.0
90	102	6.0
90	103	7.0
90	104	4.0
90	111	6.0
91	91	158.0
91	92	25.0
91	94	4.0
91	95	6.0
91	96	7.0
91	98	7.0
91	101	3.0
91	102	6.0
91	103	1.0
91	109	1.0
91	111	4.0
91	121	1.0
92	92	148.0
92	93	26.0
92	94	1.0
92	97	1.0
92	102	3.0
92	104	4.0
92	110	1.0
93	93	140.0
93	94	19.0
93	104	8.0
93	105	7.0
94	94	147.0
94	95	15.0
94	104	9.0
94	105	5.0
95	95	89.0
95	96	11.0
95	97	2.0
95	98	2.0
95	111	5.0
95	121	1.0
96	96	75.0
96	97	35.0
96	98	17.0
96	99	3.0
96	100	6.0
96	102	6.0
96	108	4.0
96	109	2.0
97	97	97.0
97	98	29.0
97	99	5.0
97	101	1.0
97	102	8.0
97	107	1.0
97	108	4.0
97	109	2.0
98	98	121.0
98	99	24.0
98	100	1.0
98	103	7.0
98	109	7.0
98	114	2.0
99	99	81.0
99	100	30.0
99	101	8.0
99	102	6.0
99	103	3.0
99	115	1.0
100	100	69.0
100	101	22.0
100	102	6.0
100	112	1.0
100	113	1.0
100	115	1.0
101	101	59.0
101	102	35.0
101	103	11.0
101	109	1.0
102	102	60.0
102	103	23.0
102	113	1.0
103	103	129.0
103	104	13.0
103	105	2.0
103	109	7.0
103	112	2.0
103	113	5.0
103	114	7.0
104	104	138.0
104	105	18.0
104	107	1.0
104	108	1.0
104	109	10.0
104	110	4.0
104	111	3.0
104	112	37.0
104	113	20.0
104	114	10.0
104	117	1.0
104	125	1.0
105	105	141.0
105	106	4.0
105	107	4.0
105	110	6.0
105	112	16.0
105	113	1.0
105	124	1.0
106	106	81.0
106	107	9.0
106	109	1.0
106	110	1.0
106	117	1.0
106	118	1.0
106	119	3.0
106	121	3.0
106	123	1.0
107	107	156.0
107	108	22.0
107	109	5.0
107	110	14.0
107	116	1.0
107	117	4.0
107	121	2.0
108	108	180.0
108	109	28.0
108	110	1.0
108	114	1.0
108	116	4.0
108	117	1.0
109	109	181.0
109	110	16.0
109	114	5.0
109	115	1.0
109	116	1.0
110	110	95.0
110	111	10.0
110	120	5.0
111	111	101.0
111	112	5.0
111	113	3.0
111	114	1.0
111	117	1.0
111	119	1.0
111	120	6.0
111	121	5.0
112	112	142.0
112	113	19.0
112	116	2.0
112	117	1.0
112	120	1.0
113	113	164.0
113	114	19.0
113	115	1.0
113	116	4.0
113	117	9.0
114	114	173.0
114	115	20.0
114	117	7.0
114	120	3.0
115	115	147.0
115	116	38.0
115	117	3.0
115	120	3.0
115	125	1.0
116	116	189.0
116	117	9.0
116	124	1.0
116	127	8.0
116	128	3.0
116	129	3.0
117	117	125.0
117	118	13.0
117	119	3.0
117	120	6.0
117	123	2.0
117	124	9.0
117	125	7.0
117	126	1.0
117	127	4.0
118	118	144.0
118	119	20.0
118	124	3.0
118	125	14.0
119	119	140.0
119	120	4.0
119	121	2.0
119	123	2.0
119	124	1.0
120	120	130.0
120	121	20.0
120	122	1.0
120	123	1.0
121	121	129.0
121	122	13.0
122	122	134.0
122	123	8.0
123	123	145.0
123	124	11.0
124	124	151.0
124	125	6.0
124	126	2.0
124	127	1.0
125	125	206.0
125	126	31.0
125	127	7.0
126	126	165.0
126	127	28.0
126	128	9.0
126	129	13.0
127	127	168.0
127	128	43.0
128	128	136.0
128	129	14.0
129	129	25.0
