3	3	61.0
3	4	12.0
3	5	4.0
3	10	3.0
3	12	1.0
3	13	1.0
4	4	45.0
4	5	14.0
4	8	1.0
4	11	4.0
4	12	6.0
4	13	1.0
4	14	2.0
4	15	3.0
4	17	1.0
5	5	45.0
5	6	3.0
5	8	2.0
5	11	1.0
5	12	1.0
5	13	6.0
5	14	10.0
5	15	3.0
5	16	3.0
5	17	4.0
5	18	5.0
5	21	3.0
5	68	1.0
6	6	15.0
6	7	9.0
6	14	2.0
6	17	1.0
6	18	6.0
6	19	2.0
6	20	2.0
6	21	1.0
6	23	4.0
7	7	27.0
7	8	9.0
7	11	2.0
7	15	3.0
7	17	3.0
7	21	2.0
7	24	1.0
7	32	2.0
7	37	2.0
8	8	61.0
8	9	16.0
8	10	1.0
8	11	2.0
8	12	1.0
8	17	2.0
8	21	2.0
8	25	2.0
8	31	2.0
8	32	7.0
8	33	1.0
8	36	2.0
8	79	1.0
9	9	62.0
9	10	11.0
9	11	2.0
9	16	1.0
9	27	2.0
9	32	1.0
9	58	1.0
9	70	1.0
9	73	1.0
10	10	76.0
10	11	18.0
10	13	3.0
10	14	2.0
10	32	1.0
10	33	2.0
10	41	3.0
10	46	1.0
10	68	2.0
10	70	2.0
10	71	1.0
10	73	1.0
10	82	1.0
11	11	43.0
11	12	11.0
11	13	7.0
11	14	5.0
11	15	3.0
11	16	3.0
11	17	5.0
11	25	1.0
11	70	1.0
11	73	1.0
12	12	44.0
12	13	22.0
12	17	7.0
12	18	6.0
12	19	1.0
12	20	2.0
12	23	3.0
12	24	1.0
12	33	2.0
13	13	67.0
13	14	9.0
13	15	4.0
13	16	2.0
13	17	2.0
13	23	1.0
13	25	2.0
13	49	1.0
14	14	44.0
14	15	7.0
14	18	2.0
14	19	4.0
14	20	4.0
14	21	1.0
14	25	2.0
14	57	1.0
14	66	2.0
14	69	2.0
14	70	2.0
14	74	4.0
15	15	33.0
15	16	6.0
15	17	5.0
15	25	5.0
15	26	2.0
15	33	1.0
16	16	49.0
16	17	17.0
16	23	1.0
16	24	1.0
16	25	2.0
16	35	2.0
17	17	47.0
17	18	10.0
17	23	1.0
17	24	1.0
17	25	1.0
17	33	1.0
17	34	3.0
17	35	4.0
17	36	3.0
17	72	1.0
18	18	57.0
18	19	12.0
18	20	14.0
18	21	5.0
18	24	4.0
18	36	1.0
19	19	48.0
19	20	5.0
19	21	5.0
19	22	3.0
19	23	5.0
19	24	2.0
20	20	33.0
20	21	14.0
20	23	4.0
20	24	1.0
20	31	1.0
20	37	1.0
21	21	42.0
21	22	5.0
21	23	4.0
21	31	3.0
22	22	36.0
22	23	7.0
22	24	7.0
22	25	1.0
22	26	1.0
22	30	3.0
22	37	3.0
22	39	3.0
22	40	1.0
23	23	34.0
23	24	6.0
23	25	2.0
23	26	3.0
23	30	1.0
23	36	1.0
23	37	2.0
23	47	1.0
23	73	1.0
24	24	22.0
24	25	2.0
24	26	1.0
24	27	1.0
24	33	1.0
25	25	10.0
25	26	7.0
25	27	2.0
25	29	3.0
25	30	2.0
25	38	1.0
25	39	1.0
25	40	1.0
25	42	1.0
25	43	1.0
25	48	2.0
25	59	3.0
25	61	2.0
26	26	15.0
26	27	1.0
26	30	2.0
26	39	1.0
26	40	2.0
26	42	1.0
26	61	1.0
27	27	43.0
27	28	6.0
27	30	1.0
27	33	2.0
27	34	5.0
27	36	1.0
27	37	4.0
27	38	8.0
27	40	5.0
27	41	1.0
27	42	1.0
27	46	7.0
27	85	1.0
27	99	4.0
28	28	35.0
28	29	5.0
28	30	25.0
28	31	3.0
28	38	3.0
28	39	2.0
28	40	3.0
28	41	3.0
28	48	1.0
28	49	4.0
28	51	6.0
28	61	1.0
29	29	53.0
29	30	9.0
29	33	3.0
29	35	1.0
29	37	3.0
29	38	5.0
29	39	1.0
29	41	1.0
29	43	1.0
29	47	2.0
29	48	2.0
29	49	5.0
29	50	5.0
29	60	5.0
29	61	5.0
29	64	1.0
29	86	1.0
30	30	70.0
30	31	12.0
30	33	1.0
30	38	3.0
30	39	3.0
30	40	2.0
30	47	1.0
30	48	2.0
30	61	1.0
31	31	62.0
31	32	12.0
31	33	6.0
31	36	2.0
31	77	1.0
31	157	1.0
32	32	100.0
32	33	3.0
32	34	2.0
32	36	8.0
32	37	11.0
32	51	1.0
33	33	59.0
33	34	17.0
33	35	3.0
33	36	5.0
33	37	5.0
33	42	1.0
34	34	80.0
34	35	13.0
34	36	8.0
34	37	1.0
34	39	1.0
34	54	2.0
34	57	2.0
34	58	1.0
34	70	2.0
34	105	1.0
34	129	1.0
35	35	72.0
35	36	3.0
35	86	6.0
35	87	2.0
36	36	93.0
36	37	14.0
37	37	47.0
37	38	7.0
37	39	2.0
37	49	1.0
37	157	1.0
38	38	43.0
38	39	7.0
38	40	1.0
38	41	6.0
38	42	1.0
38	44	2.0
38	45	1.0
38	46	6.0
38	47	1.0
38	50	1.0
38	51	1.0
38	56	2.0
38	64	2.0
38	65	1.0
38	67	6.0
38	68	1.0
38	71	2.0
38	72	5.0
38	73	1.0
38	98	3.0
38	99	5.0
39	39	40.0
39	40	7.0
39	41	2.0
39	55	2.0
39	56	2.0
39	59	4.0
39	60	10.0
39	63	2.0
39	64	4.0
39	65	2.0
39	67	2.0
39	71	1.0
39	72	3.0
39	73	2.0
39	98	1.0
39	99	2.0
40	40	26.0
40	41	11.0
40	42	2.0
40	47	2.0
40	48	5.0
40	50	2.0
40	51	9.0
40	54	3.0
40	55	2.0
40	58	1.0
40	59	2.0
40	60	1.0
40	65	6.0
40	72	1.0
40	75	2.0
40	78	1.0
40	79	2.0
40	83	5.0
40	84	1.0
41	41	68.0
41	42	6.0
41	43	1.0
41	45	4.0
41	46	7.0
41	47	4.0
41	48	2.0
41	50	4.0
41	51	6.0
41	52	1.0
41	54	3.0
41	55	2.0
41	59	3.0
41	60	1.0
41	65	2.0
41	66	1.0
41	71	2.0
41	72	2.0
41	73	2.0
41	82	1.0
41	83	1.0
41	98	1.0
42	42	47.0
42	43	8.0
42	44	7.0
42	45	7.0
42	46	5.0
42	47	2.0
42	48	1.0
42	49	1.0
42	50	3.0
42	54	2.0
42	59	3.0
42	60	3.0
42	70	4.0
42	72	1.0
42	87	5.0
43	43	48.0
43	44	4.0
43	45	1.0
43	46	2.0
43	48	3.0
43	49	3.0
43	50	4.0
43	60	7.0
43	61	1.0
43	75	2.0
43	87	9.0
44	44	36.0
44	45	12.0
44	46	2.0
44	47	1.0
44	48	3.0
44	49	6.0
44	50	3.0
44	51	7.0
44	52	3.0
44	55	1.0
44	62	3.0
44	63	6.0
44	67	1.0
44	73	2.0
44	74	4.0
44	75	4.0
44	77	1.0
44	78	2.0
44	82	3.0
44	83	4.0
44	87	1.0
45	45	50.0
45	46	4.0
45	47	1.0
45	52	10.0
45	62	3.0
45	63	5.0
45	69	2.0
45	72	3.0
45	73	7.0
45	74	1.0
45	76	1.0
45	77	8.0
45	78	3.0
45	82	2.0
45	83	5.0
45	159	1.0
46	46	25.0
46	47	13.0
46	49	3.0
46	50	2.0
46	51	1.0
46	52	1.0
46	59	1.0
46	60	2.0
46	63	2.0
46	66	5.0
46	67	3.0
46	68	1.0
46	71	10.0
46	72	6.0
46	76	2.0
46	77	5.0
46	82	1.0
47	47	35.0
47	48	13.0
47	49	1.0
47	51	1.0
47	59	2.0
47	60	2.0
47	61	2.0
47	64	1.0
47	65	1.0
47	66	2.0
47	68	1.0
47	70	1.0
47	71	5.0
47	72	17.0
47	74	1.0
48	48	40.0
48	49	6.0
48	51	2.0
48	54	1.0
48	55	2.0
48	56	1.0
48	59	3.0
48	60	5.0
48	61	9.0
48	65	1.0
48	71	1.0
48	72	5.0
48	75	3.0
49	49	37.0
49	50	12.0
49	60	4.0
49	64	1.0
49	67	1.0
49	75	6.0
49	76	1.0
49	87	4.0
50	50	25.0
50	51	15.0
50	52	4.0
50	53	3.0
50	59	1.0
50	60	2.0
50	61	1.0
50	64	4.0
50	65	3.0
50	66	1.0
50	71	3.0
50	75	2.0
50	76	3.0
50	78	8.0
50	85	4.0
50	87	5.0
50	116	1.0
51	51	71.0
51	52	31.0
51	54	8.0
51	55	2.0
51	58	5.0
51	59	1.0
51	65	1.0
51	66	1.0
51	72	1.0
51	75	1.0
52	52	49.0
52	53	5.0
52	54	2.0
52	64	1.0
52	66	1.0
52	67	1.0
52	75	3.0
52	95	2.0
52	98	1.0
53	53	82.0
53	54	15.0
53	60	2.0
53	61	2.0
53	65	20.0
53	66	3.0
53	96	1.0
54	54	77.0
54	55	2.0
54	58	8.0
54	59	2.0
54	60	2.0
54	64	3.0
54	65	5.0
54	66	2.0
54	67	1.0
54	79	1.0
54	83	2.0
55	55	49.0
55	56	11.0
55	57	4.0
55	58	2.0
55	59	3.0
55	60	1.0
55	64	1.0
55	65	3.0
55	66	1.0
55	79	1.0
55	80	4.0
55	82	1.0
55	83	9.0
56	56	50.0
56	57	10.0
56	58	2.0
56	59	3.0
56	65	5.0
56	67	4.0
56	69	2.0
56	70	1.0
56	71	7.0
56	72	1.0
56	79	1.0
56	80	1.0
57	57	53.0
57	58	16.0
57	65	2.0
57	66	1.0
57	67	1.0
57	68	1.0
57	69	1.0
57	70	1.0
57	71	1.0
57	74	2.0
57	79	4.0
58	58	76.0
58	59	2.0
58	62	1.0
58	65	1.0
58	69	2.0
58	89	2.0
59	59	7.0
59	60	6.0
59	61	1.0
59	63	1.0
59	64	1.0
59	65	3.0
59	66	1.0
59	68	2.0
59	72	1.0
59	82	1.0
59	113	1.0
60	60	4.0
60	61	2.0
60	63	2.0
60	71	1.0
61	61	15.0
61	62	3.0
61	63	8.0
61	68	1.0
61	75	1.0
61	90	1.0
61	98	4.0
62	62	8.0
62	63	5.0
62	73	3.0
62	74	5.0
62	75	5.0
62	76	1.0
62	78	4.0
62	80	1.0
62	81	4.0
62	82	6.0
62	88	1.0
62	94	1.0
62	98	1.0
62	99	1.0
63	63	68.0
63	66	1.0
63	67	1.0
63	68	3.0
63	69	1.0
63	72	4.0
63	73	1.0
63	76	1.0
63	78	1.0
63	80	2.0
63	81	2.0
63	82	16.0
63	94	2.0
63	95	7.0
63	97	3.0
63	98	5.0
64	64	13.0
64	65	3.0
64	66	4.0
64	67	6.0
64	68	8.0
64	72	3.0
64	98	1.0
64	99	3.0
64	100	2.0
65	65	45.0
65	66	15.0
65	67	2.0
65	68	4.0
65	69	4.0
65	71	5.0
65	72	4.0
65	75	1.0
65	82	2.0
65	83	6.0
66	66	31.0
66	67	5.0
66	68	4.0
66	71	7.0
66	72	4.0
66	79	1.0
66	80	3.0
66	82	10.0
67	67	50.0
67	68	11.0
67	69	1.0
67	70	2.0
67	71	5.0
67	73	1.0
67	75	2.0
67	76	3.0
67	81	5.0
67	96	3.0
68	68	71.0
68	69	19.0
68	70	3.0
68	71	6.0
68	72	12.0
68	73	1.0
68	81	1.0
68	82	2.0
69	69	103.0
69	70	2.0
69	83	2.0
69	88	4.0
69	89	1.0
69	95	5.0
70	70	39.0
70	71	9.0
70	73	10.0
70	74	7.0
70	75	1.0
71	71	38.0
71	72	16.0
71	73	10.0
71	74	1.0
71	76	1.0
72	72	35.0
72	73	3.0
72	75	2.0
72	81	1.0
72	82	1.0
72	98	2.0
73	73	30.0
73	74	12.0
73	75	2.0
73	77	5.0
73	78	2.0
73	80	2.0
73	81	3.0
73	82	1.0
73	86	1.0
73	89	1.0
73	96	1.0
74	74	42.0
74	75	6.0
74	77	2.0
74	78	2.0
74	80	1.0
74	81	6.0
75	75	23.0
75	76	9.0
75	78	5.0
75	83	1.0
75	85	5.0
75	86	2.0
75	87	4.0
76	76	49.0
76	77	5.0
76	81	4.0
76	82	1.0
76	85	2.0
76	95	1.0
77	77	48.0
77	78	9.0
77	80	2.0
77	85	12.0
78	78	47.0
78	79	10.0
78	81	2.0
78	84	12.0
78	85	2.0
78	96	2.0
79	79	51.0
79	80	6.0
79	81	1.0
79	82	9.0
79	84	6.0
79	85	11.0
79	86	5.0
79	96	2.0
79	97	1.0
79	101	7.0
79	102	2.0
80	80	47.0
80	81	5.0
80	82	11.0
80	83	1.0
80	101	2.0
80	102	2.0
80	119	1.0
81	81	43.0
81	82	4.0
81	96	1.0
81	101	3.0
81	122	2.0
82	82	31.0
82	83	5.0
82	84	1.0
82	96	1.0
83	83	44.0
83	84	1.0
83	85	3.0
83	86	1.0
83	87	4.0
84	84	60.0
84	85	4.0
84	86	2.0
84	87	2.0
84	97	1.0
84	101	1.0
85	85	101.0
85	86	11.0
85	87	1.0
85	101	1.0
85	102	1.0
85	135	1.0
86	86	87.0
86	87	17.0
86	97	1.0
86	102	1.0
87	87	73.0
87	88	5.0
88	88	125.0
88	89	13.0
88	90	1.0
88	94	1.0
88	95	5.0
88	100	1.0
89	89	134.0
89	90	10.0
89	94	11.0
89	95	6.0
89	98	1.0
89	100	7.0
89	101	1.0
89	102	4.0
89	103	3.0
89	108	6.0
89	116	1.0
90	90	93.0
90	91	5.0
90	92	1.0
90	103	1.0
90	108	4.0
90	109	5.0
90	115	1.0
90	116	1.0
90	118	2.0
90	128	1.0
90	129	3.0
90	130	1.0
90	131	11.0
90	132	6.0
90	134	1.0
90	144	4.0
90	150	1.0
90	157	1.0
91	91	37.0
91	92	18.0
91	93	1.0
91	97	1.0
91	98	1.0
91	99	7.0
91	102	4.0
91	106	4.0
91	107	1.0
91	113	5.0
91	114	2.0
91	118	3.0
91	119	10.0
91	120	12.0
91	121	3.0
91	128	9.0
91	131	1.0
91	132	6.0
91	137	5.0
91	148	1.0
92	92	63.0
92	93	1.0
92	97	2.0
92	98	6.0
92	102	1.0
92	110	2.0
92	111	1.0
92	113	1.0
92	118	2.0
92	120	4.0
92	121	2.0
92	128	3.0
92	129	1.0
92	132	1.0
92	133	1.0
92	134	9.0
93	93	62.0
93	94	8.0
93	95	1.0
93	97	3.0
93	98	2.0
93	100	1.0
93	102	16.0
93	104	2.0
93	105	9.0
93	106	1.0
93	107	1.0
93	120	1.0
93	134	5.0
94	94	73.0
94	95	1.0
94	96	3.0
94	97	6.0
94	98	2.0
94	100	3.0
94	101	1.0
94	102	2.0
94	116	1.0
95	95	119.0
95	96	11.0
95	100	2.0
95	101	2.0
95	102	1.0
95	103	1.0
95	108	1.0
95	122	1.0
95	149	1.0
96	96	26.0
96	97	6.0
96	100	1.0
96	101	9.0
96	102	1.0
96	105	1.0
96	122	5.0
97	97	84.0
97	98	4.0
97	99	6.0
97	100	15.0
97	101	4.0
97	102	2.0
97	122	4.0
97	123	5.0
98	98	73.0
98	99	14.0
98	100	2.0
98	102	3.0
98	107	1.0
98	109	7.0
99	99	64.0
99	100	11.0
99	106	2.0
99	109	4.0
99	113	6.0
99	114	2.0
99	116	1.0
99	118	2.0
99	119	1.0
99	120	2.0
100	100	116.0
100	101	8.0
100	102	2.0
100	103	7.0
100	105	7.0
100	106	2.0
100	107	5.0
100	114	1.0
100	115	3.0
100	116	1.0
100	119	2.0
100	120	6.0
100	121	2.0
100	122	1.0
100	123	3.0
101	101	112.0
101	102	9.0
101	103	3.0
101	104	2.0
101	123	1.0
101	134	2.0
102	102	70.0
102	103	10.0
102	105	6.0
102	106	1.0
102	107	3.0
102	108	3.0
102	118	1.0
102	129	1.0
102	130	1.0
102	131	2.0
102	134	8.0
103	103	91.0
103	104	5.0
103	105	5.0
103	107	1.0
103	108	1.0
103	121	8.0
103	122	6.0
103	129	1.0
104	104	63.0
104	105	6.0
104	115	1.0
104	121	1.0
104	145	1.0
105	105	66.0
105	106	5.0
105	107	3.0
105	108	1.0
105	115	1.0
105	116	7.0
105	119	1.0
105	120	1.0
105	121	3.0
105	127	1.0
105	138	5.0
105	139	1.0
105	142	1.0
105	145	1.0
105	146	1.0
105	152	1.0
106	106	32.0
106	107	2.0
106	110	2.0
106	114	2.0
106	115	2.0
106	116	3.0
106	117	3.0
106	120	1.0
106	123	8.0
106	124	3.0
106	142	1.0
106	143	3.0
106	145	2.0
106	146	6.0
106	147	7.0
106	155	8.0
106	157	1.0
107	107	50.0
107	108	14.0
107	110	1.0
107	115	4.0
107	124	5.0
107	125	6.0
107	126	1.0
107	143	2.0
107	144	4.0
107	145	4.0
107	146	9.0
107	147	3.0
107	159	1.0
108	108	119.0
108	109	3.0
108	111	1.0
108	116	8.0
108	133	1.0
108	137	1.0
108	144	2.0
108	145	4.0
108	146	7.0
109	109	93.0
109	110	8.0
109	111	8.0
109	117	1.0
109	118	2.0
109	125	2.0
109	127	3.0
109	128	1.0
109	134	3.0
109	137	1.0
109	141	1.0
109	144	2.0
109	145	4.0
109	146	1.0
109	156	2.0
110	110	72.0
110	111	24.0
110	112	2.0
110	115	2.0
110	117	1.0
110	122	1.0
110	123	6.0
110	124	3.0
110	125	9.0
110	126	2.0
110	127	1.0
110	128	4.0
110	132	6.0
110	133	3.0
110	134	1.0
110	143	7.0
110	144	11.0
110	145	3.0
110	146	3.0
111	111	42.0
111	112	15.0
111	113	8.0
111	115	4.0
111	116	1.0
111	117	3.0
111	118	6.0
111	119	1.0
111	124	5.0
111	127	4.0
111	128	2.0
111	130	1.0
111	132	1.0
111	133	1.0
111	135	1.0
111	137	1.0
111	138	4.0
111	139	6.0
111	141	5.0
111	143	1.0
111	144	11.0
111	145	5.0
111	146	2.0
111	155	2.0
112	112	31.0
112	113	3.0
112	114	3.0
112	115	4.0
112	117	4.0
112	118	16.0
112	119	4.0
112	123	3.0
112	124	1.0
112	127	4.0
112	128	7.0
112	129	3.0
112	130	5.0
112	131	6.0
112	137	7.0
112	138	4.0
112	139	6.0
112	140	17.0
112	141	4.0
112	142	1.0
112	144	1.0
112	151	1.0
113	113	26.0
113	114	11.0
113	115	3.0
113	118	4.0
113	123	1.0
113	124	1.0
113	126	1.0
113	127	6.0
113	128	1.0
113	139	3.0
113	140	3.0
113	141	1.0
114	114	59.0
114	115	20.0
114	119	4.0
114	123	1.0
114	126	5.0
114	131	1.0
114	137	1.0
114	139	1.0
114	140	7.0
114	141	4.0
114	147	3.0
114	148	1.0
115	115	73.0
115	116	7.0
115	121	3.0
115	122	1.0
115	123	3.0
115	124	9.0
115	126	2.0
115	135	1.0
115	136	9.0
115	137	8.0
115	139	1.0
115	140	6.0
115	141	9.0
115	142	3.0
115	143	4.0
115	144	1.0
115	150	1.0
116	116	126.0
116	117	13.0
116	120	1.0
116	123	6.0
116	124	3.0
116	127	6.0
116	128	1.0
116	129	2.0
116	135	3.0
116	138	3.0
116	140	1.0
116	142	7.0
116	143	6.0
116	144	6.0
116	145	1.0
116	147	4.0
116	148	2.0
116	152	2.0
116	153	3.0
116	154	2.0
117	117	67.0
117	118	17.0
117	119	5.0
117	120	2.0
117	123	5.0
117	124	3.0
117	127	1.0
117	128	1.0
117	131	5.0
117	132	1.0
117	133	1.0
117	134	3.0
117	135	1.0
117	137	3.0
117	138	5.0
117	139	5.0
117	141	1.0
117	142	5.0
117	143	9.0
117	145	3.0
117	147	2.0
117	151	2.0
117	152	1.0
117	153	1.0
117	154	1.0
117	156	3.0
118	118	50.0
118	119	21.0
118	120	4.0
118	126	3.0
118	127	1.0
118	130	1.0
118	131	6.0
118	132	3.0
118	134	6.0
118	135	4.0
118	136	1.0
118	137	6.0
118	139	2.0
118	140	4.0
118	141	1.0
118	142	1.0
118	150	2.0
118	151	5.0
118	155	3.0
118	156	1.0
119	119	34.0
119	120	13.0
119	121	1.0
119	126	7.0
119	130	1.0
119	132	4.0
119	134	2.0
119	135	3.0
119	140	1.0
119	141	3.0
119	142	1.0
119	143	2.0
119	150	1.0
119	155	2.0
119	156	3.0
120	120	44.0
120	121	7.0
120	128	4.0
120	131	1.0
120	132	3.0
120	133	1.0
120	134	1.0
120	135	2.0
120	138	2.0
120	142	1.0
120	143	5.0
120	144	5.0
120	145	9.0
120	152	1.0
120	153	1.0
120	156	2.0
121	121	145.0
121	122	12.0
121	126	1.0
121	127	4.0
121	128	12.0
121	129	1.0
121	131	4.0
121	132	1.0
121	133	4.0
121	134	3.0
121	135	2.0
121	137	5.0
121	142	5.0
121	143	1.0
121	144	3.0
121	147	1.0
121	153	1.0
121	156	1.0
122	122	98.0
122	123	8.0
122	150	1.0
123	123	60.0
123	124	14.0
123	125	1.0
123	126	9.0
123	127	13.0
123	137	3.0
123	139	1.0
123	142	1.0
123	143	9.0
123	144	1.0
123	147	2.0
124	124	35.0
124	125	20.0
124	126	7.0
124	141	1.0
124	143	4.0
124	144	2.0
124	145	1.0
124	147	3.0
124	148	2.0
124	149	1.0
124	150	1.0
124	157	1.0
124	158	6.0
124	159	2.0
125	125	55.0
125	126	17.0
125	143	19.0
125	145	1.0
125	147	6.0
125	148	6.0
125	149	1.0
125	155	1.0
125	157	3.0
125	158	5.0
125	159	2.0
126	126	51.0
126	127	1.0
126	139	3.0
126	141	4.0
126	142	1.0
126	143	9.0
126	147	6.0
126	148	1.0
126	149	1.0
126	154	5.0
126	155	3.0
126	158	1.0
127	127	97.0
127	128	7.0
127	129	12.0
127	130	1.0
127	131	1.0
127	133	2.0
127	134	1.0
127	137	2.0
127	140	3.0
127	150	1.0
127	151	1.0
127	155	2.0
128	128	61.0
128	129	8.0
128	132	3.0
128	133	13.0
128	134	7.0
128	135	4.0
128	137	2.0
129	129	133.0
129	130	18.0
129	131	4.0
129	132	3.0
129	133	10.0
129	134	9.0
129	151	1.0
129	153	1.0
130	130	84.0
130	131	11.0
130	132	16.0
130	133	2.0
130	135	3.0
130	136	1.0
130	138	1.0
130	140	3.0
130	150	1.0
130	151	4.0
130	154	4.0
131	131	59.0
131	132	14.0
131	133	9.0
131	134	1.0
131	135	2.0
131	137	3.0
131	138	3.0
131	140	2.0
132	132	41.0
132	133	6.0
132	134	5.0
132	135	3.0
133	133	60.0
133	134	14.0
133	144	2.0
134	134	41.0
134	135	1.0
134	136	2.0
134	139	1.0
134	141	1.0
134	142	2.0
134	143	7.0
134	144	1.0
134	145	2.0
134	151	7.0
134	152	1.0
134	155	1.0
134	156	5.0
135	135	61.0
135	136	16.0
135	137	3.0
135	138	14.0
135	139	4.0
135	142	7.0
135	147	4.0
135	152	1.0
135	153	2.0
135	157	1.0
136	136	74.0
136	137	8.0
136	138	4.0
136	139	7.0
136	140	1.0
136	141	1.0
136	142	1.0
136	146	6.0
136	147	4.0
136	149	2.0
136	150	6.0
136	151	1.0
136	154	3.0
136	155	1.0
136	156	7.0
137	137	74.0
137	138	4.0
137	140	1.0
137	144	1.0
137	149	2.0
137	150	14.0
137	151	3.0
137	154	1.0
137	155	1.0
137	156	2.0
137	157	2.0
138	138	94.0
138	139	14.0
138	142	2.0
138	144	2.0
138	145	1.0
138	146	2.0
138	148	1.0
138	149	1.0
138	150	5.0
138	154	3.0
139	139	50.0
139	140	13.0
139	142	7.0
139	143	1.0
139	144	2.0
139	146	1.0
139	147	3.0
139	150	2.0
139	154	8.0
139	155	3.0
139	156	2.0
140	140	62.0
140	141	9.0
140	147	2.0
140	148	2.0
140	149	1.0
140	150	1.0
140	151	12.0
140	154	1.0
140	155	3.0
140	157	3.0
141	141	73.0
141	142	9.0
141	143	2.0
141	145	1.0
141	146	5.0
141	147	3.0
141	148	1.0
141	151	1.0
141	155	9.0
141	156	3.0
141	157	1.0
142	142	59.0
142	143	10.0
142	144	7.0
142	146	2.0
142	148	1.0
142	153	4.0
142	154	2.0
142	157	2.0
143	143	60.0
143	144	4.0
143	145	5.0
143	147	4.0
143	148	2.0
143	153	3.0
143	155	4.0
143	156	4.0
144	144	55.0
144	145	22.0
144	146	6.0
144	152	2.0
145	145	96.0
145	146	32.0
145	152	7.0
145	153	10.0
145	156	4.0
145	157	1.0
146	146	122.0
146	147	3.0
146	153	2.0
146	154	4.0
146	155	1.0
146	156	1.0
146	157	2.0
146	158	2.0
147	147	51.0
147	148	12.0
147	149	7.0
147	150	1.0
147	153	2.0
147	154	6.0
147	155	16.0
147	156	5.0
147	157	23.0
148	148	71.0
148	149	26.0
148	150	1.0
148	152	5.0
148	153	11.0
148	154	2.0
148	155	6.0
148	156	12.0
148	157	8.0
148	158	1.0
149	149	61.0
149	150	7.0
149	151	1.0
149	152	4.0
149	153	7.0
149	155	3.0
149	156	8.0
149	159	1.0
150	150	62.0
150	151	11.0
150	152	8.0
150	154	4.0
150	155	7.0
150	156	2.0
150	157	5.0
151	151	79.0
151	152	6.0
151	153	4.0
151	155	8.0
151	157	5.0
151	159	5.0
152	152	107.0
152	153	23.0
152	157	3.0
153	153	90.0
153	154	12.0
154	154	35.0
154	155	12.0
154	156	2.0
155	155	62.0
155	156	16.0
155	157	11.0
156	156	65.0
156	157	12.0
156	158	1.0
156	159	2.0
157	157	101.0
157	158	10.0
157	159	3.0
158	158	60.0
158	159	5.0
159	159	59.0
