3	3	170.0
3	4	35.0
3	19	1.0
3	20	2.0
3	60	1.0
3	72	1.0
3	77	1.0
4	4	183.0
4	5	8.0
4	8	1.0
4	10	1.0
4	18	2.0
4	19	1.0
4	20	3.0
4	22	4.0
4	23	2.0
4	24	4.0
4	25	2.0
4	54	3.0
4	65	1.0
4	73	1.0
5	5	107.0
5	6	6.0
5	7	16.0
5	8	4.0
5	9	6.0
5	10	3.0
5	11	3.0
5	12	8.0
5	13	1.0
5	24	3.0
5	25	8.0
5	62	1.0
5	76	1.0
5	100	1.0
6	6	68.0
6	7	20.0
6	8	4.0
6	9	4.0
6	10	2.0
6	11	13.0
6	12	5.0
6	30	1.0
7	7	88.0
7	8	24.0
7	9	3.0
7	72	1.0
7	84	1.0
8	8	146.0
8	9	11.0
8	12	9.0
8	13	4.0
8	16	6.0
8	22	1.0
8	31	1.0
8	71	2.0
8	72	3.0
8	89	1.0
8	100	1.0
9	9	86.0
9	10	50.0
9	11	13.0
9	12	4.0
9	13	6.0
9	15	1.0
9	16	4.0
9	25	2.0
9	30	3.0
9	32	1.0
10	10	81.0
10	11	17.0
10	12	1.0
10	25	3.0
10	26	1.0
10	30	3.0
11	11	177.0
11	12	26.0
11	13	1.0
11	14	1.0
11	20	1.0
11	25	1.0
11	26	2.0
11	30	8.0
11	31	1.0
12	12	137.0
12	13	21.0
12	14	1.0
12	15	1.0
12	16	10.0
12	19	2.0
12	25	10.0
12	30	4.0
12	31	1.0
13	13	105.0
13	14	34.0
13	15	15.0
13	16	5.0
13	17	2.0
13	31	3.0
13	32	1.0
13	36	1.0
13	37	5.0
13	38	3.0
13	43	5.0
13	44	2.0
13	79	1.0
14	14	115.0
14	15	19.0
14	16	3.0
14	17	1.0
14	32	1.0
14	40	1.0
14	43	14.0
14	44	6.0
14	53	1.0
15	15	74.0
15	16	18.0
15	29	1.0
15	30	8.0
15	31	5.0
15	32	3.0
15	37	8.0
15	38	4.0
15	83	1.0
15	100	1.0
16	16	131.0
16	17	7.0
16	23	5.0
16	24	3.0
16	25	19.0
16	26	1.0
16	30	1.0
16	31	3.0
16	37	7.0
16	38	5.0
16	79	1.0
16	100	3.0
16	111	1.0
17	17	167.0
17	20	1.0
17	22	4.0
17	23	1.0
17	24	3.0
17	31	16.0
17	110	3.0
18	18	15.0
18	19	2.0
18	21	2.0
18	22	3.0
18	23	3.0
18	24	1.0
18	26	1.0
18	32	1.0
18	51	2.0
18	56	1.0
18	77	1.0
19	19	17.0
19	20	5.0
19	21	1.0
19	22	3.0
19	23	2.0
19	24	1.0
19	73	3.0
19	77	1.0
20	20	41.0
20	21	20.0
20	22	2.0
20	26	1.0
20	73	1.0
20	77	1.0
20	78	3.0
21	21	90.0
21	22	1.0
21	23	2.0
21	27	2.0
21	28	14.0
21	52	1.0
21	76	11.0
21	77	3.0
21	78	2.0
21	79	1.0
22	22	2.0
22	23	1.0
22	24	1.0
22	27	1.0
23	23	5.0
23	24	3.0
23	25	7.0
23	57	1.0
24	24	106.0
24	25	20.0
24	26	9.0
24	27	1.0
24	29	4.0
24	31	22.0
24	32	10.0
24	33	1.0
24	35	2.0
24	36	2.0
24	37	3.0
24	39	1.0
24	40	1.0
25	25	117.0
25	26	31.0
25	29	3.0
25	30	13.0
25	31	10.0
25	37	1.0
25	51	1.0
26	26	91.0
26	27	13.0
26	28	4.0
26	29	21.0
26	30	25.0
26	31	5.0
26	32	1.0
26	36	6.0
26	37	4.0
27	27	105.0
27	28	55.0
27	29	12.0
27	34	2.0
27	36	3.0
27	37	1.0
27	50	1.0
27	51	1.0
28	28	161.0
28	29	32.0
28	31	11.0
28	32	2.0
28	50	1.0
28	51	4.0
28	57	2.0
29	29	84.0
29	30	7.0
29	31	6.0
29	32	9.0
29	33	1.0
29	36	13.0
29	37	3.0
29	50	8.0
29	57	2.0
30	30	79.0
30	31	16.0
31	31	187.0
31	32	19.0
31	33	1.0
31	44	1.0
31	52	1.0
31	55	1.0
31	76	2.0
31	91	1.0
32	32	115.0
32	33	32.0
32	34	4.0
32	35	7.0
32	36	11.0
32	38	1.0
32	39	5.0
32	40	10.0
32	42	3.0
32	43	1.0
32	44	6.0
32	51	1.0
32	52	1.0
32	53	1.0
32	90	1.0
32	100	8.0
32	101	1.0
32	119	3.0
33	33	76.0
33	34	14.0
33	35	11.0
33	36	2.0
33	39	1.0
33	41	1.0
33	42	7.0
33	43	1.0
33	44	3.0
33	51	1.0
33	53	5.0
33	64	1.0
33	118	1.0
33	119	3.0
34	34	47.0
34	35	17.0
34	36	1.0
34	42	13.0
34	43	5.0
34	44	13.0
34	52	3.0
34	53	15.0
34	54	3.0
34	64	2.0
35	35	99.0
35	36	19.0
35	37	3.0
35	38	3.0
35	39	14.0
35	40	1.0
35	41	4.0
35	42	4.0
35	44	4.0
35	45	3.0
35	46	1.0
35	47	2.0
35	49	1.0
35	52	9.0
35	53	1.0
35	54	1.0
36	36	111.0
36	37	15.0
36	38	1.0
36	39	9.0
36	40	1.0
36	45	2.0
36	47	1.0
36	48	5.0
36	49	9.0
36	54	3.0
36	74	3.0
37	37	101.0
37	38	17.0
37	39	6.0
37	43	2.0
37	48	2.0
37	52	1.0
38	38	79.0
38	39	38.0
38	40	3.0
38	42	1.0
38	43	8.0
38	48	3.0
38	51	5.0
38	74	3.0
38	75	2.0
39	39	88.0
39	40	16.0
39	43	1.0
39	48	3.0
39	49	3.0
39	51	2.0
39	53	9.0
39	73	1.0
39	74	4.0
39	85	1.0
40	40	202.0
40	41	22.0
40	42	9.0
40	44	2.0
40	45	10.0
40	46	6.0
40	47	7.0
40	49	1.0
40	52	4.0
40	53	16.0
40	54	30.0
40	56	1.0
40	68	2.0
40	69	4.0
40	79	1.0
40	84	1.0
41	41	67.0
41	42	15.0
41	44	14.0
41	45	10.0
41	46	10.0
41	47	1.0
41	49	1.0
41	54	2.0
41	67	3.0
41	75	1.0
41	79	9.0
42	42	71.0
42	43	13.0
42	44	12.0
42	45	4.0
42	47	2.0
42	52	1.0
43	43	74.0
43	44	35.0
43	45	2.0
43	52	9.0
43	53	4.0
43	78	3.0
44	44	102.0
44	45	21.0
44	52	2.0
44	53	11.0
44	78	6.0
44	79	11.0
45	45	92.0
45	46	17.0
45	47	5.0
45	49	5.0
45	52	1.0
45	53	4.0
45	54	4.0
45	78	1.0
45	79	4.0
46	46	84.0
46	47	28.0
46	49	3.0
46	66	3.0
46	67	1.0
46	68	8.0
46	74	1.0
46	79	1.0
46	108	2.0
47	47	75.0
47	48	12.0
47	49	10.0
47	50	2.0
47	52	1.0
47	53	2.0
47	54	10.0
47	66	1.0
47	67	1.0
47	68	3.0
47	74	6.0
48	48	62.0
48	49	21.0
48	50	4.0
48	52	8.0
48	54	3.0
48	56	1.0
48	60	2.0
48	61	7.0
48	62	3.0
48	63	2.0
48	64	5.0
48	65	1.0
48	74	4.0
48	75	7.0
49	49	55.0
49	50	12.0
49	51	3.0
49	54	1.0
49	56	2.0
49	61	9.0
49	62	15.0
49	63	3.0
49	64	2.0
49	65	1.0
49	67	1.0
49	74	7.0
49	75	3.0
50	50	93.0
50	51	17.0
50	55	1.0
50	56	6.0
50	57	7.0
50	58	4.0
50	59	2.0
50	60	2.0
50	61	3.0
50	62	3.0
50	67	1.0
50	72	3.0
50	74	1.0
50	75	2.0
51	51	162.0
51	52	16.0
51	58	2.0
51	62	1.0
51	63	2.0
51	64	10.0
51	65	2.0
51	69	3.0
51	72	3.0
51	73	7.0
51	74	2.0
51	75	5.0
52	52	193.0
52	53	22.0
52	54	12.0
52	64	11.0
52	75	1.0
52	106	1.0
53	53	116.0
53	54	13.0
53	64	3.0
54	54	193.0
54	55	7.0
54	56	1.0
54	65	1.0
54	69	5.0
54	70	2.0
54	71	3.0
54	75	12.0
54	78	2.0
54	84	1.0
55	55	149.0
55	56	15.0
55	57	15.0
55	58	2.0
55	59	1.0
55	62	1.0
55	69	4.0
55	70	2.0
55	71	1.0
55	72	4.0
55	73	1.0
55	75	3.0
55	76	1.0
55	77	8.0
55	78	1.0
55	85	2.0
55	86	18.0
55	101	1.0
56	56	128.0
56	57	22.0
56	62	2.0
56	66	1.0
56	69	16.0
56	73	15.0
56	75	8.0
56	86	1.0
57	57	157.0
57	58	18.0
57	66	20.0
57	67	9.0
57	69	4.0
57	71	1.0
57	73	11.0
57	75	4.0
57	76	1.0
57	86	1.0
57	87	10.0
57	88	2.0
58	58	109.0
58	59	6.0
58	61	1.0
58	65	2.0
58	66	4.0
58	71	13.0
58	72	5.0
58	76	1.0
58	87	2.0
58	88	9.0
59	59	100.0
59	60	37.0
59	61	10.0
59	62	4.0
59	63	1.0
59	64	3.0
59	65	17.0
59	66	4.0
59	71	4.0
59	72	13.0
59	73	1.0
59	88	1.0
60	60	87.0
60	61	40.0
60	62	5.0
60	65	8.0
60	66	7.0
60	73	1.0
60	74	13.0
61	61	76.0
61	62	25.0
61	65	1.0
61	74	5.0
61	75	1.0
62	62	88.0
62	63	8.0
62	64	4.0
63	63	80.0
63	64	34.0
63	65	2.0
63	66	10.0
63	67	4.0
63	68	3.0
64	64	86.0
64	65	15.0
64	66	3.0
64	67	1.0
64	70	1.0
64	88	9.0
65	65	103.0
65	66	31.0
65	68	1.0
65	69	1.0
65	72	1.0
65	73	8.0
65	74	13.0
65	76	1.0
65	79	1.0
65	87	1.0
65	98	1.0
65	99	1.0
66	66	100.0
66	67	23.0
66	68	2.0
66	69	7.0
66	73	1.0
66	74	9.0
66	81	1.0
66	91	1.0
66	111	1.0
67	67	69.0
67	68	38.0
67	69	12.0
67	87	1.0
68	68	99.0
68	69	15.0
68	87	1.0
69	69	211.0
69	70	27.0
69	72	3.0
69	73	2.0
69	74	1.0
69	75	2.0
69	79	4.0
69	81	2.0
69	86	2.0
69	87	9.0
69	99	2.0
70	70	221.0
70	71	21.0
70	72	10.0
70	73	2.0
70	78	3.0
70	84	1.0
70	85	1.0
70	86	3.0
70	87	3.0
70	88	1.0
70	93	1.0
70	111	1.0
71	71	142.0
71	72	34.0
71	78	2.0
71	81	1.0
71	89	4.0
72	72	178.0
72	73	16.0
72	81	3.0
72	84	3.0
73	73	170.0
73	74	3.0
73	75	5.0
73	76	2.0
73	77	6.0
74	74	38.0
74	75	16.0
75	75	57.0
75	76	19.0
75	77	6.0
75	79	3.0
75	103	1.0
76	76	179.0
76	77	16.0
76	78	9.0
76	79	10.0
76	80	6.0
76	112	1.0
77	77	141.0
77	78	14.0
77	83	1.0
78	78	105.0
78	79	19.0
78	83	2.0
79	79	212.0
79	80	31.0
79	81	1.0
79	82	11.0
79	86	1.0
79	91	7.0
79	98	4.0
79	99	24.0
79	100	7.0
79	112	4.0
80	80	214.0
80	81	28.0
80	82	1.0
80	85	2.0
80	86	3.0
80	91	5.0
80	111	1.0
80	112	5.0
80	113	2.0
81	81	161.0
81	82	20.0
81	83	6.0
81	84	4.0
81	85	8.0
81	86	4.0
81	87	1.0
81	89	1.0
82	82	141.0
82	83	45.0
82	84	7.0
82	85	2.0
83	83	189.0
83	84	39.0
83	105	1.0
84	84	198.0
84	85	33.0
84	99	1.0
85	85	198.0
85	86	36.0
85	102	1.0
86	86	245.0
86	87	20.0
86	98	1.0
86	100	3.0
86	101	10.0
86	102	5.0
87	87	101.0
87	88	12.0
87	90	1.0
87	92	1.0
87	93	4.0
87	94	1.0
87	97	3.0
87	98	4.0
87	99	3.0
87	100	2.0
87	101	2.0
87	102	7.0
88	88	121.0
88	89	42.0
88	90	8.0
88	91	1.0
88	92	13.0
88	93	6.0
88	97	5.0
88	98	2.0
89	89	84.0
89	90	22.0
89	91	13.0
89	93	7.0
89	94	3.0
89	96	2.0
89	99	3.0
89	100	2.0
90	90	92.0
90	91	27.0
90	94	2.0
90	97	5.0
90	98	2.0
90	99	12.0
90	100	14.0
90	101	3.0
90	110	2.0
90	111	1.0
90	114	2.0
90	115	5.0
91	91	131.0
91	92	5.0
91	93	1.0
91	94	7.0
91	96	2.0
91	98	7.0
91	99	15.0
91	100	2.0
91	101	5.0
91	110	1.0
91	114	2.0
91	115	2.0
91	116	7.0
91	117	2.0
92	92	115.0
92	93	43.0
92	94	16.0
92	98	2.0
92	99	15.0
92	105	1.0
92	110	1.0
92	116	10.0
92	117	2.0
93	93	79.0
93	94	23.0
93	95	13.0
93	96	4.0
93	116	2.0
94	94	63.0
94	95	54.0
94	96	12.0
94	97	3.0
94	98	4.0
94	113	2.0
94	116	3.0
94	117	1.0
95	95	81.0
95	96	30.0
95	97	2.0
95	98	7.0
95	105	1.0
95	116	1.0
95	118	1.0
96	96	90.0
96	97	20.0
96	98	11.0
96	114	4.0
96	115	3.0
96	116	3.0
97	97	85.0
97	98	49.0
97	110	1.0
97	114	4.0
97	115	1.0
97	116	3.0
98	98	144.0
98	99	12.0
98	100	7.0
98	112	4.0
98	114	1.0
98	115	2.0
98	116	5.0
99	99	191.0
99	100	57.0
99	101	2.0
99	110	6.0
99	111	2.0
99	112	1.0
99	116	10.0
100	100	246.0
100	101	19.0
100	110	15.0
100	112	5.0
100	113	9.0
101	101	100.0
101	102	20.0
101	105	2.0
101	106	4.0
101	110	14.0
101	113	1.0
101	117	13.0
101	118	1.0
101	119	2.0
102	102	221.0
102	103	25.0
102	104	3.0
102	105	7.0
102	106	1.0
102	107	1.0
102	108	4.0
102	110	23.0
102	112	6.0
102	113	2.0
103	103	107.0
103	104	38.0
103	105	4.0
103	106	3.0
103	107	8.0
103	108	10.0
103	109	2.0
103	110	2.0
103	113	5.0
103	115	6.0
104	104	148.0
104	105	53.0
104	107	14.0
104	108	1.0
104	109	8.0
104	113	13.0
104	114	6.0
105	105	124.0
105	106	14.0
105	107	2.0
105	108	5.0
105	110	18.0
105	111	1.0
105	112	11.0
105	113	1.0
105	116	6.0
105	117	1.0
105	118	7.0
105	119	2.0
106	106	107.0
106	107	36.0
106	108	5.0
106	109	20.0
106	110	4.0
106	114	2.0
106	115	4.0
106	117	5.0
106	118	17.0
106	119	1.0
107	107	95.0
107	108	14.0
107	109	18.0
107	110	11.0
107	114	2.0
107	115	9.0
108	108	180.0
108	109	8.0
108	110	12.0
108	116	1.0
109	109	83.0
109	110	8.0
109	113	9.0
109	114	20.0
109	115	7.0
109	116	6.0
109	117	6.0
110	110	191.0
110	111	1.0
110	112	2.0
110	113	5.0
110	115	3.0
110	117	2.0
111	111	210.0
111	112	23.0
112	112	202.0
112	113	28.0
112	116	4.0
113	113	71.0
113	114	21.0
113	115	15.0
113	116	1.0
114	114	72.0
114	115	24.0
114	116	1.0
114	117	2.0
114	118	3.0
114	119	1.0
115	115	36.0
115	116	6.0
116	116	174.0
116	117	39.0
116	118	1.0
117	117	113.0
117	118	15.0
117	119	3.0
118	118	124.0
118	119	19.0
119	119	115.0
119	120	7.0
120	120	1.0
