3	3	65.0
3	4	21.0
3	12	2.0
3	13	2.0
3	15	2.0
3	17	1.0
3	18	1.0
3	27	2.0
3	28	1.0
3	35	1.0
4	4	49.0
4	5	9.0
4	6	2.0
4	7	4.0
4	8	1.0
4	10	8.0
4	11	6.0
4	12	5.0
4	13	2.0
4	15	4.0
4	20	1.0
4	41	1.0
4	42	3.0
4	46	7.0
4	79	1.0
5	5	65.0
5	6	21.0
5	7	16.0
5	8	4.0
5	9	1.0
5	10	2.0
5	11	1.0
5	12	1.0
5	14	1.0
5	15	4.0
5	16	1.0
5	17	1.0
5	42	1.0
5	43	1.0
5	46	3.0
5	47	1.0
5	48	3.0
5	49	1.0
6	6	43.0
6	7	25.0
6	8	4.0
6	10	1.0
6	11	1.0
6	25	1.0
6	28	1.0
7	7	74.0
7	8	15.0
7	9	3.0
7	10	2.0
7	11	1.0
7	12	6.0
7	14	4.0
7	15	4.0
7	16	3.0
7	17	1.0
7	27	3.0
7	72	1.0
8	8	61.0
8	9	11.0
8	10	1.0
8	11	5.0
8	12	9.0
8	17	1.0
8	23	1.0
8	25	1.0
8	26	1.0
8	27	2.0
8	28	7.0
8	54	1.0
9	9	73.0
9	10	20.0
9	11	16.0
9	12	10.0
9	42	1.0
9	44	5.0
9	74	2.0
10	10	63.0
10	11	14.0
10	12	12.0
10	13	1.0
10	15	5.0
10	16	14.0
10	25	1.0
10	29	2.0
10	42	4.0
10	44	1.0
10	81	1.0
10	87	1.0
11	11	63.0
11	12	28.0
11	13	1.0
11	15	3.0
11	16	7.0
11	17	8.0
11	21	1.0
11	41	1.0
11	51	1.0
11	55	1.0
12	12	69.0
12	13	17.0
12	14	14.0
12	15	3.0
12	16	2.0
12	27	1.0
12	46	1.0
13	13	82.0
13	14	37.0
13	15	3.0
13	16	8.0
13	17	1.0
13	28	2.0
13	36	1.0
13	40	2.0
13	41	1.0
14	14	62.0
14	15	21.0
14	16	10.0
14	17	3.0
14	27	2.0
14	31	1.0
14	35	1.0
14	36	1.0
14	72	1.0
15	15	39.0
15	16	10.0
15	20	1.0
15	40	1.0
16	16	82.0
16	17	6.0
16	18	2.0
16	21	2.0
16	27	1.0
16	38	2.0
16	39	2.0
16	40	1.0
16	42	1.0
16	53	1.0
17	17	50.0
17	18	12.0
17	19	2.0
17	20	9.0
17	29	1.0
17	31	1.0
17	35	2.0
17	36	6.0
17	51	1.0
17	85	1.0
18	18	4.0
18	19	3.0
18	23	1.0
18	24	1.0
18	35	2.0
18	40	1.0
18	45	1.0
19	19	10.0
19	21	1.0
19	23	1.0
20	20	10.0
20	21	6.0
20	24	2.0
21	21	52.0
21	22	1.0
21	23	1.0
21	31	1.0
22	22	2.0
23	23	3.0
24	24	37.0
24	25	18.0
24	26	2.0
24	33	1.0
24	52	1.0
24	54	2.0
25	25	83.0
25	26	33.0
25	27	1.0
25	28	1.0
25	32	4.0
25	38	1.0
26	26	83.0
26	27	9.0
26	28	4.0
26	29	1.0
26	31	1.0
26	54	1.0
26	65	1.0
26	96	1.0
27	27	82.0
27	28	25.0
27	29	4.0
27	31	2.0
27	35	1.0
27	51	1.0
27	52	1.0
27	53	1.0
27	116	1.0
28	28	76.0
28	29	21.0
28	30	8.0
28	32	1.0
28	34	3.0
28	35	3.0
28	40	1.0
28	46	1.0
28	48	1.0
28	51	1.0
28	52	4.0
28	53	3.0
28	54	1.0
29	29	97.0
29	30	16.0
29	31	6.0
29	34	1.0
29	37	1.0
29	52	1.0
29	53	1.0
30	30	84.0
30	31	26.0
30	33	3.0
30	34	2.0
30	35	2.0
30	51	2.0
30	96	1.0
31	31	77.0
31	32	9.0
31	34	1.0
31	35	1.0
31	36	1.0
31	51	3.0
31	52	1.0
32	32	86.0
32	33	16.0
32	34	3.0
32	36	1.0
32	53	2.0
32	114	1.0
33	33	42.0
33	34	9.0
33	35	3.0
33	52	1.0
33	53	5.0
33	54	5.0
34	34	42.0
34	35	21.0
34	36	1.0
34	52	1.0
34	53	2.0
34	54	1.0
34	104	1.0
35	35	61.0
35	36	20.0
35	37	2.0
35	43	1.0
35	49	1.0
35	52	5.0
35	53	2.0
36	36	74.0
36	37	14.0
36	38	1.0
36	39	1.0
36	43	7.0
36	45	1.0
36	51	1.0
37	37	63.0
37	38	18.0
37	39	1.0
37	41	7.0
37	42	5.0
37	43	1.0
37	44	1.0
37	51	1.0
37	65	1.0
37	79	1.0
38	38	52.0
38	39	37.0
38	40	6.0
38	41	6.0
38	51	3.0
38	52	2.0
38	57	1.0
38	58	1.0
38	64	1.0
39	39	75.0
39	40	25.0
39	41	14.0
39	42	1.0
39	57	1.0
40	40	81.0
40	41	19.0
40	42	2.0
40	46	1.0
40	51	4.0
40	56	1.0
40	57	2.0
40	58	4.0
40	62	1.0
40	66	1.0
40	94	1.0
41	41	47.0
41	42	12.0
41	43	4.0
41	49	8.0
41	56	2.0
41	57	4.0
41	59	2.0
41	65	1.0
41	66	4.0
42	42	45.0
42	43	25.0
42	44	5.0
42	45	1.0
42	46	1.0
42	49	1.0
42	59	5.0
42	66	5.0
42	105	1.0
43	43	51.0
43	44	7.0
43	45	5.0
43	65	2.0
43	66	9.0
43	68	1.0
44	44	80.0
44	45	20.0
44	46	2.0
44	55	1.0
45	45	79.0
45	46	20.0
45	47	2.0
45	48	2.0
45	49	2.0
45	50	1.0
46	46	68.0
46	47	18.0
46	48	5.0
46	49	2.0
46	50	1.0
46	54	2.0
46	63	2.0
46	66	1.0
47	47	55.0
47	48	22.0
47	49	7.0
47	50	5.0
47	75	1.0
48	48	61.0
48	49	19.0
48	50	4.0
48	55	2.0
48	57	1.0
48	62	2.0
48	63	2.0
48	65	2.0
48	66	1.0
49	49	54.0
49	50	22.0
49	59	1.0
49	63	2.0
49	66	4.0
49	67	2.0
50	50	61.0
50	51	21.0
50	52	1.0
50	55	1.0
50	64	1.0
50	66	1.0
50	83	1.0
51	51	69.0
51	52	16.0
51	53	2.0
51	64	1.0
51	65	2.0
51	66	1.0
51	67	3.0
51	68	1.0
51	69	2.0
52	52	73.0
52	53	32.0
52	54	8.0
52	60	1.0
52	64	5.0
52	65	1.0
52	70	1.0
52	96	1.0
52	117	1.0
53	53	82.0
53	54	23.0
53	55	1.0
53	61	1.0
53	63	3.0
53	64	16.0
53	69	4.0
53	70	1.0
54	54	71.0
54	55	4.0
54	59	1.0
54	62	3.0
54	63	1.0
54	64	9.0
54	69	5.0
54	92	1.0
55	55	52.0
55	56	5.0
55	61	3.0
55	63	5.0
55	65	3.0
55	68	1.0
55	69	2.0
56	56	92.0
56	57	17.0
56	58	4.0
56	59	3.0
56	60	1.0
56	61	2.0
56	62	2.0
56	63	2.0
56	64	4.0
56	65	2.0
56	80	3.0
56	81	3.0
56	83	1.0
57	57	49.0
57	58	25.0
57	60	5.0
57	61	2.0
57	66	3.0
57	67	1.0
57	69	1.0
57	78	6.0
57	81	6.0
57	82	1.0
57	95	1.0
58	58	88.0
58	59	18.0
58	60	10.0
58	62	1.0
58	66	4.0
58	68	1.0
58	83	1.0
58	105	1.0
59	59	65.0
59	60	13.0
59	61	5.0
59	62	2.0
59	63	3.0
59	66	2.0
60	60	46.0
60	61	22.0
60	62	5.0
60	63	6.0
60	64	2.0
60	65	1.0
60	66	3.0
60	76	1.0
61	61	53.0
61	62	30.0
61	63	7.0
61	64	2.0
61	65	3.0
62	62	57.0
62	63	20.0
62	64	12.0
63	63	46.0
63	64	25.0
63	67	1.0
63	68	1.0
63	69	2.0
64	64	42.0
64	65	11.0
64	66	6.0
64	68	1.0
64	69	2.0
64	113	1.0
65	65	71.0
65	66	19.0
65	67	22.0
65	68	1.0
65	69	5.0
65	81	1.0
66	66	68.0
66	67	23.0
66	68	15.0
66	69	1.0
66	77	1.0
66	78	2.0
67	67	28.0
67	68	20.0
67	69	1.0
68	68	64.0
68	69	14.0
68	73	3.0
68	74	2.0
68	81	1.0
68	98	1.0
69	69	66.0
69	70	10.0
69	72	1.0
69	73	2.0
69	74	1.0
69	75	1.0
69	76	1.0
69	78	4.0
70	70	95.0
70	71	23.0
70	72	8.0
70	74	2.0
70	75	4.0
71	71	86.0
71	72	34.0
71	73	3.0
71	74	6.0
71	75	2.0
71	78	1.0
71	81	1.0
71	82	1.0
72	72	65.0
72	73	21.0
72	74	13.0
72	75	7.0
72	78	1.0
72	82	1.0
72	84	2.0
73	73	74.0
73	74	25.0
73	75	8.0
73	78	1.0
73	79	1.0
73	80	1.0
73	82	13.0
73	83	1.0
73	85	1.0
74	74	27.0
74	75	13.0
74	78	5.0
74	82	10.0
74	84	1.0
74	93	1.0
75	75	20.0
75	76	8.0
75	79	1.0
75	81	3.0
76	76	74.0
76	77	23.0
76	78	4.0
76	79	6.0
76	80	2.0
76	83	1.0
76	85	4.0
76	86	8.0
76	87	3.0
76	91	1.0
76	101	1.0
76	112	1.0
77	77	62.0
77	78	18.0
77	79	10.0
77	80	1.0
77	81	2.0
77	83	1.0
77	85	1.0
77	115	1.0
78	78	64.0
78	79	18.0
78	80	15.0
78	81	1.0
78	82	1.0
78	83	2.0
78	85	4.0
78	86	1.0
79	79	77.0
79	80	26.0
79	81	13.0
79	82	4.0
79	83	8.0
79	86	2.0
80	80	83.0
80	81	17.0
80	82	4.0
80	83	7.0
80	86	1.0
80	107	2.0
81	81	73.0
81	82	23.0
81	83	2.0
81	84	1.0
81	89	1.0
82	82	76.0
82	83	11.0
82	84	1.0
82	86	1.0
82	99	1.0
83	83	83.0
83	84	14.0
83	85	1.0
83	86	1.0
83	104	1.0
83	105	1.0
84	84	116.0
84	85	13.0
84	110	1.0
84	114	1.0
85	85	96.0
85	86	36.0
85	87	3.0
85	88	3.0
85	89	2.0
85	99	1.0
85	100	1.0
85	102	1.0
85	110	1.0
85	111	2.0
86	86	78.0
86	87	23.0
86	88	8.0
86	89	2.0
86	98	1.0
86	99	1.0
86	100	2.0
86	102	1.0
86	103	1.0
86	104	2.0
86	106	1.0
86	109	1.0
87	87	50.0
87	88	20.0
87	89	3.0
87	94	4.0
87	99	4.0
87	104	1.0
87	113	1.0
88	88	58.0
88	89	22.0
88	90	2.0
88	94	7.0
88	95	3.0
88	96	1.0
88	104	4.0
88	106	1.0
88	115	1.0
89	89	74.0
89	90	25.0
89	91	2.0
89	93	1.0
89	94	13.0
89	95	27.0
89	96	4.0
89	99	1.0
89	109	1.0
90	90	72.0
90	91	20.0
90	92	14.0
90	93	4.0
90	94	10.0
90	95	12.0
90	96	7.0
90	97	8.0
90	98	3.0
90	99	4.0
90	100	1.0
90	103	2.0
90	105	4.0
90	107	1.0
90	109	1.0
90	110	1.0
90	116	1.0
91	91	77.0
91	92	38.0
91	93	4.0
91	94	2.0
91	95	13.0
91	96	2.0
91	97	3.0
91	100	8.0
91	101	2.0
91	102	2.0
91	103	2.0
91	104	1.0
91	105	3.0
91	107	1.0
91	118	1.0
92	92	79.0
92	93	27.0
92	94	5.0
92	95	3.0
92	96	1.0
92	98	1.0
92	100	3.0
92	101	1.0
92	103	2.0
92	105	8.0
93	93	73.0
93	94	15.0
93	95	5.0
93	96	8.0
93	97	2.0
93	98	2.0
93	100	1.0
93	101	2.0
93	107	1.0
93	108	1.0
93	114	2.0
93	115	1.0
93	117	1.0
94	94	58.0
94	95	22.0
94	96	3.0
94	98	1.0
95	95	65.0
95	96	13.0
95	97	12.0
95	98	5.0
95	99	4.0
95	100	1.0
95	104	2.0
95	107	1.0
96	96	65.0
96	97	36.0
96	98	6.0
96	99	1.0
96	100	2.0
96	101	1.0
96	104	4.0
96	105	1.0
96	106	1.0
96	108	2.0
96	113	3.0
96	114	1.0
97	97	66.0
97	98	36.0
97	99	10.0
97	100	3.0
97	104	1.0
97	105	1.0
97	113	3.0
97	116	1.0
97	117	2.0
98	98	78.0
98	99	22.0
98	100	2.0
98	103	7.0
98	104	2.0
98	105	2.0
98	112	7.0
98	113	1.0
98	116	1.0
99	99	95.0
99	100	6.0
99	102	6.0
99	103	10.0
99	104	5.0
99	105	3.0
99	106	8.0
99	107	4.0
99	110	5.0
99	112	10.0
99	113	1.0
100	100	83.0
100	101	25.0
100	102	10.0
100	103	1.0
100	104	1.0
100	106	5.0
100	107	1.0
100	109	11.0
100	110	11.0
100	111	3.0
100	112	1.0
100	116	1.0
101	101	55.0
101	102	12.0
101	105	1.0
101	106	3.0
101	113	3.0
101	117	1.0
102	102	95.0
102	103	21.0
102	104	2.0
102	106	5.0
102	107	17.0
102	108	23.0
102	111	1.0
103	103	72.0
103	104	37.0
103	105	6.0
103	106	9.0
103	108	13.0
103	109	2.0
104	104	96.0
104	105	36.0
104	106	7.0
104	108	6.0
104	109	7.0
104	110	5.0
104	112	1.0
105	105	69.0
105	106	12.0
105	107	2.0
105	108	3.0
105	109	6.0
105	110	2.0
105	113	2.0
106	106	103.0
106	107	30.0
106	108	8.0
106	110	2.0
106	112	1.0
106	117	1.0
107	107	90.0
107	108	34.0
107	109	20.0
107	110	3.0
107	112	1.0
108	108	68.0
108	109	14.0
108	110	4.0
108	111	4.0
108	112	3.0
108	113	1.0
109	109	109.0
109	110	28.0
110	110	89.0
110	111	11.0
110	112	7.0
111	111	74.0
111	112	18.0
112	112	115.0
112	113	3.0
113	113	65.0
113	114	20.0
113	115	1.0
113	116	20.0
113	117	20.0
113	118	2.0
113	119	1.0
114	114	71.0
114	115	36.0
114	116	8.0
114	117	4.0
114	118	4.0
114	119	3.0
115	115	33.0
115	116	20.0
115	117	6.0
115	118	3.0
115	119	5.0
115	120	1.0
116	116	67.0
116	117	32.0
116	118	15.0
116	119	2.0
117	117	97.0
117	118	19.0
117	119	3.0
118	118	77.0
118	119	19.0
119	119	93.0
119	120	2.0
