1	1	222.0
1	2	3.0
1	4	1.0
1	70	1.0
1	91	3.0
2	1	1.0
2	2	180.0
2	3	2.0
2	13	1.0
2	17	1.0
2	33	1.0
2	69	1.0
2	70	1.0
2	82	1.0
3	2	3.0
3	3	244.0
3	4	3.0
3	28	1.0
3	57	2.0
4	3	5.0
4	4	233.0
4	5	3.0
4	11	2.0
4	86	1.0
5	4	4.0
5	5	218.0
5	6	7.0
5	7	1.0
5	8	1.0
5	79	1.0
6	5	7.0
6	6	205.0
6	7	3.0
7	6	3.0
7	7	226.0
7	8	13.0
8	7	12.0
8	8	209.0
8	9	1.0
8	58	1.0
9	8	3.0
9	9	194.0
9	10	3.0
9	11	3.0
9	63	1.0
9	65	1.0
10	3	1.0
10	7	1.0
10	8	1.0
10	9	5.0
10	10	218.0
10	11	3.0
11	10	2.0
11	11	207.0
11	12	2.0
12	10	1.0
12	11	3.0
12	12	182.0
12	13	9.0
12	14	1.0
12	71	1.0
13	12	13.0
13	13	225.0
13	14	3.0
13	15	2.0
13	47	1.0
14	12	3.0
14	13	2.0
14	14	152.0
14	15	2.0
14	16	1.0
14	17	1.0
14	25	2.0
14	79	1.0
15	14	1.0
15	15	148.0
15	16	3.0
15	18	2.0
15	61	1.0
16	15	2.0
16	16	94.0
16	18	1.0
16	19	1.0
17	16	3.0
17	17	191.0
17	18	3.0
17	19	4.0
18	15	1.0
18	16	4.0
18	17	3.0
18	18	83.0
18	67	1.0
19	16	1.0
19	17	1.0
19	18	3.0
19	19	206.0
19	20	4.0
19	21	4.0
19	27	2.0
19	31	1.0
20	17	1.0
20	19	3.0
20	20	191.0
20	21	6.0
20	22	1.0
21	19	1.0
21	20	1.0
21	21	120.0
21	22	2.0
21	23	2.0
21	26	1.0
21	29	1.0
22	4	1.0
22	20	1.0
22	21	3.0
22	22	198.0
22	23	5.0
22	25	1.0
22	66	1.0
22	88	1.0
23	21	1.0
23	22	5.0
23	23	225.0
23	24	4.0
24	23	4.0
24	24	204.0
24	25	5.0
25	3	1.0
25	16	1.0
25	22	1.0
25	24	2.0
25	25	189.0
25	26	3.0
25	27	4.0
25	28	1.0
26	19	2.0
26	21	5.0
26	24	2.0
26	25	8.0
26	26	211.0
26	27	5.0
27	23	1.0
27	25	9.0
27	26	6.0
27	27	224.0
27	28	1.0
27	29	2.0
28	15	1.0
28	24	1.0
28	25	2.0
28	27	3.0
28	28	163.0
28	29	2.0
29	2	1.0
29	12	1.0
29	14	1.0
29	18	1.0
29	28	1.0
29	29	124.0
29	30	2.0
29	88	2.0
30	18	1.0
30	29	2.0
30	30	171.0
30	31	6.0
30	66	2.0
30	68	1.0
30	69	2.0
30	91	1.0
31	20	1.0
31	30	2.0
31	31	175.0
31	32	5.0
31	33	1.0
31	58	1.0
31	88	1.0
32	31	1.0
32	32	109.0
32	33	2.0
33	32	3.0
33	33	130.0
33	34	2.0
33	46	4.0
33	71	1.0
34	34	222.0
34	35	2.0
34	46	5.0
35	32	1.0
35	34	1.0
35	35	63.0
35	48	1.0
35	55	1.0
46	33	2.0
46	34	3.0
46	46	303.0
46	47	2.0
47	46	2.0
47	47	208.0
47	48	3.0
47	49	1.0
48	46	1.0
48	47	1.0
48	48	201.0
48	49	6.0
49	5	1.0
49	48	1.0
49	49	270.0
49	50	1.0
49	53	1.0
49	77	1.0
50	20	1.0
50	33	1.0
50	48	2.0
50	49	2.0
50	50	211.0
50	51	5.0
51	50	2.0
51	51	212.0
51	52	2.0
51	53	5.0
51	64	1.0
51	65	2.0
51	86	1.0
52	51	6.0
52	52	222.0
52	53	5.0
52	54	2.0
52	63	2.0
52	65	3.0
53	51	4.0
53	52	2.0
53	53	186.0
53	68	1.0
54	54	205.0
54	55	8.0
54	63	2.0
54	64	1.0
54	65	1.0
54	66	1.0
54	68	1.0
54	86	2.0
54	87	1.0
55	53	2.0
55	54	5.0
55	55	203.0
55	56	1.0
55	59	1.0
55	62	5.0
55	63	1.0
55	64	3.0
55	85	3.0
56	8	1.0
56	55	2.0
56	56	223.0
56	57	13.0
56	60	2.0
56	61	1.0
57	56	2.0
57	57	178.0
57	58	1.0
57	67	2.0
57	68	1.0
58	48	1.0
58	57	1.0
58	58	178.0
58	59	1.0
58	60	1.0
58	61	4.0
58	62	1.0
58	64	1.0
58	66	1.0
58	67	5.0
58	86	1.0
59	55	1.0
59	59	196.0
59	60	6.0
59	61	2.0
59	62	3.0
59	63	1.0
59	64	3.0
59	85	1.0
60	55	1.0
60	58	3.0
60	59	2.0
60	60	188.0
60	61	3.0
60	62	5.0
60	64	1.0
61	55	1.0
61	57	1.0
61	58	2.0
61	59	2.0
61	60	4.0
61	61	183.0
61	62	3.0
61	64	2.0
61	85	2.0
62	46	1.0
62	51	1.0
62	55	2.0
62	58	1.0
62	59	3.0
62	60	4.0
62	61	5.0
62	62	163.0
62	63	3.0
62	64	1.0
62	90	1.0
63	9	2.0
63	52	1.0
63	54	1.0
63	55	1.0
63	59	1.0
63	60	2.0
63	61	1.0
63	62	1.0
63	63	167.0
63	64	3.0
63	66	1.0
64	10	1.0
64	47	1.0
64	52	1.0
64	54	3.0
64	55	1.0
64	56	2.0
64	59	1.0
64	63	4.0
64	64	164.0
64	65	6.0
64	66	1.0
64	86	1.0
65	9	1.0
65	51	1.0
65	52	1.0
65	54	1.0
65	61	1.0
65	63	3.0
65	64	3.0
65	65	192.0
65	66	3.0
65	86	1.0
66	9	2.0
66	24	1.0
66	53	1.0
66	58	1.0
66	59	1.0
66	63	1.0
66	64	1.0
66	65	2.0
66	66	201.0
66	67	2.0
66	68	3.0
66	86	1.0
67	11	1.0
67	30	1.0
67	57	1.0
67	58	3.0
67	66	4.0
67	67	224.0
68	30	1.0
68	53	1.0
68	54	2.0
68	66	2.0
68	67	4.0
68	68	186.0
68	69	1.0
68	70	1.0
68	91	1.0
69	2	1.0
69	21	1.0
69	30	1.0
69	67	1.0
69	68	2.0
69	69	212.0
70	15	2.0
70	70	136.0
70	71	2.0
70	73	1.0
70	74	2.0
71	49	1.0
71	70	1.0
71	71	170.0
71	72	3.0
71	73	1.0
71	74	1.0
72	72	211.0
72	73	1.0
72	74	3.0
72	75	3.0
72	77	1.0
73	72	5.0
73	73	199.0
73	74	4.0
73	76	1.0
74	70	2.0
74	72	6.0
74	73	1.0
74	74	181.0
74	75	5.0
74	76	1.0
74	78	1.0
75	33	1.0
75	71	1.0
75	74	4.0
75	75	193.0
75	76	2.0
75	77	1.0
75	78	1.0
75	79	1.0
75	80	1.0
76	72	1.0
76	73	2.0
76	75	1.0
76	76	182.0
76	77	7.0
76	78	1.0
76	81	2.0
77	72	1.0
77	76	5.0
77	77	202.0
77	78	5.0
77	79	1.0
77	80	2.0
77	86	1.0
78	75	2.0
78	77	1.0
78	78	190.0
78	79	4.0
78	80	5.0
78	81	2.0
79	75	2.0
79	77	5.0
79	78	11.0
79	79	210.0
79	80	7.0
80	74	1.0
80	75	3.0
80	76	1.0
80	78	5.0
80	79	3.0
80	80	201.0
80	81	3.0
81	77	1.0
81	78	1.0
81	80	3.0
81	81	215.0
81	82	3.0
82	74	1.0
82	81	1.0
82	82	216.0
82	83	12.0
83	81	1.0
83	82	6.0
83	83	213.0
83	84	3.0
84	83	2.0
84	84	204.0
84	85	1.0
85	14	2.0
85	55	1.0
85	84	2.0
85	85	232.0
85	86	4.0
85	87	5.0
85	88	6.0
86	54	2.0
86	59	2.0
86	65	3.0
86	79	1.0
86	84	1.0
86	85	4.0
86	86	211.0
86	87	7.0
86	89	2.0
87	32	1.0
87	55	2.0
87	59	1.0
87	60	1.0
87	64	1.0
87	85	6.0
87	86	5.0
87	87	208.0
87	88	6.0
88	85	5.0
88	87	5.0
88	88	173.0
88	89	4.0
89	9	1.0
89	88	2.0
89	89	205.0
90	90	44.0
91	1	1.0
91	32	1.0
91	70	1.0
91	91	201.0
