1	1	193.0
1	2	1.0
1	136	3.0
2	1	1.0
2	2	181.0
2	54	1.0
2	79	1.0
2	80	1.0
2	126	1.0
3	2	1.0
3	3	138.0
3	5	2.0
3	10	1.0
3	67	1.0
3	80	2.0
3	91	1.0
3	93	2.0
3	99	1.0
4	4	153.0
4	5	6.0
4	11	1.0
4	13	1.0
4	14	1.0
4	54	1.0
4	87	1.0
4	98	1.0
5	4	3.0
5	5	144.0
5	13	1.0
5	89	4.0
6	5	2.0
6	6	182.0
6	7	1.0
6	58	5.0
7	6	2.0
7	7	146.0
7	8	2.0
7	9	1.0
7	90	1.0
8	7	3.0
8	8	183.0
8	9	2.0
8	10	1.0
9	7	1.0
9	8	3.0
9	9	148.0
9	10	3.0
9	130	1.0
10	8	2.0
10	9	2.0
10	10	166.0
10	11	2.0
11	5	1.0
11	11	175.0
11	12	4.0
12	11	1.0
12	12	172.0
12	13	4.0
13	13	189.0
13	14	3.0
14	4	1.0
14	9	1.0
14	13	3.0
14	14	162.0
14	15	2.0
14	16	2.0
14	17	2.0
14	77	1.0
15	14	1.0
15	15	187.0
15	16	6.0
15	74	1.0
15	76	2.0
15	77	1.0
15	79	2.0
16	15	2.0
16	16	143.0
16	17	3.0
16	74	2.0
17	16	1.0
17	17	149.0
17	18	2.0
17	71	1.0
18	18	183.0
18	20	3.0
18	43	1.0
19	19	200.0
19	20	1.0
19	21	1.0
19	79	2.0
19	80	1.0
20	19	3.0
20	20	172.0
20	22	4.0
20	27	1.0
20	30	1.0
21	20	7.0
21	21	188.0
21	22	4.0
22	14	1.0
22	20	1.0
22	21	1.0
22	22	142.0
22	24	1.0
22	25	1.0
22	29	1.0
22	31	1.0
22	44	1.0
23	22	1.0
23	23	141.0
23	24	2.0
23	25	5.0
23	26	1.0
23	96	1.0
23	102	1.0
24	7	1.0
24	23	3.0
24	24	143.0
24	25	4.0
24	27	1.0
24	49	1.0
24	86	2.0
24	93	1.0
24	95	1.0
24	104	1.0
25	21	1.0
25	22	1.0
25	23	1.0
25	24	2.0
25	25	149.0
25	26	2.0
25	81	1.0
26	20	1.0
26	21	2.0
26	24	1.0
26	25	3.0
26	26	145.0
26	27	4.0
27	22	2.0
27	24	1.0
27	26	1.0
27	27	175.0
27	28	2.0
27	29	1.0
27	30	1.0
27	33	1.0
27	34	1.0
28	26	2.0
28	27	2.0
28	28	166.0
28	29	2.0
29	27	3.0
29	28	2.0
29	29	171.0
29	30	1.0
29	36	1.0
30	29	1.0
30	30	146.0
30	31	1.0
30	32	2.0
31	11	1.0
31	22	1.0
31	30	1.0
31	31	151.0
31	32	4.0
31	33	2.0
32	30	2.0
32	31	3.0
32	32	162.0
32	33	1.0
33	22	1.0
33	27	3.0
33	31	2.0
33	33	173.0
33	34	1.0
33	35	2.0
33	36	1.0
34	33	6.0
34	34	158.0
34	35	7.0
34	36	1.0
34	42	1.0
35	34	5.0
35	35	197.0
35	36	3.0
36	34	2.0
36	35	1.0
36	36	165.0
36	37	1.0
36	38	1.0
36	39	2.0
36	40	1.0
36	41	1.0
36	42	2.0
36	78	1.0
36	102	2.0
36	103	1.0
37	36	5.0
37	37	133.0
37	38	3.0
37	39	3.0
37	40	1.0
37	41	1.0
37	42	1.0
38	37	1.0
38	38	161.0
38	40	1.0
38	41	1.0
39	37	2.0
39	38	3.0
39	39	144.0
39	40	1.0
39	41	1.0
39	42	1.0
39	43	2.0
39	48	1.0
39	101	1.0
40	38	1.0
40	39	3.0
40	40	193.0
40	41	1.0
40	57	1.0
41	36	2.0
41	37	2.0
41	38	1.0
41	39	1.0
41	40	2.0
41	41	133.0
41	42	3.0
41	43	3.0
41	57	1.0
42	37	2.0
42	41	3.0
42	42	140.0
42	43	3.0
42	81	1.0
42	101	1.0
43	36	1.0
43	40	1.0
43	41	2.0
43	42	2.0
43	43	142.0
43	44	2.0
44	36	2.0
44	43	2.0
44	44	171.0
44	45	2.0
44	85	1.0
44	86	2.0
45	30	1.0
45	45	175.0
45	67	1.0
45	86	2.0
45	113	1.0
45	136	1.0
46	12	1.0
46	46	184.0
46	68	1.0
47	47	168.0
47	48	3.0
47	76	4.0
47	80	2.0
48	47	1.0
48	48	171.0
48	49	2.0
48	50	3.0
48	51	1.0
48	54	2.0
49	48	2.0
49	49	101.0
49	88	1.0
49	89	2.0
50	48	2.0
50	50	129.0
50	123	1.0
51	48	1.0
51	50	2.0
51	51	60.0
51	125	1.0
54	48	1.0
54	54	39.0
55	1	1.0
55	50	1.0
55	51	1.0
55	54	2.0
55	55	143.0
56	56	148.0
56	57	1.0
56	79	2.0
57	24	1.0
57	46	1.0
57	56	1.0
57	57	170.0
57	58	3.0
57	59	1.0
57	60	1.0
58	5	1.0
58	6	1.0
58	27	1.0
58	55	1.0
58	56	1.0
58	57	2.0
58	58	150.0
58	59	1.0
59	57	1.0
59	58	1.0
59	59	182.0
59	60	4.0
59	83	2.0
60	57	1.0
60	59	1.0
60	60	148.0
61	61	192.0
61	62	1.0
62	61	2.0
62	62	173.0
62	63	3.0
62	83	1.0
63	55	1.0
63	62	3.0
63	63	158.0
64	62	1.0
64	64	183.0
64	102	1.0
65	64	1.0
65	65	178.0
66	66	187.0
66	80	1.0
67	46	1.0
67	67	163.0
67	68	2.0
67	69	1.0
67	85	1.0
68	46	3.0
68	67	2.0
68	68	211.0
68	69	2.0
69	44	1.0
69	45	3.0
69	67	3.0
69	68	5.0
69	69	175.0
70	69	4.0
70	70	179.0
70	85	4.0
70	86	1.0
71	17	1.0
71	70	1.0
71	71	173.0
71	134	1.0
72	16	2.0
72	71	1.0
72	72	174.0
72	73	4.0
72	75	1.0
72	83	2.0
73	15	1.0
73	17	1.0
73	71	1.0
73	72	1.0
73	73	154.0
73	74	1.0
74	16	2.0
74	72	1.0
74	73	2.0
74	74	150.0
74	77	1.0
75	15	1.0
75	16	2.0
75	46	2.0
75	73	1.0
75	75	181.0
75	76	4.0
75	82	1.0
75	83	1.0
76	15	2.0
76	74	1.0
76	75	3.0
76	76	200.0
76	77	3.0
77	15	1.0
77	24	1.0
77	49	1.0
77	75	1.0
77	76	4.0
77	77	149.0
77	78	2.0
77	79	1.0
77	80	2.0
78	2	1.0
78	39	1.0
78	55	2.0
78	77	2.0
78	78	171.0
78	79	2.0
78	80	4.0
78	81	2.0
78	82	2.0
78	83	1.0
79	15	3.0
79	19	1.0
79	55	1.0
79	78	3.0
79	79	176.0
79	80	4.0
79	81	2.0
79	82	1.0
80	2	1.0
80	78	4.0
80	79	4.0
80	80	179.0
80	82	1.0
80	123	1.0
81	46	1.0
81	78	2.0
81	79	3.0
81	81	170.0
81	82	1.0
81	83	1.0
81	96	2.0
81	98	1.0
81	99	1.0
82	51	1.0
82	55	2.0
82	78	2.0
82	79	1.0
82	80	1.0
82	81	2.0
82	82	147.0
82	83	2.0
82	127	1.0
82	128	2.0
83	3	1.0
83	57	1.0
83	83	202.0
83	84	2.0
83	100	1.0
83	102	1.0
84	23	1.0
84	83	1.0
84	84	156.0
84	85	3.0
84	93	2.0
84	96	1.0
84	118	2.0
85	44	1.0
85	85	172.0
85	86	1.0
85	134	1.0
86	44	1.0
86	69	1.0
86	85	2.0
86	86	174.0
86	94	3.0
86	95	1.0
86	122	1.0
86	123	1.0
87	4	2.0
87	86	1.0
87	87	157.0
87	88	7.0
87	133	1.0
88	6	1.0
88	48	1.0
88	87	4.0
88	88	154.0
88	89	5.0
89	4	2.0
89	5	1.0
89	49	2.0
89	87	4.0
89	88	1.0
89	89	92.0
89	91	1.0
89	92	2.0
89	105	1.0
90	90	141.0
90	91	6.0
90	92	1.0
90	127	1.0
91	90	4.0
91	91	156.0
91	92	1.0
92	2	1.0
92	90	2.0
92	91	4.0
92	92	180.0
93	90	1.0
93	91	2.0
93	93	147.0
93	96	1.0
93	98	2.0
94	16	1.0
94	24	2.0
94	81	1.0
94	93	4.0
94	94	146.0
94	95	1.0
94	96	5.0
94	100	2.0
95	28	1.0
95	88	2.0
95	95	182.0
95	96	3.0
95	97	3.0
95	99	1.0
95	100	1.0
95	101	1.0
95	127	1.0
95	129	1.0
96	93	3.0
96	94	3.0
96	95	1.0
96	96	131.0
96	97	2.0
96	98	2.0
96	99	1.0
96	100	1.0
96	101	1.0
96	102	2.0
97	41	1.0
97	89	1.0
97	91	1.0
97	96	1.0
97	97	161.0
97	98	5.0
97	99	2.0
97	103	1.0
98	79	1.0
98	81	1.0
98	95	1.0
98	96	1.0
98	97	5.0
98	98	147.0
98	99	2.0
98	100	4.0
99	74	1.0
99	85	1.0
99	93	1.0
99	97	1.0
99	98	2.0
99	99	139.0
99	100	2.0
99	103	1.0
99	105	1.0
99	134	1.0
100	41	1.0
100	96	2.0
100	97	1.0
100	98	6.0
100	99	2.0
100	100	147.0
100	115	1.0
100	127	1.0
101	35	2.0
101	39	1.0
101	41	2.0
101	43	1.0
101	58	1.0
101	88	1.0
101	101	162.0
101	102	3.0
101	105	1.0
101	126	1.0
101	127	2.0
101	128	3.0
101	129	1.0
102	24	1.0
102	29	1.0
102	95	1.0
102	101	3.0
102	102	175.0
102	103	1.0
102	104	1.0
103	41	1.0
103	102	1.0
103	103	156.0
103	104	1.0
103	115	1.0
104	103	3.0
104	104	159.0
104	105	5.0
105	93	1.0
105	98	1.0
105	99	1.0
105	103	1.0
105	104	5.0
105	105	154.0
105	106	1.0
105	107	1.0
106	106	173.0
106	107	3.0
106	108	1.0
106	117	1.0
106	133	1.0
107	106	1.0
107	107	159.0
107	108	1.0
107	109	2.0
107	110	2.0
107	111	1.0
108	28	1.0
108	41	1.0
108	105	1.0
108	107	2.0
108	108	166.0
108	109	4.0
109	106	1.0
109	109	138.0
109	110	2.0
109	111	1.0
110	11	1.0
110	109	1.0
110	110	172.0
111	110	1.0
111	111	178.0
111	112	1.0
111	113	1.0
111	130	1.0
112	112	184.0
112	113	1.0
112	115	2.0
113	112	4.0
113	113	211.0
113	130	1.0
114	99	1.0
114	113	1.0
114	114	195.0
114	115	3.0
114	122	2.0
114	129	1.0
115	114	2.0
115	115	177.0
115	116	5.0
115	117	1.0
116	89	1.0
116	114	3.0
116	115	5.0
116	116	175.0
116	118	1.0
116	122	1.0
117	82	1.0
117	102	1.0
117	105	1.0
117	116	1.0
117	117	172.0
118	108	1.0
118	116	1.0
118	118	181.0
118	122	1.0
118	133	1.0
118	134	1.0
118	136	2.0
119	45	1.0
119	118	1.0
119	119	187.0
119	120	1.0
119	134	1.0
120	118	1.0
120	119	1.0
120	120	197.0
120	121	1.0
120	122	1.0
121	120	1.0
121	121	163.0
121	122	2.0
122	85	1.0
122	86	1.0
122	121	1.0
122	122	174.0
123	86	2.0
123	89	1.0
123	121	1.0
123	122	1.0
123	123	180.0
123	124	3.0
123	125	1.0
124	33	1.0
124	51	1.0
124	123	3.0
124	124	155.0
124	125	1.0
125	41	1.0
125	56	1.0
125	82	3.0
125	90	1.0
125	100	1.0
125	124	1.0
125	125	155.0
125	126	1.0
125	127	1.0
126	90	1.0
126	105	1.0
126	126	209.0
126	127	3.0
127	82	1.0
127	100	1.0
127	101	1.0
127	126	3.0
127	127	161.0
127	128	4.0
127	129	2.0
128	82	2.0
128	96	1.0
128	101	1.0
128	126	1.0
128	127	3.0
128	128	148.0
128	129	2.0
129	101	4.0
129	112	1.0
129	117	1.0
129	128	2.0
129	129	168.0
129	130	2.0
130	47	1.0
130	105	1.0
130	129	2.0
130	130	189.0
130	131	2.0
131	67	1.0
131	130	2.0
131	131	181.0
131	132	2.0
132	66	1.0
132	131	5.0
132	132	176.0
132	133	3.0
133	133	183.0
134	85	1.0
134	99	2.0
134	119	1.0
134	134	159.0
136	1	2.0
136	68	1.0
136	136	142.0
