1	1	407.0
1	2	16.0
1	3	1.0
1	4	6.0
1	5	6.0
1	7	1.0
1	8	7.0
1	9	7.0
1	29	1.0
1	38	1.0
1	79	1.0
1	97	1.0
1	105	1.0
1	113	2.0
1	153	1.0
1	154	1.0
1	160	1.0
1	164	1.0
1	166	1.0
1	190	1.0
1	191	2.0
2	2	398.0
2	3	21.0
2	4	5.0
2	5	8.0
2	6	6.0
2	18	1.0
2	32	1.0
2	54	1.0
2	59	1.0
2	60	1.0
2	88	1.0
2	99	1.0
2	108	1.0
2	129	1.0
2	140	1.0
2	144	3.0
2	151	2.0
2	166	1.0
2	169	1.0
2	177	1.0
2	191	2.0
3	3	424.0
3	5	11.0
3	6	4.0
3	9	13.0
3	12	3.0
3	13	7.0
3	27	1.0
3	37	1.0
3	49	1.0
3	86	6.0
3	88	4.0
3	89	3.0
3	140	1.0
3	157	2.0
3	158	1.0
3	163	1.0
3	165	3.0
3	166	1.0
3	168	1.0
3	176	2.0
4	4	334.0
4	5	32.0
4	6	8.0
4	9	8.0
4	10	1.0
4	27	1.0
4	30	1.0
4	46	1.0
4	49	1.0
4	57	1.0
4	98	1.0
4	137	1.0
4	138	1.0
4	143	1.0
4	158	1.0
5	5	363.0
5	6	1.0
5	7	1.0
5	9	2.0
5	19	2.0
5	27	1.0
5	32	1.0
5	77	1.0
5	89	1.0
5	166	1.0
5	190	1.0
6	6	442.0
6	7	49.0
6	13	1.0
6	27	1.0
6	28	1.0
6	35	1.0
6	40	1.0
6	66	1.0
6	92	1.0
6	95	1.0
6	98	1.0
6	130	1.0
6	168	1.0
6	180	1.0
6	187	1.0
6	188	1.0
7	7	455.0
7	8	10.0
7	9	1.0
7	13	1.0
7	18	1.0
7	19	1.0
7	25	1.0
7	26	1.0
7	34	1.0
7	64	1.0
7	84	1.0
7	146	1.0
7	158	1.0
7	188	1.0
7	189	2.0
7	190	2.0
8	8	405.0
8	9	17.0
8	10	10.0
8	12	1.0
8	13	7.0
8	14	8.0
8	15	16.0
8	16	4.0
8	18	13.0
8	19	5.0
8	25	1.0
8	26	4.0
8	27	1.0
8	29	1.0
8	30	1.0
8	33	1.0
8	38	1.0
8	113	1.0
8	158	1.0
8	171	1.0
8	185	1.0
8	187	1.0
8	188	2.0
8	189	1.0
8	190	2.0
9	9	193.0
9	10	15.0
9	12	7.0
9	13	4.0
9	14	1.0
9	15	2.0
9	26	1.0
9	86	1.0
9	101	1.0
9	145	1.0
9	156	1.0
9	167	1.0
9	190	2.0
10	10	389.0
10	11	32.0
10	12	17.0
10	13	7.0
10	14	2.0
10	15	4.0
10	16	1.0
10	18	2.0
10	20	1.0
10	25	2.0
10	26	10.0
10	32	3.0
10	85	1.0
10	86	1.0
10	123	1.0
10	126	1.0
10	157	1.0
11	11	351.0
11	12	31.0
11	13	18.0
11	14	4.0
11	15	5.0
11	16	7.0
11	17	1.0
11	18	3.0
11	26	5.0
11	27	1.0
11	31	2.0
11	32	5.0
11	36	3.0
11	41	1.0
11	48	2.0
11	49	1.0
11	85	2.0
11	86	9.0
11	87	7.0
11	89	1.0
11	116	1.0
11	142	1.0
11	157	4.0
11	158	1.0
11	161	1.0
11	174	1.0
11	175	1.0
12	12	297.0
12	13	25.0
12	14	1.0
12	15	5.0
12	18	3.0
12	25	1.0
12	26	2.0
12	28	5.0
12	30	2.0
12	31	1.0
12	32	4.0
12	33	1.0
12	36	2.0
12	37	1.0
12	61	1.0
12	85	1.0
12	86	5.0
12	133	1.0
12	157	13.0
12	179	1.0
12	184	1.0
13	13	352.0
13	14	34.0
13	15	18.0
13	26	1.0
13	40	1.0
13	49	1.0
13	57	1.0
13	86	3.0
13	88	3.0
13	117	1.0
13	140	1.0
13	147	1.0
13	154	5.0
13	155	7.0
13	157	11.0
13	158	3.0
13	169	1.0
13	172	1.0
13	176	1.0
14	14	266.0
14	15	22.0
14	35	1.0
14	76	1.0
14	86	5.0
14	87	4.0
14	88	3.0
14	89	2.0
14	143	1.0
14	153	1.0
14	154	3.0
14	155	11.0
14	156	11.0
14	157	9.0
14	158	15.0
14	159	18.0
14	162	1.0
15	15	327.0
15	16	16.0
15	18	7.0
15	25	7.0
15	26	11.0
15	28	2.0
15	29	3.0
15	55	1.0
15	58	1.0
15	81	1.0
15	85	1.0
15	88	1.0
15	89	3.0
15	129	1.0
15	132	1.0
15	143	1.0
15	156	4.0
15	157	7.0
15	158	3.0
15	176	1.0
15	180	1.0
15	186	1.0
16	16	359.0
16	17	55.0
16	18	9.0
16	25	4.0
16	28	3.0
16	29	1.0
16	46	1.0
16	79	1.0
16	89	1.0
16	116	1.0
16	153	3.0
16	165	1.0
16	171	2.0
16	178	3.0
16	182	1.0
16	184	6.0
16	185	4.0
16	189	1.0
17	17	348.0
17	18	35.0
17	19	8.0
17	20	6.0
17	21	6.0
17	25	15.0
17	26	1.0
17	28	4.0
17	29	3.0
17	125	1.0
17	132	1.0
17	141	1.0
17	153	3.0
17	184	1.0
17	185	6.0
17	188	2.0
17	189	1.0
17	190	1.0
18	18	337.0
18	19	25.0
18	20	9.0
18	21	3.0
18	24	3.0
18	25	13.0
18	26	8.0
18	42	2.0
18	76	1.0
18	93	1.0
18	140	2.0
18	147	1.0
18	153	5.0
18	158	1.0
18	184	1.0
18	188	2.0
18	189	1.0
19	19	306.0
19	20	32.0
19	21	4.0
19	23	1.0
19	24	7.0
19	25	6.0
19	26	2.0
19	28	1.0
19	40	2.0
19	42	4.0
19	48	4.0
19	49	1.0
19	104	1.0
19	139	1.0
19	157	1.0
19	175	2.0
20	20	324.0
20	21	23.0
20	22	3.0
20	23	2.0
20	24	4.0
20	25	8.0
20	26	2.0
20	38	1.0
20	39	1.0
20	40	1.0
20	41	6.0
20	42	8.0
20	53	1.0
20	72	1.0
20	79	1.0
20	137	1.0
20	158	1.0
20	190	1.0
21	21	306.0
21	22	28.0
21	23	1.0
21	24	7.0
21	40	1.0
21	42	4.0
21	47	1.0
21	48	1.0
21	64	1.0
21	95	1.0
21	129	4.0
21	132	2.0
21	137	1.0
21	152	1.0
21	161	1.0
21	181	1.0
22	22	332.0
22	23	31.0
22	24	24.0
22	25	10.0
22	56	1.0
22	78	1.0
22	80	1.0
22	112	1.0
22	115	1.0
22	117	1.0
22	121	1.0
22	136	1.0
22	152	1.0
22	162	1.0
23	23	321.0
23	24	41.0
23	25	3.0
23	28	1.0
23	36	1.0
23	70	1.0
23	129	3.0
23	133	1.0
23	134	3.0
23	135	1.0
23	136	17.0
23	137	2.0
23	176	1.0
23	181	1.0
24	24	360.0
24	25	18.0
24	34	1.0
24	35	1.0
24	48	1.0
24	88	1.0
24	124	1.0
25	25	343.0
25	26	25.0
25	27	3.0
25	28	4.0
25	31	1.0
25	38	4.0
25	41	8.0
25	42	1.0
25	68	1.0
25	109	1.0
25	118	1.0
25	153	5.0
25	154	1.0
25	162	1.0
25	190	1.0
26	26	378.0
26	27	6.0
26	28	5.0
26	29	4.0
26	30	4.0
26	31	1.0
26	32	1.0
26	33	2.0
26	37	1.0
26	38	2.0
26	39	1.0
26	40	11.0
26	41	20.0
26	42	1.0
26	49	1.0
26	88	2.0
26	120	1.0
26	190	4.0
27	27	318.0
27	28	25.0
27	29	9.0
27	30	10.0
27	31	4.0
27	32	5.0
27	33	9.0
27	34	11.0
27	35	9.0
27	36	2.0
27	38	1.0
27	40	1.0
27	41	3.0
27	65	1.0
27	76	1.0
27	77	2.0
27	78	8.0
27	82	1.0
27	83	1.0
27	84	1.0
27	87	1.0
27	89	1.0
27	142	1.0
27	146	1.0
27	147	1.0
27	154	6.0
27	155	3.0
27	156	3.0
27	158	2.0
27	159	3.0
27	161	1.0
27	162	1.0
27	169	1.0
27	176	1.0
27	179	1.0
27	190	5.0
28	28	331.0
28	29	33.0
28	30	9.0
28	31	2.0
28	32	4.0
28	33	7.0
28	34	3.0
28	35	1.0
28	41	1.0
28	54	1.0
28	77	5.0
28	85	1.0
28	88	1.0
28	97	1.0
28	117	1.0
28	152	1.0
28	153	2.0
28	154	4.0
28	156	1.0
28	158	1.0
28	160	1.0
28	165	1.0
28	166	1.0
29	29	311.0
29	30	31.0
29	31	13.0
29	32	1.0
29	33	10.0
29	34	1.0
29	35	1.0
29	36	1.0
29	42	1.0
29	77	2.0
29	112	1.0
29	138	1.0
29	140	1.0
29	190	2.0
30	30	326.0
30	31	14.0
30	32	5.0
30	33	8.0
30	34	7.0
30	35	9.0
30	37	1.0
30	40	1.0
30	52	1.0
30	53	2.0
30	58	1.0
30	82	2.0
30	87	1.0
30	96	1.0
30	104	1.0
30	109	1.0
30	129	1.0
30	137	1.0
30	151	1.0
30	154	2.0
30	176	1.0
30	190	1.0
31	31	300.0
31	32	14.0
31	33	9.0
31	34	21.0
31	35	12.0
31	36	4.0
31	38	4.0
31	39	4.0
31	40	2.0
31	41	1.0
31	48	1.0
31	49	1.0
31	53	5.0
31	54	2.0
31	66	1.0
31	81	1.0
31	83	4.0
31	84	1.0
31	93	1.0
31	141	1.0
31	152	1.0
31	154	4.0
31	156	1.0
31	161	3.0
31	162	1.0
31	168	1.0
31	179	1.0
32	32	279.0
32	33	23.0
32	34	22.0
32	35	9.0
32	36	5.0
32	38	5.0
32	39	1.0
32	40	1.0
32	42	1.0
32	149	2.0
32	156	2.0
32	158	2.0
32	159	8.0
32	160	4.0
32	161	7.0
32	162	5.0
32	164	1.0
32	168	1.0
32	170	2.0
32	186	1.0
32	190	3.0
33	33	296.0
33	34	21.0
33	35	20.0
33	36	16.0
33	37	4.0
33	38	2.0
33	39	3.0
33	70	1.0
33	80	1.0
33	133	1.0
33	155	1.0
33	158	1.0
33	159	5.0
33	160	2.0
33	161	8.0
33	162	2.0
33	170	1.0
33	173	1.0
34	34	270.0
34	35	20.0
34	36	4.0
34	37	2.0
34	38	2.0
34	39	2.0
34	40	1.0
34	63	1.0
34	80	1.0
34	82	1.0
34	85	1.0
34	87	1.0
34	102	1.0
34	120	1.0
34	128	2.0
34	154	1.0
34	155	3.0
34	156	2.0
34	158	1.0
34	159	5.0
34	161	6.0
34	162	6.0
34	166	1.0
34	168	6.0
34	184	1.0
35	35	307.0
35	36	10.0
35	40	1.0
35	49	1.0
35	59	1.0
35	65	3.0
35	66	2.0
35	67	6.0
35	70	1.0
35	78	6.0
35	82	1.0
35	85	1.0
35	86	1.0
35	87	1.0
35	97	1.0
35	106	1.0
35	124	1.0
35	153	1.0
35	154	3.0
35	155	4.0
35	156	7.0
35	159	1.0
35	161	8.0
35	162	4.0
35	168	6.0
35	169	3.0
35	170	4.0
35	188	3.0
36	36	293.0
36	37	25.0
36	38	3.0
36	39	1.0
36	40	4.0
36	41	1.0
36	46	11.0
36	47	3.0
36	67	1.0
36	71	1.0
36	82	1.0
36	86	1.0
36	102	1.0
36	112	1.0
36	137	1.0
36	154	2.0
36	159	1.0
36	161	12.0
36	162	1.0
36	167	1.0
36	168	2.0
36	170	3.0
36	171	4.0
36	172	1.0
36	173	9.0
36	179	3.0
36	180	2.0
36	182	1.0
36	186	1.0
37	37	322.0
37	38	34.0
37	39	27.0
37	40	13.0
37	41	21.0
37	42	4.0
37	46	5.0
37	47	1.0
37	54	1.0
37	69	1.0
37	72	1.0
37	161	1.0
37	169	1.0
37	172	1.0
37	175	3.0
37	179	3.0
37	180	2.0
37	181	1.0
37	182	5.0
37	183	4.0
37	186	6.0
37	189	1.0
37	190	2.0
38	38	336.0
38	39	16.0
38	40	8.0
38	41	9.0
38	42	2.0
38	43	2.0
38	44	2.0
38	47	2.0
38	58	1.0
38	69	2.0
38	85	1.0
38	139	1.0
38	154	1.0
38	159	2.0
38	170	2.0
38	178	7.0
38	179	7.0
38	180	2.0
38	181	13.0
38	183	4.0
38	184	1.0
38	187	1.0
38	189	1.0
38	190	3.0
39	39	333.0
39	40	27.0
39	41	9.0
39	42	2.0
39	62	1.0
39	78	1.0
39	87	1.0
39	163	1.0
39	179	6.0
39	180	1.0
39	181	3.0
39	183	2.0
39	184	3.0
39	186	1.0
39	190	1.0
40	40	320.0
40	41	30.0
40	42	7.0
40	43	2.0
40	47	1.0
40	52	1.0
40	93	1.0
40	139	2.0
40	162	1.0
40	179	1.0
40	180	1.0
40	184	1.0
41	41	389.0
41	42	8.0
41	43	2.0
41	48	1.0
41	49	1.0
41	55	1.0
41	78	1.0
41	109	1.0
41	128	1.0
41	140	1.0
41	141	1.0
41	151	1.0
41	154	1.0
41	175	1.0
41	178	1.0
41	179	7.0
41	180	1.0
41	181	2.0
41	190	4.0
42	42	320.0
42	43	9.0
42	44	18.0
42	45	3.0
42	47	11.0
42	48	13.0
42	49	1.0
42	123	1.0
42	128	4.0
42	138	2.0
42	155	1.0
42	178	3.0
42	179	14.0
42	180	1.0
42	190	1.0
43	43	311.0
43	44	23.0
43	45	17.0
43	46	6.0
43	47	5.0
43	48	6.0
43	52	1.0
43	79	1.0
43	100	1.0
43	106	1.0
43	126	1.0
43	128	4.0
43	130	8.0
43	131	9.0
43	132	1.0
43	133	1.0
43	138	2.0
43	150	1.0
43	157	1.0
43	164	1.0
43	165	1.0
43	178	1.0
43	179	4.0
43	180	1.0
43	181	1.0
44	44	288.0
44	45	30.0
44	46	9.0
44	47	26.0
44	48	10.0
44	52	1.0
44	54	1.0
44	86	1.0
44	92	1.0
44	125	1.0
44	128	4.0
44	129	4.0
44	130	1.0
44	140	1.0
44	157	1.0
44	163	1.0
44	172	1.0
44	178	2.0
44	180	2.0
44	186	1.0
45	45	278.0
45	46	43.0
45	47	2.0
45	48	5.0
45	64	1.0
45	67	1.0
45	76	1.0
45	89	2.0
45	128	4.0
45	178	3.0
45	180	6.0
45	183	1.0
46	46	293.0
46	47	16.0
46	48	4.0
46	54	1.0
46	99	1.0
46	103	1.0
46	117	1.0
46	125	6.0
46	126	1.0
46	128	9.0
46	134	1.0
46	149	1.0
46	156	1.0
46	175	1.0
46	176	2.0
46	178	5.0
46	180	3.0
46	182	1.0
46	188	1.0
47	47	326.0
47	48	13.0
47	49	1.0
47	56	1.0
47	75	1.0
47	87	1.0
47	124	3.0
47	125	3.0
47	126	5.0
47	128	4.0
47	141	1.0
47	174	4.0
47	176	3.0
47	177	1.0
47	178	4.0
47	179	9.0
47	180	4.0
47	181	1.0
47	182	1.0
47	183	1.0
48	48	345.0
48	49	6.0
48	52	3.0
48	53	3.0
48	54	1.0
48	58	2.0
48	71	1.0
48	89	1.0
48	91	1.0
48	95	1.0
48	126	1.0
48	128	1.0
48	137	1.0
48	138	4.0
48	139	9.0
48	141	1.0
48	147	1.0
48	179	4.0
49	49	178.0
49	52	2.0
49	53	3.0
49	54	1.0
49	55	1.0
49	60	1.0
49	83	1.0
49	87	1.0
49	125	3.0
49	139	1.0
49	145	1.0
49	158	1.0
49	171	1.0
49	173	1.0
49	186	2.0
49	187	1.0
49	189	1.0
49	190	1.0
52	52	115.0
52	53	2.0
52	54	2.0
52	65	2.0
52	68	1.0
52	115	1.0
52	132	1.0
52	139	1.0
52	169	3.0
52	187	2.0
52	188	1.0
52	189	4.0
52	190	3.0
53	53	360.0
53	54	21.0
53	55	32.0
53	56	14.0
53	57	1.0
53	61	1.0
53	62	1.0
53	63	1.0
53	64	5.0
53	65	7.0
53	66	1.0
53	68	7.0
53	74	2.0
53	79	1.0
53	80	2.0
53	81	9.0
53	83	6.0
53	84	4.0
53	85	9.0
53	92	1.0
53	99	2.0
53	120	1.0
53	122	9.0
53	123	1.0
53	130	1.0
53	157	2.0
53	176	4.0
53	187	3.0
53	188	2.0
54	54	320.0
54	55	20.0
54	56	16.0
54	60	1.0
54	65	3.0
54	66	2.0
54	68	1.0
54	70	1.0
54	72	1.0
54	73	1.0
54	79	1.0
54	80	13.0
54	81	3.0
54	82	1.0
54	85	4.0
54	102	1.0
54	109	1.0
54	144	1.0
54	154	2.0
54	155	1.0
54	169	1.0
54	175	3.0
54	176	8.0
54	179	1.0
54	187	3.0
54	188	1.0
55	55	347.0
55	56	26.0
55	57	1.0
55	61	3.0
55	62	3.0
55	63	2.0
55	64	5.0
55	65	17.0
55	74	6.0
55	76	2.0
55	77	2.0
55	79	1.0
55	80	2.0
55	81	1.0
55	82	2.0
55	84	15.0
55	85	11.0
55	92	1.0
55	96	2.0
55	109	1.0
55	123	1.0
55	155	3.0
55	157	1.0
55	159	1.0
55	169	1.0
55	176	3.0
55	187	3.0
55	188	2.0
56	56	345.0
56	57	21.0
56	58	4.0
56	60	3.0
56	62	1.0
56	63	4.0
56	65	1.0
56	73	1.0
56	74	2.0
56	79	1.0
56	80	14.0
56	81	1.0
56	84	8.0
56	85	1.0
56	86	2.0
56	95	1.0
56	105	1.0
56	122	2.0
56	123	1.0
56	158	2.0
57	57	318.0
57	58	6.0
57	59	8.0
57	60	6.0
57	61	4.0
57	62	3.0
57	63	1.0
57	64	5.0
57	70	4.0
57	71	1.0
57	73	10.0
57	80	3.0
57	87	1.0
57	96	1.0
57	106	1.0
57	108	1.0
57	109	7.0
57	110	8.0
57	111	3.0
57	112	5.0
57	113	1.0
57	119	16.0
57	120	11.0
57	121	2.0
57	122	1.0
57	123	4.0
57	162	1.0
57	182	1.0
57	188	1.0
58	58	297.0
58	59	30.0
58	60	19.0
58	61	17.0
58	62	6.0
58	63	11.0
58	64	5.0
58	65	1.0
58	66	1.0
58	70	1.0
58	110	2.0
58	113	2.0
58	114	2.0
58	119	1.0
58	120	3.0
58	122	15.0
58	123	9.0
58	133	1.0
58	136	1.0
58	139	1.0
58	142	5.0
58	143	3.0
58	147	1.0
58	151	2.0
58	152	1.0
58	153	4.0
58	181	1.0
59	59	265.0
59	60	28.0
59	61	6.0
59	62	3.0
59	63	6.0
59	64	2.0
59	69	1.0
59	70	5.0
59	71	1.0
59	113	1.0
59	114	1.0
59	115	3.0
59	117	1.0
59	120	5.0
59	122	7.0
59	123	10.0
59	124	9.0
59	141	2.0
59	142	17.0
59	143	7.0
59	150	1.0
59	151	2.0
59	152	1.0
59	153	3.0
59	188	1.0
60	60	267.0
60	61	13.0
60	62	14.0
60	63	16.0
60	64	2.0
60	65	16.0
60	66	2.0
60	68	4.0
60	69	7.0
60	70	3.0
60	92	1.0
60	96	1.0
60	102	1.0
60	105	1.0
60	113	3.0
60	130	1.0
60	133	1.0
60	142	2.0
60	143	1.0
60	151	3.0
60	152	9.0
60	153	8.0
60	154	1.0
60	189	1.0
61	61	305.0
61	62	28.0
61	63	17.0
61	64	14.0
61	65	9.0
61	66	1.0
61	68	3.0
61	69	4.0
61	70	2.0
61	76	1.0
61	111	2.0
61	123	1.0
61	124	5.0
61	142	2.0
61	152	1.0
61	153	1.0
61	189	3.0
61	190	1.0
62	62	304.0
62	63	21.0
62	64	14.0
62	65	22.0
62	67	2.0
62	68	4.0
62	69	3.0
62	70	6.0
62	74	1.0
62	95	1.0
62	102	1.0
62	138	1.0
62	151	1.0
62	152	5.0
62	153	1.0
62	154	1.0
62	176	1.0
63	63	295.0
63	64	37.0
63	65	8.0
63	66	5.0
63	69	6.0
63	70	2.0
63	73	1.0
63	104	1.0
63	111	1.0
63	116	1.0
63	122	4.0
63	123	4.0
63	140	2.0
63	142	5.0
63	150	1.0
63	151	2.0
63	152	4.0
63	153	1.0
64	64	273.0
64	65	12.0
64	66	10.0
64	69	2.0
64	70	1.0
64	86	1.0
64	96	1.0
64	98	1.0
64	109	1.0
64	118	1.0
64	122	4.0
64	123	2.0
64	150	1.0
64	152	1.0
64	155	1.0
64	187	1.0
64	189	2.0
65	65	281.0
65	66	6.0
65	67	18.0
65	68	12.0
65	69	8.0
65	70	9.0
65	80	1.0
65	97	1.0
65	102	3.0
65	124	1.0
65	132	1.0
65	133	1.0
65	152	2.0
65	154	2.0
65	155	4.0
65	156	1.0
65	169	1.0
65	175	1.0
65	176	1.0
65	187	2.0
65	189	1.0
66	66	257.0
66	67	38.0
66	68	20.0
66	69	13.0
66	70	3.0
66	78	1.0
66	93	1.0
66	97	1.0
66	99	1.0
66	103	1.0
66	129	1.0
66	140	1.0
66	155	4.0
66	156	2.0
66	157	15.0
66	158	1.0
66	161	1.0
66	168	8.0
66	169	11.0
67	67	279.0
67	68	24.0
67	69	6.0
67	70	1.0
67	97	1.0
67	101	1.0
67	102	22.0
67	143	1.0
67	155	3.0
67	156	2.0
67	157	10.0
67	159	1.0
67	160	2.0
67	161	5.0
67	168	7.0
67	169	10.0
67	170	3.0
67	180	1.0
67	187	1.0
67	188	1.0
68	68	352.0
68	69	25.0
68	70	28.0
68	71	5.0
68	72	3.0
68	101	1.0
68	102	2.0
68	105	1.0
68	123	2.0
68	156	2.0
68	157	12.0
68	158	1.0
68	162	1.0
68	163	1.0
68	168	1.0
68	169	6.0
68	187	4.0
68	188	1.0
69	69	327.0
69	70	28.0
69	71	6.0
69	72	1.0
69	78	3.0
69	80	2.0
69	101	2.0
69	156	1.0
69	157	11.0
69	158	6.0
69	162	3.0
70	70	287.0
70	71	17.0
70	72	5.0
70	76	1.0
70	78	8.0
70	98	1.0
70	102	1.0
70	157	1.0
70	160	1.0
70	162	1.0
70	179	1.0
71	71	345.0
71	72	27.0
71	73	4.0
71	78	4.0
71	79	6.0
71	80	1.0
71	81	7.0
71	82	1.0
71	83	5.0
71	84	2.0
71	85	4.0
71	92	1.0
71	113	1.0
71	168	1.0
71	189	1.0
72	72	330.0
72	73	44.0
72	74	11.0
72	75	12.0
72	76	4.0
72	77	3.0
72	78	1.0
72	79	2.0
72	80	1.0
72	83	16.0
72	91	1.0
72	92	2.0
72	96	1.0
72	98	2.0
72	110	1.0
72	111	1.0
72	113	2.0
72	145	1.0
72	174	1.0
72	176	1.0
73	73	304.0
73	74	11.0
73	75	14.0
73	76	10.0
73	77	2.0
73	78	1.0
73	82	4.0
73	83	4.0
73	92	4.0
73	98	8.0
73	100	5.0
73	108	1.0
73	109	3.0
73	111	2.0
73	119	1.0
73	120	9.0
73	145	1.0
73	161	1.0
74	74	363.0
74	75	15.0
74	76	34.0
74	77	11.0
74	79	7.0
74	80	9.0
74	81	4.0
74	83	4.0
74	84	5.0
74	119	1.0
74	143	1.0
74	177	1.0
74	190	1.0
75	75	278.0
75	76	28.0
75	79	1.0
75	80	1.0
75	83	7.0
75	92	4.0
75	98	1.0
75	100	1.0
75	101	1.0
75	109	5.0
75	110	5.0
75	111	10.0
75	112	2.0
75	115	1.0
75	119	1.0
75	122	1.0
75	148	1.0
75	160	1.0
76	76	325.0
76	77	7.0
76	79	1.0
76	81	10.0
76	83	1.0
76	85	3.0
76	92	4.0
76	97	1.0
76	98	2.0
76	109	7.0
76	111	3.0
76	112	2.0
76	119	1.0
76	120	1.0
76	130	2.0
76	165	1.0
76	186	1.0
77	77	376.0
77	78	22.0
77	79	3.0
77	80	1.0
77	81	2.0
77	82	5.0
77	91	7.0
77	92	2.0
77	94	1.0
77	95	2.0
77	96	1.0
77	102	1.0
77	109	1.0
77	117	1.0
77	123	1.0
77	154	3.0
77	155	3.0
77	156	4.0
77	159	1.0
77	160	5.0
77	161	4.0
77	175	2.0
77	176	10.0
77	177	8.0
77	178	2.0
77	184	1.0
78	78	339.0
78	79	14.0
78	80	10.0
78	81	5.0
78	82	5.0
78	83	1.0
78	85	3.0
78	91	3.0
78	92	2.0
78	95	9.0
78	108	1.0
78	138	1.0
78	154	5.0
78	155	14.0
78	156	14.0
78	158	2.0
78	159	1.0
78	161	1.0
78	175	1.0
78	176	10.0
78	177	6.0
78	178	6.0
78	184	1.0
79	79	345.0
79	80	32.0
79	81	17.0
79	82	21.0
79	83	10.0
79	84	13.0
79	85	10.0
79	92	8.0
79	93	2.0
79	94	4.0
79	118	2.0
79	176	3.0
79	177	4.0
79	184	1.0
80	80	351.0
80	81	21.0
80	82	15.0
80	83	1.0
80	84	2.0
80	95	1.0
80	109	1.0
80	110	1.0
80	111	1.0
80	122	1.0
80	123	2.0
80	148	1.0
80	175	3.0
80	176	7.0
80	177	3.0
81	81	319.0
81	82	32.0
81	83	13.0
81	84	10.0
81	85	8.0
81	91	1.0
81	92	1.0
81	94	5.0
81	95	7.0
81	129	3.0
81	166	1.0
81	170	1.0
81	174	1.0
81	176	1.0
81	177	3.0
81	178	2.0
82	82	318.0
82	83	27.0
82	85	9.0
82	87	1.0
82	88	1.0
82	92	1.0
82	93	1.0
82	94	3.0
82	95	10.0
82	96	1.0
82	106	1.0
82	123	1.0
82	129	1.0
82	175	3.0
82	177	1.0
83	83	344.0
83	84	9.0
83	85	4.0
83	86	2.0
83	92	7.0
83	94	2.0
83	95	2.0
83	99	1.0
83	154	1.0
83	175	2.0
84	84	336.0
84	85	21.0
84	86	14.0
84	87	4.0
84	97	2.0
84	125	1.0
84	151	1.0
84	157	1.0
84	176	1.0
85	85	332.0
85	86	28.0
85	87	10.0
85	88	1.0
85	90	1.0
85	92	4.0
85	94	2.0
85	159	1.0
85	175	2.0
85	176	2.0
85	182	1.0
86	86	347.0
86	87	16.0
86	88	13.0
86	89	2.0
86	92	1.0
86	93	1.0
86	101	1.0
86	114	1.0
86	157	6.0
86	158	3.0
86	159	1.0
86	161	1.0
86	172	1.0
86	182	1.0
87	87	284.0
87	88	54.0
87	89	15.0
87	106	1.0
87	112	1.0
87	115	1.0
87	126	1.0
87	139	1.0
87	156	1.0
87	157	3.0
87	158	4.0
87	175	2.0
88	88	326.0
88	89	25.0
88	94	1.0
88	143	1.0
88	156	1.0
88	157	8.0
88	158	2.0
88	161	2.0
88	163	2.0
88	177	1.0
88	180	1.0
89	89	376.0
89	90	2.0
89	91	10.0
89	93	2.0
89	94	5.0
89	95	2.0
89	113	1.0
89	157	4.0
89	160	1.0
89	163	1.0
89	177	1.0
89	182	1.0
90	90	312.0
90	91	20.0
90	92	2.0
90	93	15.0
90	94	22.0
90	95	3.0
90	96	14.0
90	97	14.0
90	99	7.0
90	134	1.0
90	157	1.0
90	161	1.0
90	164	2.0
90	166	1.0
90	167	2.0
90	187	1.0
91	91	315.0
91	92	25.0
91	93	25.0
91	94	27.0
91	95	1.0
91	96	3.0
91	97	2.0
91	100	1.0
91	108	2.0
91	146	1.0
91	159	1.0
91	160	1.0
91	161	1.0
91	166	1.0
91	177	1.0
92	92	303.0
92	93	30.0
92	94	20.0
92	95	15.0
92	96	1.0
92	97	4.0
92	98	5.0
92	99	1.0
92	175	1.0
92	185	1.0
93	93	309.0
93	94	34.0
93	95	7.0
93	96	7.0
93	97	10.0
93	98	3.0
93	99	1.0
93	107	1.0
93	108	5.0
93	119	1.0
93	122	1.0
93	146	1.0
94	94	317.0
94	95	21.0
94	96	1.0
94	97	5.0
94	98	2.0
94	99	1.0
94	100	1.0
94	107	2.0
94	108	1.0
94	109	1.0
94	111	1.0
94	113	1.0
94	119	1.0
94	176	1.0
95	95	346.0
95	96	5.0
95	97	9.0
95	99	1.0
95	121	4.0
95	126	1.0
95	137	1.0
95	159	2.0
95	160	6.0
95	161	6.0
95	164	4.0
95	165	7.0
95	177	2.0
95	179	1.0
96	96	312.0
96	97	38.0
96	98	26.0
96	99	11.0
96	100	4.0
96	104	2.0
96	107	10.0
96	108	5.0
96	121	19.0
96	156	1.0
96	164	2.0
96	165	1.0
97	97	325.0
97	98	32.0
97	99	11.0
97	100	3.0
97	104	3.0
97	107	2.0
97	121	10.0
97	164	1.0
97	165	1.0
98	98	285.0
98	99	16.0
98	100	1.0
98	103	1.0
98	104	13.0
98	105	1.0
98	107	8.0
98	108	6.0
98	119	1.0
98	121	10.0
98	123	1.0
98	124	1.0
98	184	1.0
99	99	357.0
99	100	15.0
99	102	9.0
99	103	1.0
99	104	1.0
99	107	2.0
99	108	6.0
99	110	1.0
99	117	3.0
99	118	9.0
99	121	3.0
99	140	1.0
99	155	1.0
99	164	1.0
100	100	283.0
100	101	11.0
100	102	16.0
100	103	16.0
100	104	24.0
100	105	9.0
100	106	5.0
100	107	8.0
100	108	7.0
100	169	1.0
101	101	374.0
101	102	40.0
101	103	25.0
101	104	3.0
101	117	3.0
101	144	1.0
101	146	5.0
101	147	3.0
101	150	1.0
102	102	339.0
102	103	23.0
102	105	4.0
102	107	1.0
102	108	4.0
102	117	2.0
102	147	1.0
102	159	1.0
103	103	300.0
103	104	14.0
103	105	9.0
103	159	1.0
103	190	1.0
104	104	305.0
104	105	23.0
104	106	4.0
104	107	4.0
104	151	1.0
105	105	324.0
105	106	44.0
105	107	12.0
105	108	1.0
105	109	3.0
105	117	1.0
105	127	1.0
105	128	1.0
105	141	1.0
105	179	1.0
106	106	327.0
106	107	10.0
106	108	11.0
106	127	1.0
106	137	1.0
107	107	337.0
107	108	32.0
107	109	2.0
107	167	3.0
108	108	359.0
108	109	18.0
108	110	6.0
108	118	1.0
108	119	4.0
108	122	1.0
108	125	1.0
108	161	1.0
108	167	8.0
109	109	295.0
109	110	29.0
109	111	8.0
109	112	1.0
109	116	1.0
109	117	1.0
109	118	5.0
109	119	1.0
109	120	2.0
109	121	1.0
109	131	1.0
109	160	1.0
109	162	1.0
109	166	3.0
109	168	3.0
109	169	4.0
109	183	1.0
110	110	323.0
110	111	17.0
110	112	14.0
110	113	5.0
110	118	1.0
110	119	3.0
110	120	6.0
110	123	1.0
110	137	1.0
110	142	1.0
110	153	1.0
110	160	1.0
110	166	8.0
110	168	2.0
110	169	1.0
110	170	1.0
111	111	296.0
111	112	56.0
111	113	13.0
111	117	1.0
111	120	2.0
111	144	2.0
111	147	10.0
111	148	1.0
111	151	1.0
111	153	4.0
111	160	1.0
111	163	2.0
111	169	2.0
111	170	4.0
112	112	267.0
112	113	18.0
112	115	1.0
112	139	1.0
112	141	1.0
112	142	1.0
112	144	6.0
112	147	20.0
112	148	5.0
112	170	1.0
112	178	1.0
112	184	1.0
113	113	293.0
113	114	5.0
113	116	1.0
113	119	1.0
113	120	1.0
113	123	1.0
113	140	15.0
113	141	9.0
113	142	8.0
113	143	5.0
113	144	10.0
113	146	12.0
113	147	22.0
113	148	5.0
113	149	1.0
113	150	2.0
113	151	12.0
113	152	1.0
113	153	2.0
114	114	285.0
114	115	40.0
114	116	9.0
114	122	1.0
114	130	1.0
114	137	1.0
114	138	2.0
114	140	2.0
114	141	7.0
114	142	4.0
114	143	18.0
114	144	3.0
114	146	16.0
114	147	1.0
114	148	4.0
114	150	11.0
114	151	7.0
115	115	315.0
115	116	10.0
115	117	2.0
115	118	3.0
115	119	4.0
115	120	4.0
115	121	1.0
115	122	9.0
115	123	3.0
115	124	3.0
115	127	1.0
115	128	11.0
115	129	11.0
115	130	1.0
115	131	1.0
115	140	2.0
115	141	1.0
115	142	1.0
115	143	10.0
115	144	7.0
115	145	1.0
115	146	7.0
115	148	2.0
115	149	3.0
115	150	10.0
115	151	10.0
115	152	1.0
115	153	1.0
115	189	1.0
116	116	295.0
116	117	40.0
116	118	11.0
116	119	16.0
116	120	11.0
116	121	1.0
116	122	1.0
116	123	1.0
116	125	2.0
116	126	1.0
116	127	3.0
116	133	1.0
116	141	3.0
116	142	4.0
116	143	3.0
116	144	12.0
116	150	6.0
116	186	2.0
117	117	290.0
117	118	28.0
117	119	18.0
117	120	2.0
117	121	7.0
117	123	6.0
117	124	1.0
117	127	2.0
117	145	1.0
117	173	1.0
117	186	1.0
117	189	1.0
117	190	1.0
118	118	303.0
118	119	26.0
118	120	8.0
118	121	14.0
118	123	1.0
118	124	4.0
118	125	6.0
118	126	6.0
118	127	10.0
118	128	3.0
118	129	1.0
118	140	2.0
118	148	1.0
118	152	5.0
118	170	1.0
118	171	2.0
118	176	1.0
119	119	296.0
119	120	29.0
119	121	19.0
119	122	2.0
119	123	1.0
119	127	1.0
119	128	2.0
119	147	1.0
119	152	1.0
119	180	1.0
120	120	278.0
120	121	6.0
120	122	3.0
120	123	1.0
120	130	1.0
120	150	1.0
120	166	3.0
121	121	341.0
121	122	9.0
121	123	8.0
122	122	342.0
122	123	25.0
122	124	1.0
122	139	1.0
122	143	1.0
122	146	1.0
122	153	1.0
122	182	2.0
123	123	366.0
123	124	40.0
123	125	7.0
123	126	1.0
123	127	4.0
123	140	1.0
123	141	1.0
123	142	13.0
123	143	7.0
123	150	2.0
124	124	314.0
124	125	31.0
124	126	2.0
124	140	1.0
124	141	2.0
124	142	4.0
124	154	1.0
124	181	2.0
124	182	9.0
124	183	1.0
124	184	1.0
125	125	357.0
125	126	27.0
125	127	6.0
125	128	16.0
125	130	1.0
125	142	2.0
125	149	2.0
125	156	1.0
125	166	1.0
125	175	1.0
125	177	1.0
125	178	2.0
125	181	3.0
125	182	2.0
125	183	7.0
125	184	3.0
125	186	1.0
126	126	274.0
126	127	37.0
126	128	7.0
126	131	1.0
126	141	1.0
126	142	1.0
126	149	3.0
126	150	3.0
126	158	1.0
126	174	1.0
126	178	1.0
126	181	2.0
126	183	1.0
127	127	291.0
127	128	13.0
127	140	1.0
127	141	4.0
127	143	4.0
127	148	6.0
127	149	11.0
127	150	8.0
127	154	3.0
127	156	3.0
127	158	3.0
127	170	2.0
127	171	6.0
127	173	2.0
127	174	8.0
127	183	2.0
127	184	1.0
127	186	1.0
128	128	284.0
128	129	16.0
128	130	2.0
128	131	1.0
128	132	1.0
128	137	1.0
128	140	1.0
128	143	1.0
128	148	1.0
128	149	4.0
128	151	2.0
128	152	4.0
128	153	3.0
128	154	1.0
128	171	16.0
128	173	1.0
128	174	1.0
128	186	2.0
129	129	343.0
129	130	3.0
129	131	3.0
129	132	4.0
129	134	1.0
129	135	1.0
129	137	5.0
129	138	9.0
129	151	1.0
129	153	1.0
129	180	1.0
130	130	297.0
130	131	32.0
130	132	15.0
130	133	22.0
130	135	5.0
130	137	4.0
130	138	19.0
130	139	4.0
130	142	6.0
130	143	4.0
130	145	1.0
131	131	314.0
131	132	23.0
131	133	6.0
131	134	3.0
131	135	1.0
131	139	2.0
131	141	2.0
131	142	4.0
131	143	13.0
131	144	4.0
131	147	1.0
131	174	1.0
132	132	230.0
132	133	26.0
132	134	4.0
132	135	2.0
132	136	1.0
132	137	7.0
132	139	7.0
132	140	1.0
132	141	2.0
132	142	1.0
132	143	1.0
132	144	2.0
132	152	1.0
133	133	267.0
133	134	7.0
133	135	4.0
133	136	4.0
133	137	1.0
133	139	15.0
133	140	3.0
133	142	2.0
133	143	3.0
133	145	1.0
133	146	1.0
133	148	1.0
133	161	1.0
133	172	1.0
134	134	294.0
134	135	44.0
134	136	21.0
134	137	17.0
134	138	1.0
134	139	13.0
134	140	2.0
134	154	1.0
134	165	1.0
134	174	1.0
135	135	288.0
135	136	16.0
135	137	17.0
135	138	5.0
135	139	2.0
135	174	1.0
135	185	1.0
136	136	290.0
136	137	23.0
136	138	8.0
136	139	13.0
136	140	4.0
136	174	2.0
136	175	2.0
136	183	1.0
137	137	325.0
137	138	33.0
137	139	14.0
137	150	1.0
137	174	3.0
137	175	1.0
137	179	1.0
138	138	304.0
138	139	23.0
138	140	1.0
138	142	1.0
138	174	3.0
139	139	303.0
139	140	3.0
139	141	1.0
139	142	5.0
139	144	1.0
139	152	4.0
139	153	3.0
139	166	1.0
139	169	1.0
139	174	24.0
139	176	1.0
139	190	3.0
140	140	378.0
140	141	41.0
140	142	10.0
140	143	2.0
140	148	1.0
140	149	8.0
140	150	8.0
140	151	8.0
140	152	4.0
140	153	4.0
141	141	296.0
141	142	28.0
141	143	7.0
141	144	5.0
141	148	2.0
141	149	9.0
141	150	6.0
141	151	8.0
141	174	1.0
141	175	2.0
142	142	320.0
142	143	13.0
142	144	11.0
142	145	9.0
142	146	1.0
142	151	6.0
142	152	2.0
143	143	283.0
143	144	12.0
143	150	2.0
143	157	1.0
143	190	1.0
144	144	292.0
144	145	31.0
144	146	6.0
144	147	19.0
144	148	3.0
144	151	1.0
145	145	298.0
145	146	5.0
145	147	5.0
145	150	1.0
145	157	1.0
146	146	369.0
146	147	28.0
146	148	18.0
146	149	1.0
146	150	4.0
146	151	3.0
146	153	1.0
146	155	1.0
146	170	1.0
146	173	1.0
147	147	348.0
147	148	5.0
147	151	2.0
147	160	1.0
147	177	1.0
147	182	1.0
147	183	1.0
148	148	357.0
148	149	15.0
148	150	4.0
148	151	7.0
148	156	1.0
148	169	11.0
148	170	11.0
149	149	344.0
149	150	37.0
149	152	3.0
149	153	1.0
149	169	4.0
149	170	6.0
149	171	6.0
149	172	10.0
149	173	1.0
150	150	309.0
150	151	12.0
150	152	6.0
150	153	3.0
150	160	1.0
150	169	2.0
150	170	6.0
150	171	2.0
150	172	2.0
150	174	1.0
150	189	1.0
151	151	282.0
151	152	19.0
151	153	10.0
151	167	2.0
152	152	347.0
152	153	54.0
152	162	1.0
152	163	1.0
152	169	1.0
152	171	10.0
152	172	5.0
152	173	3.0
153	153	355.0
153	154	8.0
153	155	2.0
153	156	1.0
153	160	1.0
153	164	1.0
153	167	2.0
153	169	1.0
153	170	1.0
153	171	10.0
153	172	18.0
153	173	6.0
153	174	1.0
153	175	1.0
154	154	326.0
154	155	38.0
154	156	16.0
154	157	2.0
154	158	7.0
154	162	1.0
154	169	1.0
154	170	4.0
154	171	1.0
154	172	5.0
154	173	2.0
154	174	2.0
154	175	1.0
155	155	379.0
155	156	26.0
155	157	2.0
155	158	6.0
155	159	4.0
155	160	1.0
155	161	4.0
155	162	6.0
155	163	5.0
155	164	3.0
155	169	1.0
155	170	3.0
155	173	1.0
155	174	2.0
155	175	4.0
155	181	1.0
156	156	337.0
156	157	23.0
156	158	16.0
156	159	13.0
156	160	5.0
156	161	6.0
156	162	8.0
156	163	7.0
156	166	1.0
156	168	1.0
156	170	1.0
156	173	7.0
156	174	6.0
156	175	10.0
156	176	1.0
156	177	1.0
156	181	1.0
156	185	1.0
157	157	325.0
157	158	16.0
157	159	1.0
157	161	3.0
157	163	1.0
157	168	3.0
157	188	1.0
158	158	317.0
158	159	16.0
158	160	1.0
158	161	3.0
158	162	3.0
158	173	2.0
158	175	1.0
158	184	1.0
159	159	342.0
159	160	23.0
159	161	5.0
159	162	4.0
159	163	5.0
159	165	2.0
159	168	1.0
159	174	1.0
159	183	1.0
160	160	327.0
160	161	34.0
160	162	24.0
160	163	11.0
160	164	8.0
160	165	6.0
160	166	7.0
160	167	3.0
160	168	3.0
160	169	4.0
160	170	1.0
160	175	4.0
160	176	2.0
160	177	1.0
160	182	1.0
161	161	248.0
161	162	14.0
161	163	6.0
161	164	2.0
161	165	2.0
161	166	5.0
161	168	12.0
161	169	1.0
161	170	2.0
161	171	2.0
161	172	1.0
161	175	2.0
161	177	3.0
161	190	1.0
162	162	295.0
162	163	25.0
162	164	9.0
162	165	2.0
162	166	7.0
162	167	5.0
162	169	2.0
162	170	2.0
162	173	2.0
162	174	1.0
162	175	1.0
162	176	2.0
162	177	5.0
163	163	302.0
163	164	24.0
163	165	36.0
163	166	9.0
163	169	2.0
163	173	1.0
163	174	2.0
163	175	1.0
163	177	1.0
163	189	1.0
164	164	340.0
164	165	39.0
164	166	11.0
164	167	1.0
164	168	4.0
164	169	6.0
164	173	1.0
164	190	1.0
165	165	299.0
165	166	24.0
165	167	10.0
165	168	12.0
165	178	1.0
165	188	1.0
166	166	268.0
166	167	15.0
166	168	31.0
166	169	14.0
166	170	12.0
166	171	2.0
167	167	293.0
167	168	25.0
167	169	5.0
167	170	10.0
167	171	22.0
167	172	3.0
167	173	1.0
168	168	295.0
168	169	10.0
168	170	1.0
168	171	2.0
168	172	1.0
168	173	2.0
169	169	329.0
169	170	19.0
169	171	1.0
169	172	1.0
169	173	11.0
169	187	2.0
169	188	3.0
169	189	1.0
170	170	309.0
170	171	20.0
170	172	5.0
170	173	14.0
170	174	8.0
170	187	3.0
170	188	5.0
170	189	4.0
171	171	302.0
171	172	19.0
171	173	19.0
171	174	6.0
171	180	1.0
171	183	2.0
171	186	1.0
172	172	327.0
172	173	20.0
172	180	1.0
172	183	4.0
172	186	5.0
172	189	1.0
173	173	341.0
173	174	18.0
173	175	1.0
173	180	4.0
173	181	1.0
173	186	3.0
173	187	6.0
173	190	1.0
174	174	361.0
174	175	5.0
174	176	2.0
174	181	18.0
174	182	2.0
174	183	3.0
174	188	1.0
174	190	9.0
175	175	338.0
175	176	28.0
175	177	3.0
175	178	6.0
175	179	11.0
175	181	2.0
176	176	300.0
176	177	21.0
176	178	13.0
176	179	11.0
176	180	5.0
176	181	5.0
177	177	326.0
177	178	37.0
177	179	4.0
177	180	3.0
177	181	2.0
178	178	250.0
178	179	11.0
178	180	13.0
178	181	2.0
178	182	5.0
178	183	9.0
179	179	303.0
179	180	23.0
179	181	15.0
179	182	3.0
179	189	1.0
180	180	284.0
180	181	15.0
180	182	11.0
180	183	10.0
180	184	2.0
181	181	327.0
181	182	29.0
181	183	15.0
181	184	5.0
181	190	1.0
182	182	325.0
182	183	43.0
182	184	10.0
182	186	1.0
183	183	315.0
183	184	4.0
184	184	327.0
184	185	9.0
184	186	11.0
184	188	2.0
184	189	1.0
184	190	1.0
185	185	357.0
185	186	28.0
185	187	3.0
185	188	4.0
185	189	1.0
185	190	3.0
186	186	386.0
186	187	3.0
186	188	2.0
187	187	337.0
187	188	38.0
187	189	20.0
187	190	27.0
188	188	299.0
188	189	39.0
188	190	23.0
189	189	341.0
189	190	34.0
190	190	404.0
191	191	7.0
192	1	43.0
192	2	1.0
192	3	9.0
192	4	9.0
192	5	15.0
192	8	3.0
192	9	4.0
192	27	1.0
192	28	2.0
192	30	1.0
192	31	1.0
192	45	2.0
192	74	4.0
192	93	2.0
192	107	1.0
192	132	1.0
192	156	1.0
192	170	1.0
192	172	1.0
192	186	1.0
192	187	1.0
192	191	4.0
192	192	418.0
