1	1	148.0
1	2	2.0
1	3	2.0
1	83	1.0
1	172	3.0
2	1	5.0
2	2	130.0
2	3	2.0
2	4	1.0
2	39	1.0
2	76	2.0
2	140	1.0
2	172	1.0
3	1	1.0
3	2	1.0
3	3	138.0
3	83	3.0
3	84	2.0
3	172	1.0
4	4	154.0
4	5	2.0
4	6	2.0
4	26	1.0
4	109	1.0
4	114	1.0
5	3	1.0
5	4	7.0
5	5	177.0
5	7	1.0
5	25	2.0
5	71	1.0
6	4	1.0
6	6	170.0
6	7	1.0
6	8	2.0
6	19	2.0
6	24	1.0
6	70	2.0
7	6	2.0
7	7	161.0
7	10	1.0
7	11	1.0
7	66	3.0
8	7	1.0
8	8	149.0
8	9	5.0
8	10	8.0
8	11	2.0
8	20	1.0
8	69	2.0
8	70	1.0
9	7	2.0
9	8	2.0
9	9	152.0
9	10	3.0
10	7	2.0
10	8	3.0
10	9	3.0
10	10	118.0
10	131	1.0
11	7	1.0
11	8	1.0
11	9	1.0
11	11	180.0
11	13	3.0
11	21	1.0
11	151	1.0
12	11	1.0
12	12	162.0
12	21	2.0
12	57	1.0
12	91	4.0
12	92	2.0
12	160	1.0
13	5	1.0
13	12	1.0
13	13	162.0
13	39	1.0
14	13	2.0
14	14	193.0
14	15	7.0
14	16	4.0
14	41	1.0
15	14	2.0
15	15	135.0
15	35	1.0
15	40	1.0
15	41	1.0
16	5	1.0
16	15	2.0
16	16	161.0
16	17	1.0
17	16	1.0
17	17	125.0
17	22	1.0
17	23	3.0
17	25	1.0
17	26	2.0
17	87	1.0
18	17	4.0
18	18	129.0
18	19	2.0
18	21	1.0
18	23	1.0
18	24	2.0
18	71	2.0
19	6	1.0
19	18	3.0
19	19	137.0
19	22	1.0
19	23	1.0
19	24	3.0
19	73	1.0
20	20	145.0
20	21	4.0
20	24	1.0
20	73	1.0
20	136	1.0
21	19	2.0
21	20	5.0
21	21	156.0
21	22	3.0
22	6	1.0
22	17	1.0
22	18	1.0
22	20	2.0
22	22	140.0
22	23	3.0
22	24	1.0
23	4	1.0
23	10	2.0
23	18	1.0
23	19	4.0
23	21	1.0
23	23	123.0
23	26	1.0
24	18	1.0
24	19	1.0
24	24	158.0
24	25	1.0
25	24	3.0
25	25	142.0
25	35	1.0
26	17	1.0
26	26	141.0
26	27	2.0
26	58	1.0
27	20	1.0
27	25	1.0
27	26	1.0
27	27	147.0
27	109	1.0
28	27	1.0
28	28	70.0
32	32	13.0
33	33	92.0
33	34	2.0
34	1	1.0
34	32	2.0
34	33	8.0
34	34	181.0
34	35	2.0
34	137	1.0
35	14	2.0
35	33	1.0
35	34	3.0
35	35	156.0
35	36	1.0
35	147	1.0
35	149	2.0
36	14	2.0
36	15	1.0
36	16	2.0
36	34	1.0
36	35	1.0
36	36	174.0
36	37	3.0
36	142	1.0
36	149	1.0
36	150	1.0
37	33	1.0
37	34	3.0
37	36	1.0
37	37	154.0
37	38	5.0
37	58	1.0
37	105	1.0
38	16	1.0
38	37	6.0
38	38	176.0
38	39	1.0
38	41	1.0
38	150	1.0
39	13	1.0
39	37	1.0
39	39	178.0
39	40	1.0
39	41	2.0
39	151	1.0
39	167	1.0
39	169	1.0
39	170	3.0
40	14	1.0
40	39	1.0
40	40	164.0
40	41	3.0
41	39	2.0
41	40	2.0
41	41	162.0
41	48	1.0
41	109	1.0
42	9	1.0
42	41	4.0
42	42	164.0
43	43	176.0
43	48	2.0
43	157	2.0
44	43	1.0
44	44	155.0
44	45	6.0
44	157	1.0
44	159	2.0
45	44	4.0
45	45	141.0
45	49	2.0
45	50	1.0
45	51	2.0
45	97	1.0
45	138	1.0
45	156	2.0
46	44	2.0
46	45	1.0
46	46	139.0
46	47	1.0
46	138	1.0
47	46	2.0
47	47	167.0
47	48	1.0
47	49	3.0
47	156	1.0
48	43	2.0
48	45	1.0
48	47	5.0
48	48	161.0
48	49	1.0
48	83	1.0
48	84	1.0
48	122	1.0
49	1	1.0
49	43	1.0
49	45	1.0
49	48	1.0
49	49	157.0
49	50	1.0
49	51	1.0
49	52	2.0
49	96	1.0
50	35	1.0
50	45	2.0
50	50	136.0
50	51	8.0
50	52	2.0
50	78	1.0
50	79	1.0
50	95	1.0
50	96	1.0
50	151	1.0
51	49	3.0
51	50	2.0
51	51	138.0
51	56	2.0
51	87	1.0
51	92	1.0
51	95	1.0
51	96	1.0
52	48	1.0
52	49	1.0
52	51	1.0
52	52	159.0
52	53	1.0
52	54	2.0
52	90	1.0
52	91	2.0
52	93	1.0
52	96	1.0
52	97	1.0
52	151	1.0
53	27	1.0
53	45	1.0
53	51	1.0
53	52	3.0
53	53	169.0
53	54	4.0
53	56	1.0
53	86	1.0
53	87	1.0
53	116	1.0
54	53	3.0
54	54	139.0
54	55	3.0
54	117	1.0
55	2	1.0
55	51	1.0
55	53	3.0
55	54	1.0
55	55	146.0
55	56	1.0
56	51	1.0
56	55	6.0
56	56	160.0
56	78	1.0
56	115	2.0
56	125	2.0
57	1	1.0
57	51	2.0
57	56	1.0
57	57	212.0
57	58	4.0
57	63	5.0
57	72	1.0
57	75	1.0
57	76	1.0
57	78	3.0
57	79	1.0
57	160	1.0
58	26	1.0
58	56	3.0
58	57	3.0
58	58	573.0
58	61	2.0
58	62	1.0
58	63	2.0
58	73	1.0
58	75	1.0
58	154	1.0
61	58	4.0
61	61	21.0
61	63	1.0
62	57	1.0
62	62	143.0
62	63	2.0
62	75	1.0
62	76	1.0
62	82	1.0
63	57	2.0
63	62	7.0
63	63	135.0
64	57	1.0
64	58	1.0
64	64	144.0
64	65	4.0
64	66	2.0
64	67	1.0
64	68	1.0
64	84	1.0
64	116	1.0
65	64	1.0
65	65	125.0
65	66	1.0
65	67	1.0
65	68	2.0
65	69	2.0
66	65	2.0
66	66	148.0
66	67	1.0
66	68	3.0
66	75	2.0
66	124	1.0
67	65	3.0
67	66	4.0
67	67	126.0
67	68	2.0
67	69	1.0
67	143	1.0
68	57	1.0
68	65	2.0
68	66	1.0
68	67	1.0
68	68	153.0
68	74	1.0
68	75	1.0
68	103	1.0
69	8	1.0
69	9	1.0
69	19	1.0
69	64	2.0
69	65	6.0
69	67	1.0
69	69	144.0
69	70	3.0
69	163	1.0
70	6	1.0
70	68	1.0
70	69	3.0
70	70	147.0
70	71	1.0
71	70	3.0
71	71	146.0
71	72	3.0
71	99	1.0
72	6	1.0
72	24	1.0
72	58	2.0
72	70	1.0
72	71	4.0
72	72	139.0
72	73	3.0
72	74	1.0
72	75	1.0
72	104	2.0
73	24	2.0
73	25	1.0
73	71	2.0
73	73	137.0
73	75	1.0
73	100	3.0
73	105	1.0
73	158	1.0
74	58	4.0
74	65	1.0
74	72	4.0
74	74	132.0
74	75	5.0
74	76	2.0
75	66	2.0
75	67	1.0
75	72	1.0
75	74	3.0
75	75	156.0
75	76	2.0
75	126	1.0
76	75	3.0
76	76	148.0
76	77	3.0
76	80	1.0
77	48	1.0
77	57	1.0
77	62	1.0
77	76	3.0
77	77	140.0
77	78	2.0
77	81	1.0
78	57	1.0
78	58	1.0
78	77	2.0
78	78	136.0
78	79	1.0
78	80	2.0
78	81	2.0
78	82	1.0
79	77	1.0
79	79	146.0
79	80	4.0
79	99	1.0
80	77	1.0
80	78	2.0
80	79	1.0
80	80	159.0
80	81	2.0
81	20	1.0
81	79	2.0
81	80	6.0
81	81	133.0
81	82	3.0
81	111	1.0
81	172	1.0
82	3	2.0
82	77	2.0
82	79	1.0
82	80	1.0
82	81	5.0
82	82	139.0
82	83	1.0
82	84	2.0
83	3	1.0
83	49	1.0
83	82	1.0
83	83	140.0
83	84	2.0
84	3	2.0
84	83	2.0
84	84	134.0
84	85	1.0
84	86	1.0
84	90	1.0
85	2	4.0
85	84	4.0
85	85	154.0
85	86	3.0
85	90	1.0
86	56	1.0
86	82	1.0
86	85	2.0
86	86	137.0
86	87	2.0
86	88	1.0
86	90	1.0
86	95	1.0
86	96	1.0
87	51	1.0
87	55	1.0
87	85	1.0
87	86	3.0
87	87	160.0
87	88	5.0
87	89	1.0
87	91	3.0
87	96	2.0
88	86	1.0
88	87	4.0
88	88	143.0
88	89	7.0
88	90	1.0
89	69	1.0
89	71	1.0
89	87	1.0
89	88	11.0
89	89	144.0
89	90	2.0
89	91	2.0
90	46	1.0
90	85	1.0
90	86	2.0
90	87	2.0
90	89	1.0
90	90	148.0
90	91	1.0
90	92	1.0
90	94	1.0
90	95	2.0
90	96	2.0
91	86	2.0
91	90	3.0
91	91	170.0
91	92	5.0
91	93	1.0
91	94	1.0
91	95	1.0
92	11	1.0
92	88	1.0
92	89	1.0
92	91	4.0
92	92	141.0
92	93	5.0
92	94	1.0
92	95	2.0
92	97	1.0
92	110	2.0
92	119	1.0
93	12	1.0
93	47	1.0
93	49	1.0
93	52	2.0
93	90	1.0
93	91	4.0
93	92	2.0
93	93	154.0
93	94	1.0
93	95	1.0
93	153	1.0
94	42	1.0
94	93	2.0
94	94	136.0
94	95	3.0
94	96	1.0
94	97	3.0
94	98	2.0
94	130	1.0
94	154	1.0
95	53	1.0
95	86	1.0
95	91	1.0
95	92	1.0
95	93	1.0
95	94	2.0
95	95	100.0
95	96	2.0
96	49	1.0
96	50	2.0
96	51	1.0
96	52	1.0
96	86	1.0
96	87	2.0
96	93	1.0
96	95	2.0
96	96	145.0
96	97	2.0
97	94	3.0
97	97	149.0
97	98	4.0
97	99	3.0
98	93	1.0
98	97	4.0
98	98	139.0
98	99	4.0
99	47	1.0
99	97	2.0
99	98	4.0
99	99	132.0
99	100	1.0
99	101	7.0
99	103	7.0
100	61	1.0
100	76	1.0
100	100	149.0
100	101	1.0
100	103	1.0
100	105	1.0
100	106	1.0
100	108	1.0
100	120	1.0
101	97	1.0
101	99	2.0
101	100	5.0
101	101	159.0
101	102	6.0
101	103	1.0
101	123	1.0
101	124	1.0
101	140	1.0
102	100	1.0
102	102	134.0
102	103	4.0
102	107	1.0
102	140	1.0
103	25	1.0
103	76	1.0
103	79	2.0
103	99	1.0
103	100	1.0
103	101	1.0
103	103	142.0
103	104	1.0
103	107	1.0
103	108	2.0
104	71	1.0
104	72	1.0
104	73	1.0
104	74	3.0
104	103	2.0
104	104	144.0
104	105	1.0
104	107	1.0
104	115	1.0
105	101	1.0
105	104	1.0
105	105	161.0
105	106	2.0
106	103	1.0
106	105	3.0
106	106	160.0
106	107	4.0
106	108	3.0
106	139	2.0
106	140	1.0
107	100	1.0
107	101	2.0
107	105	1.0
107	106	3.0
107	107	152.0
107	108	3.0
107	133	1.0
107	140	2.0
108	80	1.0
108	100	3.0
108	106	1.0
108	107	4.0
108	108	157.0
108	109	3.0
108	111	1.0
108	140	2.0
109	10	1.0
109	76	2.0
109	81	1.0
109	108	7.0
109	109	152.0
109	110	2.0
109	111	1.0
109	117	1.0
110	110	159.0
110	111	4.0
110	120	1.0
111	109	1.0
111	110	2.0
111	111	135.0
111	112	1.0
111	113	1.0
111	123	1.0
111	154	2.0
112	36	1.0
112	57	1.0
112	77	3.0
112	111	1.0
112	112	122.0
112	114	1.0
112	115	4.0
112	135	1.0
113	112	1.0
113	113	136.0
113	114	1.0
113	115	1.0
113	136	2.0
114	112	1.0
114	113	1.0
114	114	134.0
114	123	1.0
114	125	1.0
114	145	1.0
115	111	1.0
115	113	1.0
115	114	2.0
115	115	140.0
115	116	1.0
115	118	4.0
115	120	1.0
115	122	1.0
115	123	1.0
116	100	1.0
116	112	2.0
116	115	3.0
116	116	139.0
116	117	1.0
116	118	2.0
116	123	2.0
116	124	2.0
116	150	1.0
117	116	1.0
117	117	142.0
117	118	5.0
117	123	1.0
118	12	1.0
118	53	1.0
118	111	1.0
118	117	1.0
118	118	142.0
118	119	1.0
118	120	1.0
118	121	1.0
118	122	2.0
118	149	1.0
119	93	1.0
119	111	4.0
119	116	2.0
119	118	1.0
119	119	147.0
119	120	5.0
119	121	3.0
119	122	1.0
119	123	1.0
120	53	1.0
120	110	1.0
120	114	1.0
120	118	1.0
120	119	4.0
120	120	141.0
120	121	1.0
121	68	1.0
121	114	2.0
121	119	1.0
121	120	3.0
121	121	145.0
122	45	1.0
122	112	1.0
122	114	1.0
122	115	1.0
122	116	1.0
122	118	1.0
122	119	2.0
122	121	4.0
122	122	152.0
123	46	1.0
123	114	1.0
123	115	2.0
123	116	1.0
123	117	2.0
123	119	2.0
123	121	1.0
123	122	1.0
123	123	140.0
123	124	1.0
123	126	1.0
124	111	2.0
124	122	1.0
124	123	3.0
124	124	164.0
124	125	2.0
124	169	1.0
125	114	5.0
125	123	2.0
125	124	4.0
125	125	145.0
125	127	2.0
125	148	1.0
125	149	1.0
125	150	1.0
125	172	1.0
126	125	2.0
126	126	124.0
126	127	5.0
126	128	1.0
126	148	1.0
126	164	1.0
127	87	1.0
127	126	8.0
127	127	146.0
127	128	1.0
127	130	1.0
127	133	1.0
127	134	1.0
128	56	1.0
128	127	3.0
128	128	127.0
128	129	8.0
128	134	1.0
129	128	3.0
129	129	160.0
130	130	160.0
130	131	3.0
130	132	1.0
131	130	2.0
131	131	162.0
131	132	2.0
131	133	4.0
132	109	1.0
132	131	3.0
132	132	158.0
132	133	4.0
132	135	1.0
133	113	1.0
133	127	2.0
133	132	3.0
133	133	170.0
133	135	1.0
133	136	1.0
134	127	3.0
134	132	1.0
134	133	2.0
134	134	171.0
134	135	1.0
134	149	1.0
135	113	1.0
135	134	3.0
135	135	162.0
135	136	1.0
135	149	1.0
136	113	1.0
136	118	1.0
136	135	1.0
136	136	168.0
136	137	4.0
136	138	1.0
137	135	2.0
137	136	2.0
137	137	150.0
137	138	2.0
137	148	1.0
137	161	1.0
137	165	2.0
138	136	2.0
138	137	1.0
138	138	166.0
138	139	2.0
139	138	3.0
139	139	142.0
139	140	4.0
139	141	4.0
140	107	1.0
140	108	3.0
140	139	1.0
140	140	134.0
140	141	1.0
140	142	3.0
141	106	1.0
141	139	2.0
141	140	7.0
141	141	143.0
142	106	1.0
142	139	3.0
142	140	1.0
142	141	1.0
142	142	181.0
142	143	2.0
142	144	1.0
143	142	2.0
143	143	166.0
143	144	6.0
143	145	1.0
143	146	2.0
144	37	1.0
144	117	1.0
144	142	1.0
144	144	158.0
144	145	1.0
144	146	1.0
144	147	2.0
145	142	1.0
145	143	1.0
145	144	4.0
145	145	147.0
145	146	1.0
145	147	1.0
146	143	1.0
146	144	1.0
146	145	2.0
146	146	181.0
146	147	1.0
147	86	1.0
147	135	1.0
147	144	1.0
147	147	147.0
147	148	1.0
148	14	1.0
148	35	2.0
148	125	1.0
148	135	5.0
148	136	1.0
148	147	2.0
148	148	136.0
148	149	1.0
149	36	1.0
149	135	2.0
149	147	2.0
149	148	2.0
149	149	150.0
149	150	1.0
150	35	1.0
150	149	1.0
150	150	158.0
150	151	5.0
151	36	1.0
151	150	3.0
151	151	149.0
151	154	1.0
152	12	1.0
152	151	1.0
152	152	166.0
152	153	5.0
152	156	3.0
153	48	1.0
153	152	2.0
153	153	149.0
153	154	1.0
154	92	1.0
154	94	1.0
154	98	1.0
154	152	1.0
154	153	4.0
154	154	172.0
155	133	1.0
155	152	1.0
155	153	2.0
155	154	1.0
155	155	136.0
155	156	1.0
155	157	1.0
155	159	2.0
156	44	1.0
156	94	1.0
156	152	4.0
156	155	2.0
156	156	124.0
156	157	2.0
156	158	2.0
156	161	1.0
157	45	1.0
157	151	1.0
157	155	2.0
157	156	6.0
157	157	151.0
157	158	3.0
157	159	1.0
158	46	1.0
158	112	1.0
158	152	1.0
158	157	2.0
158	158	145.0
158	159	3.0
158	160	1.0
158	161	1.0
159	43	1.0
159	44	2.0
159	45	1.0
159	154	1.0
159	155	1.0
159	158	1.0
159	159	165.0
159	160	3.0
160	153	1.0
160	155	1.0
160	160	158.0
160	161	2.0
160	162	1.0
160	163	1.0
160	164	1.0
160	166	1.0
161	160	3.0
161	161	130.0
161	163	2.0
161	164	1.0
161	165	2.0
162	138	1.0
162	160	3.0
162	162	166.0
162	163	1.0
162	164	1.0
162	165	1.0
163	152	1.0
163	156	1.0
163	160	1.0
163	161	2.0
163	162	1.0
163	163	169.0
163	164	1.0
164	161	3.0
164	163	2.0
164	164	150.0
164	165	2.0
164	166	1.0
165	70	1.0
165	110	1.0
165	161	3.0
165	164	1.0
165	165	152.0
165	166	2.0
166	137	1.0
166	165	1.0
166	166	173.0
166	167	3.0
167	89	1.0
167	167	114.0
167	168	4.0
167	169	2.0
168	38	1.0
168	167	4.0
168	168	135.0
168	169	2.0
169	37	1.0
169	39	2.0
169	102	1.0
169	167	1.0
169	168	3.0
169	169	171.0
169	170	3.0
170	124	2.0
170	152	1.0
170	167	2.0
170	170	151.0
171	171	1.0
172	1	4.0
172	2	3.0
172	11	1.0
172	96	1.0
172	172	128.0
