9	9	121.0
9	11	5.0
9	17	1.0
9	35	1.0
9	36	1.0
9	37	1.0
10	10	568.0
10	11	5.0
10	14	2.0
10	15	4.0
10	18	1.0
10	21	1.0
10	24	2.0
10	26	7.0
10	28	5.0
10	29	10.0
10	30	1.0
10	31	1.0
10	32	2.0
10	33	1.0
10	34	5.0
10	35	3.0
10	37	1.0
10	40	2.0
10	41	5.0
10	42	3.0
10	47	2.0
11	11	246.0
11	15	4.0
11	16	1.0
11	20	1.0
11	26	5.0
11	28	1.0
11	29	3.0
11	30	1.0
11	33	2.0
11	38	1.0
11	40	1.0
11	41	1.0
11	42	3.0
11	44	2.0
14	14	162.0
14	15	5.0
14	16	2.0
14	17	1.0
14	18	2.0
14	20	5.0
14	22	2.0
14	24	2.0
15	15	381.0
15	16	42.0
15	17	26.0
15	18	2.0
15	35	7.0
15	36	1.0
15	38	1.0
15	43	1.0
15	45	2.0
15	47	1.0
16	16	514.0
16	17	36.0
16	18	7.0
16	19	3.0
16	21	12.0
16	22	7.0
16	23	1.0
16	24	1.0
16	35	1.0
16	36	6.0
16	37	1.0
16	44	1.0
16	45	2.0
17	17	423.0
17	18	47.0
17	19	20.0
17	20	1.0
17	21	1.0
17	22	3.0
17	24	1.0
17	37	1.0
17	45	1.0
18	18	452.0
18	19	11.0
18	24	1.0
18	29	1.0
18	42	1.0
18	47	1.0
19	19	547.0
19	20	5.0
19	21	15.0
19	22	46.0
19	23	13.0
19	24	6.0
19	25	2.0
19	26	2.0
19	27	1.0
20	20	523.0
20	21	40.0
20	22	8.0
20	23	5.0
20	24	4.0
20	25	21.0
20	26	4.0
20	27	6.0
20	31	1.0
21	21	454.0
21	22	58.0
21	23	4.0
21	24	12.0
21	25	13.0
21	26	7.0
21	27	8.0
21	29	2.0
21	44	4.0
22	22	453.0
22	23	16.0
22	24	35.0
22	25	18.0
22	26	5.0
22	44	4.0
23	23	446.0
23	24	40.0
23	25	13.0
23	26	16.0
23	39	1.0
23	40	3.0
23	41	1.0
23	42	1.0
24	24	453.0
24	25	7.0
24	26	21.0
24	34	1.0
24	36	1.0
24	42	2.0
24	44	7.0
25	25	493.0
25	26	32.0
25	27	19.0
25	28	4.0
25	29	5.0
25	39	6.0
26	26	461.0
26	27	24.0
26	28	6.0
26	29	7.0
26	41	1.0
26	42	8.0
26	44	2.0
27	27	537.0
27	28	40.0
27	29	8.0
27	30	8.0
27	31	4.0
27	34	2.0
27	35	1.0
27	38	1.0
27	39	12.0
27	40	1.0
28	28	568.0
28	29	34.0
28	30	18.0
28	31	1.0
28	32	5.0
28	33	4.0
28	34	1.0
28	36	2.0
28	38	1.0
28	39	1.0
28	41	3.0
29	29	498.0
29	30	50.0
29	31	1.0
29	32	3.0
29	33	1.0
29	34	1.0
29	38	1.0
29	39	3.0
29	40	5.0
29	41	1.0
29	42	2.0
29	44	1.0
30	30	489.0
30	31	58.0
30	32	26.0
30	33	15.0
30	34	18.0
30	35	4.0
30	39	1.0
30	40	4.0
30	41	4.0
31	31	530.0
31	32	61.0
31	33	15.0
31	34	8.0
31	36	1.0
31	38	3.0
31	42	2.0
32	32	599.0
32	33	19.0
32	34	6.0
32	36	1.0
32	40	3.0
32	43	1.0
32	44	1.0
33	33	556.0
33	34	45.0
33	35	15.0
33	36	5.0
33	37	5.0
33	38	2.0
33	40	7.0
33	41	11.0
33	42	12.0
33	43	5.0
34	34	567.0
34	35	14.0
34	36	3.0
34	37	18.0
34	38	3.0
34	39	1.0
34	40	17.0
34	41	29.0
34	42	15.0
34	43	2.0
35	35	588.0
35	36	18.0
35	37	23.0
35	38	8.0
35	39	8.0
35	45	1.0
36	36	622.0
36	37	48.0
36	38	6.0
36	39	26.0
37	37	569.0
37	38	42.0
37	39	19.0
37	40	2.0
38	38	604.0
38	39	28.0
38	40	27.0
39	39	616.0
39	40	31.0
39	41	7.0
40	40	631.0
40	41	10.0
40	42	2.0
40	43	2.0
41	41	614.0
41	42	48.0
41	43	1.0
41	44	1.0
42	42	561.0
42	43	49.0
42	44	7.0
42	45	3.0
43	43	703.0
43	44	43.0
43	45	3.0
44	44	623.0
44	45	10.0
44	47	2.0
45	45	755.0
45	46	31.0
45	47	1.0
45	48	1.0
46	46	666.0
46	47	12.0
46	48	2.0
47	47	650.0
47	48	4.0
48	48	69.0
