1	1	303.0
1	2	40.0
1	3	1.0
1	4	1.0
1	7	1.0
1	10	1.0
1	32	10.0
1	33	5.0
1	40	1.0
1	53	1.0
2	2	351.0
2	3	1.0
2	4	2.0
2	30	4.0
2	32	11.0
2	33	6.0
3	3	361.0
3	4	14.0
3	25	1.0
3	32	1.0
3	33	1.0
3	43	8.0
3	44	4.0
3	49	1.0
3	50	14.0
4	4	312.0
4	5	12.0
4	6	1.0
4	7	1.0
4	44	1.0
4	45	7.0
4	46	2.0
4	48	5.0
4	49	2.0
4	50	4.0
5	5	329.0
5	6	15.0
5	7	3.0
5	8	3.0
5	32	1.0
5	40	2.0
5	44	1.0
5	45	3.0
5	48	4.0
5	49	5.0
6	6	240.0
6	7	12.0
6	8	18.0
6	9	4.0
6	10	8.0
6	11	5.0
6	13	2.0
6	16	1.0
6	44	1.0
7	7	275.0
7	8	19.0
7	9	5.0
7	10	7.0
7	11	3.0
7	39	3.0
7	40	1.0
7	43	1.0
7	44	5.0
7	49	16.0
7	50	4.0
8	8	295.0
8	9	15.0
8	10	6.0
8	13	3.0
8	39	1.0
8	40	2.0
8	41	2.0
8	42	1.0
8	44	1.0
8	46	1.0
8	50	1.0
9	9	304.0
9	10	22.0
9	11	1.0
9	13	3.0
9	14	5.0
9	15	5.0
9	32	1.0
9	38	1.0
9	41	2.0
10	10	315.0
10	11	26.0
10	12	2.0
10	13	7.0
10	14	4.0
10	15	3.0
10	17	13.0
10	18	2.0
10	19	11.0
10	20	3.0
11	11	255.0
11	12	31.0
11	13	3.0
11	14	1.0
11	15	3.0
11	16	4.0
11	17	18.0
11	18	6.0
11	19	1.0
11	21	1.0
12	12	268.0
12	13	13.0
12	14	5.0
12	15	11.0
12	16	16.0
12	17	1.0
12	25	1.0
12	60	1.0
13	13	297.0
13	14	15.0
13	15	17.0
13	16	11.0
13	18	1.0
13	23	1.0
13	58	1.0
14	14	297.0
14	15	58.0
14	16	16.0
14	17	15.0
14	37	2.0
15	15	296.0
15	16	37.0
15	17	23.0
15	18	1.0
15	22	1.0
16	16	295.0
16	17	33.0
16	18	4.0
16	24	1.0
17	17	349.0
17	18	14.0
17	19	12.0
17	20	3.0
17	48	1.0
17	49	1.0
18	18	273.0
18	19	30.0
18	20	21.0
18	21	8.0
18	40	1.0
18	48	2.0
18	49	2.0
19	19	279.0
19	20	28.0
19	21	15.0
19	30	1.0
19	36	1.0
20	20	317.0
20	21	28.0
20	22	3.0
20	24	6.0
20	25	4.0
20	29	2.0
20	31	4.0
20	48	1.0
20	51	1.0
21	21	317.0
21	22	17.0
21	23	2.0
21	25	7.0
21	30	7.0
21	31	13.0
21	32	2.0
21	35	1.0
21	48	13.0
21	49	2.0
22	22	334.0
22	23	33.0
22	24	6.0
22	25	1.0
22	29	8.0
22	30	14.0
22	31	1.0
22	32	2.0
22	48	10.0
22	52	1.0
22	60	4.0
22	61	5.0
23	23	339.0
23	24	29.0
23	25	16.0
23	29	5.0
23	30	1.0
23	31	1.0
23	42	1.0
23	47	1.0
23	48	1.0
23	49	1.0
23	56	1.0
23	61	11.0
24	24	354.0
24	25	19.0
24	29	1.0
24	43	2.0
24	47	2.0
24	48	9.0
24	52	2.0
24	57	1.0
24	60	15.0
24	61	4.0
25	25	241.0
25	29	2.0
25	30	1.0
25	31	9.0
25	32	1.0
25	37	1.0
25	60	5.0
25	61	5.0
26	26	82.0
29	29	127.0
29	30	1.0
29	31	4.0
29	39	1.0
29	52	1.0
29	55	2.0
29	56	7.0
29	58	4.0
29	59	6.0
29	60	1.0
30	30	323.0
30	31	33.0
30	58	3.0
30	59	3.0
30	60	1.0
31	31	336.0
31	32	5.0
31	34	2.0
31	35	2.0
31	40	8.0
31	41	1.0
31	42	7.0
31	43	4.0
31	51	2.0
31	53	1.0
31	55	6.0
31	56	12.0
31	57	3.0
31	58	6.0
31	59	1.0
32	32	288.0
32	33	21.0
32	34	8.0
32	35	11.0
32	36	2.0
32	46	1.0
32	49	1.0
32	61	2.0
33	33	327.0
33	34	11.0
33	35	1.0
33	37	1.0
33	59	1.0
33	60	2.0
34	34	357.0
34	35	28.0
34	36	19.0
34	37	10.0
34	39	3.0
34	40	6.0
34	42	4.0
34	43	1.0
34	51	1.0
35	35	344.0
35	36	63.0
35	37	17.0
35	39	1.0
35	40	6.0
35	41	3.0
35	42	2.0
35	44	2.0
35	50	1.0
35	54	3.0
35	57	1.0
35	59	1.0
36	36	384.0
36	37	22.0
36	40	2.0
36	41	2.0
36	42	1.0
36	44	1.0
36	46	2.0
36	51	1.0
36	52	2.0
36	54	1.0
36	58	1.0
37	37	341.0
37	38	19.0
37	39	19.0
37	40	4.0
37	41	2.0
37	52	3.0
37	53	8.0
37	54	6.0
37	55	3.0
38	38	308.0
38	39	13.0
38	48	2.0
38	52	1.0
38	53	1.0
39	39	313.0
39	40	1.0
39	51	7.0
39	52	2.0
39	53	8.0
39	54	3.0
40	40	305.0
40	41	19.0
40	42	22.0
40	43	6.0
40	50	16.0
40	51	10.0
40	52	4.0
40	53	2.0
40	54	7.0
40	55	11.0
40	57	6.0
40	58	1.0
41	41	322.0
41	42	22.0
41	43	4.0
41	50	8.0
41	51	2.0
41	52	11.0
41	53	8.0
41	54	5.0
41	55	9.0
41	56	12.0
41	57	3.0
42	42	344.0
42	43	13.0
42	49	1.0
42	50	2.0
42	51	1.0
42	52	1.0
42	53	1.0
42	55	16.0
42	56	8.0
42	58	3.0
43	43	335.0
43	44	25.0
43	45	10.0
43	46	8.0
43	47	4.0
43	48	1.0
43	50	9.0
43	51	1.0
43	55	1.0
43	56	2.0
43	58	3.0
44	44	356.0
44	45	26.0
44	46	8.0
44	47	1.0
44	48	4.0
44	49	12.0
44	50	2.0
44	51	2.0
44	54	1.0
44	57	1.0
44	58	1.0
45	45	363.0
45	46	24.0
45	47	6.0
45	48	22.0
45	49	4.0
45	50	2.0
46	46	294.0
46	47	25.0
46	48	5.0
46	49	2.0
46	50	1.0
46	52	1.0
47	47	343.0
47	48	17.0
47	49	3.0
47	55	1.0
47	60	1.0
48	48	346.0
48	49	14.0
48	61	1.0
48	62	2.0
49	49	323.0
49	50	11.0
50	50	306.0
50	51	12.0
50	52	13.0
50	55	11.0
50	56	1.0
50	57	8.0
50	58	6.0
50	60	2.0
51	51	313.0
51	52	18.0
51	53	5.0
51	54	3.0
51	55	8.0
51	56	5.0
51	57	6.0
51	58	1.0
51	59	1.0
51	60	2.0
52	52	284.0
52	53	14.0
52	54	10.0
52	55	10.0
52	57	1.0
53	53	291.0
53	54	44.0
53	55	16.0
53	56	7.0
53	57	8.0
54	54	299.0
54	55	9.0
54	56	3.0
54	57	4.0
55	55	310.0
55	56	21.0
55	57	17.0
55	58	5.0
55	59	1.0
56	56	344.0
56	57	14.0
56	58	16.0
56	59	10.0
56	60	2.0
57	57	314.0
57	58	19.0
57	59	1.0
58	58	312.0
58	59	36.0
58	60	5.0
59	59	351.0
59	60	21.0
60	60	344.0
60	61	12.0
60	62	1.0
61	61	360.0
61	62	27.0
62	62	414.0
64	1	23.0
64	2	6.0
64	4	1.0
64	5	20.0
64	6	4.0
64	7	2.0
64	10	1.0
64	32	5.0
64	33	5.0
64	41	1.0
64	47	1.0
64	55	1.0
64	60	2.0
64	61	2.0
64	62	2.0
64	64	307.0
