1	1	213.0
1	2	3.0
1	33	3.0
1	74	1.0
1	84	2.0
1	85	1.0
1	100	2.0
1	101	2.0
1	124	1.0
1	172	2.0
2	1	4.0
2	2	211.0
2	79	1.0
2	100	1.0
2	172	2.0
3	3	243.0
3	5	1.0
3	17	3.0
3	37	1.0
3	45	1.0
3	46	2.0
3	88	1.0
4	4	190.0
4	5	2.0
4	17	2.0
4	25	1.0
4	47	2.0
4	78	1.0
4	100	1.0
4	148	1.0
5	3	2.0
5	4	1.0
5	5	211.0
5	6	1.0
5	7	1.0
5	9	1.0
5	25	1.0
6	4	1.0
6	6	178.0
6	7	1.0
6	10	1.0
6	54	1.0
6	77	1.0
6	85	1.0
7	6	6.0
7	7	173.0
7	8	1.0
7	9	2.0
7	53	1.0
8	7	1.0
8	8	178.0
8	9	2.0
8	10	1.0
9	5	1.0
9	8	6.0
9	9	183.0
9	10	2.0
10	6	5.0
10	7	2.0
10	9	2.0
10	10	211.0
10	11	1.0
10	22	1.0
10	48	1.0
10	110	1.0
11	11	205.0
11	12	3.0
11	13	1.0
11	81	1.0
12	1	1.0
12	11	1.0
12	12	235.0
12	13	6.0
12	96	1.0
13	1	1.0
13	11	2.0
13	12	5.0
13	13	245.0
13	14	1.0
13	15	3.0
13	17	1.0
13	28	1.0
14	13	1.0
14	14	193.0
14	15	13.0
14	16	1.0
14	122	1.0
15	13	2.0
15	14	9.0
15	15	225.0
15	16	3.0
15	17	1.0
15	78	1.0
16	15	7.0
16	16	215.0
16	17	2.0
16	26	1.0
16	45	1.0
16	67	1.0
17	3	1.0
17	14	1.0
17	17	183.0
17	18	2.0
17	21	2.0
17	45	1.0
17	47	1.0
18	18	204.0
18	19	2.0
18	160	1.0
19	18	1.0
19	19	185.0
19	23	1.0
19	24	1.0
19	47	1.0
20	17	2.0
20	19	1.0
20	20	191.0
20	22	2.0
20	23	3.0
20	56	1.0
20	130	1.0
20	131	1.0
21	20	4.0
21	21	194.0
21	22	1.0
21	24	1.0
21	25	1.0
21	68	1.0
22	19	2.0
22	21	1.0
22	22	190.0
22	24	1.0
22	97	1.0
23	19	1.0
23	21	1.0
23	23	176.0
23	24	2.0
23	25	3.0
23	68	2.0
23	69	2.0
24	20	1.0
24	22	2.0
24	23	1.0
24	24	187.0
24	25	2.0
25	5	1.0
25	23	1.0
25	24	2.0
25	25	212.0
25	68	1.0
26	26	183.0
26	27	2.0
26	28	3.0
26	44	1.0
26	70	1.0
27	26	5.0
27	27	207.0
27	28	3.0
27	43	1.0
27	44	1.0
27	103	1.0
28	26	1.0
28	28	99.0
31	31	1.0
32	2	1.0
32	32	16.0
32	134	1.0
33	6	1.0
33	33	121.0
33	34	4.0
33	154	1.0
34	33	1.0
34	34	226.0
34	35	1.0
34	42	2.0
34	70	1.0
35	34	2.0
35	35	196.0
35	36	5.0
35	51	1.0
35	170	1.0
36	35	5.0
36	36	211.0
36	37	3.0
36	168	2.0
36	169	2.0
37	35	1.0
37	37	211.0
37	38	2.0
37	169	1.0
38	37	3.0
38	38	223.0
38	39	7.0
38	41	3.0
38	155	1.0
39	38	1.0
39	39	220.0
39	40	6.0
39	41	2.0
39	42	2.0
40	39	5.0
40	40	235.0
41	39	2.0
41	41	223.0
41	42	4.0
41	43	1.0
41	45	1.0
41	138	1.0
41	170	1.0
42	27	1.0
42	34	5.0
42	35	1.0
42	38	1.0
42	41	4.0
42	42	206.0
42	96	1.0
42	170	4.0
43	2	1.0
43	26	1.0
43	27	1.0
43	42	1.0
43	43	221.0
43	44	4.0
43	45	1.0
43	150	1.0
44	26	3.0
44	39	1.0
44	40	2.0
44	43	3.0
44	44	238.0
44	45	2.0
44	46	2.0
44	86	1.0
45	17	2.0
45	26	1.0
45	39	1.0
45	43	1.0
45	44	7.0
45	45	209.0
45	46	2.0
46	3	3.0
46	44	2.0
46	45	1.0
46	46	231.0
46	47	1.0
46	48	1.0
47	4	2.0
47	25	1.0
47	46	1.0
47	47	211.0
47	48	1.0
47	49	1.0
47	53	1.0
47	65	2.0
47	70	2.0
48	47	5.0
48	48	214.0
48	49	3.0
48	51	1.0
48	69	1.0
48	86	1.0
48	121	1.0
49	47	4.0
49	48	4.0
49	49	191.0
49	50	1.0
49	51	1.0
49	69	1.0
49	106	1.0
49	116	1.0
49	117	2.0
49	120	1.0
49	122	2.0
50	48	2.0
50	49	1.0
50	50	202.0
50	51	5.0
50	66	2.0
50	70	1.0
50	121	1.0
51	34	1.0
51	47	1.0
51	49	2.0
51	50	3.0
51	51	199.0
51	88	1.0
51	122	3.0
52	52	218.0
52	53	2.0
52	54	1.0
52	55	1.0
52	56	1.0
52	64	1.0
52	67	1.0
52	69	1.0
52	70	1.0
52	85	1.0
53	6	1.0
53	52	2.0
53	53	217.0
53	54	4.0
53	55	1.0
53	64	1.0
53	85	1.0
53	86	1.0
54	53	3.0
54	54	191.0
54	55	1.0
54	56	1.0
54	94	1.0
55	53	1.0
55	55	215.0
55	56	2.0
56	56	227.0
56	57	1.0
56	107	2.0
56	156	3.0
57	51	1.0
57	55	2.0
57	57	253.0
57	58	5.0
57	63	4.0
57	98	1.0
57	123	1.0
58	21	1.0
58	57	2.0
58	58	782.0
58	63	2.0
58	108	1.0
61	58	4.0
61	61	34.0
62	52	1.0
62	56	1.0
62	57	1.0
62	61	1.0
62	62	197.0
62	66	1.0
63	52	1.0
63	57	6.0
63	58	1.0
63	62	2.0
63	63	184.0
63	64	1.0
63	86	3.0
63	91	1.0
64	52	1.0
64	53	2.0
64	58	1.0
64	63	1.0
64	64	175.0
64	65	2.0
64	66	1.0
64	68	2.0
64	69	2.0
64	70	4.0
64	82	1.0
65	21	1.0
65	49	1.0
65	64	1.0
65	65	206.0
65	66	2.0
65	67	1.0
65	69	1.0
65	70	1.0
65	105	1.0
65	116	1.0
66	64	2.0
66	65	1.0
66	66	214.0
66	67	2.0
66	69	3.0
66	70	1.0
66	150	1.0
67	45	1.0
67	64	2.0
67	65	4.0
67	66	3.0
67	67	209.0
67	68	3.0
67	69	4.0
67	70	1.0
67	156	1.0
68	21	1.0
68	66	2.0
68	67	2.0
68	68	188.0
68	69	2.0
68	115	1.0
68	126	1.0
69	2	1.0
69	52	2.0
69	64	2.0
69	65	1.0
69	66	5.0
69	67	2.0
69	68	6.0
69	69	216.0
69	70	3.0
69	111	1.0
69	114	1.0
70	48	1.0
70	50	1.0
70	52	1.0
70	64	1.0
70	65	1.0
70	70	188.0
70	71	1.0
70	72	1.0
70	163	1.0
71	71	203.0
71	72	4.0
71	74	1.0
71	75	1.0
71	165	1.0
72	71	3.0
72	72	206.0
72	73	1.0
72	74	2.0
72	75	1.0
72	161	1.0
73	72	2.0
73	73	165.0
73	74	1.0
73	75	1.0
73	160	2.0
74	72	2.0
74	73	1.0
74	74	178.0
74	75	1.0
74	78	1.0
74	79	1.0
74	84	1.0
74	85	2.0
74	101	1.0
74	104	1.0
74	142	1.0
75	71	2.0
75	73	2.0
75	74	3.0
75	75	199.0
75	76	2.0
75	77	1.0
75	79	2.0
75	160	1.0
76	18	1.0
76	74	1.0
76	75	2.0
76	76	212.0
76	77	3.0
76	78	1.0
76	79	1.0
76	98	1.0
76	115	1.0
76	145	1.0
77	7	1.0
77	76	7.0
77	77	205.0
77	78	1.0
77	80	1.0
78	75	2.0
78	77	4.0
78	78	188.0
78	79	3.0
79	48	1.0
79	76	1.0
79	77	1.0
79	78	2.0
79	79	179.0
79	80	1.0
80	80	217.0
80	81	2.0
80	82	4.0
80	83	1.0
81	80	6.0
81	81	183.0
82	11	1.0
82	78	1.0
82	81	1.0
82	82	173.0
82	84	1.0
83	74	1.0
83	75	1.0
83	81	1.0
83	82	1.0
83	83	219.0
83	84	2.0
83	85	3.0
83	89	1.0
83	90	1.0
83	124	1.0
84	82	2.0
84	84	223.0
84	85	1.0
84	103	1.0
84	124	1.0
85	52	1.0
85	54	3.0
85	84	2.0
85	85	200.0
85	100	2.0
85	101	1.0
85	104	1.0
85	172	2.0
86	74	1.0
86	85	2.0
86	86	207.0
86	87	2.0
86	89	2.0
86	162	1.0
87	3	1.0
87	37	1.0
87	79	1.0
87	86	2.0
87	87	202.0
87	88	4.0
87	89	1.0
87	90	1.0
87	95	1.0
87	166	1.0
87	168	1.0
88	3	1.0
88	86	2.0
88	87	4.0
88	88	199.0
88	89	2.0
88	156	1.0
88	165	2.0
89	82	2.0
89	87	1.0
89	88	3.0
89	89	189.0
89	90	1.0
89	91	1.0
89	93	1.0
90	47	1.0
90	83	1.0
90	86	1.0
90	89	4.0
90	90	198.0
90	91	2.0
90	94	2.0
91	91	188.0
91	92	3.0
91	93	1.0
91	94	2.0
92	90	4.0
92	91	2.0
92	92	189.0
92	93	2.0
92	94	2.0
93	90	1.0
93	91	1.0
93	92	1.0
93	93	191.0
93	94	1.0
93	164	1.0
93	165	1.0
94	90	1.0
94	93	1.0
94	94	208.0
94	95	2.0
95	93	1.0
95	94	5.0
95	95	144.0
95	97	2.0
95	98	2.0
95	99	1.0
96	79	1.0
96	95	2.0
96	96	214.0
96	97	8.0
97	76	1.0
97	82	1.0
97	95	1.0
97	96	3.0
97	97	195.0
97	98	1.0
97	99	1.0
98	76	1.0
98	83	1.0
98	98	181.0
98	99	2.0
98	155	1.0
99	56	1.0
99	87	1.0
99	99	185.0
99	100	1.0
99	154	1.0
100	1	2.0
100	2	1.0
100	71	1.0
100	84	1.0
100	85	2.0
100	100	205.0
100	101	1.0
100	102	1.0
100	104	1.0
100	109	1.0
100	119	1.0
100	124	1.0
101	100	1.0
101	101	194.0
101	102	3.0
101	103	1.0
101	104	3.0
102	101	1.0
102	102	199.0
102	103	5.0
102	104	2.0
102	124	2.0
102	135	1.0
103	84	1.0
103	102	3.0
103	103	190.0
103	125	2.0
104	83	1.0
104	101	6.0
104	102	3.0
104	103	2.0
104	104	206.0
104	124	1.0
105	50	1.0
105	105	209.0
105	106	3.0
105	107	1.0
105	124	2.0
105	125	2.0
105	126	3.0
105	127	2.0
105	142	2.0
106	47	1.0
106	50	2.0
106	51	1.0
106	62	1.0
106	65	2.0
106	105	2.0
106	106	226.0
106	123	1.0
106	141	1.0
107	51	1.0
107	57	1.0
107	106	2.0
107	107	228.0
107	108	1.0
107	109	3.0
107	114	1.0
107	141	1.0
107	142	1.0
108	57	1.0
108	99	1.0
108	107	2.0
108	108	198.0
108	109	1.0
108	154	1.0
109	67	1.0
109	107	1.0
109	108	3.0
109	109	230.0
109	110	1.0
109	111	3.0
109	113	1.0
109	115	1.0
109	131	1.0
110	109	3.0
110	110	190.0
110	111	1.0
110	112	3.0
110	113	1.0
110	165	1.0
111	109	1.0
111	111	190.0
111	113	4.0
111	115	1.0
111	119	1.0
111	141	1.0
111	165	1.0
112	110	1.0
112	111	3.0
112	112	231.0
112	113	4.0
112	114	4.0
112	115	1.0
112	116	1.0
112	121	1.0
113	64	1.0
113	109	1.0
113	110	1.0
113	111	1.0
113	112	2.0
113	113	196.0
113	115	4.0
113	116	1.0
113	139	1.0
113	149	1.0
114	41	1.0
114	64	1.0
114	109	1.0
114	112	1.0
114	113	3.0
114	114	205.0
114	115	3.0
115	68	1.0
115	111	2.0
115	113	1.0
115	114	2.0
115	115	165.0
115	116	3.0
115	120	1.0
115	121	2.0
115	141	1.0
116	49	1.0
116	111	1.0
116	112	1.0
116	114	1.0
116	116	208.0
116	118	2.0
116	121	1.0
116	135	1.0
116	138	2.0
117	106	1.0
117	116	1.0
117	117	179.0
117	123	2.0
117	125	2.0
117	126	1.0
117	127	1.0
118	46	1.0
118	116	3.0
118	117	2.0
118	118	189.0
118	122	1.0
118	123	1.0
118	156	1.0
119	117	3.0
119	119	233.0
119	120	3.0
119	121	3.0
119	122	1.0
119	123	1.0
119	131	1.0
120	115	1.0
120	118	1.0
120	119	3.0
120	120	197.0
120	121	3.0
121	49	1.0
121	50	3.0
121	51	1.0
121	66	1.0
121	115	2.0
121	117	1.0
121	119	4.0
121	120	1.0
121	121	162.0
121	122	1.0
121	127	1.0
122	48	2.0
122	49	2.0
122	63	1.0
122	117	2.0
122	120	2.0
122	121	3.0
122	122	217.0
122	123	4.0
123	118	2.0
123	123	181.0
123	124	1.0
123	125	2.0
123	126	1.0
124	103	5.0
124	105	1.0
124	116	1.0
124	124	224.0
124	125	2.0
124	126	3.0
124	148	1.0
125	104	1.0
125	105	2.0
125	117	3.0
125	122	1.0
125	123	1.0
125	124	3.0
125	125	179.0
125	126	4.0
125	127	2.0
125	133	1.0
126	50	1.0
126	105	2.0
126	107	1.0
126	123	1.0
126	125	2.0
126	126	207.0
126	127	6.0
127	51	1.0
127	71	1.0
127	105	2.0
127	106	1.0
127	117	1.0
127	123	1.0
127	124	1.0
127	125	2.0
127	126	3.0
127	127	198.0
127	128	2.0
128	127	4.0
128	128	206.0
128	129	4.0
129	39	1.0
129	113	1.0
129	128	8.0
129	129	211.0
129	130	2.0
130	20	1.0
130	129	1.0
130	130	165.0
130	131	2.0
131	71	1.0
131	130	1.0
131	131	215.0
132	25	1.0
132	126	1.0
132	132	192.0
133	14	1.0
133	110	1.0
133	126	1.0
133	132	1.0
133	133	189.0
133	134	2.0
134	49	1.0
134	133	3.0
134	134	191.0
134	135	5.0
135	11	1.0
135	134	2.0
135	135	205.0
135	136	3.0
136	136	201.0
136	137	2.0
137	65	1.0
137	136	1.0
137	137	203.0
137	138	3.0
137	140	1.0
137	141	1.0
138	115	1.0
138	116	1.0
138	136	1.0
138	137	4.0
138	138	207.0
138	139	2.0
138	142	2.0
139	65	1.0
139	74	1.0
139	105	2.0
139	114	1.0
139	115	1.0
139	116	2.0
139	137	1.0
139	139	178.0
139	140	4.0
139	141	4.0
140	110	1.0
140	116	1.0
140	123	1.0
140	135	2.0
140	137	1.0
140	138	1.0
140	139	4.0
140	140	186.0
140	141	3.0
140	151	1.0
141	139	6.0
141	140	3.0
141	141	172.0
142	105	2.0
142	141	1.0
142	142	192.0
142	148	1.0
143	135	1.0
143	142	2.0
143	143	213.0
143	144	1.0
143	149	4.0
144	141	1.0
144	143	3.0
144	144	221.0
144	145	3.0
144	146	1.0
145	106	1.0
145	144	2.0
145	145	224.0
145	146	1.0
145	148	1.0
145	152	1.0
146	7	1.0
146	96	1.0
146	143	1.0
146	145	1.0
146	146	199.0
146	147	2.0
147	55	1.0
147	146	4.0
147	147	190.0
148	17	1.0
148	140	1.0
148	145	2.0
148	147	1.0
148	148	183.0
148	159	1.0
149	117	1.0
149	138	1.0
149	140	1.0
149	143	1.0
149	144	1.0
149	147	4.0
149	149	201.0
149	151	1.0
150	150	213.0
150	151	1.0
151	150	3.0
151	151	219.0
151	152	4.0
152	149	1.0
152	150	1.0
152	151	1.0
152	152	199.0
152	154	1.0
152	156	1.0
152	157	1.0
153	99	1.0
153	153	221.0
153	154	4.0
153	156	1.0
153	161	2.0
153	166	1.0
154	109	1.0
154	143	1.0
154	153	3.0
154	154	205.0
154	155	1.0
154	156	2.0
155	56	4.0
155	96	1.0
155	154	2.0
155	155	217.0
155	156	2.0
156	56	2.0
156	152	1.0
156	154	2.0
156	156	187.0
156	157	1.0
156	166	1.0
157	81	1.0
157	97	1.0
157	152	1.0
157	155	1.0
157	157	213.0
158	158	238.0
158	160	2.0
159	158	3.0
159	159	180.0
159	160	1.0
159	163	1.0
160	74	1.0
160	75	1.0
160	158	2.0
160	160	189.0
160	161	1.0
160	164	1.0
160	168	1.0
161	159	2.0
161	160	4.0
161	161	216.0
161	162	3.0
161	163	1.0
161	164	1.0
162	142	1.0
162	161	2.0
162	162	218.0
162	163	6.0
162	164	2.0
162	165	1.0
163	64	1.0
163	139	1.0
163	159	1.0
163	161	1.0
163	162	3.0
163	163	187.0
163	164	4.0
163	165	2.0
164	159	1.0
164	160	1.0
164	161	2.0
164	163	4.0
164	164	169.0
164	165	4.0
164	166	2.0
165	73	1.0
165	162	4.0
165	163	2.0
165	164	1.0
165	165	212.0
165	166	4.0
165	168	1.0
166	87	2.0
166	152	1.0
166	154	1.0
166	160	1.0
166	163	2.0
166	165	2.0
166	166	199.0
166	167	1.0
166	168	1.0
167	138	1.0
167	153	1.0
167	154	2.0
167	158	1.0
167	166	1.0
167	167	165.0
167	169	1.0
168	36	1.0
168	69	1.0
168	87	1.0
168	168	197.0
168	169	5.0
169	41	2.0
169	167	1.0
169	168	4.0
169	169	221.0
170	27	1.0
170	28	1.0
170	36	1.0
170	41	2.0
170	42	1.0
170	79	1.0
170	168	1.0
170	169	1.0
170	170	190.0
172	1	3.0
172	2	1.0
172	85	1.0
172	172	181.0
