20	20	39.0
20	25	1.0
20	29	1.0
21	21	3.0
21	25	1.0
22	22	48.0
22	28	1.0
22	42	1.0
22	57	1.0
23	22	2.0
23	23	62.0
23	56	1.0
24	22	1.0
24	24	94.0
24	50	1.0
24	51	1.0
24	52	1.0
25	25	108.0
25	27	1.0
26	26	53.0
27	26	1.0
27	27	102.0
27	28	3.0
27	70	2.0
28	27	2.0
28	28	64.0
29	29	163.0
29	30	3.0
29	31	1.0
29	43	1.0
30	29	1.0
30	30	89.0
30	31	2.0
30	32	2.0
30	34	1.0
30	79	2.0
31	20	1.0
31	30	2.0
31	31	151.0
31	32	1.0
31	57	1.0
32	30	1.0
32	32	148.0
32	33	2.0
32	41	1.0
32	57	1.0
32	58	1.0
33	32	2.0
33	33	163.0
33	34	1.0
33	39	2.0
33	57	1.0
33	58	4.0
33	80	1.0
34	20	1.0
34	33	1.0
34	34	107.0
34	36	1.0
35	34	2.0
35	35	83.0
35	36	1.0
35	37	1.0
35	56	1.0
36	34	1.0
36	35	3.0
36	36	77.0
36	37	1.0
37	34	1.0
37	35	1.0
37	37	101.0
37	39	2.0
38	35	5.0
38	36	1.0
38	37	1.0
38	38	162.0
38	39	4.0
39	34	1.0
39	38	5.0
39	39	193.0
39	40	2.0
39	79	1.0
40	33	2.0
40	38	1.0
40	39	2.0
40	40	180.0
40	41	1.0
40	42	2.0
40	79	1.0
41	40	1.0
41	41	232.0
41	42	4.0
41	87	1.0
42	40	1.0
42	41	3.0
42	42	236.0
42	43	4.0
43	29	1.0
43	42	3.0
43	43	197.0
43	44	1.0
44	44	122.0
44	45	1.0
45	45	89.0
46	46	4.0
47	46	2.0
47	47	22.0
47	48	1.0
47	49	1.0
48	48	59.0
48	49	1.0
48	50	2.0
49	48	1.0
49	49	91.0
49	50	2.0
49	51	1.0
50	49	4.0
50	50	102.0
51	50	4.0
51	51	112.0
52	20	1.0
52	24	3.0
52	52	125.0
52	53	2.0
53	52	1.0
53	53	121.0
53	54	1.0
54	54	94.0
54	55	2.0
54	56	1.0
55	54	3.0
55	55	104.0
55	56	3.0
56	45	1.0
56	54	2.0
56	55	1.0
56	56	127.0
56	57	3.0
56	79	1.0
57	23	1.0
57	32	1.0
57	54	1.0
57	56	1.0
57	57	122.0
57	58	1.0
58	57	1.0
58	58	102.0
58	59	1.0
58	62	1.0
58	79	1.0
59	31	1.0
59	58	1.0
59	59	117.0
59	62	2.0
60	59	1.0
60	60	115.0
60	61	4.0
60	62	3.0
61	55	1.0
61	59	2.0
61	61	145.0
61	62	4.0
61	63	1.0
61	72	1.0
62	59	1.0
62	60	4.0
62	61	4.0
62	62	173.0
62	63	1.0
63	62	6.0
63	63	165.0
64	64	94.0
64	75	1.0
65	64	2.0
65	65	105.0
65	66	2.0
65	67	2.0
66	65	1.0
66	66	115.0
66	67	5.0
66	68	1.0
67	65	2.0
67	66	5.0
67	67	145.0
67	68	3.0
67	69	1.0
68	65	2.0
68	66	1.0
68	67	1.0
68	68	132.0
68	69	1.0
68	70	2.0
69	68	6.0
69	69	112.0
69	70	3.0
70	27	3.0
70	69	3.0
70	70	245.0
70	71	2.0
70	72	2.0
71	70	1.0
71	71	145.0
71	72	5.0
71	74	1.0
72	68	1.0
72	69	2.0
72	71	7.0
72	72	126.0
72	73	2.0
73	69	1.0
73	73	125.0
73	74	2.0
74	70	2.0
74	71	1.0
74	73	2.0
74	74	107.0
74	75	1.0
75	70	2.0
75	72	1.0
75	74	1.0
75	75	108.0
75	76	2.0
76	76	104.0
76	77	3.0
76	78	2.0
77	76	2.0
77	77	111.0
78	39	1.0
78	75	1.0
78	76	3.0
78	77	5.0
78	78	122.0
78	79	1.0
78	80	1.0
78	81	1.0
78	91	1.0
79	34	2.0
79	78	1.0
79	79	188.0
79	80	4.0
79	97	1.0
80	33	1.0
80	34	1.0
80	39	1.0
80	40	2.0
80	43	1.0
80	57	1.0
80	79	2.0
80	80	179.0
80	81	1.0
80	83	1.0
80	94	1.0
80	97	4.0
81	81	99.0
81	82	1.0
81	85	1.0
81	87	1.0
82	81	2.0
82	82	59.0
83	81	2.0
83	82	3.0
83	83	145.0
83	84	1.0
83	87	2.0
84	73	1.0
84	82	1.0
84	83	4.0
84	84	124.0
84	85	1.0
84	86	1.0
84	87	1.0
85	81	4.0
85	84	1.0
85	85	198.0
85	86	1.0
85	87	4.0
85	102	1.0
86	84	2.0
86	85	3.0
86	86	212.0
86	87	6.0
86	88	2.0
86	96	1.0
86	101	1.0
87	82	1.0
87	83	1.0
87	85	4.0
87	86	5.0
87	87	210.0
87	88	8.0
87	91	1.0
87	95	1.0
87	96	1.0
88	59	2.0
88	61	1.0
88	62	1.0
88	84	2.0
88	86	3.0
88	87	2.0
88	88	268.0
88	89	3.0
88	90	1.0
88	91	1.0
88	92	1.0
88	95	2.0
88	96	1.0
89	88	5.0
89	89	188.0
89	91	1.0
90	70	1.0
90	89	3.0
90	90	241.0
90	91	4.0
90	92	2.0
90	95	1.0
91	88	1.0
91	89	1.0
91	90	1.0
91	91	267.0
91	92	3.0
91	93	2.0
91	95	1.0
91	98	1.0
92	65	1.0
92	81	2.0
92	87	1.0
92	91	4.0
92	92	229.0
92	93	3.0
92	97	1.0
92	98	2.0
93	84	1.0
93	92	2.0
93	93	203.0
93	94	4.0
93	97	1.0
94	80	1.0
94	84	1.0
94	86	1.0
94	92	2.0
94	93	2.0
94	94	208.0
94	95	2.0
94	96	1.0
94	97	1.0
95	79	1.0
95	88	4.0
95	92	2.0
95	93	1.0
95	94	1.0
95	95	218.0
95	96	5.0
95	97	1.0
95	98	3.0
96	92	2.0
96	93	2.0
96	94	3.0
96	95	4.0
96	96	223.0
96	98	2.0
96	99	1.0
97	80	1.0
97	83	1.0
97	92	1.0
97	94	2.0
97	95	5.0
97	96	4.0
97	97	193.0
97	98	2.0
98	79	1.0
98	87	2.0
98	91	2.0
98	94	3.0
98	96	3.0
98	97	1.0
98	98	230.0
98	99	3.0
99	85	1.0
99	86	1.0
99	96	2.0
99	98	2.0
99	99	217.0
99	100	2.0
100	86	1.0
100	99	4.0
100	100	104.0
100	101	1.0
100	102	1.0
101	101	92.0
101	102	2.0
102	101	4.0
102	102	47.0
