1	1	480.0
1	2	46.0
1	3	54.0
1	4	31.0
1	5	41.0
1	6	24.0
1	7	12.0
1	8	9.0
1	9	2.0
1	10	1.0
1	11	1.0
1	19	1.0
1	21	5.0
1	29	2.0
1	42	1.0
1	53	1.0
1	58	1.0
1	60	1.0
1	114	1.0
1	120	2.0
1	133	3.0
2	2	452.0
2	3	18.0
2	4	8.0
2	5	15.0
2	6	26.0
2	7	33.0
2	8	18.0
2	9	3.0
2	15	1.0
2	106	1.0
2	107	1.0
3	3	500.0
3	4	78.0
3	5	11.0
3	6	13.0
3	7	7.0
3	8	2.0
3	11	1.0
3	69	1.0
3	73	2.0
3	89	2.0
3	94	1.0
3	97	2.0
3	99	2.0
3	114	1.0
3	124	1.0
3	125	2.0
3	128	1.0
3	131	8.0
3	133	4.0
4	4	488.0
4	5	44.0
4	6	10.0
4	7	2.0
4	8	3.0
4	13	1.0
4	55	1.0
4	63	1.0
4	77	1.0
4	83	1.0
4	85	1.0
4	88	1.0
4	114	1.0
4	116	1.0
4	126	1.0
4	131	4.0
4	133	1.0
5	5	425.0
5	6	45.0
5	8	10.0
5	9	13.0
5	20	1.0
5	24	1.0
5	42	2.0
5	88	1.0
5	93	1.0
5	125	1.0
5	127	1.0
5	129	1.0
5	132	1.0
5	134	3.0
6	6	488.0
6	7	25.0
6	8	8.0
6	10	1.0
6	16	1.0
6	23	1.0
6	52	1.0
6	58	1.0
6	89	3.0
6	104	2.0
6	109	1.0
6	111	2.0
6	133	2.0
7	7	509.0
7	8	26.0
7	9	12.0
7	10	8.0
7	11	8.0
7	12	1.0
7	50	1.0
7	70	1.0
7	90	1.0
7	91	1.0
7	92	1.0
7	100	1.0
7	103	1.0
7	106	1.0
7	109	1.0
7	110	2.0
8	8	467.0
8	9	33.0
8	11	19.0
8	12	2.0
8	13	9.0
8	14	1.0
8	15	2.0
8	61	1.0
8	91	4.0
8	92	8.0
8	97	1.0
8	101	1.0
8	102	1.0
8	106	2.0
8	122	2.0
8	134	1.0
9	9	433.0
9	10	67.0
9	11	42.0
9	12	2.0
9	13	3.0
9	14	1.0
9	16	1.0
9	17	1.0
9	20	2.0
9	24	1.0
9	32	1.0
9	39	1.0
9	42	2.0
9	56	1.0
9	59	1.0
9	91	4.0
9	92	9.0
9	93	1.0
9	107	2.0
9	108	3.0
9	109	1.0
9	123	1.0
9	126	1.0
9	131	1.0
10	10	468.0
10	11	19.0
10	12	2.0
10	19	6.0
10	29	1.0
10	50	1.0
10	52	1.0
10	66	1.0
10	71	1.0
10	91	1.0
10	104	1.0
10	105	1.0
10	106	1.0
10	107	2.0
10	108	3.0
10	109	5.0
10	112	2.0
10	114	1.0
10	119	1.0
10	120	2.0
10	131	2.0
10	134	1.0
11	11	512.0
11	12	11.0
11	13	3.0
11	14	4.0
11	15	1.0
11	20	1.0
11	71	14.0
11	72	8.0
11	73	3.0
11	89	1.0
11	91	1.0
11	92	4.0
11	93	2.0
11	106	1.0
11	113	1.0
11	121	1.0
11	122	1.0
11	124	1.0
11	125	1.0
11	130	1.0
12	12	523.0
12	13	35.0
12	14	7.0
12	18	2.0
12	56	1.0
12	66	1.0
12	69	1.0
12	70	1.0
12	72	1.0
12	73	2.0
12	75	1.0
12	87	1.0
12	92	1.0
12	99	1.0
12	105	1.0
12	106	3.0
12	112	1.0
12	113	2.0
12	117	1.0
12	124	1.0
12	128	1.0
12	134	1.0
12	135	1.0
13	13	506.0
13	14	36.0
13	17	1.0
13	20	1.0
13	23	1.0
13	42	2.0
13	54	1.0
13	77	2.0
13	91	3.0
13	105	2.0
13	106	7.0
13	108	2.0
13	112	1.0
14	14	502.0
14	15	6.0
14	16	2.0
14	20	1.0
14	23	1.0
14	24	1.0
14	55	3.0
14	70	1.0
14	92	3.0
14	99	1.0
14	105	1.0
14	106	3.0
14	109	1.0
14	111	1.0
14	116	1.0
14	128	1.0
14	134	2.0
15	15	418.0
15	16	30.0
15	17	10.0
15	18	3.0
15	22	1.0
15	38	1.0
15	52	2.0
15	69	1.0
15	70	6.0
15	72	2.0
15	90	16.0
15	91	12.0
15	104	1.0
15	107	3.0
15	108	1.0
15	110	1.0
15	134	1.0
16	16	434.0
16	17	27.0
16	18	10.0
16	21	1.0
16	68	1.0
16	76	1.0
16	90	1.0
16	96	1.0
16	112	1.0
16	113	1.0
16	115	1.0
16	127	1.0
16	134	1.0
17	17	325.0
17	18	29.0
17	19	8.0
17	20	2.0
17	21	2.0
17	22	1.0
17	89	1.0
17	112	1.0
17	134	1.0
18	18	373.0
18	19	16.0
18	20	9.0
18	21	1.0
18	22	1.0
18	36	1.0
18	38	1.0
18	39	1.0
18	42	1.0
18	81	1.0
18	89	2.0
18	111	2.0
18	112	1.0
18	113	1.0
18	114	1.0
18	116	2.0
19	19	341.0
19	20	40.0
19	21	14.0
19	22	2.0
19	30	1.0
19	38	1.0
19	56	1.0
19	69	2.0
19	88	1.0
19	89	3.0
19	90	1.0
19	94	1.0
19	98	1.0
19	108	1.0
19	109	2.0
19	110	6.0
19	111	15.0
19	112	4.0
19	113	15.0
19	114	1.0
19	115	1.0
19	133	1.0
20	20	415.0
20	21	22.0
20	23	3.0
20	42	1.0
20	87	1.0
20	97	1.0
20	98	1.0
20	101	1.0
20	107	1.0
20	108	4.0
20	109	5.0
20	110	18.0
20	111	14.0
20	112	3.0
20	115	5.0
20	125	1.0
20	128	1.0
20	132	1.0
21	21	489.0
21	22	26.0
21	23	12.0
21	24	2.0
21	38	1.0
21	39	2.0
21	42	1.0
21	71	1.0
21	88	2.0
21	89	3.0
21	91	2.0
21	96	1.0
21	110	10.0
21	111	2.0
21	112	8.0
21	113	7.0
21	115	5.0
21	116	4.0
21	125	1.0
21	126	5.0
21	134	2.0
22	22	438.0
22	23	34.0
22	24	11.0
22	38	1.0
22	42	1.0
22	87	2.0
22	111	2.0
22	112	2.0
22	113	2.0
22	115	13.0
22	116	4.0
22	124	4.0
22	125	3.0
22	126	3.0
22	131	2.0
22	132	26.0
22	133	3.0
23	23	453.0
23	24	45.0
23	25	22.0
23	27	1.0
23	28	1.0
23	42	1.0
23	43	1.0
23	45	1.0
23	50	2.0
23	52	1.0
23	56	1.0
23	94	2.0
23	101	1.0
23	110	1.0
23	112	2.0
23	115	3.0
23	124	5.0
23	125	19.0
23	127	1.0
23	128	1.0
23	130	2.0
23	131	17.0
23	132	3.0
23	133	5.0
24	24	457.0
24	25	19.0
24	31	1.0
24	35	1.0
24	85	1.0
24	100	1.0
24	125	9.0
24	126	2.0
24	127	1.0
25	25	423.0
25	26	27.0
25	27	5.0
25	28	10.0
25	42	1.0
25	54	1.0
25	85	1.0
25	100	8.0
25	101	3.0
25	102	2.0
25	103	1.0
25	115	2.0
25	117	1.0
25	119	2.0
25	120	3.0
25	121	3.0
25	122	2.0
25	124	1.0
25	125	3.0
25	127	8.0
25	128	8.0
25	129	14.0
25	133	2.0
26	26	404.0
26	27	6.0
26	28	6.0
26	29	1.0
26	31	3.0
26	36	1.0
26	42	2.0
26	75	1.0
26	98	1.0
26	99	13.0
26	100	11.0
26	101	3.0
26	104	1.0
26	114	2.0
26	118	1.0
26	119	11.0
26	120	13.0
26	121	4.0
26	122	10.0
26	123	1.0
26	126	1.0
26	127	14.0
26	128	17.0
26	129	21.0
26	130	3.0
26	132	1.0
27	27	471.0
27	28	18.0
27	29	5.0
27	30	5.0
27	42	6.0
27	56	1.0
27	58	1.0
27	71	1.0
27	94	2.0
27	98	1.0
27	99	7.0
27	100	16.0
27	101	1.0
27	111	1.0
27	116	1.0
27	118	4.0
27	119	17.0
27	120	14.0
27	122	3.0
27	123	3.0
27	124	6.0
27	126	2.0
27	129	1.0
28	28	482.0
28	29	55.0
28	30	41.0
28	31	8.0
28	32	1.0
28	39	1.0
28	42	3.0
28	46	1.0
28	53	3.0
28	54	1.0
28	61	1.0
28	100	2.0
28	117	1.0
28	120	7.0
28	121	10.0
28	122	8.0
28	124	5.0
28	125	1.0
28	128	2.0
28	130	6.0
29	29	467.0
29	30	14.0
29	31	5.0
29	38	1.0
29	42	3.0
29	62	1.0
29	65	2.0
29	100	2.0
29	103	1.0
29	114	1.0
29	120	9.0
29	121	5.0
29	122	12.0
29	126	3.0
29	128	6.0
29	130	22.0
29	131	1.0
30	30	478.0
30	31	41.0
30	32	11.0
30	38	1.0
30	42	4.0
30	43	8.0
30	44	1.0
30	52	2.0
30	53	7.0
30	56	1.0
30	80	1.0
30	81	1.0
30	124	1.0
30	128	2.0
30	129	1.0
30	133	1.0
31	31	447.0
31	32	16.0
31	33	3.0
31	38	1.0
31	42	10.0
31	43	2.0
31	44	1.0
31	49	1.0
31	51	3.0
31	52	7.0
31	53	18.0
31	63	1.0
31	66	1.0
31	112	1.0
31	119	1.0
31	120	2.0
31	132	1.0
32	32	436.0
32	33	30.0
32	34	5.0
32	38	1.0
32	42	2.0
32	43	1.0
32	50	15.0
32	51	3.0
32	52	14.0
32	53	8.0
32	55	4.0
32	56	8.0
32	57	1.0
32	59	9.0
32	60	2.0
32	61	1.0
32	62	1.0
32	63	2.0
32	64	3.0
32	65	1.0
32	81	1.0
32	117	1.0
32	126	1.0
33	33	454.0
33	34	55.0
33	35	14.0
33	38	8.0
33	43	3.0
33	44	1.0
33	49	1.0
33	50	12.0
33	51	1.0
33	52	3.0
33	55	17.0
33	56	17.0
33	57	8.0
33	59	14.0
33	60	14.0
33	63	1.0
33	69	3.0
33	70	12.0
33	71	2.0
33	89	1.0
33	96	1.0
33	125	1.0
34	34	462.0
34	35	22.0
34	38	3.0
34	46	1.0
34	48	4.0
34	55	1.0
34	56	2.0
34	60	16.0
34	61	1.0
34	66	1.0
34	69	5.0
34	70	13.0
34	71	2.0
34	80	1.0
34	97	6.0
34	109	2.0
34	114	1.0
34	115	2.0
34	117	1.0
35	35	477.0
35	36	12.0
35	37	53.0
35	38	14.0
35	39	1.0
35	46	1.0
35	47	2.0
35	48	1.0
35	53	1.0
35	55	4.0
35	56	5.0
35	57	3.0
35	58	2.0
35	60	9.0
35	61	12.0
35	62	3.0
35	69	3.0
35	70	2.0
35	71	12.0
35	95	1.0
35	97	7.0
35	112	1.0
35	114	13.0
35	115	1.0
35	127	1.0
35	129	1.0
36	36	397.0
36	37	19.0
36	38	18.0
36	45	1.0
36	49	1.0
36	56	1.0
36	57	11.0
36	58	8.0
36	61	1.0
36	62	1.0
36	107	1.0
36	109	2.0
36	111	12.0
36	113	2.0
36	114	37.0
36	115	13.0
36	120	2.0
36	134	1.0
37	37	476.0
37	38	13.0
37	44	1.0
37	57	5.0
37	58	4.0
37	60	6.0
37	61	7.0
37	62	3.0
37	63	7.0
37	65	2.0
37	87	1.0
37	96	1.0
37	97	4.0
37	112	1.0
37	114	1.0
37	125	1.0
38	38	375.0
38	39	68.0
38	42	126.0
38	43	14.0
38	44	1.0
38	45	6.0
38	46	2.0
38	50	1.0
38	51	1.0
38	60	1.0
38	61	1.0
38	68	1.0
38	70	1.0
38	71	1.0
38	79	1.0
38	98	2.0
38	100	1.0
38	119	1.0
38	120	2.0
38	121	2.0
38	122	1.0
38	123	8.0
38	124	9.0
38	127	1.0
38	132	9.0
39	39	201.0
39	42	101.0
39	43	1.0
39	45	1.0
39	50	1.0
39	79	1.0
39	92	1.0
39	101	1.0
39	104	1.0
39	106	1.0
39	121	1.0
39	133	1.0
42	42	1122.0
42	43	23.0
42	44	12.0
42	45	3.0
42	53	1.0
42	57	3.0
42	67	1.0
42	74	1.0
42	75	2.0
42	76	1.0
42	82	1.0
42	89	1.0
42	98	4.0
42	106	1.0
42	109	1.0
42	118	1.0
42	119	8.0
42	120	4.0
42	121	2.0
42	122	6.0
42	123	3.0
42	124	2.0
42	125	2.0
42	127	3.0
42	128	6.0
42	129	5.0
42	130	7.0
42	131	6.0
42	133	1.0
42	134	1.0
43	43	450.0
43	44	31.0
43	45	24.0
43	46	2.0
43	48	1.0
43	58	1.0
43	59	3.0
43	65	1.0
43	70	1.0
43	115	1.0
43	119	7.0
43	120	1.0
43	121	10.0
43	122	2.0
43	123	8.0
43	124	5.0
43	132	4.0
43	134	1.0
44	44	513.0
44	45	43.0
44	46	4.0
44	47	1.0
44	48	2.0
44	49	1.0
44	51	6.0
44	52	2.0
44	54	2.0
44	58	6.0
44	59	24.0
44	60	1.0
44	64	1.0
44	88	1.0
44	110	3.0
44	120	2.0
44	131	1.0
44	132	1.0
45	45	465.0
45	46	20.0
45	47	21.0
45	51	8.0
45	54	2.0
45	58	4.0
45	59	5.0
45	76	1.0
45	103	1.0
45	119	6.0
45	121	1.0
45	122	1.0
45	127	12.0
45	128	3.0
45	129	2.0
45	130	1.0
45	132	2.0
45	133	2.0
46	46	136.0
46	47	14.0
46	48	1.0
46	49	3.0
46	50	3.0
46	51	6.0
46	54	1.0
46	70	3.0
46	71	1.0
46	81	1.0
46	85	2.0
46	88	2.0
46	117	1.0
46	119	2.0
46	120	1.0
46	122	1.0
46	123	1.0
46	132	1.0
47	47	253.0
47	48	3.0
47	49	13.0
47	50	9.0
47	51	14.0
47	52	1.0
47	53	2.0
47	54	2.0
47	55	1.0
47	56	3.0
47	57	1.0
47	67	2.0
47	69	3.0
47	70	7.0
47	71	4.0
47	78	1.0
47	83	8.0
47	85	6.0
47	86	1.0
47	93	1.0
47	103	1.0
48	48	192.0
48	49	5.0
48	50	21.0
48	53	1.0
48	55	1.0
48	58	5.0
48	59	2.0
48	60	2.0
48	65	1.0
48	71	12.0
48	81	1.0
48	83	2.0
48	101	1.0
48	132	1.0
49	49	297.0
49	50	35.0
49	52	1.0
49	53	6.0
49	54	4.0
49	55	12.0
49	56	10.0
49	57	12.0
49	59	1.0
49	60	1.0
49	67	1.0
49	71	7.0
49	83	10.0
49	84	2.0
49	85	7.0
49	102	3.0
49	127	2.0
50	50	527.0
50	51	1.0
50	52	5.0
50	55	9.0
50	56	17.0
50	57	9.0
50	58	2.0
50	59	4.0
50	65	1.0
50	71	17.0
50	79	1.0
50	82	13.0
50	83	22.0
50	84	5.0
50	85	14.0
50	88	2.0
51	51	117.0
51	52	10.0
51	56	6.0
51	69	1.0
51	71	6.0
51	107	1.0
52	52	428.0
52	53	31.0
52	54	8.0
52	56	6.0
52	58	1.0
52	64	1.0
52	65	4.0
52	67	1.0
52	79	1.0
52	81	2.0
52	86	1.0
52	88	1.0
52	125	1.0
53	53	424.0
53	54	24.0
53	64	2.0
53	65	25.0
53	66	1.0
53	67	6.0
53	71	4.0
53	72	1.0
53	82	2.0
53	83	1.0
53	86	1.0
53	96	1.0
53	107	1.0
53	116	1.0
53	124	1.0
53	131	1.0
54	54	405.0
54	55	15.0
54	56	6.0
54	57	11.0
54	58	24.0
54	59	22.0
54	60	2.0
54	61	5.0
54	62	19.0
54	63	14.0
54	64	29.0
54	65	15.0
54	67	2.0
54	68	1.0
54	73	1.0
54	90	1.0
54	112	1.0
54	114	1.0
54	124	1.0
55	55	432.0
55	56	36.0
55	57	12.0
55	58	13.0
55	59	31.0
55	60	4.0
55	61	1.0
55	62	4.0
55	63	4.0
55	64	2.0
55	97	1.0
55	111	1.0
55	112	2.0
55	130	1.0
55	134	1.0
56	56	372.0
56	57	58.0
56	58	19.0
56	59	9.0
56	60	2.0
56	61	1.0
56	62	9.0
56	63	8.0
56	85	1.0
56	115	1.0
57	57	372.0
57	58	31.0
57	59	22.0
57	60	1.0
57	61	1.0
57	62	2.0
57	63	2.0
57	111	3.0
57	112	6.0
57	114	7.0
57	119	1.0
58	58	383.0
58	59	23.0
58	63	6.0
58	109	4.0
58	111	3.0
58	112	6.0
58	113	7.0
58	114	7.0
58	115	3.0
59	59	414.0
59	60	3.0
59	75	3.0
59	89	1.0
59	117	1.0
59	127	1.0
60	60	468.0
60	61	30.0
60	62	2.0
60	79	1.0
60	80	1.0
60	90	1.0
61	61	423.0
61	62	33.0
61	63	7.0
61	67	1.0
61	74	1.0
61	76	1.0
61	84	1.0
61	100	1.0
61	119	1.0
61	133	1.0
62	62	458.0
62	63	50.0
62	64	10.0
62	65	1.0
62	68	2.0
62	89	1.0
62	109	2.0
62	127	1.0
62	132	1.0
63	63	481.0
63	64	42.0
63	65	9.0
63	66	4.0
63	68	3.0
63	69	3.0
63	79	1.0
63	86	1.0
63	108	1.0
63	120	1.0
64	64	465.0
64	65	22.0
64	66	13.0
64	68	3.0
64	69	1.0
64	71	1.0
64	131	1.0
65	65	453.0
65	66	48.0
65	67	20.0
65	68	4.0
65	69	4.0
65	79	1.0
65	84	1.0
65	101	1.0
66	66	441.0
66	67	42.0
66	68	51.0
66	69	15.0
66	70	2.0
66	71	4.0
66	105	1.0
66	112	1.0
67	67	418.0
67	68	31.0
67	69	9.0
67	71	4.0
67	87	3.0
67	133	1.0
68	68	385.0
68	69	64.0
68	70	1.0
68	71	1.0
68	96	1.0
68	97	2.0
69	69	388.0
69	70	37.0
69	71	7.0
69	103	1.0
69	109	1.0
69	118	2.0
70	70	459.0
70	71	31.0
70	72	3.0
70	111	1.0
70	112	1.0
70	116	1.0
70	118	1.0
70	120	1.0
70	123	2.0
71	71	546.0
71	72	22.0
71	73	7.0
71	75	1.0
71	79	1.0
71	82	3.0
71	83	13.0
71	84	5.0
71	88	1.0
71	97	1.0
71	115	1.0
71	119	1.0
72	72	525.0
72	73	32.0
72	75	2.0
72	88	2.0
72	89	2.0
72	103	1.0
72	120	1.0
73	73	530.0
73	74	21.0
73	75	9.0
73	79	1.0
73	80	3.0
73	81	1.0
73	86	1.0
73	104	1.0
73	125	1.0
74	74	473.0
74	75	24.0
74	78	1.0
74	79	3.0
74	80	25.0
74	87	1.0
74	88	1.0
74	103	1.0
74	117	1.0
74	127	1.0
75	75	470.0
75	76	34.0
75	77	15.0
75	78	8.0
75	79	4.0
75	88	2.0
75	91	3.0
75	110	1.0
76	76	471.0
76	77	43.0
76	78	14.0
76	79	18.0
76	88	1.0
76	128	1.0
77	77	546.0
77	78	54.0
77	79	4.0
77	82	1.0
77	106	1.0
77	111	1.0
78	78	463.0
78	79	45.0
78	80	4.0
78	115	1.0
79	79	560.0
79	80	45.0
79	81	16.0
79	82	5.0
79	84	1.0
79	86	1.0
79	87	2.0
80	80	648.0
80	81	37.0
80	82	24.0
80	84	1.0
80	122	1.0
81	81	426.0
81	82	28.0
81	83	2.0
81	84	5.0
81	85	2.0
81	86	11.0
81	87	38.0
81	88	2.0
81	89	1.0
81	91	1.0
81	117	1.0
81	121	1.0
82	82	439.0
82	83	25.0
82	84	25.0
82	85	17.0
82	86	11.0
82	92	2.0
82	103	1.0
83	83	442.0
83	84	45.0
83	85	42.0
83	95	1.0
83	123	1.0
84	84	460.0
84	85	49.0
84	86	4.0
84	98	1.0
85	85	402.0
85	86	8.0
85	115	2.0
85	120	1.0
85	121	1.0
85	133	2.0
86	86	442.0
86	87	44.0
86	88	5.0
86	98	1.0
86	113	1.0
86	116	3.0
86	134	2.0
87	87	524.0
87	88	60.0
87	114	1.0
87	116	1.0
87	133	1.0
88	88	529.0
88	89	13.0
88	90	1.0
88	93	1.0
88	104	2.0
88	113	7.0
88	114	3.0
88	115	7.0
88	116	1.0
88	126	1.0
89	89	365.0
89	90	60.0
89	91	1.0
89	92	1.0
89	93	5.0
89	106	1.0
89	111	10.0
89	112	5.0
89	115	4.0
89	120	1.0
89	130	1.0
90	90	486.0
90	91	23.0
90	92	16.0
90	106	5.0
90	107	2.0
90	110	1.0
90	111	4.0
90	112	7.0
90	115	1.0
91	91	448.0
91	92	74.0
91	93	19.0
91	94	1.0
91	106	12.0
91	107	6.0
92	92	432.0
92	93	14.0
92	97	1.0
92	104	3.0
92	116	1.0
93	93	425.0
93	94	23.0
93	95	1.0
93	100	2.0
93	117	4.0
93	123	1.0
93	132	1.0
94	94	446.0
94	95	16.0
94	96	2.0
94	97	6.0
94	98	10.0
94	99	1.0
94	108	2.0
94	115	2.0
94	116	8.0
94	117	17.0
94	118	1.0
94	119	1.0
94	120	2.0
94	123	1.0
94	134	1.0
95	95	468.0
95	96	45.0
95	97	23.0
95	98	9.0
95	99	1.0
95	101	1.0
95	106	1.0
95	107	11.0
95	108	1.0
95	112	1.0
95	115	4.0
95	116	9.0
96	96	388.0
96	97	68.0
96	98	19.0
96	99	1.0
96	106	1.0
96	107	12.0
96	108	1.0
96	111	2.0
96	115	6.0
96	118	1.0
96	126	1.0
97	97	467.0
97	98	35.0
97	99	4.0
97	102	1.0
97	106	1.0
97	107	15.0
97	108	1.0
97	111	2.0
97	114	1.0
97	115	9.0
97	116	4.0
98	98	536.0
98	99	29.0
98	102	2.0
98	103	1.0
98	106	3.0
98	107	1.0
98	108	1.0
98	115	5.0
98	116	24.0
99	99	444.0
99	100	48.0
99	101	55.0
99	102	9.0
99	103	5.0
99	107	1.0
99	116	4.0
99	118	4.0
99	119	14.0
99	120	9.0
99	122	2.0
99	123	1.0
99	131	1.0
100	100	467.0
100	101	22.0
100	102	7.0
100	103	1.0
100	114	1.0
100	118	1.0
100	119	5.0
100	120	6.0
100	121	3.0
100	122	1.0
100	123	8.0
101	101	489.0
101	102	6.0
101	103	10.0
101	111	1.0
101	112	1.0
101	114	1.0
101	118	12.0
101	119	10.0
101	120	2.0
101	122	3.0
101	124	1.0
102	102	502.0
102	103	37.0
102	104	37.0
102	105	6.0
102	110	1.0
102	112	1.0
102	116	7.0
102	117	6.0
102	118	19.0
102	119	7.0
102	121	2.0
102	122	1.0
102	123	2.0
103	103	561.0
103	104	29.0
103	105	2.0
103	108	1.0
103	109	1.0
103	113	1.0
103	117	1.0
103	118	4.0
104	104	537.0
104	105	53.0
104	107	1.0
104	109	1.0
105	105	539.0
105	106	3.0
105	117	1.0
105	119	1.0
105	126	1.0
106	106	478.0
106	107	59.0
106	108	39.0
106	110	2.0
106	111	4.0
106	119	1.0
106	120	1.0
107	107	426.0
107	108	69.0
107	109	4.0
107	110	4.0
107	111	17.0
107	114	1.0
107	115	17.0
107	116	1.0
107	118	1.0
107	133	1.0
108	108	430.0
108	109	28.0
108	110	22.0
108	111	17.0
108	112	3.0
108	113	5.0
108	114	1.0
108	115	3.0
108	123	1.0
108	126	1.0
108	127	1.0
109	109	479.0
109	110	75.0
109	111	38.0
109	112	3.0
109	113	8.0
109	114	3.0
109	115	8.0
109	128	1.0
109	133	2.0
110	110	372.0
110	111	41.0
110	112	13.0
110	113	10.0
110	115	2.0
111	111	429.0
111	112	21.0
111	113	27.0
111	114	21.0
111	115	19.0
111	116	1.0
111	118	1.0
111	123	1.0
111	133	1.0
112	112	441.0
112	113	78.0
112	114	35.0
112	115	9.0
112	120	3.0
113	113	499.0
113	114	18.0
113	115	5.0
113	118	1.0
114	114	527.0
114	115	38.0
114	120	1.0
114	123	1.0
115	115	461.0
115	116	6.0
115	117	1.0
115	118	1.0
115	120	3.0
115	132	2.0
116	116	484.0
116	117	35.0
116	118	33.0
116	120	1.0
116	121	1.0
116	122	3.0
116	123	4.0
116	127	1.0
117	117	523.0
117	118	36.0
117	119	1.0
117	122	1.0
118	118	501.0
118	119	26.0
118	120	13.0
118	122	4.0
118	123	8.0
118	125	1.0
118	129	1.0
118	130	1.0
118	132	2.0
119	119	504.0
119	120	72.0
119	121	5.0
119	122	22.0
119	123	7.0
119	125	4.0
119	126	1.0
120	120	468.0
120	121	15.0
120	122	8.0
120	123	13.0
120	124	7.0
120	125	12.0
121	121	479.0
121	122	36.0
121	123	25.0
121	124	14.0
121	125	8.0
121	126	1.0
121	127	1.0
121	130	5.0
121	131	1.0
121	133	2.0
122	122	421.0
122	123	62.0
122	124	6.0
122	125	9.0
122	126	2.0
122	130	1.0
122	131	3.0
123	123	424.0
123	124	41.0
123	126	5.0
123	131	4.0
124	124	500.0
124	125	17.0
124	126	31.0
124	130	3.0
124	131	7.0
124	132	3.0
124	133	2.0
125	125	495.0
125	126	22.0
125	127	1.0
125	130	6.0
125	131	18.0
126	126	498.0
126	127	47.0
126	128	4.0
126	130	5.0
126	131	4.0
127	127	442.0
127	128	16.0
127	129	30.0
127	130	22.0
127	131	4.0
127	132	7.0
127	133	8.0
127	135	2.0
128	128	432.0
128	129	55.0
128	130	25.0
128	131	2.0
128	132	3.0
128	133	2.0
129	129	462.0
129	130	29.0
129	131	12.0
129	132	2.0
129	133	23.0
129	134	2.0
130	130	486.0
130	131	37.0
130	132	29.0
130	133	7.0
131	131	475.0
131	132	32.0
131	133	17.0
131	134	3.0
132	132	506.0
132	133	56.0
133	133	452.0
133	134	1.0
134	134	631.0
134	135	28.0
135	135	234.0
136	1	2.0
136	5	1.0
136	6	5.0
136	42	1.0
136	71	1.0
136	87	1.0
136	133	3.0
136	134	1.0
136	136	446.0
