1	1	426.0
1	2	47.0
1	3	15.0
1	4	9.0
1	5	1.0
1	6	13.0
1	7	1.0
1	8	1.0
1	9	8.0
1	10	8.0
1	57	1.0
1	82	1.0
1	96	1.0
1	97	2.0
1	98	1.0
1	119	1.0
1	143	1.0
1	158	1.0
1	159	1.0
2	2	353.0
2	3	28.0
2	4	30.0
2	5	8.0
2	6	7.0
2	7	9.0
2	8	1.0
2	9	6.0
2	10	1.0
2	21	1.0
2	97	1.0
2	98	1.0
2	141	1.0
2	158	5.0
2	179	1.0
3	3	379.0
3	4	39.0
3	5	13.0
3	6	8.0
3	7	2.0
3	8	3.0
3	9	8.0
3	10	2.0
3	14	1.0
3	17	1.0
3	37	1.0
3	94	1.0
3	95	1.0
3	96	2.0
3	97	1.0
3	109	1.0
3	157	4.0
3	158	7.0
3	159	5.0
3	162	1.0
4	4	351.0
4	5	9.0
4	6	6.0
4	7	2.0
4	9	3.0
4	10	1.0
4	50	3.0
4	52	1.0
4	96	5.0
4	97	1.0
4	98	4.0
4	114	1.0
4	120	1.0
4	123	1.0
4	168	1.0
5	5	420.0
5	6	41.0
5	7	7.0
5	9	5.0
5	44	1.0
5	45	1.0
5	157	5.0
5	158	4.0
5	159	2.0
6	6	425.0
6	7	33.0
6	8	4.0
6	9	1.0
6	13	1.0
6	22	1.0
6	52	1.0
6	54	1.0
6	137	2.0
6	143	2.0
6	149	1.0
6	158	4.0
6	162	1.0
6	176	1.0
7	7	404.0
7	8	25.0
7	9	21.0
7	10	8.0
7	11	2.0
7	18	1.0
7	55	2.0
7	103	1.0
7	135	1.0
7	143	1.0
7	157	1.0
7	158	1.0
7	174	1.0
7	175	2.0
8	8	320.0
8	9	37.0
8	10	17.0
8	11	7.0
8	12	7.0
8	13	2.0
8	14	1.0
8	16	1.0
8	52	1.0
8	134	1.0
8	138	1.0
8	148	1.0
8	157	8.0
8	158	11.0
8	159	1.0
8	171	3.0
8	174	2.0
8	175	3.0
8	176	1.0
9	9	316.0
9	10	29.0
9	11	2.0
9	12	11.0
9	13	5.0
9	44	1.0
9	54	1.0
9	75	1.0
9	106	1.0
9	157	5.0
9	158	12.0
9	159	4.0
9	175	3.0
10	10	370.0
10	11	23.0
10	12	13.0
10	13	24.0
10	14	5.0
10	45	1.0
10	54	6.0
10	56	3.0
10	106	1.0
10	107	1.0
10	142	1.0
10	153	1.0
10	158	2.0
10	159	5.0
11	11	407.0
11	12	42.0
11	13	19.0
11	14	2.0
11	15	1.0
11	26	2.0
11	35	1.0
11	79	1.0
11	120	2.0
11	124	1.0
11	134	1.0
11	136	1.0
12	12	371.0
12	13	50.0
12	38	1.0
12	94	1.0
13	13	377.0
13	14	20.0
13	29	2.0
13	31	1.0
13	56	1.0
13	160	1.0
13	167	2.0
13	172	1.0
14	14	409.0
14	15	17.0
14	16	5.0
14	20	1.0
14	58	1.0
14	151	1.0
14	157	1.0
14	169	2.0
14	170	9.0
14	171	1.0
14	172	3.0
15	15	337.0
15	16	20.0
15	60	1.0
15	133	1.0
15	134	1.0
15	166	1.0
15	167	1.0
15	168	12.0
15	169	9.0
15	170	32.0
15	171	9.0
15	172	6.0
15	175	2.0
16	16	398.0
16	17	23.0
16	18	13.0
16	21	1.0
16	22	1.0
16	23	1.0
16	57	1.0
16	60	1.0
16	64	1.0
16	130	1.0
16	159	2.0
16	162	1.0
16	164	1.0
16	166	3.0
16	170	6.0
16	171	10.0
16	172	1.0
17	17	324.0
17	18	29.0
17	19	7.0
17	20	5.0
17	21	9.0
17	22	5.0
17	23	5.0
17	27	1.0
17	45	1.0
17	59	2.0
17	94	1.0
17	134	1.0
17	161	8.0
17	162	1.0
18	18	335.0
18	19	24.0
18	20	12.0
18	21	15.0
18	22	4.0
18	23	21.0
18	24	2.0
18	26	3.0
18	27	4.0
18	29	1.0
18	30	2.0
18	31	6.0
18	61	2.0
18	71	1.0
18	74	1.0
18	93	1.0
19	19	256.0
19	20	23.0
19	21	17.0
19	23	5.0
19	24	1.0
19	27	1.0
19	30	3.0
19	31	1.0
19	59	2.0
19	60	1.0
19	69	1.0
19	72	1.0
19	78	1.0
19	90	1.0
19	128	1.0
20	20	230.0
20	21	8.0
20	22	5.0
20	23	9.0
20	27	4.0
20	28	1.0
20	31	3.0
20	34	8.0
20	61	1.0
20	114	1.0
20	137	1.0
20	144	1.0
20	172	1.0
21	21	238.0
21	22	13.0
21	23	19.0
21	24	6.0
21	29	14.0
21	34	3.0
21	64	1.0
21	68	1.0
21	77	2.0
21	120	1.0
21	122	1.0
21	154	1.0
21	158	1.0
22	22	335.0
22	23	43.0
22	24	12.0
22	25	2.0
22	26	1.0
22	27	1.0
22	29	7.0
22	37	1.0
22	62	1.0
22	70	2.0
22	101	1.0
22	108	1.0
22	159	2.0
22	161	2.0
22	171	1.0
23	23	334.0
23	24	9.0
23	25	2.0
23	26	1.0
23	27	1.0
23	29	5.0
23	30	2.0
23	31	1.0
23	131	1.0
24	24	196.0
24	25	17.0
24	26	16.0
24	27	1.0
24	29	7.0
24	30	3.0
24	31	6.0
24	40	1.0
24	83	1.0
24	101	1.0
24	116	2.0
24	143	1.0
24	168	1.0
25	25	210.0
25	26	25.0
25	27	1.0
25	29	1.0
25	30	1.0
25	31	1.0
26	26	213.0
26	27	9.0
26	28	4.0
26	29	10.0
26	30	4.0
26	31	1.0
26	52	1.0
26	75	2.0
26	94	1.0
26	110	1.0
26	117	1.0
26	143	1.0
27	27	224.0
27	28	17.0
27	29	10.0
27	30	3.0
27	31	6.0
27	33	1.0
27	74	1.0
27	75	3.0
27	76	1.0
27	77	1.0
27	92	1.0
28	28	191.0
28	29	14.0
28	30	5.0
28	31	2.0
28	32	4.0
28	33	1.0
28	70	3.0
28	71	1.0
28	78	1.0
28	103	1.0
28	138	1.0
28	162	2.0
29	29	355.0
29	30	25.0
29	31	1.0
29	32	1.0
29	33	2.0
29	51	1.0
29	59	1.0
29	69	1.0
29	76	2.0
29	128	1.0
29	141	1.0
29	152	1.0
29	167	2.0
30	30	298.0
30	31	24.0
30	32	3.0
30	34	2.0
30	36	1.0
30	57	1.0
30	61	1.0
30	76	1.0
30	77	7.0
30	78	7.0
30	79	1.0
30	80	1.0
30	147	1.0
31	31	371.0
31	32	21.0
31	33	8.0
31	35	1.0
31	37	1.0
31	59	1.0
31	78	2.0
31	105	1.0
31	124	1.0
31	139	1.0
31	145	1.0
31	170	1.0
32	32	334.0
32	33	47.0
32	34	11.0
32	35	3.0
32	68	1.0
32	78	2.0
32	87	1.0
32	127	1.0
32	147	1.0
32	157	6.0
32	158	12.0
33	33	364.0
33	34	27.0
33	35	1.0
33	42	1.0
33	75	1.0
33	98	1.0
33	157	7.0
33	158	9.0
33	159	4.0
33	173	3.0
34	34	299.0
34	35	14.0
34	36	6.0
34	63	1.0
34	79	2.0
34	103	12.0
34	105	1.0
34	106	1.0
34	158	1.0
34	159	2.0
34	177	1.0
35	35	361.0
35	36	23.0
35	78	1.0
35	81	1.0
35	88	1.0
35	95	1.0
35	97	1.0
35	103	11.0
35	105	1.0
35	111	1.0
35	138	1.0
35	144	1.0
35	157	2.0
36	36	332.0
36	37	7.0
36	59	1.0
36	69	1.0
36	84	1.0
36	85	4.0
36	127	1.0
37	37	241.0
37	38	18.0
37	40	3.0
37	83	1.0
37	85	6.0
37	86	1.0
37	113	1.0
37	121	7.0
37	122	15.0
37	123	1.0
37	124	7.0
37	125	1.0
37	126	7.0
37	128	1.0
37	153	1.0
37	158	1.0
38	38	193.0
38	39	7.0
38	40	1.0
38	41	1.0
38	42	3.0
38	82	3.0
38	86	1.0
38	87	1.0
38	89	2.0
38	113	1.0
38	115	1.0
38	118	1.0
38	120	3.0
38	121	11.0
38	123	5.0
38	124	5.0
38	137	1.0
38	173	1.0
39	39	178.0
39	40	13.0
39	41	12.0
39	42	1.0
39	99	2.0
39	115	6.0
39	117	2.0
39	118	1.0
39	121	1.0
39	153	1.0
39	154	2.0
39	164	4.0
39	165	3.0
39	173	1.0
40	40	166.0
40	41	19.0
40	42	7.0
40	43	4.0
40	56	1.0
40	87	1.0
40	93	2.0
40	98	4.0
40	99	3.0
40	100	1.0
40	101	1.0
40	111	1.0
40	114	1.0
40	133	1.0
40	142	1.0
40	152	1.0
41	41	144.0
41	42	22.0
41	43	1.0
41	87	1.0
41	98	1.0
41	99	3.0
41	101	6.0
41	115	1.0
41	126	1.0
41	145	1.0
41	152	3.0
41	153	6.0
41	154	1.0
42	42	185.0
42	43	5.0
42	44	2.0
42	81	4.0
42	91	1.0
42	94	1.0
42	98	4.0
42	99	1.0
42	100	3.0
42	101	6.0
42	107	1.0
42	125	1.0
42	137	1.0
42	143	1.0
43	43	185.0
43	44	16.0
43	45	1.0
43	49	2.0
43	64	1.0
43	81	7.0
43	82	3.0
43	93	1.0
43	95	3.0
43	97	1.0
43	101	21.0
43	102	7.0
43	111	1.0
43	159	1.0
44	44	173.0
44	45	21.0
44	46	2.0
44	49	5.0
44	50	4.0
44	51	1.0
44	53	2.0
44	62	1.0
44	80	1.0
44	88	1.0
44	95	1.0
44	102	7.0
44	108	2.0
44	110	1.0
44	141	1.0
45	45	167.0
45	46	6.0
45	49	1.0
45	50	1.0
45	51	2.0
45	52	4.0
45	53	1.0
45	55	2.0
45	56	1.0
45	57	4.0
45	66	1.0
45	80	4.0
45	87	1.0
45	89	1.0
45	93	1.0
45	95	2.0
45	108	2.0
45	111	1.0
45	136	1.0
46	46	73.0
46	49	5.0
46	51	4.0
46	84	1.0
46	105	3.0
46	154	1.0
49	49	97.0
49	50	4.0
49	95	5.0
49	96	3.0
49	177	1.0
50	50	191.0
50	51	16.0
50	52	7.0
50	53	1.0
50	55	3.0
50	56	6.0
50	57	3.0
50	61	1.0
50	95	1.0
50	141	2.0
50	159	1.0
50	168	1.0
50	173	1.0
51	51	163.0
51	52	5.0
51	53	1.0
51	54	1.0
51	55	22.0
51	56	11.0
51	57	6.0
51	78	2.0
51	79	1.0
51	168	1.0
52	52	180.0
52	53	17.0
52	55	1.0
52	127	1.0
53	53	185.0
53	54	5.0
53	55	3.0
53	56	4.0
53	57	1.0
53	89	1.0
53	105	1.0
54	54	190.0
54	55	16.0
54	56	3.0
54	57	2.0
54	58	1.0
54	88	1.0
55	55	159.0
55	56	8.0
55	57	10.0
55	58	8.0
55	86	1.0
55	105	3.0
55	127	1.0
55	133	1.0
55	138	2.0
56	56	184.0
56	57	26.0
56	58	8.0
56	76	1.0
56	96	1.0
56	114	1.0
57	57	169.0
57	58	7.0
57	109	1.0
57	129	1.0
57	156	1.0
57	173	1.0
58	58	195.0
58	59	16.0
58	141	1.0
58	149	1.0
59	59	406.0
59	60	24.0
59	61	33.0
59	77	1.0
59	132	1.0
59	136	1.0
59	162	1.0
60	60	410.0
60	61	54.0
60	62	7.0
60	63	4.0
60	64	1.0
60	67	1.0
60	73	1.0
60	75	1.0
60	125	1.0
60	159	1.0
61	61	404.0
61	62	31.0
61	63	6.0
61	64	1.0
61	65	1.0
61	66	2.0
61	68	2.0
61	74	1.0
61	130	1.0
61	136	1.0
61	158	1.0
62	62	381.0
62	63	41.0
62	64	17.0
62	65	1.0
62	66	4.0
62	67	1.0
62	109	1.0
62	156	1.0
63	63	361.0
63	64	25.0
63	65	2.0
63	73	1.0
63	74	4.0
63	75	10.0
63	77	1.0
63	125	1.0
63	149	1.0
64	64	350.0
64	65	19.0
64	66	6.0
64	67	1.0
64	73	6.0
64	74	9.0
64	89	1.0
64	122	2.0
64	127	1.0
65	65	351.0
65	66	29.0
65	67	4.0
65	68	2.0
65	71	1.0
65	72	1.0
65	78	1.0
66	66	388.0
66	67	33.0
66	68	23.0
66	71	1.0
66	116	1.0
66	176	1.0
67	67	360.0
67	68	22.0
67	70	3.0
67	74	1.0
67	85	1.0
67	171	1.0
68	68	316.0
68	70	1.0
68	76	1.0
68	92	1.0
68	109	1.0
68	112	1.0
69	69	2.0
69	70	3.0
69	71	1.0
70	70	95.0
70	71	8.0
70	72	5.0
70	80	1.0
71	71	200.0
71	72	21.0
71	73	1.0
71	74	1.0
72	72	216.0
72	73	2.0
72	74	11.0
72	118	1.0
72	149	1.0
73	73	209.0
73	74	9.0
73	75	1.0
73	140	1.0
74	74	153.0
74	75	10.0
74	129	1.0
74	130	1.0
75	75	177.0
75	76	15.0
75	77	1.0
75	122	1.0
76	76	200.0
76	77	6.0
76	105	2.0
76	126	1.0
76	143	1.0
77	77	239.0
77	78	25.0
77	79	7.0
77	106	1.0
77	114	1.0
77	122	1.0
78	78	191.0
78	79	26.0
78	107	2.0
79	79	212.0
79	80	2.0
79	102	1.0
79	103	1.0
79	104	2.0
79	105	3.0
79	106	4.0
79	107	3.0
79	108	1.0
79	159	1.0
80	80	201.0
80	81	13.0
80	83	3.0
80	84	2.0
80	88	2.0
80	89	1.0
80	101	1.0
80	104	2.0
80	107	2.0
80	110	2.0
81	81	188.0
81	82	21.0
81	83	4.0
81	84	2.0
81	87	1.0
81	90	1.0
81	92	1.0
81	96	1.0
81	101	2.0
81	102	9.0
81	103	5.0
81	104	1.0
81	174	1.0
82	82	151.0
82	86	10.0
82	87	1.0
82	101	2.0
82	102	1.0
82	107	1.0
82	121	1.0
83	83	177.0
83	84	37.0
83	85	20.0
83	86	4.0
83	104	1.0
83	122	1.0
83	164	2.0
83	179	1.0
84	84	147.0
84	85	6.0
84	103	5.0
84	104	1.0
84	106	1.0
84	107	1.0
84	173	1.0
85	85	184.0
85	86	2.0
85	89	1.0
85	108	1.0
85	122	2.0
86	86	214.0
86	87	6.0
86	93	1.0
86	121	2.0
86	122	9.0
86	126	1.0
87	87	211.0
87	88	5.0
87	89	14.0
87	94	1.0
87	111	1.0
87	112	1.0
87	118	1.0
87	123	1.0
87	125	1.0
87	154	1.0
87	162	1.0
87	170	1.0
88	88	158.0
88	89	18.0
88	94	1.0
88	100	1.0
88	110	1.0
88	111	17.0
88	112	18.0
88	114	1.0
88	119	2.0
88	127	1.0
88	128	1.0
88	144	2.0
89	89	192.0
89	90	5.0
89	91	4.0
89	92	1.0
89	94	4.0
89	95	3.0
89	111	9.0
89	112	3.0
90	90	187.0
90	91	26.0
90	92	14.0
90	93	6.0
90	94	23.0
90	98	1.0
90	101	1.0
90	109	1.0
90	111	1.0
90	134	1.0
90	162	1.0
90	165	1.0
91	91	148.0
91	92	14.0
91	93	15.0
91	94	8.0
91	95	2.0
91	98	1.0
91	99	3.0
91	101	1.0
91	102	1.0
91	146	1.0
92	92	201.0
92	93	18.0
92	94	15.0
92	98	1.0
92	100	1.0
92	155	1.0
93	93	191.0
93	94	1.0
93	98	1.0
93	134	1.0
93	146	2.0
93	150	1.0
93	152	1.0
94	94	214.0
94	95	13.0
94	96	1.0
94	97	8.0
94	98	1.0
94	100	2.0
94	144	1.0
94	160	1.0
95	95	179.0
95	96	22.0
95	97	8.0
95	98	2.0
95	100	2.0
95	101	6.0
95	102	7.0
95	146	1.0
96	96	199.0
96	97	21.0
96	98	10.0
96	100	13.0
96	101	2.0
96	102	6.0
96	108	1.0
97	97	154.0
97	98	11.0
97	100	1.0
97	102	1.0
97	111	1.0
97	150	1.0
97	151	1.0
98	98	143.0
98	99	16.0
98	100	21.0
98	101	8.0
98	102	1.0
98	146	1.0
99	99	129.0
99	100	17.0
99	101	3.0
99	111	1.0
99	130	1.0
99	132	1.0
99	151	2.0
99	153	1.0
99	177	1.0
100	100	170.0
100	101	5.0
100	102	1.0
100	103	1.0
100	109	1.0
100	147	1.0
100	151	1.0
101	101	150.0
101	102	20.0
101	150	1.0
101	175	1.0
102	102	167.0
102	103	5.0
102	105	5.0
102	106	10.0
102	111	1.0
102	121	1.0
102	125	1.0
103	103	181.0
103	104	19.0
103	105	1.0
103	106	5.0
103	107	6.0
103	117	1.0
103	133	1.0
103	140	1.0
103	148	1.0
103	157	1.0
103	179	1.0
104	104	161.0
104	105	3.0
104	106	5.0
104	107	8.0
104	147	1.0
105	105	159.0
105	106	32.0
105	107	4.0
105	123	1.0
106	106	179.0
106	107	5.0
106	110	1.0
106	122	1.0
106	129	1.0
106	138	1.0
106	141	1.0
106	173	2.0
107	107	179.0
107	108	6.0
107	109	7.0
107	110	10.0
107	111	4.0
108	108	190.0
108	109	34.0
108	110	11.0
108	111	2.0
108	138	1.0
109	109	215.0
109	110	5.0
109	111	4.0
109	113	1.0
109	156	1.0
110	110	187.0
110	111	24.0
110	152	1.0
110	162	1.0
110	170	1.0
111	111	180.0
111	112	13.0
112	112	241.0
112	113	7.0
112	114	2.0
112	116	1.0
112	121	1.0
112	123	2.0
112	124	2.0
112	127	1.0
112	133	1.0
112	137	1.0
113	113	194.0
113	114	34.0
113	115	1.0
113	117	3.0
113	118	9.0
113	119	11.0
113	120	8.0
113	123	3.0
113	124	3.0
113	131	1.0
113	133	1.0
113	136	1.0
114	114	202.0
114	115	10.0
114	116	3.0
114	117	14.0
114	118	2.0
114	119	5.0
114	120	1.0
114	131	2.0
114	141	1.0
114	143	1.0
115	115	181.0
115	116	13.0
115	117	8.0
115	118	9.0
115	120	2.0
115	121	1.0
115	153	1.0
115	164	1.0
115	165	6.0
115	166	4.0
115	167	1.0
115	169	1.0
116	116	178.0
116	117	27.0
116	118	3.0
116	119	2.0
116	120	15.0
116	125	1.0
116	139	1.0
116	140	1.0
116	166	1.0
116	167	2.0
117	117	206.0
117	118	15.0
117	120	12.0
117	121	6.0
117	136	1.0
117	144	1.0
117	153	1.0
117	165	1.0
118	118	169.0
118	119	16.0
118	120	7.0
118	121	6.0
118	123	4.0
118	124	2.0
118	125	9.0
118	131	1.0
118	132	2.0
118	133	1.0
118	168	1.0
118	170	1.0
118	171	1.0
119	119	173.0
119	120	3.0
119	123	6.0
119	124	3.0
119	125	10.0
120	120	167.0
120	121	15.0
120	160	1.0
120	165	3.0
120	167	3.0
121	121	153.0
121	122	11.0
121	123	8.0
121	124	9.0
122	122	207.0
122	123	3.0
122	124	3.0
122	128	1.0
122	147	1.0
123	123	199.0
123	124	27.0
123	125	11.0
123	126	2.0
123	131	1.0
123	132	1.0
124	124	160.0
124	125	20.0
124	126	2.0
124	131	1.0
124	132	2.0
124	133	1.0
125	125	181.0
125	126	13.0
125	127	10.0
125	131	2.0
125	150	1.0
125	153	1.0
126	126	186.0
126	127	11.0
126	128	23.0
126	129	1.0
126	130	1.0
126	131	1.0
126	144	1.0
126	168	1.0
127	127	197.0
127	128	21.0
127	129	1.0
127	130	8.0
127	136	1.0
127	139	1.0
127	140	1.0
128	128	173.0
128	129	17.0
128	130	9.0
129	129	185.0
129	130	21.0
129	135	1.0
129	169	1.0
130	130	165.0
130	131	13.0
131	131	192.0
131	132	15.0
131	163	1.0
132	132	204.0
132	133	18.0
133	133	218.0
133	134	8.0
133	135	2.0
133	141	1.0
133	172	5.0
133	174	1.0
134	134	186.0
134	135	12.0
134	136	4.0
134	145	2.0
134	169	1.0
134	171	1.0
134	172	6.0
134	173	11.0
134	174	15.0
134	175	3.0
134	176	1.0
135	135	196.0
135	136	11.0
135	140	6.0
135	142	2.0
135	143	1.0
135	172	1.0
135	173	2.0
136	136	219.0
136	137	5.0
136	138	2.0
136	140	10.0
136	143	1.0
136	173	2.0
137	137	185.0
137	138	25.0
137	162	1.0
138	138	154.0
138	139	3.0
138	154	1.0
139	139	243.0
139	140	8.0
139	141	2.0
139	144	1.0
139	145	3.0
139	177	1.0
140	140	205.0
140	141	7.0
140	142	5.0
140	143	4.0
140	145	1.0
140	173	1.0
141	141	174.0
141	142	17.0
141	143	11.0
141	144	2.0
141	145	12.0
141	157	1.0
141	172	1.0
142	142	213.0
142	143	27.0
142	144	1.0
142	145	3.0
142	146	1.0
142	151	1.0
142	173	2.0
142	177	1.0
143	143	260.0
143	144	11.0
143	145	13.0
143	155	1.0
143	172	1.0
144	144	170.0
144	145	39.0
144	146	2.0
144	150	1.0
144	152	1.0
144	172	1.0
145	145	158.0
145	146	17.0
145	180	2.0
146	146	180.0
146	147	2.0
146	148	3.0
146	149	1.0
146	150	2.0
146	151	6.0
146	153	3.0
146	167	1.0
146	180	4.0
147	147	201.0
147	148	31.0
147	149	2.0
147	150	5.0
147	151	18.0
147	156	1.0
147	179	1.0
148	148	191.0
148	149	6.0
148	150	7.0
148	151	7.0
148	152	1.0
148	179	3.0
148	180	4.0
149	149	248.0
149	150	39.0
149	151	1.0
149	155	1.0
149	179	3.0
150	150	260.0
150	151	1.0
150	152	1.0
150	153	1.0
151	151	195.0
151	152	13.0
151	153	11.0
152	152	177.0
152	153	30.0
152	154	4.0
152	163	2.0
153	153	173.0
153	154	2.0
153	155	1.0
153	164	1.0
153	165	1.0
154	154	186.0
154	155	17.0
154	156	20.0
154	157	2.0
154	168	1.0
154	176	1.0
155	155	195.0
155	156	15.0
155	163	1.0
155	164	2.0
155	167	6.0
156	156	205.0
156	157	6.0
156	168	5.0
156	171	1.0
156	172	1.0
156	173	1.0
156	174	1.0
157	157	224.0
157	158	32.0
157	159	10.0
157	163	1.0
157	164	1.0
157	171	1.0
157	175	9.0
157	177	1.0
158	158	320.0
158	159	19.0
158	163	1.0
158	171	2.0
158	175	10.0
158	177	2.0
159	159	242.0
159	160	14.0
159	161	8.0
159	162	4.0
160	160	207.0
160	161	16.0
160	162	7.0
160	163	2.0
161	161	187.0
161	162	21.0
161	166	1.0
161	173	1.0
162	162	147.0
162	163	6.0
162	166	2.0
162	170	1.0
163	163	191.0
163	164	8.0
163	165	5.0
163	166	2.0
163	167	3.0
164	164	154.0
164	165	27.0
164	166	4.0
164	167	26.0
164	168	7.0
164	171	1.0
165	165	185.0
165	166	5.0
165	167	17.0
165	168	2.0
166	166	159.0
166	167	8.0
166	168	17.0
166	169	6.0
167	167	183.0
167	168	13.0
168	168	192.0
168	169	24.0
168	170	4.0
168	172	2.0
168	174	2.0
169	169	180.0
169	170	7.0
169	171	7.0
169	172	5.0
169	173	1.0
169	174	5.0
169	176	1.0
170	170	189.0
170	171	19.0
170	172	1.0
170	174	1.0
170	175	1.0
171	171	190.0
171	172	15.0
171	174	1.0
172	172	227.0
172	173	12.0
172	174	17.0
172	176	1.0
173	173	187.0
173	174	15.0
173	175	5.0
173	177	1.0
174	174	202.0
174	175	4.0
175	175	173.0
175	176	13.0
175	177	7.0
175	178	1.0
176	176	199.0
176	177	4.0
176	178	7.0
177	177	149.0
177	178	23.0
178	178	234.0
178	179	5.0
179	179	223.0
179	180	2.0
180	180	175.0
181	1	23.0
181	2	5.0
181	3	2.0
181	5	2.0
181	6	5.0
181	7	1.0
181	37	2.0
181	65	1.0
181	66	1.0
181	94	2.0
181	97	2.0
181	101	1.0
181	102	1.0
181	140	1.0
181	144	1.0
181	180	2.0
181	181	347.0
