1	1	150.0
1	2	2.0
1	23	1.0
1	147	3.0
2	2	148.0
2	3	2.0
2	4	3.0
2	5	2.0
2	23	1.0
3	3	142.0
3	4	1.0
4	2	1.0
4	3	1.0
4	4	140.0
4	5	1.0
4	6	1.0
5	3	1.0
5	4	2.0
5	5	129.0
6	2	1.0
6	5	1.0
6	6	113.0
6	9	2.0
6	147	1.0
7	6	2.0
7	7	11.0
7	9	1.0
8	6	1.0
8	8	140.0
8	20	1.0
9	8	4.0
9	9	150.0
9	10	3.0
9	12	2.0
9	90	1.0
10	10	141.0
10	105	1.0
11	10	1.0
11	11	122.0
11	17	2.0
11	137	1.0
11	139	1.0
11	146	1.0
12	8	1.0
12	11	1.0
12	12	91.0
12	13	1.0
12	15	1.0
12	98	1.0
12	113	1.0
12	116	1.0
12	117	1.0
13	12	1.0
13	13	130.0
13	14	1.0
13	15	1.0
13	16	1.0
13	113	1.0
13	117	1.0
14	13	2.0
14	14	133.0
14	15	5.0
14	16	2.0
14	57	1.0
14	112	1.0
15	11	1.0
15	14	1.0
15	15	118.0
15	16	1.0
15	17	2.0
15	82	1.0
15	117	1.0
16	13	1.0
16	14	1.0
16	15	1.0
16	16	120.0
16	17	2.0
17	7	1.0
17	15	2.0
17	16	3.0
17	17	132.0
17	18	1.0
18	17	1.0
18	18	140.0
18	19	3.0
18	23	1.0
19	19	136.0
19	20	1.0
19	21	3.0
19	24	1.0
20	18	1.0
20	19	1.0
20	20	137.0
20	21	6.0
20	22	1.0
21	20	3.0
21	21	135.0
22	20	1.0
22	22	149.0
22	23	2.0
23	5	1.0
23	16	2.0
23	23	141.0
23	24	2.0
24	1	1.0
24	21	1.0
24	23	1.0
24	24	128.0
24	26	1.0
24	50	1.0
25	24	1.0
25	25	105.0
25	26	3.0
25	69	1.0
25	75	1.0
25	77	1.0
26	24	1.0
26	25	3.0
26	26	135.0
26	27	1.0
27	25	1.0
27	27	139.0
27	78	1.0
27	99	1.0
27	100	1.0
28	19	1.0
28	27	1.0
28	28	150.0
28	29	1.0
28	114	1.0
29	29	140.0
29	106	1.0
30	30	125.0
30	31	1.0
30	32	1.0
30	99	1.0
30	108	1.0
30	134	1.0
31	30	2.0
31	31	147.0
31	32	2.0
31	134	2.0
31	136	1.0
32	32	141.0
32	33	2.0
32	36	1.0
32	47	1.0
32	53	1.0
33	31	2.0
33	32	2.0
33	33	130.0
33	34	5.0
33	35	1.0
33	36	5.0
34	27	1.0
34	34	135.0
34	35	2.0
34	36	2.0
34	64	1.0
34	134	1.0
35	34	5.0
35	35	116.0
35	36	1.0
35	66	1.0
36	32	1.0
36	33	3.0
36	34	3.0
36	36	140.0
36	65	1.0
36	69	1.0
37	31	1.0
37	34	1.0
37	36	1.0
37	37	133.0
37	38	1.0
37	133	1.0
37	134	1.0
38	38	131.0
38	39	1.0
39	38	1.0
39	39	101.0
39	40	3.0
39	63	1.0
40	32	1.0
40	40	134.0
41	40	1.0
41	41	153.0
41	42	2.0
42	39	2.0
42	41	3.0
42	42	136.0
43	43	132.0
43	46	2.0
46	43	1.0
46	46	18.0
47	47	159.0
47	48	1.0
47	51	2.0
47	91	1.0
48	47	1.0
48	48	149.0
48	49	3.0
48	50	1.0
48	51	1.0
48	67	1.0
49	19	1.0
49	48	2.0
49	49	124.0
49	65	1.0
50	50	132.0
50	51	2.0
50	52	4.0
50	66	1.0
51	17	1.0
51	47	1.0
51	50	2.0
51	51	132.0
51	52	1.0
51	53	1.0
52	50	5.0
52	51	2.0
52	52	135.0
52	57	1.0
53	49	1.0
53	52	1.0
53	53	124.0
53	54	4.0
54	53	2.0
54	54	128.0
54	60	1.0
55	53	1.0
55	55	138.0
55	56	3.0
55	76	1.0
55	82	1.0
56	55	1.0
56	56	131.0
56	77	2.0
57	14	1.0
57	57	138.0
57	93	1.0
57	115	1.0
58	48	1.0
58	49	2.0
58	57	1.0
58	58	157.0
58	59	1.0
58	65	1.0
59	48	1.0
59	49	1.0
59	58	4.0
59	59	129.0
59	60	1.0
59	61	1.0
59	64	1.0
59	81	1.0
60	59	1.0
60	60	147.0
60	61	2.0
60	62	1.0
60	65	1.0
60	66	1.0
61	59	1.0
61	60	1.0
61	61	138.0
61	62	3.0
62	61	1.0
62	62	128.0
62	63	2.0
62	64	1.0
63	54	2.0
63	62	3.0
63	63	153.0
64	62	1.0
64	64	121.0
64	65	1.0
64	66	1.0
65	52	1.0
65	64	7.0
65	65	121.0
65	66	5.0
65	67	1.0
66	50	1.0
66	57	1.0
66	58	1.0
66	64	1.0
66	65	3.0
66	66	121.0
66	67	2.0
66	76	1.0
67	30	1.0
67	66	3.0
67	67	142.0
67	68	3.0
68	68	128.0
68	69	4.0
68	71	1.0
69	68	5.0
69	69	123.0
69	70	2.0
69	74	1.0
69	96	1.0
69	97	2.0
70	35	1.0
70	54	1.0
70	69	1.0
70	70	149.0
70	72	2.0
70	77	1.0
71	70	2.0
71	71	119.0
71	72	2.0
72	70	1.0
72	71	1.0
72	72	125.0
73	36	1.0
73	68	2.0
73	69	2.0
73	72	2.0
73	73	119.0
73	74	1.0
74	68	1.0
74	71	2.0
74	73	3.0
74	74	132.0
74	75	1.0
75	67	1.0
75	69	1.0
75	75	126.0
75	76	1.0
75	78	1.0
75	79	1.0
75	80	1.0
76	55	1.0
76	69	1.0
76	75	2.0
76	76	129.0
76	78	2.0
77	25	2.0
77	55	3.0
77	56	1.0
77	70	2.0
77	76	1.0
77	77	120.0
77	78	1.0
77	80	3.0
78	76	5.0
78	78	105.0
78	79	2.0
78	80	4.0
79	26	1.0
79	76	1.0
79	77	2.0
79	78	2.0
79	79	121.0
80	78	1.0
80	79	1.0
80	80	143.0
81	80	1.0
81	81	145.0
82	80	1.0
82	81	5.0
82	82	136.0
82	83	1.0
82	88	2.0
83	82	1.0
83	83	119.0
83	85	2.0
83	120	1.0
84	82	1.0
84	84	108.0
84	85	2.0
85	14	1.0
85	83	3.0
85	84	2.0
85	85	143.0
85	86	1.0
85	89	1.0
85	92	1.0
86	58	1.0
86	82	1.0
86	85	1.0
86	86	102.0
87	85	1.0
87	87	132.0
87	88	2.0
87	89	5.0
87	90	2.0
87	117	1.0
87	131	1.0
88	88	146.0
88	89	1.0
88	90	1.0
88	103	1.0
88	114	1.0
89	32	1.0
89	51	1.0
89	87	2.0
89	88	3.0
89	89	133.0
89	90	3.0
89	102	1.0
89	111	2.0
90	87	1.0
90	88	1.0
90	89	6.0
90	90	148.0
90	91	2.0
90	116	1.0
91	58	1.0
91	91	135.0
92	67	1.0
92	90	1.0
92	92	151.0
92	93	2.0
92	94	2.0
92	97	1.0
92	102	1.0
93	92	1.0
93	93	143.0
93	94	1.0
93	95	2.0
93	97	2.0
93	99	1.0
93	100	1.0
94	92	1.0
94	93	7.0
94	94	149.0
94	98	1.0
95	93	1.0
95	94	1.0
95	95	112.0
95	96	1.0
95	97	1.0
95	99	1.0
95	134	1.0
96	23	1.0
96	69	2.0
96	95	1.0
96	96	136.0
96	98	2.0
96	100	2.0
96	101	1.0
96	102	1.0
97	69	1.0
97	76	1.0
97	92	1.0
97	93	2.0
97	94	2.0
97	96	1.0
97	97	129.0
97	98	2.0
97	100	1.0
97	102	1.0
98	70	1.0
98	87	1.0
98	92	1.0
98	94	3.0
98	95	2.0
98	98	142.0
98	99	1.0
98	100	2.0
99	94	1.0
99	95	1.0
99	96	1.0
99	97	2.0
99	98	1.0
99	99	137.0
99	100	1.0
100	93	1.0
100	96	1.0
100	100	122.0
100	101	1.0
101	96	1.0
101	100	1.0
101	101	145.0
101	123	1.0
102	101	2.0
102	102	165.0
102	103	2.0
102	122	1.0
102	127	1.0
103	101	2.0
103	102	5.0
103	103	156.0
103	104	1.0
103	105	1.0
103	123	1.0
103	124	2.0
103	128	1.0
104	103	1.0
104	104	132.0
104	105	2.0
104	147	1.0
105	103	1.0
105	104	3.0
105	105	137.0
105	106	1.0
105	107	2.0
105	109	1.0
106	105	4.0
106	106	128.0
106	107	1.0
106	108	4.0
107	107	131.0
107	108	5.0
108	105	2.0
108	106	2.0
108	107	5.0
108	108	129.0
109	83	1.0
109	104	1.0
109	107	1.0
109	109	136.0
109	110	1.0
109	112	1.0
110	35	1.0
110	84	1.0
110	89	1.0
110	109	2.0
110	110	113.0
110	112	2.0
110	118	2.0
111	90	1.0
111	109	2.0
111	110	1.0
111	111	122.0
111	112	1.0
111	113	1.0
111	114	1.0
111	116	1.0
111	117	2.0
111	118	1.0
112	13	2.0
112	89	1.0
112	109	1.0
112	110	2.0
112	111	3.0
112	112	115.0
112	116	2.0
112	117	1.0
113	113	132.0
113	114	1.0
114	111	1.0
114	112	2.0
114	114	130.0
114	115	4.0
114	117	1.0
115	58	1.0
115	88	1.0
115	89	1.0
115	114	1.0
115	115	104.0
116	87	1.0
116	110	2.0
116	116	137.0
116	117	5.0
116	118	1.0
117	13	1.0
117	111	1.0
117	117	132.0
117	120	1.0
118	16	1.0
118	111	1.0
118	116	1.0
118	118	134.0
118	119	4.0
118	120	1.0
119	92	1.0
119	114	1.0
119	118	3.0
119	119	136.0
119	120	4.0
120	109	2.0
120	118	2.0
120	119	4.0
120	120	129.0
121	102	1.0
121	121	126.0
121	126	1.0
122	102	3.0
122	103	1.0
122	122	119.0
122	123	2.0
122	128	1.0
123	121	1.0
123	122	3.0
123	123	137.0
123	129	2.0
124	123	1.0
124	124	152.0
124	125	3.0
125	124	4.0
125	125	147.0
125	128	1.0
125	133	1.0
126	126	141.0
126	129	1.0
126	130	1.0
127	121	1.0
127	123	2.0
127	126	2.0
127	127	126.0
128	53	1.0
128	105	1.0
128	127	2.0
128	128	134.0
128	129	2.0
129	123	1.0
129	129	127.0
129	130	3.0
130	42	1.0
130	122	1.0
130	125	1.0
130	127	1.0
130	128	1.0
130	129	3.0
130	130	164.0
130	131	1.0
130	132	1.0
131	130	1.0
131	131	162.0
132	40	1.0
132	120	1.0
132	131	7.0
132	132	124.0
132	133	1.0
133	37	1.0
133	103	1.0
133	132	1.0
133	133	151.0
133	135	1.0
134	31	1.0
134	35	1.0
134	36	1.0
134	133	2.0
134	134	118.0
134	135	5.0
134	136	1.0
134	138	2.0
135	31	1.0
135	34	1.0
135	134	1.0
135	135	170.0
135	136	2.0
135	138	2.0
136	33	1.0
136	62	1.0
136	135	2.0
136	136	141.0
136	137	2.0
136	138	1.0
137	11	2.0
137	136	2.0
137	137	118.0
137	138	1.0
137	139	1.0
138	134	2.0
138	136	1.0
138	137	1.0
138	138	130.0
138	139	2.0
139	10	2.0
139	11	1.0
139	137	1.0
139	138	1.0
139	139	126.0
139	140	2.0
139	141	2.0
140	11	2.0
140	84	1.0
140	140	138.0
140	141	2.0
141	10	1.0
141	14	1.0
141	138	1.0
141	140	1.0
141	141	156.0
141	142	2.0
142	6	1.0
142	142	139.0
143	143	144.0
143	144	2.0
144	116	1.0
144	143	1.0
144	144	113.0
145	144	1.0
145	145	118.0
145	146	1.0
146	146	28.0
147	23	1.0
147	147	114.0
