1	1	155.0
1	2	8.0
1	3	2.0
1	4	3.0
1	5	8.0
1	6	4.0
1	94	1.0
2	2	122.0
2	3	5.0
2	4	4.0
2	5	10.0
2	6	2.0
2	7	1.0
2	132	1.0
3	3	154.0
3	4	15.0
3	5	9.0
3	6	5.0
3	61	1.0
4	4	136.0
4	5	4.0
4	6	7.0
4	9	1.0
5	5	140.0
5	6	6.0
5	61	1.0
5	97	1.0
5	122	1.0
5	134	1.0
6	6	145.0
6	7	11.0
6	9	1.0
6	10	3.0
6	11	5.0
6	12	1.0
6	24	1.0
6	25	1.0
6	78	1.0
7	7	138.0
7	8	3.0
7	9	9.0
7	10	3.0
7	11	6.0
7	12	1.0
7	22	1.0
7	130	2.0
7	131	3.0
7	133	2.0
8	8	141.0
8	9	1.0
8	11	8.0
8	17	1.0
8	49	1.0
8	50	12.0
8	127	2.0
8	128	4.0
8	129	4.0
8	130	9.0
8	131	9.0
9	9	122.0
9	10	13.0
9	11	18.0
9	12	3.0
9	26	1.0
9	42	1.0
9	103	1.0
9	127	1.0
9	131	1.0
9	132	1.0
10	10	150.0
10	11	12.0
10	101	1.0
10	128	1.0
10	132	1.0
10	133	1.0
11	11	155.0
11	18	1.0
11	46	1.0
11	61	1.0
11	127	1.0
11	128	1.0
11	129	1.0
11	132	1.0
12	12	150.0
12	13	12.0
12	37	1.0
12	72	2.0
12	130	7.0
12	131	1.0
13	13	168.0
13	14	19.0
13	16	1.0
13	18	1.0
13	72	1.0
13	86	1.0
13	126	1.0
13	128	3.0
14	14	141.0
14	15	3.0
14	21	1.0
14	30	1.0
14	34	1.0
14	35	1.0
14	38	1.0
14	78	1.0
14	88	1.0
14	105	1.0
14	126	6.0
14	127	5.0
14	128	2.0
15	15	148.0
15	16	8.0
15	18	1.0
15	19	3.0
15	35	1.0
15	36	3.0
15	37	1.0
15	38	7.0
15	39	1.0
15	42	3.0
15	47	3.0
16	16	154.0
16	17	5.0
16	18	1.0
16	19	10.0
16	38	3.0
16	39	1.0
16	42	1.0
16	43	3.0
16	45	1.0
16	76	1.0
16	125	1.0
17	17	95.0
17	18	5.0
17	19	3.0
17	20	7.0
17	88	1.0
17	101	1.0
17	120	1.0
17	122	1.0
18	18	98.0
18	19	2.0
18	20	3.0
18	86	1.0
18	97	1.0
19	19	124.0
19	20	26.0
19	33	1.0
19	35	1.0
19	36	1.0
19	37	1.0
19	38	5.0
19	39	2.0
19	49	1.0
19	93	1.0
20	20	121.0
20	21	2.0
20	36	3.0
20	37	4.0
20	38	5.0
21	21	144.0
21	22	23.0
21	23	7.0
21	31	1.0
21	33	1.0
21	35	3.0
21	36	13.0
21	104	1.0
21	121	1.0
21	124	2.0
21	125	4.0
21	126	2.0
21	133	1.0
22	22	122.0
22	23	7.0
22	33	3.0
22	34	1.0
22	36	2.0
22	37	1.0
22	42	1.0
22	70	1.0
22	120	1.0
22	125	3.0
22	131	1.0
23	23	127.0
23	24	14.0
23	25	1.0
23	26	4.0
23	30	4.0
23	31	1.0
23	32	4.0
23	33	2.0
23	34	1.0
23	115	1.0
23	125	4.0
24	24	162.0
24	25	8.0
24	26	19.0
24	27	8.0
24	30	1.0
24	32	4.0
24	34	2.0
24	35	1.0
24	50	1.0
24	75	1.0
24	116	3.0
25	25	122.0
25	26	5.0
25	27	8.0
25	28	1.0
25	30	3.0
25	60	1.0
25	96	2.0
25	106	1.0
25	107	4.0
25	113	3.0
25	115	1.0
26	26	144.0
26	27	5.0
26	30	3.0
26	36	1.0
26	77	1.0
26	112	3.0
26	113	5.0
26	114	3.0
26	115	10.0
26	116	9.0
27	27	132.0
27	28	13.0
27	29	1.0
27	30	11.0
27	37	1.0
27	70	1.0
27	112	1.0
27	116	3.0
28	28	132.0
28	29	13.0
28	30	1.0
29	29	125.0
29	30	11.0
29	31	3.0
29	74	1.0
30	30	154.0
30	31	1.0
30	32	2.0
30	91	1.0
30	114	1.0
31	31	143.0
31	32	10.0
31	34	1.0
32	32	132.0
32	33	5.0
32	34	2.0
32	35	2.0
32	37	4.0
32	38	1.0
32	87	1.0
32	112	1.0
33	33	125.0
33	34	10.0
33	35	18.0
33	36	3.0
33	37	7.0
33	69	1.0
33	74	1.0
33	114	2.0
33	115	1.0
34	34	129.0
34	35	8.0
34	37	2.0
34	77	1.0
34	114	5.0
34	115	2.0
34	125	1.0
34	126	3.0
35	35	116.0
35	36	22.0
35	37	5.0
35	38	1.0
35	99	1.0
35	114	1.0
35	126	1.0
36	36	136.0
36	37	18.0
36	38	1.0
37	37	127.0
37	38	5.0
37	39	1.0
37	45	1.0
38	38	88.0
38	39	19.0
38	42	28.0
38	43	1.0
38	46	1.0
38	47	3.0
38	64	1.0
38	88	1.0
38	102	1.0
39	39	68.0
39	42	30.0
39	78	1.0
39	124	1.0
39	125	1.0
39	128	1.0
42	42	183.0
42	43	7.0
42	44	5.0
42	45	3.0
42	46	4.0
42	48	5.0
42	49	3.0
42	88	1.0
42	98	1.0
42	99	1.0
43	43	142.0
43	44	4.0
43	45	1.0
43	47	1.0
43	48	4.0
43	49	1.0
43	51	1.0
43	129	1.0
44	44	152.0
44	45	25.0
44	48	4.0
45	45	134.0
45	46	1.0
45	48	1.0
45	51	1.0
45	127	1.0
46	46	38.0
46	47	3.0
46	51	1.0
46	88	1.0
46	111	1.0
47	47	63.0
47	48	2.0
47	51	2.0
48	48	51.0
48	49	1.0
49	49	94.0
49	50	6.0
49	103	1.0
49	127	2.0
49	129	5.0
50	50	127.0
50	51	4.0
50	52	2.0
50	72	6.0
50	73	5.0
50	75	1.0
50	79	1.0
50	87	1.0
50	123	1.0
50	128	2.0
50	129	11.0
50	131	1.0
50	132	2.0
50	133	1.0
51	51	29.0
51	52	4.0
51	72	2.0
51	121	1.0
51	123	2.0
51	130	1.0
52	52	106.0
52	53	8.0
52	54	1.0
52	57	2.0
52	58	1.0
52	62	1.0
52	69	1.0
52	70	5.0
52	71	2.0
52	72	6.0
52	73	1.0
52	81	1.0
52	89	2.0
52	120	4.0
52	121	3.0
52	122	2.0
52	123	4.0
52	133	1.0
53	53	124.0
53	54	1.0
53	55	1.0
53	56	6.0
53	57	1.0
53	58	3.0
53	59	7.0
53	69	11.0
53	70	9.0
53	71	5.0
53	73	1.0
53	88	9.0
53	89	2.0
53	90	4.0
53	104	2.0
54	54	112.0
54	55	4.0
54	56	4.0
54	57	7.0
54	58	4.0
54	59	4.0
54	60	2.0
54	64	5.0
54	65	2.0
54	66	3.0
54	67	5.0
54	69	3.0
54	70	6.0
54	71	5.0
54	81	1.0
54	89	1.0
54	90	3.0
54	91	2.0
54	92	2.0
54	99	1.0
54	119	1.0
55	55	96.0
55	56	10.0
55	57	10.0
55	58	2.0
55	59	5.0
55	60	4.0
55	64	1.0
55	68	7.0
55	75	1.0
55	80	1.0
55	90	2.0
55	91	5.0
55	92	2.0
55	93	1.0
55	99	1.0
55	118	1.0
55	119	1.0
56	56	96.0
56	57	9.0
56	58	8.0
56	59	4.0
56	60	2.0
56	64	1.0
56	65	2.0
56	66	3.0
56	67	3.0
56	68	2.0
56	69	3.0
56	90	2.0
56	91	2.0
56	92	1.0
57	57	102.0
57	58	2.0
57	59	3.0
57	60	5.0
57	61	1.0
57	62	1.0
57	64	4.0
57	65	2.0
57	71	3.0
57	89	1.0
57	90	1.0
57	91	5.0
57	92	3.0
57	119	6.0
58	58	142.0
58	59	6.0
58	60	3.0
58	61	2.0
58	64	2.0
58	65	5.0
58	66	6.0
58	67	3.0
58	69	2.0
58	71	1.0
58	86	1.0
58	92	1.0
58	105	1.0
58	130	1.0
59	59	111.0
59	64	7.0
59	65	1.0
59	67	2.0
59	68	4.0
59	69	1.0
59	70	2.0
59	71	4.0
59	91	1.0
59	92	6.0
59	119	1.0
60	60	103.0
60	61	12.0
60	62	3.0
60	64	2.0
60	68	2.0
60	75	1.0
60	85	1.0
60	91	8.0
60	92	1.0
60	93	1.0
60	98	1.0
60	99	4.0
60	117	1.0
60	119	1.0
61	61	147.0
61	62	14.0
61	64	2.0
61	90	1.0
61	91	2.0
61	92	7.0
61	93	3.0
61	99	2.0
61	104	1.0
61	106	1.0
62	62	105.0
62	63	34.0
62	93	3.0
62	94	2.0
62	95	6.0
62	97	1.0
62	99	5.0
63	63	153.0
63	64	1.0
63	85	1.0
63	93	2.0
63	94	9.0
63	95	7.0
63	96	2.0
63	97	1.0
63	99	4.0
64	64	117.0
64	65	13.0
64	66	6.0
64	67	4.0
64	70	1.0
64	71	1.0
64	91	1.0
64	99	1.0
64	134	1.0
65	65	135.0
65	66	11.0
65	67	12.0
65	68	1.0
65	70	3.0
65	71	1.0
65	78	1.0
65	84	1.0
66	66	113.0
66	67	9.0
66	70	3.0
67	67	133.0
67	68	2.0
67	69	3.0
67	70	14.0
67	85	1.0
67	105	1.0
67	110	1.0
68	68	127.0
68	69	9.0
68	71	1.0
68	88	1.0
69	69	111.0
69	70	3.0
69	74	1.0
69	82	2.0
69	85	1.0
69	86	1.0
69	88	1.0
69	105	1.0
70	70	145.0
70	71	5.0
70	75	1.0
70	89	1.0
70	99	1.0
70	119	1.0
71	71	155.0
71	72	7.0
71	89	3.0
71	91	7.0
71	92	2.0
71	119	2.0
72	72	160.0
72	73	22.0
72	74	4.0
72	89	1.0
72	121	2.0
72	122	4.0
73	73	162.0
73	74	10.0
73	75	13.0
73	88	1.0
73	92	1.0
73	120	1.0
73	121	13.0
73	122	1.0
74	74	146.0
74	75	27.0
74	103	1.0
74	121	9.0
74	122	2.0
74	126	1.0
75	75	160.0
75	87	2.0
75	121	1.0
75	122	4.0
76	76	128.0
76	78	8.0
77	77	145.0
77	78	17.0
77	79	1.0
77	82	1.0
77	83	1.0
78	78	125.0
78	79	14.0
78	94	1.0
78	104	1.0
79	79	173.0
79	80	13.0
79	81	3.0
79	82	2.0
79	87	2.0
79	109	1.0
80	80	188.0
80	81	8.0
80	94	1.0
80	120	1.0
81	81	108.0
81	82	15.0
82	82	142.0
82	83	8.0
82	84	9.0
82	85	2.0
83	83	132.0
83	84	25.0
83	85	27.0
83	96	1.0
83	126	1.0
84	84	110.0
84	85	14.0
84	86	1.0
84	91	1.0
85	85	117.0
85	86	5.0
85	87	2.0
85	88	2.0
85	117	1.0
86	86	147.0
86	87	27.0
86	88	12.0
86	103	1.0
86	122	1.0
87	87	131.0
87	88	23.0
87	114	1.0
88	88	137.0
88	89	11.0
89	89	94.0
89	90	6.0
89	92	2.0
89	93	1.0
89	119	9.0
89	120	4.0
89	127	1.0
90	90	148.0
90	91	14.0
90	92	2.0
90	93	7.0
90	119	19.0
90	120	11.0
90	131	1.0
91	91	125.0
91	92	9.0
91	93	11.0
91	99	1.0
91	119	8.0
91	120	4.0
91	122	1.0
92	92	135.0
92	93	8.0
92	99	5.0
92	119	2.0
93	93	127.0
93	94	6.0
93	99	2.0
93	119	5.0
93	120	4.0
93	123	1.0
94	94	149.0
94	95	14.0
94	96	6.0
94	99	8.0
94	102	5.0
94	118	3.0
95	95	134.0
95	96	15.0
95	99	5.0
95	102	2.0
95	112	1.0
96	96	118.0
96	97	4.0
96	99	2.0
96	102	2.0
97	97	111.0
97	98	5.0
97	99	5.0
98	98	165.0
98	99	1.0
99	99	156.0
99	100	3.0
99	101	2.0
99	102	7.0
99	105	1.0
100	100	136.0
100	101	10.0
100	102	10.0
100	105	4.0
100	106	1.0
100	108	6.0
100	111	2.0
101	101	131.0
101	107	1.0
101	108	10.0
101	116	4.0
102	102	166.0
102	103	15.0
102	105	2.0
103	103	154.0
103	104	11.0
104	104	163.0
104	105	14.0
105	105	140.0
105	106	8.0
105	109	8.0
105	110	3.0
105	111	6.0
105	112	1.0
106	106	156.0
106	107	10.0
106	108	5.0
106	109	8.0
106	110	10.0
106	111	4.0
106	113	1.0
106	116	1.0
107	107	143.0
107	108	13.0
107	112	2.0
107	113	3.0
107	130	1.0
108	108	130.0
108	109	1.0
108	110	6.0
108	111	1.0
108	118	1.0
108	123	1.0
108	135	1.0
109	109	125.0
109	110	13.0
109	111	13.0
110	110	137.0
110	111	10.0
110	116	1.0
111	111	132.0
111	112	6.0
111	113	5.0
112	112	130.0
112	113	30.0
112	114	6.0
112	115	12.0
113	113	139.0
113	114	1.0
113	115	15.0
113	116	8.0
113	119	1.0
114	114	137.0
114	115	23.0
114	130	1.0
115	115	134.0
115	116	3.0
116	116	139.0
116	117	1.0
116	124	3.0
117	117	147.0
117	118	14.0
117	119	3.0
117	120	1.0
118	118	155.0
118	119	4.0
118	120	1.0
118	135	1.0
119	119	156.0
119	120	4.0
120	120	163.0
120	121	2.0
121	121	124.0
121	122	13.0
121	123	10.0
121	130	1.0
122	122	152.0
122	123	18.0
123	123	149.0
123	126	1.0
123	129	2.0
123	132	1.0
124	124	131.0
124	125	22.0
124	126	1.0
124	129	1.0
125	125	164.0
125	126	11.0
126	126	139.0
126	127	3.0
126	129	1.0
127	127	139.0
127	128	9.0
127	129	1.0
127	130	3.0
127	131	2.0
128	128	127.0
128	129	20.0
128	130	2.0
128	131	2.0
128	132	3.0
128	133	1.0
129	129	152.0
129	130	8.0
129	131	4.0
129	132	1.0
129	133	1.0
130	130	162.0
130	131	11.0
130	132	11.0
130	133	2.0
131	131	144.0
131	132	14.0
131	133	2.0
132	132	145.0
132	133	20.0
133	133	171.0
133	134	8.0
134	134	212.0
134	135	7.0
135	135	59.0
136	135	1.0
136	136	174.0
