1	1	203.0
1	89	1.0
1	91	1.0
2	1	1.0
2	2	160.0
2	3	3.0
2	29	1.0
3	3	194.0
3	8	1.0
3	10	1.0
3	28	2.0
4	3	2.0
4	4	218.0
4	5	1.0
4	24	1.0
5	4	1.0
5	5	203.0
5	6	2.0
5	10	1.0
6	5	4.0
6	6	227.0
6	7	1.0
7	6	1.0
7	7	202.0
7	8	4.0
7	34	1.0
8	4	1.0
8	6	2.0
8	7	3.0
8	8	217.0
8	9	3.0
8	14	1.0
9	8	1.0
9	9	212.0
9	10	3.0
9	25	1.0
10	4	1.0
10	8	1.0
10	9	2.0
10	10	193.0
11	9	1.0
11	11	200.0
11	12	2.0
11	20	1.0
11	22	1.0
11	24	3.0
12	11	2.0
12	12	208.0
12	13	4.0
12	16	1.0
13	12	2.0
13	13	208.0
14	13	2.0
14	14	134.0
15	14	1.0
15	15	150.0
15	16	1.0
15	70	1.0
16	16	106.0
16	17	1.0
16	18	3.0
17	5	2.0
17	15	1.0
17	16	1.0
17	17	211.0
17	18	2.0
18	16	2.0
18	17	1.0
18	18	76.0
19	18	1.0
19	19	198.0
19	20	2.0
19	22	1.0
19	69	1.0
20	11	1.0
20	19	1.0
20	20	177.0
20	21	2.0
20	22	3.0
20	73	1.0
21	20	1.0
21	21	147.0
21	22	6.0
21	23	1.0
22	19	1.0
22	21	2.0
22	22	165.0
22	23	5.0
23	20	2.0
23	22	1.0
23	23	199.0
23	24	1.0
24	23	1.0
24	24	216.0
24	30	1.0
25	25	202.0
25	26	6.0
25	27	1.0
25	56	3.0
26	26	166.0
26	27	2.0
26	49	1.0
26	51	1.0
26	52	1.0
27	27	236.0
27	28	2.0
27	85	1.0
28	10	1.0
28	25	1.0
28	28	125.0
29	21	1.0
29	29	96.0
29	30	1.0
29	88	2.0
30	30	153.0
30	89	1.0
31	30	1.0
31	31	208.0
31	34	1.0
31	46	1.0
31	91	1.0
32	32	130.0
32	33	1.0
33	10	1.0
33	33	125.0
33	34	1.0
33	46	2.0
33	48	1.0
33	62	1.0
34	33	2.0
34	34	188.0
34	35	2.0
34	46	4.0
35	33	1.0
35	35	46.0
46	31	1.0
46	33	3.0
46	34	4.0
46	46	291.0
46	48	3.0
46	49	1.0
47	30	1.0
47	46	1.0
47	47	159.0
47	48	2.0
47	49	1.0
47	89	1.0
48	33	1.0
48	46	3.0
48	47	6.0
48	48	191.0
48	62	1.0
49	33	1.0
49	47	2.0
49	48	2.0
49	49	215.0
49	50	1.0
49	54	1.0
49	64	1.0
50	48	2.0
50	49	1.0
50	50	216.0
50	52	1.0
50	53	1.0
50	54	1.0
50	55	2.0
50	65	1.0
51	25	1.0
51	50	1.0
51	51	192.0
51	52	2.0
51	53	1.0
52	25	1.0
52	26	2.0
52	50	1.0
52	51	1.0
52	52	217.0
52	58	1.0
52	63	1.0
52	64	1.0
53	28	1.0
53	50	1.0
53	51	4.0
53	53	193.0
53	54	3.0
54	53	2.0
54	54	176.0
54	55	2.0
55	50	1.0
55	51	1.0
55	52	1.0
55	54	2.0
55	55	195.0
55	56	1.0
56	1	1.0
56	52	1.0
56	54	1.0
56	55	1.0
56	56	228.0
56	57	8.0
56	64	2.0
57	50	1.0
57	52	2.0
57	56	6.0
57	57	192.0
57	58	2.0
58	50	1.0
58	56	1.0
58	57	2.0
58	58	222.0
58	59	1.0
58	60	2.0
58	63	4.0
58	65	1.0
59	54	1.0
59	55	1.0
59	58	1.0
59	59	185.0
59	62	4.0
59	66	1.0
59	76	1.0
59	79	2.0
60	58	2.0
60	60	187.0
60	61	5.0
60	62	2.0
60	65	2.0
60	78	1.0
60	79	1.0
61	53	1.0
61	59	3.0
61	60	3.0
61	61	171.0
61	62	1.0
61	66	1.0
61	79	1.0
62	58	2.0
62	59	1.0
62	61	2.0
62	62	164.0
62	65	1.0
63	32	1.0
63	52	2.0
63	55	1.0
63	60	1.0
63	63	192.0
63	64	4.0
63	66	2.0
64	30	1.0
64	54	1.0
64	58	1.0
64	63	2.0
64	64	167.0
64	65	2.0
64	66	2.0
65	54	1.0
65	59	2.0
65	60	2.0
65	61	1.0
65	62	2.0
65	63	2.0
65	64	5.0
65	65	199.0
65	66	2.0
66	5	1.0
66	61	1.0
66	62	1.0
66	63	3.0
66	64	2.0
66	65	3.0
66	66	200.0
66	67	1.0
67	66	2.0
67	67	214.0
67	68	2.0
68	67	2.0
68	68	223.0
68	69	2.0
69	69	204.0
69	71	1.0
70	69	1.0
70	70	162.0
70	71	1.0
71	51	1.0
71	69	1.0
71	70	2.0
71	71	175.0
72	60	2.0
72	72	209.0
72	74	3.0
72	79	1.0
72	80	1.0
73	63	1.0
73	66	1.0
73	72	3.0
73	73	202.0
73	74	1.0
73	75	1.0
73	76	1.0
73	77	1.0
73	79	4.0
74	69	1.0
74	70	1.0
74	72	1.0
74	74	204.0
74	75	6.0
74	77	1.0
75	73	1.0
75	74	1.0
75	75	196.0
75	76	6.0
75	77	1.0
76	75	1.0
76	76	194.0
76	77	2.0
76	79	1.0
76	82	1.0
77	64	1.0
77	76	2.0
77	77	178.0
77	78	1.0
77	81	1.0
78	60	1.0
78	73	1.0
78	77	4.0
78	78	170.0
78	79	3.0
78	82	1.0
79	72	1.0
79	77	3.0
79	78	4.0
79	79	166.0
79	80	1.0
80	77	1.0
80	79	2.0
80	80	207.0
80	81	4.0
80	82	1.0
81	78	3.0
81	79	4.0
81	80	1.0
81	81	220.0
81	82	1.0
81	83	1.0
82	73	2.0
82	77	4.0
82	81	2.0
82	82	224.0
82	83	3.0
82	84	5.0
83	77	1.0
83	81	2.0
83	82	4.0
83	83	216.0
83	84	1.0
83	85	1.0
84	18	1.0
84	77	3.0
84	83	1.0
84	84	196.0
84	85	1.0
85	84	2.0
85	85	227.0
85	86	1.0
85	87	1.0
86	67	1.0
86	85	7.0
86	86	193.0
86	89	1.0
87	23	1.0
87	65	1.0
87	85	2.0
87	86	2.0
87	87	182.0
88	88	183.0
88	89	1.0
89	30	1.0
89	88	1.0
89	89	222.0
90	46	1.0
90	90	29.0
91	30	1.0
91	85	1.0
91	91	201.0
