1	1	147.0
1	2	5.0
1	4	2.0
1	12	3.0
1	14	1.0
1	63	1.0
1	72	1.0
1	126	2.0
1	130	1.0
1	152	1.0
1	168	5.0
1	170	7.0
2	2	145.0
2	3	4.0
2	4	1.0
2	22	2.0
2	58	1.0
2	108	1.0
2	109	7.0
2	131	2.0
2	151	4.0
2	152	4.0
2	168	1.0
2	169	7.0
2	170	1.0
3	3	175.0
3	4	6.0
3	5	1.0
3	6	3.0
3	7	1.0
3	20	3.0
3	21	4.0
3	22	9.0
3	24	1.0
3	131	3.0
4	4	148.0
4	5	4.0
4	17	9.0
4	18	5.0
4	19	2.0
4	22	1.0
4	87	1.0
4	113	1.0
4	131	3.0
4	132	1.0
4	169	2.0
5	5	141.0
5	6	5.0
5	14	4.0
5	15	1.0
5	16	4.0
5	17	1.0
5	18	1.0
5	64	1.0
5	131	6.0
5	132	4.0
6	6	156.0
6	7	12.0
6	8	6.0
6	9	2.0
6	66	1.0
6	79	1.0
6	82	1.0
6	110	1.0
6	123	1.0
6	132	5.0
7	7	155.0
7	8	4.0
7	9	2.0
7	10	5.0
7	11	2.0
7	29	1.0
7	32	1.0
7	132	2.0
8	8	130.0
8	9	12.0
8	10	11.0
8	11	2.0
8	22	1.0
8	30	1.0
8	48	1.0
8	103	1.0
8	133	3.0
8	134	7.0
8	135	1.0
9	9	119.0
9	10	6.0
9	46	1.0
9	108	1.0
9	131	1.0
9	132	2.0
9	133	8.0
9	134	2.0
9	135	1.0
10	10	144.0
10	11	15.0
10	72	1.0
10	85	1.0
10	99	1.0
10	103	1.0
10	133	3.0
10	134	6.0
11	11	153.0
11	12	5.0
11	74	1.0
11	76	1.0
11	104	1.0
11	107	1.0
12	12	157.0
12	13	8.0
13	13	177.0
13	14	8.0
13	15	3.0
13	16	1.0
13	85	1.0
14	14	172.0
14	15	13.0
14	38	1.0
14	168	1.0
15	15	169.0
15	16	17.0
15	17	1.0
15	18	1.0
15	58	1.0
15	79	1.0
15	139	1.0
16	16	184.0
16	17	8.0
16	18	3.0
16	34	1.0
16	141	1.0
17	17	142.0
17	18	5.0
17	19	1.0
17	20	1.0
17	21	1.0
17	23	1.0
17	50	1.0
17	57	1.0
18	18	130.0
18	19	14.0
18	20	15.0
18	21	2.0
18	24	2.0
18	26	1.0
18	34	1.0
18	83	2.0
18	163	1.0
19	19	131.0
19	20	11.0
19	21	1.0
19	22	2.0
19	23	6.0
19	88	1.0
20	20	163.0
20	21	13.0
20	22	3.0
20	23	8.0
20	24	1.0
20	25	1.0
20	61	1.0
21	21	125.0
21	22	4.0
21	23	7.0
21	24	1.0
21	25	5.0
21	37	1.0
21	38	1.0
22	22	145.0
22	23	6.0
22	24	1.0
22	25	3.0
22	39	1.0
23	23	143.0
23	24	2.0
23	25	2.0
23	51	1.0
23	64	1.0
24	24	138.0
24	25	3.0
24	26	7.0
24	27	1.0
24	28	2.0
24	55	1.0
24	90	1.0
25	25	151.0
25	26	1.0
25	27	1.0
25	53	1.0
25	92	3.0
25	97	1.0
25	100	2.0
25	105	3.0
25	106	4.0
25	107	3.0
25	134	2.0
25	144	1.0
26	26	130.0
26	27	11.0
26	28	9.0
26	32	1.0
26	33	3.0
26	36	1.0
26	58	1.0
26	79	3.0
26	94	1.0
26	99	1.0
26	103	1.0
26	139	1.0
27	27	167.0
27	28	11.0
27	29	5.0
27	30	4.0
27	33	9.0
27	34	1.0
27	54	1.0
27	72	1.0
27	126	1.0
27	131	1.0
28	28	146.0
28	29	21.0
28	30	2.0
28	32	3.0
28	33	5.0
28	99	1.0
28	170	1.0
29	29	123.0
29	30	11.0
29	31	1.0
29	32	2.0
29	33	2.0
29	91	1.0
29	166	1.0
30	30	145.0
30	31	11.0
30	33	6.0
30	34	2.0
31	31	188.0
31	32	6.0
31	83	2.0
31	111	1.0
32	32	164.0
32	33	5.0
33	33	183.0
33	34	12.0
33	115	1.0
34	34	175.0
34	35	11.0
34	37	1.0
34	39	3.0
34	40	1.0
34	58	1.0
34	150	1.0
35	35	154.0
35	36	11.0
35	37	2.0
35	38	1.0
35	39	3.0
35	40	2.0
35	121	1.0
35	164	1.0
36	36	214.0
36	37	5.0
36	39	2.0
36	40	1.0
36	41	4.0
36	66	1.0
36	68	1.0
36	99	1.0
37	37	186.0
37	38	17.0
37	39	8.0
37	40	2.0
37	41	3.0
37	42	3.0
37	112	1.0
37	117	1.0
37	132	1.0
38	38	137.0
38	39	6.0
38	40	3.0
38	41	11.0
38	42	2.0
38	69	1.0
39	39	154.0
39	40	16.0
39	41	7.0
39	141	1.0
40	40	177.0
40	41	12.0
40	83	1.0
41	41	153.0
41	42	6.0
41	91	1.0
42	42	178.0
42	43	6.0
42	105	1.0
42	135	1.0
43	43	185.0
43	44	7.0
43	56	1.0
43	73	1.0
43	74	1.0
43	88	1.0
43	89	1.0
43	101	1.0
43	103	1.0
44	44	154.0
44	45	14.0
44	46	8.0
44	47	1.0
44	51	3.0
44	52	3.0
44	53	1.0
45	45	159.0
45	46	9.0
45	51	2.0
45	53	1.0
46	46	190.0
46	47	4.0
46	49	4.0
46	51	2.0
47	47	154.0
47	48	10.0
47	49	8.0
47	52	3.0
47	53	3.0
47	111	1.0
47	113	2.0
47	149	2.0
47	163	1.0
48	48	146.0
48	49	9.0
48	52	1.0
48	53	1.0
48	54	3.0
48	56	2.0
48	96	1.0
48	104	1.0
48	113	1.0
48	148	1.0
48	150	1.0
48	165	7.0
48	166	1.0
49	49	141.0
49	50	3.0
49	51	1.0
49	54	6.0
49	58	3.0
49	74	1.0
49	89	1.0
49	150	5.0
49	163	1.0
49	164	2.0
49	165	2.0
50	50	163.0
50	51	19.0
50	52	1.0
50	89	5.0
50	90	5.0
50	153	1.0
50	154	1.0
50	155	1.0
50	163	7.0
50	164	1.0
51	51	164.0
51	52	1.0
51	53	3.0
51	54	1.0
51	73	1.0
51	84	1.0
51	85	6.0
51	89	2.0
51	97	1.0
51	146	1.0
51	153	1.0
51	154	1.0
51	167	1.0
52	52	154.0
52	53	17.0
52	55	2.0
52	56	3.0
52	83	2.0
52	84	14.0
52	85	3.0
52	86	1.0
52	88	1.0
52	166	3.0
52	167	3.0
53	53	133.0
53	54	6.0
53	55	13.0
53	56	2.0
53	74	2.0
53	84	3.0
53	86	1.0
53	88	3.0
53	89	1.0
53	161	1.0
53	167	4.0
54	54	131.0
54	55	8.0
54	56	1.0
54	86	1.0
54	87	1.0
54	88	1.0
54	150	1.0
55	55	118.0
55	56	14.0
55	58	1.0
55	84	2.0
55	88	2.0
55	89	3.0
55	144	1.0
55	166	11.0
55	167	1.0
56	56	146.0
56	57	3.0
56	58	5.0
56	86	6.0
56	87	6.0
56	161	1.0
56	164	1.0
57	57	198.0
57	58	11.0
57	61	1.0
57	62	7.0
57	63	20.0
57	68	1.0
57	74	1.0
57	75	8.0
57	79	1.0
57	86	1.0
57	87	2.0
57	122	1.0
57	144	1.0
57	155	1.0
57	161	3.0
58	58	480.0
58	61	10.0
58	63	3.0
58	64	1.0
58	74	2.0
58	81	8.0
58	82	11.0
58	87	1.0
58	88	1.0
58	93	1.0
58	154	1.0
58	156	1.0
58	161	10.0
58	162	2.0
58	163	1.0
61	61	13.0
61	62	1.0
61	65	1.0
62	62	129.0
62	63	11.0
62	64	2.0
62	68	1.0
62	73	1.0
62	100	1.0
62	102	1.0
62	103	1.0
62	144	2.0
62	145	1.0
62	146	2.0
62	155	1.0
63	63	138.0
63	64	7.0
63	68	1.0
63	69	2.0
63	75	1.0
63	77	1.0
63	94	1.0
63	105	1.0
63	131	1.0
63	143	1.0
63	146	1.0
64	64	123.0
64	65	5.0
64	66	14.0
64	67	13.0
64	68	5.0
64	69	3.0
64	70	1.0
64	103	1.0
64	104	1.0
65	65	109.0
65	66	12.0
65	67	8.0
65	68	4.0
65	69	7.0
65	70	1.0
65	101	1.0
65	105	1.0
65	160	4.0
66	66	124.0
66	67	8.0
66	68	5.0
66	69	4.0
66	141	1.0
66	160	3.0
67	67	108.0
67	68	12.0
67	69	9.0
67	70	3.0
67	90	1.0
67	139	1.0
68	68	125.0
68	69	2.0
68	91	1.0
68	101	1.0
68	137	1.0
68	144	1.0
68	148	1.0
68	157	1.0
68	164	1.0
69	69	140.0
69	70	7.0
69	71	2.0
69	93	1.0
69	139	1.0
69	140	1.0
69	150	1.0
69	160	2.0
70	70	158.0
70	71	13.0
70	127	1.0
70	139	1.0
70	142	2.0
70	143	1.0
70	144	3.0
70	145	1.0
70	154	1.0
70	155	1.0
71	71	150.0
71	72	3.0
71	73	2.0
71	85	1.0
71	93	1.0
71	104	2.0
71	111	1.0
71	139	1.0
71	141	1.0
71	142	5.0
71	146	1.0
71	150	1.0
71	154	1.0
71	155	3.0
71	156	1.0
71	161	1.0
71	162	2.0
71	163	1.0
71	164	1.0
72	72	169.0
72	73	8.0
72	74	3.0
72	91	4.0
72	92	1.0
72	100	1.0
72	102	1.0
72	104	4.0
72	105	3.0
72	140	10.0
72	142	4.0
72	145	1.0
72	150	2.0
72	151	3.0
73	73	160.0
73	76	1.0
73	90	3.0
73	91	3.0
73	95	1.0
73	97	2.0
73	106	2.0
73	140	1.0
73	146	1.0
73	150	2.0
73	167	2.0
74	74	127.0
74	75	9.0
74	76	1.0
74	87	1.0
74	90	3.0
74	91	1.0
74	105	1.0
74	110	1.0
74	144	1.0
74	147	4.0
74	148	2.0
74	152	1.0
75	75	133.0
75	76	5.0
75	147	2.0
75	148	2.0
76	76	144.0
76	77	12.0
76	78	5.0
76	79	8.0
76	83	5.0
76	86	1.0
76	128	1.0
76	147	2.0
77	77	121.0
77	78	11.0
77	79	2.0
77	80	3.0
77	101	1.0
77	132	1.0
77	144	2.0
77	145	1.0
77	147	1.0
78	78	125.0
78	79	13.0
78	80	5.0
78	81	2.0
78	82	2.0
78	90	1.0
78	98	5.0
78	99	1.0
78	141	1.0
78	145	1.0
78	168	1.0
79	79	131.0
79	80	16.0
79	99	1.0
79	145	2.0
80	80	170.0
80	81	11.0
80	82	7.0
80	86	1.0
80	98	1.0
80	103	1.0
80	109	1.0
80	145	1.0
81	81	145.0
81	82	10.0
81	83	4.0
81	84	4.0
81	86	1.0
81	90	1.0
81	92	1.0
81	96	1.0
81	98	3.0
81	103	1.0
81	104	1.0
81	112	1.0
82	82	126.0
82	83	5.0
82	85	3.0
82	96	2.0
82	98	4.0
82	99	5.0
82	101	1.0
83	83	157.0
83	84	4.0
83	85	11.0
83	86	1.0
83	92	1.0
83	101	2.0
83	102	3.0
83	104	2.0
83	116	2.0
83	148	1.0
84	84	155.0
84	85	1.0
84	86	10.0
84	87	2.0
84	90	2.0
84	91	1.0
84	115	2.0
84	116	3.0
84	130	1.0
85	85	152.0
85	86	7.0
85	90	4.0
85	91	4.0
85	101	2.0
85	110	2.0
85	153	1.0
85	154	1.0
86	86	144.0
86	87	23.0
86	88	1.0
86	105	1.0
86	115	2.0
86	141	1.0
87	87	144.0
87	88	3.0
87	89	6.0
87	123	1.0
87	168	2.0
88	88	154.0
88	89	13.0
88	90	6.0
88	116	1.0
88	127	1.0
88	163	1.0
88	165	3.0
89	89	170.0
89	90	8.0
89	116	2.0
89	123	5.0
89	126	2.0
89	127	2.0
89	149	1.0
89	158	1.0
89	164	1.0
90	90	194.0
90	91	14.0
90	92	6.0
90	93	6.0
90	103	1.0
90	113	1.0
90	116	3.0
90	150	2.0
90	152	1.0
90	163	1.0
91	91	163.0
91	92	10.0
91	93	8.0
91	94	5.0
91	96	6.0
91	98	1.0
91	101	1.0
91	102	1.0
91	109	1.0
91	124	1.0
91	131	1.0
91	151	7.0
91	152	6.0
92	92	140.0
92	93	10.0
92	94	2.0
92	95	8.0
92	97	2.0
92	98	5.0
92	101	1.0
92	102	1.0
92	105	1.0
92	106	1.0
92	116	1.0
92	123	2.0
92	125	3.0
92	126	2.0
92	152	3.0
92	153	1.0
92	162	1.0
93	93	137.0
93	94	17.0
93	95	4.0
93	96	3.0
93	97	1.0
93	98	3.0
93	123	6.0
93	124	3.0
93	125	3.0
93	146	1.0
93	148	1.0
93	152	2.0
94	94	134.0
94	95	9.0
94	109	1.0
94	124	7.0
94	150	1.0
95	95	149.0
95	96	4.0
95	97	2.0
95	98	2.0
95	99	1.0
95	100	2.0
95	106	1.0
95	124	2.0
95	161	1.0
95	168	1.0
96	96	154.0
96	97	2.0
96	98	4.0
96	119	1.0
96	128	1.0
96	143	3.0
96	144	2.0
96	147	3.0
96	148	3.0
96	152	3.0
97	97	135.0
97	98	9.0
97	99	6.0
97	100	7.0
97	101	1.0
97	102	4.0
97	103	1.0
97	117	1.0
98	98	124.0
98	99	10.0
98	100	4.0
98	106	1.0
99	99	164.0
99	100	11.0
99	101	3.0
99	105	6.0
99	106	9.0
99	107	4.0
99	152	2.0
99	153	1.0
100	100	144.0
100	101	4.0
100	102	3.0
100	103	1.0
100	104	1.0
100	105	4.0
100	106	5.0
100	107	1.0
101	101	110.0
101	102	1.0
101	103	9.0
101	104	5.0
101	105	3.0
101	106	2.0
101	107	1.0
101	108	1.0
101	140	2.0
101	153	1.0
101	159	1.0
102	102	137.0
102	103	13.0
102	104	8.0
102	105	3.0
102	106	6.0
102	107	1.0
102	149	1.0
102	151	3.0
103	103	138.0
103	104	14.0
103	105	5.0
103	106	4.0
103	107	4.0
103	140	1.0
103	151	2.0
103	152	1.0
104	104	165.0
104	105	1.0
104	106	2.0
104	107	1.0
104	134	1.0
104	140	3.0
104	151	2.0
105	105	150.0
105	106	6.0
105	110	1.0
106	106	174.0
106	107	3.0
106	112	1.0
107	107	169.0
107	108	7.0
107	124	1.0
107	130	1.0
107	132	1.0
108	108	141.0
108	109	12.0
108	124	3.0
109	109	141.0
109	110	8.0
109	111	1.0
109	121	1.0
109	130	2.0
109	150	1.0
109	151	1.0
109	165	1.0
110	110	162.0
110	111	12.0
110	112	4.0
110	113	1.0
110	138	2.0
110	150	3.0
110	151	7.0
111	111	139.0
111	112	9.0
111	113	2.0
111	124	2.0
111	149	5.0
111	150	1.0
112	112	139.0
112	113	7.0
112	114	14.0
112	115	1.0
112	116	1.0
112	117	2.0
112	118	1.0
112	123	1.0
112	124	1.0
112	142	2.0
112	148	2.0
112	149	4.0
113	113	154.0
113	114	14.0
113	123	1.0
113	125	1.0
113	142	1.0
113	149	8.0
113	152	2.0
114	114	142.0
114	115	7.0
114	116	3.0
114	117	2.0
114	119	3.0
114	124	1.0
114	142	1.0
114	149	1.0
115	115	155.0
115	116	10.0
115	118	1.0
115	119	2.0
115	120	1.0
115	123	2.0
115	124	1.0
115	125	3.0
116	116	148.0
116	117	2.0
116	118	9.0
116	119	3.0
116	124	1.0
117	117	146.0
117	118	4.0
117	119	9.0
117	121	6.0
117	122	3.0
117	123	1.0
117	127	1.0
117	128	1.0
117	155	1.0
117	165	1.0
117	166	3.0
118	118	156.0
118	119	9.0
118	122	5.0
118	123	1.0
118	126	2.0
118	127	1.0
118	165	4.0
119	119	151.0
119	120	9.0
119	121	11.0
119	122	3.0
119	123	1.0
119	127	1.0
120	120	118.0
120	121	12.0
120	122	5.0
120	123	1.0
120	166	1.0
121	121	123.0
121	122	4.0
121	128	1.0
121	166	1.0
122	122	149.0
122	123	4.0
122	125	1.0
122	126	2.0
122	127	1.0
122	128	4.0
122	138	1.0
123	123	149.0
123	124	2.0
123	125	6.0
123	126	8.0
123	127	4.0
123	128	2.0
123	153	1.0
123	163	1.0
124	124	161.0
124	125	6.0
124	126	1.0
124	142	3.0
125	125	133.0
125	126	7.0
125	127	1.0
126	126	147.0
126	127	17.0
126	140	2.0
126	142	1.0
126	160	1.0
126	162	1.0
126	163	3.0
127	127	141.0
127	128	2.0
127	140	3.0
127	141	6.0
127	142	1.0
127	163	3.0
127	164	2.0
128	128	153.0
128	129	4.0
128	153	2.0
128	165	1.0
129	129	141.0
129	130	3.0
129	135	1.0
129	136	5.0
129	140	4.0
129	151	1.0
129	152	7.0
129	153	1.0
129	154	2.0
129	168	1.0
130	130	146.0
130	131	8.0
130	132	2.0
130	134	2.0
130	135	1.0
130	136	2.0
130	137	1.0
130	138	1.0
130	139	1.0
130	140	2.0
130	141	7.0
130	152	3.0
130	168	2.0
130	169	4.0
130	170	2.0
131	131	147.0
131	132	4.0
131	135	1.0
131	137	1.0
131	139	1.0
131	168	1.0
131	169	1.0
132	132	125.0
132	133	2.0
132	136	1.0
132	137	4.0
132	138	5.0
132	139	1.0
132	169	1.0
133	133	150.0
133	134	6.0
133	135	4.0
133	136	3.0
133	137	1.0
133	150	1.0
134	134	141.0
134	135	11.0
134	141	1.0
135	135	126.0
135	136	6.0
135	137	2.0
135	140	6.0
136	136	120.0
136	137	8.0
136	138	1.0
136	139	2.0
136	140	3.0
136	142	2.0
137	137	168.0
137	138	4.0
137	139	3.0
138	138	155.0
138	139	6.0
139	139	155.0
139	140	11.0
139	141	6.0
139	142	2.0
140	140	111.0
140	141	12.0
140	142	1.0
140	148	1.0
141	141	146.0
141	142	12.0
142	142	135.0
142	143	12.0
142	144	5.0
142	145	2.0
142	149	1.0
143	143	170.0
143	144	6.0
143	145	4.0
143	146	9.0
143	148	1.0
143	149	1.0
144	144	146.0
144	145	12.0
144	146	7.0
144	148	3.0
144	149	1.0
145	145	156.0
145	146	5.0
145	147	3.0
145	148	2.0
145	149	2.0
145	157	2.0
145	158	1.0
146	146	162.0
146	147	1.0
147	147	142.0
147	148	12.0
147	149	7.0
147	157	3.0
147	158	2.0
148	148	144.0
148	149	2.0
148	159	1.0
149	149	180.0
149	150	5.0
149	155	2.0
149	157	2.0
149	158	4.0
149	159	2.0
150	150	159.0
150	151	10.0
150	152	1.0
150	158	2.0
150	163	1.0
150	164	3.0
150	165	2.0
151	151	152.0
151	152	6.0
151	153	1.0
151	161	2.0
151	166	1.0
151	168	2.0
151	169	3.0
152	152	136.0
152	153	5.0
152	154	2.0
152	168	1.0
152	169	1.0
153	153	137.0
153	154	15.0
153	155	3.0
153	159	1.0
154	154	128.0
154	155	4.0
154	157	1.0
154	162	4.0
154	163	1.0
154	164	1.0
155	155	148.0
155	156	7.0
155	157	1.0
155	161	1.0
155	162	5.0
155	163	1.0
155	164	4.0
155	165	1.0
156	156	157.0
156	157	16.0
156	160	3.0
157	157	166.0
157	158	3.0
157	159	4.0
157	160	6.0
158	158	155.0
158	159	17.0
158	160	4.0
158	164	1.0
159	159	173.0
159	160	13.0
159	161	1.0
160	160	162.0
160	161	2.0
160	162	1.0
161	161	193.0
161	162	14.0
161	163	1.0
161	164	6.0
162	162	168.0
162	163	5.0
162	164	3.0
162	165	9.0
162	169	1.0
163	163	147.0
163	164	10.0
163	165	11.0
164	164	148.0
164	165	8.0
165	165	163.0
165	166	6.0
166	166	161.0
166	167	12.0
167	167	163.0
167	168	1.0
168	168	186.0
168	169	3.0
168	170	3.0
169	169	164.0
169	170	8.0
170	170	118.0
172	1	9.0
172	133	2.0
172	138	1.0
172	169	1.0
172	170	2.0
172	172	126.0
