1	1	324.0
1	2	4.0
1	24	2.0
1	25	2.0
1	64	1.0
1	66	1.0
1	113	1.0
1	114	3.0
1	115	2.0
1	116	2.0
1	160	2.0
2	1	5.0
2	2	347.0
2	3	3.0
2	4	6.0
2	23	1.0
2	71	1.0
2	107	1.0
2	114	1.0
2	115	1.0
2	150	2.0
3	2	4.0
3	3	367.0
3	4	15.0
3	5	5.0
3	30	1.0
3	118	1.0
4	3	9.0
4	4	351.0
4	5	7.0
4	116	1.0
5	3	1.0
5	4	8.0
5	5	298.0
5	6	1.0
5	7	1.0
5	41	1.0
5	63	1.0
5	114	1.0
5	118	1.0
6	4	2.0
6	5	4.0
6	6	258.0
6	7	7.0
6	9	1.0
6	10	1.0
6	19	1.0
7	5	1.0
7	6	4.0
7	7	305.0
7	8	4.0
7	9	4.0
7	10	1.0
7	11	2.0
7	21	1.0
7	22	2.0
8	7	2.0
8	8	255.0
8	9	1.0
8	10	8.0
8	11	4.0
8	12	2.0
8	13	1.0
8	141	1.0
8	142	1.0
9	6	1.0
9	7	2.0
9	8	4.0
9	9	197.0
9	10	4.0
9	11	3.0
9	13	2.0
9	14	1.0
9	20	1.0
9	22	1.0
9	141	3.0
10	7	3.0
10	8	6.0
10	9	3.0
10	10	243.0
10	12	2.0
10	141	1.0
10	143	1.0
11	8	3.0
11	9	3.0
11	10	3.0
11	11	319.0
11	13	1.0
11	17	1.0
11	19	1.0
11	20	1.0
11	22	3.0
11	140	1.0
11	141	3.0
11	142	1.0
12	4	2.0
12	8	2.0
12	9	3.0
12	10	1.0
12	11	2.0
12	12	253.0
12	13	7.0
12	14	2.0
12	18	1.0
12	140	2.0
13	8	1.0
13	11	2.0
13	12	4.0
13	13	262.0
13	14	10.0
13	15	1.0
13	18	3.0
13	19	2.0
13	42	1.0
13	56	1.0
13	99	1.0
14	9	1.0
14	10	1.0
14	11	1.0
14	13	11.0
14	14	219.0
14	15	2.0
14	18	2.0
14	39	1.0
15	14	1.0
15	15	174.0
15	17	1.0
15	39	1.0
16	15	1.0
16	16	150.0
16	17	2.0
16	19	1.0
16	39	2.0
16	48	1.0
16	133	1.0
17	13	2.0
17	14	2.0
17	15	1.0
17	16	4.0
17	17	236.0
17	18	5.0
17	19	4.0
17	29	1.0
17	38	1.0
17	39	2.0
17	48	1.0
17	49	3.0
17	144	2.0
17	145	1.0
18	13	8.0
18	16	3.0
18	17	1.0
18	18	148.0
18	19	5.0
18	23	1.0
18	31	1.0
18	132	1.0
19	5	1.0
19	12	1.0
19	13	3.0
19	16	1.0
19	17	1.0
19	18	1.0
19	19	139.0
19	20	1.0
19	87	1.0
20	9	1.0
20	11	2.0
20	16	3.0
20	19	5.0
20	20	165.0
20	21	2.0
20	22	2.0
20	29	2.0
21	6	1.0
21	20	2.0
21	21	182.0
21	22	4.0
21	142	3.0
21	143	1.0
22	7	3.0
22	9	1.0
22	11	1.0
22	20	2.0
22	21	3.0
22	22	195.0
22	23	1.0
23	2	1.0
23	6	1.0
23	7	2.0
23	16	1.0
23	21	1.0
23	22	3.0
23	23	263.0
23	24	2.0
23	25	2.0
23	26	3.0
23	29	2.0
23	51	1.0
23	101	1.0
23	106	1.0
23	114	2.0
23	115	4.0
24	23	7.0
24	24	359.0
24	25	7.0
24	26	3.0
24	29	2.0
24	49	1.0
24	107	1.0
24	115	1.0
24	116	2.0
24	149	2.0
24	160	1.0
25	1	1.0
25	24	5.0
25	25	302.0
25	26	2.0
25	27	5.0
25	28	5.0
25	50	1.0
25	152	1.0
25	160	2.0
26	23	2.0
26	24	1.0
26	25	1.0
26	26	342.0
26	27	5.0
26	28	4.0
26	40	1.0
26	154	1.0
26	158	2.0
27	24	1.0
27	25	4.0
27	26	4.0
27	27	289.0
27	28	12.0
27	155	1.0
27	160	1.0
28	24	1.0
28	25	7.0
28	26	4.0
28	27	8.0
28	28	313.0
28	29	4.0
28	98	1.0
28	153	1.0
29	18	1.0
29	25	2.0
29	26	3.0
29	27	1.0
29	28	3.0
29	29	332.0
29	30	4.0
29	35	1.0
29	51	2.0
29	66	2.0
29	71	2.0
29	72	1.0
29	105	1.0
29	106	2.0
29	149	2.0
30	2	1.0
30	5	2.0
30	29	10.0
30	30	340.0
30	31	1.0
30	32	1.0
30	51	1.0
30	69	2.0
30	70	1.0
30	106	1.0
30	129	1.0
30	130	1.0
30	137	1.0
31	5	1.0
31	6	1.0
31	7	1.0
31	30	5.0
31	31	322.0
31	32	6.0
31	136	6.0
31	138	1.0
32	29	2.0
32	30	1.0
32	31	1.0
32	32	261.0
32	33	6.0
32	36	1.0
32	131	1.0
32	133	1.0
32	134	2.0
32	136	2.0
32	137	1.0
32	140	2.0
33	21	2.0
33	32	11.0
33	33	327.0
33	34	5.0
33	37	1.0
33	139	1.0
33	142	2.0
34	13	1.0
34	32	1.0
34	33	4.0
34	34	294.0
34	35	6.0
34	36	1.0
34	37	2.0
34	38	1.0
34	136	1.0
34	139	6.0
35	12	1.0
35	34	6.0
35	35	186.0
35	36	2.0
35	39	3.0
35	42	1.0
35	45	1.0
35	80	1.0
35	102	1.0
35	140	1.0
35	147	4.0
36	36	147.0
36	37	9.0
36	38	2.0
36	40	1.0
36	138	1.0
36	139	2.0
36	147	1.0
37	15	1.0
37	34	2.0
37	36	2.0
37	37	174.0
37	38	1.0
37	137	1.0
37	139	2.0
38	1	1.0
38	15	1.0
38	16	1.0
38	37	2.0
38	38	274.0
38	39	10.0
38	40	1.0
38	42	3.0
38	80	1.0
39	14	1.0
39	15	1.0
39	32	1.0
39	35	1.0
39	38	4.0
39	39	303.0
39	40	1.0
39	42	3.0
39	51	1.0
39	123	2.0
39	147	1.0
40	36	1.0
40	38	1.0
40	39	2.0
40	40	295.0
40	41	5.0
40	42	1.0
40	43	4.0
40	56	1.0
40	64	1.0
40	126	3.0
40	127	2.0
40	148	1.0
41	40	9.0
41	41	318.0
41	42	6.0
41	43	4.0
41	55	3.0
41	61	1.0
41	125	1.0
42	4	1.0
42	13	1.0
42	19	1.0
42	38	2.0
42	39	3.0
42	40	2.0
42	41	6.0
42	42	344.0
42	43	4.0
42	44	1.0
42	46	2.0
42	47	1.0
42	123	1.0
42	136	1.0
42	148	2.0
43	2	1.0
43	40	5.0
43	41	3.0
43	42	8.0
43	43	341.0
43	44	2.0
43	47	1.0
43	56	2.0
43	57	1.0
43	64	1.0
43	75	1.0
43	148	2.0
44	42	1.0
44	43	1.0
44	44	306.0
44	45	3.0
44	46	1.0
44	47	3.0
44	49	1.0
44	75	1.0
44	105	1.0
44	131	1.0
44	133	1.0
44	157	1.0
45	27	1.0
45	39	1.0
45	44	6.0
45	45	311.0
45	46	6.0
45	47	5.0
45	48	1.0
45	49	1.0
45	61	1.0
45	82	1.0
45	146	1.0
45	157	2.0
46	12	1.0
46	19	2.0
46	42	3.0
46	45	3.0
46	46	304.0
46	47	6.0
46	48	1.0
46	49	1.0
46	50	2.0
46	55	1.0
46	61	1.0
46	95	1.0
46	123	1.0
47	42	1.0
47	44	1.0
47	45	3.0
47	46	8.0
47	47	335.0
47	48	4.0
47	50	3.0
47	51	2.0
47	54	1.0
47	55	1.0
47	128	1.0
48	16	1.0
48	17	6.0
48	45	1.0
48	47	1.0
48	48	258.0
48	49	8.0
48	50	6.0
48	51	3.0
48	52	2.0
48	53	1.0
48	144	1.0
49	17	2.0
49	45	1.0
49	48	13.0
49	49	282.0
49	50	6.0
49	51	2.0
49	142	1.0
50	23	1.0
50	28	1.0
50	47	1.0
50	48	7.0
50	49	3.0
50	50	298.0
50	51	6.0
50	54	1.0
51	17	1.0
51	48	3.0
51	49	2.0
51	50	10.0
51	51	290.0
51	52	5.0
51	53	3.0
51	54	1.0
51	55	3.0
51	56	1.0
51	148	2.0
52	17	2.0
52	48	5.0
52	50	1.0
52	51	6.0
52	52	286.0
52	53	10.0
52	54	5.0
52	144	1.0
53	51	5.0
53	52	7.0
53	53	271.0
53	54	9.0
53	55	2.0
53	89	1.0
53	145	2.0
53	146	1.0
53	147	2.0
53	148	1.0
54	40	1.0
54	48	1.0
54	51	2.0
54	52	3.0
54	53	11.0
54	54	271.0
54	55	6.0
54	63	1.0
54	75	1.0
54	147	1.0
54	148	3.0
54	152	1.0
55	33	1.0
55	41	1.0
55	42	1.0
55	46	1.0
55	47	2.0
55	54	2.0
55	55	290.0
55	56	4.0
55	61	1.0
55	64	1.0
55	110	1.0
56	41	3.0
56	43	1.0
56	51	1.0
56	55	6.0
56	56	240.0
56	57	3.0
56	61	1.0
56	63	6.0
56	64	1.0
56	110	3.0
56	125	2.0
56	126	2.0
56	127	1.0
57	40	1.0
57	56	1.0
57	57	238.0
57	62	4.0
57	109	2.0
57	111	3.0
57	114	1.0
57	115	1.0
57	126	3.0
57	142	1.0
58	57	1.0
58	58	13.0
61	45	1.0
61	47	1.0
61	55	4.0
61	56	2.0
61	57	1.0
61	58	1.0
61	61	771.0
61	62	3.0
61	65	1.0
61	66	1.0
61	82	1.0
61	112	2.0
61	113	1.0
62	57	2.0
62	61	3.0
62	62	347.0
62	63	2.0
63	1	1.0
63	56	3.0
63	57	3.0
63	62	3.0
63	63	234.0
63	64	1.0
63	65	1.0
63	113	2.0
63	115	1.0
63	124	1.0
63	125	1.0
64	45	1.0
64	53	1.0
64	56	2.0
64	57	1.0
64	61	3.0
64	63	2.0
64	64	235.0
64	65	4.0
64	114	1.0
64	115	1.0
64	124	1.0
64	125	1.0
64	127	1.0
64	157	2.0
65	63	3.0
65	64	2.0
65	65	244.0
65	66	4.0
65	75	1.0
65	76	4.0
65	107	1.0
65	127	2.0
65	152	4.0
65	156	2.0
66	30	1.0
66	65	3.0
66	66	235.0
66	67	5.0
66	68	1.0
66	69	6.0
66	71	2.0
66	72	4.0
66	75	2.0
66	106	1.0
66	122	1.0
67	66	2.0
67	67	278.0
67	68	5.0
67	69	4.0
67	70	2.0
67	71	2.0
67	105	5.0
68	66	1.0
68	67	6.0
68	68	296.0
68	69	4.0
68	70	1.0
68	71	3.0
68	73	1.0
68	103	3.0
68	105	1.0
69	30	1.0
69	66	1.0
69	67	4.0
69	68	6.0
69	69	309.0
69	70	4.0
69	71	4.0
69	75	1.0
69	102	1.0
69	103	3.0
69	107	1.0
70	14	1.0
70	30	1.0
70	66	2.0
70	67	2.0
70	68	2.0
70	69	7.0
70	70	340.0
70	71	6.0
70	72	1.0
70	106	1.0
70	130	1.0
71	30	1.0
71	66	3.0
71	67	9.0
71	68	5.0
71	69	1.0
71	70	16.0
71	71	311.0
71	72	3.0
71	105	1.0
71	106	4.0
72	29	1.0
72	66	2.0
72	67	1.0
72	69	4.0
72	70	1.0
72	71	2.0
72	72	153.0
72	100	1.0
72	103	1.0
72	136	2.0
73	14	3.0
73	16	2.0
73	72	2.0
73	73	308.0
73	75	2.0
73	128	1.0
74	74	61.0
74	75	1.0
75	43	2.0
75	44	2.0
75	69	2.0
75	74	3.0
75	75	280.0
75	76	5.0
75	77	1.0
75	97	1.0
75	139	1.0
76	44	1.0
76	65	4.0
76	75	3.0
76	76	83.0
76	105	1.0
77	19	1.0
77	65	1.0
77	77	169.0
77	78	6.0
77	79	1.0
77	102	1.0
77	105	2.0
77	107	1.0
78	38	1.0
78	77	2.0
78	78	159.0
78	79	2.0
78	101	1.0
78	105	3.0
78	106	6.0
79	77	1.0
79	78	2.0
79	79	146.0
79	80	3.0
79	82	1.0
79	103	1.0
79	104	2.0
79	105	1.0
79	108	1.0
80	29	1.0
80	79	2.0
80	80	142.0
80	81	4.0
80	82	2.0
80	104	1.0
80	106	2.0
80	113	1.0
80	115	1.0
80	153	1.0
81	80	3.0
81	81	163.0
81	82	2.0
81	103	1.0
82	61	2.0
82	79	1.0
82	80	3.0
82	81	1.0
82	82	158.0
82	83	1.0
83	82	1.0
83	83	135.0
83	84	4.0
83	85	2.0
83	103	1.0
84	49	1.0
84	82	1.0
84	83	2.0
84	84	157.0
84	85	5.0
84	86	2.0
85	84	3.0
85	85	137.0
85	97	1.0
85	99	1.0
85	102	1.0
86	30	1.0
86	83	2.0
86	85	2.0
86	86	132.0
86	87	1.0
86	91	1.0
86	99	1.0
87	87	164.0
87	88	3.0
87	89	1.0
87	90	8.0
87	91	1.0
88	87	2.0
88	88	162.0
88	89	7.0
89	22	1.0
89	35	2.0
89	87	3.0
89	88	8.0
89	89	149.0
89	90	1.0
90	65	1.0
90	87	4.0
90	88	1.0
90	90	167.0
90	91	8.0
90	92	1.0
90	110	1.0
91	90	7.0
91	91	132.0
91	92	2.0
92	85	2.0
92	90	4.0
92	91	7.0
92	92	125.0
92	93	1.0
92	95	1.0
93	92	1.0
93	93	167.0
93	94	3.0
93	95	3.0
94	89	1.0
94	93	6.0
94	94	164.0
94	95	5.0
94	96	1.0
95	92	3.0
95	93	2.0
95	94	4.0
95	95	138.0
95	96	1.0
95	97	1.0
95	152	1.0
96	94	1.0
96	95	4.0
96	96	157.0
96	97	2.0
97	75	1.0
97	90	1.0
97	95	1.0
97	96	1.0
97	97	182.0
97	98	1.0
98	1	1.0
98	74	3.0
98	75	1.0
98	92	1.0
98	97	2.0
98	98	355.0
99	84	3.0
99	85	2.0
99	92	1.0
99	99	337.0
99	100	1.0
99	101	2.0
99	134	1.0
100	99	2.0
100	100	321.0
100	101	5.0
100	111	1.0
100	155	1.0
100	156	1.0
101	3	1.0
101	99	2.0
101	100	3.0
101	101	304.0
101	102	2.0
102	35	1.0
102	69	3.0
102	71	1.0
102	76	1.0
102	79	1.0
102	83	1.0
102	84	1.0
102	85	1.0
102	99	1.0
102	101	4.0
102	102	239.0
102	103	1.0
102	104	1.0
102	105	1.0
103	15	1.0
103	23	1.0
103	61	1.0
103	67	1.0
103	69	2.0
103	71	1.0
103	72	1.0
103	79	2.0
103	80	1.0
103	81	2.0
103	84	1.0
103	90	1.0
103	102	1.0
103	103	318.0
103	104	1.0
103	105	3.0
104	70	1.0
104	71	2.0
104	78	2.0
104	79	4.0
104	80	2.0
104	102	1.0
104	103	3.0
104	104	295.0
104	105	2.0
104	156	1.0
105	67	1.0
105	71	1.0
105	77	4.0
105	78	4.0
105	103	2.0
105	104	6.0
105	105	342.0
105	116	1.0
106	30	1.0
106	66	1.0
106	68	1.0
106	69	1.0
106	77	1.0
106	102	1.0
106	105	5.0
106	106	308.0
106	107	6.0
106	113	1.0
106	115	1.0
107	2	3.0
107	23	1.0
107	25	2.0
107	53	1.0
107	65	1.0
107	77	3.0
107	78	3.0
107	80	1.0
107	105	2.0
107	106	4.0
107	107	293.0
107	108	3.0
107	112	1.0
107	114	7.0
107	115	1.0
107	116	1.0
107	119	2.0
108	2	1.0
108	35	1.0
108	61	1.0
108	62	1.0
108	79	1.0
108	107	4.0
108	108	306.0
108	109	4.0
108	110	8.0
108	111	5.0
108	112	2.0
108	113	1.0
108	115	1.0
108	116	3.0
109	63	1.0
109	65	1.0
109	108	7.0
109	109	268.0
109	110	2.0
109	111	5.0
109	112	5.0
109	113	3.0
109	115	3.0
109	116	1.0
109	142	1.0
109	154	1.0
110	56	1.0
110	64	1.0
110	108	6.0
110	109	1.0
110	110	305.0
110	111	3.0
110	112	2.0
110	113	2.0
111	43	1.0
111	57	1.0
111	108	1.0
111	109	2.0
111	110	5.0
111	111	286.0
111	112	4.0
111	113	1.0
111	114	1.0
111	116	2.0
112	62	2.0
112	64	1.0
112	104	1.0
112	108	2.0
112	109	5.0
112	110	1.0
112	111	2.0
112	112	312.0
112	113	9.0
112	114	2.0
112	115	1.0
112	142	1.0
113	2	1.0
113	62	1.0
113	64	2.0
113	108	3.0
113	109	2.0
113	110	1.0
113	112	6.0
113	113	277.0
113	114	2.0
113	115	2.0
113	123	1.0
113	124	2.0
114	1	3.0
114	23	1.0
114	62	2.0
114	63	1.0
114	65	1.0
114	107	7.0
114	108	3.0
114	112	1.0
114	113	4.0
114	114	280.0
114	115	7.0
114	116	3.0
114	119	2.0
114	124	2.0
114	125	1.0
114	126	1.0
115	1	1.0
115	2	1.0
115	23	2.0
115	57	1.0
115	79	2.0
115	81	1.0
115	107	3.0
115	108	1.0
115	109	2.0
115	112	1.0
115	113	1.0
115	114	6.0
115	115	281.0
115	116	3.0
115	125	1.0
116	4	1.0
116	24	1.0
116	51	1.0
116	106	1.0
116	107	1.0
116	110	1.0
116	111	1.0
116	115	2.0
116	116	302.0
116	117	2.0
116	118	5.0
116	119	2.0
116	120	2.0
116	127	2.0
117	81	1.0
117	116	2.0
117	117	299.0
117	118	2.0
117	119	2.0
117	120	11.0
117	122	1.0
117	124	1.0
117	125	1.0
117	129	1.0
117	132	1.0
118	85	1.0
118	113	1.0
118	114	1.0
118	116	1.0
118	117	4.0
118	118	301.0
118	119	5.0
118	120	4.0
118	121	2.0
118	122	4.0
119	107	2.0
119	114	1.0
119	115	1.0
119	117	6.0
119	118	3.0
119	119	255.0
119	120	3.0
119	122	1.0
119	127	1.0
120	116	2.0
120	117	8.0
120	118	2.0
120	119	7.0
120	120	343.0
120	121	3.0
121	117	2.0
121	118	1.0
121	119	1.0
121	120	1.0
121	121	298.0
121	122	7.0
121	123	5.0
121	155	1.0
122	117	2.0
122	118	1.0
122	119	2.0
122	121	10.0
122	122	276.0
122	123	3.0
122	124	3.0
122	128	1.0
123	38	1.0
123	121	3.0
123	122	3.0
123	123	287.0
123	124	5.0
123	125	2.0
123	127	5.0
124	23	1.0
124	76	1.0
124	107	1.0
124	116	1.0
124	117	1.0
124	121	2.0
124	122	1.0
124	123	8.0
124	124	298.0
124	125	4.0
124	126	1.0
124	127	5.0
125	41	5.0
125	56	1.0
125	86	1.0
125	118	5.0
125	123	3.0
125	124	4.0
125	125	281.0
125	126	4.0
125	145	1.0
126	40	2.0
126	41	1.0
126	56	1.0
126	63	1.0
126	115	1.0
126	116	1.0
126	117	3.0
126	118	1.0
126	124	2.0
126	125	6.0
126	126	301.0
126	127	3.0
127	43	2.0
127	56	1.0
127	114	2.0
127	115	1.0
127	116	2.0
127	123	7.0
127	124	6.0
127	125	2.0
127	126	6.0
127	127	323.0
127	128	1.0
128	121	2.0
128	122	2.0
128	127	2.0
128	128	285.0
128	129	5.0
128	130	1.0
129	40	1.0
129	113	1.0
129	121	2.0
129	122	1.0
129	128	4.0
129	129	334.0
129	130	4.0
129	135	1.0
130	16	1.0
130	116	1.0
130	128	2.0
130	129	6.0
130	130	330.0
130	131	2.0
130	133	1.0
130	137	2.0
130	138	3.0
131	1	1.0
131	5	1.0
131	31	1.0
131	32	1.0
131	130	1.0
131	131	361.0
131	132	6.0
131	133	3.0
131	134	4.0
131	135	1.0
131	136	1.0
131	137	1.0
132	33	1.0
132	39	1.0
132	124	1.0
132	131	5.0
132	132	338.0
132	133	9.0
132	134	4.0
133	32	3.0
133	47	1.0
133	131	3.0
133	132	5.0
133	133	304.0
133	134	5.0
133	139	2.0
134	30	2.0
134	31	1.0
134	128	1.0
134	132	3.0
134	133	7.0
134	134	312.0
134	135	8.0
134	136	1.0
134	137	4.0
134	139	1.0
135	23	1.0
135	31	2.0
135	131	2.0
135	134	3.0
135	135	334.0
135	136	3.0
135	137	2.0
135	138	1.0
136	7	1.0
136	30	1.0
136	31	2.0
136	32	2.0
136	34	1.0
136	72	1.0
136	73	2.0
136	130	1.0
136	134	1.0
136	135	3.0
136	136	316.0
136	137	1.0
137	11	1.0
137	31	2.0
137	37	1.0
137	71	1.0
137	131	1.0
137	134	2.0
137	135	1.0
137	137	347.0
137	138	6.0
137	139	1.0
138	129	1.0
138	130	3.0
138	131	1.0
138	137	3.0
138	138	306.0
138	139	2.0
139	32	1.0
139	33	5.0
139	34	8.0
139	104	1.0
139	130	1.0
139	132	1.0
139	134	2.0
139	135	1.0
139	138	3.0
139	139	297.0
139	140	4.0
139	153	1.0
140	11	1.0
140	34	1.0
140	133	1.0
140	134	2.0
140	139	4.0
140	140	313.0
140	141	4.0
140	142	2.0
140	147	2.0
141	11	2.0
141	12	1.0
141	140	2.0
141	141	303.0
141	142	2.0
141	143	1.0
142	8	1.0
142	10	1.0
142	11	4.0
142	12	1.0
142	32	1.0
142	33	2.0
142	80	1.0
142	140	3.0
142	141	3.0
142	142	231.0
142	143	4.0
143	43	1.0
143	142	3.0
143	143	138.0
143	144	3.0
144	17	2.0
144	143	1.0
144	144	248.0
144	145	2.0
144	146	1.0
144	147	2.0
144	148	1.0
145	10	1.0
145	17	3.0
145	52	1.0
145	54	4.0
145	144	10.0
145	145	275.0
145	146	4.0
145	147	1.0
145	148	1.0
146	6	1.0
146	53	1.0
146	99	1.0
146	139	1.0
146	144	2.0
146	145	3.0
146	146	275.0
146	147	6.0
146	148	3.0
147	35	2.0
147	43	1.0
147	52	1.0
147	142	1.0
147	145	2.0
147	146	7.0
147	147	323.0
147	148	5.0
148	35	2.0
148	36	1.0
148	40	1.0
148	42	1.0
148	50	2.0
148	55	2.0
148	144	2.0
148	145	2.0
148	146	4.0
148	147	5.0
148	148	329.0
148	149	2.0
148	150	2.0
149	21	1.0
149	24	3.0
149	148	3.0
149	149	261.0
149	150	2.0
149	152	1.0
149	153	2.0
150	149	4.0
150	150	336.0
150	151	2.0
150	156	1.0
151	25	1.0
151	27	1.0
151	73	2.0
151	151	326.0
151	152	2.0
151	153	4.0
152	25	1.0
152	68	1.0
152	151	1.0
152	152	321.0
152	153	3.0
152	155	1.0
152	156	5.0
153	71	1.0
153	149	1.0
153	151	1.0
153	152	1.0
153	153	266.0
153	154	4.0
153	155	2.0
153	156	2.0
153	157	1.0
154	68	1.0
154	147	1.0
154	152	1.0
154	153	8.0
154	154	300.0
154	155	3.0
154	156	3.0
154	157	1.0
155	65	1.0
155	152	1.0
155	154	3.0
155	155	369.0
155	156	6.0
155	157	1.0
156	65	2.0
156	100	1.0
156	151	2.0
156	153	3.0
156	154	2.0
156	155	4.0
156	156	337.0
157	37	1.0
157	44	1.0
157	45	1.0
157	98	1.0
157	125	1.0
157	151	1.0
157	153	1.0
157	156	1.0
157	157	343.0
157	158	4.0
158	26	2.0
158	27	1.0
158	73	1.0
158	153	1.0
158	158	350.0
159	26	1.0
159	28	1.0
159	159	55.0
160	1	1.0
160	25	2.0
160	26	6.0
160	27	1.0
160	28	1.0
160	45	1.0
160	67	1.0
160	103	1.0
160	160	324.0
