1	1	415.0
1	2	12.0
1	4	1.0
1	7	1.0
1	8	2.0
1	134	3.0
2	1	4.0
2	2	461.0
2	3	7.0
2	4	5.0
2	5	1.0
2	6	1.0
2	108	1.0
3	1	1.0
3	2	8.0
3	3	441.0
3	4	5.0
3	5	7.0
3	6	1.0
3	64	1.0
3	127	1.0
3	128	1.0
3	129	2.0
3	130	1.0
4	1	2.0
4	2	5.0
4	3	6.0
4	4	447.0
4	5	1.0
4	16	1.0
4	40	1.0
4	107	1.0
4	129	6.0
4	130	1.0
5	2	3.0
5	3	5.0
5	4	5.0
5	5	419.0
5	6	7.0
5	49	1.0
5	58	6.0
5	59	1.0
5	127	1.0
5	128	2.0
5	129	5.0
6	4	1.0
6	5	11.0
6	6	440.0
6	7	1.0
6	49	2.0
6	58	3.0
6	62	1.0
6	100	1.0
6	129	2.0
7	6	3.0
7	7	357.0
7	8	1.0
7	49	1.0
8	7	3.0
8	8	322.0
8	9	2.0
8	14	1.0
8	29	1.0
8	48	2.0
8	131	2.0
9	9	350.0
9	10	2.0
9	11	1.0
9	12	1.0
9	13	1.0
9	21	2.0
9	31	2.0
9	47	1.0
9	104	1.0
10	9	1.0
10	10	416.0
10	11	3.0
10	12	1.0
10	25	1.0
10	26	1.0
10	27	1.0
10	28	1.0
10	92	1.0
10	103	1.0
10	110	1.0
11	10	6.0
11	11	382.0
11	12	9.0
11	32	1.0
11	43	1.0
11	65	2.0
12	10	2.0
12	11	2.0
12	12	384.0
12	13	5.0
12	26	3.0
12	53	1.0
12	71	1.0
12	103	1.0
12	105	1.0
13	12	6.0
13	13	465.0
13	14	6.0
13	20	2.0
13	21	1.0
13	77	1.0
14	11	1.0
14	13	7.0
14	14	410.0
14	15	15.0
14	16	1.0
14	20	3.0
14	24	1.0
14	78	1.0
15	8	1.0
15	14	14.0
15	15	444.0
15	16	3.0
15	19	1.0
15	20	1.0
15	24	2.0
15	77	3.0
15	78	1.0
16	15	6.0
16	16	449.0
16	17	12.0
16	18	3.0
16	22	1.0
16	23	4.0
16	78	2.0
16	119	1.0
17	16	11.0
17	17	372.0
17	18	3.0
17	20	6.0
17	25	1.0
17	26	1.0
18	14	1.0
18	15	1.0
18	16	4.0
18	17	2.0
18	18	392.0
18	19	12.0
18	20	2.0
18	21	1.0
18	82	1.0
18	106	1.0
19	18	10.0
19	19	369.0
19	20	10.0
19	21	5.0
19	23	1.0
19	77	1.0
20	4	1.0
20	14	1.0
20	15	1.0
20	17	3.0
20	19	6.0
20	20	378.0
20	21	4.0
20	23	1.0
20	127	1.0
21	13	1.0
21	14	1.0
21	16	1.0
21	18	1.0
21	19	4.0
21	20	5.0
21	21	407.0
21	22	5.0
21	23	3.0
21	24	2.0
21	83	2.0
21	84	2.0
21	85	1.0
22	21	6.0
22	22	360.0
22	23	6.0
22	24	1.0
22	25	1.0
22	27	4.0
22	28	1.0
22	114	1.0
23	15	1.0
23	16	1.0
23	19	1.0
23	20	1.0
23	22	4.0
23	23	424.0
23	24	9.0
23	25	3.0
23	26	1.0
23	27	1.0
23	28	2.0
23	73	1.0
23	77	2.0
23	78	1.0
24	1	1.0
24	14	1.0
24	15	1.0
24	16	2.0
24	18	1.0
24	21	2.0
24	22	2.0
24	23	9.0
24	24	372.0
24	25	4.0
24	27	2.0
24	77	2.0
24	84	1.0
25	10	1.0
25	12	1.0
25	13	1.0
25	17	1.0
25	22	1.0
25	23	1.0
25	24	9.0
25	25	388.0
25	26	6.0
25	44	1.0
25	77	4.0
25	78	1.0
26	22	2.0
26	24	3.0
26	25	8.0
26	26	427.0
26	27	3.0
26	89	1.0
26	105	2.0
27	23	1.0
27	24	1.0
27	25	4.0
27	26	4.0
27	27	425.0
27	28	5.0
27	32	2.0
27	97	1.0
28	10	1.0
28	25	1.0
28	26	1.0
28	27	3.0
28	28	400.0
28	29	6.0
28	31	1.0
28	32	1.0
28	33	1.0
29	28	16.0
29	29	418.0
29	30	8.0
29	31	2.0
29	32	1.0
29	38	3.0
29	106	1.0
29	108	1.0
30	19	1.0
30	28	2.0
30	29	6.0
30	30	472.0
30	31	2.0
30	34	1.0
30	39	4.0
30	80	1.0
30	81	2.0
30	82	3.0
30	99	1.0
30	107	7.0
30	108	1.0
30	109	2.0
31	7	1.0
31	28	1.0
31	29	8.0
31	30	1.0
31	31	373.0
31	32	5.0
31	33	2.0
31	45	1.0
31	81	2.0
31	83	1.0
31	84	1.0
31	85	4.0
31	93	1.0
31	108	1.0
31	129	1.0
32	28	4.0
32	31	7.0
32	32	389.0
32	33	1.0
32	80	1.0
32	83	2.0
32	85	4.0
32	87	1.0
32	99	1.0
33	31	1.0
33	32	5.0
33	33	390.0
33	34	10.0
33	38	1.0
33	39	2.0
33	54	1.0
33	71	3.0
33	72	1.0
33	89	1.0
33	101	1.0
34	32	1.0
34	33	8.0
34	34	324.0
34	37	1.0
34	38	12.0
34	39	3.0
34	41	1.0
37	37	40.0
37	39	1.0
37	43	1.0
38	34	2.0
38	38	407.0
38	39	4.0
38	40	2.0
38	41	2.0
38	43	3.0
38	108	2.0
39	34	1.0
39	38	5.0
39	39	384.0
39	40	3.0
39	44	2.0
39	108	4.0
39	109	4.0
40	34	1.0
40	38	2.0
40	39	4.0
40	40	396.0
40	41	8.0
40	43	2.0
40	79	1.0
41	40	4.0
41	41	413.0
41	42	8.0
41	80	1.0
41	84	2.0
41	86	1.0
42	41	11.0
42	42	410.0
42	43	7.0
42	44	1.0
42	87	1.0
43	38	2.0
43	40	1.0
43	42	9.0
43	43	430.0
43	44	5.0
43	45	1.0
43	49	1.0
43	53	1.0
43	71	1.0
44	39	2.0
44	42	1.0
44	43	6.0
44	44	398.0
44	45	5.0
44	47	1.0
44	54	1.0
44	123	1.0
45	43	1.0
45	44	9.0
45	45	414.0
45	46	7.0
45	65	1.0
45	82	1.0
46	45	6.0
46	46	427.0
46	47	6.0
46	55	2.0
46	56	1.0
46	60	1.0
46	80	1.0
46	121	1.0
47	12	1.0
47	43	1.0
47	44	5.0
47	46	6.0
47	47	413.0
47	48	3.0
47	49	1.0
47	59	1.0
48	8	4.0
48	47	2.0
48	48	414.0
48	49	1.0
48	82	1.0
48	101	1.0
48	105	1.0
48	134	1.0
49	1	2.0
49	3	1.0
49	7	2.0
49	47	2.0
49	48	2.0
49	49	377.0
49	52	2.0
49	53	2.0
49	56	2.0
49	58	1.0
49	128	2.0
49	134	1.0
50	49	2.0
50	50	433.0
50	51	3.0
50	52	2.0
50	53	6.0
50	99	1.0
50	110	1.0
51	50	9.0
51	51	411.0
51	52	4.0
51	53	3.0
51	66	1.0
52	49	1.0
52	50	4.0
52	51	7.0
52	52	468.0
52	53	1.0
52	54	2.0
52	56	1.0
53	49	1.0
53	50	4.0
53	51	4.0
53	52	8.0
53	53	399.0
53	54	3.0
53	56	2.0
54	13	1.0
54	52	1.0
54	53	2.0
54	54	405.0
54	56	1.0
55	45	1.0
55	46	2.0
55	48	2.0
55	55	364.0
55	56	7.0
55	130	1.0
56	49	1.0
56	53	2.0
56	55	10.0
56	56	450.0
56	57	1.0
57	56	6.0
57	57	396.0
57	58	1.0
57	60	3.0
57	66	1.0
57	96	1.0
57	114	1.0
57	129	1.0
57	130	1.0
58	6	7.0
58	9	1.0
58	40	1.0
58	58	377.0
58	59	4.0
58	60	3.0
58	61	4.0
58	62	7.0
58	63	2.0
59	8	1.0
59	19	1.0
59	47	1.0
59	58	2.0
59	59	394.0
59	60	10.0
59	61	4.0
59	62	7.0
59	63	4.0
59	132	1.0
59	133	1.0
60	6	1.0
60	57	5.0
60	58	4.0
60	59	9.0
60	60	413.0
60	61	10.0
60	62	5.0
60	63	2.0
60	67	1.0
60	128	1.0
60	130	1.0
60	131	1.0
60	133	3.0
61	11	1.0
61	15	1.0
61	24	1.0
61	47	1.0
61	57	1.0
61	58	9.0
61	59	5.0
61	60	9.0
61	61	349.0
61	62	7.0
61	127	1.0
61	129	2.0
62	47	1.0
62	58	3.0
62	59	3.0
62	60	3.0
62	61	6.0
62	62	381.0
62	63	5.0
62	68	1.0
63	1	2.0
63	58	5.0
63	59	8.0
63	62	8.0
63	63	383.0
63	64	7.0
63	66	1.0
63	102	2.0
64	30	1.0
64	63	7.0
64	64	374.0
64	65	5.0
64	102	1.0
65	64	6.0
65	65	429.0
65	66	5.0
65	67	2.0
65	68	2.0
65	79	1.0
66	18	1.0
66	58	2.0
66	63	1.0
66	64	1.0
66	65	10.0
66	66	397.0
66	67	9.0
66	69	2.0
66	74	1.0
67	31	1.0
67	47	1.0
67	56	1.0
67	65	3.0
67	66	8.0
67	67	387.0
67	68	10.0
67	69	2.0
68	65	5.0
68	67	7.0
68	68	439.0
68	70	1.0
68	115	1.0
69	45	1.0
69	65	2.0
69	67	4.0
69	68	1.0
69	69	451.0
69	70	5.0
69	71	3.0
69	85	1.0
69	113	1.0
70	45	3.0
70	68	3.0
70	69	3.0
70	70	379.0
70	71	9.0
70	72	1.0
70	76	1.0
70	109	1.0
71	26	1.0
71	33	2.0
71	66	1.0
71	69	3.0
71	70	12.0
71	71	436.0
71	72	5.0
72	13	1.0
72	58	1.0
72	70	2.0
72	71	2.0
72	72	405.0
72	73	6.0
72	74	11.0
72	75	5.0
72	76	4.0
73	26	2.0
73	69	1.0
73	70	1.0
73	72	6.0
73	73	372.0
73	74	12.0
73	75	1.0
74	70	1.0
74	72	21.0
74	73	8.0
74	74	363.0
74	76	3.0
74	77	1.0
74	102	1.0
75	15	1.0
75	20	1.0
75	72	3.0
75	74	3.0
75	75	409.0
75	76	6.0
75	77	4.0
75	86	1.0
75	88	1.0
76	24	2.0
76	72	3.0
76	74	1.0
76	75	6.0
76	76	402.0
76	77	1.0
76	86	1.0
76	101	1.0
76	115	1.0
77	14	4.0
77	15	3.0
77	17	1.0
77	23	2.0
77	24	1.0
77	66	1.0
77	73	1.0
77	75	6.0
77	76	3.0
77	77	413.0
77	78	5.0
77	128	1.0
78	14	4.0
78	15	3.0
78	24	1.0
78	77	6.0
78	78	407.0
78	79	13.0
78	115	2.0
79	18	1.0
79	23	1.0
79	40	1.0
79	75	1.0
79	78	8.0
79	79	392.0
79	80	3.0
79	115	1.0
80	22	1.0
80	79	5.0
80	80	439.0
80	81	6.0
81	8	1.0
81	12	1.0
81	30	3.0
81	31	3.0
81	68	1.0
81	80	6.0
81	81	369.0
81	82	1.0
81	85	2.0
81	121	1.0
82	11	1.0
82	18	1.0
82	21	1.0
82	22	1.0
82	30	2.0
82	31	3.0
82	80	1.0
82	82	434.0
82	83	6.0
82	84	11.0
82	85	3.0
83	21	4.0
83	39	1.0
83	82	2.0
83	83	450.0
83	84	10.0
84	29	1.0
84	31	2.0
84	41	2.0
84	48	1.0
84	80	1.0
84	81	2.0
84	82	7.0
84	83	14.0
84	84	372.0
85	28	2.0
85	29	2.0
85	31	6.0
85	32	11.0
85	75	1.0
85	81	1.0
85	82	1.0
85	84	5.0
85	85	383.0
85	86	7.0
85	87	2.0
85	88	2.0
85	92	1.0
85	115	2.0
86	85	7.0
86	86	403.0
86	87	6.0
86	88	5.0
86	93	1.0
86	116	1.0
87	85	2.0
87	86	9.0
87	87	374.0
87	88	9.0
87	92	1.0
87	134	1.0
88	81	1.0
88	85	1.0
88	86	1.0
88	87	4.0
88	88	433.0
88	89	3.0
88	90	1.0
88	91	2.0
88	93	2.0
88	94	1.0
88	95	1.0
88	124	1.0
89	33	1.0
89	88	6.0
89	89	417.0
89	90	3.0
89	91	2.0
90	27	1.0
90	48	1.0
90	89	3.0
90	90	405.0
90	91	10.0
90	92	2.0
90	97	2.0
91	85	1.0
91	88	1.0
91	89	1.0
91	90	9.0
91	91	378.0
91	92	2.0
91	93	3.0
91	114	2.0
92	91	7.0
92	92	399.0
92	93	5.0
92	95	1.0
92	97	1.0
92	98	1.0
92	117	1.0
93	11	1.0
93	25	1.0
93	29	2.0
93	43	1.0
93	69	1.0
93	70	1.0
93	80	1.0
93	86	2.0
93	88	3.0
93	90	3.0
93	91	10.0
93	92	7.0
93	93	414.0
93	94	4.0
93	114	2.0
93	116	1.0
93	117	1.0
94	16	2.0
94	89	4.0
94	91	1.0
94	93	3.0
94	94	422.0
94	96	6.0
94	113	1.0
94	114	1.0
94	117	1.0
95	10	1.0
95	75	1.0
95	86	2.0
95	91	2.0
95	92	3.0
95	94	4.0
95	95	397.0
95	96	1.0
95	98	2.0
95	113	2.0
95	117	1.0
95	118	1.0
96	2	1.0
96	89	1.0
96	91	1.0
96	94	4.0
96	95	7.0
96	96	393.0
96	97	3.0
96	98	1.0
96	117	1.0
96	118	1.0
97	87	1.0
97	92	3.0
97	95	2.0
97	96	3.0
97	97	417.0
97	98	5.0
97	118	1.0
97	119	5.0
97	124	2.0
98	87	1.0
98	94	1.0
98	95	5.0
98	96	4.0
98	97	12.0
98	98	392.0
98	99	1.0
98	100	1.0
98	101	1.0
98	124	4.0
99	27	1.0
99	41	1.0
99	97	1.0
99	98	2.0
99	99	448.0
99	100	5.0
99	105	1.0
99	124	1.0
100	8	1.0
100	10	1.0
100	53	1.0
100	99	5.0
100	100	375.0
100	101	1.0
100	105	1.0
100	134	1.0
101	24	1.0
101	48	1.0
101	71	2.0
101	76	1.0
101	97	1.0
101	100	3.0
101	101	392.0
101	102	6.0
101	103	2.0
101	106	2.0
101	134	4.0
102	10	1.0
102	42	1.0
102	63	1.0
102	100	1.0
102	101	4.0
102	102	428.0
102	103	7.0
102	104	1.0
102	112	1.0
103	26	1.0
103	76	1.0
103	77	1.0
103	101	1.0
103	102	9.0
103	103	435.0
103	104	1.0
103	134	2.0
104	9	1.0
104	26	1.0
104	28	1.0
104	74	1.0
104	99	1.0
104	101	1.0
104	102	2.0
104	103	6.0
104	104	374.0
104	105	13.0
104	107	1.0
105	62	1.0
105	67	1.0
105	101	2.0
105	102	3.0
105	103	1.0
105	104	16.0
105	105	459.0
105	106	2.0
105	107	1.0
105	134	1.0
106	8	1.0
106	48	1.0
106	100	1.0
106	101	5.0
106	105	5.0
106	106	419.0
106	107	6.0
107	30	5.0
107	37	1.0
107	48	2.0
107	105	2.0
107	106	5.0
107	107	458.0
107	108	6.0
107	109	1.0
108	30	3.0
108	31	1.0
108	34	1.0
108	39	1.0
108	58	1.0
108	104	1.0
108	106	3.0
108	107	4.0
108	108	451.0
108	109	5.0
108	110	1.0
109	37	2.0
109	38	1.0
109	39	1.0
109	45	1.0
109	106	1.0
109	107	1.0
109	108	2.0
109	109	415.0
109	110	5.0
109	116	1.0
110	108	1.0
110	109	6.0
110	110	427.0
110	111	6.0
110	128	1.0
111	3	1.0
111	5	1.0
111	110	7.0
111	111	468.0
111	112	2.0
112	111	2.0
112	112	384.0
112	113	4.0
113	51	1.0
113	86	2.0
113	94	1.0
113	95	2.0
113	112	3.0
113	113	433.0
113	114	2.0
113	116	2.0
114	78	1.0
114	79	1.0
114	92	3.0
114	93	1.0
114	95	1.0
114	113	2.0
114	114	427.0
114	115	2.0
114	116	7.0
114	117	2.0
115	71	1.0
115	78	1.0
115	79	1.0
115	85	2.0
115	93	1.0
115	114	2.0
115	115	419.0
115	116	8.0
115	117	3.0
115	118	1.0
116	85	1.0
116	90	1.0
116	113	1.0
116	114	6.0
116	115	11.0
116	116	393.0
116	117	3.0
117	53	1.0
117	72	1.0
117	86	1.0
117	94	2.0
117	95	5.0
117	96	4.0
117	114	7.0
117	115	6.0
117	116	4.0
117	117	410.0
117	118	4.0
117	120	1.0
118	79	1.0
118	95	1.0
118	96	2.0
118	97	4.0
118	103	1.0
118	117	10.0
118	118	404.0
118	119	7.0
118	120	6.0
119	96	2.0
119	97	3.0
119	99	1.0
119	118	5.0
119	119	439.0
119	120	10.0
120	53	1.0
120	85	1.0
120	97	1.0
120	117	2.0
120	118	5.0
120	119	4.0
120	120	368.0
120	121	3.0
120	124	1.0
121	120	4.0
121	121	452.0
121	122	8.0
121	123	1.0
121	132	1.0
122	100	2.0
122	121	8.0
122	122	373.0
122	123	6.0
122	126	1.0
123	97	1.0
123	122	5.0
123	123	429.0
124	97	1.0
124	98	3.0
124	99	1.0
124	119	1.0
124	120	1.0
124	123	3.0
124	124	470.0
124	125	5.0
125	124	3.0
125	125	492.0
125	126	3.0
125	127	1.0
125	128	3.0
126	12	1.0
126	51	1.0
126	61	1.0
126	125	3.0
126	126	448.0
126	127	13.0
127	3	1.0
127	5	1.0
127	58	1.0
127	59	2.0
127	81	1.0
127	93	1.0
127	125	1.0
127	126	17.0
127	127	425.0
127	128	8.0
127	129	2.0
127	131	1.0
128	5	1.0
128	6	4.0
128	57	1.0
128	58	2.0
128	60	1.0
128	87	1.0
128	125	1.0
128	126	3.0
128	127	4.0
128	128	424.0
128	129	2.0
128	130	4.0
129	3	3.0
129	4	3.0
129	5	3.0
129	6	1.0
129	13	1.0
129	55	1.0
129	57	2.0
129	61	1.0
129	127	1.0
129	128	1.0
129	129	409.0
129	130	12.0
130	3	2.0
130	4	1.0
130	5	3.0
130	6	1.0
130	10	1.0
130	55	3.0
130	60	1.0
130	61	1.0
130	73	1.0
130	96	1.0
130	128	3.0
130	129	7.0
130	130	443.0
130	131	4.0
131	61	1.0
131	124	1.0
131	127	1.0
131	129	1.0
131	130	6.0
131	131	402.0
131	132	7.0
132	58	1.0
132	60	3.0
132	127	1.0
132	131	8.0
132	132	380.0
132	133	2.0
133	58	2.0
133	132	1.0
133	133	255.0
134	1	8.0
134	8	2.0
134	100	2.0
134	101	2.0
134	105	4.0
134	125	1.0
134	133	1.0
134	134	381.0
