16	16	37.0
16	17	4.0
16	18	1.0
16	28	1.0
16	42	1.0
17	17	301.0
17	18	17.0
17	25	1.0
17	37	1.0
17	48	1.0
18	18	330.0
18	19	14.0
18	20	5.0
18	21	1.0
18	22	1.0
18	23	1.0
18	26	3.0
18	50	4.0
18	51	1.0
19	19	459.0
19	20	22.0
19	23	1.0
19	25	15.0
19	26	15.0
19	28	1.0
19	30	1.0
19	32	1.0
19	37	2.0
19	50	3.0
20	20	296.0
20	21	10.0
20	23	3.0
20	25	4.0
20	33	1.0
20	46	1.0
21	21	248.0
21	22	7.0
21	23	1.0
21	24	1.0
21	25	1.0
21	30	2.0
21	31	2.0
21	34	1.0
21	50	2.0
22	22	394.0
22	23	46.0
22	24	5.0
22	26	1.0
22	28	1.0
22	29	15.0
22	30	8.0
22	42	2.0
23	23	372.0
23	24	52.0
23	25	4.0
23	28	6.0
23	29	11.0
23	30	5.0
23	49	1.0
24	24	403.0
24	25	29.0
24	27	1.0
24	28	3.0
24	29	6.0
24	30	1.0
24	41	2.0
24	48	1.0
25	25	369.0
25	26	42.0
26	26	414.0
26	27	20.0
26	28	1.0
26	29	1.0
26	41	1.0
27	27	478.0
27	28	33.0
27	29	18.0
27	30	11.0
27	38	2.0
28	28	372.0
28	29	28.0
28	30	19.0
28	36	1.0
28	38	2.0
29	29	445.0
29	30	38.0
29	32	1.0
29	37	1.0
29	42	1.0
30	30	445.0
30	31	22.0
30	33	1.0
30	34	1.0
30	35	5.0
30	42	4.0
30	43	2.0
30	49	1.0
31	31	400.0
31	32	7.0
31	41	16.0
31	42	11.0
31	43	1.0
31	50	2.0
32	32	430.0
32	33	26.0
32	34	12.0
32	35	8.0
32	41	2.0
32	46	4.0
33	33	372.0
33	34	30.0
33	35	25.0
33	40	2.0
33	45	1.0
33	46	1.0
33	47	2.0
34	34	412.0
34	35	50.0
34	36	8.0
34	46	1.0
35	35	441.0
35	36	32.0
35	37	12.0
35	42	3.0
36	36	401.0
36	37	14.0
36	38	3.0
36	39	1.0
36	40	3.0
36	41	7.0
36	42	2.0
36	47	1.0
37	37	489.0
37	38	14.0
37	39	2.0
37	40	1.0
37	42	1.0
37	43	1.0
37	46	1.0
38	38	452.0
38	39	46.0
38	40	5.0
38	42	2.0
39	39	460.0
39	40	6.0
39	41	2.0
39	42	1.0
39	44	1.0
40	40	442.0
40	41	31.0
41	41	438.0
41	42	8.0
41	44	3.0
42	42	485.0
42	43	54.0
42	44	10.0
42	45	2.0
42	47	3.0
42	50	1.0
43	43	481.0
43	44	37.0
43	45	16.0
43	46	7.0
43	47	1.0
43	48	3.0
43	49	1.0
44	44	467.0
44	45	30.0
44	46	2.0
44	47	12.0
44	49	6.0
44	50	3.0
45	45	454.0
45	46	35.0
45	47	16.0
45	48	1.0
45	49	5.0
46	46	526.0
46	47	18.0
46	48	3.0
46	49	1.0
47	47	420.0
47	48	60.0
47	49	26.0
47	50	6.0
48	48	465.0
48	49	45.0
48	50	11.0
49	49	418.0
49	50	29.0
49	51	1.0
50	50	390.0
50	51	17.0
51	51	82.0
