1	1	82.0
1	2	14.0
1	68	1.0
1	69	4.0
2	2	84.0
2	3	5.0
2	23	1.0
2	66	1.0
3	3	110.0
3	4	1.0
3	7	1.0
3	65	1.0
3	67	2.0
3	76	1.0
3	77	1.0
4	4	92.0
4	5	6.0
4	6	2.0
4	8	6.0
4	64	2.0
4	65	2.0
5	5	96.0
5	6	6.0
5	7	4.0
5	8	5.0
5	9	1.0
6	6	98.0
6	7	5.0
6	8	9.0
6	32	1.0
7	7	87.0
7	8	3.0
7	62	2.0
7	63	3.0
8	8	114.0
8	9	9.0
8	28	1.0
8	50	1.0
8	62	1.0
8	70	2.0
9	9	96.0
9	10	3.0
9	12	1.0
9	47	4.0
9	49	4.0
9	61	2.0
9	62	6.0
10	10	96.0
10	11	12.0
10	12	2.0
10	31	1.0
10	38	1.0
10	47	1.0
10	48	2.0
11	11	103.0
11	12	6.0
12	12	97.0
12	13	1.0
12	30	1.0
12	31	7.0
12	32	3.0
13	13	114.0
13	14	3.0
13	27	2.0
13	29	2.0
14	14	52.0
14	15	4.0
14	19	1.0
14	20	2.0
15	15	14.0
18	18	62.0
19	19	93.0
19	20	7.0
19	29	1.0
19	33	1.0
20	20	97.0
20	21	10.0
20	29	1.0
21	21	121.0
21	22	2.0
21	60	1.0
22	22	93.0
22	23	15.0
22	24	4.0
22	25	2.0
22	26	1.0
22	27	8.0
22	28	2.0
23	23	95.0
23	24	2.0
23	25	8.0
23	26	9.0
23	27	1.0
23	43	1.0
24	24	88.0
24	25	8.0
24	26	3.0
24	27	2.0
24	28	6.0
25	25	88.0
25	26	14.0
25	27	4.0
25	28	7.0
25	57	1.0
26	26	75.0
26	27	6.0
26	28	11.0
27	27	82.0
27	28	23.0
27	48	1.0
28	28	93.0
28	29	3.0
29	29	102.0
29	30	8.0
30	30	99.0
30	31	9.0
30	35	1.0
30	47	1.0
31	31	93.0
31	32	5.0
32	32	100.0
32	33	1.0
32	34	2.0
32	36	7.0
32	37	2.0
32	63	2.0
32	78	1.0
33	33	111.0
33	34	7.0
33	35	4.0
33	36	10.0
33	37	1.0
33	38	3.0
33	39	1.0
33	40	2.0
33	77	4.0
34	34	123.0
34	35	5.0
34	36	5.0
34	37	18.0
34	43	1.0
34	46	2.0
34	76	1.0
35	35	81.0
35	36	6.0
35	37	4.0
35	39	2.0
36	36	89.0
36	37	6.0
36	38	2.0
36	39	5.0
36	40	1.0
37	37	79.0
37	38	9.0
37	39	3.0
38	38	85.0
38	39	3.0
38	40	1.0
38	41	6.0
38	42	1.0
38	43	13.0
38	54	2.0
38	76	1.0
38	77	8.0
39	39	91.0
39	40	5.0
39	41	1.0
39	42	4.0
39	43	6.0
39	53	1.0
39	77	1.0
40	40	96.0
40	41	6.0
40	77	3.0
41	41	87.0
41	42	13.0
41	43	11.0
41	77	2.0
42	42	110.0
42	43	4.0
43	43	111.0
43	44	7.0
43	45	4.0
43	74	2.0
43	75	1.0
43	76	1.0
43	77	7.0
44	44	109.0
44	45	3.0
44	72	4.0
44	73	2.0
44	75	1.0
44	76	4.0
44	77	1.0
45	45	107.0
45	46	13.0
45	72	4.0
45	74	4.0
45	75	4.0
45	76	3.0
46	46	131.0
46	47	1.0
46	61	1.0
46	63	2.0
47	47	123.0
47	48	4.0
47	51	1.0
47	61	1.0
47	62	5.0
47	63	2.0
47	65	1.0
48	48	113.0
48	49	13.0
48	50	2.0
48	51	3.0
48	58	1.0
48	61	2.0
48	63	10.0
48	64	4.0
49	49	111.0
49	50	14.0
49	51	3.0
50	50	102.0
50	51	13.0
50	58	1.0
50	59	2.0
51	51	98.0
51	52	2.0
51	57	3.0
51	58	1.0
51	63	4.0
51	64	1.0
52	52	80.0
52	53	11.0
52	54	1.0
52	55	3.0
52	56	2.0
53	53	118.0
53	54	8.0
53	55	3.0
54	54	104.0
54	55	13.0
54	56	2.0
55	55	98.0
55	56	7.0
55	57	6.0
56	56	87.0
56	57	10.0
57	57	102.0
57	58	11.0
57	59	1.0
58	58	92.0
58	59	4.0
59	59	75.0
59	60	6.0
60	60	99.0
60	61	8.0
61	61	99.0
61	62	2.0
61	63	3.0
61	64	11.0
61	71	2.0
62	62	79.0
62	63	3.0
62	64	9.0
63	63	65.0
63	64	10.0
63	67	1.0
63	72	1.0
64	64	79.0
64	65	4.0
64	71	2.0
64	74	1.0
65	65	81.0
65	66	9.0
65	67	5.0
65	74	3.0
66	66	95.0
66	67	8.0
66	70	2.0
66	71	8.0
66	73	1.0
67	67	89.0
67	68	1.0
67	69	2.0
67	70	4.0
67	71	2.0
67	72	1.0
67	73	3.0
67	74	13.0
68	68	86.0
68	69	17.0
68	70	8.0
68	71	1.0
68	72	8.0
68	74	1.0
68	76	1.0
68	77	1.0
69	69	65.0
69	70	3.0
69	72	1.0
69	73	3.0
70	70	86.0
70	71	11.0
70	72	1.0
70	73	3.0
70	75	1.0
71	71	100.0
71	74	2.0
71	75	2.0
72	72	89.0
72	73	10.0
72	75	1.0
72	76	6.0
73	73	99.0
73	74	2.0
73	75	2.0
73	76	1.0
74	74	104.0
74	75	7.0
74	76	3.0
75	75	81.0
75	76	7.0
75	77	4.0
76	76	86.0
76	77	7.0
77	77	99.0
78	78	1.0
79	1	1.0
79	2	9.0
79	3	3.0
79	36	1.0
79	38	1.0
79	44	1.0
79	47	1.0
79	68	1.0
79	69	1.0
79	74	1.0
79	75	5.0
79	76	5.0
79	77	7.0
79	79	84.0
