105	106	4
124	124	3
40	40	30
123	124	1
65	77	1
32	32	6
71	97	1
104	147	1
74	97	1
58	58	25
48	53	1
74	74	41
47	47	1
81	81	15
101	119	5
148	148	1
46	46	1
138	138	3
101	101	8
89	89	9
96	97	4
37	117	1
45	45	13
99	100	1
58	68	3
48	51	6
99	99	18
78	82	3
104	104	2
119	119	2
67	68	1
4	4	2
20	56	1
16	18	1
80	81	2
47	47	8
67	74	2
129	129	1
21	21	17
124	124	1
53	53	5
74	98	6
107	107	9
99	99	1
74	80	2
5	6	6
36	39	1
99	100	1
126	131	1
104	113	1
35	38	1
15	17	2
17	114	1
80	107	1
70	70	6
39	40	3
40	40	6
123	123	2
61	72	1
147	147	14
21	67	1
65	65	5
51	52	7
82	92	3
120	137	1
73	80	4
104	113	1
15	98	1
122	122	17
78	81	4
82	93	4
6	27	1
112	112	6
127	127	7
71	72	5
143	143	1
124	135	1
70	70	4
98	118	1
16	17	1
100	101	2
8	8	5
67	67	22
82	92	9
93	95	1
86	86	2
91	91	23
105	105	10
36	36	4
145	145	4
15	15	22
34	37	1
134	143	1
80	91	1
131	131	16
33	45	2
98	98	3
74	79	1
27	27	16
86	92	1
126	127	1
125	125	5
102	102	6
60	79	3
3	3	8
92	101	1
48	53	2
59	66	1
75	75	9
115	117	2
62	62	12
67	67	3
40	104	1
137	137	1
121	121	9
52	128	1
4	131	1
103	103	5
32	32	16
57	57	3
14	15	9
104	106	4
134	151	1
62	65	1
14	14	11
38	39	2
114	114	7
81	81	6
10	10	1
91	92	1
46	88	1
72	72	19
48	48	23
71	71	7
56	142	1
12	13	6
9	9	1
61	62	3
48	118	1
136	137	1
100	100	8
119	120	1
31	31	7
117	117	1
42	42	1
117	117	3
78	92	1
72	72	9
107	108	1
35	44	1
22	22	26
136	136	5
20	21	11
29	29	8
137	137	11
111	112	2
73	75	5
113	113	9
58	58	6
42	43	1
41	42	1
118	122	1
26	26	3
125	137	1
135	148	2
39	100	1
115	116	2
64	65	5
138	138	2
116	116	7
97	97	1
34	40	4
54	54	5
6	6	10
82	82	1
137	137	6
108	110	2
109	113	1
60	60	4
26	26	1
67	67	2
143	143	21
55	84	1
13	14	3
106	147	2
68	139	1
138	148	5
72	73	2
123	123	16
127	127	7
5	16	1
74	96	1
50	58	1
78	78	4
116	118	2
79	79	4
137	137	17
62	62	20
70	70	1
21	62	1
5	27	1
45	47	8
100	100	14
83	83	2
97	98	8
61	61	4
72	73	1
76	76	13
49	50	5
55	55	26
24	24	5
84	85	5
114	116	1
102	102	7
75	75	28
65	85	1
29	29	12
83	96	2
78	78	1
82	82	8
91	91	16
50	50	10
38	40	2
16	17	1
36	40	4
80	84	3
24	24	14
106	106	9
71	71	3
68	68	8
45	45	10
148	149	2
21	21	3
73	80	1
50	53	1
17	17	1
46	105	1
149	150	3
107	107	1
147	147	1
44	51	1
6	6	17
147	147	15
69	69	2
56	56	10
106	109	2
40	40	8
51	51	10
79	80	2
119	120	11
28	72	1
38	39	2
75	77	5
145	149	1
53	53	6
79	79	1
37	39	5
55	55	3
50	134	1
13	14	2
134	134	3
116	118	1
4	5	8
83	83	1
113	113	34
123	123	11
6	6	1
4	6	2
143	151	1
16	17	4
115	117	1
62	62	17
50	53	2
59	59	21
6	6	29
90	90	1
121	121	24
53	53	31
146	146	14
18	18	2
140	140	2
49	49	18
111	149	1
68	69	2
45	45	32
31	49	1
111	150	5
6	6	1
96	98	2
121	121	4
80	85	7
74	80	12
147	147	1
100	101	3
111	111	3
149	149	7
41	42	2
128	128	37
35	36	2
125	125	6
118	118	3
15	17	3
148	148	1
37	37	3
48	48	9
7	8	2
24	24	38
92	92	5
13	13	25
42	42	11
102	106	4
81	81	22
42	42	8
68	68	47
103	103	2
76	76	1
35	35	3
58	59	1
37	39	1
44	129	1
132	132	3
6	6	2
52	121	1
23	23	10
118	118	34
82	82	4
57	58	3
30	30	14
145	146	1
12	12	24
105	147	1
96	98	3
9	9	13
33	33	8
55	55	14
34	34	15
46	129	2
40	40	4
37	37	5
118	118	14
114	116	7
73	73	4
67	77	1
103	108	1
38	39	3
66	69	2
85	85	15
12	12	15
136	136	4
28	28	22
106	106	4
37	61	1
128	128	35
18	19	1
46	47	3
54	54	15
75	78	2
60	60	3
98	98	13
129	129	26
126	126	8
108	125	2
145	149	3
43	43	2
49	49	2
35	36	3
57	57	6
19	20	2
36	36	16
61	61	12
136	136	2
37	128	1
124	125	2
59	66	1
62	63	2
70	71	2
66	66	14
