50	50	1
38	38	24
63	63	9
90	102	2
47	47	2
55	65	1
56	56	9
96	96	1
52	52	9
17	31	1
41	41	2
43	43	12
20	31	6
38	41	1
81	85	1
75	84	1
97	103	1
18	35	1
52	52	19
64	64	24
3	3	4
83	95	2
105	119	8
75	75	1
91	91	11
24	24	7
104	104	10
95	96	4
22	23	1
81	82	3
71	108	1
108	110	1
86	86	3
108	108	30
102	102	18
40	40	10
40	119	1
88	101	18
27	28	2
90	93	2
87	87	5
75	80	3
54	54	8
78	78	5
93	93	8
60	60	3
17	35	2
89	90	8
76	76	1
21	30	1
82	82	4
59	59	3
48	48	2
91	93	1
81	83	2
63	63	3
89	101	7
65	65	1
40	52	1
51	51	33
10	105	2
83	83	11
15	16	1
81	87	4
114	116	12
52	52	39
21	21	9
21	22	1
91	91	4
98	98	6
68	80	1
22	22	2
7	7	2
53	53	3
89	90	2
10	40	1
98	117	1
80	80	2
93	93	3
26	26	4
43	43	3
79	79	1
17	31	1
33	33	2
12	13	1
75	80	5
39	40	1
98	117	1
28	28	5
107	107	2
17	32	2
25	25	2
117	117	22
89	89	18
98	99	4
105	106	1
71	72	3
39	52	3
16	31	2
79	79	3
110	110	2
20	32	8
114	114	11
90	90	6
101	102	1
55	56	6
33	33	4
34	37	1
68	80	2
32	38	1
51	56	1
14	14	2
98	99	2
34	34	8
52	53	1
116	116	7
67	67	12
84	86	2
4	4	1
39	39	6
16	36	2
74	74	1
87	89	3
44	44	2
7	7	1
23	23	2
23	23	2
84	91	2
100	101	4
39	53	1
97	104	1
47	48	2
94	94	9
64	65	8
33	40	1
15	15	10
104	117	2
114	120	1
68	80	4
36	36	11
114	116	2
21	21	19
4	4	21
47	47	1
88	88	7
18	35	4
18	34	1
90	90	4
108	108	2
35	36	1
54	70	3
33	38	2
103	103	8
95	96	5
67	67	2
8	8	11
43	43	4
67	74	3
82	82	15
63	63	4
23	23	1
63	63	1
10	10	23
26	29	1
106	107	2
35	36	3
104	117	1
76	77	3
89	89	5
20	32	1
54	55	6
49	52	1
25	34	4
93	93	9
38	38	3
26	26	12
88	88	7
36	36	15
57	57	4
114	117	1
9	15	1
104	117	1
89	103	1
109	109	31
72	72	2
106	119	2
100	100	33
8	8	3
47	47	1
9	9	4
74	74	3
6	7	1
80	80	1
76	77	8
11	11	5
65	65	7
82	85	14
112	113	5
33	33	2
83	83	2
85	85	5
81	81	6
119	119	1
107	107	2
81	86	1
84	84	8
99	99	14
67	69	1
86	86	4
52	52	2
84	84	7
7	7	2
50	50	2
106	106	14
57	57	1
55	55	8
11	12	2
57	57	1
116	117	1
63	63	28
86	86	3
19	32	1
52	54	4
76	77	3
76	76	11
16	16	4
87	117	1
97	97	9
62	63	1
61	63	2
110	110	6
63	64	4
110	110	7
87	96	4
102	103	3
82	82	9
8	8	1
80	80	6
35	35	17
90	90	5
77	78	2
115	115	22
32	32	34
81	85	2
91	91	10
112	112	7
90	102	1
38	38	6
97	97	2
85	85	9
7	14	3
35	35	8
20	20	24
13	14	3
84	84	12
30	30	3
50	51	1
8	18	1
28	28	5
20	20	2
39	53	1
104	104	10
88	97	1
5	5	8
100	100	20
67	67	1
104	117	2
83	83	3
96	118	3
97	97	6
116	117	1
38	38	6
41	42	5
31	31	5
90	90	8
63	63	4
104	117	2
52	55	2
117	118	2
28	29	1
99	99	25
87	96	5
93	93	5
81	87	1
103	103	1
93	94	1
