80	84	1
75	75	6
15	39	4
14	14	3
38	41	6
79	83	1
90	90	7
17	17	7
12	13	3
41	42	6
67	88	1
59	60	1
38	38	3
62	63	1
11	18	8
16	16	1
9	9	7
64	64	8
7	33	1
81	81	6
94	94	14
77	77	3
86	86	17
68	68	33
43	43	14
11	11	13
64	64	1
54	54	10
53	53	1
49	49	31
71	72	6
41	42	3
56	70	1
37	38	1
73	73	1
20	34	7
62	62	9
75	86	1
50	51	2
88	88	2
15	39	4
74	74	2
66	66	1
44	44	1
55	62	1
43	44	10
9	9	5
74	74	1
84	84	3
63	64	7
39	39	3
71	74	2
81	82	6
85	85	42
35	35	2
3	3	1
38	40	5
54	66	2
21	21	2
59	59	4
89	94	1
57	57	3
31	31	2
65	67	3
90	90	11
9	9	4
55	55	6
21	21	8
44	44	19
92	93	1
83	83	12
13	37	1
16	16	1
14	17	1
65	65	3
31	31	1
75	75	15
21	21	4
81	82	5
88	88	2
85	85	51
26	26	11
82	83	8
81	83	1
65	65	43
4	4	7
76	76	2
53	53	2
63	68	1
50	51	1
72	72	3
29	31	1
26	26	3
80	81	1
79	85	9
48	73	2
29	29	6
77	77	14
54	54	18
41	42	4
55	57	1
5	29	3
86	86	18
81	83	1
57	75	1
60	61	3
42	46	2
53	64	1
92	92	3
57	62	2
25	25	7
14	39	1
66	68	3
18	19	1
16	16	5
70	70	13
92	92	1
82	86	1
94	94	9
46	46	1
42	51	2
34	34	4
42	42	13
66	67	1
12	12	1
25	25	1
57	57	2
12	12	2
5	5	7
44	45	1
76	76	1
49	50	1
88	88	14
4	4	11
91	92	2
80	82	1
39	40	1
57	57	8
10	19	3
43	46	1
50	50	18
63	68	1
58	82	1
23	29	1
53	56	1
41	41	2
33	33	4
80	81	3
24	24	3
64	64	15
72	72	14
12	12	8
74	74	4
6	6	8
5	5	20
77	77	4
37	38	4
15	38	1
63	64	2
43	50	3
37	41	10
41	42	9
15	15	7
60	60	3
93	94	32
92	92	1
51	51	8
51	51	1
63	65	1
90	90	4
90	91	1
57	58	1
23	34	1
83	84	3
50	51	1
10	19	1
66	66	1
16	17	1
25	28	1
15	15	7
44	44	2
44	45	2
44	44	8
78	80	1
81	83	5
72	74	1
13	14	1
58	58	5
63	63	10
81	83	1
11	18	3
83	84	1
57	58	3
42	42	1
72	78	1
8	8	1
58	58	7
59	59	3
93	93	39
79	79	7
82	82	11
92	92	8
92	92	1
12	12	4
90	90	1
52	52	2
81	82	11
48	48	6
43	43	1
4	4	2
57	75	2
51	53	4
57	63	1
10	10	1
91	93	1
15	39	3
39	39	13
25	25	1
55	61	1
39	40	2
80	80	16
83	84	2
10	10	2
56	56	2
90	90	7
80	87	1
57	57	7
3	4	10
79	85	1
69	69	6
38	40	1
3	29	1
57	57	2
81	82	2
15	15	4
73	73	5
79	86	4
14	15	2
77	77	5
24	25	2
9	9	2
67	67	5
16	16	5
15	15	2
68	68	7
15	15	4
4	16	1
21	33	1
3	3	5
57	57	7
49	49	1
55	64	2
81	81	14
66	66	4
