bin1    bin2    count
87 87 1
80 81 1
40 48 1
43 43 1
14 14 2
67 67 1
50 51 1
30 30 1
51 51 2
4 4 3
43 43 2
31 31 1
50 52 1
89 90 1
6 6 1
19 20 1
7 7 2
24 24 1
58 58 1
3 17 1
28 28 1
65 65 1
5 5 1
65 65 1
67 67 2
28 28 1
83 83 1
3 10 1
42 43 1
55 55 1
40 41 1
37 37 1
30 30 1
65 65 2
76 78 1
51 52 1
5 5 1
61 61 1
89 89 2
33 81 1
55 55 1
21 21 1
26 26 1
35 36 1
22 22 1
3 3 2
15 88 1
24 24 1
52 52 1
27 27 2
12 12 1
81 81 1
4 4 1
84 86 1
85 85 1
75 75 1
16 17 1
76 78 1
78 79 1
11 11 1
33 33 1
30 30 2
51 51 1
68 69 2
57 57 1
42 43 1
66 67 1
86 86 1
84 84 1
52 52 1
7 7 1
17 17 1
64 64 1
20 20 1
55 55 1
84 84 1
68 68 1
73 73 1
72 72 1
65 65 1
66 66 1
78 78 1
51 52 1
9 9 1
38 38 1
24 24 3
75 75 1
86 86 1
7 7 1
17 17 1
47 47 1
11 11 1
79 81 1
44 44 1
11 11 1
61 61 1
61 61 1
65 66 1
19 69 1
7 7 1
74 74 1
11 11 1
47 47 1
22 22 2
48 48 1
70 70 1
38 38 1
36 36 1
61 61 1
55 55 1
50 50 2
24 24 2
32 80 1
81 81 1
26 26 2
35 35 1
85 85 1
56 56 1
21 21 1
21 21 1
44 50 1
31 78 2
12 15 1
18 18 1
89 89 1
53 56 1
74 74 1
82 82 1
70 70 1
79 79 1
38 38 1
83 83 2
67 67 1
51 51 1
32 32 1
57 58 1
39 39 1
68 68 1
39 39 2
80 80 1
45 45 2
17 17 1
90 90 1
11 11 1
51 53 1
62 62 1
25 82 1
46 46 1
30 77 1
28 28 1
50 50 1
25 33 1
52 53 1
76 78 1
46 46 1
34 34 1
76 76 1
40 40 1
43 45 1
78 78 1
15 45 1
47 47 1
10 10 2
55 55 1
67 67 1
82 82 1
38 38 1
29 30 1
26 27 1
52 52 1
23 23 1
32 32 1
79 79 1
70 73 3
31 31 1
48 49 1
75 75 1
79 79 1
27 28 1
77 77 1
71 87 2
38 38 1
81 81 2
47 47 1
4 4 1
44 44 1
88 88 1
28 28 1
14 14 1
60 60 1
81 81 1
37 38 2
49 49 2
77 77 1
40 40 1
49 49 1
8 8 1
63 63 1
63 63 1
57 57 1
31 31 1
41 41 1
11 11 1
48 48 2
61 61 1
51 58 1
24 25 1
25 25 1
8 9 1
59 59 1
78 79 1
24 81 1
7 7 1
85 86 1
11 11 1
79 88 1
65 65 1
13 13 1
14 14 1
72 72 2
31 31 1
10 10 1
24 24 1
27 27 1
56 56 1
19 19 1
57 58 1
14 14 1
22 22 1
31 32 1
25 25 1
25 88 1
24 24 1
9 9 1
24 24 1
38 38 1
46 47 1
55 55 1
30 30 1
13 13 1
5 9 2
32 32 1
83 84 1
45 45 1
55 55 1
80 80 1
34 34 1
7 7 2
19 19 1
33 33 2
53 53 1
24 33 1
69 69 1
71 71 1
41 41 1
54 54 1
29 29 1
54 55 1
18 18 1
65 65 1
80 80 1
15 15 1
16 21 1
23 23 1
54 54 1
74 77 1
81 81 2
43 43 1
52 52 1
88 88 1
24 25 1
15 15 1
76 76 1
36 36 1
29 29 1
64 64 1
80 81 1
53 53 1
39 40 1
23 24 1
14 14 1
15 15 2
5 5 1
84 84 1
17 17 1
74 74 1
25 25 1
36 36 1
37 37 1
14 14 1
69 69 1
79 79 1
45 46 1
36 36 1
5 8 1
49 49 1
83 83 1
53 53 1
66 66 1
51 51 1
85 85 1
54 54 1
76 77 1
44 44 1
57 57 1
88 88 1
20 20 2
29 29 1
82 82 1
79 79 1
41 41 1
89 90 2
21 21 2
35 35 1
77 77 1
32 32 1
20 20 1
83 83 1
50 50 1
54 67 1
56 57 2
45 45 1
31 31 1
12 12 1
11 13 1
75 75 1
11 11 1
56 56 1
52 52 1
86 89 1
83 83 1
74 84 1
73 87 1
52 56 1
35 35 1
44 44 1
33 79 1
46 46 1
89 89 1
58 58 1
47 47 1
25 74 1
87 87 1
56 56 1
43 43 1
66 66 2
39 39 1
11 11 1
80 80 1
44 44 1
76 77 1
38 39 1
24 81 1
41 41 1
47 47 1
55 55 1
28 29 1
75 75 1
40 40 1
71 73 2
44 44 1
86 86 1
80 80 2
45 45 1
88 89 1
42 42 1
10 10 1
35 35 1
40 40 1
36 36 1
61 61 1
49 49 1
23 29 1
13 13 1
29 29 1
60 60 2
77 77 1
6 6 1
5 5 1
40 41 2
51 51 1
62 62 1
59 59 1
19 19 1
81 81 2
35 35 1
30 30 1
3 3 1
89 89 1
57 58 1
81 81 1
41 41 2
87 87 1
28 28 2
61 61 1
40 40 1
18 20 1
62 62 1
76 76 1
79 79 1
82 82 1
54 54 1
63 63 1
17 42 3
31 31 1
65 66 1
65 65 1
13 15 1
10 10 1
46 46 1
31 31 1
45 46 2
27 27 2
14 15 2
37 37 1
60 60 1
57 57 1
32 32 1
39 39 2
63 63 1
83 84 1
61 62 2
67 67 1
26 26 1
26 27 1
4 4 1
39 39 1
48 48 1
29 29 1
68 68 1
11 11 1
5 5 1
86 86 1
6 64 1
55 55 1
48 49 1
32 32 1
14 14 1
31 31 2
13 13 1
43 70 1
42 42 1
67 67 1
8 8 1
74 74 1
53 57 1
61 61 1
68 68 1
11 11 1
73 73 1
43 43 1
32 32 1
11 11 1
12 13 1
60 60 1
77 77 1
78 78 1
5 5 1
32 32 2
62 62 1
57 57 1
34 34 1
15 88 1
18 39 1
26 26 2
49 49 1
6 6 1
65 68 2
35 35 1
42 42 1
75 76 1
51 51 1
40 40 1
66 67 1
84 84 2
56 60 1
40 41 1
38 38 1
30 77 1
73 87 1
37 37 1
79 79 2
57 58 2
10 10 1
47 47 1
89 89 1
60 68 1
78 79 1
29 29 1
25 25 1
27 27 1
43 45 1
62 65 1
23 79 1
38 38 1
11 11 1
67 68 1
4 4 2
70 71 1
18 39 1
62 62 1
32 32 1
14 14 1
21 22 1
49 49 1
85 85 1
76 76 1
25 76 1
39 39 1
86 86 1
25 25 1
61 61 1
36 36 1
16 17 1
30 30 1
22 22 1
36 36 2
9 9 1
51 52 1
83 83 1
12 81 1
72 72 1
61 61 1
70 72 1
20 21 1
46 46 1
47 47 1
35 35 2
65 65 1
13 20 1
77 77 1
22 22 2
62 68 2
53 55 1
40 40 1
58 63 1
13 13 1
31 31 1
89 89 1
70 70 1
8 8 1
65 65 1
77 77 1
29 29 1
49 49 1
24 24 1
5 5 1
37 37 1
73 73 1
31 31 2
36 36 1
25 25 1
27 29 1
90 90 1
55 55 1
73 73 1
43 43 1
37 37 1
21 21 1
35 35 1
55 55 1
27 27 1
57 57 2
69 69 1
10 10 1
6 6 1
55 55 2
84 84 1
6 89 1
11 11 1
37 37 1
62 64 2
30 30 1
12 12 1
59 59 1
87 87 1
28 28 1
65 66 2
63 63 2
52 52 1
51 51 2
19 19 1
14 14 2
20 20 1
38 38 1
79 79 1
25 25 1
3 10 1
46 78 1
82 82 1
64 64 1
78 78 1
76 76 2
61 61 1
52 56 2
77 77 1
26 26 1
23 23 1
71 90 1
55 55 1
38 38 1
4 4 1
16 21 1
32 32 1
75 75 1
6 6 1
70 70 1
18 18 1
6 6 1
48 48 1
20 20 2
40 40 1
14 14 1
79 81 1
49 49 1
27 27 2
66 66 1
65 65 1
34 34 1
88 88 1
49 49 3
83 84 1
44 44 1
56 56 1
28 28 1
76 76 1
43 43 1
28 29 1
6 6 2
80 80 1
83 83 1
72 72 1
54 54 2
5 5 1
21 21 1
48 48 1
65 65 1
45 53 1
35 35 2
63 64 1
32 32 1
43 43 1
31 31 2
61 61 1
85 85 1
73 74 1
48 48 1
85 85 1
89 89 1
79 79 1
29 29 1
13 15 1
26 26 1
56 56 1
52 52 1
37 37 1
19 20 1
63 63 1
21 21 1
78 78 1
74 74 1
64 64 1
59 59 1
51 51 1
30 30 1
68 69 1
27 27 1
76 77 1
57 57 1
58 58 1
28 28 1
45 45 1
45 45 1
82 82 1
32 32 1
20 20 2
19 19 2
9 40 2
40 40 2
88 88 1
43 43 1
21 21 1
51 51 1
43 43 1
25 25 1
15 15 1
3 3 1
40 41 1
6 6 1
9 9 1
31 31 1
86 86 2
54 54 1
89 89 1
87 87 1
38 38 1
49 49 1
30 30 1
73 73 2
79 79 1
72 72 1
13 90 1
65 65 1
54 54 1
85 85 1
14 14 1
88 88 1
36 36 1
43 45 2
52 52 1
13 13 1
89 89 1
72 72 1
13 13 1
11 62 1
57 57 1
36 36 1
82 83 1
87 87 1
72 73 1
65 65 1
59 59 1
14 14 2
18 18 1
80 80 1
13 15 1
19 19 1
76 76 1
16 16 1
69 69 1
70 70 1
80 80 1
42 43 1
45 45 1
58 59 2
52 52 1
69 70 1
45 45 1
28 29 2
88 88 1
28 29 1
15 15 1
77 77 1
22 22 1
82 83 2
37 37 1
32 32 2
84 84 1
77 77 1
49 49 1
86 86 1
26 26 1
67 67 1
52 52 1
60 60 1
37 37 1
58 58 1
19 19 1
71 71 1
5 5 1
16 17 2
10 10 1
33 33 1
89 89 1
13 13 1
72 87 1
73 73 1
39 40 1
61 61 1
52 52 1
46 46 1
80 80 1
18 18 1
84 84 1
89 89 1
44 44 1
77 77 1
32 32 1
38 38 1
57 57 1
36 37 1
74 74 1
64 64 1
71 71 1
21 21 1
8 8 1
38 38 1
40 40 1
32 32 2
66 66 1
70 70 1
72 72 1
82 82 1
34 34 1
39 39 1
78 78 1
9 9 1
60 64 1
12 12 1
30 30 1
79 79 1
10 10 1
48 48 1
82 82 1
14 14 1
61 61 1
49 49 1
78 78 2
59 59 1
23 30 1
40 40 1
55 55 1
43 43 1
64 64 1
85 85 1
29 29 1
76 76 1
72 72 1
11 11 1
28 28 2
36 36 1
77 77 1
40 41 1
71 74 1
71 71 2
55 55 1
78 78 1
84 86 1
61 70 1
83 83 1
79 81 1
72 72 1
83 83 1
34 34 1
81 81 1
85 86 1
28 28 1
66 66 1
53 53 1
79 87 1
10 10 2
18 18 1
49 49 1
68 68 1
26 26 1
10 10 1
57 65 1
22 22 2
50 56 1
50 56 2
78 78 1
75 84 1
29 29 1
71 72 2
57 57 1
83 83 1
74 74 1
72 72 1
14 14 1
61 61 1
56 56 1
68 68 1
81 81 1
22 22 1
38 38 1
8 8 1
76 79 1
80 80 1
19 19 1
84 84 1
31 31 1
82 82 1
29 29 1
50 52 1
76 76 1
21 21 1
66 66 1
22 22 1
77 77 1
80 80 1
12 12 2
64 64 1
54 55 1
9 10 1
49 49 2
42 43 1
50 50 1
22 22 1
83 83 1
61 61 1
23 33 1
79 79 1
20 20 1
73 73 1
56 56 3
83 83 2
46 79 1
7 7 1
5 5 1
76 76 1
83 83 1
39 39 1
36 36 1
42 42 1
4 4 1
4 4 1
60 64 1
83 87 1
21 21 1
19 19 1
48 48 1
33 36 1
71 73 1
33 33 1
85 85 1
65 65 1
61 63 1
82 85 1
67 67 1
12 12 2
27 27 1
9 69 1
51 51 1
50 56 1
7 7 1
89 89 1
34 34 1
76 76 1
62 63 1
75 75 1
81 81 1
69 69 1
43 43 1
6 9 1
16 16 1
32 33 1
57 63 1
32 32 1
69 69 1
42 42 1
8 8 1
53 53 1
29 29 1
65 66 1
8 8 1
22 22 1
30 30 1
29 29 2
23 23 1
33 33 1
80 82 1
62 62 2
63 64 1
30 30 2
79 79 1
43 43 1
26 26 1
88 88 1
25 25 1
59 59 1
84 84 1
87 87 1
11 58 1
21 21 1
62 62 1
55 55 1
14 14 1
60 60 1
51 55 1
13 13 1
71 79 1
38 38 1
52 52 1
65 65 1
60 60 1
44 45 1
85 85 1
36 36 3
39 39 1
31 31 1
5 5 1
24 83 1
34 34 1
69 69 1
62 62 1
30 30 1
24 24 1
51 58 1
50 50 1
63 63 1
38 38 1
44 44 1
14 14 2
16 16 1
75 81 1
38 38 1
17 17 1
25 29 1
70 70 1
80 81 1
40 40 1
74 76 1
48 48 1
57 57 2
82 84 1
41 41 1
14 14 2
30 31 1
83 83 1
31 31 1
43 43 1
39 42 1
32 79 1
14 14 1
43 43 1
71 71 1
84 84 2
76 76 1
45 45 1
70 70 1
70 70 1
12 12 1
89 89 1
38 38 1
77 77 1
22 28 1
74 74 1
19 70 1
49 49 1
44 44 1
6 6 1
33 33 1
88 88 1
62 63 1
43 43 1
7 7 2
56 63 1
49 49 1
35 35 1
58 58 1
43 43 1
57 57 1
74 74 1
3 40 2
4 4 1
59 59 1
79 79 1
69 69 1
76 76 1
40 40 1
74 74 1
54 55 2
39 42 1
50 56 1
40 40 2
74 74 1
58 63 1
72 73 1
41 42 1
49 49 1
64 64 1
5 5 1
81 81 1
15 15 2
34 34 1
81 82 1
22 22 2
61 61 1
89 89 1
24 24 2
44 44 2
12 12 1
14 14 1
81 81 1
84 84 1
37 37 1
16 16 1
67 67 1
39 39 1
60 60 1
65 66 1
36 37 1
84 84 1
25 25 1
14 14 1
47 47 1
8 63 1
45 49 1
73 73 2
58 63 1
30 30 1
67 67 2
4 4 1
58 58 1
33 33 1
3 10 1
23 23 1
68 68 1
82 82 1
13 13 1
21 21 1
73 73 1
43 43 1
26 26 1
78 78 1
43 43 1
54 54 1
42 42 1
70 70 1
83 83 1
54 54 1
40 40 1
67 67 1
48 48 1
47 47 1
19 19 1
22 37 1
47 47 1
26 26 1
70 70 1
53 53 1
31 31 1
60 61 1
48 49 1
47 47 1
18 18 1
44 44 1
14 14 1
81 81 1
34 34 1
6 6 1
81 81 1
88 88 1
71 71 1
57 57 4
6 6 1
87 87 1
87 87 1
70 70 1
50 50 1
32 32 1
74 74 1
13 13 1
26 26 1
60 60 1
24 81 1
89 89 1
17 18 1
8 8 1
80 80 1
63 63 2
6 7 1
58 58 1
40 40 1
38 38 1
81 81 1
55 55 1
48 48 1
59 59 2
62 63 1
25 25 1
32 32 1
88 89 1
52 56 1
35 35 2
30 30 1
25 25 1
26 26 1
57 57 3
66 66 1
4 4 1
38 42 1
51 51 1
54 54 1
52 52 1
78 78 1
25 88 1
22 22 3
49 49 2
49 49 1
28 28 1
73 73 1
81 81 1
78 78 1
10 10 1
5 6 1
82 84 1
70 70 1
11 62 1
15 15 1
14 14 1
51 51 1
44 44 1
12 73 1
83 83 1
35 35 1
21 22 1
24 24 1
54 54 1
64 64 1
75 75 1
31 78 1
43 43 1
49 49 1
22 22 1
23 23 1
59 59 2
43 43 1
3 3 1
68 68 1
65 65 1
67 67 1
30 31 1
54 54 2
12 12 1
24 24 1
3 3 1
20 21 1
9 9 1
80 81 1
26 26 1
3 27 2
81 81 1
32 34 1
58 58 1
33 33 1
34 34 2
24 33 1
32 32 1
31 31 1
65 65 1
60 64 1
78 78 1
22 22 2
6 6 1
32 32 1
52 66 1
75 84 1
71 71 1
47 49 3
65 65 1
6 6 1
45 45 1
56 56 1
41 41 1
35 35 1
24 74 1
89 89 1
49 49 1
61 61 1
76 76 1
78 78 1
66 67 1
56 63 1
12 12 1
17 17 1
75 75 1
71 88 1
29 29 1
30 31 1
62 64 1
57 57 1
35 35 1
71 88 1
67 67 1
56 57 1
47 47 1
68 68 1
46 46 1
55 55 1
89 89 1
11 11 1
84 84 1
35 35 1
43 43 2
3 3 1
57 57 2
37 37 1
41 41 1
26 26 1
47 47 1
46 46 1
20 20 1
80 80 1
30 30 1
74 74 1
68 68 1
37 37 1
77 83 1
40 40 1
54 54 1
50 50 1
45 45 1
39 39 2
81 81 1
56 56 1
77 77 1
54 54 1
67 67 2
21 21 1
12 12 1
40 40 1
6 6 1
49 49 1
11 11 1
43 44 1
74 74 1
11 61 1
24 24 1
67 67 1
22 22 1
73 73 1
53 53 1
20 20 1
77 77 1
68 68 1
45 45 1
86 86 1
51 51 2
79 81 1
20 20 1
61 61 1
58 58 1
23 79 1
15 15 1
40 48 1
17 18 1
79 82 1
83 83 1
74 74 1
63 63 1
4 4 1
38 38 1
48 49 1
75 75 1
4 4 1
64 65 1
85 85 1
54 55 1
42 42 1
13 20 1
75 76 1
54 55 2
66 67 1
34 34 2
16 42 1
20 20 1
17 17 2
87 87 1
69 69 1
9 9 2
13 13 1
73 84 1
49 49 1
25 25 1
87 87 1
14 14 1
36 36 1
64 64 2
86 86 1
50 50 1
35 35 1
27 27 2
54 55 1
37 38 1
24 24 1
16 16 1
29 30 1
8 8 1
54 54 1
62 62 1
44 44 1
84 84 1
29 29 1
13 13 2
3 3 1
56 56 1
64 64 1
45 65 1
86 86 1
62 62 1
53 53 1
29 29 1
82 82 1
9 9 1
48 48 1
8 8 1
71 71 2
34 34 1
28 29 1
68 68 1
15 15 1
52 62 1
84 84 1
55 55 1
27 27 1
67 67 1
23 23 3
41 41 1
49 49 1
68 68 1
87 87 1
80 82 1
24 25 1
56 56 1
71 71 1
89 89 1
82 82 1
65 65 1
67 67 1
53 53 1
67 67 1
11 14 1
32 32 1
56 56 1
24 24 1
26 26 1
55 55 1
8 8 1
73 88 1
13 14 1
36 36 2
4 4 1
31 31 1
72 89 1
28 29 1
16 16 1
26 26 1
83 87 1
77 77 1
21 21 1
22 22 1
18 20 1
67 67 1
21 22 1
44 44 1
57 60 1
57 57 1
29 29 1
89 89 1
58 58 3
89 89 1
72 72 1
42 42 1
71 71 1
12 12 2
64 64 1
63 63 1
21 21 1
54 54 1
67 67 1
46 79 1
13 13 3
49 49 2
59 59 1
45 78 1
77 77 1
20 39 1
88 88 1
10 10 1
70 71 1
71 71 1
51 51 1
47 47 1
33 33 1
81 81 1
5 7 1
76 76 1
21 21 1
59 59 1
24 84 1
28 28 1
46 46 1
24 24 1
71 72 1
55 55 1
78 78 1
78 78 1
54 54 1
76 76 1
29 29 1
24 25 1
48 48 1
30 30 1
47 47 1
24 24 2
20 22 1
55 55 1
77 77 1
33 80 2
24 25 2
15 15 1
51 51 1
25 29 1
57 57 1
16 46 1
52 53 1
6 7 1
14 14 1
39 39 1
69 69 1
4 4 2
33 33 1
50 50 1
82 83 1
27 27 1
5 5 1
83 85 1
61 61 1
83 83 1
68 68 1
81 81 1
89 89 1
48 48 1
63 63 1
18 18 1
55 55 1
17 17 1
13 13 1
24 24 1
54 54 1
26 26 1
30 30 2
49 64 1
3 19 1
78 78 2
4 4 1
41 46 1
24 24 1
63 63 1
10 10 1
58 59 1
20 20 1
54 54 1
85 85 2
36 36 1
24 24 1
50 50 1
40 40 2
53 53 1
23 23 1
31 31 1
30 77 1
4 4 1
44 48 2
8 8 1
74 74 1
69 69 1
29 29 1
31 31 1
26 26 1
59 59 1
9 9 1
83 83 2
81 81 1
18 18 1
60 61 1
5 6 1
7 7 1
11 14 2
46 46 1
16 16 1
69 69 1
21 21 1
8 8 1
74 74 1
21 21 1
79 79 1
71 77 2
19 20 2
45 45 1
40 40 1
51 51 1
4 4 1
62 62 1
64 64 1
71 71 1
72 72 1
88 88 1
29 30 1
37 41 2
68 68 1
78 78 1
15 15 1
23 23 1
5 5 1
66 66 2
44 62 1
29 29 2
50 50 1
81 81 1
59 59 1
60 60 2
48 48 1
82 82 1
3 27 1
60 60 1
16 16 1
58 60 1
80 89 1
43 43 1
86 88 1
36 36 2
53 53 1
50 50 2
38 38 1
58 58 1
32 32 1
44 44 1
12 13 1
78 79 1
61 61 2
54 54 1
41 41 1
26 26 1
43 45 1
33 33 1
27 29 1
65 65 2
10 10 1
45 45 1
46 46 1
42 42 1
78 78 1
57 60 1
38 38 2
50 50 1
26 26 1
85 85 1
59 59 1
66 66 1
71 71 1
44 65 1
86 86 1
56 56 1
27 27 1
28 29 1
87 87 1
38 38 1
47 47 1
59 69 1
50 50 1
74 74 1
64 64 1
4 4 1
60 60 1
80 80 1
44 44 1
26 26 2
23 23 1
26 26 1
83 83 1
25 25 1
64 64 1
13 13 1
66 66 1
28 29 1
81 81 1
31 31 1
28 28 1
25 25 1
47 47 1
67 67 1
58 58 1
75 75 1
16 16 1
9 9 1
61 61 2
30 30 1
4 27 1
58 58 1
24 88 2
69 69 1
60 62 1
29 29 1
49 49 1
40 40 1
34 34 1
46 47 1
68 68 2
23 23 1
41 41 1
88 88 1
46 46 1
44 63 1
88 88 1
13 13 1
84 84 1
25 26 1
83 83 1
72 72 1
63 63 1
69 69 1
74 74 1
23 78 1
3 3 2
75 75 1
20 21 1
46 46 1
51 51 1
21 21 2
21 22 1
80 80 1
17 17 1
29 29 1
75 75 1
75 76 1
51 51 1
44 44 2
31 78 1
73 73 1
48 48 1
6 90 1
43 43 1
9 9 1
67 67 1
5 6 1
8 8 1
30 30 1
38 39 1
89 89 1
6 6 1
36 36 1
52 52 1
79 80 1
35 35 1
28 28 1
32 32 1
50 51 1
18 39 2
35 35 1
5 5 1
37 37 1
39 39 1
43 43 1
73 84 1
37 42 1
82 82 1
56 56 1
53 53 2
42 42 1
81 81 2
53 53 1
6 6 1
43 43 1
73 73 1
48 48 1
15 15 1
86 86 2
16 16 1
48 48 1
26 26 1
6 9 1
5 8 1
68 68 1
36 36 1
40 41 1
21 21 1
83 83 1
8 8 1
34 34 1
25 29 1
52 52 1
84 84 1
38 38 1
38 38 1
62 62 1
22 22 1
69 69 2
31 78 1
33 33 2
48 48 1
72 72 1
52 52 1
36 36 1
6 6 2
37 37 1
48 49 1
35 35 1
21 21 1
45 46 1
27 28 1
76 76 1
87 87 1
31 31 1
19 19 1
36 36 1
17 17 1
54 54 1
79 79 2
6 6 1
89 90 1
45 45 1
29 29 1
56 56 1
58 58 2
29 29 2
22 22 1
88 88 2
79 79 1
22 22 1
21 22 1
50 50 1
36 36 1
68 68 1
43 43 3
46 47 1
28 28 1
62 62 1
52 52 1
25 29 1
3 42 1
78 78 1
14 14 1
43 43 1
40 40 1
42 42 1
39 39 1
75 75 1
29 29 1
20 20 1
15 15 1
45 45 1
24 24 1
63 63 2
59 59 1
38 38 1
24 24 1
19 19 2
18 39 1
76 76 1
34 34 1
39 39 1
6 6 1
87 87 1
28 28 1
9 9 2
23 23 1
24 24 2
16 16 1
42 42 1
70 77 1
79 79 1
10 10 1
56 56 1
16 16 1
43 44 1
87 87 1
10 10 1
37 37 1
86 86 1
68 68 1
9 9 1
24 24 1
15 80 1
18 18 1
28 28 1
51 51 1
15 15 2
48 48 1
60 60 1
14 15 1
56 64 1
89 89 1
73 73 1
86 86 2
26 26 2
52 52 1
31 32 1
38 38 1
16 16 1
39 39 1
4 4 1
29 29 2
71 71 4
29 29 2
6 7 1
26 26 1
87 87 1
59 59 1
42 42 1
11 62 1
84 84 1
66 66 1
4 4 1
76 76 2
90 90 1
23 82 1
42 42 1
3 3 1
84 84 1
38 38 1
51 51 1
28 28 1
89 89 1
53 54 2
26 27 1
81 82 1
49 49 1
7 9 1
72 72 1
32 32 1
44 44 1
40 41 1
5 5 1
60 60 1
71 71 1
24 24 1
69 77 1
14 16 1
72 72 1
14 14 1
52 52 1
38 38 1
32 32 1
15 15 1
51 51 1
36 36 1
30 77 1
53 53 1
36 36 1
24 24 2
12 81 1
57 58 2
34 34 1
22 22 1
38 38 1
74 74 1
80 81 1
88 88 1
57 58 1
54 54 1
75 75 1
24 24 3
18 18 1
52 52 1
8 8 1
71 71 1
18 18 1
77 77 2
39 40 1
25 25 1
80 80 1
16 17 1
64 64 1
88 88 2
59 59 1
79 79 1
43 43 1
58 58 1
63 63 1
8 8 1
83 86 1
37 38 1
47 47 1
8 8 1
63 63 1
8 89 2
51 51 1
6 6 1
25 25 1
30 30 1
79 79 1
69 73 1
67 67 1
34 34 1
38 38 1
48 48 1
48 48 1
24 24 1
77 77 1
16 16 1
52 52 1
33 33 1
66 67 1
8 8 1
65 66 1
9 9 1
63 63 1
75 75 1
35 35 2
37 38 1
24 24 1
40 40 1
40 40 1
35 35 1
59 59 1
64 64 2
81 81 1
50 56 1
53 53 2
72 72 1
67 67 1
89 89 1
44 44 1
25 25 1
21 21 1
4 4 1
60 63 1
71 71 1
56 56 1
63 64 1
74 74 1
39 39 1
42 42 1
43 43 1
15 15 1
74 74 1
67 67 1
67 67 1
67 67 2
27 27 1
50 50 1
43 44 1
49 49 1
30 30 1
4 4 1
60 68 1
4 4 1
16 16 1
61 61 1
32 32 1
72 73 1
26 26 1
43 43 1
7 7 1
46 46 1
61 61 1
28 28 1
29 29 2
8 8 1
32 32 1
17 17 1
81 81 2
52 52 1
88 88 1
16 42 1
23 74 1
28 28 1
60 60 1
66 66 1
86 86 1
79 79 1
70 70 1
69 69 1
29 29 1
76 76 1
77 77 1
3 3 1
20 21 1
43 43 1
65 65 1
63 63 1
6 6 1
15 15 1
9 9 1
23 33 1
20 21 1
90 90 1
81 81 1
84 84 1
53 53 1
63 63 1
36 36 1
71 90 1
65 65 1
49 49 1
37 37 1
73 73 1
42 42 1
80 80 1
5 6 1
38 38 1
6 6 1
24 24 1
87 87 1
80 80 1
75 75 1
32 81 1
59 59 1
26 26 2
13 16 1
77 77 2
65 65 1
18 18 1
86 86 1
86 86 1
36 36 1
26 26 1
71 71 1
39 90 1
55 55 1
71 71 2
20 20 1
19 20 1
86 86 2
9 9 1
21 21 2
24 33 1
87 87 1
29 37 1
87 87 1
7 7 1
39 42 1
40 40 1
28 28 1
25 25 1
13 13 1
52 52 1
81 81 1
19 20 1
24 24 1
29 29 1
39 39 1
47 47 1
37 37 1
20 20 1
31 31 1
77 77 1
15 15 1
33 33 1
11 62 1
4 4 1
37 37 1
11 11 2
19 19 1
58 58 1
41 41 1
57 58 1
69 69 1
13 14 1
84 84 1
36 36 1
6 89 1
8 89 1
84 84 1
61 61 1
86 86 1
13 13 1
48 48 1
22 22 2
4 4 1
35 35 1
87 88 1
81 81 1
77 77 1
73 73 2
20 20 1
30 30 1
34 34 1
40 40 1
29 29 1
20 20 1
32 32 1
79 79 1
72 72 1
45 46 1
43 43 1
12 13 1
75 75 1
86 86 1
50 51 1
52 52 1
71 71 1
5 5 1
85 85 1
82 82 1
74 74 1
3 10 1
69 69 1
70 70 1
61 61 1
44 66 1
23 23 1
61 61 1
6 6 1
90 90 1
84 84 1
61 61 1
71 71 1
38 38 1
77 77 1
26 27 1
12 12 1
48 48 1
85 85 1
28 28 1
14 14 1
79 79 2
52 52 1
56 56 1
13 15 1
27 28 1
45 45 1
70 70 1
15 15 1
74 74 2
86 86 1
59 59 1
6 6 1
72 72 1
40 40 1
67 67 2
53 53 1
21 21 2
16 16 1
89 89 1
40 40 2
61 61 1
57 57 1
76 76 1
46 46 1
83 83 1
29 29 1
73 73 1
14 79 1
23 29 2
30 30 1
38 38 1
5 5 1
64 65 1
51 51 1
75 75 1
27 27 1
35 36 1
45 45 1
28 30 1
9 9 1
31 31 1
48 48 1
58 58 1
66 66 1
73 73 1
79 79 1
33 33 1
30 31 1
19 19 1
23 23 2
29 30 1
10 10 1
87 87 1
31 31 1
53 53 1
83 83 2
39 39 1
84 85 1
67 67 1
46 46 1
47 47 2
64 64 1
32 32 1
65 65 1
55 55 1
78 79 1
7 18 1
15 15 1
26 26 2
32 79 1
8 8 1
81 81 1
24 76 1
83 83 1
17 17 1
36 36 2
74 74 1
50 50 1
30 77 1
13 19 1
7 7 1
83 85 1
40 41 1
58 62 1
81 81 1
55 55 2
12 12 1
11 58 1
82 82 1
59 59 1
79 81 1
70 70 2
16 17 1
33 80 1
26 26 1
82 82 1
16 16 1
85 85 1
37 37 1
7 7 1
27 30 1
40 40 1
90 90 1
78 78 1
24 24 1
55 56 1
25 26 1
37 38 1
27 27 1
67 67 1
31 78 1
85 85 2
4 4 1
71 71 1
67 67 1
8 63 1
34 34 1
89 89 2
16 16 1
60 60 1
38 38 1
79 79 1
45 45 1
74 74 1
45 45 1
61 63 3
17 18 2
17 17 1
79 88 1
26 26 1
19 19 1
42 42 1
19 19 1
83 83 1
64 64 2
5 5 2
61 61 1
11 50 1
17 17 1
8 8 1
5 5 1
9 59 1
9 9 1
80 80 1
37 37 1
46 79 1
63 63 1
34 34 1
60 60 1
64 65 2
3 3 5
72 72 1
29 29 2
24 24 1
44 44 1
18 18 1
13 14 3
39 39 2
3 39 1
55 55 1
44 44 1
87 87 1
11 11 1
53 53 2
79 80 1
67 67 1
4 4 1
24 24 1
76 76 1
68 68 1
31 31 1
30 30 1
32 32 1
19 70 1
68 69 1
62 62 1
75 75 1
57 58 1
50 50 1
14 14 1
71 79 1
7 7 1
84 86 1
3 3 1
64 65 1
51 51 1
74 74 1
80 81 1
68 68 1
69 70 1
61 61 1
6 7 2
64 64 1
72 73 1
75 75 1
7 7 1
4 62 1
65 65 1
9 9 1
82 82 1
77 77 1
18 18 1
83 83 1
87 87 1
64 64 2
39 39 1
70 70 1
43 43 1
28 37 1
72 72 1
71 71 1
78 78 1
81 81 1
51 52 1
69 69 1
41 41 2
70 72 1
11 11 1
8 8 1
87 87 1
17 17 1
26 26 1
8 8 1
30 30 1
71 71 1
30 74 1
48 48 1
43 43 1
57 57 2
35 35 1
59 59 1
59 59 1
61 61 1
83 83 1
17 18 1
81 81 1
72 89 1
45 45 1
76 76 1
22 22 1
79 79 1
52 52 1
20 21 1
9 9 1
51 51 1
18 19 1
88 88 1
74 83 1
55 55 1
67 67 1
53 53 1
38 38 1
69 69 1
87 88 1
43 43 1
26 26 1
37 37 1
26 69 1
10 20 1
50 50 1
53 66 1
78 78 1
62 63 1
34 34 1
62 62 1
73 73 1
73 73 1
68 68 1
14 15 1
60 63 2
49 49 1
71 72 1
14 88 1
28 28 1
35 35 2
73 77 1
74 83 1
58 59 1
38 38 1
88 88 1
40 40 1
51 51 1
83 85 2
3 3 1
85 85 1
30 30 1
47 47 1
80 80 1
25 25 1
80 80 1
79 79 1
61 61 1
41 45 1
18 39 1
70 70 1
26 26 1
55 55 2
85 86 1
36 36 1
32 78 1
31 31 1
43 43 1
9 9 1
47 48 1
89 90 1
42 42 1
38 38 1
78 79 1
81 81 1
77 78 1
48 49 1
75 75 1
26 27 1
58 62 1
49 49 2
88 88 1
57 63 1
17 17 1
74 76 1
23 23 1
83 83 1
54 54 1
38 38 1
7 8 1
43 43 1
54 55 1
54 55 1
25 25 1
31 31 2
8 8 1
15 15 2
11 11 1
80 80 1
21 21 1
25 25 1
9 9 1
4 8 1
8 8 2
51 52 1
50 64 1
9 9 1
40 41 1
3 3 1
14 14 2
47 47 1
43 50 2
38 38 2
65 65 1
85 85 1
41 43 1
5 5 1
57 59 1
12 81 1
52 52 1
65 65 1
11 62 1
79 79 1
76 79 2
21 21 1
60 60 1
33 33 1
27 28 1
48 48 1
80 80 1
80 89 1
61 61 1
15 15 1
89 89 1
87 87 1
78 79 1
55 55 1
10 10 1
84 85 1
48 48 1
29 29 1
52 53 1
11 11 1
29 29 1
37 37 1
38 38 1
18 19 1
44 44 1
43 43 1
64 64 1
45 45 1
28 29 1
37 37 1
28 28 1
53 53 1
67 67 1
4 40 1
3 10 2
53 53 1
21 21 1
22 22 1
31 31 2
41 41 2
14 14 1
22 22 1
6 6 1
69 69 1
85 85 2
40 42 1
86 86 1
41 42 1
18 20 1
42 42 1
64 64 1
40 40 1
24 24 1
12 81 1
24 34 1
51 51 1
85 85 2
19 20 1
67 67 1
82 82 2
36 36 1
25 74 1
57 58 1
86 86 2
57 57 1
45 45 1
88 88 1
56 56 1
11 15 1
41 41 1
54 54 1
61 61 3
11 62 1
73 77 1
23 23 1
80 81 1
68 68 1
40 40 1
28 28 1
57 62 1
11 11 1
56 64 1
46 46 1
61 61 1
55 55 1
11 11 1
10 10 1
41 89 2
69 69 1
8 89 1
60 60 1
74 74 1
48 49 1
61 61 1
13 13 1
50 50 2
26 26 1
63 63 2
5 5 1
29 29 1
38 46 2
74 74 1
29 30 1
39 39 1
86 86 1
67 67 1
58 59 2
61 61 1
4 4 1
80 80 1
79 79 1
67 67 1
73 73 1
16 16 2
69 69 1
68 68 1
62 62 2
14 15 1
67 67 1
31 31 1
49 64 1
78 79 1
68 68 1
71 71 1
24 32 1
48 48 1
18 61 1
42 43 1
46 46 1
76 76 1
56 56 1
72 72 1
54 54 1
58 58 1
70 70 1
89 89 1
55 55 1
57 57 1
61 70 1
27 27 1
13 13 1
76 77 1
59 59 2
72 72 1
64 64 1
69 69 2
74 74 1
45 45 2
50 53 1
77 77 1
38 38 1
67 67 1
11 11 1
7 7 1
57 57 1
6 64 1
21 21 1
40 40 1
58 58 1
15 15 1
8 9 1
21 21 1
80 82 2
63 63 1
63 63 1
83 87 2
28 28 1
4 4 1
10 12 1
59 59 1
47 47 1
12 12 3
28 28 1
86 86 1
83 88 1
80 80 1
53 53 1
30 30 1
42 42 1
3 10 1
61 61 1
7 8 1
8 8 1
20 22 1
54 54 1
40 40 3
29 29 1
89 89 1
10 10 1
25 74 1
59 63 1
39 39 2
16 16 1
82 82 1
76 76 1
58 58 1
56 63 1
49 49 1
43 43 1
55 55 1
59 59 1
26 26 1
55 55 1
19 19 1
87 87 2
34 34 1
40 40 1
67 67 1
80 80 1
3 3 1
54 55 1
14 14 1
62 63 1
85 85 1
41 41 1
54 54 1
79 88 1
9 9 1
19 19 1
35 35 1
61 61 1
48 48 1
90 90 1
48 49 1
88 88 1
11 11 1
82 82 1
6 73 1
80 80 1
23 23 2
16 16 1
40 40 1
80 80 1
79 79 1
69 69 1
5 5 1
48 48 1
61 64 1
63 63 1
40 40 1
61 61 1
18 18 1
76 79 1
38 38 1
15 79 1
54 55 1
50 50 1
42 42 1
75 76 1
75 76 1
40 40 1
18 19 1
80 80 1
88 88 2
72 72 1
59 59 1
33 33 1
61 61 1
61 63 1
60 63 1
20 20 1
42 42 1
21 21 1
81 81 1
21 21 1
15 42 1
84 84 1
52 52 1
88 88 1
83 84 1
29 29 1
57 57 1
75 76 1
18 18 1
34 34 1
70 87 1
86 86 1
76 76 1
38 38 2
56 57 1
31 31 1
70 72 2
17 17 1
82 82 1
62 62 1
45 45 1
20 20 1
39 39 1
51 51 1
14 14 1
26 26 1
35 35 2
32 33 1
75 75 1
15 88 1
53 53 1
79 79 1
4 4 1
34 34 1
72 72 1
75 75 1
54 54 1
36 36 1
56 57 1
24 32 1
75 76 1
12 12 1
51 51 1
25 25 1
89 89 1
87 87 1
43 43 1
80 80 1
35 35 2
52 52 1
30 30 1
57 57 1
78 78 3
21 21 1
74 74 1
28 28 1
85 85 1
14 14 1
18 39 1
80 80 1
49 49 2
56 56 1
49 49 1
44 44 1
18 18 1
57 57 1
21 22 1
15 15 1
41 41 1
79 81 1
41 41 1
52 52 1
24 24 1
15 15 1
7 7 1
26 26 1
53 56 1
85 85 1
23 23 1
76 76 1
27 27 2
8 8 1
82 82 2
65 65 1
86 86 1
9 9 1
78 78 2
14 14 1
39 39 2
52 52 1
80 80 1
14 14 1
59 59 1
23 23 1
4 42 1
81 81 1
33 33 1
54 55 1
40 40 1
52 52 1
67 67 1
79 79 1
8 8 2
28 28 1
28 30 1
16 16 1
88 88 1
14 15 1
82 83 2
10 10 1
24 24 1
65 65 1
72 72 1
60 60 1
25 25 1
55 55 1
22 23 1
79 79 1
69 69 1
21 21 1
51 51 1
71 71 1
16 16 1
81 81 1
43 51 1
43 43 3
49 50 1
63 63 2
69 73 1
80 82 2
83 83 1
48 48 1
13 13 1
5 5 1
31 32 1
42 42 1
11 11 1
46 49 1
61 61 1
26 26 1
39 39 1
38 38 1
47 47 1
67 67 1
11 11 1
39 48 1
41 41 1
71 71 1
67 67 1
36 36 1
5 73 2
89 89 1
68 68 1
18 18 1
34 34 1
78 78 1
69 69 1
53 65 1
45 78 1
34 34 1
7 7 1
75 76 1
4 10 1
60 60 1
22 22 1
17 17 1
8 8 1
10 10 1
68 69 1
19 20 1
25 25 1
80 81 2
20 21 1
7 7 1
70 70 1
25 29 1
29 29 1
15 15 1
64 64 1
35 35 1
22 22 1
59 59 1
44 44 1
25 25 2
12 13 1
82 82 1
47 47 1
13 14 2
65 65 1
82 82 1
30 30 1
64 65 1
70 70 1
58 58 1
23 82 1
40 42 1
15 15 1
66 66 1
9 73 1
72 72 1
16 16 1
58 63 1
81 81 1
16 16 1
49 49 1
83 83 1
59 59 1
36 36 1
27 27 1
72 72 1
54 54 1
33 33 1
55 55 1
11 11 1
16 16 1
67 67 1
72 72 1
30 30 1
39 39 1
77 77 1
52 52 1
66 66 1
71 71 1
61 61 2
57 58 1
47 47 1
71 71 1
32 32 1
82 82 1
43 43 1
24 32 1
50 50 1
42 42 1
6 6 1
47 47 1
42 42 1
14 71 2
55 55 1
72 73 1
41 41 1
15 15 1
39 39 1
49 49 1
74 74 3
26 26 1
68 69 1
21 28 2
81 81 1
10 12 1
64 64 1
30 31 1
24 24 1
71 88 1
47 47 1
22 22 1
80 87 1
80 87 1
42 61 1
42 45 1
40 40 1
37 37 1
47 47 1
34 34 1
38 38 1
72 72 1
53 53 1
53 53 1
84 84 1
70 71 1
57 57 1
27 27 1
3 3 2
82 83 2
48 48 1
15 46 1
60 60 1
57 58 1
71 71 1
47 47 1
8 8 2
83 83 1
20 20 1
12 12 1
31 32 1
15 20 1
25 26 1
64 64 2
38 38 1
28 30 1
4 4 1
46 46 1
8 8 1
15 15 1
20 21 1
80 87 1
37 37 1
56 56 1
33 33 1
23 23 1
85 85 1
19 19 1
85 85 1
36 36 1
54 55 1
70 70 1
87 87 2
44 44 1
17 18 2
85 85 1
13 13 2
33 34 1
28 28 1
51 51 1
25 25 1
81 81 1
57 57 1
82 83 1
40 49 1
6 6 2
57 57 1
55 55 1
78 78 2
76 78 1
35 35 1
46 46 1
54 54 1
80 87 1
13 19 1
90 90 1
37 41 1
27 27 1
51 52 2
32 32 1
6 7 1
89 89 1
26 26 1
52 53 1
61 63 1
87 87 1
86 86 1
51 51 1
77 77 1
53 53 1
59 59 1
89 90 1
83 84 1
25 29 1
41 41 1
50 50 1
24 24 2
75 75 1
81 81 1
74 88 1
67 67 1
33 33 1
10 10 1
55 55 1
27 29 1
59 59 1
83 83 1
31 31 1
90 90 1
80 80 1
40 50 1
74 74 1
34 34 1
30 30 2
26 26 1
32 32 1
69 69 1
59 59 1
28 28 1
31 31 1
15 15 1
19 19 1
25 25 1
70 70 1
65 65 1
16 17 1
70 70 1
11 11 1
69 69 1
7 7 1
64 64 2
89 89 1
44 44 1
71 77 1
87 87 1
41 41 1
3 3 1
51 51 1
70 70 1
86 86 1
54 56 2
63 63 2
82 82 1
67 67 1
87 87 1
16 16 1
87 87 1
80 82 1
84 84 1
46 47 1
35 35 1
87 87 1
4 4 2
58 58 1
70 70 1
73 73 1
23 82 1
70 70 2
6 6 1
39 39 1
81 81 1
61 61 1
26 26 1
32 32 1
74 82 1
8 8 1
68 68 1
17 17 1
30 30 1
61 64 2
16 18 1
87 88 1
58 58 2
70 70 1
51 55 2
44 44 1
71 71 1
23 23 1
65 65 1
25 25 2
46 46 1
27 27 1
4 4 1
84 84 1
26 58 2
6 73 1
10 10 1
18 39 1
70 70 1
66 66 1
22 76 1
52 52 1
38 38 1
47 47 2
70 70 1
52 52 1
63 63 1
29 29 1
63 63 1
7 7 1
28 29 1
80 80 1
59 59 1
88 89 1
45 46 1
37 37 1
6 6 1
35 36 1
11 11 1
31 31 2
35 35 1
60 60 1
41 41 1
83 83 1
61 61 1
16 16 1
72 72 1
37 37 1
61 68 1
57 57 1
15 15 1
7 7 1
77 77 1
7 7 2
84 84 1
67 67 1
11 11 1
34 34 1
39 40 1
39 39 2
81 81 1
79 81 1
47 47 1
30 30 1
8 8 1
28 28 1
27 27 1
86 89 1
52 53 1
48 49 1
5 5 1
63 63 1
44 45 1
4 27 1
16 16 2
40 41 1
78 79 1
21 21 1
60 60 1
23 23 1
26 26 1
66 66 1
73 73 1
85 85 1
80 80 1
50 50 1
37 37 1
64 64 1
42 42 1
23 23 1
65 66 1
32 32 1
37 37 1
53 53 2
56 56 2
42 42 1
31 32 1
80 87 1
78 79 2
6 89 2
46 46 1
67 67 1
30 30 1
48 48 1
87 88 1
53 54 1
88 88 1
60 60 1
87 87 1
8 8 1
52 52 1
25 25 1
85 85 1
15 15 1
38 38 1
21 21 1
62 64 1
26 26 1
87 88 1
89 89 1
50 50 1
32 32 1
11 11 1
86 88 1
61 61 1
44 44 1
53 53 2
31 31 1
51 51 1
23 23 1
72 72 1
14 14 1
30 30 2
40 40 2
26 26 1
58 58 1
16 16 1
29 29 1
27 27 1
31 31 1
12 12 1
66 66 1
16 17 2
50 53 1
42 42 1
61 61 1
56 56 1
75 75 1
28 28 1
72 72 1
72 72 1
47 47 1
6 89 1
17 17 1
85 85 1
86 86 1
70 82 1
50 50 1
80 80 1
15 15 1
34 34 2
52 52 1
66 66 1
9 9 1
12 12 1
38 38 1
33 33 1
14 14 1
16 21 1
60 60 1
25 25 1
55 55 1
14 15 1
65 65 1
74 83 2
12 12 1
50 50 2
55 55 1
36 36 1
15 16 1
75 75 1
36 36 1
57 63 1
33 33 1
6 7 1
87 87 1
11 11 1
68 68 2
22 22 1
51 51 1
51 51 1
80 80 1
60 60 1
35 35 3
79 79 1
74 74 1
66 66 1
69 69 1
33 33 1
80 80 1
42 42 1
64 64 1
69 69 1
86 86 1
50 53 1
29 29 1
83 83 1
24 24 1
35 35 1
62 62 1
59 59 2
5 5 1
42 42 1
70 70 1
82 82 1
27 27 1
36 36 1
86 86 1
6 6 1
16 16 1
69 69 1
69 69 1
9 9 2
73 73 1
7 7 1
18 18 1
46 46 1
8 8 1
3 3 1
62 62 1
28 28 1
28 28 2
24 24 1
21 21 2
23 76 1
48 48 1
47 47 1
50 50 1
14 14 1
85 85 1
14 14 1
74 74 2
57 57 1
14 14 1
72 72 1
22 79 1
52 52 1
53 54 2
80 80 1
83 84 1
89 90 2
12 12 1
76 78 1
29 29 1
36 36 2
26 26 1
56 56 2
44 44 1
37 37 1
86 86 1
84 84 1
24 24 1
16 21 1
17 17 1
35 35 1
28 28 1
70 70 1
3 3 1
67 67 1
6 6 1
55 55 1
13 13 1
61 61 1
69 69 1
85 85 1
15 15 1
46 79 2
57 57 2
27 29 1
46 46 1
81 81 1
34 34 1
12 81 1
79 79 1
86 86 3
13 13 2
64 64 1
59 59 1
55 55 1
78 78 1
70 70 2
13 13 1
84 84 1
79 79 1
75 75 1
42 53 1
71 71 1
78 78 1
69 69 1
4 4 1
21 21 1
29 29 1
65 65 1
17 17 1
69 69 1
75 75 1
17 19 1
31 31 1
23 23 1
16 16 1
69 69 1
67 67 1
76 76 1
29 29 1
9 9 1
52 52 1
18 18 1
50 50 1
52 53 1
16 42 1
83 83 1
22 22 1
15 15 1
13 20 1
38 49 2
15 19 1
24 84 1
27 27 2
85 85 1
48 48 1
74 74 2
16 16 1
32 32 1
32 32 2
11 11 1
49 49 1
46 79 1
30 30 1
4 4 1
9 89 1
12 81 1
79 79 1
41 41 1
67 67 1
57 57 2
60 60 1
61 61 1
72 72 1
42 42 1
57 69 1
55 55 1
36 36 1
73 73 1
32 32 1
28 28 1
27 74 1
15 15 1
67 67 1
62 63 1
52 66 1
29 29 1
41 42 1
71 71 2
84 84 1
33 34 1
12 12 1
50 53 1
15 15 1
82 82 1
68 68 1
28 28 1
12 15 1
23 23 1
55 55 1
21 21 1
28 28 2
12 20 1
75 76 1
61 61 1
6 6 2
80 80 1
72 72 1
23 23 1
55 55 1
10 26 2
39 39 1
33 33 1
60 60 1
37 37 1
79 79 1
4 4 1
64 65 1
57 57 1
41 41 1
57 57 1
7 7 1
86 86 1
5 5 1
84 84 1
44 44 2
4 5 1
17 17 1
33 33 1
58 58 1
3 10 1
6 6 1
82 82 1
61 61 1
77 77 1
56 56 1
45 46 1
47 47 2
44 44 1
67 67 1
18 39 3
23 23 2
40 40 2
5 5 2
83 83 1
3 3 1
4 4 1
9 9 2
32 32 2
26 26 1
49 49 2
8 8 1
26 26 2
67 67 2
15 42 1
39 39 2
44 44 1
5 6 1
44 44 2
73 73 1
35 35 1
6 64 1
61 61 2
55 55 1
49 68 1
28 28 1
5 5 1
55 55 1
70 70 1
32 32 1
80 80 1
80 80 1
45 49 1
71 71 1
85 85 1
66 66 1
12 13 1
67 67 1
74 74 2
68 68 1
89 89 1
25 29 1
31 31 2
32 32 1
44 44 1
76 76 1
75 75 1
77 77 2
55 55 1
15 21 1
3 40 1
23 23 1
64 64 1
33 33 1
31 31 1
64 64 1
57 57 1
48 48 1
76 76 1
43 43 2
35 35 2
9 9 1
89 89 1
43 43 1
28 28 1
81 81 1
75 75 1
27 27 1
15 15 1
67 67 1
83 83 1
66 67 1
64 65 1
84 84 2
56 56 1
72 72 1
14 14 1
25 25 1
44 44 1
45 45 2
75 75 1
38 38 1
25 25 1
24 24 2
39 39 1
26 74 1
68 68 1
83 83 1
70 70 1
67 67 2
12 12 1
18 19 2
45 45 1
59 59 1
16 16 1
45 66 1
55 55 1
84 84 1
83 83 1
54 54 1
24 24 1
20 21 1
73 73 1
29 29 1
39 39 1
23 23 1
28 28 1
59 59 1
4 73 1
56 56 1
88 88 1
88 88 1
38 38 1
83 84 1
56 56 1
15 21 1
8 9 1
28 28 1
77 77 1
32 79 1
37 41 1
8 8 1
62 63 1
45 45 1
41 41 1
39 40 1
31 31 1
62 62 1
14 14 1
54 54 1
44 44 1
73 73 1
86 86 1
76 76 1
32 32 1
15 15 1
16 61 1
56 56 1
82 82 2
24 24 1
23 23 1
31 31 1
18 90 2
33 33 2
17 17 1
72 72 1
76 76 2
17 17 1
24 24 1
66 66 1
77 77 1
61 61 1
44 47 1
48 48 1
36 36 1
9 9 1
56 56 1
20 20 1
52 52 1
76 78 1
24 81 1
74 74 1
43 43 2
65 65 2
16 16 1
17 17 1
71 89 1
38 42 1
87 88 1
30 30 1
26 26 1
73 73 2
77 82 1
83 85 1
79 79 1
44 44 1
34 34 1
70 70 1
84 84 1
36 36 1
84 84 1
11 11 1
73 89 1
35 35 1
74 74 1
90 90 1
21 21 1
75 88 1
74 82 1
6 89 1
24 24 1
64 65 1
88 88 1
49 49 2
32 32 1
29 30 1
56 56 1
30 30 1
20 20 1
47 47 1
5 6 1
44 48 1
63 64 1
80 80 1
36 36 1
55 55 1
10 10 1
34 34 1
19 19 1
80 80 1
51 52 1
28 28 1
82 82 1
86 86 1
30 30 2
34 34 1
52 53 1
18 90 1
30 30 1
57 57 1
33 33 1
53 53 2
53 53 1
64 64 1
51 55 1
58 58 1
65 65 1
4 4 1
61 61 1
35 35 1
51 51 1
27 27 1
18 18 2
70 71 1
46 46 1
54 54 1
61 61 2
85 85 1
52 52 1
24 32 1
43 43 1
39 40 2
29 29 1
55 55 1
44 44 2
14 14 1
57 57 2
16 17 1
15 15 1
22 22 1
57 57 1
15 15 1
58 59 1
34 34 1
16 17 1
13 13 1
78 78 1
32 32 1
55 55 1
15 71 1
54 55 1
55 55 1
48 48 1
72 72 1
16 21 1
27 27 1
36 36 1
40 41 1
36 36 1
34 34 1
89 89 1
50 50 1
58 63 1
5 5 1
79 80 1
79 79 1
65 65 1
37 37 1
37 41 1
16 16 1
22 22 1
30 30 1
50 57 1
65 65 1
57 57 1
14 14 1
15 15 1
21 21 1
18 39 1
13 13 1
55 55 1
69 70 1
69 73 1
39 39 1
12 12 1
67 67 1
6 6 1
83 83 1
71 71 1
12 12 1
83 83 1
67 67 1
72 72 1
51 51 1
30 30 1
40 40 1
67 67 1
58 58 1
33 33 1
70 70 1
3 3 1
69 69 1
69 69 1
14 14 2
32 32 1
19 19 1
52 52 1
52 53 1
52 52 2
65 65 1
32 32 1
27 75 1
24 24 1
35 35 2
58 61 2
20 21 1
23 23 1
68 68 1
57 57 1
12 13 1
72 72 1
5 5 1
41 41 1
51 51 1
58 63 1
55 55 1
4 4 1
58 58 1
87 87 1
18 18 1
13 15 1
20 20 1
26 26 1
67 67 1
79 79 1
48 48 1
18 19 1
78 78 1
47 47 1
61 61 1
23 33 1
30 30 1
69 69 1
14 14 1
70 77 1
37 37 2
49 49 2
73 73 1
15 21 1
54 54 1
24 24 1
52 52 1
32 32 1
16 16 1
30 30 1
26 26 2
62 62 1
12 12 1
54 55 2
23 37 1
82 82 1
16 87 1
90 90 1
84 84 1
24 25 1
47 47 1
3 3 1
46 46 1
4 73 1
79 87 1
59 59 1
67 67 1
49 49 1
15 15 1
81 81 1
6 90 1
24 24 1
27 27 1
53 53 2
48 49 1
7 7 2
39 39 1
79 79 1
28 28 1
7 7 1
5 5 1
57 58 2
26 26 1
21 21 1
75 76 1
60 60 1
85 85 1
54 54 1
49 49 1
73 73 1
59 59 1
56 56 1
15 45 1
23 23 1
52 52 1
4 4 1
39 39 1
9 41 1
42 42 1
21 21 1
67 67 1
5 9 1
15 20 1
55 55 1
28 28 1
80 80 1
67 67 1
57 58 2
48 48 1
30 30 1
65 65 1
29 29 1
43 43 1
86 86 1
58 58 1
75 75 1
39 40 1
26 26 1
55 55 1
29 29 1
25 25 1
51 51 1
51 51 1
26 26 1
70 70 2
65 65 1
3 3 1
27 30 1
24 24 1
76 82 1
40 40 1
35 35 1
38 38 1
12 12 1
77 77 1
35 35 1
24 24 1
69 69 1
36 36 1
17 17 1
43 43 2
33 33 1
46 46 1
35 36 1
21 21 1
32 32 1
64 64 1
42 42 1
14 15 1
36 36 1
66 66 1
44 44 1
28 29 1
66 66 1
9 9 1
87 87 2
83 85 1
24 34 1
66 66 1
38 38 1
83 85 1
39 40 1
83 84 1
28 28 1
72 72 2
65 65 2
40 40 2
52 52 2
52 52 1
34 34 1
37 37 1
16 42 1
3 18 1
30 30 1
64 66 1
58 63 1
55 55 1
84 85 1
11 11 1
56 56 1
89 89 1
11 11 1
61 61 1
60 60 1
60 60 1
20 20 1
41 41 2
16 16 1
62 62 1
53 57 1
71 71 1
78 79 1
24 80 1
89 89 1
24 24 1
87 87 1
27 74 1
22 22 1
11 11 1
60 61 1
21 21 1
48 48 1
32 32 1
55 55 1
64 64 1
4 5 1
61 61 1
34 34 2
28 28 2
70 73 1
15 71 1
35 35 1
38 42 1
79 80 1
68 68 1
49 50 1
77 77 1
22 23 1
64 64 1
23 79 1
66 66 1
30 30 1
77 77 2
88 88 1
19 19 1
48 48 1
69 69 1
14 14 1
5 5 1
70 70 1
78 78 1
51 51 3
25 25 1
14 14 1
79 79 1
76 80 1
21 21 1
19 19 1
24 24 1
37 37 1
68 68 1
80 80 1
75 75 1
13 13 1
67 67 1
12 15 1
28 28 1
5 5 1
29 29 1
18 39 1
15 15 1
42 42 1
6 6 1
89 89 1
75 76 1
78 79 1
63 63 1
48 48 1
71 71 1
52 52 1
56 56 1
6 6 1
43 44 1
26 26 1
81 81 1
59 59 2
62 64 1
48 48 1
36 36 1
9 9 1
75 75 1
83 87 2
81 81 1
18 19 1
48 48 1
82 82 1
79 79 1
30 33 1
60 60 1
56 56 1
52 52 1
12 12 1
66 66 1
78 79 1
60 60 1
88 88 1
30 30 1
85 85 1
22 22 1
64 64 1
59 59 1
79 79 1
57 57 1
79 79 1
69 69 1
85 85 2
45 45 1
61 61 1
11 11 1
24 24 1
20 21 1
71 71 1
35 35 1
26 26 1
54 54 1
58 58 2
26 26 1
89 89 1
20 20 1
52 52 1
71 71 1
52 52 1
6 6 1
67 67 2
36 36 1
52 56 1
39 40 1
74 74 1
14 14 1
8 8 1
61 61 1
70 70 1
12 12 1
50 50 1
63 63 2
62 62 1
14 14 1
69 69 1
16 16 1
21 21 1
43 43 1
68 69 1
70 70 1
4 4 1
47 47 2
33 34 1
26 26 1
66 66 1
79 79 1
65 66 1
46 46 1
15 15 1
22 22 1
37 37 1
52 55 1
61 67 1
40 40 1
33 33 1
28 28 1
79 79 1
39 39 1
6 6 1
32 32 1
66 67 2
41 41 1
49 49 2
50 50 1
40 40 1
62 62 2
85 85 1
81 81 1
80 82 2
9 9 1
51 51 1
53 53 1
29 29 1
41 41 1
70 77 1
10 40 1
15 15 3
59 60 1
8 8 1
32 32 1
16 16 1
16 17 1
16 46 1
61 61 1
35 35 1
89 89 1
14 15 1
72 72 1
11 61 1
63 63 1
40 42 1
46 46 1
26 26 1
19 19 1
66 66 1
35 35 1
83 86 1
41 41 1
48 48 1
64 64 1
34 34 1
25 25 1
51 51 2
54 54 1
56 56 1
63 63 1
63 63 1
11 62 1
83 83 1
25 25 1
50 50 1
18 39 1
29 29 1
60 60 1
9 9 1
7 7 1
69 69 1
17 17 1
54 54 1
13 13 1
28 28 1
26 26 1
45 45 1
9 9 1
16 16 1
36 36 1
55 55 1
70 70 2
43 43 1
52 52 1
71 71 1
62 62 2
48 48 1
34 34 1
48 48 1
3 39 1
28 28 1
80 80 1
43 43 1
65 65 1
53 53 1
32 82 1
32 32 1
41 41 2
70 70 1
43 50 1
79 79 1
74 80 1
45 45 2
88 88 1
48 49 2
4 4 1
51 51 1
11 11 1
75 75 1
85 85 1
15 15 1
39 39 1
17 20 1
38 38 1
45 45 1
89 89 1
69 69 1
33 80 3
58 59 1
14 14 1
75 75 1
88 88 1
16 16 1
29 29 1
80 80 1
11 11 1
23 90 1
33 33 1
50 50 1
33 33 1
25 25 1
11 14 1
11 11 1
24 24 1
46 46 1
52 52 1
73 73 1
54 54 1
55 55 1
39 39 1
65 65 1
49 49 1
15 79 2
56 56 1
4 4 1
50 50 1
47 47 1
28 28 1
14 14 1
33 33 1
7 7 1
8 8 1
12 12 1
18 18 1
89 89 1
7 7 1
60 60 1
72 72 1
12 12 1
79 79 1
63 63 1
45 45 1
24 24 1
69 69 1
17 17 1
67 67 1
23 23 1
84 84 1
18 18 1
28 29 1
15 15 1
79 79 1
68 68 1
43 43 1
75 82 1
35 35 1
69 69 1
43 51 1
21 21 1
27 74 2
75 75 1
55 55 1
30 30 1
18 18 1
89 90 1
53 53 2
11 11 1
76 77 1
36 36 1
6 6 1
75 75 1
42 42 1
68 68 1
38 38 1
44 44 1
8 8 1
51 55 1
65 65 1
26 26 1
52 52 1
3 4 1
40 40 1
10 10 1
15 21 1
47 47 1
40 40 1
55 55 1
43 44 1
27 72 1
56 56 1
73 73 1
73 73 1
17 17 1
4 4 1
66 66 1
50 50 1
53 53 1
12 12 1
23 23 1
45 45 1
36 36 1
8 8 1
39 90 1
23 23 1
54 54 1
86 87 1
59 59 1
14 14 2
5 6 1
78 78 1
58 64 1
63 63 1
89 89 1
48 48 1
21 21 1
3 3 1
28 29 1
35 35 1
54 55 1
26 27 1
86 88 1
38 38 1
19 19 1
41 41 1
21 21 1
38 42 2
86 89 1
38 38 1
65 65 1
28 28 2
80 82 1
51 51 1
4 4 1
25 25 1
20 20 1
70 70 1
72 73 1
12 15 1
39 39 1
78 79 1
59 59 1
48 49 1
3 3 1
10 10 1
83 83 3
75 75 1
26 27 1
33 33 1
28 28 1
75 90 1
83 83 1
59 59 1
77 77 1
78 78 1
80 80 1
82 82 1
12 50 1
78 78 1
8 8 1
16 26 1
30 30 2
84 84 1
58 58 2
42 42 1
5 5 1
50 56 2
28 28 1
55 56 1
61 61 1
79 79 1
15 15 1
21 21 1
23 23 1
15 15 2
26 26 1
4 4 1
61 61 4
13 13 1
60 60 1
64 64 1
75 75 2
20 20 1
65 65 1
60 60 1
78 78 1
27 29 1
52 52 2
57 58 1
46 46 1
70 70 1
43 45 1
59 59 2
83 83 1
8 8 1
19 19 1
53 53 1
31 79 1
34 34 1
44 44 1
83 88 1
79 79 1
74 74 1
81 81 1
73 73 1
78 78 1
21 21 1
7 7 1
23 23 1
37 37 1
9 9 1
79 79 1
48 48 1
69 69 1
28 28 1
84 84 1
16 16 1
19 19 1
74 74 1
21 21 1
68 68 1
55 55 1
57 57 1
82 83 1
71 71 1
53 53 1
45 49 1
55 55 1
51 51 1
87 88 1
54 54 1
63 63 1
52 52 1
74 74 2
61 68 1
34 34 2
25 37 1
48 49 1
77 77 1
46 49 1
40 40 1
4 7 1
24 24 2
76 76 1
15 42 1
32 79 1
34 34 1
60 60 1
54 55 1
36 36 1
47 47 1
38 42 1
89 89 1
80 80 1
73 73 1
69 69 1
12 12 1
14 14 1
70 70 1
29 29 1
29 29 1
85 85 1
52 66 1
52 52 1
54 54 2
14 14 1
42 42 1
36 36 1
72 72 1
29 29 1
66 66 1
85 85 1
66 66 2
64 64 1
49 49 1
56 62 1
43 44 1
39 39 1
35 35 1
46 46 1
43 77 1
66 67 1
38 38 1
14 17 1
70 73 1
55 55 1
61 61 1
74 74 1
45 45 1
65 66 1
40 40 1
63 63 1
14 71 1
40 49 1
52 52 1
37 37 1
42 42 1
12 12 1
18 19 1
62 62 1
31 31 1
90 90 1
88 88 1
15 15 1
38 38 1
69 70 1
20 21 1
29 29 1
64 64 1
79 80 1
48 48 1
57 57 1
36 36 1
9 9 1
63 63 1
39 39 1
74 74 1
63 63 1
67 67 1
21 21 1
23 23 1
36 36 1
89 89 1
18 18 1
35 35 1
54 54 1
6 6 1
47 47 1
49 49 1
55 55 1
11 11 1
30 30 1
7 72 1
8 8 1
21 21 1
22 22 2
88 88 1
78 78 1
56 56 1
81 81 1
53 53 1
44 44 1
5 5 1
7 7 1
35 35 1
26 26 1
28 28 2
44 44 1
74 74 1
24 24 1
76 78 1
16 16 1
40 40 2
45 45 1
49 49 1
49 49 1
63 63 1
13 13 2
23 74 1
61 62 1
68 68 2
80 80 1
19 19 1
85 85 1
51 51 1
62 63 2
28 37 1
41 41 2
13 13 1
34 34 2
67 67 2
3 4 1
52 52 1
28 28 1
58 58 1
30 30 1
14 14 1
84 84 1
7 7 1
45 45 1
54 54 1
78 82 1
16 16 1
48 48 1
58 58 1
76 76 1
41 41 1
21 22 1
14 15 1
3 25 1
55 55 1
76 78 1
50 51 2
4 4 1
62 63 1
84 85 1
15 45 1
35 35 1
5 5 1
77 77 1
69 69 1
24 84 1
39 39 1
32 32 1
18 18 2
4 17 1
52 52 2
10 10 1
47 49 1
50 50 1
43 43 1
5 5 1
56 64 1
11 14 1
54 77 3
8 8 1
79 79 1
14 14 1
75 76 1
59 59 1
78 78 1
50 53 1
85 85 1
67 67 1
77 77 2
68 68 1
18 19 1
57 57 1
75 84 2
83 83 1
17 17 1
78 78 1
87 87 1
51 51 1
47 49 1
82 82 1
65 65 1
77 77 1
46 46 1
5 6 1
52 52 1
8 8 1
65 66 1
54 54 2
74 74 2
9 41 1
79 79 1
57 58 1
28 28 1
38 38 1
78 78 1
81 81 1
75 76 2
13 89 1
11 11 1
40 40 2
52 52 1
56 56 1
54 67 1
43 43 1
59 59 1
37 37 2
61 61 1
81 81 2
6 6 1
36 36 2
26 26 1
71 71 1
86 86 2
43 70 1
30 30 1
39 39 1
56 56 1
48 48 1
39 39 1
55 66 1
25 25 1
24 24 1
87 87 1
44 65 1
31 31 1
33 81 1
32 83 1
16 70 1
9 9 1
70 70 1
49 49 1
30 30 1
38 38 1
4 71 1
24 24 2
61 61 5
65 65 1
12 12 1
29 29 1
73 73 1
13 71 1
28 28 1
25 25 1
57 57 3
18 18 2
74 74 1
5 8 1
20 20 1
18 20 1
26 26 1
11 59 1
22 22 2
21 39 1
43 43 2
20 22 1
87 88 1
69 69 1
78 78 1
29 29 1
12 12 1
76 77 1
74 74 1
33 34 1
37 37 3
41 41 1
78 79 1
14 14 1
22 22 1
13 13 1
69 69 1
18 18 1
30 30 1
50 50 1
78 78 1
43 43 1
58 58 2
23 23 1
15 15 1
55 56 1
54 54 1
40 40 1
41 41 1
70 70 1
50 56 1
22 22 1
59 59 1
21 21 2
61 61 1
85 88 1
8 8 1
42 42 1
35 35 1
32 32 1
63 63 1
71 87 1
56 60 1
22 22 1
45 45 1
72 72 2
60 60 1
34 34 1
26 26 1
78 78 2
20 20 2
82 82 1
16 16 1
7 7 1
44 44 1
42 42 1
47 47 1
70 70 1
80 81 1
12 15 1
86 86 1
44 44 1
78 78 1
71 71 1
23 29 1
55 55 1
55 55 1
4 4 2
74 74 1
28 28 1
42 42 1
56 63 1
70 70 1
50 50 1
87 87 1
36 36 1
34 34 3
84 84 1
38 38 1
90 90 1
80 80 2
32 32 1
21 21 1
12 12 1
73 73 1
51 51 1
8 8 1
34 34 1
46 79 1
83 88 1
11 13 1
55 55 1
31 31 1
26 26 1
45 45 1
55 55 1
83 83 1
19 19 1
40 40 1
88 88 1
43 43 1
72 72 1
82 82 1
20 20 1
89 89 2
71 89 1
24 24 1
65 65 1
39 39 2
54 54 1
82 82 1
70 70 1
62 62 1
65 65 1
70 70 1
57 63 1
4 8 2
71 89 1
71 71 1
37 37 1
35 35 1
23 79 2
29 29 2
5 5 1
21 21 1
28 28 1
18 18 2
81 81 1
65 65 1
71 71 1
7 7 1
22 81 1
53 53 1
59 59 1
70 70 1
78 78 1
17 17 1
26 26 1
65 65 1
53 53 1
77 77 1
43 43 2
23 23 1
35 35 1
12 12 1
41 41 1
80 80 1
76 76 1
16 16 1
11 51 1
16 16 1
61 62 1
32 32 1
54 54 1
38 38 1
13 14 1
46 46 1
64 64 1
77 77 1
68 68 1
26 26 1
14 71 4
38 38 1
58 60 1
81 81 1
60 60 1
14 15 1
73 73 1
77 77 1
10 11 1
34 34 1
19 19 1
68 69 1
30 30 1
47 47 1
53 53 1
15 42 1
29 29 1
18 18 1
85 85 1
81 81 1
43 45 1
53 53 1
58 58 2
80 80 1
43 43 1
87 87 2
53 56 1
40 40 1
33 33 1
65 66 1
11 11 1
79 88 1
78 78 1
28 28 1
71 71 1
53 53 1
20 20 2
30 30 1
20 20 1
23 75 1
34 34 1
31 32 1
36 36 1
71 71 2
77 77 1
45 45 1
4 17 1
63 63 1
75 75 1
38 46 1
16 20 2
90 90 1
20 20 1
9 10 2
39 39 2
45 78 1
38 38 1
43 43 3
22 22 1
42 42 1
55 55 1
9 9 1
55 55 1
11 11 1
64 65 1
83 84 1
55 55 1
82 82 1
37 37 1
12 12 1
53 55 1
61 62 1
43 50 1
54 54 1
82 82 1
78 78 1
65 65 1
58 58 1
7 7 1
4 4 1
15 15 1
6 6 1
66 67 2
19 20 1
9 9 1
22 22 3
52 52 1
61 61 1
42 43 1
36 36 1
71 71 1
29 29 1
45 45 1
46 46 1
26 26 1
53 53 1
57 63 1
8 8 1
52 52 1
85 85 1
83 84 1
28 28 1
42 42 1
49 49 2
63 63 1
20 20 1
43 43 1
83 83 1
30 30 1
46 46 1
62 62 2
43 43 2
66 67 1
86 86 1
17 17 1
81 81 1
76 76 1
15 15 1
20 20 2
8 8 1
80 80 1
46 46 1
89 89 1
30 30 1
71 71 1
22 23 1
34 34 1
23 23 1
11 11 1
62 63 2
86 88 1
50 51 1
20 20 1
31 31 1
42 42 1
17 18 1
56 56 1
68 68 2
77 77 1
16 16 1
10 10 2
7 7 1
43 43 1
59 60 2
45 45 1
76 76 1
28 29 1
51 51 1
29 30 1
8 8 1
34 34 1
43 43 1
3 3 2
35 35 1
67 67 1
3 3 1
78 79 1
46 46 2
28 28 1
41 41 1
14 14 1
51 51 2
78 78 1
39 39 1
32 32 1
26 26 2
49 49 1
80 80 1
41 41 1
86 86 1
88 88 1
76 76 1
28 28 2
72 73 1
79 79 1
15 42 1
20 20 1
4 4 1
47 47 1
76 79 1
75 75 1
46 46 1
21 21 1
13 13 1
3 3 1
84 85 1
4 11 1
30 30 1
88 88 1
85 85 1
32 32 1
34 34 2
15 15 1
89 89 1
29 29 2
74 74 2
66 67 1
25 33 1
40 40 1
85 85 1
25 29 1
72 72 1
35 35 1
6 6 1
45 45 1
74 74 1
56 56 1
79 87 1
79 79 1
69 69 1
5 5 1
63 63 1
66 66 1
32 32 1
20 38 1
78 79 1
82 82 1
13 13 1
15 15 2
78 78 1
71 73 1
90 90 3
63 63 2
29 29 1
24 24 1
8 8 1
11 11 1
69 69 1
69 69 1
75 75 1
60 60 1
5 5 1
60 62 3
53 53 1
68 68 1
53 53 1
9 9 1
75 76 2
32 32 1
20 20 1
29 30 1
10 10 1
89 89 1
58 58 1
32 32 1
32 32 1
40 40 1
74 88 1
22 22 1
87 88 1
6 9 1
77 83 1
55 55 1
71 71 1
50 56 1
27 27 2
33 33 1
38 38 3
51 55 1
56 56 1
32 32 1
43 44 1
41 41 1
30 37 1
85 85 1
32 32 1
23 23 1
67 67 1
26 63 1
62 68 1
38 42 1
66 66 1
38 38 1
7 7 1
53 53 1
33 33 1
53 53 1
62 62 1
20 20 1
49 49 1
18 70 1
66 66 1
6 6 1
70 70 1
7 7 2
89 89 1
89 89 1
75 75 1
31 31 1
67 67 1
17 17 1
61 61 1
30 30 1
44 44 1
22 22 1
36 36 1
77 77 1
21 38 1
7 7 1
65 65 1
6 6 1
57 57 2
57 57 1
43 50 1
30 31 1
30 30 1
73 73 1
33 33 1
81 81 1
16 16 1
49 49 1
55 55 1
7 9 1
47 47 2
50 50 1
24 24 1
79 79 1
47 47 2
7 7 1
84 86 1
5 5 1
37 37 1
49 49 2
69 70 1
69 69 2
76 76 1
5 5 2
14 14 1
62 62 1
35 35 1
41 41 1
52 52 1
85 85 1
6 6 1
32 33 1
6 6 1
65 68 1
66 67 1
27 27 1
82 82 1
43 43 1
88 88 1
43 70 1
51 51 1
26 26 1
70 70 2
44 44 1
49 65 1
50 51 1
75 75 1
22 22 1
80 80 1
68 68 1
32 32 1
82 82 1
59 59 2
72 72 1
26 26 1
4 42 1
42 42 1
28 28 1
78 78 1
86 86 2
42 42 1
43 43 1
53 53 1
63 63 1
69 69 1
55 55 1
7 7 2
40 40 1
88 88 1
87 87 1
72 72 1
39 47 1
48 48 1
51 51 1
37 38 1
24 34 1
10 10 1
55 55 1
42 42 1
16 16 1
20 20 1
14 14 1
47 47 1
31 31 1
47 47 1
80 81 1
6 6 1
44 44 1
86 88 1
34 34 1
73 73 1
18 18 1
59 59 1
3 3 1
88 88 1
47 47 1
18 18 1
36 36 1
86 87 1
78 78 2
77 77 1
61 61 1
34 34 1
79 79 1
50 50 1
69 71 1
32 32 1
5 6 1
89 89 1
63 65 1
46 46 2
37 37 1
80 80 1
64 64 1
10 11 1
29 29 2
73 73 1
41 41 1
65 65 2
71 73 1
70 73 1
66 66 1
14 15 1
23 23 1
77 77 2
18 18 1
26 27 1
39 39 1
85 85 1
34 34 1
89 89 1
29 29 1
72 72 1
67 67 1
83 83 1
17 18 1
75 75 1
57 62 1
80 80 1
56 56 1
80 80 2
77 77 1
34 34 1
51 62 1
50 50 1
83 87 1
48 48 1
45 79 1
30 79 1
50 50 1
44 44 1
11 62 1
36 36 1
30 31 1
23 23 1
17 17 1
65 65 1
22 22 1
44 65 1
28 28 1
84 85 1
51 51 1
3 3 1
35 35 1
65 65 1
51 52 1
74 84 1
83 83 1
62 62 1
78 78 1
15 15 1
29 29 1
84 84 1
76 76 1
12 82 1
20 20 2
36 36 1
78 78 1
41 41 2
76 76 1
33 33 1
14 42 1
73 87 1
6 6 1
64 64 2
34 34 1
14 88 1
5 5 1
73 73 1
49 49 1
39 39 1
35 35 1
59 59 1
29 29 1
60 60 1
9 41 1
88 88 1
70 71 1
27 74 1
39 39 1
27 27 1
66 66 1
40 40 1
53 53 1
15 15 1
23 37 1
46 46 2
12 12 1
8 61 1
26 26 1
25 25 1
74 74 1
82 82 1
76 76 1
49 49 1
85 85 2
3 27 1
65 65 1
65 65 1
17 17 1
52 53 1
85 85 1
32 32 1
38 38 1
45 45 1
78 78 1
26 26 1
67 67 1
27 27 1
73 73 1
59 60 1
79 79 2
39 39 1
23 76 1
41 41 1
89 89 1
55 55 1
62 63 1
20 20 1
60 60 1
11 11 1
57 57 1
81 81 1
41 41 1
55 55 1
44 48 1
23 23 1
86 88 1
23 82 1
39 39 1
9 10 1
31 31 1
52 52 2
54 54 1
51 52 1
29 29 1
33 33 2
44 44 1
82 82 1
20 20 1
61 61 1
69 69 1
44 48 1
58 58 1
67 67 1
43 43 1
21 21 1
82 82 1
39 39 1
3 3 2
65 65 1
29 29 1
79 79 1
24 24 1
32 33 1
15 15 1
40 40 1
33 36 1
74 77 1
78 78 1
69 70 1
69 69 1
4 17 1
53 53 1
60 60 1
37 37 1
59 59 1
65 65 1
33 33 2
18 18 1
9 9 1
17 18 1
59 68 1
33 33 1
83 83 2
67 67 1
4 73 1
72 85 1
9 9 1
36 36 1
53 53 1
50 50 2
78 79 1
67 67 1
29 30 1
88 88 1
75 77 1
42 42 1
31 32 1
53 53 1
11 11 1
8 8 1
52 52 1
40 40 1
28 28 1
63 63 1
44 44 1
54 56 1
36 37 1
11 11 1
51 52 1
40 41 1
16 16 1
66 66 2
57 57 1
71 71 1
80 80 2
61 61 1
9 90 1
41 41 1
25 30 1
58 63 1
14 61 1
67 67 1
46 46 1
71 71 1
60 60 1
47 47 1
78 78 1
47 47 1
62 62 1
57 57 1
81 82 1
40 40 2
29 29 1
64 64 1
86 86 1
81 81 1
77 77 1
86 86 1
58 59 1
67 67 1
77 77 1
67 67 1
23 23 1
40 40 1
54 54 1
30 30 1
11 11 1
21 21 1
19 19 1
31 31 1
57 57 2
65 66 1
82 82 1
68 70 1
35 35 1
53 53 1
80 82 1
68 68 2
56 56 1
9 9 1
43 43 1
15 80 1
23 25 1
15 15 1
24 24 1
81 81 1
40 42 1
34 34 2
4 40 1
38 46 1
85 85 1
23 82 1
15 71 1
6 6 2
75 75 2
7 7 1
84 86 1
78 79 1
47 47 1
55 55 1
79 79 1
15 15 1
26 26 1
39 39 1
75 75 1
32 82 1
29 29 1
46 46 1
34 34 1
8 8 1
6 6 1
3 4 1
12 12 1
25 27 1
33 80 1
57 62 2
86 86 1
3 27 1
45 45 1
31 31 1
24 80 1
56 56 1
75 75 1
87 87 1
73 73 1
60 64 1
66 66 1
27 27 1
44 63 1
34 34 1
28 40 1
42 42 1
34 34 1
41 41 1
33 33 1
65 65 1
13 13 1
82 83 1
42 53 2
25 25 1
36 36 1
82 82 1
49 49 2
53 53 1
73 73 1
74 75 1
73 73 1
11 11 2
47 48 1
61 61 1
3 26 1
20 20 1
24 24 1
57 62 1
16 16 1
36 36 1
48 48 1
30 30 1
60 60 1
67 67 2
6 6 1
22 22 2
75 76 1
4 4 1
83 83 1
35 35 1
82 82 1
50 50 1
51 51 1
6 6 1
78 78 1
45 46 1
13 13 1
4 4 1
36 36 1
48 48 1
87 88 1
29 29 1
33 33 1
85 85 1
64 64 1
63 63 1
59 59 1
31 31 1
85 85 1
70 70 1
50 51 1
51 52 1
30 31 3
61 61 1
79 79 1
31 31 1
4 4 1
34 34 1
88 88 2
22 22 1
51 62 1
3 3 1
76 76 1
54 54 1
40 41 1
3 3 1
38 38 1
20 20 1
20 20 1
18 20 1
30 30 2
27 27 1
48 48 1
15 15 1
42 42 1
56 56 1
63 63 2
23 29 1
37 38 2
67 67 1
66 66 1
35 35 1
11 11 1
25 30 1
52 52 1
86 86 1
52 52 1
76 76 1
85 85 1
19 19 1
86 86 1
14 14 1
81 81 1
63 63 1
64 64 1
31 31 2
65 66 2
71 90 1
37 42 1
27 29 1
21 21 1
75 75 1
31 31 1
6 6 1
26 27 1
16 18 1
32 32 2
28 28 1
17 17 1
19 19 1
41 41 1
79 79 1
26 26 1
24 24 1
42 42 1
65 66 1
16 16 1
30 33 2
48 48 1
75 75 1
84 84 1
13 87 1
80 82 1
14 71 1
64 64 1
32 32 1
28 28 2
64 64 1
31 31 1
71 72 1
69 69 1
83 83 2
52 52 1
70 70 1
65 65 1
4 5 2
12 12 2
53 53 1
70 70 2
81 81 1
38 38 1
31 31 1
42 42 1
61 61 1
61 61 1
38 38 1
87 87 1
53 53 1
12 12 1
9 9 1
63 63 1
64 64 1
86 86 1
74 74 1
3 4 1
15 42 1
57 57 1
54 54 1
71 71 1
58 63 2
42 42 1
79 79 1
50 50 1
30 30 1
44 44 1
76 77 1
7 7 1
45 45 1
47 47 1
46 46 1
74 83 1
84 84 1
28 28 1
58 59 2
67 67 1
28 28 1
21 21 1
69 69 1
30 30 1
50 50 1
38 38 1
26 26 1
22 22 1
79 79 1
43 44 1
88 88 1
79 79 1
12 12 1
35 35 1
42 42 1
31 31 1
52 53 2
50 56 1
44 44 1
34 34 1
65 66 1
46 46 2
31 31 1
69 69 1
18 18 1
42 42 1
88 88 1
42 43 2
5 5 1
64 64 1
41 41 1
16 16 2
20 20 1
36 36 1
43 43 1
39 90 1
44 48 1
64 64 1
7 7 1
10 12 1
72 73 1
21 21 1
5 5 1
83 83 1
78 78 1
81 81 1
48 48 1
86 86 1
80 80 1
6 6 1
46 46 2
25 25 1
86 86 1
65 65 2
5 6 1
21 21 1
48 48 2
72 72 1
86 86 1
62 62 1
14 14 1
11 11 1
66 66 1
32 32 1
41 41 1
62 62 1
67 67 1
85 85 1
69 71 1
87 87 1
65 66 1
64 64 1
39 39 1
45 53 1
38 38 1
84 84 1
86 86 1
51 51 1
74 84 1
86 86 1
42 42 1
9 9 1
37 37 2
67 67 1
82 82 1
71 71 1
51 51 1
38 38 1
10 10 1
60 60 1
14 14 1
83 83 1
79 79 1
63 63 1
38 38 1
23 23 1
12 81 1
53 53 2
30 30 1
21 21 1
23 23 1
89 89 1
84 84 1
57 57 1
37 37 1
48 48 1
9 9 1
21 21 1
38 38 1
49 49 1
69 69 1
78 78 1
82 82 1
20 20 1
56 56 2
29 29 1
48 48 1
50 50 1
76 76 1
80 80 1
4 4 1
8 8 1
57 57 1
44 44 1
9 9 1
23 23 1
5 5 1
79 79 1
16 16 1
18 90 2
69 69 1
24 24 1
58 58 1
52 53 1
11 11 1
49 49 1
20 20 1
73 73 1
55 55 1
14 14 1
17 17 1
60 60 1
89 89 1
3 3 1
43 45 1
3 62 1
41 41 2
70 70 1
84 84 1
32 32 1
48 49 1
42 42 1
49 50 2
22 22 1
44 45 1
13 13 1
75 75 1
38 49 1
27 27 2
31 31 1
25 74 1
27 27 1
82 83 1
6 6 1
11 11 1
21 21 1
43 43 2
57 60 1
39 39 1
21 21 1
83 83 2
16 21 1
17 17 1
61 61 1
43 43 1
44 44 1
28 28 1
67 67 1
75 75 1
18 18 1
57 60 1
32 32 1
61 61 1
48 48 2
85 85 1
51 55 1
17 17 2
61 61 1
87 87 1
16 42 3
50 57 1
50 50 1
32 32 1
51 51 1
28 28 1
4 4 1
11 14 1
53 68 1
60 60 1
48 48 1
82 82 1
60 62 1
79 79 1
77 77 1
45 45 1
51 51 1
27 28 1
44 44 2
69 69 1
5 69 1
43 43 1
38 38 1
53 53 1
18 18 1
24 24 1
29 29 1
54 55 1
52 53 1
34 34 1
34 34 1
19 19 1
22 22 1
67 67 1
49 64 1
68 68 1
73 73 1
64 65 1
59 59 1
68 68 1
26 26 1
33 33 1
34 34 2
85 85 1
64 64 1
16 16 1
85 85 1
69 69 1
8 8 1
30 31 1
25 29 1
36 36 1
63 63 1
61 61 1
68 68 1
36 36 1
13 13 1
80 80 1
56 56 1
36 36 1
34 34 1
84 85 2
70 70 1
42 42 1
89 89 1
53 53 2
66 66 1
3 3 1
46 46 1
37 37 1
43 43 1
13 13 1
36 36 1
41 41 1
58 58 1
81 81 1
45 45 2
57 63 1
82 82 2
61 61 1
44 44 1
47 47 1
22 22 1
60 62 1
10 10 1
44 44 1
88 88 1
86 88 2
73 73 1
80 80 1
31 31 1
57 57 1
66 66 1
27 27 2
5 5 1
16 61 1
64 64 1
46 46 1
42 45 1
23 23 1
52 52 1
40 40 1
57 57 1
35 35 1
42 42 1
15 45 1
19 19 1
6 6 1
26 26 1
22 22 1
60 60 1
36 36 1
33 33 1
24 24 2
33 33 1
20 20 1
71 74 1
18 19 1
54 54 1
70 70 1
41 41 1
78 79 1
79 87 1
17 17 1
69 69 1
59 60 1
70 70 2
16 16 1
52 52 2
87 87 2
86 87 1
43 43 1
65 65 1
23 23 2
4 4 1
81 81 3
65 65 1
62 62 1
32 32 1
39 42 1
10 26 1
65 65 1
76 80 1
57 57 2
19 19 1
27 27 1
90 90 1
55 55 1
20 21 1
43 43 1
46 46 1
11 11 1
83 83 1
4 42 1
58 58 1
44 44 1
34 34 1
81 81 2
58 58 2
35 35 1
41 41 1
63 64 1
73 85 1
62 62 1
5 5 1
28 28 1
82 82 1
19 19 1
78 79 1
13 13 1
82 82 1
55 55 1
11 11 1
4 4 1
88 88 1
35 35 1
22 22 1
80 81 1
25 76 2
31 31 1
19 69 1
17 21 1
59 59 1
48 48 1
58 58 1
65 65 1
13 13 1
78 78 1
49 49 1
46 49 1
81 81 1
4 17 1
44 44 1
21 21 1
29 29 1
72 72 1
44 48 2
41 41 1
71 71 1
64 64 2
21 21 1
26 26 1
85 85 1
19 19 1
58 59 1
33 33 1
77 77 1
83 83 2
61 61 1
86 86 1
4 4 1
50 51 1
11 11 1
36 36 1
13 13 1
74 83 1
31 31 1
43 43 2
60 64 1
60 60 1
22 22 1
53 54 1
66 66 1
73 74 1
72 72 1
26 27 1
18 19 1
37 37 1
39 39 1
86 86 2
69 69 1
81 81 1
60 60 1
43 63 1
14 14 1
70 70 1
79 79 1
32 32 1
42 42 1
19 20 1
76 77 1
42 42 1
46 46 1
51 51 1
71 71 1
50 51 1
69 70 1
9 9 1
4 5 1
11 11 1
7 7 2
31 31 1
30 30 1
25 25 1
80 80 1
80 80 1
62 62 2
35 35 1
18 18 1
31 31 1
80 81 1
27 73 1
32 32 1
40 40 1
65 66 2
70 70 1
41 41 1
53 65 2
60 68 1
25 25 1
49 53 1
48 48 1
73 73 1
58 62 1
59 69 1
71 71 1
50 50 1
59 59 1
87 87 1
60 60 1
82 85 1
59 59 2
43 43 1
7 7 1
6 89 1
5 5 1
71 90 1
66 66 1
38 38 1
49 49 1
59 60 1
58 58 1
33 33 1
70 70 1
24 80 1
9 9 1
11 11 1
75 75 1
6 6 2
74 74 1
61 64 1
28 28 1
86 86 1
61 61 1
48 48 1
28 28 1
7 7 1
64 64 1
43 43 1
41 41 1
62 62 1
42 42 1
9 9 1
78 78 2
55 55 1
44 44 2
28 28 1
73 73 2
30 30 1
62 62 2
11 11 1
73 73 1
70 70 1
46 46 1
55 55 1
57 60 2
77 77 1
53 68 1
60 68 1
84 86 1
59 59 1
89 89 1
45 45 1
80 80 1
37 37 2
43 43 1
78 78 1
40 41 1
11 62 1
71 71 1
57 57 1
18 20 1
63 64 1
9 9 1
15 15 1
5 5 1
50 50 1
69 69 1
61 61 1
78 78 1
41 41 1
26 26 1
15 80 2
70 70 3
48 48 2
48 48 1
13 13 1
66 66 2
77 77 1
29 30 1
37 37 1
84 84 1
36 36 1
50 50 1
78 79 1
37 37 1
76 76 1
49 49 2
7 7 1
11 51 1
14 71 1
43 45 1
67 67 1
27 27 1
10 10 1
71 89 1
33 33 2
8 9 1
22 22 1
22 22 1
28 28 1
44 44 1
32 32 1
57 60 1
16 16 2
38 42 1
69 69 1
14 87 1
43 50 1
37 37 1
72 72 1
13 13 1
12 12 1
35 35 1
9 9 1
56 56 1
17 18 1
55 55 2
58 58 1
43 43 1
19 20 1
6 6 1
40 40 1
53 53 1
47 47 2
77 77 1
58 59 1
53 65 1
44 44 2
72 72 1
28 28 1
23 23 1
32 32 1
56 56 1
30 30 1
50 61 2
8 8 1
73 73 1
49 49 2
79 79 1
38 38 1
24 24 1
54 54 1
71 71 2
85 85 1
4 4 1
35 36 1
81 81 1
72 73 1
8 8 1
70 70 1
12 12 1
29 29 1
16 42 1
46 46 1
4 42 1
36 36 1
50 50 2
57 63 1
79 79 1
89 89 1
19 19 1
3 4 1
61 61 1
72 72 1
49 49 1
54 54 1
16 16 1
57 57 1
46 46 1
67 67 1
13 13 1
50 51 1
53 53 1
60 63 1
87 87 1
36 36 2
65 66 1
61 61 1
23 23 1
21 21 1
47 47 2
40 40 1
70 70 1
14 14 1
58 62 1
59 63 1
70 70 1
57 57 1
85 85 1
90 90 1
76 78 2
43 43 1
19 19 1
15 79 1
87 89 1
41 46 1
23 23 1
9 9 1
31 78 1
71 71 2
17 18 1
21 21 1
70 70 1
34 34 2
67 67 1
11 11 1
37 37 1
43 43 1
31 31 1
19 19 1
19 19 1
24 24 2
6 6 1
32 32 1
28 29 1
68 68 1
64 64 1
74 74 1
49 49 1
28 28 2
34 34 1
83 88 1
24 24 2
60 60 1
69 69 1
61 61 1
31 31 1
38 38 1
25 25 2
80 80 1
29 29 1
27 27 1
61 61 1
49 50 1
43 43 1
53 53 2
77 77 1
74 74 1
54 54 1
30 30 2
15 15 1
39 39 1
51 53 1
24 24 1
33 33 2
60 60 1
69 69 1
3 3 1
35 35 1
33 80 1
18 20 1
78 78 1
58 58 2
30 30 1
77 77 1
64 64 1
67 67 1
75 75 1
30 30 1
51 51 2
5 6 1
19 19 2
63 64 1
67 68 2
16 16 1
14 14 1
66 66 1
20 20 2
20 20 1
23 78 2
62 64 1
44 44 1
81 81 1
28 29 2
37 37 1
25 25 1
72 72 1
12 18 1
76 76 2
22 22 1
86 86 1
88 88 1
30 30 2
65 65 2
52 52 1
63 63 1
54 54 1
22 22 1
58 58 1
32 32 1
58 58 1
51 56 1
61 61 1
16 16 1
46 46 1
39 42 1
6 6 2
50 56 1
9 9 1
69 69 2
76 76 1
4 4 1
52 52 1
3 39 2
63 63 1
54 54 1
13 13 3
28 28 2
53 53 1
3 4 1
33 33 1
7 7 1
84 84 1
71 71 1
57 57 1
69 73 1
38 38 1
42 42 1
34 34 1
28 28 1
20 20 1
89 89 1
25 25 1
19 19 1
67 67 2
39 39 1
9 9 1
16 16 1
10 10 1
6 6 1
57 57 2
45 45 1
76 76 1
15 15 1
51 51 1
31 31 1
37 37 2
73 73 1
3 3 1
33 33 1
47 47 1
9 9 1
89 90 1
25 25 1
72 72 1
11 14 1
40 40 1
66 66 2
14 14 1
68 68 1
52 52 1
55 55 1
27 27 1
9 9 1
86 88 1
27 28 1
50 56 2
63 63 1
36 36 1
6 9 1
15 15 1
74 74 1
62 62 1
35 35 1
66 66 2
17 70 1
31 79 1
88 88 1
66 66 1
51 51 1
56 56 1
66 66 1
39 39 1
16 16 1
73 73 1
42 42 1
85 86 1
45 45 1
86 86 1
78 80 2
32 80 1
28 28 1
65 65 1
30 30 1
42 43 2
17 17 1
67 67 1
70 70 1
49 49 1
43 43 1
32 82 2
63 64 1
64 64 1
26 76 1
29 29 2
23 23 1
6 6 1
82 82 1
7 7 1
76 76 1
13 13 1
56 63 1
21 21 1
65 65 1
27 27 1
51 51 2
22 22 1
11 11 1
68 68 1
78 78 1
83 83 2
79 79 2
45 45 1
10 62 1
45 45 1
14 14 1
87 87 1
45 45 1
8 8 1
5 5 2
38 38 1
24 24 1
9 9 2
82 82 1
73 73 1
11 11 1
42 42 1
31 31 1
50 50 1
89 89 1
4 4 1
60 64 1
71 71 1
25 25 2
8 8 1
9 9 2
87 87 1
41 42 1
45 45 1
37 37 1
27 27 1
7 89 1
39 39 1
13 87 1
67 67 1
76 76 1
64 65 1
46 46 1
28 28 1
26 26 1
81 81 1
77 77 2
51 51 1
53 53 2
27 27 1
33 33 1
64 64 1
40 40 1
16 16 1
60 60 2
16 61 1
11 11 2
20 21 1
25 25 1
12 12 1
37 37 1
11 11 1
65 65 1
27 27 1
88 88 1
40 42 2
78 78 1
3 3 2
57 57 1
85 85 1
4 4 2
4 5 1
6 6 1
76 76 1
10 40 1
75 76 1
25 25 1
73 73 1
9 9 1
78 78 1
7 7 1
57 63 1
65 65 1
4 4 1
38 38 1
20 20 1
78 78 2
87 87 1
20 20 1
3 3 2
3 72 1
15 15 1
22 22 1
49 49 1
19 19 1
3 3 1
17 17 1
40 40 1
23 23 1
11 11 1
75 75 1
77 77 1
26 26 1
83 83 1
7 7 1
57 60 1
32 33 1
49 49 2
45 45 2
78 78 1
38 38 1
4 9 1
87 87 1
11 11 1
15 15 1
61 61 1
36 36 2
40 40 1
72 72 1
63 63 1
68 68 1
11 11 2
61 61 1
52 52 1
4 4 1
66 66 1
78 78 1
53 54 1
65 65 1
53 53 1
88 88 1
59 59 2
6 6 1
13 18 1
38 38 1
65 65 1
49 49 1
71 71 1
64 64 1
40 41 1
14 16 1
35 35 1
66 66 1
49 49 1
68 69 1
56 57 1
67 67 1
65 65 1
51 51 1
19 19 1
28 28 1
13 13 1
85 85 1
76 80 1
84 84 1
65 65 1
89 89 1
64 64 1
65 65 1
51 51 1
17 17 2
50 50 1
58 68 1
78 78 1
76 76 2
19 19 1
17 17 1
36 36 1
23 23 1
54 54 1
85 85 3
47 47 1
7 7 1
89 89 1
14 71 1
55 55 1
72 72 1
57 63 1
65 65 2
59 59 2
58 58 2
77 77 1
85 85 1
71 71 1
89 89 1
11 11 1
53 68 1
6 6 1
40 41 1
49 49 1
9 9 1
5 5 1
20 20 1
77 77 1
19 19 1
78 78 1
17 17 1
21 21 1
58 64 1
26 27 1
41 42 1
82 83 1
78 78 1
38 38 1
58 58 2
17 18 2
72 72 1
15 15 1
13 73 1
51 51 1
67 67 1
56 56 1
68 68 1
21 21 2
25 25 1
80 80 1
39 39 1
14 15 2
19 19 1
66 67 1
55 55 1
50 50 1
54 55 1
89 89 1
26 26 1
79 79 1
10 10 1
64 64 1
76 76 1
23 82 1
33 33 2
12 12 1
59 59 2
43 43 1
71 71 2
36 36 1
15 15 1
51 51 1
70 70 2
73 74 1
26 26 1
7 7 1
84 85 1
3 3 2
57 57 1
16 16 1
44 44 1
36 36 1
39 39 2
23 23 2
38 38 1
45 45 2
7 7 1
20 20 1
51 52 1
42 42 1
85 85 1
39 42 1
61 61 1
34 34 1
62 68 1
76 82 1
49 49 2
80 80 1
48 48 1
74 74 1
43 45 1
83 83 1
12 12 1
19 19 1
66 66 3
18 39 1
12 12 1
68 68 1
15 45 1
32 32 1
71 71 1
28 28 1
33 33 2
11 57 1
26 26 1
41 41 1
58 58 1
74 74 1
80 80 1
21 21 1
26 26 1
81 82 1
71 71 1
82 82 1
49 49 1
40 41 1
86 86 1
16 16 1
70 70 1
53 53 1
48 49 2
6 6 1
69 69 1
87 87 1
18 40 1
81 81 1
61 61 1
23 23 1
43 50 1
35 35 1
74 82 2
19 19 1
87 87 1
60 60 1
79 79 2
20 21 1
77 77 1
52 52 1
46 49 1
28 28 1
50 50 1
72 72 1
25 88 1
37 37 1
18 19 1
5 5 1
50 51 1
46 46 1
9 9 1
84 84 1
87 87 1
5 5 2
41 41 1
29 29 1
25 26 1
17 26 1
42 42 1
7 7 2
5 5 1
38 38 1
23 23 1
51 51 2
89 89 1
44 44 2
76 77 1
79 81 1
40 40 1
37 37 2
28 37 1
9 9 2
54 67 1
44 44 1
81 81 1
52 55 1
34 34 1
42 42 1
43 43 1
78 78 1
81 81 1
65 66 1
31 31 1
57 63 1
11 11 1
71 71 1
45 45 1
8 8 1
62 62 1
40 40 1
4 4 1
24 34 1
12 12 1
45 45 1
41 41 1
86 86 1
80 81 1
8 8 1
52 52 1
74 74 1
68 69 1
78 78 1
50 50 1
55 55 1
69 69 1
13 14 1
56 57 1
19 19 2
30 30 1
7 7 1
45 45 1
22 22 1
74 74 1
53 56 1
84 84 1
40 40 1
27 27 2
37 37 1
10 10 1
53 54 1
85 86 1
86 86 1
88 88 1
29 29 1
54 67 1
55 55 1
36 36 2
21 21 1
54 54 1
48 48 1
89 89 1
69 70 1
56 56 1
29 29 1
11 11 1
31 31 1
35 35 1
86 86 2
83 83 1
24 24 2
5 9 1
20 20 1
65 65 1
32 32 1
50 50 1
11 51 1
26 27 1
15 79 1
61 61 1
24 84 1
78 78 1
51 52 1
4 4 1
79 79 1
19 20 1
73 73 2
25 88 1
45 45 1
24 24 1
24 24 1
38 39 1
85 85 1
75 75 1
19 19 1
54 60 1
14 14 1
86 86 1
48 49 1
56 56 1
57 57 1
24 32 1
45 46 1
80 82 1
21 21 1
89 89 1
56 56 2
12 12 1
6 6 1
74 74 1
30 30 1
80 80 1
90 90 1
59 60 1
54 54 1
18 18 1
85 85 1
90 90 1
44 44 2
52 52 1
11 63 1
15 15 1
49 49 1
38 38 1
38 38 2
54 54 1
55 55 1
53 53 1
33 33 1
80 80 1
23 30 1
49 49 1
29 29 1
14 14 1
54 55 1
30 30 1
37 37 1
47 47 2
51 51 2
44 44 1
50 53 1
11 11 1
68 68 1
20 20 1
86 88 2
20 20 1
64 64 2
74 74 1
77 77 2
61 61 1
21 21 1
82 82 1
76 78 1
67 67 2
19 19 1
18 70 1
30 30 1
45 45 1
35 35 1
68 68 1
48 48 1
51 62 1
86 89 1
84 84 1
12 12 2
58 58 1
44 44 1
29 29 1
56 56 1
16 16 1
54 54 1
44 44 1
62 62 1
48 49 1
14 14 1
39 39 2
36 36 1
38 38 1
63 63 1
56 56 1
11 11 1
10 10 1
34 34 1
74 74 1
47 47 1
30 34 1
30 30 1
18 18 1
61 64 1
80 80 1
82 82 1
43 43 1
59 59 1
66 66 1
68 68 1
34 34 1
77 77 1
27 27 1
50 50 1
65 65 2
57 57 2
55 55 1
20 20 1
56 56 1
17 17 1
54 54 1
37 37 1
44 44 1
53 54 1
35 35 1
50 50 1
60 63 1
42 42 1
46 79 2
44 44 1
32 32 1
76 76 1
53 53 1
33 33 1
64 65 1
67 67 1
47 47 1
39 39 1
43 43 1
30 30 1
39 39 1
51 51 1
8 8 1
41 41 1
27 27 1
77 77 1
84 84 1
79 79 1
5 41 1
4 4 1
69 69 2
43 50 1
15 15 1
61 61 1
44 44 1
61 61 1
12 12 1
3 3 1
9 9 1
15 15 1
52 53 1
56 64 1
11 11 1
63 63 1
35 36 1
25 74 1
37 37 2
37 37 1
77 77 1
59 59 2
47 47 1
48 48 1
14 14 1
43 43 1
45 45 1
12 12 1
4 27 1
47 47 1
40 40 1
4 4 1
41 41 1
14 14 1
70 70 1
25 74 1
59 59 1
83 83 1
18 18 1
17 17 1
80 80 1
17 18 1
21 21 1
3 17 1
38 38 1
24 84 1
7 7 1
32 32 1
3 74 1
66 66 1
40 41 1
78 78 1
57 57 1
22 22 1
70 70 1
39 39 1
50 53 1
54 54 1
74 76 1
78 78 1
43 43 1
87 88 1
30 30 1
14 71 1
82 82 1
70 70 1
89 89 1
51 62 1
16 16 1
42 42 1
37 37 1
60 60 1
72 72 1
24 24 1
84 84 1
27 27 1
76 76 1
84 84 1
52 52 1
15 15 1
33 33 2
14 14 2
18 20 1
62 62 1
21 21 1
54 54 1
70 70 1
86 86 1
17 20 3
78 78 2
42 42 1
24 24 1
71 71 1
9 9 1
62 62 1
7 7 1
40 48 2
47 47 2
78 78 1
13 16 1
30 30 1
15 16 1
74 74 1
27 27 1
21 21 1
67 67 1
30 30 1
77 77 1
33 33 1
22 22 1
52 52 2
89 89 1
52 55 1
85 85 1
75 75 1
5 70 1
68 68 1
90 90 1
47 47 1
80 80 1
6 6 1
46 66 1
24 24 1
9 9 1
43 43 1
28 28 1
36 36 1
21 21 1
64 65 1
15 15 1
47 47 1
86 87 1
21 21 1
4 4 1
76 76 1
84 84 1
80 80 1
21 21 1
