1	1	258.0
1	2	14.0
1	3	1.0
1	23	1.0
1	43	1.0
1	106	1.0
2	2	346.0
2	3	5.0
2	91	1.0
2	111	1.0
2	125	1.0
3	3	555.0
3	4	19.0
3	31	1.0
3	81	1.0
3	92	1.0
3	95	1.0
3	104	1.0
3	121	1.0
3	124	1.0
4	4	554.0
4	5	35.0
4	6	4.0
4	42	1.0
4	65	1.0
4	77	1.0
4	99	1.0
5	5	572.0
5	6	27.0
5	64	1.0
5	112	1.0
5	114	1.0
6	6	585.0
6	7	4.0
6	16	2.0
6	34	1.0
6	39	1.0
6	43	1.0
6	55	1.0
6	104	1.0
6	115	1.0
6	132	1.0
7	7	256.0
7	8	9.0
7	9	1.0
7	16	1.0
7	31	1.0
7	62	1.0
7	66	3.0
7	67	1.0
7	79	1.0
7	83	1.0
7	112	1.0
7	122	1.0
8	8	228.0
8	9	15.0
8	43	1.0
8	46	1.0
8	47	1.0
8	65	2.0
8	66	1.0
8	67	1.0
8	84	1.0
8	115	1.0
9	9	197.0
9	10	6.0
9	17	1.0
9	18	1.0
9	19	1.0
9	23	1.0
9	26	2.0
9	27	1.0
9	31	1.0
9	48	1.0
9	62	1.0
9	67	1.0
9	70	1.0
9	108	1.0
9	110	1.0
9	127	1.0
10	10	237.0
10	11	35.0
10	12	12.0
10	26	1.0
10	27	16.0
10	46	1.0
10	47	2.0
10	58	1.0
10	62	2.0
10	69	5.0
10	113	1.0
10	121	1.0
10	124	1.0
11	11	394.0
11	12	49.0
11	13	2.0
11	15	1.0
11	25	1.0
11	26	2.0
11	27	2.0
11	28	1.0
11	38	1.0
11	41	1.0
11	46	3.0
11	58	1.0
11	69	1.0
11	82	1.0
11	110	1.0
11	132	1.0
11	133	2.0
12	12	422.0
12	13	2.0
12	25	6.0
12	26	4.0
12	46	6.0
12	47	11.0
12	58	3.0
12	61	1.0
12	62	1.0
12	68	2.0
12	69	1.0
12	82	1.0
12	95	1.0
12	113	1.0
12	133	7.0
13	13	299.0
13	14	10.0
13	15	22.0
13	16	10.0
13	17	3.0
13	18	1.0
13	19	1.0
13	22	3.0
13	25	4.0
13	26	1.0
13	27	17.0
13	28	6.0
13	29	3.0
13	32	1.0
13	99	1.0
13	117	1.0
14	14	258.0
14	15	11.0
14	16	21.0
14	17	13.0
14	22	1.0
14	23	1.0
14	27	2.0
14	28	1.0
14	59	1.0
14	65	1.0
14	86	1.0
14	125	2.0
14	129	1.0
15	15	230.0
15	16	10.0
15	17	7.0
15	18	4.0
15	19	12.0
15	20	2.0
15	22	1.0
15	25	1.0
15	26	6.0
15	27	6.0
15	28	1.0
15	30	2.0
16	16	271.0
16	17	26.0
16	18	5.0
16	27	1.0
16	28	2.0
16	39	1.0
16	123	1.0
17	17	218.0
17	18	9.0
17	19	3.0
17	20	5.0
17	38	1.0
18	18	233.0
18	19	19.0
18	20	6.0
18	21	3.0
18	22	15.0
18	23	15.0
18	25	9.0
18	26	1.0
19	19	272.0
19	20	24.0
19	21	3.0
19	22	16.0
19	23	7.0
19	25	3.0
19	27	1.0
19	58	1.0
19	112	1.0
19	117	1.0
19	119	1.0
20	20	380.0
20	21	20.0
20	22	1.0
20	25	1.0
20	103	1.0
20	115	1.0
20	117	2.0
20	118	10.0
20	119	7.0
21	21	259.0
21	22	12.0
21	62	1.0
21	131	1.0
22	22	252.0
22	23	24.0
22	24	5.0
22	25	12.0
22	59	1.0
22	126	1.0
23	23	246.0
23	24	36.0
23	25	13.0
23	98	1.0
23	117	1.0
23	118	1.0
24	24	246.0
24	25	8.0
24	28	1.0
24	54	2.0
24	70	1.0
24	107	1.0
25	25	215.0
25	26	29.0
25	27	1.0
25	38	1.0
25	90	1.0
25	93	1.0
25	131	1.0
25	132	1.0
26	26	253.0
26	27	11.0
26	29	1.0
26	30	1.0
26	47	1.0
26	62	1.0
26	68	3.0
26	119	1.0
27	27	240.0
27	28	32.0
27	29	11.0
27	31	1.0
27	64	1.0
27	103	1.0
27	125	3.0
28	28	239.0
28	29	41.0
28	30	1.0
28	31	3.0
28	32	5.0
28	33	1.0
28	43	1.0
28	63	1.0
28	90	2.0
28	93	1.0
28	100	1.0
28	124	6.0
28	125	6.0
28	128	2.0
28	129	2.0
28	130	6.0
29	29	248.0
29	30	14.0
29	31	19.0
29	32	19.0
29	33	6.0
29	34	1.0
29	124	5.0
29	125	4.0
29	128	3.0
29	129	6.0
29	130	4.0
30	30	266.0
30	31	14.0
30	32	5.0
30	125	1.0
30	126	1.0
30	127	5.0
30	128	7.0
30	129	11.0
30	130	1.0
30	131	1.0
31	31	235.0
31	32	17.0
31	33	1.0
31	39	9.0
31	40	1.0
31	44	2.0
31	126	1.0
31	128	5.0
31	129	21.0
31	130	4.0
32	32	239.0
32	33	8.0
32	34	7.0
32	38	6.0
32	39	3.0
32	113	2.0
32	129	9.0
32	130	2.0
33	33	243.0
33	34	19.0
33	37	4.0
33	38	25.0
33	39	11.0
33	40	6.0
33	44	8.0
33	45	6.0
33	69	2.0
33	92	1.0
33	116	1.0
33	117	1.0
33	124	4.0
34	34	229.0
34	37	4.0
34	38	25.0
34	39	12.0
34	40	4.0
34	44	6.0
34	104	1.0
34	125	1.0
34	130	1.0
34	131	2.0
34	132	3.0
34	133	1.0
37	37	38.0
37	38	6.0
37	45	2.0
37	69	2.0
37	97	1.0
38	38	268.0
38	39	15.0
38	40	7.0
38	43	2.0
38	44	11.0
38	45	2.0
38	51	1.0
38	55	1.0
38	69	6.0
38	70	4.0
38	71	3.0
38	89	1.0
38	118	1.0
38	124	1.0
38	129	1.0
38	130	1.0
38	132	1.0
39	39	256.0
39	40	16.0
39	44	1.0
39	57	1.0
39	69	5.0
39	70	10.0
39	110	1.0
39	130	5.0
39	131	2.0
40	40	245.0
40	41	15.0
40	42	5.0
40	43	2.0
40	44	3.0
40	45	4.0
40	47	1.0
40	66	1.0
40	69	4.0
40	70	18.0
40	71	16.0
40	73	1.0
40	117	1.0
40	122	3.0
40	132	2.0
41	41	234.0
41	42	27.0
41	55	1.0
41	84	1.0
41	97	1.0
41	117	1.0
42	42	233.0
42	43	2.0
42	44	3.0
42	49	1.0
42	54	1.0
42	70	8.0
42	72	8.0
42	73	3.0
42	74	4.0
42	98	1.0
42	111	1.0
43	43	250.0
43	44	17.0
43	45	10.0
43	48	3.0
43	49	1.0
43	61	1.0
43	69	5.0
43	70	22.0
43	71	15.0
43	72	3.0
43	73	11.0
43	74	20.0
43	75	11.0
43	98	1.0
43	121	1.0
43	123	1.0
43	126	1.0
43	132	8.0
43	133	4.0
44	44	265.0
44	45	25.0
44	48	5.0
44	49	2.0
44	69	8.0
44	70	11.0
44	71	10.0
44	74	2.0
44	75	3.0
44	76	1.0
44	78	1.0
44	92	1.0
44	98	1.0
44	122	1.0
44	132	4.0
44	133	5.0
45	45	226.0
45	46	18.0
45	47	3.0
45	48	7.0
45	61	6.0
45	69	9.0
45	71	3.0
45	75	3.0
45	76	7.0
45	97	1.0
46	46	254.0
46	47	15.0
46	48	9.0
46	50	1.0
46	57	1.0
46	58	5.0
46	59	2.0
46	60	4.0
46	61	20.0
46	62	13.0
46	67	1.0
46	69	1.0
46	75	1.0
46	76	8.0
46	108	1.0
47	47	251.0
47	48	7.0
47	57	1.0
47	58	12.0
47	59	4.0
47	60	2.0
47	61	18.0
47	62	18.0
47	67	1.0
47	68	16.0
47	69	4.0
47	76	3.0
47	78	1.0
47	97	3.0
47	116	1.0
48	48	299.0
48	49	9.0
48	50	7.0
48	51	1.0
48	57	5.0
48	58	6.0
48	60	2.0
48	61	2.0
48	65	1.0
48	69	1.0
48	70	1.0
48	71	4.0
48	72	10.0
48	74	5.0
48	75	13.0
48	76	12.0
48	77	1.0
48	96	1.0
48	97	9.0
48	98	8.0
48	111	2.0
48	115	11.0
48	116	2.0
48	117	7.0
48	132	2.0
48	133	7.0
49	49	529.0
49	50	53.0
49	51	1.0
49	55	1.0
49	57	15.0
49	58	1.0
49	71	2.0
49	73	7.0
49	74	1.0
49	75	3.0
49	86	1.0
49	94	1.0
49	96	5.0
49	97	3.0
49	98	5.0
49	99	1.0
49	105	1.0
49	111	1.0
49	114	1.0
49	115	1.0
49	116	2.0
49	117	2.0
49	121	6.0
49	132	12.0
49	133	22.0
50	50	470.0
50	51	6.0
50	53	1.0
50	56	2.0
50	57	32.0
50	80	1.0
50	85	3.0
50	95	1.0
50	96	2.0
50	97	1.0
50	108	10.0
50	112	1.0
50	113	3.0
50	114	8.0
50	115	1.0
50	116	1.0
50	117	13.0
50	118	2.0
50	120	15.0
50	121	7.0
50	133	1.0
51	51	266.0
51	52	23.0
51	53	1.0
51	54	1.0
51	56	1.0
51	57	5.0
51	85	3.0
51	86	2.0
51	87	5.0
51	88	2.0
51	89	1.0
51	93	19.0
51	95	2.0
51	107	10.0
51	108	5.0
51	109	4.0
51	110	3.0
51	111	23.0
51	112	3.0
51	113	10.0
51	114	2.0
51	117	1.0
51	118	1.0
51	120	7.0
52	52	345.0
52	53	12.0
52	86	6.0
52	87	9.0
52	88	1.0
52	93	1.0
52	107	4.0
52	110	1.0
52	111	5.0
53	53	331.0
53	54	5.0
53	56	11.0
53	80	1.0
53	86	12.0
53	87	14.0
53	88	16.0
53	89	5.0
53	92	2.0
53	93	4.0
53	102	2.0
53	106	1.0
53	107	1.0
53	110	4.0
53	111	7.0
53	112	14.0
53	113	4.0
53	118	4.0
53	119	1.0
53	120	2.0
54	54	470.0
54	55	24.0
54	56	15.0
54	63	2.0
54	88	2.0
54	89	1.0
54	101	1.0
54	102	24.0
54	104	5.0
54	105	2.0
54	106	8.0
54	107	7.0
54	109	1.0
54	118	6.0
54	119	5.0
54	120	6.0
55	55	387.0
55	56	22.0
55	89	1.0
55	93	3.0
55	99	1.0
55	101	7.0
55	102	12.0
55	104	2.0
55	105	1.0
55	106	11.0
55	107	4.0
55	111	1.0
55	118	5.0
55	119	19.0
55	120	1.0
56	56	269.0
56	58	1.0
56	77	2.0
56	85	1.0
56	86	4.0
56	93	7.0
56	95	1.0
56	101	3.0
56	102	10.0
56	103	4.0
56	104	1.0
56	106	2.0
56	107	8.0
56	108	2.0
56	111	3.0
56	113	1.0
56	114	7.0
56	117	1.0
56	118	8.0
56	119	12.0
56	120	9.0
57	57	417.0
57	58	26.0
57	60	1.0
57	82	2.0
57	85	8.0
57	97	2.0
57	101	2.0
57	108	13.0
57	112	12.0
57	113	7.0
57	114	10.0
57	115	1.0
57	116	4.0
57	117	2.0
57	118	2.0
57	124	1.0
58	58	235.0
58	59	18.0
58	60	23.0
58	61	11.0
58	62	12.0
58	68	1.0
58	76	7.0
58	77	1.0
58	78	6.0
58	109	1.0
58	112	5.0
58	115	1.0
58	116	3.0
58	133	2.0
59	59	237.0
59	60	21.0
59	61	12.0
59	62	22.0
59	63	2.0
59	66	14.0
59	67	10.0
59	68	15.0
59	69	1.0
59	76	3.0
59	77	2.0
59	78	8.0
59	79	1.0
59	80	1.0
59	81	5.0
59	82	1.0
59	84	1.0
59	108	1.0
59	115	2.0
59	118	1.0
60	60	254.0
60	61	37.0
60	62	18.0
60	66	2.0
60	68	5.0
60	76	11.0
60	77	7.0
60	78	5.0
60	80	5.0
60	81	2.0
60	84	1.0
60	85	5.0
60	115	17.0
60	116	2.0
60	118	1.0
60	128	1.0
61	61	195.0
61	62	3.0
61	68	1.0
61	76	11.0
61	77	8.0
61	78	1.0
61	80	2.0
61	83	1.0
61	97	1.0
61	106	1.0
61	109	2.0
61	110	1.0
61	115	6.0
62	62	265.0
62	63	6.0
62	64	2.0
62	65	5.0
62	66	8.0
62	67	14.0
62	68	12.0
62	69	2.0
62	78	3.0
62	79	1.0
62	80	2.0
62	81	2.0
62	84	2.0
62	85	2.0
62	92	1.0
62	100	1.0
63	63	252.0
63	64	11.0
63	65	12.0
63	66	37.0
63	67	15.0
63	68	1.0
63	77	5.0
63	78	21.0
63	79	10.0
63	83	1.0
63	96	1.0
63	114	1.0
63	126	1.0
64	64	214.0
64	65	21.0
64	66	10.0
64	67	2.0
64	78	2.0
64	79	1.0
65	65	267.0
65	66	11.0
65	67	3.0
65	77	1.0
65	78	6.0
65	79	6.0
65	81	5.0
65	122	1.0
66	66	245.0
66	67	19.0
66	68	5.0
66	78	3.0
66	79	10.0
66	80	5.0
66	81	1.0
66	82	1.0
66	113	1.0
67	67	265.0
67	68	39.0
67	69	3.0
67	75	1.0
67	77	1.0
67	78	4.0
67	79	1.0
68	68	276.0
68	69	19.0
68	91	1.0
68	115	1.0
69	69	232.0
69	70	7.0
69	71	4.0
69	72	5.0
69	98	1.0
69	110	1.0
69	117	1.0
69	130	1.0
69	132	2.0
70	70	225.0
70	71	35.0
70	73	1.0
70	74	4.0
70	98	2.0
71	71	246.0
71	72	7.0
71	73	9.0
71	74	17.0
71	75	1.0
71	84	1.0
71	93	1.0
71	95	1.0
71	96	1.0
71	98	9.0
71	132	5.0
72	72	220.0
72	73	24.0
72	74	20.0
72	75	22.0
72	96	7.0
72	97	8.0
72	98	19.0
72	99	7.0
72	100	5.0
72	101	2.0
72	109	1.0
72	118	1.0
73	73	188.0
73	74	24.0
73	75	23.0
73	96	6.0
73	97	8.0
73	98	21.0
73	100	3.0
73	103	1.0
73	133	2.0
74	74	235.0
74	75	8.0
74	92	1.0
74	96	7.0
74	97	6.0
74	98	3.0
74	99	2.0
74	100	11.0
74	107	1.0
74	111	1.0
74	114	1.0
74	116	2.0
74	117	2.0
74	132	1.0
74	133	1.0
75	75	252.0
75	76	6.0
75	94	1.0
75	96	10.0
75	97	5.0
75	98	11.0
75	99	10.0
75	100	7.0
75	101	1.0
75	115	2.0
75	116	1.0
75	117	1.0
75	121	1.0
75	125	1.0
75	132	3.0
76	76	274.0
76	77	3.0
76	84	1.0
76	97	20.0
76	107	1.0
76	108	3.0
76	112	5.0
76	115	15.0
76	116	1.0
76	117	1.0
77	77	260.0
77	78	25.0
77	80	1.0
77	81	9.0
77	85	14.0
77	93	1.0
77	110	1.0
77	112	1.0
77	114	3.0
77	115	13.0
77	117	4.0
77	118	3.0
78	78	220.0
78	79	31.0
78	80	7.0
78	81	6.0
78	84	3.0
79	79	226.0
79	80	18.0
79	81	16.0
79	82	4.0
79	83	11.0
79	84	1.0
79	85	1.0
79	87	1.0
79	93	1.0
79	120	1.0
80	80	397.0
80	81	24.0
80	82	19.0
80	83	2.0
80	84	19.0
80	85	9.0
80	86	2.0
80	87	8.0
80	88	13.0
80	97	1.0
80	109	2.0
80	110	3.0
80	111	1.0
80	117	1.0
80	127	1.0
81	81	373.0
81	82	22.0
81	83	25.0
81	84	22.0
81	85	11.0
81	107	4.0
81	110	2.0
81	111	6.0
81	115	1.0
81	117	2.0
82	82	255.0
82	83	6.0
82	84	15.0
82	85	6.0
82	105	1.0
82	107	17.0
82	108	8.0
82	109	11.0
82	110	2.0
82	111	5.0
82	113	1.0
82	117	2.0
83	83	303.0
83	84	30.0
83	107	3.0
83	109	7.0
83	110	26.0
83	111	8.0
83	118	1.0
84	84	324.0
84	85	8.0
84	101	1.0
84	107	7.0
84	108	1.0
84	109	5.0
84	110	12.0
84	111	2.0
84	118	1.0
85	85	303.0
85	86	1.0
85	87	2.0
85	88	4.0
85	92	5.0
85	93	5.0
85	101	1.0
85	107	4.0
85	108	3.0
85	113	4.0
85	114	19.0
85	115	9.0
85	116	1.0
85	117	18.0
85	118	13.0
85	119	1.0
85	120	1.0
85	123	1.0
85	129	1.0
86	86	221.0
86	87	26.0
86	88	9.0
86	89	3.0
86	90	2.0
86	91	2.0
86	92	24.0
86	93	6.0
86	99	1.0
86	107	1.0
86	111	10.0
86	112	5.0
86	118	2.0
87	87	249.0
87	88	29.0
87	90	2.0
87	92	4.0
87	93	7.0
87	110	1.0
87	111	13.0
87	112	4.0
87	118	4.0
87	119	1.0
88	88	362.0
88	89	25.0
88	90	3.0
88	91	1.0
88	93	15.0
88	102	1.0
88	111	3.0
88	116	1.0
89	89	488.0
89	90	38.0
89	91	6.0
89	92	5.0
89	109	1.0
89	118	1.0
90	90	486.0
90	91	42.0
90	92	4.0
90	93	2.0
90	95	3.0
90	98	1.0
90	121	1.0
91	91	478.0
91	92	20.0
91	93	33.0
91	94	18.0
91	95	7.0
91	97	2.0
91	98	1.0
91	114	1.0
91	118	2.0
92	92	488.0
92	93	18.0
92	97	2.0
92	107	1.0
92	118	23.0
92	119	10.0
93	93	490.0
93	94	29.0
93	95	21.0
93	97	16.0
93	98	9.0
93	101	4.0
93	107	3.0
93	108	1.0
93	110	1.0
93	111	9.0
93	112	16.0
93	113	7.0
93	114	2.0
93	119	7.0
93	120	8.0
94	94	542.0
94	95	62.0
94	96	2.0
94	98	1.0
94	99	3.0
94	101	17.0
94	103	12.0
94	108	1.0
94	114	7.0
94	116	5.0
94	117	5.0
94	120	17.0
94	132	1.0
95	95	475.0
95	96	23.0
95	97	16.0
95	98	12.0
95	99	6.0
95	100	4.0
95	101	2.0
95	103	4.0
95	104	1.0
95	111	1.0
95	116	1.0
95	120	2.0
95	123	1.0
96	96	477.0
96	97	30.0
96	98	36.0
96	99	18.0
96	100	5.0
96	101	14.0
96	116	2.0
96	117	3.0
96	121	1.0
96	133	3.0
97	97	463.0
97	98	53.0
97	100	2.0
97	101	1.0
97	115	15.0
97	116	10.0
97	117	11.0
97	121	2.0
97	132	2.0
97	133	2.0
98	98	459.0
98	99	12.0
98	100	4.0
98	115	1.0
98	116	2.0
98	117	2.0
98	122	3.0
98	132	3.0
98	133	5.0
99	99	518.0
99	100	58.0
99	101	8.0
99	116	1.0
100	100	500.0
100	101	29.0
100	102	10.0
100	103	2.0
100	112	1.0
100	116	4.0
101	101	478.0
101	102	30.0
101	103	6.0
101	106	4.0
101	107	1.0
101	108	4.0
101	113	3.0
101	114	25.0
101	116	13.0
101	117	11.0
101	118	2.0
101	119	7.0
101	120	7.0
101	130	1.0
102	102	525.0
102	103	14.0
102	104	14.0
102	105	6.0
102	106	6.0
102	107	3.0
102	110	1.0
102	114	1.0
102	118	4.0
102	119	5.0
103	103	455.0
103	104	22.0
103	105	7.0
103	106	2.0
103	108	3.0
103	118	2.0
103	120	1.0
104	104	372.0
104	105	43.0
104	106	5.0
104	107	8.0
104	108	2.0
104	112	1.0
104	114	1.0
105	105	435.0
105	106	38.0
105	107	5.0
105	108	4.0
105	117	1.0
106	106	487.0
106	107	34.0
106	108	15.0
106	109	1.0
106	112	2.0
106	123	1.0
107	107	522.0
107	108	35.0
107	110	12.0
107	111	12.0
107	112	4.0
107	113	1.0
107	118	6.0
107	119	2.0
107	120	2.0
108	108	564.0
108	109	27.0
108	110	1.0
108	111	1.0
108	112	18.0
108	113	26.0
108	114	9.0
108	117	3.0
108	118	3.0
108	120	6.0
108	123	1.0
109	109	426.0
109	110	31.0
109	111	5.0
109	112	6.0
109	113	14.0
109	114	2.0
110	110	511.0
110	111	32.0
110	112	4.0
110	116	1.0
110	127	1.0
111	111	528.0
111	112	24.0
111	113	16.0
111	118	2.0
111	120	1.0
112	112	531.0
112	113	54.0
112	114	1.0
112	115	3.0
112	116	3.0
112	117	2.0
112	118	2.0
113	113	537.0
113	114	16.0
113	117	3.0
113	118	3.0
113	120	17.0
114	114	533.0
114	115	8.0
114	116	37.0
114	117	20.0
114	118	7.0
114	120	13.0
115	115	393.0
115	116	47.0
115	117	24.0
115	118	9.0
115	119	1.0
115	128	1.0
115	133	1.0
116	116	449.0
116	117	40.0
116	118	3.0
117	117	520.0
117	118	31.0
117	119	9.0
117	120	5.0
118	118	408.0
118	119	36.0
118	120	14.0
119	119	345.0
119	120	1.0
120	120	278.0
120	121	2.0
121	121	258.0
121	122	10.0
121	123	3.0
121	132	3.0
121	133	1.0
122	122	277.0
122	123	27.0
122	124	4.0
122	132	14.0
123	123	274.0
123	124	26.0
123	130	5.0
123	131	7.0
123	132	12.0
124	124	284.0
124	125	28.0
124	128	1.0
124	129	6.0
124	130	18.0
124	131	10.0
124	132	26.0
125	125	296.0
125	126	18.0
125	127	15.0
125	128	7.0
125	129	14.0
125	130	2.0
125	131	3.0
125	132	1.0
126	126	242.0
126	127	26.0
126	128	9.0
126	129	5.0
127	127	241.0
127	128	18.0
127	129	8.0
127	130	5.0
127	131	16.0
127	132	1.0
128	128	242.0
128	129	17.0
128	130	27.0
128	131	21.0
128	132	6.0
129	129	292.0
129	130	23.0
129	131	4.0
129	132	1.0
130	130	271.0
130	131	29.0
130	132	8.0
131	131	288.0
131	132	26.0
132	132	267.0
132	133	14.0
133	133	221.0
134	1	16.0
134	116	1.0
134	134	214.0
