1	1	202.0
1	2	8.0
1	3	1.0
1	6	2.0
1	38	1.0
1	53	3.0
1	55	1.0
1	69	1.0
1	83	1.0
1	94	1.0
1	118	1.0
1	124	7.0
1	125	1.0
1	128	1.0
1	131	5.0
1	132	3.0
2	2	206.0
2	3	8.0
2	4	2.0
2	50	1.0
2	53	1.0
2	59	1.0
2	69	1.0
2	122	1.0
2	123	1.0
2	124	5.0
2	125	1.0
3	3	207.0
3	4	4.0
3	5	3.0
3	6	4.0
3	31	1.0
3	43	1.0
3	46	1.0
3	49	2.0
3	53	3.0
3	61	1.0
3	79	1.0
3	82	1.0
3	83	1.0
3	94	1.0
3	105	1.0
3	108	3.0
3	123	1.0
3	124	4.0
3	125	4.0
3	132	1.0
4	4	224.0
4	5	15.0
4	12	1.0
4	14	1.0
4	24	1.0
4	29	1.0
4	31	1.0
4	32	1.0
4	45	1.0
4	48	3.0
4	49	2.0
4	53	2.0
4	54	4.0
4	62	1.0
4	73	1.0
4	79	2.0
4	81	1.0
4	83	1.0
4	87	1.0
4	93	2.0
4	95	2.0
4	96	1.0
4	97	1.0
4	104	1.0
4	108	3.0
4	110	1.0
4	122	2.0
4	124	2.0
5	5	210.0
5	14	1.0
5	15	6.0
5	18	3.0
5	24	2.0
5	25	3.0
5	48	1.0
5	54	3.0
5	78	1.0
5	82	4.0
5	86	1.0
5	90	1.0
5	91	1.0
5	93	3.0
5	97	2.0
5	98	1.0
5	105	1.0
5	106	1.0
5	108	2.0
6	6	214.0
6	7	1.0
6	43	1.0
6	45	1.0
6	46	2.0
6	47	2.0
6	48	2.0
6	53	2.0
6	54	3.0
6	61	1.0
6	81	1.0
6	82	1.0
6	91	1.0
6	93	3.0
6	94	1.0
6	105	1.0
6	108	2.0
6	109	1.0
6	120	1.0
6	125	1.0
6	133	1.0
7	7	153.0
7	8	6.0
7	10	2.0
7	11	5.0
7	12	2.0
7	17	3.0
7	19	1.0
7	20	1.0
7	22	1.0
7	31	3.0
7	32	1.0
7	33	1.0
7	34	1.0
7	38	3.0
7	40	1.0
7	53	1.0
7	54	1.0
7	55	5.0
7	56	3.0
7	58	1.0
7	60	2.0
7	61	1.0
7	67	1.0
7	101	3.0
7	102	1.0
7	103	3.0
7	109	2.0
7	114	1.0
8	8	173.0
8	9	2.0
8	10	4.0
8	11	10.0
8	31	1.0
8	32	1.0
8	33	3.0
8	34	1.0
8	55	3.0
8	63	1.0
8	65	1.0
8	66	3.0
8	100	2.0
8	101	4.0
8	102	1.0
8	105	2.0
8	109	1.0
8	114	1.0
9	9	155.0
9	10	2.0
9	11	1.0
9	14	3.0
9	17	1.0
9	31	6.0
9	34	1.0
9	56	1.0
9	65	8.0
9	66	1.0
10	10	172.0
10	11	8.0
10	55	1.0
10	123	1.0
11	11	188.0
11	12	9.0
11	31	1.0
11	55	1.0
11	99	1.0
11	120	1.0
11	125	1.0
12	12	182.0
12	13	4.0
12	15	4.0
12	16	2.0
12	20	1.0
12	54	1.0
12	55	2.0
12	56	3.0
12	78	1.0
12	93	1.0
12	97	4.0
12	98	2.0
12	99	1.0
12	119	1.0
13	13	193.0
13	14	12.0
13	15	6.0
13	16	1.0
13	17	1.0
13	19	2.0
13	20	5.0
13	45	1.0
13	46	1.0
13	55	1.0
13	81	1.0
13	85	1.0
13	97	1.0
13	98	3.0
13	119	2.0
13	125	1.0
13	128	2.0
14	14	184.0
14	15	6.0
14	16	2.0
14	17	4.0
14	18	1.0
14	19	1.0
14	20	5.0
14	44	1.0
14	48	1.0
14	54	1.0
14	55	1.0
14	81	1.0
14	111	1.0
14	115	2.0
14	117	2.0
15	15	183.0
15	16	4.0
15	18	2.0
15	19	1.0
15	20	1.0
15	24	3.0
15	25	1.0
15	27	1.0
15	54	1.0
15	81	4.0
15	91	3.0
15	93	1.0
15	96	1.0
15	97	4.0
15	98	1.0
15	111	1.0
15	117	1.0
15	126	1.0
15	128	2.0
16	16	163.0
16	17	21.0
16	57	1.0
16	62	1.0
16	81	1.0
16	91	1.0
16	92	1.0
17	17	186.0
17	18	2.0
17	55	6.0
17	56	4.0
17	62	1.0
17	71	1.0
17	81	2.0
17	116	1.0
18	18	159.0
18	19	5.0
18	20	1.0
18	21	1.0
18	23	3.0
18	24	2.0
18	54	1.0
18	56	1.0
18	91	1.0
18	92	4.0
19	19	187.0
19	20	15.0
19	21	5.0
19	23	1.0
19	91	2.0
19	92	6.0
19	112	1.0
19	129	1.0
20	20	182.0
20	21	4.0
20	22	1.0
20	23	2.0
20	24	2.0
20	54	1.0
20	67	1.0
20	74	1.0
20	91	7.0
20	92	5.0
20	95	1.0
20	105	1.0
21	21	198.0
21	22	4.0
21	23	2.0
21	24	3.0
21	25	9.0
21	26	1.0
21	27	1.0
21	29	2.0
21	87	1.0
21	88	1.0
21	90	6.0
21	92	7.0
21	94	5.0
21	95	7.0
21	96	2.0
21	98	2.0
22	22	170.0
22	23	7.0
22	24	1.0
22	25	5.0
22	29	6.0
22	78	1.0
22	91	1.0
22	92	5.0
22	93	2.0
22	94	4.0
22	95	3.0
22	96	1.0
22	119	1.0
22	120	1.0
23	23	178.0
23	24	9.0
23	25	4.0
23	26	2.0
23	28	3.0
23	29	1.0
23	31	2.0
23	44	1.0
23	54	2.0
23	78	1.0
23	94	5.0
23	95	2.0
23	99	2.0
23	119	5.0
23	132	1.0
24	24	177.0
24	25	7.0
24	26	1.0
24	54	1.0
24	92	1.0
24	95	2.0
24	102	1.0
24	105	1.0
24	119	5.0
24	120	3.0
24	124	1.0
24	125	1.0
25	25	153.0
25	26	13.0
25	27	1.0
25	28	2.0
25	29	3.0
25	30	5.0
25	31	3.0
25	44	1.0
25	45	2.0
25	53	1.0
25	77	2.0
25	78	1.0
25	82	1.0
25	84	1.0
25	88	1.0
25	93	6.0
25	94	4.0
25	95	5.0
25	125	1.0
26	26	210.0
26	27	4.0
26	28	1.0
26	29	4.0
26	30	3.0
26	44	2.0
26	56	1.0
26	63	1.0
26	79	1.0
26	80	1.0
26	85	1.0
26	86	2.0
26	88	1.0
26	93	9.0
26	94	1.0
26	95	4.0
26	96	1.0
26	112	1.0
27	27	171.0
27	28	9.0
27	29	3.0
27	31	5.0
27	32	1.0
27	34	1.0
27	41	2.0
27	42	1.0
27	43	1.0
27	44	3.0
27	45	1.0
27	47	2.0
27	54	1.0
27	85	5.0
27	86	10.0
27	87	2.0
27	88	2.0
27	95	1.0
27	113	1.0
28	28	166.0
28	29	5.0
28	30	2.0
28	31	3.0
28	43	1.0
28	44	6.0
28	77	2.0
28	84	1.0
28	86	1.0
28	87	1.0
28	88	1.0
28	93	1.0
28	94	1.0
28	99	4.0
28	100	5.0
28	118	1.0
28	119	1.0
28	123	1.0
29	29	153.0
29	30	8.0
29	31	1.0
29	33	1.0
29	42	1.0
29	44	4.0
29	45	2.0
29	59	1.0
29	77	1.0
29	80	1.0
29	81	2.0
29	85	1.0
29	88	1.0
29	89	2.0
29	91	2.0
29	93	3.0
29	95	1.0
29	96	1.0
29	100	7.0
29	101	3.0
29	122	1.0
30	30	172.0
30	31	4.0
30	33	2.0
30	34	3.0
30	43	1.0
30	44	1.0
30	45	5.0
30	77	1.0
30	79	1.0
30	84	1.0
30	88	1.0
30	89	1.0
30	93	4.0
30	96	3.0
30	98	1.0
30	100	2.0
30	102	2.0
30	113	1.0
30	119	1.0
30	129	1.0
31	31	156.0
31	32	4.0
31	34	1.0
31	38	1.0
31	44	1.0
31	45	1.0
31	80	1.0
31	83	1.0
31	85	4.0
31	86	4.0
31	87	3.0
31	88	2.0
31	94	3.0
31	101	5.0
31	102	1.0
31	103	1.0
31	128	1.0
32	32	187.0
32	33	8.0
32	34	1.0
32	38	4.0
32	40	3.0
32	41	5.0
32	44	1.0
32	85	1.0
32	94	1.0
32	95	1.0
32	110	1.0
32	112	2.0
32	117	1.0
32	127	1.0
33	33	156.0
33	34	10.0
33	37	1.0
33	38	2.0
33	39	1.0
33	40	16.0
33	41	7.0
33	42	1.0
33	45	1.0
33	83	1.0
33	102	1.0
33	128	1.0
34	34	169.0
34	37	1.0
34	38	4.0
34	40	5.0
34	41	2.0
34	46	1.0
34	83	2.0
34	96	1.0
34	101	1.0
34	102	2.0
34	124	1.0
37	37	15.0
37	38	3.0
37	39	1.0
38	38	162.0
38	39	8.0
38	40	2.0
38	43	1.0
38	55	2.0
38	66	1.0
38	67	1.0
38	68	1.0
38	75	2.0
38	83	2.0
38	84	2.0
38	101	1.0
38	103	1.0
39	39	169.0
39	40	12.0
39	41	3.0
39	54	1.0
39	55	5.0
39	60	3.0
39	61	1.0
39	65	1.0
39	67	6.0
39	68	5.0
39	69	1.0
39	73	1.0
39	101	2.0
39	102	2.0
39	103	1.0
39	104	1.0
40	40	179.0
40	41	10.0
40	42	1.0
40	43	2.0
40	54	7.0
40	55	10.0
40	58	2.0
40	61	1.0
40	95	1.0
40	103	2.0
40	119	1.0
41	41	165.0
41	42	6.0
41	43	3.0
41	44	1.0
41	48	1.0
41	49	1.0
41	52	1.0
41	54	4.0
41	55	1.0
41	58	3.0
41	103	3.0
41	126	1.0
42	42	201.0
42	43	8.0
42	44	6.0
42	55	1.0
42	58	2.0
42	79	1.0
42	105	1.0
42	107	1.0
43	43	179.0
43	44	10.0
43	46	1.0
43	47	5.0
43	48	1.0
43	54	10.0
43	55	2.0
43	56	1.0
43	58	3.0
43	83	1.0
43	94	3.0
43	98	2.0
43	99	1.0
44	44	157.0
44	45	14.0
44	46	1.0
44	47	1.0
44	49	1.0
44	54	4.0
44	58	1.0
44	59	1.0
44	86	1.0
44	87	1.0
44	88	1.0
44	89	1.0
44	93	3.0
44	133	1.0
45	45	146.0
45	46	8.0
45	47	4.0
45	48	2.0
45	49	1.0
45	54	2.0
45	58	1.0
45	59	3.0
45	77	5.0
45	78	1.0
45	79	1.0
45	80	2.0
45	84	1.0
45	85	2.0
45	91	1.0
45	93	3.0
45	94	3.0
45	95	1.0
45	104	1.0
45	113	1.0
46	46	191.0
46	47	16.0
46	48	5.0
46	54	1.0
46	55	3.0
46	56	2.0
46	57	2.0
46	79	1.0
46	87	2.0
46	90	1.0
46	93	4.0
46	94	8.0
46	95	2.0
46	100	1.0
46	104	1.0
46	108	1.0
46	123	1.0
47	47	177.0
47	48	6.0
47	49	4.0
47	50	1.0
47	54	3.0
47	56	1.0
47	58	2.0
47	75	2.0
47	77	1.0
47	90	1.0
47	93	1.0
47	94	3.0
47	104	1.0
47	111	2.0
47	112	1.0
48	48	203.0
48	49	9.0
48	53	1.0
48	54	1.0
48	57	11.0
48	95	3.0
48	105	1.0
48	125	1.0
49	49	193.0
49	50	4.0
49	51	2.0
49	55	1.0
49	57	4.0
49	59	1.0
49	68	1.0
49	84	1.0
49	95	1.0
49	98	1.0
50	50	208.0
50	51	1.0
50	52	1.0
50	53	4.0
50	59	1.0
50	87	1.0
50	93	1.0
50	110	1.0
50	111	3.0
50	117	1.0
50	122	3.0
50	123	4.0
50	124	3.0
50	125	3.0
50	127	1.0
51	51	180.0
51	52	7.0
51	53	3.0
51	54	1.0
51	122	3.0
51	124	1.0
52	52	208.0
52	53	10.0
52	121	1.0
52	125	1.0
52	126	2.0
52	127	1.0
52	130	2.0
53	53	215.0
53	54	1.0
53	59	2.0
53	61	3.0
53	69	1.0
53	104	2.0
53	106	2.0
53	117	1.0
53	121	2.0
53	122	2.0
53	123	1.0
53	125	4.0
53	128	2.0
53	129	1.0
53	130	1.0
54	54	213.0
54	55	6.0
54	56	2.0
54	58	8.0
54	60	1.0
54	78	1.0
54	94	4.0
54	95	6.0
54	96	1.0
54	97	1.0
54	98	1.0
55	55	174.0
55	56	3.0
55	103	2.0
55	114	1.0
56	56	216.0
56	57	3.0
56	60	1.0
56	93	1.0
56	97	1.0
56	125	2.0
56	129	1.0
57	57	204.0
57	83	1.0
58	58	185.0
58	59	10.0
58	60	3.0
58	62	1.0
58	63	4.0
58	64	1.0
58	65	3.0
58	66	1.0
58	80	1.0
58	84	1.0
58	91	1.0
58	103	7.0
58	104	2.0
58	106	1.0
59	59	164.0
59	60	12.0
59	61	4.0
59	63	8.0
59	104	4.0
60	60	160.0
60	61	5.0
60	62	10.0
60	63	1.0
60	64	1.0
60	66	1.0
60	67	3.0
60	79	1.0
60	101	1.0
60	102	1.0
60	103	7.0
60	104	6.0
60	105	3.0
61	61	152.0
61	62	6.0
61	63	7.0
61	89	1.0
61	101	1.0
61	102	1.0
61	103	6.0
61	104	2.0
62	62	166.0
62	63	7.0
62	65	1.0
62	67	1.0
62	79	4.0
62	80	1.0
62	82	1.0
62	83	1.0
62	102	1.0
62	104	2.0
63	63	203.0
63	64	6.0
63	65	8.0
63	66	3.0
63	104	3.0
63	105	1.0
63	106	3.0
64	64	176.0
64	65	5.0
64	66	3.0
64	72	2.0
64	79	3.0
64	104	2.0
64	117	1.0
65	65	199.0
65	66	24.0
65	78	1.0
65	79	1.0
65	80	1.0
65	102	1.0
65	104	1.0
65	105	1.0
65	106	1.0
65	107	4.0
65	124	1.0
66	66	167.0
66	67	2.0
66	70	6.0
66	71	2.0
66	72	3.0
66	76	1.0
66	77	4.0
67	67	144.0
67	68	6.0
67	69	3.0
67	70	3.0
67	71	2.0
67	75	4.0
67	90	2.0
67	91	1.0
67	94	1.0
67	103	1.0
68	68	166.0
68	69	5.0
68	72	1.0
68	74	4.0
68	75	7.0
68	83	2.0
68	84	2.0
68	85	1.0
68	86	1.0
68	87	2.0
68	88	1.0
68	89	7.0
68	90	5.0
68	91	2.0
69	69	189.0
69	70	5.0
69	71	4.0
69	72	5.0
69	74	3.0
69	75	4.0
69	76	2.0
69	77	3.0
69	78	1.0
69	83	1.0
69	87	1.0
69	88	1.0
69	105	2.0
69	106	2.0
69	123	1.0
70	70	182.0
70	71	15.0
70	74	4.0
70	75	1.0
70	76	1.0
70	77	3.0
70	78	1.0
70	106	2.0
70	107	1.0
71	71	176.0
71	72	6.0
71	74	1.0
71	75	2.0
71	76	4.0
71	77	4.0
71	86	1.0
71	87	1.0
71	105	1.0
71	131	1.0
72	72	191.0
72	73	8.0
72	74	6.0
72	75	8.0
72	76	1.0
72	78	3.0
72	79	3.0
72	80	1.0
72	87	2.0
72	94	1.0
72	104	10.0
72	106	1.0
73	73	163.0
73	74	10.0
73	75	3.0
73	76	2.0
73	77	1.0
73	79	3.0
73	80	1.0
73	81	3.0
73	83	1.0
73	85	2.0
73	87	1.0
73	99	1.0
73	101	7.0
73	102	5.0
73	124	1.0
74	74	154.0
74	75	10.0
74	76	4.0
74	87	1.0
74	94	1.0
74	99	3.0
74	100	2.0
74	101	4.0
74	102	1.0
74	108	1.0
74	115	1.0
75	75	169.0
75	76	1.0
75	85	1.0
75	87	1.0
75	88	2.0
75	101	2.0
75	102	1.0
75	104	6.0
75	105	2.0
76	76	184.0
76	77	14.0
76	78	2.0
76	79	1.0
76	80	1.0
76	84	2.0
76	85	8.0
76	86	1.0
76	88	1.0
76	99	3.0
76	102	2.0
76	104	1.0
76	107	1.0
77	77	173.0
77	78	7.0
77	79	2.0
77	85	6.0
77	86	1.0
77	93	1.0
77	94	1.0
77	95	4.0
77	96	1.0
77	98	2.0
77	99	1.0
77	100	2.0
77	104	2.0
77	107	1.0
78	78	164.0
78	79	13.0
78	80	4.0
78	82	1.0
78	84	3.0
78	93	1.0
78	94	1.0
78	95	4.0
78	96	5.0
78	97	3.0
78	98	4.0
78	99	4.0
78	102	1.0
78	103	1.0
78	105	2.0
79	79	140.0
79	80	7.0
79	81	2.0
79	84	2.0
79	88	1.0
79	93	1.0
79	94	3.0
79	95	2.0
79	96	1.0
79	98	1.0
79	99	5.0
79	100	4.0
79	105	1.0
79	116	1.0
80	80	158.0
80	81	2.0
80	82	5.0
80	83	4.0
80	84	5.0
80	93	2.0
80	94	1.0
80	97	2.0
81	81	167.0
81	82	16.0
81	84	1.0
81	86	3.0
81	89	1.0
81	91	2.0
81	93	4.0
81	95	1.0
81	97	5.0
81	101	1.0
81	114	1.0
81	116	1.0
82	82	173.0
82	83	8.0
82	84	7.0
82	85	1.0
82	88	2.0
82	96	2.0
82	97	4.0
82	98	6.0
82	120	1.0
83	83	151.0
83	84	19.0
83	85	8.0
83	86	5.0
83	87	1.0
83	88	4.0
83	92	1.0
83	132	1.0
84	84	160.0
84	85	5.0
84	87	2.0
84	93	1.0
84	98	1.0
84	132	1.0
85	85	174.0
85	86	7.0
85	87	2.0
85	88	4.0
85	99	2.0
85	102	2.0
85	104	4.0
86	86	151.0
86	87	9.0
86	88	8.0
86	89	4.0
86	92	8.0
86	94	1.0
86	95	1.0
86	96	2.0
87	87	163.0
87	88	10.0
87	89	16.0
87	90	2.0
87	91	2.0
87	92	1.0
87	95	1.0
87	96	4.0
88	88	169.0
88	89	9.0
88	90	1.0
88	91	4.0
88	93	1.0
88	94	2.0
88	99	1.0
88	104	4.0
88	105	1.0
88	114	1.0
89	89	163.0
89	90	11.0
89	91	11.0
89	92	1.0
89	95	1.0
89	100	1.0
90	90	171.0
90	91	12.0
90	92	1.0
90	93	1.0
90	96	3.0
91	91	151.0
91	92	8.0
91	93	6.0
91	95	1.0
92	92	211.0
92	93	6.0
92	104	1.0
93	93	191.0
93	94	3.0
93	95	5.0
93	96	1.0
94	94	167.0
94	95	4.0
94	96	4.0
94	100	1.0
95	95	222.0
95	96	2.0
95	120	1.0
96	96	206.0
96	97	4.0
96	98	6.0
96	99	3.0
96	119	1.0
96	125	1.0
97	97	212.0
97	98	13.0
97	99	2.0
97	132	1.0
98	98	181.0
98	99	2.0
98	130	1.0
99	99	174.0
99	100	6.0
100	100	183.0
100	101	3.0
100	102	1.0
100	115	1.0
101	101	187.0
101	102	18.0
101	103	4.0
101	104	1.0
101	105	1.0
101	107	1.0
101	122	1.0
102	102	198.0
102	103	2.0
102	104	1.0
102	105	3.0
103	103	175.0
103	104	2.0
103	105	1.0
103	107	1.0
104	104	172.0
104	105	11.0
104	107	1.0
105	105	163.0
105	106	9.0
105	107	3.0
105	108	3.0
105	109	1.0
105	110	1.0
105	112	1.0
105	125	1.0
106	106	197.0
106	107	6.0
106	111	1.0
107	107	185.0
107	108	11.0
107	109	7.0
107	125	1.0
108	108	214.0
108	109	3.0
108	113	2.0
108	114	2.0
109	109	210.0
109	110	4.0
109	112	2.0
109	113	1.0
109	116	1.0
110	110	221.0
110	111	8.0
110	112	8.0
110	113	6.0
110	117	2.0
110	128	1.0
111	111	204.0
111	112	7.0
111	113	5.0
111	114	7.0
111	115	2.0
111	116	1.0
111	117	6.0
111	120	1.0
111	123	2.0
111	124	1.0
111	125	1.0
111	127	1.0
112	112	193.0
112	113	7.0
112	114	3.0
112	121	2.0
113	113	203.0
113	114	8.0
113	115	3.0
113	116	1.0
113	118	3.0
113	119	2.0
113	120	1.0
113	121	1.0
114	114	204.0
114	115	7.0
114	116	4.0
114	117	6.0
114	118	2.0
114	120	2.0
114	128	2.0
114	130	1.0
115	115	187.0
115	116	9.0
115	117	4.0
115	118	5.0
115	126	1.0
115	128	1.0
115	130	7.0
115	131	1.0
116	116	187.0
116	117	13.0
116	118	6.0
116	119	1.0
116	120	2.0
116	122	1.0
117	117	173.0
117	118	8.0
117	119	1.0
117	120	1.0
117	128	2.0
117	130	2.0
117	132	1.0
118	118	183.0
118	119	8.0
118	120	2.0
118	128	6.0
118	130	2.0
118	131	2.0
119	119	186.0
119	120	5.0
119	121	2.0
119	124	1.0
119	128	7.0
119	129	2.0
119	130	1.0
120	120	181.0
120	121	9.0
120	122	1.0
120	123	2.0
120	127	1.0
121	121	220.0
121	122	9.0
121	123	1.0
122	122	187.0
122	123	13.0
122	132	1.0
123	123	200.0
123	124	13.0
123	125	3.0
123	128	1.0
124	124	189.0
124	125	10.0
124	128	1.0
124	130	1.0
124	131	2.0
125	125	198.0
125	126	7.0
125	127	1.0
125	128	6.0
125	130	1.0
125	131	2.0
126	126	208.0
126	127	7.0
126	129	12.0
126	130	2.0
126	131	3.0
127	127	185.0
127	128	16.0
127	129	5.0
127	130	6.0
128	128	195.0
128	129	5.0
128	130	2.0
129	129	170.0
129	130	9.0
129	131	2.0
130	130	177.0
130	131	5.0
130	132	1.0
131	131	174.0
131	132	9.0
131	133	2.0
132	132	177.0
132	133	15.0
133	133	129.0
134	2	2.0
134	38	1.0
134	67	2.0
134	69	1.0
134	72	1.0
134	83	1.0
134	124	1.0
134	132	5.0
134	133	3.0
134	134	180.0
