1	1	250.0
1	2	18.0
1	3	7.0
1	4	3.0
1	5	1.0
1	12	1.0
1	55	1.0
1	68	1.0
1	69	1.0
1	84	1.0
1	85	6.0
1	92	1.0
1	105	1.0
1	126	1.0
1	153	1.0
2	2	252.0
2	3	14.0
2	4	8.0
2	5	10.0
2	10	1.0
2	11	1.0
2	12	2.0
2	13	1.0
2	14	1.0
2	59	1.0
2	85	1.0
2	121	1.0
2	134	1.0
2	175	1.0
2	188	1.0
3	3	277.0
3	4	6.0
3	5	6.0
3	6	3.0
3	7	4.0
3	10	1.0
3	14	1.0
3	48	1.0
3	80	2.0
3	81	1.0
3	102	4.0
3	103	1.0
3	104	2.0
3	130	1.0
3	177	1.0
4	4	209.0
4	5	22.0
4	6	8.0
4	7	6.0
4	8	2.0
4	10	6.0
4	12	1.0
4	13	2.0
4	15	1.0
4	26	3.0
4	39	1.0
4	40	1.0
4	60	1.0
4	68	1.0
4	78	1.0
4	80	1.0
4	144	1.0
4	178	1.0
4	186	3.0
4	189	1.0
5	5	227.0
5	6	10.0
5	7	14.0
5	10	1.0
5	11	2.0
5	12	1.0
5	18	1.0
5	20	1.0
5	28	1.0
5	36	2.0
5	39	1.0
5	80	1.0
5	81	1.0
5	154	1.0
6	6	254.0
6	7	16.0
6	8	8.0
6	9	8.0
6	10	2.0
6	11	2.0
6	12	1.0
6	14	1.0
6	15	1.0
6	17	1.0
6	38	2.0
6	39	8.0
6	80	1.0
6	81	1.0
6	83	6.0
6	88	2.0
6	90	3.0
6	103	1.0
6	108	2.0
6	109	2.0
6	189	1.0
6	190	3.0
7	7	278.0
7	8	16.0
7	9	2.0
7	10	3.0
7	12	1.0
7	17	2.0
7	21	1.0
7	22	1.0
7	23	1.0
7	25	1.0
7	39	6.0
7	48	1.0
7	71	1.0
7	75	1.0
7	77	2.0
7	78	2.0
7	79	5.0
7	80	1.0
7	83	1.0
7	88	18.0
7	89	2.0
7	90	6.0
7	93	1.0
7	189	1.0
7	190	2.0
8	8	262.0
8	9	7.0
8	10	2.0
8	13	1.0
8	17	1.0
8	18	3.0
8	19	2.0
8	22	1.0
8	25	1.0
8	31	1.0
8	38	3.0
8	39	3.0
8	46	1.0
8	47	1.0
8	48	5.0
8	49	1.0
8	77	4.0
8	78	4.0
8	79	11.0
8	87	1.0
8	88	4.0
8	89	1.0
8	105	1.0
8	146	1.0
8	177	1.0
8	179	1.0
8	181	1.0
8	184	1.0
9	9	137.0
9	10	12.0
9	11	4.0
9	12	6.0
9	13	6.0
9	14	6.0
9	15	1.0
9	16	1.0
9	38	3.0
9	39	1.0
9	45	1.0
9	46	1.0
9	49	1.0
9	80	1.0
9	110	1.0
9	115	1.0
9	130	1.0
9	171	1.0
9	172	2.0
9	173	1.0
9	175	1.0
9	184	1.0
9	189	2.0
9	190	2.0
10	10	228.0
10	11	22.0
10	12	22.0
10	13	5.0
10	14	3.0
10	15	1.0
10	16	2.0
10	17	3.0
10	18	1.0
10	20	4.0
10	43	1.0
10	44	2.0
10	45	13.0
10	46	5.0
10	48	1.0
10	70	2.0
10	73	1.0
10	76	1.0
10	79	2.0
10	80	6.0
10	81	2.0
10	84	1.0
10	89	2.0
10	91	7.0
10	109	5.0
10	110	5.0
10	115	1.0
10	152	1.0
10	171	1.0
10	172	2.0
10	182	1.0
10	184	1.0
11	11	204.0
11	12	21.0
11	13	12.0
11	14	7.0
11	15	1.0
11	16	5.0
11	17	4.0
11	18	7.0
11	20	1.0
11	31	1.0
11	44	1.0
11	45	4.0
11	46	3.0
11	47	2.0
11	48	1.0
11	69	1.0
11	70	3.0
11	72	2.0
11	73	3.0
11	80	7.0
11	81	1.0
11	89	2.0
11	91	2.0
11	109	8.0
11	110	3.0
11	116	2.0
11	121	2.0
11	171	2.0
11	172	2.0
11	174	4.0
11	182	4.0
11	189	9.0
12	12	235.0
12	13	8.0
12	14	10.0
12	15	2.0
12	16	3.0
12	17	1.0
12	20	2.0
12	38	2.0
12	80	7.0
12	81	2.0
12	83	1.0
12	101	1.0
12	103	1.0
12	106	1.0
12	107	1.0
12	109	2.0
12	110	1.0
12	128	1.0
12	140	1.0
12	143	1.0
12	148	1.0
12	156	1.0
12	171	2.0
12	172	15.0
12	173	3.0
12	174	7.0
12	175	1.0
12	182	2.0
12	189	3.0
13	13	193.0
13	14	19.0
13	15	13.0
13	18	1.0
13	19	1.0
13	20	1.0
13	22	2.0
13	26	1.0
13	37	1.0
13	46	2.0
13	111	2.0
13	112	1.0
13	113	1.0
13	150	2.0
13	161	1.0
13	171	4.0
13	172	2.0
13	174	8.0
13	175	1.0
13	181	2.0
13	182	2.0
13	185	1.0
13	187	3.0
13	188	5.0
13	189	6.0
14	14	171.0
14	15	15.0
14	16	5.0
14	18	2.0
14	19	3.0
14	20	2.0
14	42	1.0
14	44	1.0
14	45	3.0
14	64	1.0
14	70	1.0
14	91	1.0
14	93	1.0
14	99	1.0
14	105	6.0
14	109	1.0
14	110	1.0
14	111	1.0
14	113	1.0
14	163	1.0
14	171	4.0
14	172	14.0
14	173	5.0
14	185	1.0
14	187	11.0
14	188	6.0
15	15	214.0
15	16	10.0
15	17	1.0
15	19	6.0
15	44	2.0
15	46	1.0
15	80	2.0
15	89	1.0
15	92	3.0
15	93	4.0
15	99	3.0
15	100	3.0
15	101	7.0
15	102	3.0
15	103	1.0
15	109	3.0
15	111	2.0
15	113	1.0
15	126	1.0
15	171	6.0
15	172	5.0
15	187	4.0
15	188	1.0
15	190	2.0
16	16	234.0
16	17	17.0
16	19	5.0
16	20	3.0
16	21	2.0
16	22	4.0
16	24	5.0
16	25	4.0
16	35	1.0
16	44	3.0
16	71	2.0
16	72	1.0
16	73	1.0
16	80	1.0
16	89	2.0
16	91	10.0
16	92	4.0
16	93	7.0
16	95	1.0
16	97	1.0
16	99	7.0
16	100	2.0
16	101	8.0
16	102	10.0
16	103	2.0
16	113	1.0
16	152	1.0
16	171	6.0
16	172	3.0
16	178	1.0
16	187	1.0
17	17	213.0
17	18	3.0
17	19	2.0
17	20	3.0
17	21	10.0
17	22	1.0
17	24	3.0
17	25	3.0
17	37	1.0
17	38	3.0
17	44	2.0
17	45	3.0
17	46	2.0
17	47	1.0
17	48	10.0
17	49	1.0
17	68	2.0
17	69	2.0
17	70	3.0
17	71	7.0
17	72	7.0
17	73	2.0
17	80	1.0
17	87	2.0
17	89	1.0
17	91	1.0
17	98	1.0
17	99	6.0
17	100	3.0
17	101	1.0
17	102	4.0
17	110	2.0
17	172	1.0
17	187	2.0
17	189	1.0
18	18	219.0
18	19	22.0
18	20	13.0
18	21	1.0
18	25	2.0
18	38	7.0
18	43	5.0
18	46	3.0
18	47	3.0
18	48	4.0
18	49	1.0
18	55	1.0
18	62	1.0
18	68	3.0
18	69	1.0
18	71	1.0
18	72	2.0
18	74	3.0
18	87	6.0
18	88	7.0
18	89	4.0
18	112	3.0
18	116	7.0
18	125	1.0
18	162	1.0
18	188	1.0
18	189	4.0
19	19	232.0
19	20	21.0
19	21	1.0
19	22	2.0
19	24	1.0
19	25	6.0
19	32	1.0
19	34	5.0
19	38	3.0
19	43	10.0
19	44	5.0
19	47	3.0
19	48	9.0
19	49	2.0
19	64	2.0
19	67	1.0
19	68	1.0
19	95	1.0
19	109	1.0
19	112	2.0
19	116	1.0
19	118	2.0
19	185	1.0
19	186	1.0
19	187	5.0
19	188	1.0
19	189	2.0
20	20	245.0
20	21	12.0
20	22	2.0
20	25	3.0
20	30	1.0
20	31	1.0
20	32	1.0
20	34	1.0
20	38	4.0
20	43	5.0
20	44	3.0
20	47	1.0
20	48	5.0
20	49	4.0
20	64	3.0
20	67	6.0
20	68	1.0
20	80	2.0
20	81	1.0
20	110	2.0
20	116	1.0
20	117	3.0
20	187	1.0
20	189	1.0
21	21	215.0
21	22	23.0
21	23	4.0
21	24	9.0
21	25	5.0
21	26	1.0
21	28	1.0
21	30	13.0
21	31	2.0
21	32	2.0
21	34	1.0
21	35	3.0
21	64	7.0
21	65	5.0
21	66	11.0
21	67	6.0
21	68	2.0
21	84	1.0
21	85	1.0
21	94	1.0
21	101	1.0
21	113	1.0
21	135	1.0
21	164	1.0
22	22	220.0
22	23	7.0
22	24	12.0
22	25	17.0
22	26	1.0
22	28	2.0
22	29	2.0
22	30	4.0
22	31	1.0
22	35	5.0
22	40	1.0
22	58	1.0
22	62	1.0
22	64	3.0
22	65	5.0
22	66	12.0
22	67	5.0
22	68	7.0
22	71	1.0
22	76	1.0
22	80	1.0
22	85	2.0
22	86	2.0
22	87	1.0
22	99	1.0
22	102	4.0
22	107	1.0
22	186	1.0
23	23	198.0
23	24	12.0
23	25	2.0
23	29	4.0
23	39	1.0
23	62	1.0
23	65	2.0
23	68	2.0
23	75	11.0
23	76	6.0
23	77	3.0
23	79	1.0
23	80	9.0
23	81	7.0
23	83	1.0
23	84	3.0
23	85	7.0
23	86	7.0
23	87	2.0
23	158	7.0
23	166	1.0
24	24	249.0
24	25	10.0
24	26	3.0
24	28	3.0
24	29	6.0
24	30	1.0
24	38	2.0
24	48	2.0
24	65	2.0
24	66	7.0
24	67	4.0
24	68	8.0
24	71	2.0
24	75	1.0
24	76	8.0
24	85	5.0
24	87	3.0
24	99	3.0
24	102	1.0
24	157	2.0
24	158	1.0
24	164	1.0
25	25	221.0
25	26	5.0
25	27	2.0
25	28	4.0
25	29	4.0
25	30	9.0
25	31	12.0
25	32	1.0
25	33	5.0
25	34	1.0
25	35	3.0
25	40	1.0
25	48	5.0
25	49	2.0
25	68	3.0
25	87	1.0
25	95	1.0
25	96	2.0
25	99	6.0
25	157	2.0
25	158	2.0
26	26	226.0
26	27	9.0
26	28	3.0
26	29	4.0
26	30	5.0
26	31	8.0
26	32	1.0
26	33	3.0
26	34	6.0
26	35	14.0
26	37	1.0
26	38	1.0
26	39	1.0
26	43	1.0
26	48	1.0
26	53	6.0
26	54	7.0
26	56	1.0
26	57	1.0
26	64	1.0
26	96	4.0
26	97	1.0
26	99	1.0
26	102	2.0
26	105	1.0
26	107	3.0
26	108	1.0
27	27	207.0
27	28	13.0
27	29	8.0
27	30	8.0
27	31	9.0
27	32	3.0
27	33	3.0
27	35	7.0
27	36	6.0
27	37	7.0
27	39	1.0
27	57	5.0
27	60	1.0
27	62	3.0
27	63	4.0
27	64	2.0
27	65	2.0
27	66	1.0
27	71	1.0
27	96	1.0
27	97	1.0
27	130	1.0
27	144	1.0
27	185	2.0
28	28	201.0
28	29	11.0
28	30	12.0
28	31	5.0
28	33	6.0
28	35	11.0
28	36	1.0
28	42	1.0
28	55	1.0
28	57	1.0
28	62	1.0
28	63	9.0
28	64	5.0
28	65	5.0
28	66	1.0
28	67	1.0
28	96	3.0
28	97	1.0
28	99	1.0
28	100	1.0
29	29	169.0
29	30	20.0
29	31	1.0
29	32	1.0
29	33	1.0
29	35	16.0
29	36	2.0
29	56	1.0
29	57	5.0
29	58	1.0
29	59	1.0
29	60	1.0
29	61	1.0
29	62	3.0
29	63	2.0
29	64	1.0
29	65	1.0
29	97	2.0
29	99	2.0
30	30	176.0
30	31	14.0
30	32	3.0
30	33	5.0
30	34	3.0
30	35	10.0
30	36	3.0
30	37	1.0
30	38	2.0
30	57	1.0
30	63	1.0
30	64	7.0
30	66	1.0
30	67	1.0
30	68	1.0
30	70	3.0
30	86	1.0
30	96	1.0
31	31	204.0
31	32	17.0
31	33	9.0
31	34	10.0
31	35	9.0
31	36	1.0
31	37	3.0
31	39	1.0
31	49	1.0
31	56	1.0
31	59	1.0
31	63	1.0
31	64	6.0
31	68	1.0
31	86	2.0
31	87	1.0
31	90	1.0
31	94	1.0
31	95	1.0
31	96	5.0
31	97	3.0
31	98	2.0
31	176	1.0
32	32	201.0
32	33	13.0
32	34	22.0
32	35	8.0
32	36	12.0
32	37	2.0
32	55	6.0
32	87	2.0
32	88	2.0
32	90	1.0
32	92	2.0
32	94	1.0
32	96	4.0
32	165	1.0
32	175	1.0
32	187	1.0
33	33	195.0
33	34	18.0
33	35	13.0
33	36	8.0
33	49	1.0
33	57	1.0
33	60	1.0
33	64	1.0
33	65	1.0
33	66	1.0
33	104	1.0
33	118	1.0
33	125	1.0
33	167	1.0
34	34	207.0
34	35	4.0
34	36	11.0
34	37	6.0
34	38	3.0
34	40	2.0
34	52	1.0
34	54	2.0
34	83	1.0
34	96	1.0
34	98	1.0
34	162	1.0
35	35	225.0
35	36	2.0
35	38	2.0
35	39	3.0
35	40	1.0
35	53	3.0
35	54	10.0
35	55	1.0
35	56	2.0
35	57	8.0
35	96	3.0
35	97	1.0
35	98	1.0
35	99	10.0
35	143	1.0
35	171	1.0
35	190	1.0
36	36	206.0
36	37	14.0
36	38	1.0
36	41	1.0
36	42	1.0
36	43	5.0
36	44	3.0
36	52	3.0
36	55	7.0
36	77	1.0
36	83	1.0
36	87	1.0
36	116	1.0
36	124	2.0
36	125	3.0
36	127	6.0
36	128	3.0
36	130	2.0
36	181	1.0
36	182	1.0
37	37	190.0
37	38	6.0
37	39	1.0
37	40	1.0
37	42	10.0
37	43	9.0
37	44	4.0
37	45	3.0
37	53	1.0
37	86	1.0
37	87	3.0
37	112	1.0
37	115	4.0
37	124	6.0
37	125	4.0
37	126	1.0
37	127	2.0
37	128	3.0
37	177	1.0
37	181	2.0
37	182	2.0
38	38	244.0
38	39	16.0
38	40	3.0
38	43	4.0
38	44	1.0
38	47	10.0
38	48	7.0
38	49	1.0
38	67	1.0
38	68	3.0
38	71	1.0
38	72	1.0
38	75	1.0
38	87	1.0
38	88	1.0
38	108	1.0
38	117	1.0
38	137	1.0
39	39	228.0
39	40	7.0
39	41	1.0
39	48	2.0
39	52	1.0
39	59	1.0
39	69	1.0
39	81	1.0
39	88	1.0
39	137	1.0
40	40	216.0
40	41	4.0
40	48	1.0
40	49	1.0
40	54	1.0
40	55	1.0
40	57	1.0
40	85	2.0
40	100	2.0
40	128	2.0
40	156	1.0
40	157	1.0
40	158	1.0
40	185	3.0
41	41	230.0
41	42	7.0
41	44	1.0
41	46	4.0
41	47	3.0
41	93	1.0
41	115	1.0
41	117	1.0
41	119	1.0
41	121	1.0
41	123	3.0
41	125	3.0
41	128	5.0
41	143	1.0
41	152	1.0
41	156	1.0
41	159	1.0
41	160	1.0
41	165	3.0
41	166	2.0
41	178	1.0
41	185	12.0
41	186	4.0
42	42	205.0
42	43	10.0
42	44	11.0
42	45	3.0
42	46	6.0
42	47	6.0
42	48	2.0
42	97	1.0
42	113	1.0
42	114	1.0
42	115	7.0
42	116	1.0
42	117	2.0
42	124	3.0
42	125	4.0
42	126	1.0
42	128	3.0
42	152	1.0
42	156	2.0
42	157	1.0
42	164	1.0
42	168	2.0
42	174	1.0
42	179	1.0
42	181	5.0
42	182	4.0
42	183	3.0
42	184	1.0
42	186	7.0
42	187	1.0
43	43	190.0
43	44	17.0
43	45	8.0
43	46	8.0
43	47	9.0
43	48	5.0
43	65	1.0
43	114	1.0
43	115	2.0
43	122	1.0
43	124	1.0
43	133	1.0
43	150	1.0
43	155	1.0
43	156	1.0
43	182	1.0
43	186	4.0
43	187	3.0
44	44	187.0
44	45	18.0
44	46	7.0
44	47	6.0
44	48	7.0
44	70	1.0
44	85	1.0
44	97	1.0
44	115	3.0
44	125	2.0
44	167	2.0
44	168	1.0
44	174	2.0
44	175	2.0
44	181	3.0
44	182	7.0
44	183	1.0
44	185	1.0
44	187	2.0
45	45	175.0
45	46	20.0
45	47	9.0
45	48	8.0
45	70	7.0
45	71	1.0
45	88	1.0
45	89	1.0
45	117	6.0
45	119	1.0
45	125	1.0
45	145	1.0
45	167	1.0
45	181	2.0
45	182	2.0
46	46	179.0
46	47	12.0
46	71	1.0
46	91	2.0
46	115	1.0
46	117	2.0
46	118	3.0
46	119	1.0
46	121	1.0
46	156	2.0
46	157	5.0
46	162	1.0
46	167	1.0
46	174	2.0
46	182	2.0
47	47	208.0
47	48	5.0
47	70	2.0
47	82	1.0
47	89	2.0
47	94	1.0
47	120	1.0
47	156	2.0
47	159	1.0
47	160	2.0
47	164	3.0
47	165	8.0
47	167	5.0
47	168	11.0
47	181	1.0
48	48	187.0
48	49	5.0
48	68	2.0
48	80	1.0
48	87	1.0
48	89	2.0
48	157	9.0
48	167	1.0
49	49	137.0
49	67	1.0
49	77	2.0
49	87	1.0
49	136	1.0
49	166	1.0
52	52	59.0
52	53	5.0
52	54	1.0
52	55	9.0
52	69	2.0
52	85	1.0
52	86	4.0
52	88	1.0
52	107	2.0
52	127	2.0
52	128	1.0
52	131	1.0
52	132	1.0
53	53	218.0
53	54	7.0
53	55	13.0
53	56	7.0
53	57	3.0
53	58	1.0
53	59	2.0
53	63	4.0
53	65	1.0
53	69	2.0
53	70	4.0
53	71	2.0
53	73	1.0
53	75	1.0
53	86	3.0
53	87	3.0
53	88	3.0
53	91	15.0
53	92	3.0
53	95	3.0
53	107	3.0
53	108	1.0
53	110	2.0
53	130	2.0
53	132	3.0
53	133	1.0
53	150	1.0
53	169	1.0
53	187	1.0
54	54	205.0
54	55	18.0
54	56	6.0
54	57	11.0
54	58	4.0
54	66	2.0
54	67	1.0
54	68	6.0
54	71	1.0
54	72	1.0
54	74	3.0
54	75	9.0
54	84	1.0
54	85	6.0
54	88	1.0
54	110	1.0
54	119	1.0
55	55	194.0
55	56	11.0
55	57	6.0
55	59	1.0
55	63	1.0
55	68	2.0
55	69	2.0
55	70	4.0
55	71	1.0
55	74	2.0
55	76	2.0
55	81	1.0
55	84	11.0
55	85	8.0
55	91	3.0
55	104	2.0
55	105	3.0
55	107	5.0
55	122	3.0
55	127	1.0
55	132	2.0
55	133	2.0
55	158	2.0
55	183	1.0
56	56	223.0
56	57	9.0
56	58	2.0
56	59	1.0
56	62	5.0
56	63	1.0
56	64	1.0
56	66	1.0
56	68	5.0
56	70	2.0
56	71	2.0
56	73	2.0
56	74	3.0
56	75	4.0
56	76	1.0
56	84	4.0
56	85	1.0
56	91	1.0
56	92	1.0
56	124	1.0
56	130	3.0
56	131	7.0
56	151	1.0
56	163	1.0
56	165	1.0
57	57	214.0
57	58	6.0
57	59	1.0
57	60	4.0
57	62	3.0
57	63	1.0
57	64	3.0
57	65	4.0
57	67	2.0
57	68	3.0
57	70	2.0
57	71	3.0
57	72	8.0
57	73	4.0
57	74	4.0
57	75	1.0
57	92	1.0
57	149	1.0
58	58	205.0
58	59	9.0
58	60	13.0
58	61	1.0
58	62	7.0
58	63	7.0
58	64	7.0
58	65	1.0
58	66	1.0
58	67	1.0
58	71	4.0
58	72	2.0
58	75	1.0
58	85	1.0
58	86	1.0
58	89	3.0
58	92	9.0
58	93	1.0
58	100	1.0
58	109	1.0
58	117	1.0
58	118	1.0
58	157	1.0
58	168	1.0
59	59	197.0
59	60	9.0
59	61	4.0
59	62	7.0
59	63	9.0
59	64	4.0
59	70	6.0
59	71	1.0
59	75	1.0
59	84	1.0
59	86	1.0
59	88	6.0
59	90	4.0
59	91	2.0
59	92	3.0
59	93	7.0
59	95	1.0
59	97	2.0
59	133	1.0
59	162	1.0
59	174	1.0
60	60	201.0
60	61	10.0
60	62	7.0
60	63	9.0
60	64	6.0
60	65	2.0
60	70	2.0
60	71	1.0
60	72	2.0
60	88	7.0
60	89	4.0
60	90	2.0
60	93	6.0
60	108	1.0
60	118	1.0
60	160	1.0
60	190	1.0
61	61	175.0
61	62	14.0
61	63	10.0
61	64	6.0
61	89	2.0
61	143	1.0
61	169	1.0
62	62	160.0
62	63	6.0
62	64	4.0
62	65	2.0
62	88	1.0
62	89	3.0
62	93	1.0
62	151	1.0
62	157	1.0
62	162	1.0
62	178	1.0
63	63	184.0
63	64	14.0
63	65	4.0
63	67	4.0
63	70	3.0
63	86	1.0
63	88	1.0
63	91	1.0
63	92	3.0
63	93	1.0
63	94	1.0
64	64	179.0
64	65	11.0
64	66	4.0
64	67	4.0
64	68	2.0
64	70	2.0
64	71	1.0
64	73	2.0
64	88	3.0
64	89	1.0
64	92	4.0
64	93	3.0
64	98	3.0
64	108	1.0
64	142	1.0
64	158	1.0
64	172	1.0
65	65	163.0
65	66	9.0
65	67	6.0
65	68	1.0
65	69	1.0
65	70	1.0
65	71	5.0
65	72	3.0
65	73	7.0
65	74	1.0
65	84	5.0
65	85	5.0
65	87	1.0
65	90	1.0
65	92	4.0
65	121	2.0
65	141	1.0
65	188	1.0
66	66	205.0
66	67	13.0
66	68	11.0
66	71	5.0
66	72	2.0
66	85	1.0
66	87	1.0
66	88	1.0
66	93	1.0
66	146	1.0
67	67	165.0
67	68	12.0
67	71	2.0
67	72	6.0
67	73	10.0
67	84	2.0
67	85	1.0
67	111	1.0
67	132	1.0
67	176	1.0
67	178	1.0
67	183	1.0
68	68	224.0
68	69	3.0
68	70	2.0
68	71	18.0
68	72	4.0
68	73	6.0
68	74	7.0
68	81	2.0
68	85	3.0
68	88	2.0
68	89	2.0
68	103	1.0
68	105	1.0
68	151	1.0
68	153	1.0
68	175	1.0
69	69	145.0
69	70	4.0
69	71	7.0
69	73	5.0
69	74	10.0
69	75	1.0
69	80	3.0
69	84	1.0
69	86	2.0
69	87	2.0
69	89	2.0
69	90	2.0
69	91	4.0
69	92	6.0
69	93	3.0
69	94	2.0
69	95	7.0
69	98	1.0
69	100	2.0
69	102	1.0
69	103	1.0
69	104	2.0
69	105	5.0
69	106	6.0
69	107	5.0
69	108	6.0
69	110	2.0
69	158	1.0
69	163	1.0
69	178	1.0
70	70	188.0
70	71	5.0
70	72	10.0
70	73	8.0
70	74	1.0
70	76	2.0
70	86	1.0
70	87	1.0
70	89	3.0
70	91	6.0
70	92	3.0
70	95	2.0
70	97	1.0
70	99	1.0
70	104	3.0
70	105	3.0
70	106	1.0
70	107	5.0
70	108	7.0
70	110	2.0
71	71	197.0
71	72	7.0
71	73	8.0
71	74	7.0
71	75	3.0
71	76	1.0
71	81	1.0
71	96	1.0
72	72	205.0
72	73	21.0
72	74	9.0
72	75	1.0
72	80	3.0
72	87	2.0
72	89	4.0
72	95	1.0
72	149	1.0
73	73	203.0
73	74	6.0
73	80	1.0
73	89	8.0
73	90	2.0
73	91	1.0
73	92	2.0
73	93	4.0
73	112	1.0
74	74	230.0
74	75	17.0
74	76	2.0
74	80	2.0
74	81	3.0
74	84	1.0
74	86	3.0
74	89	2.0
74	90	1.0
74	92	2.0
74	93	1.0
74	105	1.0
74	118	1.0
74	173	1.0
74	185	1.0
75	75	176.0
75	76	10.0
75	77	2.0
75	78	1.0
75	80	4.0
75	81	6.0
75	82	3.0
75	83	2.0
75	84	1.0
75	85	2.0
75	86	2.0
75	89	1.0
75	108	1.0
76	76	205.0
76	77	8.0
76	80	1.0
76	81	8.0
76	82	23.0
76	83	6.0
76	84	7.0
76	85	6.0
76	86	5.0
76	107	1.0
77	77	245.0
77	78	17.0
77	80	3.0
77	81	6.0
77	82	8.0
77	83	5.0
77	84	1.0
77	86	2.0
77	123	1.0
77	131	1.0
78	78	223.0
78	79	11.0
78	80	3.0
78	81	1.0
78	82	6.0
78	83	4.0
78	84	1.0
78	86	1.0
78	87	1.0
78	104	1.0
78	128	1.0
78	153	1.0
79	79	225.0
79	80	8.0
79	81	1.0
79	83	1.0
79	90	2.0
80	80	197.0
80	81	10.0
80	82	1.0
80	83	1.0
80	84	1.0
80	85	1.0
80	86	1.0
80	89	2.0
80	101	4.0
80	103	1.0
80	105	2.0
80	108	1.0
80	109	9.0
80	110	7.0
80	124	1.0
80	147	1.0
81	81	228.0
81	82	20.0
81	83	7.0
81	84	7.0
81	85	1.0
81	86	2.0
81	87	2.0
81	89	1.0
81	90	3.0
81	91	1.0
81	104	1.0
81	105	2.0
81	109	4.0
81	110	5.0
81	144	1.0
81	155	1.0
82	82	235.0
82	83	11.0
82	84	12.0
82	85	3.0
82	86	3.0
82	107	1.0
82	146	1.0
83	83	221.0
83	84	18.0
83	85	2.0
83	100	1.0
83	103	3.0
83	105	5.0
83	108	1.0
83	109	3.0
83	123	1.0
84	84	225.0
84	85	25.0
84	87	2.0
84	91	2.0
84	104	1.0
84	105	2.0
84	107	4.0
84	110	6.0
85	85	219.0
85	86	1.0
85	87	4.0
85	105	4.0
85	107	1.0
85	169	1.0
86	86	188.0
86	87	24.0
86	88	2.0
86	89	1.0
86	90	1.0
86	91	2.0
86	92	1.0
86	95	1.0
86	96	1.0
86	97	4.0
86	172	1.0
86	175	1.0
87	87	223.0
87	88	4.0
87	89	2.0
87	90	2.0
87	91	1.0
87	92	1.0
87	93	1.0
87	94	2.0
87	95	1.0
87	97	7.0
87	98	1.0
87	119	2.0
87	141	1.0
88	88	180.0
88	89	18.0
88	90	9.0
88	91	6.0
88	92	2.0
88	93	4.0
88	95	2.0
88	118	1.0
88	147	1.0
88	184	2.0
89	89	213.0
89	90	2.0
89	92	3.0
89	93	1.0
89	94	1.0
89	105	1.0
89	173	1.0
90	90	214.0
90	91	7.0
90	92	18.0
90	93	7.0
90	94	5.0
90	97	4.0
90	98	4.0
90	107	1.0
90	159	1.0
90	171	1.0
91	91	212.0
91	92	11.0
91	93	5.0
91	94	15.0
91	95	2.0
91	97	1.0
91	98	2.0
91	99	2.0
91	105	2.0
91	107	2.0
91	155	1.0
91	171	6.0
92	92	211.0
92	93	26.0
92	94	11.0
92	95	2.0
92	97	4.0
92	98	1.0
92	99	4.0
92	101	1.0
92	102	1.0
92	141	1.0
92	171	1.0
93	93	173.0
93	94	12.0
93	95	2.0
93	96	1.0
93	97	1.0
93	99	9.0
93	171	2.0
94	94	207.0
94	95	29.0
94	96	3.0
94	97	8.0
94	98	4.0
94	99	4.0
94	100	2.0
94	102	1.0
94	106	4.0
94	107	1.0
94	120	1.0
95	95	231.0
95	96	18.0
95	97	11.0
95	98	14.0
95	99	9.0
95	100	2.0
95	105	2.0
95	106	2.0
95	107	2.0
95	108	1.0
96	96	224.0
96	97	23.0
96	98	19.0
96	99	7.0
96	100	1.0
96	186	1.0
97	97	202.0
97	98	26.0
97	99	3.0
97	100	3.0
97	106	1.0
97	187	1.0
98	98	186.0
98	99	5.0
98	102	1.0
99	99	199.0
99	100	14.0
99	101	4.0
99	105	2.0
99	136	1.0
100	100	195.0
100	101	11.0
100	102	17.0
100	103	4.0
100	104	10.0
100	105	1.0
100	106	9.0
100	132	1.0
100	188	1.0
101	101	233.0
101	102	13.0
101	103	12.0
101	104	8.0
101	109	3.0
101	110	1.0
102	102	225.0
102	103	23.0
102	104	2.0
102	105	3.0
102	106	1.0
102	107	2.0
102	125	1.0
102	142	1.0
103	103	192.0
103	104	9.0
103	106	2.0
103	108	2.0
103	109	12.0
103	110	4.0
103	137	1.0
103	159	1.0
103	188	1.0
104	104	200.0
104	105	10.0
104	106	8.0
104	107	1.0
104	108	5.0
104	109	1.0
104	110	5.0
104	113	1.0
104	129	1.0
104	152	1.0
104	170	1.0
104	171	1.0
105	105	208.0
105	106	3.0
105	107	10.0
105	108	5.0
105	109	10.0
105	110	6.0
105	170	9.0
105	171	3.0
105	173	8.0
105	176	1.0
106	106	217.0
106	107	13.0
106	108	8.0
106	110	4.0
106	111	1.0
106	169	4.0
106	170	3.0
106	177	1.0
107	107	213.0
107	108	11.0
107	110	1.0
107	111	2.0
107	146	1.0
107	161	1.0
107	167	1.0
107	168	3.0
107	169	2.0
107	174	1.0
107	177	1.0
108	108	230.0
108	109	10.0
108	110	8.0
108	111	6.0
108	112	1.0
108	116	1.0
108	135	1.0
108	159	2.0
108	161	2.0
108	162	1.0
108	165	2.0
108	167	1.0
108	168	2.0
109	109	222.0
109	110	20.0
109	111	2.0
109	112	1.0
109	114	1.0
109	138	1.0
109	157	2.0
109	159	4.0
109	160	4.0
109	162	3.0
109	163	6.0
109	166	3.0
110	110	206.0
110	111	9.0
110	114	1.0
110	115	1.0
110	131	1.0
110	159	2.0
110	160	2.0
110	161	2.0
110	162	2.0
110	163	4.0
110	164	1.0
110	166	4.0
110	168	1.0
110	169	1.0
111	111	199.0
111	112	11.0
111	113	6.0
111	114	3.0
111	115	6.0
111	116	10.0
111	117	1.0
111	118	1.0
111	153	1.0
111	159	4.0
111	163	2.0
111	164	4.0
111	166	3.0
111	167	3.0
111	168	5.0
111	169	2.0
111	175	1.0
111	177	2.0
111	178	2.0
111	179	1.0
111	185	2.0
111	186	2.0
111	187	2.0
111	188	4.0
112	112	188.0
112	113	1.0
112	114	2.0
112	115	6.0
112	116	7.0
112	117	1.0
112	118	1.0
112	124	1.0
112	153	1.0
112	161	1.0
112	163	4.0
112	164	3.0
112	166	2.0
112	167	4.0
112	168	12.0
112	169	1.0
112	175	2.0
112	176	5.0
112	177	1.0
112	178	2.0
112	179	2.0
112	184	1.0
112	185	4.0
112	188	1.0
113	113	175.0
113	114	7.0
113	115	5.0
113	116	3.0
113	117	6.0
113	119	1.0
113	152	1.0
113	153	1.0
113	166	1.0
113	167	3.0
113	168	1.0
113	176	11.0
113	177	4.0
113	179	3.0
113	180	11.0
113	183	2.0
113	184	8.0
113	185	2.0
113	187	3.0
113	188	2.0
114	114	214.0
114	115	2.0
114	116	7.0
114	117	3.0
114	118	12.0
114	119	1.0
114	124	1.0
114	125	1.0
114	138	1.0
114	151	1.0
114	152	1.0
114	153	4.0
114	154	3.0
114	155	1.0
114	163	3.0
114	164	2.0
114	165	1.0
114	166	7.0
114	167	1.0
114	168	2.0
114	169	1.0
114	174	2.0
114	180	3.0
114	182	1.0
114	183	7.0
114	184	8.0
114	185	10.0
114	186	12.0
115	115	220.0
115	116	18.0
115	118	5.0
115	123	1.0
115	124	3.0
115	151	1.0
115	152	2.0
115	180	3.0
115	181	6.0
115	182	7.0
115	183	6.0
115	184	8.0
115	185	4.0
116	116	172.0
116	117	2.0
116	118	3.0
116	124	3.0
116	126	1.0
116	139	1.0
116	150	1.0
116	152	1.0
116	153	1.0
116	163	1.0
116	166	4.0
116	167	7.0
116	168	3.0
116	174	1.0
116	175	1.0
116	176	1.0
116	177	3.0
116	180	5.0
116	181	3.0
116	183	10.0
116	184	6.0
116	185	3.0
117	117	194.0
117	118	14.0
117	119	10.0
117	121	1.0
117	122	3.0
117	123	6.0
117	124	1.0
117	126	9.0
117	150	2.0
117	152	9.0
117	154	2.0
117	155	2.0
117	164	2.0
117	165	7.0
117	168	2.0
117	183	5.0
117	184	1.0
117	185	2.0
117	186	3.0
118	118	225.0
118	119	12.0
118	121	1.0
118	122	2.0
118	126	3.0
118	140	1.0
118	150	2.0
118	151	1.0
118	152	3.0
118	153	5.0
118	154	4.0
118	155	1.0
118	157	1.0
118	158	1.0
118	163	1.0
118	164	2.0
118	165	3.0
118	167	4.0
118	183	5.0
118	184	2.0
118	185	5.0
118	186	11.0
118	187	1.0
118	189	1.0
119	119	142.0
119	120	9.0
119	121	9.0
119	122	3.0
119	123	2.0
119	125	1.0
119	126	3.0
119	127	1.0
119	150	2.0
119	151	2.0
119	152	9.0
119	153	2.0
119	154	1.0
119	155	1.0
119	165	1.0
119	167	3.0
119	169	1.0
119	171	5.0
119	172	6.0
119	173	6.0
119	183	2.0
119	184	1.0
119	185	6.0
119	186	6.0
120	120	187.0
120	121	15.0
120	122	4.0
120	123	2.0
120	127	1.0
120	128	3.0
120	129	4.0
120	149	3.0
120	150	7.0
120	151	1.0
120	152	1.0
120	164	9.0
120	165	5.0
120	166	1.0
120	169	2.0
120	170	3.0
120	171	2.0
120	172	7.0
120	175	2.0
120	176	6.0
120	177	2.0
120	184	15.0
120	186	1.0
121	121	194.0
121	122	24.0
121	123	8.0
121	124	2.0
121	125	2.0
121	127	4.0
121	129	7.0
121	132	1.0
121	134	2.0
121	146	1.0
121	149	1.0
121	150	2.0
121	152	5.0
121	163	1.0
121	165	3.0
121	166	2.0
121	169	6.0
121	170	4.0
121	171	1.0
121	172	6.0
121	179	1.0
121	183	1.0
121	184	1.0
121	185	2.0
121	186	1.0
122	122	203.0
122	123	8.0
122	125	4.0
122	126	8.0
122	127	12.0
122	128	3.0
122	129	4.0
122	149	1.0
122	150	1.0
122	152	4.0
122	153	3.0
122	154	1.0
122	166	6.0
122	168	3.0
122	169	9.0
122	170	5.0
122	172	2.0
122	185	2.0
123	123	207.0
123	124	18.0
123	125	3.0
123	126	7.0
123	127	2.0
123	128	5.0
123	152	6.0
123	153	3.0
123	154	1.0
123	160	1.0
123	162	1.0
123	163	1.0
123	164	1.0
123	165	1.0
123	166	3.0
123	167	2.0
123	169	4.0
123	170	11.0
123	171	5.0
123	172	14.0
123	174	4.0
123	183	2.0
123	185	4.0
124	124	230.0
124	125	21.0
124	126	9.0
124	127	6.0
124	128	2.0
124	139	1.0
124	146	1.0
124	148	1.0
124	149	1.0
124	152	8.0
124	153	13.0
124	154	2.0
124	164	2.0
124	167	1.0
124	170	4.0
124	174	6.0
124	183	3.0
124	184	1.0
124	187	1.0
125	125	194.0
125	126	8.0
125	127	7.0
125	128	7.0
125	129	3.0
125	141	2.0
125	149	2.0
125	152	9.0
125	153	9.0
125	154	2.0
125	155	2.0
125	166	7.0
125	169	1.0
125	182	3.0
125	184	1.0
125	185	2.0
126	126	229.0
126	127	17.0
126	128	6.0
126	149	6.0
126	150	2.0
126	151	2.0
126	152	9.0
126	153	7.0
126	154	3.0
126	164	1.0
126	165	2.0
126	166	2.0
126	167	3.0
126	170	2.0
126	183	3.0
126	184	1.0
126	185	2.0
127	127	181.0
127	128	16.0
127	129	8.0
127	131	1.0
127	140	2.0
127	141	1.0
127	153	1.0
127	154	12.0
127	160	1.0
127	164	1.0
127	166	4.0
127	167	1.0
127	168	4.0
127	174	1.0
128	128	174.0
128	129	12.0
128	132	2.0
128	147	2.0
128	149	1.0
128	150	5.0
128	151	1.0
128	154	4.0
128	165	3.0
129	129	218.0
129	130	9.0
129	131	1.0
129	132	9.0
129	133	3.0
129	134	2.0
129	135	1.0
129	141	3.0
129	147	2.0
129	148	3.0
129	149	2.0
129	153	2.0
129	154	12.0
129	164	1.0
129	166	4.0
130	130	221.0
130	131	49.0
130	132	19.0
130	133	17.0
130	136	1.0
130	138	1.0
130	139	3.0
130	140	5.0
130	141	7.0
130	144	1.0
130	145	1.0
130	146	2.0
130	147	5.0
130	148	2.0
130	163	4.0
130	164	2.0
130	185	1.0
131	131	219.0
131	132	8.0
131	133	8.0
131	134	1.0
131	139	5.0
131	140	6.0
131	141	2.0
131	144	1.0
131	145	1.0
131	148	2.0
131	150	1.0
131	163	6.0
131	164	1.0
131	166	1.0
132	132	172.0
132	133	12.0
132	134	2.0
132	135	1.0
132	139	2.0
132	140	1.0
132	141	3.0
132	144	4.0
132	145	4.0
132	147	8.0
132	163	2.0
132	186	1.0
133	133	201.0
133	134	5.0
133	135	5.0
133	136	5.0
133	137	5.0
133	139	7.0
133	140	2.0
133	141	7.0
133	142	1.0
133	143	4.0
133	144	7.0
133	147	1.0
133	164	1.0
133	189	1.0
134	134	171.0
134	135	10.0
134	136	7.0
134	137	11.0
134	139	4.0
134	140	1.0
134	141	8.0
134	142	7.0
134	143	2.0
134	148	5.0
134	149	3.0
134	150	1.0
134	151	3.0
134	156	2.0
134	160	1.0
134	163	1.0
135	135	181.0
135	136	8.0
135	137	13.0
135	138	6.0
135	139	1.0
135	141	1.0
135	142	2.0
135	148	7.0
135	149	3.0
135	150	1.0
135	151	3.0
135	153	1.0
135	155	1.0
135	156	4.0
135	160	4.0
135	161	2.0
135	162	2.0
135	163	2.0
135	164	1.0
135	183	1.0
136	136	203.0
136	137	24.0
136	138	4.0
136	139	3.0
136	140	7.0
136	141	8.0
136	142	2.0
136	145	4.0
136	146	5.0
136	147	2.0
136	148	6.0
136	149	1.0
136	151	1.0
136	156	3.0
136	159	1.0
136	160	6.0
136	161	7.0
136	163	2.0
136	164	5.0
137	137	177.0
137	138	5.0
137	139	12.0
137	141	3.0
137	142	1.0
137	145	1.0
137	146	1.0
137	147	3.0
137	148	4.0
137	151	3.0
137	156	1.0
137	161	2.0
137	162	3.0
137	163	1.0
138	138	184.0
138	139	10.0
138	148	1.0
138	159	2.0
138	161	5.0
138	162	3.0
138	163	3.0
138	164	2.0
138	178	1.0
139	139	211.0
139	140	1.0
139	141	3.0
139	144	1.0
139	146	3.0
139	147	7.0
139	148	7.0
139	155	2.0
139	159	4.0
139	160	1.0
139	161	2.0
139	163	8.0
139	164	2.0
139	168	1.0
140	140	219.0
140	141	18.0
140	142	8.0
140	143	1.0
140	145	7.0
140	146	2.0
140	147	1.0
140	149	3.0
140	153	1.0
140	154	1.0
140	156	8.0
140	157	1.0
140	158	1.0
140	163	2.0
140	174	1.0
141	141	220.0
141	142	10.0
141	143	4.0
141	144	5.0
141	145	5.0
141	147	3.0
141	148	2.0
141	156	3.0
141	168	2.0
142	142	246.0
142	143	16.0
142	144	10.0
142	145	3.0
142	146	1.0
142	156	2.0
142	157	1.0
142	158	1.0
142	186	1.0
143	143	208.0
143	144	20.0
143	146	1.0
143	156	7.0
143	158	3.0
144	144	183.0
144	145	11.0
144	146	1.0
144	148	1.0
144	155	1.0
144	156	2.0
145	145	206.0
145	146	26.0
145	147	3.0
145	155	1.0
145	173	1.0
146	146	213.0
146	147	28.0
146	148	2.0
146	179	1.0
146	187	1.0
147	147	256.0
147	148	5.0
148	148	230.0
148	149	12.0
148	150	9.0
148	151	8.0
148	152	1.0
148	153	1.0
148	155	1.0
149	149	249.0
149	150	13.0
149	151	10.0
149	152	9.0
149	153	4.0
149	155	3.0
149	156	2.0
149	157	1.0
149	164	3.0
149	165	1.0
149	170	1.0
149	182	1.0
149	186	1.0
150	150	213.0
150	151	26.0
150	153	3.0
150	154	1.0
150	155	5.0
150	156	2.0
150	158	2.0
150	159	1.0
150	164	9.0
150	165	9.0
150	176	2.0
151	151	200.0
151	152	3.0
151	153	7.0
151	154	3.0
151	155	3.0
151	156	2.0
151	157	1.0
151	164	1.0
151	165	7.0
151	186	3.0
151	188	1.0
151	189	2.0
152	152	208.0
152	153	21.0
152	155	1.0
152	156	1.0
152	163	1.0
152	164	2.0
152	165	2.0
152	167	2.0
152	169	1.0
152	170	5.0
152	172	2.0
152	173	1.0
152	174	1.0
152	178	1.0
152	181	2.0
152	183	4.0
152	184	1.0
152	185	8.0
152	186	1.0
153	153	207.0
153	154	6.0
153	155	2.0
153	164	5.0
153	165	3.0
153	170	1.0
153	172	1.0
153	181	1.0
153	183	3.0
153	184	1.0
153	185	1.0
154	154	246.0
154	155	5.0
154	158	1.0
154	162	1.0
154	164	8.0
154	165	6.0
154	166	6.0
154	168	3.0
154	184	2.0
154	189	1.0
155	155	223.0
155	156	7.0
155	157	7.0
155	158	9.0
155	159	1.0
155	160	6.0
155	161	1.0
155	163	2.0
155	164	10.0
155	165	10.0
155	166	10.0
155	167	3.0
155	168	1.0
155	169	2.0
156	156	228.0
156	157	9.0
156	158	21.0
156	159	7.0
156	160	1.0
156	161	3.0
156	164	1.0
156	165	2.0
156	168	1.0
157	157	227.0
157	158	16.0
157	159	20.0
157	160	3.0
157	164	1.0
157	176	1.0
158	158	205.0
158	159	12.0
158	162	1.0
158	164	1.0
158	177	1.0
159	159	229.0
159	160	20.0
159	161	3.0
159	162	10.0
159	163	4.0
159	164	3.0
159	165	3.0
159	166	2.0
160	160	238.0
160	161	22.0
160	162	14.0
160	163	7.0
160	164	3.0
160	167	2.0
160	179	1.0
161	161	193.0
161	162	16.0
161	163	7.0
162	162	183.0
162	163	5.0
163	163	187.0
163	164	26.0
163	165	7.0
163	166	5.0
163	167	3.0
163	168	1.0
163	170	1.0
163	183	1.0
163	184	1.0
164	164	217.0
164	165	16.0
164	166	3.0
164	167	3.0
164	168	2.0
165	165	175.0
165	166	6.0
165	167	8.0
165	168	2.0
165	183	2.0
165	185	4.0
165	186	3.0
166	166	198.0
166	167	5.0
166	168	1.0
166	169	5.0
166	176	2.0
166	180	1.0
166	181	1.0
166	183	2.0
166	184	2.0
166	185	1.0
167	167	176.0
167	168	26.0
167	169	6.0
167	175	1.0
167	176	2.0
167	177	3.0
167	178	2.0
167	180	7.0
167	181	1.0
167	183	3.0
167	184	1.0
167	185	3.0
167	188	1.0
168	168	176.0
168	169	9.0
168	175	2.0
168	176	5.0
168	177	2.0
168	178	2.0
168	179	5.0
168	180	5.0
168	181	3.0
168	183	2.0
168	184	1.0
169	169	212.0
169	170	19.0
169	175	1.0
169	176	1.0
169	177	10.0
169	178	18.0
169	179	5.0
170	170	185.0
170	171	10.0
170	172	19.0
170	173	3.0
170	174	1.0
170	176	3.0
170	177	1.0
170	178	7.0
170	184	1.0
171	171	188.0
171	172	16.0
171	173	11.0
171	174	6.0
171	175	1.0
171	176	2.0
171	177	3.0
171	178	1.0
171	183	6.0
171	184	2.0
172	172	196.0
172	173	12.0
172	174	4.0
172	175	1.0
172	176	1.0
172	178	1.0
172	179	1.0
172	183	1.0
173	173	195.0
173	174	8.0
173	175	4.0
173	176	10.0
173	177	1.0
173	178	1.0
173	179	1.0
173	181	1.0
173	183	5.0
174	174	214.0
174	175	18.0
174	176	5.0
174	177	1.0
174	178	1.0
174	179	4.0
174	182	9.0
174	183	9.0
175	175	195.0
175	176	12.0
175	177	6.0
175	178	5.0
175	179	7.0
175	180	3.0
175	181	6.0
175	182	5.0
175	183	2.0
175	184	4.0
176	176	216.0
176	177	14.0
176	178	10.0
176	179	7.0
176	180	10.0
176	183	1.0
176	184	2.0
177	177	233.0
177	178	18.0
177	179	15.0
177	180	4.0
177	181	1.0
177	183	1.0
177	184	6.0
178	178	203.0
178	179	15.0
178	184	1.0
178	188	1.0
179	179	187.0
179	180	14.0
179	181	12.0
179	182	4.0
179	183	1.0
179	184	3.0
180	180	214.0
180	181	12.0
180	183	1.0
180	184	4.0
181	181	190.0
181	182	14.0
181	183	9.0
181	184	3.0
182	182	212.0
182	183	8.0
182	186	1.0
182	187	1.0
183	183	213.0
183	184	5.0
183	185	4.0
184	184	207.0
184	185	12.0
185	185	237.0
185	186	10.0
185	187	1.0
186	186	204.0
186	187	6.0
186	188	3.0
186	189	4.0
186	190	3.0
187	187	237.0
187	188	18.0
187	189	5.0
187	190	9.0
188	188	206.0
188	189	14.0
188	190	11.0
189	189	247.0
189	190	7.0
190	190	266.0
191	191	7.0
192	1	10.0
192	2	7.0
192	3	12.0
192	4	10.0
192	5	7.0
192	6	2.0
192	12	1.0
192	69	1.0
192	78	1.0
192	80	1.0
192	85	4.0
192	97	1.0
192	101	1.0
192	104	1.0
192	105	1.0
192	107	1.0
192	136	1.0
192	188	3.0
192	192	270.0
