1	1	601.0
1	2	36.0
1	3	3.0
1	5	3.0
1	19	1.0
1	26	1.0
1	64	1.0
1	66	1.0
1	121	1.0
1	145	1.0
1	149	1.0
1	166	1.0
1	183	1.0
1	184	5.0
1	185	16.0
1	186	16.0
1	187	9.0
1	188	4.0
2	2	565.0
2	3	21.0
2	4	12.0
2	5	25.0
2	6	2.0
2	12	1.0
2	89	1.0
2	103	1.0
2	129	2.0
2	131	1.0
2	183	1.0
3	3	567.0
3	4	18.0
3	5	31.0
3	6	2.0
3	7	1.0
3	8	1.0
3	9	5.0
3	30	1.0
3	101	1.0
3	126	1.0
3	150	1.0
3	157	1.0
3	169	1.0
3	186	1.0
4	4	509.0
4	5	29.0
4	6	9.0
4	8	2.0
4	10	2.0
4	16	2.0
4	31	1.0
4	41	1.0
4	46	1.0
4	49	1.0
4	100	1.0
4	122	1.0
5	5	494.0
5	6	19.0
5	7	1.0
5	49	2.0
5	131	1.0
5	134	4.0
5	137	7.0
5	140	1.0
5	141	1.0
5	149	1.0
5	157	1.0
5	158	1.0
6	6	593.0
6	7	23.0
6	8	3.0
6	30	1.0
6	44	1.0
6	106	1.0
6	131	1.0
6	134	1.0
6	137	1.0
6	144	1.0
6	148	1.0
6	153	1.0
6	180	1.0
7	7	657.0
7	8	15.0
7	9	2.0
7	10	7.0
7	17	10.0
7	18	14.0
7	20	5.0
7	22	4.0
7	23	3.0
7	29	1.0
7	30	1.0
7	36	2.0
7	37	4.0
7	79	2.0
7	87	1.0
7	102	1.0
7	123	4.0
7	125	2.0
7	131	3.0
7	171	1.0
7	186	1.0
8	8	591.0
8	9	9.0
8	10	12.0
8	14	1.0
8	16	23.0
8	17	1.0
8	18	14.0
8	20	1.0
8	21	1.0
8	22	5.0
8	39	2.0
8	74	1.0
8	100	1.0
8	120	1.0
8	125	1.0
8	129	6.0
8	131	4.0
8	135	1.0
8	136	1.0
8	166	1.0
8	176	3.0
9	9	307.0
9	10	22.0
9	12	1.0
9	13	1.0
9	14	3.0
9	16	1.0
9	17	1.0
9	18	3.0
9	30	1.0
9	48	1.0
9	61	1.0
9	69	1.0
9	109	2.0
9	112	1.0
9	114	9.0
9	115	2.0
9	117	1.0
9	122	2.0
9	124	1.0
9	127	3.0
9	128	6.0
9	130	1.0
10	10	542.0
10	11	27.0
10	12	16.0
10	13	5.0
10	15	4.0
10	16	22.0
10	17	7.0
10	18	14.0
10	19	1.0
10	20	22.0
10	21	17.0
10	22	9.0
10	25	1.0
10	28	1.0
10	29	2.0
10	37	1.0
10	38	1.0
10	47	19.0
10	48	10.0
10	93	7.0
10	94	5.0
10	102	1.0
10	106	1.0
10	107	9.0
10	108	9.0
10	109	7.0
10	112	2.0
10	114	3.0
10	115	1.0
10	125	1.0
10	148	1.0
10	168	1.0
11	11	475.0
11	12	32.0
11	13	12.0
11	14	9.0
11	15	3.0
11	16	10.0
11	17	7.0
11	18	1.0
11	20	7.0
11	21	13.0
11	22	1.0
11	25	1.0
11	28	3.0
11	29	8.0
11	32	1.0
11	46	1.0
11	47	7.0
11	48	8.0
11	49	1.0
11	91	1.0
11	93	11.0
11	94	6.0
11	95	2.0
11	97	1.0
11	107	20.0
11	108	6.0
11	109	2.0
11	127	3.0
11	150	1.0
11	157	1.0
12	12	457.0
12	13	40.0
12	14	15.0
12	15	25.0
12	16	6.0
12	17	11.0
12	18	9.0
12	20	1.0
12	21	14.0
12	22	1.0
12	25	1.0
12	29	9.0
12	38	1.0
12	47	1.0
12	49	2.0
12	67	1.0
12	94	1.0
12	104	1.0
12	109	4.0
12	127	1.0
12	179	1.0
12	181	2.0
13	13	563.0
13	14	44.0
13	15	32.0
13	17	7.0
13	18	7.0
13	23	5.0
13	24	7.0
13	26	2.0
13	28	2.0
13	48	3.0
13	55	1.0
13	63	1.0
13	82	1.0
13	94	1.0
13	109	1.0
13	112	1.0
13	114	1.0
13	117	1.0
13	127	2.0
13	128	2.0
13	162	1.0
13	174	1.0
13	177	4.0
13	178	5.0
13	180	7.0
13	181	7.0
14	14	392.0
14	15	37.0
14	16	1.0
14	17	6.0
14	18	1.0
14	22	2.0
14	23	4.0
14	24	4.0
14	44	3.0
14	74	1.0
14	79	1.0
14	80	1.0
14	82	2.0
14	83	3.0
14	97	1.0
14	121	1.0
14	124	5.0
14	125	3.0
14	126	1.0
14	127	16.0
14	128	21.0
14	131	7.0
14	176	6.0
14	177	5.0
14	178	6.0
14	179	4.0
14	180	22.0
14	181	15.0
14	182	6.0
14	183	1.0
15	15	579.0
15	16	29.0
15	17	34.0
15	18	1.0
15	20	3.0
15	21	10.0
15	22	2.0
15	23	5.0
15	24	9.0
15	25	5.0
15	53	1.0
15	56	1.0
15	65	1.0
15	68	1.0
15	71	2.0
15	117	1.0
15	125	2.0
15	128	10.0
15	129	3.0
15	135	1.0
15	176	1.0
16	16	505.0
16	17	31.0
16	18	3.0
16	19	4.0
16	20	21.0
16	21	11.0
16	22	2.0
16	25	1.0
16	34	1.0
16	97	1.0
16	103	1.0
16	125	6.0
16	126	4.0
16	127	10.0
16	128	11.0
16	129	12.0
16	131	1.0
16	136	1.0
16	140	1.0
17	17	501.0
17	18	34.0
17	19	12.0
17	20	9.0
17	21	25.0
17	22	11.0
17	24	6.0
17	25	1.0
17	36	1.0
17	37	2.0
17	38	1.0
17	79	1.0
17	82	1.0
17	100	1.0
17	119	1.0
17	127	4.0
17	128	9.0
17	129	1.0
18	18	477.0
18	19	34.0
18	20	26.0
18	21	3.0
18	22	3.0
18	23	16.0
18	24	6.0
18	25	4.0
18	26	5.0
18	29	2.0
18	35	1.0
18	36	6.0
18	37	7.0
18	62	1.0
18	65	1.0
18	72	1.0
18	102	2.0
18	117	1.0
18	126	1.0
18	145	1.0
19	19	464.0
19	20	53.0
19	21	11.0
19	22	7.0
19	23	14.0
19	24	1.0
19	25	1.0
19	36	10.0
19	37	9.0
19	43	1.0
19	82	2.0
19	161	1.0
20	20	495.0
20	21	30.0
20	22	7.0
20	23	2.0
20	26	1.0
20	35	1.0
20	36	6.0
20	37	1.0
20	80	1.0
20	125	2.0
20	126	4.0
20	127	5.0
20	129	1.0
20	175	2.0
20	176	1.0
21	21	482.0
21	22	38.0
21	23	11.0
21	24	4.0
21	25	1.0
21	36	3.0
21	37	2.0
21	44	1.0
21	119	1.0
21	125	1.0
21	126	3.0
21	129	11.0
21	142	1.0
21	176	2.0
21	182	1.0
22	22	493.0
22	23	33.0
22	24	17.0
22	25	1.0
22	32	1.0
22	36	9.0
22	37	10.0
22	39	1.0
22	40	1.0
22	44	1.0
22	54	2.0
22	80	1.0
22	81	1.0
22	86	1.0
22	93	1.0
22	124	1.0
22	125	1.0
22	126	2.0
22	152	1.0
22	153	1.0
22	190	1.0
23	23	516.0
23	24	49.0
23	25	20.0
23	36	13.0
23	37	10.0
23	38	1.0
23	60	1.0
23	79	6.0
23	80	2.0
23	82	5.0
23	83	2.0
23	168	1.0
23	177	1.0
23	178	4.0
23	180	1.0
24	24	584.0
24	25	36.0
24	26	1.0
24	27	2.0
24	32	3.0
24	36	5.0
24	37	10.0
24	38	1.0
24	48	1.0
24	79	1.0
24	80	4.0
24	82	2.0
24	110	1.0
24	114	1.0
24	124	1.0
24	133	1.0
24	141	1.0
24	177	2.0
24	178	2.0
24	180	1.0
25	25	515.0
25	26	27.0
25	27	12.0
25	28	2.0
25	29	6.0
25	30	5.0
25	32	4.0
25	36	4.0
25	37	3.0
25	38	2.0
25	40	1.0
25	79	3.0
25	80	8.0
25	81	3.0
25	83	1.0
25	84	1.0
25	88	1.0
25	108	1.0
25	131	1.0
26	26	486.0
26	27	17.0
26	28	1.0
26	29	19.0
26	30	20.0
26	31	1.0
26	32	21.0
26	33	3.0
26	36	7.0
26	37	2.0
26	38	17.0
26	39	7.0
26	79	9.0
26	80	1.0
26	81	3.0
26	83	4.0
26	135	1.0
26	161	1.0
26	189	1.0
27	27	516.0
27	28	13.0
27	29	30.0
27	30	24.0
27	31	27.0
27	32	11.0
27	33	16.0
27	34	1.0
27	35	8.0
27	36	3.0
27	37	6.0
27	38	3.0
27	46	2.0
27	47	1.0
27	53	1.0
27	58	1.0
27	70	1.0
27	80	20.0
27	103	1.0
27	107	1.0
27	108	7.0
27	121	1.0
27	136	1.0
27	153	1.0
27	161	1.0
27	175	1.0
28	28	559.0
28	29	26.0
28	30	12.0
28	31	3.0
28	32	10.0
28	35	1.0
28	38	1.0
28	46	7.0
28	48	2.0
28	49	7.0
28	53	3.0
28	54	2.0
28	66	1.0
28	68	6.0
28	69	5.0
28	70	9.0
28	78	4.0
28	79	3.0
28	80	12.0
28	81	14.0
28	82	1.0
28	93	1.0
28	106	1.0
28	107	3.0
28	108	5.0
28	137	1.0
28	175	1.0
28	179	1.0
28	183	1.0
29	29	445.0
29	30	25.0
29	31	6.0
29	32	3.0
29	34	1.0
29	38	5.0
29	46	1.0
29	70	8.0
29	79	1.0
29	80	4.0
29	93	1.0
29	94	1.0
29	107	9.0
29	108	9.0
29	161	1.0
29	163	1.0
30	30	434.0
30	31	37.0
30	32	24.0
30	33	19.0
30	34	1.0
30	35	16.0
30	36	6.0
30	37	7.0
30	38	4.0
30	39	1.0
30	40	1.0
30	43	1.0
30	47	1.0
30	52	2.0
30	53	1.0
30	58	3.0
30	62	1.0
30	64	1.0
30	98	1.0
30	104	1.0
30	105	1.0
30	108	5.0
30	112	1.0
30	138	1.0
30	143	1.0
30	161	1.0
30	186	1.0
31	31	448.0
31	32	11.0
31	33	14.0
31	34	2.0
31	35	15.0
31	37	4.0
31	45	1.0
31	46	1.0
31	52	8.0
31	53	2.0
31	58	2.0
31	64	2.0
31	79	1.0
31	92	1.0
31	108	3.0
31	115	1.0
31	142	1.0
31	161	1.0
32	32	475.0
32	33	31.0
32	34	7.0
32	35	28.0
32	36	13.0
32	37	8.0
32	38	8.0
32	46	1.0
32	52	1.0
32	53	2.0
32	58	8.0
32	90	1.0
32	100	1.0
32	103	1.0
32	168	2.0
32	188	2.0
33	33	422.0
33	34	53.0
33	35	14.0
33	36	12.0
33	37	9.0
33	38	5.0
33	39	3.0
33	40	2.0
33	41	2.0
33	49	2.0
33	52	1.0
33	58	2.0
33	59	1.0
33	64	3.0
33	111	1.0
33	141	1.0
33	145	1.0
33	158	1.0
33	185	1.0
33	188	1.0
34	34	447.0
34	35	37.0
34	36	7.0
34	37	1.0
34	38	13.0
34	39	8.0
34	44	16.0
34	52	3.0
34	53	4.0
34	57	2.0
34	58	29.0
34	62	1.0
34	64	1.0
34	87	1.0
34	159	1.0
34	169	1.0
35	35	522.0
35	36	7.0
35	37	19.0
35	38	1.0
35	43	1.0
35	46	1.0
35	47	1.0
35	53	2.0
35	56	2.0
35	58	4.0
35	64	6.0
35	68	1.0
35	70	1.0
35	93	1.0
35	95	1.0
35	106	2.0
35	108	3.0
35	150	1.0
35	179	1.0
36	36	466.0
36	37	48.0
36	38	13.0
36	39	7.0
36	40	4.0
36	41	1.0
36	53	1.0
36	56	1.0
36	58	3.0
36	75	1.0
36	107	1.0
36	129	1.0
36	131	1.0
36	158	1.0
36	185	1.0
37	37	496.0
37	38	26.0
37	39	1.0
37	44	8.0
37	45	1.0
37	46	4.0
37	47	1.0
37	49	1.0
37	52	3.0
37	53	6.0
37	58	10.0
37	64	2.0
37	78	1.0
37	90	1.0
37	95	1.0
37	102	1.0
37	107	1.0
37	108	3.0
37	130	1.0
37	181	1.0
38	38	503.0
38	39	9.0
38	44	16.0
38	46	1.0
38	48	1.0
38	53	6.0
38	56	1.0
38	57	6.0
38	58	7.0
38	60	2.0
38	61	1.0
38	78	1.0
38	79	5.0
38	81	2.0
38	83	1.0
39	39	479.0
39	40	9.0
39	41	9.0
39	42	4.0
39	44	4.0
39	47	2.0
39	57	18.0
39	58	6.0
39	60	9.0
39	61	4.0
39	66	1.0
39	76	1.0
39	79	2.0
39	81	2.0
39	83	14.0
39	84	1.0
39	95	1.0
39	104	1.0
39	176	5.0
39	186	4.0
40	40	484.0
40	41	53.0
40	42	27.0
40	43	27.0
40	44	13.0
40	47	1.0
40	48	2.0
40	58	1.0
40	61	1.0
40	62	2.0
40	79	1.0
40	83	3.0
40	89	1.0
40	92	1.0
41	41	525.0
41	42	42.0
41	43	11.0
41	44	8.0
41	45	1.0
41	47	1.0
41	49	1.0
41	57	2.0
41	58	1.0
41	59	1.0
41	60	5.0
41	61	2.0
41	62	5.0
41	70	1.0
41	77	1.0
41	92	1.0
41	94	1.0
41	97	1.0
41	99	1.0
41	184	1.0
42	42	497.0
42	43	30.0
42	44	24.0
42	45	7.0
42	60	5.0
42	61	2.0
42	62	7.0
42	63	1.0
42	66	1.0
42	67	2.0
42	74	2.0
42	75	2.0
42	76	4.0
42	112	1.0
42	150	1.0
42	165	1.0
43	43	485.0
43	44	20.0
43	45	3.0
43	47	1.0
43	48	1.0
43	54	1.0
43	57	1.0
43	62	2.0
43	65	1.0
43	66	1.0
43	67	7.0
43	68	1.0
43	73	1.0
43	74	3.0
43	75	17.0
43	76	9.0
43	142	1.0
43	145	1.0
43	175	1.0
44	44	439.0
44	45	21.0
44	46	2.0
44	52	1.0
44	57	7.0
44	58	6.0
44	61	2.0
44	66	2.0
44	67	3.0
44	73	9.0
44	74	4.0
44	75	4.0
44	76	24.0
44	77	3.0
44	78	2.0
44	107	1.0
44	120	1.0
44	133	1.0
44	134	1.0
44	136	1.0
44	150	1.0
44	174	1.0
45	45	439.0
45	46	19.0
45	52	1.0
45	53	2.0
45	55	2.0
45	65	3.0
45	66	26.0
45	67	1.0
45	76	2.0
45	97	1.0
45	104	1.0
45	114	1.0
45	120	1.0
45	136	3.0
45	137	7.0
45	140	1.0
45	175	1.0
45	177	1.0
45	178	4.0
45	184	1.0
46	46	480.0
46	47	38.0
46	48	4.0
46	55	1.0
46	78	6.0
46	91	4.0
46	92	2.0
46	93	13.0
46	94	12.0
46	106	5.0
46	107	4.0
46	108	13.0
46	110	9.0
46	111	5.0
46	112	1.0
46	113	1.0
46	134	2.0
46	135	1.0
46	136	2.0
46	137	5.0
46	138	5.0
46	147	1.0
46	172	1.0
46	180	1.0
46	190	1.0
47	47	452.0
47	48	30.0
47	49	2.0
47	53	1.0
47	66	6.0
47	67	2.0
47	68	7.0
47	77	1.0
47	78	9.0
47	79	3.0
47	81	3.0
47	82	3.0
47	91	1.0
47	92	9.0
47	93	18.0
47	94	14.0
47	95	4.0
47	105	1.0
47	107	9.0
47	108	10.0
47	109	5.0
47	110	1.0
47	111	1.0
47	112	2.0
47	126	1.0
47	143	1.0
47	149	1.0
47	176	1.0
47	177	1.0
47	178	7.0
48	48	479.0
48	49	1.0
48	65	1.0
48	66	5.0
48	67	3.0
48	69	3.0
48	76	2.0
48	77	38.0
48	78	10.0
48	79	2.0
48	81	2.0
48	82	1.0
48	83	3.0
48	91	1.0
48	93	4.0
48	94	12.0
48	95	4.0
48	98	1.0
48	107	5.0
48	108	12.0
48	109	11.0
48	110	2.0
48	111	1.0
48	112	3.0
48	113	3.0
48	146	1.0
48	168	1.0
48	181	1.0
49	49	230.0
49	55	1.0
49	58	1.0
49	61	1.0
49	66	3.0
49	69	1.0
49	71	1.0
49	76	1.0
49	78	1.0
49	81	4.0
49	91	2.0
49	92	4.0
49	93	6.0
49	94	3.0
49	100	1.0
49	109	1.0
49	110	6.0
49	112	2.0
49	115	2.0
49	117	1.0
49	126	1.0
49	161	1.0
49	169	1.0
49	170	1.0
49	171	1.0
49	173	1.0
49	178	2.0
49	182	1.0
52	52	172.0
52	53	7.0
52	54	2.0
52	56	10.0
52	61	4.0
52	62	9.0
52	63	1.0
52	65	1.0
52	81	1.0
52	85	1.0
53	53	470.0
53	54	16.0
53	55	18.0
53	56	9.0
53	57	13.0
53	58	10.0
53	59	10.0
53	61	3.0
53	62	3.0
53	63	12.0
53	64	21.0
53	65	4.0
53	68	1.0
53	69	2.0
53	70	4.0
53	71	10.0
53	72	9.0
53	73	1.0
53	74	2.0
53	150	1.0
53	169	2.0
54	54	480.0
54	55	51.0
54	56	18.0
54	57	4.0
54	58	1.0
54	59	3.0
54	60	5.0
54	61	10.0
54	62	3.0
54	63	8.0
54	64	9.0
54	65	6.0
54	68	7.0
54	71	1.0
54	72	10.0
54	73	2.0
54	93	1.0
54	103	2.0
54	118	1.0
54	177	1.0
54	180	1.0
55	55	511.0
55	56	18.0
55	57	3.0
55	58	3.0
55	59	1.0
55	60	2.0
55	61	7.0
55	63	11.0
55	64	43.0
55	65	11.0
55	67	4.0
55	68	22.0
55	69	3.0
55	70	6.0
55	71	20.0
55	72	6.0
55	74	3.0
55	76	1.0
55	85	1.0
55	102	10.0
55	103	5.0
55	108	1.0
55	121	1.0
56	56	498.0
56	57	25.0
56	58	15.0
56	59	15.0
56	60	14.0
56	61	8.0
56	62	11.0
56	63	5.0
56	64	13.0
56	65	10.0
56	67	1.0
56	68	7.0
56	102	9.0
56	103	12.0
56	112	1.0
56	140	1.0
56	155	1.0
56	173	1.0
56	185	1.0
57	57	518.0
57	58	32.0
57	59	14.0
57	60	21.0
57	61	22.0
57	62	6.0
57	63	7.0
57	65	3.0
57	80	1.0
57	106	1.0
57	113	1.0
57	117	1.0
57	126	1.0
57	131	2.0
57	134	2.0
57	137	2.0
57	180	1.0
57	189	1.0
58	58	451.0
58	59	15.0
58	60	15.0
58	61	12.0
58	62	4.0
58	63	12.0
58	64	7.0
58	65	7.0
58	75	1.0
58	84	1.0
58	129	1.0
58	154	2.0
59	59	452.0
59	60	21.0
59	61	11.0
59	62	2.0
59	63	3.0
59	64	6.0
59	65	2.0
59	67	6.0
59	97	1.0
59	108	1.0
59	157	1.0
60	60	464.0
60	61	38.0
60	62	9.0
60	63	13.0
60	64	6.0
60	65	3.0
60	73	1.0
60	78	1.0
60	92	1.0
60	101	1.0
60	113	1.0
60	115	1.0
60	160	1.0
60	169	1.0
61	61	439.0
61	62	17.0
61	63	28.0
61	64	3.0
61	65	5.0
61	88	1.0
61	172	1.0
62	62	441.0
62	63	24.0
62	65	1.0
62	79	1.0
62	123	1.0
63	63	405.0
63	64	19.0
63	65	14.0
63	68	11.0
63	90	1.0
63	92	1.0
63	102	1.0
63	103	5.0
63	181	1.0
63	186	1.0
64	64	430.0
64	65	15.0
64	67	1.0
64	68	8.0
64	69	1.0
64	71	6.0
64	72	5.0
64	73	3.0
64	74	1.0
64	76	2.0
64	94	1.0
64	100	1.0
64	101	1.0
64	102	11.0
64	103	3.0
64	107	1.0
64	139	2.0
64	186	1.0
65	65	423.0
65	66	11.0
65	67	15.0
65	68	18.0
65	69	15.0
65	70	1.0
65	71	6.0
65	72	3.0
65	74	1.0
65	75	2.0
65	76	1.0
65	77	10.0
65	81	2.0
65	98	1.0
65	99	2.0
65	100	3.0
65	102	5.0
65	103	3.0
65	154	1.0
65	159	1.0
65	178	1.0
66	66	461.0
66	67	28.0
66	68	1.0
66	69	11.0
66	74	1.0
66	75	1.0
66	77	2.0
66	78	1.0
66	81	6.0
66	83	1.0
66	101	2.0
66	111	1.0
66	137	1.0
66	178	3.0
67	67	472.0
67	68	28.0
67	69	7.0
67	70	7.0
67	71	12.0
67	73	6.0
67	74	13.0
67	75	20.0
67	76	8.0
67	77	3.0
67	79	1.0
67	80	1.0
67	83	1.0
67	101	7.0
67	102	4.0
67	103	7.0
67	106	1.0
67	130	1.0
67	151	1.0
67	153	1.0
68	68	478.0
68	69	19.0
68	70	4.0
68	71	10.0
68	72	1.0
68	73	6.0
68	74	10.0
68	75	6.0
68	76	13.0
68	77	9.0
68	78	16.0
68	79	2.0
68	81	2.0
68	82	4.0
68	84	1.0
68	95	1.0
68	100	2.0
68	101	9.0
68	102	14.0
68	103	13.0
68	104	4.0
68	130	1.0
68	132	1.0
68	138	1.0
68	152	1.0
68	159	1.0
68	163	1.0
68	166	1.0
68	177	1.0
68	185	1.0
69	69	409.0
69	70	24.0
69	71	2.0
69	72	2.0
69	73	1.0
69	76	1.0
69	77	2.0
69	78	1.0
69	80	9.0
69	81	21.0
69	82	27.0
69	83	1.0
69	84	5.0
69	86	1.0
69	88	10.0
69	89	8.0
69	90	13.0
69	97	1.0
69	99	15.0
69	100	1.0
69	101	4.0
69	103	5.0
69	104	2.0
69	119	1.0
69	142	1.0
69	161	1.0
70	70	445.0
70	71	17.0
70	72	7.0
70	75	5.0
70	78	1.0
70	79	4.0
70	80	9.0
70	81	7.0
70	82	7.0
70	88	2.0
70	89	6.0
70	90	11.0
70	99	10.0
70	100	2.0
70	105	2.0
70	122	1.0
70	150	1.0
70	162	1.0
70	177	1.0
70	189	1.0
71	71	436.0
71	72	41.0
71	73	15.0
71	74	9.0
71	75	2.0
71	76	11.0
71	77	2.0
71	78	3.0
71	79	4.0
71	84	2.0
71	135	1.0
71	176	1.0
71	180	1.0
72	72	500.0
72	73	32.0
72	74	16.0
72	75	2.0
72	76	8.0
72	79	1.0
72	107	1.0
72	130	1.0
72	146	1.0
72	166	1.0
72	171	1.0
73	73	461.0
73	74	31.0
73	75	17.0
73	76	10.0
73	79	4.0
73	107	1.0
73	139	1.0
73	148	1.0
73	149	1.0
73	160	1.0
73	178	1.0
74	74	506.0
74	75	26.0
74	76	48.0
74	77	12.0
74	108	1.0
74	124	1.0
74	152	1.0
74	165	2.0
75	75	468.0
75	76	21.0
75	77	2.0
75	81	1.0
75	99	2.0
75	146	1.0
75	190	1.0
76	76	482.0
76	77	10.0
76	78	1.0
76	79	2.0
76	80	1.0
76	108	1.0
76	123	1.0
76	132	1.0
76	146	1.0
76	178	1.0
77	77	503.0
77	78	42.0
77	80	3.0
77	81	2.0
77	82	1.0
77	83	11.0
77	84	2.0
77	97	1.0
77	107	1.0
77	140	1.0
77	183	1.0
77	189	1.0
78	78	532.0
78	79	22.0
78	80	12.0
78	81	24.0
78	82	22.0
78	83	3.0
78	85	2.0
78	89	1.0
78	90	1.0
78	112	1.0
78	135	1.0
78	155	1.0
78	176	3.0
78	177	2.0
78	178	3.0
79	79	546.0
79	80	42.0
79	81	43.0
79	82	29.0
79	83	3.0
79	84	1.0
79	89	12.0
79	90	1.0
79	125	1.0
79	131	1.0
79	166	1.0
79	167	1.0
79	176	1.0
79	177	7.0
79	178	4.0
80	80	489.0
80	81	38.0
80	82	23.0
80	83	19.0
80	88	1.0
80	89	9.0
80	90	4.0
80	98	1.0
80	99	1.0
80	111	1.0
80	129	1.0
80	132	1.0
80	172	1.0
81	81	520.0
81	82	26.0
81	83	2.0
81	86	1.0
81	89	7.0
81	90	4.0
81	100	1.0
81	133	1.0
81	148	2.0
81	176	3.0
81	177	1.0
81	178	2.0
81	179	1.0
82	82	466.0
82	83	32.0
82	84	17.0
82	88	13.0
82	89	2.0
82	90	3.0
82	97	2.0
82	99	5.0
82	106	1.0
82	135	1.0
82	136	4.0
82	140	1.0
82	154	1.0
82	171	1.0
82	176	1.0
82	177	11.0
82	178	22.0
82	179	3.0
83	83	489.0
83	84	34.0
83	88	8.0
83	89	3.0
83	96	1.0
83	97	1.0
83	98	1.0
83	99	1.0
83	136	4.0
83	158	1.0
83	174	2.0
83	175	3.0
83	176	4.0
83	177	9.0
83	178	5.0
83	179	2.0
83	181	1.0
83	183	1.0
83	186	13.0
84	84	519.0
84	85	6.0
84	86	1.0
84	87	5.0
84	88	5.0
84	96	4.0
84	97	9.0
84	98	3.0
84	105	1.0
84	119	2.0
84	132	1.0
84	138	1.0
84	149	1.0
84	155	1.0
84	165	1.0
84	170	1.0
84	171	1.0
84	176	2.0
84	177	6.0
84	179	1.0
84	184	3.0
84	185	16.0
84	186	11.0
84	187	3.0
85	85	502.0
85	86	19.0
85	87	18.0
85	96	11.0
85	97	6.0
85	98	3.0
85	110	1.0
85	113	1.0
85	134	2.0
85	140	2.0
85	144	1.0
85	174	1.0
85	186	9.0
86	86	528.0
86	87	33.0
86	106	1.0
86	116	2.0
86	117	1.0
86	118	8.0
86	119	1.0
86	120	8.0
86	121	7.0
86	122	2.0
86	127	1.0
86	129	2.0
86	141	2.0
86	143	2.0
86	146	2.0
87	87	503.0
87	88	27.0
87	89	2.0
87	95	1.0
87	96	1.0
87	97	1.0
87	98	3.0
87	104	2.0
87	105	9.0
87	106	8.0
87	121	6.0
87	128	1.0
87	140	1.0
87	141	2.0
87	146	1.0
87	153	2.0
88	88	471.0
88	89	17.0
88	90	1.0
88	95	1.0
88	96	7.0
88	97	12.0
88	98	19.0
88	99	6.0
88	100	2.0
88	101	1.0
88	102	1.0
88	103	1.0
88	104	7.0
88	105	5.0
88	106	15.0
88	107	2.0
88	108	1.0
88	111	2.0
88	112	3.0
89	89	502.0
89	90	29.0
89	91	1.0
89	95	1.0
89	99	5.0
89	100	1.0
89	101	9.0
89	102	5.0
89	103	8.0
89	104	19.0
89	105	1.0
89	106	3.0
89	108	1.0
89	132	1.0
89	164	1.0
89	171	1.0
89	174	1.0
89	182	1.0
90	90	500.0
90	91	3.0
90	98	1.0
90	99	23.0
90	100	19.0
90	101	19.0
90	102	12.0
90	103	19.0
90	104	38.0
90	105	4.0
90	113	1.0
90	132	1.0
90	162	1.0
91	91	485.0
91	92	24.0
91	93	24.0
91	94	37.0
91	95	16.0
91	96	14.0
91	97	4.0
91	98	8.0
91	99	24.0
91	100	2.0
91	104	6.0
91	105	14.0
91	106	13.0
91	107	1.0
91	110	3.0
91	132	1.0
91	147	1.0
91	176	1.0
92	92	444.0
92	93	23.0
92	94	26.0
92	95	13.0
92	96	7.0
92	97	1.0
92	103	1.0
92	104	5.0
92	105	3.0
92	106	15.0
92	107	16.0
92	109	1.0
92	110	1.0
92	112	1.0
92	119	1.0
92	125	1.0
92	142	2.0
92	145	1.0
93	93	427.0
93	94	22.0
93	95	4.0
93	96	12.0
93	97	13.0
93	98	1.0
93	106	3.0
93	107	18.0
93	108	15.0
93	109	6.0
93	110	6.0
93	111	2.0
93	112	5.0
93	126	1.0
93	165	1.0
93	189	1.0
94	94	449.0
94	95	14.0
94	96	3.0
94	97	2.0
94	98	8.0
94	99	6.0
94	103	1.0
94	106	26.0
94	107	7.0
94	108	3.0
94	109	3.0
94	110	1.0
94	112	3.0
94	113	3.0
94	123	2.0
94	169	1.0
94	182	1.0
94	189	1.0
95	95	502.0
95	96	24.0
95	97	2.0
95	98	6.0
95	99	19.0
95	100	2.0
95	102	1.0
95	103	9.0
95	104	12.0
95	105	5.0
95	106	22.0
95	107	1.0
95	109	2.0
95	110	1.0
95	111	6.0
95	117	1.0
95	168	1.0
95	177	1.0
95	183	1.0
95	187	1.0
96	96	501.0
96	97	30.0
96	98	33.0
96	99	3.0
96	103	1.0
96	105	1.0
96	110	1.0
96	111	4.0
96	112	6.0
96	114	1.0
96	139	2.0
96	144	1.0
96	147	1.0
96	189	1.0
97	97	463.0
97	98	49.0
97	99	3.0
97	100	5.0
97	102	2.0
97	103	8.0
97	110	1.0
97	111	4.0
97	112	4.0
97	145	2.0
98	98	479.0
98	99	9.0
98	100	4.0
98	101	1.0
98	103	3.0
98	104	3.0
98	105	9.0
98	109	1.0
98	110	4.0
98	111	3.0
98	112	6.0
98	138	1.0
98	146	1.0
98	147	1.0
99	99	521.0
99	100	21.0
99	101	4.0
99	102	3.0
99	103	2.0
99	104	5.0
99	105	1.0
99	106	1.0
99	111	2.0
99	112	1.0
99	132	1.0
99	136	1.0
99	155	1.0
100	100	500.0
100	101	25.0
100	102	20.0
100	103	29.0
100	104	18.0
100	105	5.0
100	106	3.0
100	112	1.0
100	114	1.0
100	127	1.0
100	128	1.0
100	161	1.0
100	163	1.0
100	164	1.0
100	174	1.0
101	101	529.0
101	102	81.0
101	103	37.0
101	104	14.0
101	177	1.0
102	102	476.0
102	103	40.0
102	104	9.0
102	162	1.0
102	186	1.0
103	103	437.0
103	104	13.0
103	106	4.0
103	122	1.0
103	131	1.0
104	104	480.0
104	105	41.0
104	106	12.0
104	107	1.0
104	110	1.0
104	111	1.0
104	112	9.0
104	131	1.0
104	139	1.0
104	143	1.0
104	165	1.0
104	187	2.0
105	105	506.0
105	106	14.0
105	108	3.0
105	110	2.0
105	111	22.0
105	112	15.0
105	122	1.0
105	141	1.0
105	142	2.0
105	145	1.0
105	184	1.0
106	106	467.0
106	107	17.0
106	108	3.0
106	111	3.0
106	136	2.0
106	142	1.0
106	144	1.0
107	107	481.0
107	108	28.0
107	110	1.0
107	124	1.0
107	132	1.0
107	141	2.0
107	146	1.0
107	148	1.0
107	154	1.0
108	108	521.0
108	109	10.0
108	110	3.0
108	111	1.0
108	113	1.0
108	116	1.0
108	119	1.0
108	131	2.0
108	132	1.0
108	133	1.0
108	140	1.0
108	141	3.0
108	142	1.0
108	154	1.0
109	109	455.0
109	110	27.0
109	111	12.0
109	112	8.0
109	113	7.0
109	114	2.0
109	115	1.0
109	130	1.0
109	131	3.0
109	132	2.0
109	133	3.0
109	134	2.0
109	135	1.0
109	138	1.0
109	139	6.0
109	140	12.0
109	141	15.0
109	142	12.0
109	143	1.0
109	151	1.0
109	169	1.0
109	174	1.0
109	176	1.0
109	190	1.0
110	110	547.0
110	111	43.0
110	112	16.0
110	113	2.0
110	114	1.0
110	115	1.0
110	121	1.0
110	130	4.0
110	131	1.0
110	133	4.0
110	134	12.0
110	136	3.0
110	138	4.0
110	139	3.0
110	144	1.0
110	154	1.0
110	179	3.0
110	186	9.0
110	190	14.0
111	111	464.0
111	112	41.0
111	113	11.0
111	114	1.0
111	135	7.0
111	136	8.0
111	137	6.0
111	138	5.0
111	153	1.0
111	165	2.0
111	174	8.0
111	175	4.0
111	176	1.0
111	179	2.0
111	184	1.0
111	186	1.0
111	190	13.0
112	112	434.0
112	113	20.0
112	115	6.0
112	122	1.0
112	127	1.0
112	128	3.0
112	131	1.0
112	135	10.0
112	136	2.0
112	137	1.0
112	138	8.0
112	142	1.0
112	151	1.0
112	155	2.0
112	174	14.0
112	175	3.0
112	179	4.0
112	187	1.0
112	190	18.0
113	113	509.0
113	114	19.0
113	115	10.0
113	117	1.0
113	120	1.0
113	121	8.0
113	122	4.0
113	127	1.0
113	128	9.0
113	129	4.0
113	130	5.0
113	131	2.0
113	133	1.0
113	138	9.0
113	150	7.0
113	151	9.0
113	152	1.0
113	153	5.0
113	154	1.0
113	155	1.0
113	174	8.0
113	183	2.0
113	189	4.0
113	190	9.0
114	114	559.0
114	115	23.0
114	116	8.0
114	117	3.0
114	119	4.0
114	121	3.0
114	122	25.0
114	123	2.0
114	126	1.0
114	127	1.0
114	128	9.0
114	153	5.0
114	154	1.0
114	155	5.0
114	157	1.0
114	171	1.0
114	172	15.0
114	173	13.0
114	174	5.0
114	180	1.0
114	184	14.0
114	185	4.0
114	187	5.0
114	188	2.0
114	189	11.0
114	190	4.0
115	115	472.0
115	116	17.0
115	117	2.0
115	118	1.0
115	119	5.0
115	120	12.0
115	121	7.0
115	122	15.0
115	123	1.0
115	127	1.0
115	163	1.0
115	170	1.0
115	171	10.0
115	172	2.0
115	173	3.0
115	175	3.0
115	179	1.0
115	180	1.0
115	181	2.0
115	182	6.0
115	183	16.0
115	184	8.0
115	185	4.0
115	186	1.0
115	187	14.0
115	188	13.0
115	189	5.0
116	116	438.0
116	117	23.0
116	118	10.0
116	119	33.0
116	120	27.0
116	122	21.0
116	123	6.0
116	142	6.0
116	143	4.0
116	144	2.0
116	145	1.0
116	146	2.0
116	147	2.0
116	170	2.0
116	171	3.0
116	173	3.0
116	182	2.0
116	183	16.0
116	184	2.0
116	189	7.0
117	117	462.0
117	118	26.0
117	119	8.0
117	120	4.0
117	121	3.0
117	122	7.0
117	123	2.0
117	127	1.0
117	141	1.0
117	142	1.0
117	153	1.0
117	168	2.0
117	169	1.0
118	118	465.0
118	119	26.0
118	120	11.0
118	121	10.0
118	122	1.0
118	123	1.0
118	136	1.0
118	138	1.0
118	146	1.0
118	151	1.0
118	176	1.0
118	180	1.0
118	184	2.0
118	189	1.0
119	119	387.0
119	120	29.0
119	121	7.0
119	122	3.0
119	123	11.0
119	142	9.0
119	143	7.0
119	144	4.0
119	146	1.0
119	150	1.0
119	152	1.0
119	163	1.0
119	170	3.0
119	178	2.0
119	179	1.0
119	182	1.0
119	183	3.0
119	184	9.0
119	187	1.0
119	188	9.0
120	120	478.0
120	121	36.0
120	122	30.0
120	123	7.0
120	124	1.0
120	125	1.0
120	127	1.0
120	128	1.0
120	142	3.0
120	143	2.0
120	149	1.0
120	153	1.0
120	155	2.0
120	164	1.0
120	166	1.0
120	170	2.0
120	171	4.0
120	172	1.0
120	173	1.0
120	181	1.0
120	183	2.0
120	184	1.0
120	188	9.0
120	189	6.0
121	121	485.0
121	122	33.0
121	123	23.0
121	126	9.0
121	127	6.0
121	144	1.0
121	145	1.0
121	154	1.0
121	155	12.0
121	162	1.0
121	164	1.0
121	165	3.0
121	166	4.0
121	169	6.0
121	188	15.0
121	189	2.0
122	122	508.0
122	123	42.0
122	126	1.0
122	127	2.0
122	138	1.0
122	142	2.0
122	154	2.0
122	155	4.0
122	160	2.0
122	163	1.0
122	164	1.0
122	165	7.0
122	166	10.0
122	167	4.0
122	168	1.0
122	169	4.0
122	171	1.0
122	173	1.0
122	175	1.0
122	188	2.0
122	189	13.0
123	123	508.0
123	124	49.0
123	125	2.0
123	126	19.0
123	128	1.0
123	132	1.0
123	140	5.0
123	141	16.0
123	142	7.0
123	143	8.0
123	147	1.0
123	153	1.0
123	154	17.0
123	155	16.0
123	157	2.0
123	159	4.0
123	160	1.0
123	163	3.0
123	165	4.0
123	166	2.0
123	167	3.0
123	170	2.0
123	172	2.0
123	173	1.0
123	182	1.0
123	189	1.0
124	124	522.0
124	125	29.0
124	126	1.0
124	130	1.0
124	131	4.0
124	134	5.0
124	140	8.0
124	141	11.0
124	143	7.0
124	144	1.0
124	146	4.0
124	147	11.0
124	148	8.0
124	150	2.0
124	151	4.0
124	152	5.0
124	153	1.0
124	154	1.0
124	155	3.0
124	157	3.0
124	160	1.0
124	170	1.0
124	188	1.0
125	125	496.0
125	126	27.0
125	127	9.0
125	128	1.0
125	129	7.0
125	130	16.0
125	131	9.0
125	132	6.0
125	137	1.0
125	145	1.0
125	146	12.0
125	147	9.0
125	148	10.0
125	149	15.0
125	150	13.0
125	151	5.0
125	152	4.0
125	153	3.0
125	157	5.0
126	126	472.0
126	127	31.0
126	128	6.0
126	129	11.0
126	130	6.0
126	131	3.0
126	132	7.0
126	149	1.0
126	151	6.0
126	152	11.0
126	153	9.0
126	154	13.0
126	155	5.0
126	156	1.0
126	166	2.0
126	171	1.0
126	172	11.0
126	188	1.0
126	189	5.0
126	190	2.0
127	127	412.0
127	128	40.0
127	129	4.0
127	130	4.0
127	131	5.0
127	148	1.0
127	151	1.0
127	152	1.0
127	153	5.0
127	154	13.0
127	155	14.0
127	165	3.0
127	171	2.0
127	172	14.0
127	173	10.0
127	187	1.0
127	188	3.0
127	189	14.0
128	128	450.0
128	129	1.0
128	130	1.0
128	131	2.0
128	138	2.0
128	146	2.0
128	150	1.0
128	151	5.0
128	152	7.0
128	153	11.0
128	154	7.0
128	155	1.0
128	172	14.0
128	173	1.0
128	174	2.0
128	188	2.0
128	189	5.0
128	190	4.0
129	129	509.0
129	130	5.0
129	131	17.0
129	132	10.0
129	133	1.0
129	139	1.0
129	140	1.0
129	143	12.0
129	144	11.0
129	145	3.0
129	146	2.0
129	148	7.0
129	149	10.0
129	150	3.0
130	130	479.0
130	131	41.0
130	132	10.0
130	133	30.0
130	134	5.0
130	135	8.0
130	136	2.0
130	137	2.0
130	138	6.0
130	139	3.0
130	140	2.0
130	142	3.0
130	143	2.0
130	144	4.0
130	145	9.0
130	146	1.0
130	148	1.0
130	158	1.0
130	164	1.0
130	172	3.0
130	178	2.0
130	181	1.0
130	191	1.0
131	131	477.0
131	132	17.0
131	133	29.0
131	134	11.0
131	136	1.0
131	137	4.0
131	138	2.0
131	139	12.0
131	140	4.0
131	141	2.0
131	142	3.0
131	143	5.0
131	145	2.0
131	150	4.0
131	154	1.0
131	173	1.0
131	179	1.0
132	132	362.0
132	133	31.0
132	138	2.0
132	139	11.0
132	140	1.0
132	141	1.0
132	142	2.0
132	143	10.0
132	144	3.0
132	145	1.0
132	149	4.0
132	152	1.0
132	171	1.0
133	133	435.0
133	134	18.0
133	135	5.0
133	136	8.0
133	137	12.0
133	138	10.0
133	139	9.0
133	140	12.0
133	143	3.0
133	144	1.0
133	148	1.0
133	150	1.0
133	156	1.0
133	190	1.0
134	134	481.0
134	135	34.0
134	136	3.0
134	137	21.0
134	138	17.0
134	139	12.0
134	140	23.0
134	141	1.0
134	146	1.0
134	186	3.0
134	190	4.0
135	135	423.0
135	136	33.0
135	137	27.0
135	138	12.0
135	140	3.0
135	141	2.0
135	142	1.0
135	144	1.0
135	154	1.0
135	156	28.0
135	157	3.0
135	172	1.0
135	174	8.0
135	175	6.0
135	176	2.0
135	178	3.0
135	179	3.0
135	181	1.0
135	183	6.0
135	189	1.0
135	190	3.0
136	136	427.0
136	137	39.0
136	138	3.0
136	141	1.0
136	156	1.0
136	159	1.0
136	172	2.0
136	173	1.0
136	174	6.0
136	175	1.0
136	176	3.0
136	177	10.0
136	178	2.0
136	179	9.0
136	180	1.0
136	181	1.0
136	186	1.0
136	190	4.0
137	137	511.0
137	138	15.0
137	139	8.0
137	140	13.0
137	141	19.0
137	156	4.0
137	159	1.0
137	179	1.0
137	180	1.0
137	190	4.0
138	138	458.0
138	139	17.0
138	140	5.0
138	142	4.0
138	143	1.0
138	144	11.0
138	145	15.0
138	147	1.0
138	148	2.0
138	149	2.0
138	150	2.0
138	151	5.0
138	152	12.0
138	153	7.0
138	154	9.0
138	155	5.0
138	159	1.0
138	161	2.0
138	166	1.0
138	174	1.0
138	179	2.0
138	180	3.0
138	181	12.0
138	182	1.0
138	187	1.0
138	190	8.0
139	139	513.0
139	140	12.0
139	141	15.0
139	142	14.0
139	143	24.0
139	144	8.0
139	149	1.0
139	151	1.0
139	153	1.0
139	154	14.0
139	155	20.0
139	156	6.0
139	160	2.0
139	161	1.0
139	177	1.0
139	178	1.0
139	181	1.0
139	190	1.0
140	140	483.0
140	141	29.0
140	142	1.0
140	143	5.0
140	144	2.0
140	150	1.0
140	153	2.0
140	154	1.0
140	155	2.0
141	141	489.0
141	142	11.0
141	143	18.0
141	144	6.0
141	155	1.0
141	161	1.0
141	178	1.0
142	142	503.0
142	143	54.0
142	144	33.0
142	145	21.0
142	146	7.0
142	147	7.0
142	148	1.0
142	149	1.0
142	152	1.0
142	161	1.0
143	143	475.0
143	144	32.0
143	145	26.0
143	146	3.0
143	147	3.0
143	148	1.0
143	153	2.0
143	170	1.0
143	179	2.0
144	144	439.0
144	145	17.0
144	146	7.0
144	147	7.0
144	148	2.0
144	149	1.0
144	150	1.0
144	152	2.0
144	181	1.0
144	182	2.0
144	185	1.0
145	145	458.0
145	146	9.0
145	147	8.0
145	148	13.0
145	149	3.0
145	150	6.0
145	151	2.0
145	152	6.0
145	153	12.0
145	154	3.0
145	161	1.0
145	175	1.0
145	179	3.0
145	180	3.0
145	181	5.0
146	146	485.0
146	147	54.0
146	148	18.0
146	149	16.0
146	150	1.0
146	151	19.0
146	152	1.0
146	153	9.0
146	183	9.0
146	184	3.0
146	187	8.0
146	188	3.0
146	189	2.0
147	147	480.0
147	148	42.0
147	149	5.0
147	151	1.0
147	178	1.0
147	182	10.0
147	183	16.0
147	184	4.0
147	187	2.0
147	188	1.0
147	189	2.0
148	148	538.0
148	149	41.0
148	150	12.0
148	153	2.0
148	169	1.0
148	179	9.0
148	180	1.0
148	181	4.0
148	182	15.0
148	183	11.0
148	188	2.0
148	189	4.0
149	149	488.0
149	150	29.0
149	151	15.0
149	152	5.0
149	153	4.0
149	161	1.0
149	173	3.0
149	175	11.0
149	179	11.0
149	180	2.0
149	181	3.0
149	182	12.0
149	183	19.0
149	186	1.0
149	189	10.0
150	150	535.0
150	151	18.0
150	152	18.0
150	153	8.0
150	169	1.0
150	170	2.0
150	171	4.0
150	175	3.0
150	176	1.0
150	179	5.0
150	180	1.0
150	181	5.0
150	183	2.0
150	184	5.0
150	185	1.0
150	189	3.0
151	151	505.0
151	152	39.0
151	153	37.0
151	154	11.0
151	159	3.0
151	160	3.0
151	161	11.0
151	162	2.0
151	163	1.0
151	170	1.0
151	172	2.0
151	176	2.0
151	178	2.0
151	179	6.0
151	180	2.0
151	181	9.0
151	184	1.0
152	152	472.0
152	153	74.0
152	154	12.0
152	155	3.0
152	156	1.0
152	161	4.0
152	167	1.0
152	172	2.0
152	175	2.0
152	180	1.0
152	190	1.0
153	153	509.0
153	154	28.0
153	155	5.0
153	160	4.0
153	161	8.0
153	172	1.0
153	180	2.0
153	181	5.0
153	184	1.0
153	189	1.0
154	154	488.0
154	155	45.0
154	156	2.0
154	157	1.0
154	159	13.0
154	160	18.0
154	161	18.0
154	163	2.0
154	172	3.0
154	179	2.0
154	180	2.0
154	181	2.0
154	187	12.0
154	189	2.0
154	190	1.0
155	155	555.0
155	156	22.0
155	157	13.0
155	158	6.0
155	159	9.0
155	160	4.0
155	161	6.0
155	163	1.0
155	165	2.0
155	166	6.0
155	167	1.0
155	169	1.0
155	172	3.0
155	180	2.0
155	187	2.0
155	188	7.0
156	156	535.0
156	157	52.0
156	158	37.0
156	159	16.0
156	160	4.0
156	166	2.0
156	169	1.0
156	176	1.0
156	188	1.0
157	157	497.0
157	158	34.0
157	159	6.0
157	160	5.0
157	162	3.0
157	163	1.0
157	166	1.0
157	175	1.0
157	177	1.0
158	158	458.0
158	159	40.0
158	160	2.0
158	164	1.0
159	159	470.0
159	160	30.0
159	161	2.0
159	162	18.0
159	163	9.0
159	165	3.0
159	166	1.0
159	167	4.0
159	190	1.0
160	160	511.0
160	161	35.0
160	162	32.0
160	163	26.0
160	164	9.0
160	165	3.0
160	166	5.0
160	167	2.0
160	168	4.0
160	175	1.0
160	178	3.0
160	181	8.0
160	190	1.0
161	161	436.0
161	162	16.0
161	163	8.0
161	166	1.0
161	167	1.0
161	175	3.0
161	177	1.0
161	178	6.0
161	181	5.0
161	183	1.0
161	188	1.0
162	162	448.0
162	163	43.0
162	164	7.0
162	166	2.0
162	176	1.0
162	177	1.0
162	178	6.0
163	163	459.0
163	164	17.0
163	165	7.0
163	166	5.0
163	167	2.0
163	168	8.0
163	169	2.0
163	170	1.0
163	176	11.0
163	177	12.0
163	178	3.0
164	164	476.0
164	165	34.0
164	166	21.0
164	167	17.0
164	168	19.0
164	169	8.0
164	170	6.0
164	177	2.0
164	178	1.0
164	184	1.0
165	165	456.0
165	166	35.0
165	167	19.0
165	168	17.0
165	169	10.0
165	170	1.0
166	166	514.0
166	167	27.0
166	168	12.0
166	169	21.0
167	167	439.0
167	168	15.0
167	169	39.0
167	177	1.0
168	168	476.0
168	169	12.0
168	170	1.0
168	176	2.0
168	177	13.0
168	179	3.0
168	184	1.0
168	185	1.0
169	169	498.0
169	170	21.0
169	171	4.0
169	172	2.0
169	173	3.0
169	174	3.0
169	175	3.0
169	177	1.0
169	178	5.0
169	182	2.0
169	183	1.0
169	184	2.0
169	185	2.0
170	170	464.0
170	171	15.0
170	173	11.0
170	174	5.0
170	175	3.0
170	176	2.0
170	178	5.0
170	180	14.0
170	181	1.0
170	182	9.0
170	183	6.0
170	184	12.0
170	185	7.0
170	187	1.0
171	171	483.0
171	172	13.0
171	173	41.0
171	174	22.0
171	175	15.0
171	176	6.0
171	179	2.0
171	181	4.0
171	182	10.0
171	183	10.0
171	184	18.0
171	185	7.0
171	186	1.0
171	187	7.0
171	188	5.0
171	189	18.0
172	172	496.0
172	173	24.0
172	174	16.0
172	178	2.0
172	182	8.0
172	184	7.0
172	186	5.0
172	187	24.0
172	188	22.0
172	189	12.0
172	190	5.0
173	173	425.0
173	174	39.0
173	175	18.0
173	176	11.0
173	178	13.0
173	179	4.0
173	180	2.0
173	181	3.0
173	182	4.0
173	183	4.0
173	184	12.0
173	185	8.0
173	186	1.0
173	187	2.0
173	188	2.0
173	189	17.0
174	174	507.0
174	175	20.0
174	176	3.0
174	178	6.0
174	179	2.0
174	181	1.0
174	183	2.0
174	184	2.0
174	185	10.0
174	187	2.0
174	189	7.0
174	190	16.0
175	175	467.0
175	176	29.0
175	177	1.0
175	178	7.0
175	179	10.0
175	180	12.0
175	181	15.0
175	182	25.0
175	183	10.0
175	184	5.0
175	185	4.0
175	188	2.0
175	190	5.0
176	176	515.0
176	177	18.0
176	178	12.0
176	179	9.0
176	180	15.0
176	181	5.0
176	182	3.0
176	183	2.0
176	184	2.0
176	185	6.0
176	189	4.0
177	177	447.0
177	178	36.0
177	179	26.0
177	181	5.0
177	183	1.0
177	184	1.0
177	186	2.0
178	178	461.0
178	179	18.0
178	180	8.0
178	181	9.0
178	183	3.0
178	184	1.0
179	179	410.0
179	180	18.0
179	181	16.0
179	182	10.0
179	183	7.0
179	189	5.0
179	190	2.0
180	180	436.0
180	181	32.0
180	182	15.0
180	183	9.0
180	189	5.0
181	181	456.0
181	182	19.0
181	183	13.0
182	182	485.0
182	183	59.0
182	184	13.0
182	185	5.0
182	186	9.0
182	187	2.0
182	188	2.0
182	189	18.0
182	190	2.0
183	183	461.0
183	184	8.0
183	185	4.0
183	187	6.0
183	188	16.0
183	189	26.0
184	184	511.0
184	185	36.0
184	186	8.0
184	187	28.0
184	188	2.0
184	189	1.0
185	185	563.0
185	186	39.0
185	187	28.0
185	188	8.0
185	189	6.0
185	190	4.0
186	186	554.0
186	187	24.0
186	188	16.0
186	189	4.0
186	190	15.0
187	187	488.0
187	188	19.0
187	189	1.0
187	190	6.0
188	188	433.0
188	189	19.0
188	190	7.0
189	189	464.0
189	190	3.0
190	190	574.0
191	191	15.0
192	1	34.0
192	2	3.0
192	3	8.0
192	5	1.0
192	17	1.0
192	34	1.0
192	41	2.0
192	49	2.0
192	56	1.0
192	66	1.0
192	124	1.0
192	135	1.0
192	147	1.0
192	149	1.0
192	150	1.0
192	170	2.0
192	180	1.0
192	184	4.0
192	185	3.0
192	186	3.0
192	187	4.0
192	190	3.0
192	191	4.0
192	192	634.0
