1	1	449.0
1	2	23.0
1	3	2.0
1	18	1.0
1	19	4.0
1	48	1.0
1	49	1.0
1	50	9.0
1	51	3.0
1	52	7.0
1	56	4.0
1	57	1.0
1	58	1.0
1	61	1.0
1	62	3.0
1	63	3.0
1	67	2.0
1	68	5.0
1	70	6.0
1	71	1.0
1	76	1.0
1	81	1.0
1	90	1.0
1	118	1.0
1	154	2.0
1	160	1.0
1	165	2.0
1	170	1.0
2	2	514.0
2	3	2.0
2	9	1.0
2	18	1.0
2	39	1.0
2	40	11.0
2	45	1.0
2	52	2.0
2	53	1.0
2	56	3.0
2	62	3.0
2	67	2.0
2	71	1.0
2	75	1.0
2	163	1.0
3	3	528.0
3	4	26.0
3	5	1.0
3	6	19.0
3	7	1.0
3	14	1.0
3	15	1.0
3	16	2.0
3	18	1.0
3	24	1.0
3	36	1.0
3	39	16.0
3	40	12.0
3	41	1.0
3	118	1.0
3	162	1.0
3	165	1.0
4	4	451.0
4	5	18.0
4	6	11.0
4	11	1.0
4	12	10.0
4	16	5.0
4	17	19.0
4	34	1.0
4	38	5.0
4	39	5.0
4	41	1.0
4	42	1.0
4	43	1.0
4	70	2.0
4	89	1.0
4	90	1.0
4	93	2.0
4	152	1.0
4	160	1.0
4	161	10.0
4	162	3.0
4	163	1.0
4	164	3.0
4	165	5.0
5	5	540.0
5	6	21.0
5	7	3.0
5	10	2.0
5	11	7.0
5	12	6.0
5	15	2.0
5	16	14.0
5	17	5.0
5	20	1.0
5	35	1.0
5	37	7.0
5	38	7.0
5	39	5.0
5	40	1.0
5	45	1.0
5	63	1.0
5	64	6.0
5	67	3.0
5	68	2.0
5	69	9.0
5	70	4.0
5	90	1.0
5	99	1.0
5	102	9.0
5	106	1.0
5	108	1.0
5	124	1.0
5	166	4.0
6	6	527.0
6	7	16.0
6	8	8.0
6	9	10.0
6	10	14.0
6	11	5.0
6	12	1.0
6	15	2.0
6	16	7.0
6	17	4.0
6	38	11.0
6	39	5.0
6	40	3.0
6	42	1.0
6	44	6.0
6	45	1.0
6	49	1.0
6	51	1.0
6	57	1.0
6	58	5.0
6	63	2.0
6	64	9.0
6	67	1.0
6	75	4.0
6	76	9.0
6	81	1.0
6	90	2.0
6	108	1.0
6	129	1.0
6	140	1.0
6	162	2.0
7	7	491.0
7	8	17.0
7	9	9.0
7	10	23.0
7	11	7.0
7	15	2.0
7	17	7.0
7	38	1.0
7	43	1.0
7	58	1.0
7	63	2.0
7	64	1.0
7	66	1.0
7	67	4.0
7	70	1.0
7	71	3.0
7	72	1.0
7	74	1.0
7	75	9.0
7	78	1.0
7	79	5.0
7	80	3.0
7	81	1.0
7	82	1.0
7	90	8.0
7	96	1.0
7	101	2.0
7	102	2.0
7	103	7.0
7	104	21.0
7	108	9.0
7	121	1.0
7	132	1.0
7	136	5.0
7	137	3.0
7	153	9.0
7	154	2.0
7	159	1.0
8	8	480.0
8	9	25.0
8	10	7.0
8	11	9.0
8	12	1.0
8	33	1.0
8	39	1.0
8	52	1.0
8	58	4.0
8	70	1.0
8	71	3.0
8	72	1.0
8	75	10.0
8	76	39.0
8	77	1.0
8	78	3.0
8	79	8.0
8	82	1.0
8	88	1.0
8	104	12.0
8	107	2.0
8	145	1.0
8	153	2.0
8	156	1.0
9	9	440.0
9	10	20.0
9	11	7.0
9	56	1.0
9	58	1.0
9	63	7.0
9	64	3.0
9	65	2.0
9	66	5.0
9	67	7.0
9	71	1.0
9	72	1.0
9	73	1.0
9	74	1.0
9	75	2.0
9	76	3.0
9	77	1.0
9	78	2.0
9	103	1.0
9	104	2.0
9	128	1.0
9	152	1.0
9	153	19.0
9	154	2.0
9	156	1.0
9	157	3.0
9	166	2.0
10	10	478.0
10	11	26.0
10	19	1.0
10	26	1.0
10	46	2.0
10	47	1.0
10	58	1.0
10	63	4.0
10	64	4.0
10	66	4.0
10	67	2.0
10	69	1.0
10	71	3.0
10	72	4.0
10	74	1.0
10	75	3.0
10	76	5.0
10	77	4.0
10	78	2.0
10	85	1.0
10	98	1.0
10	144	2.0
10	153	1.0
10	157	1.0
10	163	2.0
11	11	477.0
11	12	20.0
11	13	7.0
11	14	10.0
11	21	1.0
11	43	4.0
11	44	5.0
11	45	1.0
11	58	1.0
11	67	1.0
11	71	1.0
11	78	3.0
11	79	1.0
11	87	1.0
11	104	1.0
11	134	2.0
11	135	1.0
11	151	1.0
11	153	2.0
11	157	5.0
11	162	1.0
11	164	1.0
12	12	491.0
12	13	32.0
12	14	5.0
12	87	1.0
12	97	1.0
12	98	1.0
12	104	1.0
12	157	3.0
12	169	1.0
13	13	462.0
13	14	47.0
13	15	14.0
13	47	1.0
13	70	1.0
13	72	1.0
13	77	2.0
13	79	1.0
13	82	3.0
13	89	1.0
13	91	1.0
13	101	1.0
13	104	1.0
13	127	1.0
13	147	1.0
13	169	1.0
14	14	539.0
14	15	55.0
14	16	2.0
14	17	2.0
14	33	1.0
14	42	4.0
14	43	1.0
14	58	5.0
14	79	3.0
14	81	1.0
14	82	3.0
14	91	1.0
14	137	1.0
14	158	2.0
14	164	1.0
14	165	2.0
15	15	499.0
15	16	29.0
15	17	11.0
15	18	1.0
15	19	1.0
15	38	3.0
15	42	1.0
15	43	4.0
15	44	6.0
15	46	1.0
15	47	4.0
15	48	7.0
15	49	2.0
15	57	3.0
15	58	5.0
15	63	3.0
15	75	1.0
15	76	1.0
15	102	3.0
15	109	1.0
15	122	1.0
15	126	1.0
15	145	1.0
15	146	2.0
15	155	5.0
15	157	1.0
15	159	1.0
15	160	5.0
15	161	3.0
15	162	4.0
15	163	1.0
15	165	1.0
15	166	1.0
16	16	458.0
16	17	22.0
16	18	8.0
16	27	1.0
16	34	1.0
16	38	1.0
16	40	1.0
16	43	2.0
16	44	5.0
16	46	11.0
16	47	5.0
16	48	11.0
16	49	2.0
16	50	5.0
16	52	1.0
16	53	1.0
16	57	2.0
16	58	2.0
16	61	1.0
16	63	3.0
16	107	1.0
16	108	5.0
16	144	1.0
16	146	5.0
16	147	1.0
16	155	4.0
16	156	1.0
16	160	5.0
16	161	1.0
16	162	2.0
16	163	1.0
16	165	1.0
16	166	1.0
17	17	499.0
17	18	17.0
17	19	1.0
17	20	2.0
17	38	2.0
17	40	3.0
17	47	17.0
17	48	14.0
17	49	6.0
17	50	9.0
17	51	1.0
17	52	2.0
17	53	3.0
17	58	1.0
17	63	1.0
17	65	1.0
17	73	1.0
17	85	1.0
17	90	1.0
17	110	1.0
17	156	2.0
17	157	7.0
17	158	1.0
17	160	2.0
17	161	11.0
17	162	4.0
17	165	5.0
18	18	425.0
18	19	26.0
18	20	37.0
18	21	11.0
18	22	1.0
18	24	1.0
18	36	1.0
18	40	3.0
18	46	2.0
18	47	11.0
18	48	1.0
18	49	2.0
18	50	2.0
18	52	1.0
18	74	1.0
18	85	1.0
18	130	2.0
18	155	2.0
18	156	5.0
18	157	4.0
18	158	7.0
18	168	1.0
18	169	1.0
19	19	395.0
19	20	19.0
19	21	11.0
19	22	5.0
19	23	1.0
19	24	1.0
19	40	3.0
19	41	1.0
19	48	3.0
19	50	6.0
19	53	1.0
19	63	1.0
19	65	1.0
19	69	2.0
19	74	1.0
19	152	3.0
19	153	1.0
19	155	3.0
19	156	3.0
19	157	7.0
19	158	12.0
19	160	1.0
20	20	461.0
20	21	27.0
20	22	14.0
20	23	6.0
20	24	1.0
20	40	1.0
20	47	2.0
20	48	2.0
20	53	1.0
20	91	2.0
20	92	2.0
20	122	1.0
20	136	2.0
20	155	5.0
20	157	10.0
20	158	8.0
20	165	2.0
21	21	439.0
21	22	36.0
21	23	11.0
21	24	5.0
21	27	3.0
21	50	8.0
21	51	1.0
21	52	4.0
21	107	1.0
21	138	1.0
21	147	1.0
21	158	1.0
21	161	1.0
22	22	429.0
22	23	25.0
22	24	5.0
22	31	1.0
22	32	1.0
22	50	2.0
22	85	1.0
22	88	1.0
22	93	1.0
22	130	1.0
22	170	1.0
23	23	441.0
23	24	15.0
23	25	2.0
23	140	1.0
23	151	1.0
23	154	1.0
24	24	433.0
24	25	9.0
24	27	8.0
24	31	1.0
24	34	1.0
24	91	1.0
24	159	5.0
25	25	460.0
25	26	3.0
25	27	22.0
25	33	1.0
25	90	1.0
25	130	1.0
25	158	5.0
25	159	19.0
25	160	5.0
26	26	406.0
26	27	30.0
26	28	18.0
26	29	7.0
26	31	1.0
26	32	1.0
26	33	1.0
26	38	1.0
26	53	1.0
26	58	2.0
26	101	1.0
26	118	1.0
26	152	1.0
27	27	469.0
27	28	7.0
27	29	5.0
27	32	2.0
27	79	2.0
27	87	1.0
27	107	2.0
27	119	1.0
27	135	1.0
27	147	1.0
27	148	1.0
27	154	1.0
27	166	1.0
28	28	479.0
28	29	38.0
28	30	4.0
28	33	3.0
28	38	9.0
28	40	1.0
28	50	1.0
28	52	1.0
28	110	1.0
28	126	1.0
29	29	460.0
29	30	25.0
29	31	3.0
29	32	3.0
29	36	3.0
29	37	3.0
29	38	9.0
29	39	2.0
29	44	1.0
29	48	1.0
29	52	1.0
29	75	1.0
29	94	1.0
29	137	1.0
29	158	1.0
30	30	532.0
30	31	15.0
30	32	8.0
30	33	8.0
30	36	2.0
30	37	1.0
30	56	2.0
30	65	1.0
30	106	1.0
30	108	3.0
30	111	1.0
30	133	1.0
30	162	1.0
30	163	1.0
31	31	497.0
31	32	33.0
31	33	11.0
31	34	2.0
31	139	2.0
31	140	1.0
32	32	467.0
32	33	28.0
32	34	7.0
32	42	1.0
32	51	1.0
32	109	1.0
32	111	1.0
32	130	1.0
32	142	1.0
33	33	569.0
33	34	34.0
33	35	3.0
33	37	1.0
33	38	1.0
33	52	1.0
33	67	1.0
33	92	1.0
33	131	2.0
33	160	2.0
33	163	1.0
33	166	1.0
34	34	479.0
34	35	28.0
34	37	10.0
34	38	5.0
34	42	4.0
34	43	1.0
34	55	1.0
34	144	2.0
34	153	1.0
34	160	7.0
34	161	2.0
34	162	7.0
35	35	510.0
35	36	27.0
35	37	14.0
35	38	6.0
35	42	2.0
35	98	6.0
35	99	2.0
35	104	1.0
35	107	1.0
35	109	11.0
35	110	1.0
35	112	2.0
35	113	7.0
35	114	1.0
35	118	1.0
35	122	1.0
35	139	1.0
35	162	3.0
35	168	1.0
36	36	526.0
36	37	15.0
36	38	1.0
36	41	2.0
36	43	1.0
36	44	1.0
36	45	1.0
36	78	2.0
36	88	2.0
36	92	1.0
36	93	1.0
36	98	10.0
36	99	6.0
36	108	1.0
36	109	12.0
36	110	16.0
36	130	1.0
36	136	1.0
36	137	1.0
36	139	1.0
36	167	1.0
36	168	1.0
37	37	514.0
37	38	22.0
37	39	7.0
37	40	2.0
37	42	6.0
37	92	1.0
37	105	1.0
37	145	1.0
37	147	2.0
37	150	2.0
37	155	1.0
37	162	6.0
38	38	492.0
38	39	30.0
38	40	12.0
38	41	14.0
38	42	3.0
38	43	1.0
38	52	2.0
38	72	1.0
38	73	1.0
38	75	1.0
38	76	1.0
38	118	1.0
38	129	1.0
38	144	2.0
38	161	1.0
38	162	14.0
38	164	1.0
38	166	3.0
39	39	542.0
39	40	26.0
39	41	14.0
39	42	1.0
39	48	1.0
39	52	1.0
39	78	1.0
39	93	1.0
39	105	1.0
39	109	2.0
39	137	1.0
39	162	2.0
39	163	1.0
40	40	584.0
40	41	43.0
40	50	1.0
40	51	1.0
40	52	7.0
40	53	1.0
40	54	1.0
40	55	1.0
40	58	1.0
40	74	1.0
40	78	1.0
40	90	1.0
40	91	1.0
40	110	1.0
40	170	2.0
41	41	555.0
41	42	9.0
41	43	14.0
41	45	2.0
41	54	1.0
41	95	1.0
41	102	1.0
41	120	1.0
41	129	1.0
41	142	1.0
41	157	1.0
42	42	525.0
42	43	30.0
42	44	1.0
42	53	1.0
42	58	1.0
42	64	1.0
42	90	1.0
42	94	1.0
42	102	1.0
42	118	1.0
42	123	1.0
42	144	1.0
42	154	1.0
42	156	1.0
42	163	1.0
42	169	1.0
43	43	561.0
43	44	13.0
43	45	3.0
43	46	4.0
43	47	4.0
43	48	1.0
43	55	2.0
43	58	6.0
43	78	1.0
43	96	2.0
43	97	2.0
43	109	1.0
43	110	7.0
43	113	1.0
43	124	1.0
43	125	1.0
43	130	1.0
43	133	1.0
43	154	1.0
43	161	1.0
43	166	1.0
44	44	525.0
44	45	34.0
44	46	10.0
44	47	5.0
44	48	7.0
44	53	1.0
44	55	2.0
44	57	1.0
44	58	5.0
44	63	2.0
44	64	8.0
44	66	1.0
44	68	1.0
44	69	1.0
44	77	1.0
44	82	1.0
44	83	5.0
44	84	9.0
44	85	5.0
44	97	2.0
44	99	1.0
44	100	9.0
44	101	3.0
44	110	10.0
44	137	1.0
44	145	1.0
45	45	462.0
45	46	20.0
45	47	12.0
45	48	1.0
45	49	5.0
45	52	1.0
45	55	6.0
45	57	3.0
45	58	10.0
45	63	5.0
45	64	13.0
45	65	21.0
45	66	1.0
45	68	1.0
45	75	1.0
45	81	1.0
45	82	2.0
45	83	3.0
45	84	4.0
45	92	1.0
45	98	1.0
45	99	1.0
45	100	13.0
45	101	1.0
45	102	2.0
45	103	1.0
45	105	1.0
45	120	1.0
45	137	1.0
46	46	476.0
46	47	10.0
46	48	4.0
46	49	10.0
46	51	1.0
46	54	2.0
46	55	10.0
46	57	1.0
46	58	18.0
46	63	8.0
46	64	2.0
46	65	4.0
46	69	3.0
46	84	2.0
46	85	4.0
46	86	1.0
46	100	1.0
46	105	1.0
46	147	1.0
46	156	1.0
47	47	460.0
47	48	27.0
47	49	15.0
47	50	7.0
47	52	1.0
47	53	1.0
47	57	6.0
47	58	8.0
47	62	1.0
47	63	1.0
47	64	4.0
47	65	11.0
47	66	2.0
47	67	2.0
47	68	3.0
47	69	6.0
47	70	2.0
47	71	3.0
47	78	1.0
47	82	1.0
47	100	1.0
47	101	3.0
47	110	1.0
47	132	1.0
47	155	2.0
47	156	6.0
47	157	1.0
48	48	460.0
48	49	40.0
48	50	6.0
48	53	2.0
48	54	2.0
48	57	4.0
48	58	1.0
48	61	1.0
48	63	5.0
48	65	1.0
48	69	5.0
48	70	4.0
48	71	6.0
48	73	8.0
48	79	2.0
48	80	2.0
48	81	7.0
48	82	5.0
48	83	1.0
48	95	1.0
48	100	2.0
48	137	1.0
48	156	1.0
48	165	1.0
48	167	1.0
49	49	404.0
49	50	11.0
49	51	9.0
49	52	5.0
49	53	9.0
49	54	23.0
49	55	11.0
49	56	2.0
49	58	5.0
49	61	1.0
49	63	1.0
49	64	1.0
49	68	3.0
49	69	5.0
49	70	10.0
49	71	2.0
49	72	1.0
49	73	4.0
49	79	1.0
49	80	3.0
49	81	4.0
49	82	4.0
49	83	1.0
49	85	1.0
49	98	2.0
49	99	1.0
49	108	1.0
49	158	1.0
50	50	421.0
50	51	32.0
50	52	19.0
50	53	8.0
50	54	1.0
50	55	1.0
50	57	2.0
50	58	5.0
50	62	1.0
50	63	1.0
50	67	9.0
50	68	13.0
50	70	3.0
50	83	1.0
50	88	1.0
50	127	1.0
50	143	1.0
51	51	499.0
51	52	23.0
51	53	9.0
51	54	14.0
51	55	2.0
51	56	1.0
51	66	1.0
51	68	6.0
51	99	1.0
51	101	1.0
51	118	1.0
52	52	447.0
52	53	17.0
52	54	5.0
52	56	2.0
52	57	1.0
52	58	3.0
52	62	7.0
52	63	1.0
52	64	1.0
52	67	5.0
52	68	13.0
52	100	1.0
52	131	1.0
53	53	449.0
53	54	42.0
53	55	9.0
53	56	6.0
53	57	1.0
53	62	2.0
53	76	1.0
53	80	1.0
53	86	1.0
53	133	1.0
53	166	1.0
54	54	467.0
54	55	22.0
54	56	9.0
54	57	8.0
54	63	1.0
54	64	1.0
54	68	1.0
54	120	1.0
54	160	1.0
55	55	487.0
55	56	23.0
55	57	8.0
55	62	4.0
55	63	10.0
55	64	7.0
55	66	4.0
55	67	3.0
55	68	1.0
55	82	1.0
55	119	1.0
55	122	1.0
55	130	1.0
56	56	478.0
56	57	22.0
56	58	3.0
56	62	1.0
56	63	4.0
56	64	8.0
56	66	3.0
56	67	3.0
56	69	1.0
56	70	5.0
56	90	2.0
56	109	1.0
56	110	1.0
56	142	1.0
56	167	1.0
57	57	611.0
57	58	30.0
57	61	2.0
57	62	15.0
57	63	17.0
57	64	4.0
57	65	1.0
57	66	8.0
57	67	9.0
57	68	5.0
57	69	6.0
57	70	7.0
57	72	1.0
57	77	4.0
57	79	1.0
57	80	3.0
57	96	1.0
57	103	1.0
57	108	1.0
57	116	1.0
57	118	1.0
57	155	2.0
58	58	1452.0
58	61	21.0
58	62	1.0
58	63	20.0
58	64	4.0
58	65	4.0
58	66	6.0
58	67	8.0
58	68	7.0
58	69	4.0
58	70	1.0
58	74	1.0
58	76	2.0
58	77	7.0
58	78	1.0
58	79	8.0
58	80	4.0
58	84	4.0
58	96	1.0
58	110	2.0
58	113	1.0
58	117	1.0
58	119	1.0
58	125	1.0
58	156	3.0
58	163	1.0
61	61	58.0
61	62	7.0
61	63	1.0
61	77	1.0
61	79	1.0
61	96	1.0
61	157	1.0
62	62	419.0
62	63	10.0
62	64	2.0
62	66	3.0
62	67	9.0
62	68	8.0
62	69	1.0
62	80	1.0
62	81	9.0
62	82	13.0
62	83	2.0
62	84	3.0
62	92	2.0
62	95	1.0
62	96	3.0
62	97	2.0
62	102	1.0
62	113	2.0
62	125	1.0
62	152	2.0
62	155	5.0
62	156	8.0
62	157	5.0
62	161	1.0
63	63	382.0
63	64	9.0
63	66	11.0
63	67	15.0
63	68	5.0
63	69	2.0
63	71	1.0
63	75	2.0
63	77	3.0
63	113	1.0
63	142	1.0
63	155	1.0
63	157	3.0
63	163	1.0
63	168	1.0
64	64	445.0
64	65	7.0
64	66	12.0
64	67	10.0
64	68	1.0
64	69	8.0
64	70	2.0
64	71	3.0
64	72	1.0
64	76	1.0
64	100	1.0
64	127	1.0
64	154	1.0
64	163	1.0
64	166	1.0
65	65	453.0
65	66	19.0
65	67	4.0
65	68	9.0
65	69	8.0
65	70	9.0
65	71	22.0
65	76	1.0
65	82	1.0
65	83	3.0
65	87	1.0
65	89	1.0
65	96	1.0
65	99	1.0
65	100	6.0
65	126	1.0
65	170	1.0
66	66	396.0
66	67	28.0
66	68	1.0
66	69	2.0
66	70	1.0
66	71	20.0
66	72	12.0
66	73	3.0
66	81	1.0
66	100	1.0
66	138	1.0
66	165	1.0
67	67	402.0
67	68	31.0
67	69	8.0
67	70	7.0
67	71	2.0
67	72	10.0
67	75	2.0
67	89	1.0
67	108	1.0
67	113	1.0
67	132	1.0
68	68	433.0
68	69	17.0
68	70	10.0
68	71	2.0
68	81	1.0
68	84	1.0
68	89	1.0
68	99	1.0
68	116	1.0
68	119	1.0
68	158	1.0
68	159	1.0
68	162	1.0
69	69	439.0
69	70	20.0
69	71	7.0
69	72	4.0
69	94	1.0
69	114	1.0
69	125	1.0
69	131	1.0
69	148	1.0
69	160	1.0
70	70	409.0
70	71	28.0
70	72	1.0
70	73	1.0
70	79	2.0
70	80	1.0
70	99	1.0
70	100	1.0
70	112	1.0
70	120	1.0
71	71	458.0
71	72	12.0
71	73	5.0
71	74	2.0
71	77	1.0
71	79	8.0
71	80	4.0
71	81	2.0
71	86	1.0
71	101	1.0
71	111	1.0
71	122	1.0
72	72	443.0
72	73	22.0
72	74	11.0
72	75	9.0
72	79	1.0
72	80	3.0
72	101	1.0
72	105	1.0
72	107	1.0
72	168	1.0
72	170	1.0
73	73	441.0
73	74	13.0
73	75	8.0
73	80	3.0
73	81	3.0
73	82	3.0
73	88	1.0
73	134	1.0
73	156	1.0
74	74	426.0
74	75	32.0
74	76	5.0
74	77	5.0
74	79	3.0
74	80	3.0
74	98	1.0
74	114	1.0
74	122	1.0
74	155	2.0
75	75	428.0
75	76	10.0
75	77	1.0
75	100	1.0
76	76	422.0
76	77	18.0
76	78	12.0
76	79	7.0
76	80	4.0
76	81	3.0
76	82	3.0
76	88	1.0
76	117	1.0
76	145	1.0
77	77	440.0
77	78	32.0
77	79	13.0
77	80	14.0
77	81	5.0
77	82	12.0
77	90	1.0
77	119	1.0
77	120	3.0
77	164	2.0
78	78	436.0
78	79	27.0
78	80	8.0
78	81	3.0
78	82	1.0
78	94	1.0
78	95	2.0
78	101	1.0
78	104	2.0
78	120	1.0
78	128	1.0
78	141	1.0
78	165	1.0
79	79	431.0
79	80	29.0
79	81	2.0
79	82	5.0
79	85	1.0
79	96	2.0
79	104	4.0
79	112	1.0
79	113	1.0
79	119	3.0
79	136	1.0
79	137	2.0
79	155	1.0
80	80	475.0
80	81	19.0
80	82	12.0
80	83	9.0
80	84	1.0
80	90	3.0
80	91	3.0
80	95	1.0
80	96	10.0
80	97	3.0
80	100	2.0
80	107	1.0
80	109	1.0
80	126	1.0
80	131	1.0
80	136	2.0
80	138	1.0
80	152	1.0
80	153	2.0
80	155	2.0
80	156	1.0
80	157	1.0
80	166	4.0
81	81	400.0
81	82	30.0
81	83	7.0
81	84	1.0
81	85	1.0
81	91	1.0
81	92	2.0
81	99	3.0
81	100	1.0
81	105	1.0
81	109	1.0
81	126	3.0
81	129	1.0
81	143	1.0
81	144	1.0
81	151	1.0
81	153	5.0
81	154	17.0
81	155	2.0
81	156	4.0
81	157	2.0
81	165	3.0
81	166	4.0
81	167	2.0
82	82	442.0
82	83	12.0
82	84	3.0
82	90	6.0
82	91	9.0
82	93	2.0
82	94	2.0
82	95	4.0
82	96	5.0
82	100	2.0
82	113	2.0
82	126	1.0
82	137	2.0
82	153	1.0
82	154	10.0
82	155	6.0
82	156	6.0
82	157	2.0
82	164	1.0
82	167	2.0
83	83	439.0
83	84	19.0
83	85	3.0
83	90	9.0
83	91	5.0
83	92	18.0
83	93	2.0
83	98	2.0
83	99	4.0
83	100	14.0
83	101	6.0
83	106	2.0
83	107	1.0
83	108	2.0
83	109	2.0
83	115	1.0
83	126	2.0
83	136	1.0
83	137	3.0
83	147	1.0
83	149	1.0
83	150	1.0
83	152	6.0
83	153	14.0
83	154	1.0
83	165	1.0
83	166	2.0
84	84	425.0
84	85	23.0
84	86	12.0
84	88	1.0
84	89	1.0
84	90	5.0
84	91	10.0
84	92	10.0
84	95	2.0
84	97	1.0
84	99	5.0
84	100	1.0
84	102	2.0
84	103	1.0
84	104	2.0
84	106	1.0
84	107	3.0
84	110	2.0
84	118	1.0
84	126	1.0
84	127	2.0
84	134	1.0
84	137	3.0
84	152	14.0
84	153	7.0
84	154	8.0
84	160	1.0
84	161	1.0
84	162	1.0
84	164	1.0
84	165	2.0
84	166	2.0
85	85	463.0
85	86	15.0
85	87	4.0
85	88	6.0
85	89	17.0
85	90	7.0
85	91	6.0
85	92	14.0
85	97	12.0
85	100	1.0
85	101	2.0
85	103	2.0
85	104	6.0
85	105	17.0
85	106	3.0
85	139	1.0
85	145	1.0
85	152	11.0
85	153	8.0
85	154	5.0
85	158	1.0
85	161	1.0
85	164	1.0
86	86	406.0
86	87	37.0
86	88	20.0
86	89	26.0
86	90	6.0
86	91	3.0
86	92	1.0
86	93	1.0
86	94	1.0
86	95	4.0
86	96	1.0
86	97	16.0
86	103	3.0
86	104	7.0
86	105	15.0
86	106	1.0
86	110	1.0
86	114	1.0
86	116	1.0
86	127	1.0
86	136	1.0
86	140	1.0
86	145	1.0
86	146	8.0
86	152	1.0
86	160	1.0
87	87	464.0
87	88	33.0
87	89	32.0
87	90	6.0
87	91	5.0
87	92	10.0
87	93	7.0
87	94	4.0
87	95	3.0
87	97	4.0
87	104	2.0
87	106	1.0
87	108	1.0
87	114	1.0
87	130	2.0
87	146	1.0
87	159	1.0
88	88	384.0
88	89	31.0
88	90	6.0
88	91	4.0
88	92	4.0
88	93	4.0
88	94	6.0
88	95	7.0
88	96	2.0
88	97	11.0
88	98	2.0
88	99	1.0
88	104	1.0
88	110	1.0
88	111	1.0
88	129	1.0
88	130	3.0
88	152	4.0
88	153	1.0
88	154	2.0
88	158	2.0
88	160	5.0
88	162	1.0
88	163	1.0
88	165	2.0
89	89	416.0
89	90	7.0
89	91	13.0
89	92	11.0
89	93	7.0
89	94	1.0
89	97	9.0
89	98	1.0
89	99	2.0
89	102	1.0
89	104	2.0
89	105	4.0
89	106	2.0
89	107	4.0
89	130	1.0
89	132	1.0
89	135	3.0
89	136	1.0
89	138	1.0
89	146	1.0
89	152	4.0
89	153	3.0
89	154	1.0
89	160	2.0
89	161	1.0
89	162	1.0
89	163	1.0
89	164	1.0
90	90	425.0
90	91	25.0
90	92	10.0
90	93	10.0
90	95	1.0
90	98	1.0
90	100	4.0
90	101	13.0
90	102	4.0
90	103	8.0
90	104	15.0
90	105	9.0
90	106	1.0
90	107	4.0
90	108	2.0
90	119	1.0
90	126	1.0
90	129	3.0
90	135	2.0
90	136	9.0
90	137	7.0
90	146	4.0
90	149	1.0
90	152	4.0
90	153	1.0
90	156	1.0
90	160	2.0
90	164	1.0
90	165	4.0
91	91	443.0
91	92	30.0
91	93	19.0
91	94	10.0
91	95	11.0
91	96	2.0
91	97	25.0
91	98	1.0
91	100	3.0
91	101	23.0
91	102	6.0
91	104	3.0
91	114	2.0
91	126	1.0
91	127	2.0
91	129	3.0
91	130	4.0
91	131	1.0
91	135	1.0
91	136	4.0
91	137	11.0
91	138	3.0
91	145	1.0
91	154	1.0
91	166	1.0
92	92	413.0
92	93	25.0
92	94	5.0
92	95	11.0
92	96	1.0
92	97	2.0
92	100	7.0
92	101	1.0
92	102	1.0
92	104	2.0
92	106	1.0
92	108	1.0
92	113	1.0
92	129	2.0
92	130	2.0
92	138	11.0
92	149	2.0
92	150	1.0
92	151	3.0
92	152	7.0
92	153	5.0
92	154	2.0
92	159	1.0
93	93	464.0
93	94	19.0
93	95	26.0
93	96	1.0
93	97	4.0
93	98	2.0
93	99	1.0
93	102	3.0
93	107	1.0
93	108	1.0
93	109	1.0
93	111	1.0
93	113	1.0
93	115	2.0
93	123	3.0
93	124	5.0
93	125	3.0
93	126	14.0
93	127	4.0
93	129	2.0
93	130	7.0
93	131	7.0
93	135	1.0
93	136	1.0
93	137	2.0
93	138	4.0
93	147	1.0
93	152	10.0
94	94	377.0
94	95	17.0
94	96	1.0
94	97	9.0
94	100	1.0
94	113	3.0
94	114	2.0
94	115	1.0
94	116	1.0
94	120	1.0
94	123	10.0
94	124	3.0
94	125	5.0
94	126	12.0
94	127	1.0
94	129	2.0
94	130	10.0
94	131	10.0
94	146	1.0
94	159	1.0
94	165	1.0
94	166	3.0
94	167	2.0
95	95	336.0
95	96	11.0
95	97	6.0
95	98	4.0
95	99	1.0
95	100	2.0
95	114	1.0
95	117	2.0
95	123	2.0
95	124	11.0
95	125	1.0
95	126	1.0
95	127	14.0
95	128	2.0
95	129	3.0
95	130	23.0
95	131	5.0
95	132	1.0
95	138	4.0
95	139	1.0
95	150	1.0
95	161	1.0
96	96	437.0
96	97	15.0
96	111	1.0
96	131	1.0
96	146	1.0
96	154	1.0
96	155	2.0
96	156	1.0
96	157	1.0
96	161	1.0
96	164	1.0
96	166	2.0
97	97	431.0
97	98	4.0
97	99	6.0
97	100	2.0
97	105	1.0
97	109	1.0
97	117	1.0
97	122	1.0
97	123	3.0
97	126	4.0
97	127	3.0
97	128	2.0
97	130	1.0
97	138	1.0
97	149	2.0
98	98	391.0
98	99	47.0
98	100	11.0
98	103	1.0
98	105	2.0
98	107	3.0
98	109	14.0
98	110	14.0
98	112	3.0
98	113	3.0
98	114	3.0
98	119	2.0
98	120	1.0
98	121	1.0
98	124	3.0
98	125	1.0
98	126	6.0
98	127	3.0
98	129	2.0
98	135	1.0
98	136	2.0
98	139	1.0
98	159	1.0
98	167	1.0
99	99	486.0
99	100	24.0
99	108	2.0
99	109	6.0
99	110	2.0
99	114	1.0
99	124	3.0
99	125	2.0
99	127	5.0
99	128	10.0
99	131	1.0
99	148	3.0
99	149	18.0
99	169	1.0
100	100	447.0
100	101	6.0
100	102	1.0
100	104	1.0
100	109	1.0
100	110	1.0
100	114	5.0
100	116	1.0
100	127	4.0
100	128	4.0
100	129	8.0
100	148	3.0
100	149	5.0
100	151	1.0
100	166	1.0
101	101	448.0
101	102	26.0
101	103	30.0
101	104	5.0
101	105	6.0
101	106	2.0
101	129	3.0
101	130	2.0
101	131	1.0
101	135	1.0
101	137	8.0
101	138	2.0
101	140	2.0
101	147	5.0
101	148	7.0
101	149	1.0
101	151	7.0
101	152	13.0
101	153	1.0
102	102	431.0
102	103	35.0
102	104	9.0
102	105	5.0
102	106	3.0
102	107	2.0
102	108	2.0
102	135	3.0
102	136	3.0
102	137	17.0
102	138	1.0
102	139	1.0
102	147	5.0
102	148	4.0
102	151	21.0
102	152	2.0
102	153	1.0
102	157	2.0
102	158	1.0
102	159	2.0
102	160	3.0
102	170	1.0
103	103	418.0
103	104	19.0
103	105	19.0
103	106	4.0
103	107	3.0
103	108	2.0
103	112	1.0
103	130	2.0
103	131	2.0
103	132	1.0
103	136	12.0
103	137	9.0
103	147	2.0
103	148	8.0
103	151	5.0
103	152	1.0
103	153	1.0
103	157	2.0
103	159	1.0
104	104	446.0
104	105	21.0
104	106	8.0
104	109	1.0
104	114	1.0
104	131	1.0
104	136	3.0
104	137	2.0
104	139	1.0
104	146	18.0
104	147	12.0
104	148	2.0
104	151	2.0
104	153	4.0
104	156	1.0
105	105	452.0
105	106	21.0
105	107	1.0
105	108	1.0
105	132	1.0
105	133	4.0
105	134	3.0
105	135	12.0
105	136	6.0
105	137	8.0
105	146	1.0
105	147	3.0
105	149	1.0
105	151	8.0
105	152	6.0
105	153	1.0
105	154	8.0
105	155	12.0
105	156	4.0
105	157	4.0
105	158	2.0
105	161	1.0
105	167	1.0
106	106	450.0
106	107	7.0
106	126	2.0
106	127	8.0
106	128	4.0
106	132	9.0
106	133	3.0
106	134	7.0
106	135	2.0
106	136	1.0
106	139	1.0
106	146	1.0
106	147	6.0
106	150	1.0
106	151	8.0
106	152	3.0
106	153	1.0
106	155	5.0
106	156	7.0
106	158	3.0
106	159	4.0
106	160	4.0
106	161	3.0
106	163	1.0
106	165	1.0
107	107	431.0
107	108	25.0
107	109	2.0
107	125	3.0
107	127	2.0
107	130	1.0
107	133	5.0
107	134	8.0
107	135	4.0
107	136	7.0
107	137	4.0
107	139	1.0
107	149	8.0
107	150	11.0
107	151	3.0
107	153	4.0
107	154	6.0
107	155	6.0
107	156	7.0
107	157	3.0
107	158	8.0
107	159	12.0
107	160	6.0
107	161	7.0
107	162	4.0
107	163	10.0
107	165	1.0
108	108	430.0
108	109	20.0
108	126	1.0
108	128	1.0
108	129	1.0
108	131	4.0
108	133	1.0
108	135	2.0
108	136	3.0
108	137	2.0
108	143	1.0
108	145	1.0
108	149	7.0
108	150	35.0
108	151	2.0
108	152	1.0
108	153	2.0
108	155	1.0
108	156	1.0
108	157	4.0
108	158	10.0
108	159	9.0
108	166	1.0
109	109	490.0
109	110	9.0
109	111	1.0
109	112	6.0
109	113	11.0
109	114	1.0
109	115	2.0
109	117	2.0
109	119	1.0
109	124	2.0
109	125	1.0
109	126	3.0
109	137	1.0
109	140	1.0
109	153	1.0
109	155	1.0
109	158	7.0
109	159	2.0
109	166	4.0
109	167	11.0
109	168	1.0
110	110	483.0
110	111	21.0
110	112	2.0
110	113	8.0
110	114	5.0
110	115	6.0
110	116	11.0
110	117	4.0
110	118	4.0
110	124	1.0
110	125	1.0
110	126	4.0
110	127	1.0
110	154	1.0
110	162	1.0
110	168	1.0
110	169	11.0
110	170	14.0
111	111	444.0
111	112	37.0
111	113	5.0
111	114	5.0
111	116	1.0
111	119	1.0
111	120	1.0
111	122	1.0
111	126	2.0
111	133	1.0
111	140	1.0
111	152	1.0
111	159	1.0
111	161	1.0
111	166	1.0
111	167	7.0
111	168	15.0
111	169	14.0
111	170	1.0
112	112	502.0
112	113	22.0
112	114	11.0
112	115	1.0
112	122	2.0
112	129	1.0
112	131	1.0
112	150	1.0
112	166	1.0
112	167	13.0
112	168	9.0
112	169	1.0
113	113	410.0
113	114	20.0
113	115	6.0
113	116	3.0
113	117	3.0
113	124	1.0
113	125	3.0
113	139	1.0
113	160	1.0
113	166	2.0
113	167	6.0
114	114	404.0
114	115	25.0
114	116	14.0
114	117	3.0
114	119	1.0
114	120	4.0
114	121	3.0
114	122	6.0
114	123	6.0
114	124	6.0
114	125	1.0
114	127	1.0
114	128	1.0
114	131	6.0
114	155	1.0
114	167	3.0
114	168	1.0
115	115	437.0
115	116	22.0
115	117	5.0
115	118	4.0
115	119	1.0
115	121	1.0
115	122	1.0
115	123	7.0
115	124	3.0
115	125	2.0
115	126	1.0
115	127	2.0
115	167	1.0
115	170	1.0
116	116	472.0
116	117	9.0
116	118	3.0
116	119	3.0
116	120	1.0
116	121	5.0
116	122	8.0
116	123	22.0
116	126	1.0
116	131	5.0
116	142	1.0
116	147	1.0
116	170	1.0
117	117	428.0
117	118	18.0
117	119	3.0
117	121	3.0
117	122	3.0
117	123	1.0
117	124	1.0
117	125	3.0
117	126	8.0
117	127	7.0
117	168	6.0
117	169	2.0
117	170	1.0
118	118	506.0
118	119	13.0
118	120	5.0
118	123	7.0
118	126	6.0
118	127	1.0
119	119	475.0
119	120	47.0
119	121	8.0
119	122	15.0
119	123	9.0
119	124	1.0
119	126	2.0
119	127	2.0
119	128	2.0
119	129	17.0
119	137	1.0
119	154	1.0
119	164	1.0
119	167	1.0
119	169	1.0
119	170	2.0
120	120	476.0
120	121	26.0
120	122	20.0
120	123	9.0
120	124	3.0
120	126	3.0
120	129	5.0
120	169	1.0
120	170	1.0
121	121	403.0
121	122	42.0
121	124	1.0
121	128	1.0
121	129	5.0
121	131	1.0
122	122	449.0
122	123	3.0
122	142	1.0
122	145	1.0
122	170	1.0
123	123	478.0
123	124	8.0
123	125	5.0
123	126	6.0
123	127	2.0
123	128	3.0
123	130	2.0
123	131	17.0
123	132	5.0
123	138	6.0
124	124	456.0
124	125	24.0
124	126	13.0
124	127	18.0
124	128	3.0
124	129	8.0
124	130	9.0
124	131	9.0
124	132	7.0
124	133	1.0
124	138	4.0
124	167	2.0
125	125	458.0
125	126	18.0
125	127	33.0
125	130	4.0
125	131	6.0
125	133	1.0
125	135	3.0
125	137	3.0
125	138	8.0
125	148	1.0
125	150	1.0
125	154	1.0
125	155	5.0
125	157	1.0
126	126	415.0
126	127	24.0
126	128	2.0
126	132	6.0
126	133	25.0
126	134	1.0
126	135	2.0
126	138	3.0
126	141	3.0
126	149	2.0
126	154	1.0
126	155	7.0
126	157	1.0
126	158	1.0
126	159	2.0
126	161	1.0
126	166	1.0
126	167	1.0
127	127	417.0
127	128	13.0
127	132	13.0
127	133	11.0
127	138	2.0
127	141	3.0
127	149	1.0
127	155	3.0
127	156	2.0
128	128	358.0
128	129	25.0
128	130	8.0
128	132	13.0
128	133	2.0
128	141	1.0
128	148	1.0
128	149	9.0
128	152	1.0
129	129	425.0
129	130	11.0
129	131	2.0
129	132	6.0
129	133	2.0
129	134	1.0
129	138	4.0
129	145	1.0
129	147	4.0
129	148	11.0
129	149	5.0
129	151	5.0
129	165	1.0
130	130	425.0
130	131	38.0
130	132	8.0
130	133	13.0
130	134	4.0
130	138	9.0
130	145	7.0
130	147	5.0
130	148	13.0
130	149	5.0
130	150	1.0
131	131	471.0
131	132	15.0
131	133	8.0
131	134	1.0
131	135	1.0
131	138	7.0
131	139	1.0
131	145	7.0
131	147	6.0
131	149	1.0
131	150	1.0
131	151	1.0
131	152	1.0
132	132	470.0
132	133	30.0
132	134	4.0
132	135	3.0
132	136	5.0
132	137	4.0
132	142	7.0
132	144	3.0
132	145	11.0
132	146	2.0
132	147	5.0
132	154	1.0
132	155	5.0
133	133	443.0
133	134	26.0
133	135	5.0
133	141	2.0
133	142	2.0
133	144	1.0
133	145	5.0
133	147	1.0
133	149	2.0
133	153	1.0
133	154	1.0
133	155	8.0
133	156	3.0
133	157	1.0
134	134	477.0
134	135	21.0
134	137	1.0
134	139	3.0
134	140	2.0
134	141	13.0
134	142	5.0
134	149	3.0
134	153	4.0
134	154	7.0
134	155	10.0
134	156	20.0
134	157	10.0
134	158	16.0
134	159	7.0
134	160	1.0
135	135	456.0
135	136	24.0
135	137	16.0
135	138	11.0
135	139	7.0
135	140	6.0
135	141	12.0
135	142	19.0
135	150	1.0
135	154	6.0
135	155	6.0
135	156	8.0
135	157	9.0
135	158	1.0
135	159	4.0
136	136	485.0
136	137	32.0
136	138	2.0
136	142	5.0
136	143	4.0
136	144	17.0
136	145	1.0
136	146	3.0
136	147	3.0
136	148	1.0
136	150	1.0
136	153	2.0
136	155	1.0
136	156	2.0
136	157	1.0
136	159	1.0
136	163	1.0
137	137	466.0
137	138	10.0
137	142	11.0
137	143	18.0
137	144	8.0
137	149	1.0
137	154	1.0
137	157	2.0
137	158	1.0
137	159	3.0
137	160	4.0
138	138	464.0
138	139	12.0
138	142	2.0
138	147	1.0
138	162	1.0
138	165	1.0
138	168	1.0
139	139	471.0
139	140	26.0
139	141	26.0
139	142	18.0
139	143	2.0
139	145	1.0
139	146	1.0
139	150	2.0
139	162	1.0
139	164	1.0
140	140	446.0
140	141	46.0
140	142	18.0
140	143	2.0
140	150	4.0
140	167	1.0
140	169	1.0
141	141	430.0
141	142	16.0
141	148	3.0
141	149	6.0
141	150	3.0
141	165	2.0
141	168	3.0
142	142	418.0
142	143	20.0
142	144	4.0
142	145	10.0
142	146	2.0
142	147	3.0
142	148	3.0
142	162	1.0
142	167	1.0
142	168	2.0
143	143	472.0
143	144	21.0
143	145	14.0
143	146	3.0
143	147	16.0
143	148	5.0
143	165	1.0
143	166	3.0
144	144	496.0
144	145	37.0
144	146	7.0
144	147	7.0
144	148	4.0
144	160	3.0
144	162	2.0
144	166	16.0
144	167	4.0
145	145	442.0
145	146	31.0
145	147	20.0
145	148	13.0
145	160	1.0
145	165	3.0
145	166	6.0
145	167	1.0
146	146	462.0
146	147	16.0
146	148	13.0
146	151	1.0
146	160	2.0
146	162	3.0
146	163	6.0
146	165	2.0
146	166	4.0
147	147	477.0
147	148	21.0
147	149	1.0
147	151	6.0
147	166	3.0
148	148	478.0
148	149	6.0
148	150	2.0
148	151	1.0
148	160	1.0
148	163	1.0
148	165	1.0
148	168	5.0
149	149	371.0
149	150	3.0
149	151	4.0
149	161	2.0
149	168	4.0
150	150	430.0
150	151	17.0
150	152	1.0
150	153	1.0
150	160	2.0
150	161	2.0
150	165	4.0
150	166	1.0
150	167	1.0
151	151	520.0
151	152	15.0
151	161	1.0
151	162	1.0
151	163	1.0
152	152	467.0
152	153	5.0
152	154	4.0
152	155	3.0
152	158	2.0
152	160	1.0
152	161	1.0
152	163	1.0
152	164	2.0
152	167	1.0
152	170	1.0
153	153	403.0
153	154	26.0
153	155	5.0
153	156	15.0
153	157	7.0
153	158	1.0
153	159	1.0
153	160	2.0
153	161	3.0
153	164	2.0
153	165	1.0
153	166	1.0
154	154	427.0
154	155	22.0
154	156	27.0
154	157	12.0
154	158	1.0
154	160	1.0
154	165	2.0
154	166	1.0
155	155	470.0
155	156	32.0
155	157	26.0
155	158	3.0
155	166	2.0
155	167	1.0
156	156	523.0
156	157	27.0
156	158	2.0
156	159	3.0
156	160	1.0
156	163	1.0
156	165	1.0
157	157	432.0
157	158	13.0
157	159	1.0
157	160	2.0
157	166	1.0
157	169	1.0
158	158	473.0
158	159	31.0
158	160	4.0
159	159	461.0
159	160	11.0
160	160	490.0
160	161	11.0
160	162	15.0
160	164	4.0
160	165	4.0
160	166	3.0
161	161	419.0
161	162	13.0
161	163	20.0
161	164	2.0
161	165	10.0
161	166	3.0
162	162	456.0
162	163	26.0
162	164	22.0
162	165	14.0
162	166	2.0
163	163	444.0
163	164	24.0
163	165	6.0
163	166	5.0
163	168	1.0
164	164	473.0
164	165	48.0
164	166	9.0
165	165	438.0
165	166	13.0
165	167	1.0
166	166	404.0
166	167	14.0
166	168	2.0
166	170	1.0
167	167	420.0
167	168	10.0
167	169	1.0
168	168	456.0
168	169	21.0
168	170	1.0
169	169	485.0
169	170	38.0
170	170	466.0
171	171	3.0
172	1	26.0
172	2	4.0
172	48	1.0
172	49	3.0
172	50	5.0
172	52	3.0
172	57	2.0
172	58	2.0
172	61	2.0
172	62	5.0
172	63	1.0
172	67	2.0
172	68	22.0
172	70	11.0
172	71	1.0
172	73	1.0
172	81	2.0
172	82	4.0
172	83	1.0
172	117	1.0
172	128	1.0
172	149	1.0
172	155	1.0
172	165	4.0
172	166	9.0
172	167	5.0
172	172	402.0
