1	1	611.0
1	2	14.0
1	5	4.0
1	16	1.0
1	30	1.0
1	33	4.0
1	34	1.0
1	35	2.0
1	39	4.0
1	42	2.0
1	43	1.0
1	45	10.0
1	46	3.0
1	61	8.0
1	62	4.0
1	66	5.0
1	70	1.0
1	71	2.0
1	78	1.0
1	80	4.0
1	90	2.0
1	93	1.0
1	123	9.0
1	124	2.0
1	126	9.0
1	127	18.0
1	129	4.0
1	130	8.0
1	134	7.0
2	2	654.0
2	3	18.0
2	4	2.0
2	6	1.0
2	8	2.0
2	9	7.0
2	10	1.0
2	13	2.0
2	16	3.0
2	31	1.0
2	32	1.0
2	34	1.0
2	35	2.0
2	39	7.0
2	42	11.0
2	43	2.0
2	44	4.0
2	45	14.0
2	46	13.0
2	47	4.0
2	70	1.0
2	77	2.0
2	83	1.0
2	87	1.0
2	92	2.0
2	95	3.0
2	109	1.0
2	110	1.0
2	114	1.0
2	119	1.0
2	122	1.0
2	124	5.0
2	125	5.0
2	126	17.0
2	127	5.0
2	128	1.0
2	133	3.0
3	3	435.0
3	4	20.0
3	5	24.0
3	6	3.0
3	11	1.0
3	16	1.0
3	25	1.0
3	32	1.0
3	35	2.0
3	38	5.0
3	40	2.0
3	41	6.0
3	42	9.0
3	44	1.0
3	45	1.0
3	46	1.0
3	47	2.0
3	49	1.0
3	56	2.0
3	57	5.0
3	58	3.0
3	61	2.0
3	71	1.0
3	78	2.0
3	93	5.0
3	94	11.0
3	95	6.0
3	96	3.0
3	98	2.0
3	105	6.0
3	106	1.0
3	108	2.0
3	125	1.0
3	126	2.0
3	127	2.0
3	128	1.0
4	4	461.0
4	5	25.0
4	6	5.0
4	13	14.0
4	14	9.0
4	15	5.0
4	22	1.0
4	27	11.0
4	28	2.0
4	29	1.0
4	31	3.0
4	32	1.0
4	33	1.0
4	34	1.0
4	38	1.0
4	41	6.0
4	42	6.0
4	46	1.0
4	57	1.0
4	61	1.0
4	68	2.0
4	71	1.0
4	77	1.0
4	93	5.0
4	94	9.0
4	97	15.0
4	100	1.0
4	101	3.0
4	105	2.0
4	112	1.0
4	115	1.0
4	117	1.0
4	126	1.0
4	130	1.0
5	5	536.0
5	6	14.0
5	7	1.0
5	11	1.0
5	12	6.0
5	13	17.0
5	14	3.0
5	16	2.0
5	22	5.0
5	23	5.0
5	28	1.0
5	31	5.0
5	32	3.0
5	44	1.0
5	50	1.0
5	57	17.0
5	58	2.0
5	68	4.0
5	70	1.0
5	71	3.0
5	93	7.0
5	94	1.0
5	95	1.0
5	96	4.0
5	97	17.0
5	99	2.0
5	100	1.0
5	101	15.0
5	102	5.0
5	105	1.0
5	109	1.0
6	6	587.0
6	7	24.0
6	8	1.0
6	12	8.0
6	13	14.0
6	14	2.0
6	20	4.0
6	21	2.0
6	22	13.0
6	23	5.0
6	24	3.0
6	31	6.0
6	32	2.0
6	46	3.0
6	47	5.0
6	55	2.0
6	56	5.0
6	57	10.0
6	58	13.0
6	59	9.0
6	94	1.0
6	96	1.0
6	97	1.0
6	101	8.0
6	102	11.0
6	103	4.0
6	110	1.0
6	112	1.0
7	7	506.0
7	8	2.0
7	9	8.0
7	10	2.0
7	17	1.0
7	18	1.0
7	19	1.0
7	20	11.0
7	21	2.0
7	22	18.0
7	23	26.0
7	24	16.0
7	25	3.0
7	26	1.0
7	30	1.0
7	31	3.0
7	32	1.0
7	35	2.0
7	44	1.0
7	47	1.0
7	55	3.0
7	58	4.0
7	59	23.0
7	60	1.0
7	74	1.0
7	100	7.0
7	102	2.0
7	107	1.0
7	108	1.0
7	128	1.0
8	8	639.0
8	9	45.0
8	10	23.0
8	12	4.0
8	13	3.0
8	14	3.0
8	15	3.0
8	16	1.0
8	17	8.0
8	18	2.0
8	19	3.0
8	21	2.0
8	22	1.0
8	27	2.0
8	45	1.0
8	47	8.0
8	58	2.0
8	59	2.0
8	77	1.0
8	80	1.0
8	99	1.0
8	100	4.0
8	102	1.0
8	119	1.0
8	126	1.0
9	9	490.0
9	10	38.0
9	11	3.0
9	13	5.0
9	14	4.0
9	17	11.0
9	19	1.0
9	20	1.0
9	27	1.0
9	29	1.0
9	46	1.0
9	47	6.0
9	50	1.0
9	56	2.0
9	59	3.0
9	62	1.0
9	74	1.0
9	77	3.0
9	96	1.0
9	99	1.0
9	117	1.0
9	122	1.0
10	10	552.0
10	11	35.0
10	12	3.0
10	13	3.0
10	14	6.0
10	15	6.0
10	16	1.0
10	17	7.0
10	18	1.0
10	22	1.0
10	46	1.0
10	47	4.0
10	75	1.0
10	76	1.0
10	77	7.0
10	78	1.0
10	81	2.0
10	83	1.0
10	84	1.0
10	101	1.0
10	111	1.0
11	11	556.0
11	12	54.0
11	13	15.0
11	14	1.0
11	15	4.0
11	16	7.0
11	19	1.0
11	22	1.0
11	23	1.0
11	48	1.0
11	75	10.0
11	76	21.0
11	77	2.0
11	78	1.0
11	79	4.0
11	82	5.0
11	83	2.0
11	95	1.0
11	100	1.0
11	102	1.0
12	12	555.0
12	13	47.0
12	14	1.0
12	15	3.0
12	16	8.0
12	19	3.0
12	21	3.0
12	26	1.0
12	34	1.0
12	55	1.0
12	70	1.0
12	76	9.0
12	77	14.0
12	78	10.0
12	79	1.0
12	95	1.0
12	97	1.0
12	101	2.0
12	102	2.0
12	114	1.0
12	131	2.0
13	13	525.0
13	14	5.0
13	15	17.0
13	16	5.0
13	42	1.0
13	56	1.0
13	68	2.0
13	77	15.0
13	78	12.0
13	79	3.0
13	81	1.0
13	92	1.0
13	93	4.0
13	96	1.0
13	97	9.0
13	98	2.0
13	99	3.0
13	101	4.0
13	102	6.0
13	114	1.0
13	123	1.0
14	14	510.0
14	15	23.0
14	16	11.0
14	17	19.0
14	19	2.0
14	39	2.0
14	41	1.0
14	49	1.0
14	82	4.0
14	88	1.0
14	94	4.0
14	97	2.0
14	102	4.0
14	103	8.0
14	104	13.0
14	105	11.0
14	106	2.0
14	111	1.0
15	15	537.0
15	16	39.0
15	17	10.0
15	33	1.0
15	34	2.0
15	38	1.0
15	45	1.0
15	49	1.0
15	58	1.0
15	62	1.0
15	66	1.0
15	68	1.0
15	93	2.0
15	94	2.0
15	97	3.0
15	104	1.0
15	106	1.0
15	125	2.0
15	133	1.0
16	16	542.0
16	17	23.0
16	26	1.0
16	44	1.0
16	57	1.0
16	58	2.0
16	68	1.0
16	71	1.0
16	73	1.0
16	79	1.0
16	103	1.0
16	117	1.0
17	17	655.0
17	18	12.0
17	19	10.0
17	20	1.0
17	21	1.0
17	47	20.0
17	48	1.0
17	51	1.0
17	55	1.0
17	56	1.0
17	68	3.0
17	69	4.0
17	90	1.0
17	95	2.0
17	97	1.0
17	98	1.0
17	134	1.0
18	18	553.0
18	19	20.0
18	20	1.0
18	47	1.0
18	48	3.0
18	49	7.0
18	57	1.0
18	69	3.0
18	70	1.0
18	103	1.0
18	110	1.0
18	115	1.0
18	117	1.0
19	19	564.0
19	20	22.0
19	21	4.0
19	23	4.0
19	37	1.0
19	47	1.0
19	48	5.0
19	49	19.0
19	55	2.0
19	58	1.0
19	67	1.0
19	69	2.0
19	70	3.0
19	71	2.0
19	81	1.0
19	88	1.0
19	102	2.0
19	104	1.0
19	112	1.0
20	20	534.0
20	21	34.0
20	22	25.0
20	23	6.0
20	46	1.0
20	47	4.0
20	48	7.0
20	49	10.0
20	50	3.0
20	54	1.0
20	55	4.0
20	56	7.0
20	57	4.0
20	58	1.0
20	76	1.0
20	102	1.0
20	120	1.0
21	21	578.0
21	22	15.0
21	23	3.0
21	47	3.0
21	48	2.0
21	55	1.0
21	56	9.0
21	132	1.0
22	22	462.0
22	23	26.0
22	24	1.0
22	47	6.0
22	48	1.0
22	49	2.0
22	50	2.0
22	55	3.0
22	56	6.0
22	57	6.0
22	58	6.0
22	59	1.0
22	100	1.0
22	101	4.0
22	102	10.0
22	103	3.0
23	23	399.0
23	24	27.0
23	25	6.0
23	26	1.0
23	31	4.0
23	32	1.0
23	33	5.0
23	34	1.0
23	37	3.0
23	38	1.0
23	42	1.0
23	44	1.0
23	47	2.0
23	48	1.0
23	49	2.0
23	55	1.0
23	56	1.0
23	57	1.0
23	58	7.0
23	59	14.0
23	75	1.0
23	96	2.0
23	97	4.0
23	98	1.0
23	101	6.0
23	102	2.0
23	104	1.0
23	105	8.0
23	106	8.0
23	107	2.0
23	108	3.0
23	120	1.0
24	24	455.0
24	25	16.0
24	26	4.0
24	27	2.0
24	29	8.0
24	30	27.0
24	31	5.0
24	33	16.0
24	34	2.0
24	36	10.0
24	37	14.0
24	39	2.0
24	46	2.0
24	47	1.0
24	48	1.0
24	49	1.0
24	55	1.0
24	56	1.0
24	58	4.0
24	59	17.0
24	60	2.0
24	62	1.0
24	74	1.0
24	103	2.0
24	104	2.0
24	105	2.0
24	106	9.0
24	108	5.0
24	109	2.0
24	125	1.0
25	25	477.0
25	26	9.0
25	27	3.0
25	28	5.0
25	29	1.0
25	30	2.0
25	31	1.0
25	32	5.0
25	35	1.0
25	36	18.0
25	37	9.0
25	38	5.0
25	39	26.0
25	40	3.0
25	59	8.0
25	60	14.0
25	61	3.0
25	63	2.0
25	107	1.0
25	114	1.0
25	124	1.0
25	126	1.0
26	26	417.0
26	27	18.0
26	28	28.0
26	29	4.0
26	30	6.0
26	31	10.0
26	32	12.0
26	36	1.0
26	37	1.0
26	38	11.0
26	39	18.0
26	40	4.0
26	41	1.0
26	42	2.0
26	43	3.0
26	55	4.0
26	59	5.0
26	60	6.0
26	70	1.0
26	81	6.0
26	82	2.0
26	83	1.0
26	86	4.0
26	87	1.0
26	88	2.0
26	89	2.0
26	123	1.0
26	127	1.0
27	27	543.0
27	28	37.0
27	29	25.0
27	30	22.0
27	31	17.0
27	32	24.0
27	35	1.0
27	36	1.0
27	38	5.0
27	39	8.0
27	42	1.0
27	59	2.0
27	60	2.0
27	61	1.0
27	117	1.0
27	125	1.0
28	28	505.0
28	29	30.0
28	30	6.0
28	31	10.0
28	32	27.0
28	33	4.0
28	35	1.0
28	39	2.0
28	41	1.0
28	60	12.0
28	61	3.0
28	81	4.0
28	82	2.0
28	87	1.0
28	88	1.0
28	89	6.0
28	113	1.0
29	29	505.0
29	30	63.0
29	31	9.0
29	32	7.0
29	33	2.0
29	38	1.0
29	39	1.0
29	77	1.0
29	87	11.0
29	88	5.0
29	89	5.0
29	93	3.0
29	95	2.0
29	98	1.0
29	108	10.0
29	109	9.0
29	110	13.0
29	128	1.0
30	30	541.0
30	31	4.0
30	32	8.0
30	33	2.0
30	36	2.0
30	42	1.0
30	43	1.0
30	61	2.0
30	62	1.0
30	87	11.0
30	88	7.0
30	89	13.0
30	93	1.0
30	95	1.0
30	103	2.0
30	108	4.0
30	109	3.0
30	110	1.0
30	130	1.0
30	133	1.0
31	31	469.0
31	32	18.0
31	35	2.0
31	42	1.0
31	43	2.0
31	56	1.0
31	58	4.0
31	59	7.0
31	60	8.0
31	61	2.0
31	75	1.0
31	90	1.0
31	94	1.0
31	112	1.0
32	32	535.0
32	33	2.0
32	37	2.0
32	40	2.0
32	45	1.0
32	59	2.0
32	60	7.0
32	61	1.0
32	63	1.0
32	66	3.0
32	67	2.0
32	80	2.0
32	86	14.0
32	87	3.0
32	88	1.0
32	89	2.0
32	110	1.0
32	113	1.0
32	121	1.0
32	125	2.0
32	131	1.0
32	133	1.0
33	33	553.0
33	34	24.0
33	35	1.0
33	36	1.0
33	37	3.0
33	42	1.0
33	55	2.0
33	65	3.0
33	66	4.0
33	75	1.0
33	76	6.0
33	77	18.0
33	78	1.0
33	79	1.0
33	80	18.0
33	86	4.0
33	88	1.0
33	93	2.0
33	96	2.0
33	101	3.0
33	105	6.0
33	106	14.0
33	107	5.0
33	108	12.0
33	109	2.0
33	116	1.0
33	125	7.0
33	126	1.0
33	133	1.0
33	134	14.0
34	34	593.0
34	35	27.0
34	36	6.0
34	42	5.0
34	43	13.0
34	44	9.0
34	45	12.0
34	68	1.0
34	70	1.0
34	76	1.0
34	77	4.0
34	94	1.0
34	106	4.0
34	107	1.0
34	108	1.0
34	118	1.0
34	124	1.0
34	125	24.0
34	126	3.0
34	129	1.0
34	134	1.0
35	35	589.0
35	36	28.0
35	38	3.0
35	39	5.0
35	40	17.0
35	41	11.0
35	42	4.0
35	43	1.0
35	44	30.0
35	45	11.0
35	48	1.0
35	57	2.0
35	58	2.0
35	60	1.0
35	94	1.0
35	95	1.0
35	103	1.0
35	109	1.0
35	117	1.0
35	124	3.0
35	125	4.0
36	36	558.0
36	37	28.0
36	39	5.0
36	40	12.0
36	41	1.0
36	42	1.0
36	43	8.0
36	44	16.0
36	57	1.0
36	74	1.0
36	95	1.0
36	105	8.0
36	125	1.0
36	126	1.0
37	37	479.0
37	38	22.0
37	39	2.0
37	40	11.0
37	41	1.0
37	42	2.0
37	55	1.0
37	63	1.0
37	94	3.0
37	100	1.0
37	103	1.0
37	104	2.0
37	105	12.0
37	106	2.0
37	125	2.0
37	129	1.0
38	38	453.0
38	39	20.0
38	40	27.0
38	41	9.0
38	42	6.0
38	43	1.0
38	44	1.0
38	64	1.0
38	75	1.0
38	88	1.0
38	93	4.0
38	94	2.0
38	95	1.0
38	107	1.0
38	108	1.0
39	39	505.0
39	40	4.0
39	41	3.0
39	42	5.0
39	43	3.0
39	45	1.0
39	55	1.0
39	68	1.0
39	89	1.0
39	101	1.0
39	113	1.0
40	40	491.0
40	41	28.0
40	42	10.0
40	43	5.0
40	44	2.0
40	51	1.0
40	56	7.0
40	58	6.0
40	59	1.0
40	64	1.0
40	79	1.0
40	93	3.0
40	94	1.0
40	101	1.0
40	109	1.0
41	41	482.0
41	42	26.0
41	43	8.0
41	44	1.0
41	45	6.0
41	57	3.0
41	58	15.0
41	60	1.0
41	61	1.0
41	73	1.0
41	92	1.0
41	93	4.0
41	94	8.0
41	95	12.0
41	96	3.0
41	97	3.0
41	102	1.0
41	122	1.0
42	42	483.0
42	43	17.0
42	44	2.0
42	45	6.0
42	47	2.0
42	57	4.0
42	58	5.0
42	59	3.0
42	60	4.0
42	61	1.0
42	94	4.0
42	95	4.0
42	100	1.0
43	43	554.0
43	44	30.0
43	45	8.0
43	47	15.0
43	48	3.0
43	55	3.0
43	56	7.0
43	58	2.0
43	59	3.0
43	60	3.0
44	44	668.0
44	45	26.0
44	46	5.0
44	47	10.0
44	57	1.0
44	58	3.0
44	60	5.0
44	61	3.0
44	71	1.0
44	95	4.0
44	107	2.0
45	45	580.0
45	46	35.0
45	47	1.0
45	58	1.0
45	66	1.0
45	71	1.0
45	90	1.0
45	92	4.0
45	94	2.0
45	95	2.0
45	107	1.0
45	111	2.0
45	115	1.0
45	123	4.0
45	126	1.0
45	127	2.0
46	46	595.0
46	47	15.0
46	49	1.0
46	60	3.0
46	61	6.0
46	81	1.0
46	86	2.0
46	91	1.0
46	121	2.0
46	122	6.0
46	124	6.0
46	125	1.0
46	126	2.0
46	127	6.0
46	128	2.0
46	129	3.0
47	47	543.0
47	48	13.0
47	49	1.0
47	56	3.0
47	57	1.0
47	58	1.0
47	59	6.0
47	60	23.0
47	61	1.0
47	62	1.0
47	72	1.0
47	122	1.0
47	133	1.0
48	48	547.0
48	49	21.0
48	50	23.0
48	51	34.0
48	54	13.0
48	55	12.0
48	56	3.0
48	59	4.0
48	60	3.0
48	72	1.0
48	76	1.0
48	111	1.0
48	114	1.0
48	121	1.0
49	49	364.0
49	50	18.0
49	51	3.0
49	55	10.0
49	56	4.0
49	76	2.0
49	88	3.0
49	89	9.0
49	121	1.0
50	50	448.0
50	51	12.0
50	54	5.0
50	55	27.0
50	57	1.0
50	103	1.0
51	51	231.0
51	54	8.0
51	55	2.0
51	71	1.0
51	93	1.0
51	101	1.0
54	54	129.0
55	55	458.0
55	56	28.0
55	57	1.0
55	58	10.0
55	59	10.0
55	60	5.0
55	61	1.0
56	56	548.0
56	57	19.0
56	58	16.0
56	59	21.0
56	60	4.0
56	70	1.0
57	57	596.0
57	58	45.0
57	59	2.0
57	65	1.0
57	66	1.0
57	84	1.0
57	90	9.0
57	91	11.0
57	92	2.0
57	95	4.0
57	104	1.0
57	122	1.0
57	127	1.0
58	58	545.0
58	59	10.0
58	93	2.0
58	94	3.0
58	95	6.0
58	101	9.0
59	59	496.0
59	60	7.0
59	71	1.0
59	78	1.0
59	94	1.0
59	106	1.0
59	112	1.0
59	126	1.0
60	60	600.0
60	61	17.0
60	70	1.0
60	74	1.0
60	75	2.0
60	118	1.0
60	128	2.0
60	134	1.0
61	61	601.0
61	62	42.0
61	66	2.0
61	81	1.0
61	86	1.0
61	92	1.0
61	95	1.0
61	102	1.0
61	108	1.0
61	110	1.0
61	123	2.0
61	129	1.0
61	133	1.0
61	134	2.0
62	62	554.0
62	63	9.0
62	64	11.0
62	65	1.0
62	66	3.0
62	67	1.0
62	70	1.0
62	83	5.0
62	87	1.0
62	88	1.0
62	90	1.0
62	112	1.0
62	128	1.0
62	134	6.0
63	63	557.0
63	64	16.0
63	65	7.0
63	66	9.0
63	80	1.0
63	83	8.0
63	84	2.0
63	107	1.0
63	117	3.0
63	127	1.0
64	64	581.0
64	65	44.0
64	66	10.0
64	67	3.0
64	71	2.0
64	74	3.0
64	80	1.0
64	81	1.0
64	83	5.0
64	98	2.0
64	105	3.0
64	109	1.0
64	116	2.0
64	120	1.0
65	65	626.0
65	66	46.0
65	67	12.0
65	68	6.0
65	72	3.0
65	73	2.0
65	79	9.0
65	80	8.0
65	82	1.0
65	83	10.0
65	84	2.0
65	106	1.0
65	114	1.0
65	127	1.0
65	131	1.0
65	132	1.0
66	66	609.0
66	67	6.0
66	71	2.0
66	72	6.0
66	73	5.0
66	74	1.0
66	79	1.0
66	80	11.0
66	82	3.0
66	83	14.0
66	84	1.0
66	86	1.0
66	95	1.0
66	96	1.0
66	116	1.0
66	130	2.0
66	131	3.0
66	133	3.0
66	134	5.0
67	67	537.0
67	68	11.0
67	69	5.0
67	70	9.0
67	71	17.0
67	72	21.0
67	73	27.0
67	74	6.0
67	75	1.0
67	76	2.0
67	79	3.0
67	82	1.0
67	100	1.0
67	120	4.0
67	124	1.0
67	127	1.0
67	129	1.0
67	131	4.0
68	68	632.0
68	69	25.0
68	70	19.0
68	71	7.0
68	72	2.0
68	73	3.0
68	74	12.0
68	83	2.0
68	93	2.0
68	97	1.0
68	113	3.0
68	116	2.0
68	118	1.0
68	119	6.0
68	120	4.0
68	121	1.0
68	122	1.0
68	123	2.0
68	124	1.0
68	125	8.0
69	69	523.0
69	70	32.0
69	71	4.0
69	73	2.0
69	106	1.0
69	113	2.0
69	114	2.0
69	119	1.0
69	120	17.0
69	121	2.0
69	122	4.0
69	123	16.0
69	124	5.0
69	125	15.0
69	131	1.0
70	70	607.0
70	71	14.0
70	72	14.0
70	73	2.0
70	74	3.0
70	75	9.0
70	76	1.0
70	113	2.0
70	114	1.0
70	118	16.0
70	119	14.0
70	120	9.0
70	121	7.0
70	122	8.0
70	123	7.0
70	125	10.0
70	129	1.0
70	131	1.0
70	132	1.0
70	133	2.0
71	71	468.0
71	72	32.0
71	73	4.0
71	74	5.0
71	75	9.0
71	76	1.0
71	77	2.0
71	83	2.0
71	92	1.0
71	118	2.0
71	119	15.0
71	120	6.0
71	121	3.0
71	122	1.0
71	131	1.0
72	72	577.0
72	73	21.0
72	74	8.0
72	75	4.0
72	79	3.0
72	83	1.0
72	88	1.0
72	115	1.0
72	117	1.0
72	118	4.0
72	119	13.0
72	120	4.0
72	121	6.0
72	122	6.0
72	125	1.0
73	73	562.0
73	74	18.0
73	75	6.0
73	76	1.0
73	79	5.0
73	94	1.0
73	119	3.0
73	120	7.0
73	128	1.0
73	131	17.0
73	132	1.0
73	133	10.0
73	134	7.0
74	74	524.0
74	75	16.0
74	76	3.0
74	77	3.0
74	78	13.0
74	79	8.0
74	80	1.0
74	89	1.0
74	101	1.0
74	131	3.0
74	133	5.0
74	134	3.0
75	75	641.0
75	76	41.0
75	77	3.0
75	78	16.0
75	87	1.0
75	96	1.0
75	100	1.0
75	117	1.0
75	118	1.0
75	123	1.0
76	76	574.0
76	77	29.0
76	78	18.0
76	82	1.0
76	93	1.0
76	99	2.0
76	119	1.0
76	129	1.0
76	134	1.0
77	77	514.0
77	78	15.0
77	80	5.0
77	81	1.0
77	82	1.0
77	87	1.0
77	89	1.0
77	92	1.0
77	93	7.0
77	94	4.0
77	95	4.0
77	96	1.0
77	100	2.0
77	101	1.0
77	102	5.0
77	108	1.0
77	118	1.0
77	121	1.0
77	134	1.0
78	78	583.0
78	79	30.0
78	80	12.0
78	81	1.0
78	82	3.0
78	83	1.0
78	86	1.0
78	89	3.0
78	90	2.0
78	91	5.0
78	92	4.0
78	93	5.0
78	94	3.0
78	95	8.0
78	96	1.0
78	98	8.0
78	101	1.0
78	102	2.0
78	134	1.0
79	79	583.0
79	80	58.0
79	81	4.0
79	82	7.0
79	83	5.0
79	84	2.0
79	91	6.0
79	92	10.0
79	93	3.0
79	95	4.0
79	96	1.0
79	98	4.0
79	101	2.0
79	131	1.0
79	134	2.0
80	80	532.0
80	81	3.0
80	82	10.0
80	83	7.0
80	84	7.0
80	86	3.0
80	87	1.0
80	91	3.0
80	92	11.0
80	93	2.0
80	96	2.0
80	97	2.0
80	98	8.0
80	99	1.0
80	100	2.0
80	102	1.0
80	134	15.0
81	81	504.0
81	82	37.0
81	83	28.0
81	84	9.0
81	85	3.0
81	86	2.0
81	87	4.0
81	89	1.0
81	100	1.0
81	104	2.0
81	105	3.0
81	106	1.0
81	112	2.0
82	82	524.0
82	83	32.0
82	84	27.0
82	85	8.0
82	86	7.0
82	88	3.0
82	89	2.0
82	93	1.0
82	102	2.0
82	104	2.0
82	105	5.0
82	106	1.0
82	114	1.0
82	124	1.0
82	127	1.0
82	130	1.0
82	131	1.0
83	83	515.0
83	84	31.0
83	85	7.0
83	86	2.0
83	87	2.0
83	89	2.0
83	90	1.0
83	94	1.0
83	103	1.0
83	105	3.0
84	84	497.0
84	85	48.0
84	86	26.0
84	87	6.0
84	88	11.0
84	89	2.0
84	127	1.0
84	130	1.0
84	132	2.0
85	85	523.0
85	86	17.0
85	87	3.0
85	88	2.0
85	90	1.0
85	93	1.0
85	101	1.0
85	102	6.0
85	104	4.0
85	112	1.0
85	131	2.0
86	86	527.0
86	87	39.0
86	88	11.0
86	89	21.0
86	90	6.0
86	91	2.0
86	92	3.0
86	99	1.0
86	109	1.0
86	129	1.0
86	133	1.0
86	134	1.0
87	87	446.0
87	88	31.0
87	89	34.0
87	90	7.0
87	93	1.0
87	121	1.0
88	88	471.0
88	89	20.0
88	90	2.0
88	93	2.0
88	102	2.0
88	103	1.0
88	125	1.0
89	89	260.0
89	90	9.0
89	91	2.0
89	93	4.0
90	90	478.0
90	91	30.0
90	92	26.0
90	93	11.0
90	94	12.0
90	95	20.0
90	96	1.0
90	98	2.0
90	99	2.0
90	100	3.0
91	91	486.0
91	92	76.0
91	93	15.0
91	94	9.0
91	95	8.0
91	98	5.0
91	110	1.0
92	92	546.0
92	93	11.0
92	94	3.0
92	95	6.0
92	96	3.0
92	98	6.0
92	100	1.0
92	111	1.0
92	130	1.0
93	93	516.0
93	94	18.0
93	95	16.0
93	96	13.0
93	97	10.0
93	98	14.0
93	99	1.0
93	100	2.0
93	101	3.0
93	104	3.0
93	105	5.0
93	123	1.0
93	126	1.0
94	94	524.0
94	95	48.0
94	96	8.0
94	97	7.0
94	98	3.0
94	99	3.0
94	100	1.0
94	105	9.0
94	106	3.0
94	117	1.0
95	95	499.0
95	96	22.0
95	97	5.0
95	98	5.0
95	100	3.0
95	116	1.0
95	119	1.0
95	134	6.0
96	96	342.0
96	97	18.0
96	98	10.0
96	99	14.0
96	100	16.0
96	101	5.0
96	105	3.0
96	111	1.0
96	120	1.0
96	134	1.0
97	97	462.0
97	98	62.0
97	99	11.0
97	100	18.0
97	101	18.0
97	103	1.0
97	105	1.0
97	110	1.0
97	116	1.0
97	133	2.0
98	98	465.0
98	99	21.0
98	100	6.0
98	101	7.0
98	110	1.0
98	120	1.0
98	121	1.0
99	99	483.0
99	100	48.0
99	101	8.0
99	102	2.0
100	100	469.0
100	101	12.0
100	102	17.0
101	101	492.0
101	102	29.0
101	103	11.0
101	104	1.0
101	105	2.0
101	117	1.0
101	130	2.0
102	102	526.0
102	103	21.0
102	104	32.0
102	105	5.0
102	106	15.0
102	123	1.0
102	124	4.0
102	130	12.0
102	132	2.0
103	103	532.0
103	104	41.0
103	105	12.0
103	106	6.0
103	111	1.0
103	127	1.0
103	128	1.0
103	130	30.0
103	131	3.0
103	132	3.0
104	104	442.0
104	105	50.0
104	106	14.0
104	107	3.0
104	128	1.0
104	130	1.0
105	105	505.0
105	106	15.0
105	107	7.0
105	108	1.0
105	124	1.0
105	130	3.0
105	132	1.0
106	106	436.0
106	107	18.0
106	108	2.0
106	109	4.0
106	110	1.0
106	124	18.0
106	125	3.0
106	130	3.0
106	132	1.0
107	107	556.0
107	108	16.0
107	109	11.0
107	110	7.0
107	111	1.0
107	123	4.0
107	124	18.0
107	125	1.0
107	127	2.0
107	130	1.0
108	108	527.0
108	109	33.0
108	110	12.0
108	111	8.0
108	112	7.0
108	119	1.0
108	125	2.0
108	132	1.0
109	109	499.0
109	110	35.0
109	111	33.0
109	112	8.0
109	113	1.0
109	125	2.0
109	133	1.0
110	110	533.0
110	111	44.0
110	112	5.0
110	113	2.0
111	111	547.0
111	112	20.0
111	113	6.0
111	133	2.0
112	112	612.0
112	113	51.0
112	114	2.0
112	125	2.0
112	132	2.0
112	133	2.0
112	134	2.0
113	113	563.0
113	114	27.0
113	115	14.0
113	118	7.0
113	121	6.0
113	122	1.0
113	123	4.0
113	125	4.0
113	130	1.0
113	132	1.0
114	114	563.0
114	115	36.0
114	116	4.0
114	117	1.0
114	118	5.0
114	123	1.0
114	132	1.0
115	115	497.0
115	116	50.0
115	117	9.0
115	119	2.0
115	120	1.0
116	116	613.0
116	117	35.0
117	117	662.0
117	118	17.0
117	119	23.0
117	120	2.0
117	133	1.0
118	118	589.0
118	119	17.0
118	121	2.0
118	122	3.0
118	126	1.0
119	119	599.0
119	120	30.0
119	121	7.0
119	122	7.0
119	123	4.0
119	126	1.0
119	132	1.0
120	120	616.0
120	121	10.0
120	122	17.0
120	123	4.0
120	124	1.0
120	125	4.0
120	127	3.0
120	128	12.0
120	130	3.0
120	131	7.0
120	132	1.0
120	133	1.0
121	121	574.0
121	122	38.0
121	123	8.0
121	124	9.0
121	125	2.0
121	126	1.0
121	128	9.0
121	129	7.0
121	130	1.0
121	131	10.0
122	122	566.0
122	123	22.0
122	124	7.0
122	127	2.0
122	128	15.0
122	129	3.0
122	130	11.0
122	131	13.0
122	134	1.0
123	123	573.0
123	124	17.0
123	125	7.0
123	126	3.0
123	127	11.0
123	128	3.0
123	129	25.0
123	130	24.0
123	131	3.0
124	124	586.0
124	125	14.0
124	126	16.0
124	127	6.0
124	128	2.0
124	129	11.0
124	130	14.0
124	131	1.0
124	132	2.0
124	133	1.0
125	125	603.0
125	126	18.0
125	127	2.0
125	132	5.0
126	126	605.0
126	127	36.0
126	128	15.0
126	132	1.0
126	133	3.0
127	127	485.0
127	128	28.0
127	129	4.0
127	130	7.0
128	128	528.0
128	129	18.0
128	130	4.0
128	131	1.0
128	132	5.0
129	129	515.0
129	130	33.0
129	131	2.0
130	130	573.0
130	131	8.0
130	132	18.0
130	133	1.0
131	131	591.0
131	132	43.0
131	133	19.0
131	134	9.0
132	132	541.0
132	133	31.0
132	134	7.0
133	133	605.0
133	134	13.0
134	134	564.0
136	1	3.0
136	33	2.0
136	37	1.0
136	39	1.0
136	43	1.0
136	47	2.0
136	61	1.0
136	62	9.0
136	63	2.0
136	65	3.0
136	66	6.0
136	73	3.0
136	78	1.0
136	79	1.0
136	80	3.0
136	86	1.0
136	91	1.0
136	121	1.0
136	122	3.0
136	123	1.0
136	129	8.0
136	130	2.0
136	131	1.0
136	132	1.0
136	134	4.0
136	136	500.0
