9	9	78.0
9	10	1.0
10	10	397.0
10	11	8.0
10	14	9.0
10	16	1.0
10	23	5.0
11	11	156.0
11	16	1.0
11	18	1.0
11	21	1.0
11	22	1.0
11	25	1.0
11	35	1.0
14	14	120.0
14	15	12.0
14	16	3.0
14	23	1.0
14	29	2.0
15	15	248.0
15	16	26.0
15	17	21.0
15	18	5.0
15	19	1.0
15	24	3.0
15	25	1.0
15	30	1.0
15	32	1.0
15	35	1.0
15	40	1.0
16	16	432.0
16	17	10.0
16	18	9.0
16	19	5.0
16	22	8.0
16	23	5.0
16	24	1.0
16	26	1.0
16	32	1.0
16	35	1.0
16	37	5.0
16	40	4.0
16	41	9.0
16	44	1.0
17	17	365.0
17	18	32.0
17	19	1.0
17	22	2.0
17	23	2.0
17	24	1.0
17	26	1.0
17	33	1.0
17	34	1.0
17	36	2.0
17	37	1.0
17	40	4.0
17	41	2.0
18	18	357.0
18	19	6.0
18	22	3.0
18	23	25.0
18	24	16.0
18	26	2.0
18	29	1.0
18	34	1.0
18	35	4.0
18	38	2.0
18	40	6.0
18	41	2.0
18	47	1.0
19	19	381.0
19	20	3.0
19	21	9.0
19	22	14.0
19	23	15.0
19	24	36.0
19	25	19.0
19	26	25.0
19	27	7.0
19	28	2.0
19	37	1.0
19	38	7.0
19	39	1.0
20	20	401.0
20	21	34.0
20	22	29.0
20	23	14.0
20	24	9.0
20	25	12.0
20	26	10.0
20	27	11.0
20	33	2.0
20	34	9.0
20	36	1.0
20	37	3.0
20	38	13.0
20	39	38.0
20	40	9.0
21	21	393.0
21	22	19.0
21	23	20.0
21	24	29.0
21	25	7.0
21	26	14.0
21	27	19.0
21	28	2.0
21	30	1.0
21	34	8.0
21	37	1.0
21	39	13.0
22	22	349.0
22	23	25.0
22	24	9.0
22	25	15.0
22	26	16.0
22	27	11.0
22	29	1.0
22	34	3.0
22	35	1.0
22	37	9.0
22	38	6.0
22	39	5.0
22	40	5.0
23	23	345.0
23	24	18.0
23	26	3.0
23	27	2.0
23	29	1.0
23	30	1.0
23	37	3.0
23	40	4.0
23	41	1.0
24	24	402.0
24	25	7.0
24	26	4.0
24	27	10.0
24	28	4.0
24	33	1.0
24	34	1.0
24	40	1.0
25	25	335.0
25	26	29.0
25	27	4.0
25	28	9.0
25	29	7.0
25	30	3.0
25	31	1.0
25	33	2.0
25	36	1.0
25	37	6.0
25	38	11.0
25	39	19.0
25	40	4.0
26	26	411.0
26	27	12.0
26	28	3.0
26	29	6.0
26	34	1.0
26	37	5.0
26	38	6.0
26	39	8.0
26	40	2.0
27	27	387.0
27	28	26.0
27	29	4.0
27	38	1.0
27	39	4.0
27	40	17.0
27	45	1.0
28	28	348.0
28	29	47.0
28	30	6.0
28	31	1.0
28	33	7.0
28	34	6.0
28	39	1.0
28	40	3.0
28	41	1.0
28	42	2.0
29	29	346.0
29	30	19.0
29	31	7.0
29	32	5.0
29	33	9.0
29	34	1.0
30	30	415.0
30	31	28.0
30	32	46.0
30	33	8.0
30	45	1.0
31	31	366.0
31	32	42.0
31	33	5.0
32	32	383.0
32	33	13.0
32	37	1.0
32	44	1.0
33	33	414.0
33	34	19.0
34	34	384.0
34	35	12.0
34	36	1.0
34	38	1.0
34	42	4.0
34	46	4.0
35	35	472.0
35	36	13.0
35	37	7.0
35	40	1.0
35	41	3.0
35	42	3.0
35	43	3.0
35	44	1.0
35	46	5.0
35	47	2.0
36	36	429.0
36	37	31.0
36	41	17.0
36	42	45.0
36	43	21.0
36	44	4.0
36	45	2.0
36	46	12.0
36	47	11.0
37	37	409.0
37	38	13.0
37	39	1.0
37	40	6.0
37	41	4.0
37	42	6.0
37	43	5.0
37	44	1.0
37	46	1.0
37	47	12.0
38	38	446.0
38	39	3.0
38	40	18.0
38	41	3.0
38	42	1.0
38	44	5.0
38	45	13.0
38	47	1.0
39	39	431.0
39	40	18.0
40	40	406.0
40	41	5.0
40	42	2.0
40	43	8.0
40	44	2.0
40	45	2.0
40	46	2.0
41	41	399.0
41	42	37.0
41	43	8.0
41	44	10.0
41	45	3.0
41	46	2.0
42	42	446.0
42	43	36.0
42	44	17.0
43	43	460.0
43	44	44.0
43	45	4.0
43	46	2.0
43	47	2.0
44	44	406.0
44	45	28.0
44	46	14.0
45	45	438.0
45	46	8.0
45	47	9.0
46	46	531.0
46	47	20.0
46	48	1.0
47	47	418.0
47	48	6.0
48	48	43.0
