1	1	246.0
1	2	1.0
1	9	2.0
2	2	263.0
2	10	2.0
2	117	1.0
3	2	1.0
3	3	203.0
3	4	1.0
3	5	2.0
4	3	4.0
4	4	226.0
4	5	7.0
4	7	2.0
4	8	4.0
5	3	1.0
5	4	6.0
5	5	239.0
5	6	2.0
5	7	1.0
6	3	2.0
6	4	2.0
6	5	2.0
6	6	253.0
6	7	1.0
6	9	1.0
7	4	2.0
7	6	1.0
7	7	263.0
7	8	2.0
8	3	1.0
8	5	1.0
8	7	2.0
8	8	238.0
8	9	6.0
8	10	1.0
9	1	1.0
9	8	2.0
9	9	260.0
9	10	9.0
9	12	2.0
9	136	1.0
10	9	7.0
10	10	248.0
10	11	3.0
11	10	5.0
11	11	301.0
11	12	10.0
11	14	3.0
11	15	1.0
11	48	1.0
11	101	1.0
11	117	2.0
12	11	7.0
12	12	303.0
12	13	1.0
12	14	1.0
12	31	1.0
12	45	1.0
12	66	1.0
12	77	1.0
12	117	1.0
13	12	3.0
13	13	252.0
13	14	3.0
13	15	2.0
13	73	1.0
14	11	6.0
14	13	5.0
14	14	240.0
14	15	3.0
14	16	3.0
14	17	1.0
14	47	1.0
14	61	1.0
15	11	1.0
15	12	1.0
15	13	4.0
15	14	4.0
15	15	291.0
15	16	4.0
15	24	2.0
15	47	2.0
16	8	1.0
16	13	2.0
16	15	4.0
16	16	246.0
16	120	1.0
17	17	253.0
17	18	1.0
17	25	1.0
17	34	1.0
17	43	1.0
17	47	2.0
17	55	2.0
17	57	2.0
18	16	1.0
18	17	7.0
18	18	231.0
18	19	1.0
18	32	3.0
18	33	2.0
18	55	1.0
18	58	2.0
18	60	1.0
18	65	1.0
19	19	268.0
19	20	4.0
19	23	1.0
19	24	1.0
19	26	1.0
19	27	1.0
19	28	1.0
19	30	3.0
19	31	1.0
19	36	1.0
19	56	1.0
19	90	2.0
19	92	1.0
20	19	3.0
20	20	265.0
20	21	7.0
20	22	1.0
20	27	2.0
20	29	1.0
20	30	1.0
20	36	1.0
20	47	1.0
20	56	1.0
20	57	1.0
20	90	1.0
21	19	2.0
21	20	2.0
21	21	263.0
21	22	2.0
21	26	1.0
21	30	2.0
21	36	1.0
21	57	2.0
21	80	1.0
22	19	1.0
22	20	2.0
22	21	8.0
22	22	262.0
22	24	3.0
22	26	1.0
22	27	1.0
22	29	3.0
22	49	1.0
22	55	2.0
22	93	1.0
22	94	1.0
23	23	246.0
23	24	5.0
23	49	1.0
23	55	1.0
23	57	1.0
23	58	1.0
23	59	4.0
23	75	1.0
23	82	2.0
23	86	1.0
23	88	4.0
23	89	1.0
23	92	4.0
23	93	2.0
23	94	1.0
23	95	1.0
23	96	1.0
23	97	3.0
23	134	4.0
24	22	1.0
24	23	5.0
24	24	246.0
24	25	7.0
24	26	1.0
24	40	1.0
24	48	2.0
24	49	1.0
24	56	4.0
24	71	1.0
24	88	1.0
24	89	2.0
24	92	5.0
25	23	1.0
25	24	5.0
25	25	224.0
25	26	2.0
25	48	3.0
25	49	1.0
25	56	3.0
25	57	1.0
25	59	1.0
25	88	2.0
26	19	1.0
26	22	1.0
26	25	2.0
26	26	228.0
26	27	2.0
26	28	1.0
26	29	1.0
26	36	1.0
26	49	2.0
26	58	3.0
27	20	1.0
27	22	2.0
27	25	2.0
27	26	6.0
27	27	285.0
27	28	5.0
27	29	3.0
27	30	1.0
27	31	2.0
27	33	1.0
27	36	1.0
27	38	2.0
27	39	1.0
27	40	2.0
27	55	1.0
27	58	1.0
27	59	1.0
27	61	1.0
28	26	1.0
28	27	4.0
28	28	238.0
28	29	11.0
28	30	3.0
28	31	1.0
28	36	4.0
28	37	1.0
28	39	1.0
29	22	2.0
29	26	2.0
29	27	2.0
29	28	1.0
29	29	262.0
29	30	6.0
29	32	1.0
29	58	1.0
30	19	1.0
30	22	1.0
30	26	1.0
30	27	1.0
30	28	3.0
30	29	3.0
30	30	277.0
30	31	1.0
30	32	1.0
30	36	1.0
30	57	2.0
30	58	2.0
30	59	2.0
31	17	1.0
31	26	1.0
31	31	269.0
31	32	4.0
31	40	1.0
31	46	2.0
31	58	1.0
31	61	1.0
32	18	4.0
32	19	1.0
32	30	5.0
32	31	3.0
32	32	266.0
32	33	2.0
32	35	1.0
32	59	1.0
32	61	1.0
32	62	1.0
33	16	1.0
33	31	1.0
33	32	2.0
33	33	271.0
33	34	2.0
33	47	2.0
33	56	1.0
33	57	2.0
33	58	2.0
33	88	2.0
33	90	1.0
33	92	1.0
34	16	1.0
34	18	2.0
34	33	7.0
34	34	239.0
34	35	1.0
34	37	1.0
34	40	1.0
34	44	1.0
34	45	1.0
34	46	1.0
34	57	1.0
34	67	1.0
34	92	1.0
35	13	1.0
35	17	1.0
35	29	1.0
35	33	2.0
35	34	2.0
35	35	283.0
35	36	5.0
35	37	1.0
35	39	1.0
35	42	2.0
35	43	1.0
35	44	2.0
35	45	2.0
35	122	1.0
36	15	1.0
36	17	1.0
36	20	1.0
36	27	1.0
36	30	1.0
36	33	2.0
36	35	6.0
36	36	290.0
36	37	5.0
36	38	3.0
36	39	1.0
36	40	1.0
36	41	1.0
36	42	1.0
37	37	257.0
37	38	6.0
37	39	3.0
37	40	4.0
37	42	1.0
37	46	1.0
37	123	1.0
37	133	1.0
38	20	1.0
38	27	3.0
38	28	1.0
38	34	1.0
38	36	1.0
38	37	8.0
38	38	250.0
38	39	2.0
38	40	1.0
38	41	2.0
38	42	1.0
38	43	1.0
39	27	1.0
39	28	1.0
39	29	2.0
39	36	3.0
39	37	1.0
39	38	2.0
39	39	236.0
39	40	3.0
39	130	1.0
40	27	1.0
40	36	4.0
40	37	2.0
40	38	2.0
40	39	1.0
40	40	257.0
40	41	4.0
40	42	1.0
40	43	1.0
40	59	1.0
40	94	1.0
41	10	1.0
41	37	3.0
41	38	1.0
41	40	5.0
41	41	292.0
41	42	1.0
41	89	1.0
41	108	1.0
42	35	1.0
42	36	1.0
42	37	2.0
42	40	3.0
42	41	2.0
42	42	280.0
42	43	4.0
42	44	1.0
43	36	1.0
43	39	1.0
43	40	1.0
43	41	1.0
43	42	3.0
43	43	278.0
43	44	1.0
44	34	3.0
44	35	3.0
44	40	2.0
44	41	1.0
44	42	1.0
44	43	4.0
44	44	270.0
44	45	1.0
45	13	1.0
45	15	2.0
45	34	1.0
45	35	1.0
45	36	3.0
45	40	1.0
45	42	1.0
45	44	1.0
45	45	275.0
45	46	3.0
45	71	1.0
45	103	1.0
45	126	1.0
46	13	2.0
46	39	1.0
46	45	2.0
46	46	274.0
46	47	9.0
46	78	1.0
46	131	1.0
47	13	1.0
47	14	1.0
47	17	2.0
47	18	2.0
47	19	2.0
47	24	1.0
47	26	1.0
47	33	1.0
47	46	5.0
47	47	236.0
47	48	1.0
47	57	3.0
47	87	1.0
47	100	1.0
47	102	1.0
47	105	1.0
47	124	1.0
48	17	1.0
48	24	2.0
48	26	2.0
48	34	1.0
48	48	211.0
48	49	1.0
48	50	2.0
48	58	1.0
48	60	1.0
49	25	1.0
49	48	3.0
49	49	170.0
49	50	5.0
49	55	1.0
49	56	2.0
49	80	1.0
49	88	3.0
50	48	4.0
50	49	2.0
50	50	161.0
50	51	2.0
50	60	1.0
50	89	1.0
50	130	2.0
51	25	1.0
51	36	1.0
51	48	2.0
51	50	3.0
51	51	107.0
51	56	2.0
51	111	1.0
51	133	1.0
54	49	1.0
54	50	1.0
54	51	2.0
54	54	59.0
54	55	1.0
54	56	1.0
54	88	1.0
55	18	1.0
55	24	1.0
55	25	2.0
55	49	5.0
55	55	225.0
55	56	4.0
55	58	3.0
55	59	1.0
55	60	1.0
55	88	1.0
55	95	1.0
56	23	1.0
56	24	5.0
56	25	3.0
56	26	2.0
56	30	1.0
56	33	2.0
56	47	1.0
56	48	1.0
56	50	1.0
56	51	1.0
56	55	5.0
56	56	240.0
56	57	2.0
56	58	3.0
56	60	1.0
56	92	2.0
56	134	1.0
57	18	3.0
57	20	1.0
57	22	1.0
57	25	4.0
57	27	1.0
57	33	3.0
57	47	3.0
57	48	5.0
57	56	4.0
57	57	249.0
57	58	2.0
57	59	2.0
57	60	3.0
57	61	1.0
57	88	2.0
57	130	1.0
58	18	1.0
58	25	3.0
58	27	1.0
58	29	1.0
58	30	7.0
58	55	1.0
58	56	2.0
58	58	231.0
58	59	6.0
58	60	1.0
58	61	1.0
58	62	1.0
58	86	4.0
58	88	1.0
58	89	1.0
59	23	2.0
59	26	3.0
59	31	2.0
59	32	2.0
59	55	7.0
59	56	3.0
59	57	2.0
59	59	232.0
59	61	1.0
59	82	1.0
59	88	2.0
59	89	1.0
59	134	1.0
60	18	1.0
60	25	2.0
60	50	2.0
60	55	2.0
60	56	1.0
60	57	1.0
60	58	1.0
60	60	262.0
60	86	3.0
60	88	1.0
60	101	1.0
60	134	2.0
61	26	2.0
61	27	1.0
61	30	1.0
61	32	2.0
61	33	1.0
61	38	1.0
61	59	2.0
61	61	253.0
61	62	1.0
61	89	1.0
61	129	1.0
62	32	1.0
62	58	1.0
62	61	4.0
62	62	245.0
62	63	2.0
62	64	1.0
62	71	1.0
62	126	1.0
62	128	1.0
63	62	3.0
63	63	250.0
63	64	3.0
63	125	1.0
64	10	1.0
64	63	1.0
64	64	285.0
64	65	4.0
65	63	1.0
65	64	2.0
65	65	274.0
65	66	5.0
65	72	1.0
65	113	1.0
66	10	1.0
66	64	2.0
66	65	6.0
66	66	258.0
66	67	1.0
66	72	1.0
67	17	1.0
67	31	1.0
67	32	1.0
67	33	1.0
67	46	1.0
67	65	6.0
67	66	5.0
67	67	228.0
67	68	7.0
67	69	1.0
67	70	1.0
67	72	3.0
68	63	1.0
68	66	1.0
68	67	6.0
68	68	247.0
68	69	7.0
68	70	1.0
68	72	2.0
68	73	1.0
69	17	1.0
69	67	7.0
69	68	8.0
69	69	242.0
69	70	6.0
69	71	5.0
69	72	2.0
69	74	1.0
70	60	1.0
70	69	5.0
70	70	267.0
70	71	2.0
71	69	4.0
71	70	1.0
71	71	219.0
71	72	6.0
71	121	1.0
72	41	1.0
72	66	1.0
72	67	1.0
72	69	2.0
72	71	5.0
72	72	311.0
72	73	2.0
72	102	1.0
73	10	1.0
73	72	5.0
73	73	238.0
73	74	4.0
73	113	2.0
73	115	2.0
74	3	1.0
74	74	271.0
74	75	1.0
74	101	1.0
74	108	1.0
74	113	2.0
74	114	2.0
74	115	2.0
75	74	1.0
75	75	260.0
75	76	7.0
75	94	1.0
75	96	1.0
75	97	1.0
75	111	2.0
75	114	1.0
76	22	1.0
76	74	2.0
76	75	1.0
76	76	248.0
76	77	2.0
76	78	2.0
76	79	2.0
76	80	1.0
76	84	1.0
76	90	1.0
76	91	1.0
76	92	1.0
76	99	1.0
76	101	2.0
76	111	1.0
76	124	1.0
76	133	1.0
77	8	1.0
77	13	2.0
77	77	243.0
77	78	3.0
77	79	1.0
77	80	1.0
77	82	3.0
77	84	1.0
77	85	1.0
77	90	1.0
78	47	1.0
78	77	3.0
78	78	255.0
78	79	1.0
78	80	5.0
78	81	2.0
78	82	4.0
78	85	2.0
78	100	1.0
78	101	1.0
78	124	1.0
79	77	1.0
79	78	2.0
79	79	259.0
79	80	4.0
79	81	1.0
79	82	2.0
79	101	3.0
79	134	1.0
80	23	1.0
80	77	1.0
80	78	3.0
80	79	3.0
80	80	252.0
80	81	2.0
80	82	2.0
80	83	1.0
80	84	3.0
81	58	1.0
81	78	3.0
81	80	8.0
81	81	259.0
81	82	4.0
81	83	1.0
81	84	2.0
81	85	1.0
82	1	1.0
82	56	1.0
82	58	1.0
82	77	2.0
82	79	2.0
82	80	4.0
82	81	2.0
82	82	237.0
82	83	2.0
82	85	1.0
83	58	1.0
83	77	2.0
83	80	3.0
83	81	1.0
83	82	1.0
83	83	256.0
83	84	8.0
83	85	1.0
84	76	1.0
84	80	2.0
84	82	1.0
84	83	5.0
84	84	258.0
84	85	11.0
85	59	2.0
85	76	1.0
85	81	2.0
85	82	1.0
85	83	2.0
85	84	6.0
85	85	250.0
85	86	2.0
85	89	1.0
85	90	2.0
85	95	5.0
85	99	1.0
86	23	1.0
86	55	2.0
86	59	3.0
86	60	2.0
86	83	1.0
86	85	3.0
86	86	256.0
86	87	2.0
86	91	1.0
86	92	1.0
86	96	3.0
86	99	1.0
86	100	1.0
86	133	1.0
87	85	1.0
87	86	3.0
87	87	233.0
87	88	5.0
87	89	1.0
87	90	1.0
87	91	2.0
87	133	3.0
88	23	2.0
88	24	1.0
88	25	1.0
88	33	1.0
88	48	1.0
88	56	1.0
88	58	2.0
88	59	4.0
88	85	1.0
88	86	2.0
88	87	7.0
88	88	218.0
88	89	6.0
88	90	2.0
88	91	1.0
88	92	2.0
88	98	1.0
89	19	1.0
89	23	2.0
89	33	1.0
89	49	2.0
89	55	1.0
89	59	1.0
89	84	1.0
89	88	3.0
89	89	157.0
89	90	3.0
89	92	1.0
90	21	1.0
90	23	1.0
90	27	1.0
90	59	1.0
90	85	1.0
90	87	5.0
90	88	2.0
90	89	4.0
90	90	236.0
90	92	2.0
90	93	1.0
90	94	1.0
90	99	1.0
90	100	2.0
91	24	2.0
91	86	3.0
91	87	4.0
91	90	3.0
91	91	249.0
91	92	4.0
91	93	2.0
91	98	1.0
91	99	3.0
91	129	1.0
91	130	1.0
92	19	2.0
92	23	1.0
92	24	1.0
92	75	1.0
92	86	3.0
92	87	2.0
92	88	1.0
92	91	4.0
92	92	255.0
92	93	3.0
92	94	2.0
92	99	1.0
92	104	1.0
92	132	1.0
92	133	1.0
93	23	1.0
93	56	2.0
93	74	1.0
93	82	1.0
93	90	1.0
93	91	2.0
93	92	4.0
93	93	251.0
93	94	4.0
93	95	1.0
93	97	1.0
93	98	1.0
93	99	6.0
93	100	1.0
93	101	1.0
93	105	2.0
93	130	1.0
94	22	1.0
94	23	1.0
94	75	1.0
94	90	1.0
94	92	2.0
94	93	4.0
94	94	267.0
94	95	4.0
94	97	2.0
94	99	1.0
94	100	1.0
94	101	2.0
94	104	2.0
94	105	1.0
95	23	1.0
95	78	1.0
95	84	2.0
95	86	3.0
95	93	1.0
95	94	8.0
95	95	282.0
95	96	2.0
95	97	1.0
95	99	4.0
95	101	1.0
95	102	2.0
95	104	1.0
95	126	1.0
96	78	1.0
96	82	1.0
96	86	3.0
96	87	1.0
96	95	5.0
96	96	215.0
96	97	3.0
96	99	1.0
96	101	3.0
97	35	1.0
97	85	2.0
97	91	1.0
97	93	3.0
97	94	1.0
97	95	3.0
97	96	8.0
97	97	256.0
97	98	5.0
97	99	1.0
97	100	1.0
97	101	2.0
98	81	1.0
98	86	2.0
98	92	1.0
98	96	1.0
98	97	6.0
98	98	271.0
98	99	4.0
98	100	2.0
98	101	7.0
98	102	2.0
99	76	1.0
99	78	1.0
99	86	1.0
99	87	1.0
99	92	1.0
99	94	3.0
99	95	2.0
99	96	3.0
99	98	2.0
99	99	218.0
99	100	5.0
99	101	1.0
100	56	1.0
100	78	2.0
100	82	2.0
100	87	2.0
100	88	1.0
100	89	1.0
100	92	1.0
100	93	1.0
100	96	1.0
100	98	4.0
100	99	6.0
100	100	228.0
100	101	4.0
100	102	1.0
101	32	1.0
101	74	1.0
101	78	5.0
101	79	3.0
101	85	1.0
101	92	1.0
101	94	1.0
101	96	3.0
101	97	1.0
101	98	1.0
101	99	3.0
101	100	3.0
101	101	246.0
102	70	1.0
102	101	2.0
102	102	253.0
102	103	3.0
103	95	1.0
103	102	4.0
103	103	244.0
103	104	6.0
103	105	1.0
104	103	3.0
104	104	279.0
104	105	5.0
105	93	1.0
105	94	1.0
105	103	2.0
105	104	6.0
105	105	267.0
105	106	1.0
105	107	1.0
106	55	1.0
106	105	1.0
106	106	297.0
106	107	5.0
106	108	1.0
106	109	2.0
106	113	4.0
107	91	1.0
107	92	1.0
107	93	1.0
107	106	4.0
107	107	209.0
107	110	1.0
108	51	1.0
108	78	1.0
108	105	1.0
108	106	4.0
108	107	1.0
108	108	279.0
108	109	7.0
108	110	3.0
108	111	1.0
108	133	1.0
109	106	3.0
109	107	3.0
109	108	7.0
109	109	246.0
109	110	4.0
109	111	1.0
109	133	1.0
110	72	1.0
110	106	1.0
110	109	5.0
110	110	255.0
110	111	2.0
111	45	1.0
111	109	1.0
111	110	4.0
111	111	274.0
111	112	1.0
111	115	1.0
111	127	2.0
111	131	2.0
111	132	1.0
112	111	3.0
112	112	272.0
112	113	4.0
112	114	3.0
112	115	2.0
113	73	3.0
113	74	1.0
113	106	1.0
113	111	3.0
113	112	3.0
113	113	259.0
113	114	7.0
113	115	2.0
114	74	7.0
114	106	1.0
114	111	2.0
114	112	4.0
114	113	5.0
114	114	288.0
114	115	6.0
114	116	2.0
114	123	1.0
114	124	1.0
115	73	1.0
115	74	1.0
115	76	1.0
115	112	2.0
115	113	2.0
115	114	3.0
115	115	239.0
115	116	7.0
115	123	1.0
115	124	2.0
116	11	3.0
116	73	1.0
116	111	1.0
116	114	3.0
116	115	11.0
116	116	280.0
116	117	2.0
117	11	1.0
117	44	1.0
117	77	1.0
117	115	2.0
117	116	3.0
117	117	256.0
117	118	2.0
117	122	1.0
117	125	1.0
118	73	1.0
118	118	249.0
118	119	3.0
118	125	2.0
119	73	1.0
119	117	4.0
119	118	4.0
119	119	254.0
119	120	1.0
119	123	2.0
120	115	1.0
120	120	268.0
120	121	9.0
120	122	4.0
121	34	1.0
121	120	4.0
121	121	282.0
121	122	3.0
122	34	2.0
122	120	3.0
122	121	14.0
122	122	282.0
122	123	2.0
123	32	1.0
123	120	2.0
123	121	1.0
123	122	2.0
123	123	252.0
123	124	1.0
124	37	1.0
124	41	1.0
124	42	1.0
124	113	1.0
124	115	1.0
124	117	1.0
124	123	2.0
124	124	260.0
124	125	1.0
124	134	1.0
125	42	1.0
125	62	1.0
125	63	2.0
125	73	1.0
125	117	3.0
125	125	268.0
126	35	1.0
126	45	1.0
126	96	1.0
126	116	1.0
126	125	2.0
126	126	279.0
126	127	2.0
126	128	2.0
127	43	1.0
127	46	1.0
127	126	4.0
127	127	293.0
127	128	5.0
127	129	3.0
128	110	1.0
128	111	1.0
128	126	3.0
128	127	2.0
128	128	248.0
128	129	3.0
128	130	1.0
128	131	4.0
128	132	1.0
128	133	1.0
129	61	1.0
129	87	2.0
129	119	1.0
129	128	1.0
129	129	240.0
129	130	4.0
129	131	1.0
129	132	2.0
130	39	1.0
130	45	1.0
130	46	1.0
130	50	1.0
130	60	1.0
130	109	1.0
130	128	1.0
130	129	3.0
130	130	256.0
130	131	1.0
130	132	1.0
131	46	1.0
131	87	1.0
131	110	2.0
131	111	2.0
131	128	2.0
131	130	3.0
131	131	271.0
131	132	5.0
131	133	1.0
132	60	1.0
132	61	1.0
132	76	1.0
132	128	2.0
132	129	1.0
132	130	5.0
132	131	4.0
132	132	264.0
132	133	4.0
133	87	2.0
133	88	6.0
133	91	1.0
133	92	1.0
133	93	1.0
133	106	1.0
133	129	1.0
133	131	2.0
133	132	1.0
133	133	256.0
133	134	1.0
134	42	1.0
134	55	1.0
134	58	1.0
134	60	1.0
134	79	1.0
134	85	1.0
134	93	1.0
134	125	2.0
134	133	1.0
134	134	244.0
136	1	1.0
136	9	1.0
136	91	1.0
136	136	218.0
