1	1	143.0
1	2	1.0
1	64	3.0
2	2	150.0
2	59	2.0
3	2	1.0
3	3	159.0
3	4	3.0
3	30	1.0
4	3	1.0
4	4	175.0
4	5	2.0
4	30	1.0
5	5	150.0
5	10	1.0
5	14	1.0
5	16	2.0
5	30	3.0
6	5	1.0
6	6	136.0
6	7	1.0
6	12	1.0
6	14	1.0
6	17	1.0
6	20	3.0
6	21	1.0
6	24	2.0
6	37	1.0
6	39	1.0
7	6	1.0
7	7	166.0
7	9	3.0
8	7	1.0
8	8	145.0
8	9	1.0
8	19	1.0
8	36	1.0
8	39	1.0
9	9	152.0
9	13	1.0
9	39	1.0
10	10	159.0
10	11	2.0
10	12	1.0
10	16	1.0
10	57	1.0
11	10	3.0
11	11	167.0
11	14	1.0
11	38	1.0
12	12	122.0
12	13	1.0
12	14	1.0
13	5	1.0
13	6	1.0
13	12	2.0
13	13	150.0
13	14	3.0
13	16	1.0
14	5	1.0
14	6	1.0
14	9	1.0
14	11	1.0
14	12	2.0
14	13	2.0
14	14	126.0
14	15	1.0
14	20	1.0
14	21	1.0
14	31	1.0
15	5	1.0
15	14	2.0
15	15	144.0
15	23	1.0
15	25	1.0
16	12	1.0
16	13	1.0
16	14	1.0
16	15	1.0
16	16	147.0
16	18	1.0
17	17	137.0
17	22	1.0
17	39	1.0
18	6	1.0
18	7	1.0
18	17	1.0
18	18	151.0
18	19	1.0
18	24	1.0
18	39	1.0
19	18	1.0
19	19	169.0
19	37	1.0
19	38	1.0
20	7	1.0
20	18	1.0
20	20	142.0
20	24	2.0
21	17	1.0
21	19	1.0
21	21	155.0
21	22	1.0
21	24	1.0
21	25	1.0
22	9	1.0
22	16	1.0
22	17	2.0
22	19	1.0
22	20	1.0
22	21	3.0
22	22	153.0
22	24	1.0
22	25	2.0
22	40	1.0
23	3	1.0
23	4	1.0
23	6	2.0
23	21	3.0
23	22	2.0
23	23	156.0
23	25	1.0
23	39	1.0
23	42	1.0
24	6	1.0
24	7	2.0
24	18	1.0
24	20	1.0
24	21	2.0
24	22	3.0
24	24	161.0
24	39	1.0
25	25	149.0
25	29	2.0
26	26	27.0
29	5	1.0
29	29	86.0
30	30	143.0
30	31	1.0
30	32	3.0
30	57	1.0
31	31	163.0
31	32	2.0
31	33	1.0
32	7	1.0
32	30	2.0
32	31	2.0
32	32	160.0
32	33	1.0
32	35	1.0
32	57	1.0
33	32	2.0
33	33	168.0
34	30	1.0
34	31	2.0
34	33	3.0
34	34	133.0
34	39	1.0
35	3	1.0
35	34	3.0
35	35	157.0
35	36	4.0
35	37	1.0
36	33	1.0
36	34	2.0
36	35	3.0
36	36	163.0
37	18	1.0
37	19	1.0
37	35	1.0
37	36	1.0
37	37	153.0
37	38	1.0
37	39	2.0
38	6	1.0
38	7	1.0
38	37	2.0
38	38	150.0
39	10	1.0
39	18	1.0
39	21	1.0
39	24	1.0
39	25	1.0
39	37	1.0
39	39	155.0
39	40	2.0
40	37	1.0
40	40	170.0
40	41	5.0
40	42	1.0
41	41	157.0
42	25	2.0
42	42	159.0
42	43	4.0
43	42	2.0
43	43	156.0
43	44	1.0
43	45	1.0
44	43	1.0
44	44	186.0
44	45	1.0
44	46	1.0
45	38	1.0
45	39	1.0
45	44	1.0
45	45	139.0
45	46	2.0
46	46	155.0
46	47	2.0
47	46	2.0
47	47	152.0
47	48	2.0
47	49	1.0
48	47	1.0
48	48	137.0
48	49	2.0
48	52	1.0
49	49	142.0
49	54	2.0
49	56	1.0
50	49	1.0
50	50	163.0
50	51	2.0
50	54	1.0
51	51	144.0
51	52	1.0
51	53	1.0
51	55	1.0
52	11	1.0
52	12	1.0
52	51	2.0
52	52	146.0
52	53	1.0
53	52	2.0
53	53	129.0
54	54	154.0
54	55	1.0
55	53	1.0
55	54	1.0
55	55	176.0
56	56	173.0
56	57	1.0
57	30	2.0
57	56	2.0
57	57	137.0
58	58	164.0
58	60	1.0
59	59	150.0
59	60	2.0
60	2	1.0
60	58	1.0
60	59	1.0
60	60	154.0
60	61	1.0
61	61	155.0
62	62	155.0
64	1	7.0
64	62	1.0
64	64	139.0
