16	16	25.0
16	17	1.0
17	17	226.0
17	18	17.0
17	19	1.0
17	21	2.0
17	22	1.0
17	23	5.0
17	31	2.0
17	32	2.0
17	33	1.0
17	39	5.0
17	43	1.0
17	44	3.0
18	18	214.0
18	19	14.0
18	20	6.0
18	21	1.0
18	23	5.0
18	24	1.0
18	27	1.0
18	38	1.0
18	39	1.0
18	40	3.0
18	44	1.0
18	45	6.0
18	46	8.0
18	47	4.0
18	48	6.0
19	19	308.0
19	21	2.0
19	40	11.0
19	47	5.0
19	48	4.0
20	20	172.0
20	21	10.0
20	22	13.0
20	23	14.0
20	24	1.0
20	25	2.0
20	36	4.0
20	37	5.0
20	40	1.0
20	42	1.0
20	50	1.0
21	21	163.0
21	22	5.0
21	23	7.0
21	24	12.0
21	25	2.0
21	29	1.0
21	36	1.0
21	37	2.0
21	38	4.0
21	39	3.0
21	44	1.0
21	47	1.0
22	22	258.0
22	23	20.0
22	24	7.0
22	25	1.0
22	39	2.0
23	23	290.0
23	24	13.0
23	25	3.0
23	32	1.0
23	38	5.0
23	39	1.0
24	24	293.0
24	25	6.0
24	37	2.0
24	38	12.0
25	25	241.0
25	26	8.0
25	29	1.0
25	31	5.0
25	32	1.0
25	35	8.0
25	36	5.0
25	37	5.0
25	39	1.0
26	26	307.0
26	27	3.0
26	29	3.0
26	30	10.0
26	31	13.0
26	32	1.0
26	33	2.0
26	34	11.0
26	35	6.0
26	47	2.0
26	48	3.0
26	49	2.0
27	27	296.0
27	28	41.0
27	29	9.0
27	30	14.0
27	31	1.0
27	33	1.0
28	28	261.0
28	29	23.0
28	30	3.0
29	29	319.0
29	30	12.0
29	31	1.0
29	34	1.0
30	30	346.0
30	31	17.0
30	32	4.0
30	33	1.0
30	34	2.0
30	42	1.0
31	31	253.0
31	32	11.0
31	33	9.0
31	34	7.0
31	35	1.0
31	40	1.0
32	32	297.0
32	33	23.0
32	34	6.0
32	35	12.0
32	43	1.0
32	44	1.0
33	33	259.0
33	34	18.0
33	35	8.0
33	42	1.0
34	34	298.0
34	35	17.0
35	35	274.0
35	36	2.0
36	36	316.0
36	37	12.0
36	38	1.0
37	37	343.0
38	38	302.0
38	39	9.0
38	40	8.0
38	41	5.0
39	39	318.0
39	40	4.0
39	41	5.0
39	43	1.0
39	44	3.0
39	46	1.0
39	48	1.0
40	40	296.0
40	41	26.0
40	42	4.0
40	43	2.0
40	44	6.0
40	45	2.0
40	46	7.0
40	47	9.0
40	48	13.0
41	41	271.0
41	42	9.0
41	43	11.0
41	44	14.0
41	45	1.0
41	46	2.0
41	47	3.0
41	48	2.0
42	42	282.0
42	43	24.0
42	44	7.0
42	45	6.0
42	46	2.0
42	47	4.0
42	48	8.0
43	43	283.0
43	44	22.0
43	45	13.0
43	46	3.0
43	47	2.0
43	48	3.0
44	44	326.0
44	45	12.0
44	46	4.0
44	47	3.0
44	48	1.0
45	45	294.0
45	46	14.0
45	47	3.0
45	48	1.0
45	51	1.0
46	46	353.0
46	47	8.0
46	48	3.0
47	47	319.0
47	48	40.0
48	48	312.0
48	49	2.0
48	50	1.0
49	49	316.0
49	50	15.0
50	50	293.0
50	51	11.0
51	51	71.0
