1	1	334.0
1	2	33.0
1	3	4.0
1	4	2.0
1	5	6.0
1	6	5.0
1	7	6.0
1	8	1.0
1	10	1.0
1	11	4.0
1	12	2.0
1	14	2.0
1	15	2.0
1	18	1.0
1	20	2.0
1	21	2.0
1	24	5.0
1	25	5.0
1	26	7.0
1	27	1.0
1	29	2.0
1	30	1.0
1	38	9.0
1	39	7.0
1	40	5.0
1	77	2.0
2	2	280.0
2	3	16.0
2	4	9.0
2	5	18.0
2	6	1.0
2	7	2.0
2	9	3.0
2	10	1.0
2	11	2.0
2	20	2.0
2	21	2.0
2	24	5.0
2	25	1.0
2	26	5.0
2	27	5.0
2	28	2.0
2	29	4.0
2	30	10.0
2	34	5.0
2	38	4.0
2	39	2.0
2	40	3.0
2	41	3.0
2	57	1.0
2	76	2.0
2	77	1.0
3	3	293.0
3	4	9.0
3	5	9.0
3	6	5.0
3	7	5.0
3	10	2.0
3	11	1.0
3	13	1.0
3	15	3.0
3	20	1.0
3	21	6.0
3	22	1.0
3	24	3.0
3	25	1.0
3	26	2.0
3	34	4.0
3	36	1.0
3	38	3.0
3	40	1.0
3	41	3.0
3	42	4.0
3	62	6.0
3	74	2.0
3	75	3.0
3	76	4.0
3	77	3.0
4	4	256.0
4	5	18.0
4	6	4.0
4	7	4.0
4	8	2.0
4	9	10.0
4	10	2.0
4	20	4.0
4	21	2.0
4	25	8.0
4	26	5.0
4	27	1.0
4	28	4.0
4	34	2.0
4	40	3.0
4	41	1.0
4	42	6.0
4	62	3.0
4	75	6.0
4	77	3.0
5	5	291.0
5	6	14.0
5	7	13.0
5	8	7.0
5	9	4.0
5	10	3.0
5	11	2.0
5	12	5.0
5	13	1.0
5	18	1.0
5	20	2.0
5	21	2.0
5	26	1.0
5	27	3.0
5	30	1.0
5	39	2.0
5	40	6.0
5	62	2.0
5	77	7.0
6	6	316.0
6	7	21.0
6	8	14.0
6	9	2.0
6	10	3.0
6	11	11.0
6	12	4.0
6	13	1.0
6	14	1.0
6	20	1.0
6	21	1.0
6	23	1.0
6	24	4.0
6	25	1.0
6	26	7.0
6	27	7.0
6	28	2.0
6	39	2.0
6	40	14.0
6	41	2.0
6	51	1.0
6	77	4.0
6	78	1.0
7	7	260.0
7	8	30.0
7	9	1.0
7	11	3.0
7	12	6.0
7	13	7.0
7	14	2.0
7	21	1.0
7	23	2.0
7	24	3.0
7	26	7.0
7	27	4.0
7	28	2.0
7	30	1.0
7	40	5.0
7	54	1.0
7	62	1.0
7	77	6.0
7	78	1.0
8	8	286.0
8	9	4.0
8	10	3.0
8	11	9.0
8	12	18.0
8	13	3.0
8	14	1.0
8	21	8.0
8	26	3.0
8	27	2.0
8	33	3.0
8	34	2.0
8	40	7.0
8	41	2.0
8	44	2.0
8	45	1.0
8	75	1.0
8	77	2.0
9	9	286.0
9	10	26.0
9	11	1.0
9	12	2.0
9	13	1.0
9	14	1.0
9	20	5.0
9	21	3.0
9	22	1.0
9	23	5.0
9	24	2.0
9	25	5.0
9	27	1.0
9	29	6.0
9	30	3.0
9	33	4.0
9	34	3.0
9	43	1.0
9	44	1.0
9	60	1.0
9	62	1.0
9	74	1.0
9	77	2.0
10	10	285.0
10	11	7.0
10	12	2.0
10	14	2.0
10	20	3.0
10	21	8.0
10	31	1.0
10	33	3.0
10	34	3.0
10	41	2.0
10	43	6.0
10	44	6.0
10	45	2.0
10	63	1.0
10	70	1.0
10	74	1.0
10	75	1.0
11	11	289.0
11	12	14.0
11	13	8.0
11	14	6.0
11	15	1.0
11	18	3.0
11	19	3.0
11	20	6.0
11	31	2.0
11	40	6.0
11	41	1.0
11	43	1.0
11	72	1.0
11	76	1.0
11	77	4.0
12	12	283.0
12	13	7.0
12	14	6.0
12	20	1.0
12	21	5.0
12	27	5.0
12	39	1.0
12	40	1.0
12	43	1.0
12	44	1.0
12	46	6.0
12	63	1.0
12	67	1.0
12	72	1.0
13	13	354.0
13	14	11.0
13	18	1.0
13	19	5.0
13	20	3.0
13	28	2.0
13	46	6.0
13	56	1.0
13	77	7.0
14	14	158.0
14	18	4.0
14	20	1.0
14	21	2.0
14	24	1.0
14	30	2.0
14	31	1.0
14	39	2.0
14	40	4.0
14	46	6.0
14	64	1.0
15	15	44.0
15	18	2.0
18	18	217.0
18	19	12.0
18	31	1.0
18	32	1.0
18	34	1.0
18	77	3.0
19	19	308.0
19	20	11.0
19	22	1.0
19	25	2.0
19	47	10.0
19	54	2.0
19	72	4.0
19	77	2.0
20	20	304.0
20	21	4.0
20	25	1.0
20	26	1.0
20	39	1.0
20	41	2.0
20	47	2.0
20	72	3.0
20	73	3.0
21	21	325.0
21	22	1.0
21	23	3.0
21	24	3.0
21	26	4.0
21	27	3.0
21	28	2.0
21	29	1.0
21	30	2.0
21	35	1.0
21	39	1.0
21	40	2.0
21	47	1.0
21	72	1.0
21	77	1.0
22	22	298.0
22	23	36.0
22	24	8.0
22	25	3.0
22	26	3.0
22	27	1.0
22	28	11.0
22	29	2.0
22	32	6.0
22	36	1.0
22	37	2.0
22	39	1.0
22	57	1.0
22	77	1.0
23	23	314.0
23	24	2.0
23	25	2.0
23	27	1.0
23	28	2.0
23	29	7.0
23	30	7.0
23	31	1.0
23	32	1.0
23	77	1.0
24	24	305.0
24	25	10.0
24	26	8.0
24	27	6.0
24	28	2.0
24	29	5.0
24	30	2.0
24	33	1.0
24	35	1.0
24	38	5.0
24	39	1.0
24	43	1.0
24	73	2.0
25	25	294.0
25	26	39.0
25	27	5.0
25	28	16.0
25	29	3.0
25	30	1.0
25	32	1.0
25	38	3.0
25	39	1.0
25	42	1.0
25	45	1.0
25	62	1.0
25	75	2.0
26	26	234.0
26	27	19.0
26	28	13.0
26	29	3.0
26	34	2.0
26	37	1.0
26	38	11.0
26	39	1.0
26	62	1.0
26	74	1.0
26	75	1.0
26	77	2.0
27	27	247.0
27	28	13.0
27	29	3.0
27	33	1.0
27	35	1.0
27	37	1.0
27	39	5.0
27	40	1.0
27	53	2.0
28	28	283.0
28	29	9.0
28	30	1.0
28	39	2.0
28	51	1.0
28	74	1.0
29	29	262.0
29	30	10.0
29	67	1.0
29	74	1.0
30	30	274.0
30	31	12.0
30	32	4.0
30	41	1.0
30	77	3.0
31	31	280.0
31	32	10.0
31	40	1.0
31	77	1.0
32	32	279.0
32	33	10.0
32	39	1.0
32	40	3.0
32	43	1.0
32	44	2.0
32	46	1.0
32	47	1.0
32	54	1.0
32	61	1.0
32	77	3.0
33	33	276.0
33	34	6.0
33	40	3.0
33	41	2.0
33	42	1.0
33	43	4.0
33	44	5.0
33	45	7.0
33	46	2.0
33	47	1.0
33	54	3.0
33	55	1.0
33	56	2.0
33	59	1.0
33	70	1.0
33	75	4.0
33	76	8.0
33	77	2.0
34	34	298.0
34	35	9.0
34	37	3.0
34	38	4.0
34	41	3.0
34	42	7.0
34	43	4.0
34	44	2.0
34	45	2.0
34	46	1.0
34	54	3.0
34	59	1.0
34	62	7.0
34	69	4.0
34	71	4.0
34	74	4.0
34	75	7.0
34	76	10.0
34	77	7.0
35	35	305.0
35	36	22.0
35	37	6.0
35	38	10.0
35	39	13.0
35	45	1.0
35	51	1.0
35	52	3.0
35	53	2.0
35	54	5.0
35	58	2.0
35	59	3.0
35	64	2.0
35	68	6.0
35	69	3.0
35	70	3.0
35	71	9.0
35	72	1.0
35	73	11.0
35	74	2.0
35	76	1.0
36	36	320.0
36	37	18.0
36	38	5.0
36	39	2.0
36	44	1.0
36	52	5.0
36	54	1.0
36	59	3.0
36	61	1.0
36	62	4.0
36	63	4.0
36	64	3.0
36	68	3.0
36	69	3.0
36	73	5.0
36	75	3.0
37	37	288.0
37	38	9.0
37	39	22.0
37	40	4.0
37	41	1.0
37	42	2.0
37	46	2.0
37	58	2.0
37	59	3.0
37	62	2.0
37	63	1.0
37	64	1.0
37	68	2.0
37	74	4.0
37	76	4.0
38	38	291.0
38	39	36.0
38	40	1.0
38	43	1.0
38	64	1.0
38	73	1.0
38	74	2.0
39	39	278.0
39	40	21.0
39	41	8.0
39	43	3.0
39	46	6.0
39	49	1.0
39	50	1.0
39	51	1.0
39	54	1.0
39	55	1.0
39	56	2.0
39	62	1.0
39	73	1.0
39	76	1.0
40	40	288.0
40	41	3.0
40	43	3.0
40	46	1.0
40	51	2.0
40	52	1.0
40	54	2.0
40	55	1.0
40	68	1.0
40	77	1.0
41	41	268.0
41	42	19.0
41	43	3.0
41	45	2.0
41	61	4.0
41	62	4.0
41	63	3.0
41	67	1.0
41	74	1.0
41	75	5.0
41	76	1.0
42	42	352.0
42	43	6.0
42	55	2.0
42	61	1.0
42	62	8.0
42	63	7.0
42	75	4.0
43	43	287.0
43	44	5.0
43	45	4.0
43	46	8.0
43	50	1.0
43	54	6.0
43	58	1.0
43	59	3.0
43	60	7.0
43	61	2.0
43	62	1.0
43	66	2.0
43	77	1.0
44	44	334.0
44	45	30.0
44	46	1.0
44	59	2.0
44	60	9.0
44	61	5.0
44	63	1.0
44	66	1.0
44	71	1.0
44	74	14.0
44	76	1.0
45	45	354.0
45	46	18.0
45	50	1.0
45	54	4.0
45	60	3.0
45	61	2.0
45	63	3.0
45	72	1.0
45	74	5.0
45	76	1.0
46	46	345.0
46	47	5.0
46	54	5.0
46	56	1.0
46	59	1.0
46	60	1.0
46	61	1.0
46	69	1.0
46	71	1.0
46	73	1.0
46	74	2.0
47	47	295.0
47	48	13.0
47	49	2.0
47	50	1.0
47	51	1.0
47	52	1.0
47	54	8.0
47	55	8.0
47	56	3.0
47	57	1.0
47	68	3.0
47	71	1.0
47	72	8.0
47	73	3.0
48	48	315.0
48	49	22.0
48	50	19.0
48	51	17.0
48	53	2.0
48	54	2.0
48	55	13.0
48	56	7.0
48	57	9.0
48	71	5.0
49	49	293.0
49	50	17.0
49	51	11.0
49	52	12.0
49	53	11.0
49	54	2.0
49	55	5.0
49	56	2.0
49	57	6.0
49	58	3.0
49	59	1.0
49	69	1.0
49	70	1.0
49	71	4.0
49	72	1.0
49	73	2.0
50	50	266.0
50	51	26.0
50	52	3.0
50	53	1.0
50	54	1.0
50	55	15.0
50	56	1.0
50	57	5.0
50	58	1.0
50	65	1.0
50	66	1.0
50	67	2.0
50	70	3.0
50	71	1.0
51	51	286.0
51	52	16.0
51	53	1.0
51	54	7.0
51	55	20.0
51	56	3.0
51	57	6.0
51	58	2.0
51	61	2.0
51	66	1.0
51	70	3.0
51	71	3.0
52	52	244.0
52	53	10.0
52	54	12.0
52	55	7.0
52	59	1.0
52	64	6.0
52	70	4.0
52	71	6.0
52	72	1.0
52	73	3.0
53	53	294.0
53	54	9.0
53	69	1.0
54	54	294.0
54	55	3.0
54	56	4.0
54	58	1.0
54	59	7.0
54	64	1.0
54	68	1.0
54	69	1.0
54	70	7.0
54	71	5.0
54	72	5.0
54	73	7.0
54	74	6.0
54	77	1.0
55	55	320.0
55	56	20.0
55	57	7.0
55	59	2.0
55	63	2.0
55	65	2.0
55	67	1.0
55	70	1.0
55	71	5.0
55	72	3.0
55	73	1.0
56	56	309.0
56	57	14.0
56	58	4.0
56	65	4.0
56	66	3.0
56	67	1.0
57	57	305.0
57	58	9.0
57	59	6.0
57	60	3.0
57	65	6.0
57	66	2.0
57	68	3.0
57	70	2.0
57	71	4.0
57	72	1.0
58	58	275.0
58	59	15.0
58	60	3.0
58	61	4.0
58	63	1.0
58	65	7.0
58	66	13.0
58	67	5.0
58	68	9.0
58	69	4.0
58	70	5.0
58	71	1.0
58	74	1.0
59	59	327.0
59	60	15.0
59	61	1.0
59	64	3.0
59	65	1.0
59	66	2.0
59	67	1.0
59	68	8.0
59	69	4.0
59	70	3.0
59	71	5.0
59	72	4.0
59	74	9.0
59	76	4.0
60	60	283.0
60	61	21.0
60	63	1.0
60	64	2.0
60	65	1.0
60	66	2.0
60	69	1.0
60	70	1.0
60	74	8.0
61	61	297.0
61	62	7.0
61	63	15.0
61	64	6.0
61	65	10.0
61	66	4.0
61	67	4.0
61	68	1.0
61	69	4.0
61	74	9.0
61	75	4.0
61	76	2.0
62	62	259.0
62	63	11.0
62	64	4.0
62	65	4.0
62	74	4.0
62	75	8.0
62	76	3.0
62	77	1.0
63	63	252.0
63	64	19.0
63	65	13.0
63	67	3.0
63	68	3.0
63	69	2.0
63	70	7.0
63	71	1.0
63	74	4.0
63	75	2.0
63	76	4.0
63	77	1.0
64	64	240.0
64	65	8.0
64	66	2.0
64	67	2.0
64	68	8.0
64	69	8.0
64	70	8.0
65	65	280.0
65	66	10.0
65	67	1.0
65	68	6.0
65	69	1.0
65	70	3.0
65	74	1.0
66	66	267.0
66	67	14.0
66	68	6.0
66	69	3.0
66	70	1.0
66	72	2.0
66	73	4.0
66	74	3.0
67	67	278.0
67	68	7.0
67	69	6.0
67	70	6.0
67	71	2.0
67	72	14.0
67	73	14.0
67	74	2.0
68	68	277.0
68	69	28.0
68	70	18.0
68	71	4.0
68	72	5.0
68	73	1.0
68	74	1.0
69	69	246.0
69	70	15.0
69	71	5.0
69	72	8.0
69	73	3.0
70	70	294.0
70	71	13.0
70	72	1.0
71	71	278.0
71	72	5.0
71	73	2.0
71	74	9.0
72	72	276.0
72	73	20.0
72	74	14.0
73	73	287.0
73	74	6.0
74	74	318.0
74	75	7.0
74	76	7.0
74	77	1.0
75	75	269.0
75	76	20.0
75	77	11.0
76	76	354.0
77	77	356.0
77	78	1.0
78	78	5.0
79	1	6.0
79	2	6.0
79	3	3.0
79	6	8.0
79	7	16.0
79	8	3.0
79	9	1.0
79	11	4.0
79	13	2.0
79	20	1.0
79	23	3.0
79	24	4.0
79	25	2.0
79	30	5.0
79	31	9.0
79	32	1.0
79	38	5.0
79	39	3.0
79	40	9.0
79	77	6.0
79	79	285.0
