16	16	46.0
16	17	8.0
16	30	1.0
17	17	371.0
17	18	15.0
17	19	1.0
17	23	1.0
17	37	1.0
17	38	3.0
18	18	375.0
18	19	18.0
18	20	7.0
18	21	1.0
18	24	3.0
18	25	4.0
18	26	1.0
18	29	1.0
18	37	1.0
18	39	1.0
19	19	426.0
19	20	16.0
19	21	8.0
19	22	4.0
19	23	41.0
19	24	16.0
19	25	9.0
19	26	6.0
19	27	4.0
19	28	2.0
19	38	3.0
19	42	2.0
19	50	1.0
20	20	274.0
20	21	9.0
20	22	8.0
20	23	18.0
20	27	5.0
20	42	12.0
20	43	6.0
21	21	223.0
21	22	20.0
21	23	13.0
21	24	5.0
21	25	2.0
21	27	3.0
21	28	1.0
21	29	1.0
21	41	4.0
21	42	10.0
21	44	1.0
22	22	408.0
22	23	30.0
22	24	5.0
22	25	2.0
22	29	1.0
22	41	3.0
22	48	1.0
23	23	393.0
23	24	9.0
23	25	5.0
23	27	3.0
23	28	1.0
23	38	1.0
23	39	3.0
23	40	5.0
23	41	8.0
23	43	3.0
24	24	369.0
24	25	17.0
24	26	9.0
24	27	4.0
24	29	2.0
24	37	1.0
24	38	9.0
24	39	16.0
24	40	5.0
24	41	30.0
24	42	2.0
25	25	321.0
25	26	46.0
25	27	29.0
25	28	8.0
25	29	6.0
25	34	1.0
25	37	3.0
25	38	3.0
25	39	1.0
26	26	415.0
26	27	34.0
26	28	3.0
26	29	1.0
26	36	1.0
26	37	10.0
26	38	1.0
26	43	1.0
27	27	436.0
27	28	47.0
27	29	21.0
27	30	2.0
27	34	1.0
27	37	3.0
27	40	2.0
27	41	1.0
27	42	5.0
28	28	370.0
28	29	25.0
28	31	1.0
28	37	14.0
28	39	2.0
29	29	410.0
29	30	13.0
29	38	11.0
29	39	9.0
29	40	1.0
29	46	1.0
30	30	426.0
30	31	17.0
30	36	1.0
30	37	4.0
30	38	11.0
30	39	3.0
31	31	406.0
31	32	6.0
31	33	1.0
31	34	4.0
31	35	2.0
31	36	5.0
31	37	8.0
31	38	1.0
32	32	367.0
32	33	29.0
32	34	6.0
32	35	9.0
32	36	12.0
32	43	1.0
33	33	385.0
33	34	20.0
33	35	4.0
33	36	3.0
34	34	409.0
34	35	18.0
34	36	3.0
35	35	346.0
35	36	2.0
35	37	1.0
36	36	402.0
36	37	3.0
36	39	1.0
37	37	477.0
37	38	1.0
38	38	437.0
38	39	34.0
38	40	2.0
38	41	2.0
39	39	429.0
39	40	26.0
39	41	20.0
40	40	387.0
40	41	33.0
40	42	1.0
40	47	1.0
40	49	1.0
41	41	348.0
41	42	4.0
42	42	397.0
42	43	4.0
43	43	374.0
43	44	9.0
43	45	7.0
44	44	376.0
44	45	20.0
44	46	4.0
44	48	1.0
45	45	446.0
45	46	39.0
45	47	1.0
45	48	5.0
45	49	3.0
45	50	3.0
46	46	490.0
46	47	25.0
46	48	7.0
46	49	18.0
46	50	16.0
47	47	428.0
47	48	48.0
47	49	40.0
47	50	7.0
48	48	386.0
48	49	27.0
48	50	9.0
49	49	446.0
49	50	18.0
50	50	406.0
50	51	8.0
51	51	91.0
