19	19	203.0
19	20	5.0
19	22	1.0
19	25	1.0
19	26	1.0
19	27	4.0
19	28	4.0
19	29	4.0
19	50	2.0
19	51	3.0
19	52	2.0
19	53	5.0
19	54	7.0
19	55	5.0
19	61	1.0
19	71	1.0
19	72	1.0
19	78	1.0
19	81	1.0
19	82	2.0
19	83	1.0
19	87	1.0
19	97	1.0
20	20	294.0
20	21	22.0
20	22	4.0
20	23	2.0
20	24	3.0
20	25	1.0
20	26	6.0
20	37	1.0
20	39	1.0
20	46	6.0
20	47	4.0
20	48	1.0
20	49	2.0
20	50	14.0
20	51	1.0
20	52	3.0
20	56	1.0
20	58	1.0
20	60	2.0
20	70	3.0
20	71	7.0
20	72	4.0
21	21	309.0
21	22	5.0
21	23	2.0
21	24	8.0
21	25	1.0
21	26	1.0
21	29	2.0
21	31	4.0
21	32	3.0
21	33	2.0
21	34	3.0
21	35	1.0
21	37	3.0
21	40	5.0
21	43	1.0
21	45	5.0
21	46	8.0
21	47	2.0
21	48	1.0
21	50	2.0
21	56	1.0
21	57	2.0
21	58	1.0
21	59	3.0
21	60	6.0
21	62	6.0
21	63	2.0
21	69	1.0
21	70	5.0
21	71	5.0
21	72	4.0
21	73	1.0
21	74	1.0
21	111	1.0
22	22	337.0
22	23	18.0
22	24	9.0
22	34	2.0
22	36	3.0
22	37	4.0
22	38	15.0
22	39	8.0
22	40	5.0
22	42	10.0
22	43	2.0
22	44	13.0
22	45	2.0
22	48	1.0
22	49	1.0
22	50	3.0
22	51	5.0
22	52	1.0
22	58	1.0
22	59	1.0
22	60	1.0
22	61	1.0
22	62	2.0
22	63	10.0
22	64	8.0
22	65	1.0
22	67	2.0
22	68	1.0
22	69	1.0
22	70	1.0
22	71	1.0
22	110	2.0
23	23	275.0
23	24	21.0
23	25	2.0
23	26	2.0
23	33	4.0
23	34	6.0
23	36	1.0
23	37	6.0
23	38	4.0
23	39	9.0
23	40	6.0
23	41	9.0
23	42	5.0
23	43	1.0
23	46	6.0
23	51	7.0
23	52	1.0
23	59	2.0
23	61	2.0
23	62	1.0
23	63	1.0
23	64	4.0
23	68	14.0
23	69	6.0
23	96	1.0
24	24	310.0
24	25	10.0
24	26	12.0
24	27	2.0
24	28	2.0
24	31	1.0
24	33	3.0
24	38	1.0
24	39	1.0
24	40	4.0
24	41	8.0
24	44	1.0
24	50	2.0
24	51	2.0
24	64	3.0
24	67	4.0
24	68	12.0
24	69	14.0
25	25	294.0
25	26	27.0
25	27	2.0
25	28	1.0
25	37	3.0
25	40	2.0
25	41	5.0
25	67	3.0
25	68	2.0
25	69	11.0
25	71	1.0
25	73	1.0
25	78	1.0
26	26	298.0
26	27	9.0
26	28	5.0
26	29	5.0
26	33	1.0
26	37	2.0
26	39	1.0
26	40	2.0
26	62	1.0
26	67	4.0
26	68	1.0
26	69	14.0
26	78	1.0
26	105	1.0
27	27	314.0
27	28	36.0
27	29	19.0
27	30	11.0
27	44	1.0
27	45	1.0
27	46	2.0
27	50	1.0
27	51	2.0
27	67	2.0
27	68	1.0
27	69	3.0
27	77	1.0
27	84	1.0
27	96	1.0
27	97	1.0
27	102	1.0
28	28	324.0
28	29	17.0
28	30	13.0
28	31	5.0
28	32	1.0
28	41	1.0
28	56	1.0
28	67	2.0
28	68	2.0
28	69	2.0
28	95	1.0
29	29	302.0
29	30	9.0
29	31	10.0
29	32	3.0
29	41	2.0
29	46	2.0
29	51	3.0
30	30	301.0
30	31	13.0
30	32	3.0
30	46	2.0
30	61	1.0
30	84	1.0
30	85	8.0
30	92	5.0
30	93	1.0
30	95	5.0
31	31	307.0
31	32	22.0
31	33	2.0
31	34	1.0
31	37	5.0
31	38	1.0
31	43	1.0
31	45	2.0
31	46	8.0
31	48	1.0
31	84	4.0
31	85	2.0
31	86	1.0
31	102	1.0
32	32	300.0
32	33	11.0
32	42	6.0
32	43	18.0
32	44	3.0
32	46	1.0
32	47	1.0
32	48	1.0
32	56	2.0
32	84	1.0
32	85	2.0
32	86	1.0
32	91	1.0
32	92	1.0
32	93	1.0
32	95	3.0
32	102	3.0
32	103	1.0
33	33	270.0
33	34	13.0
33	35	1.0
33	37	1.0
33	38	1.0
33	39	8.0
33	40	2.0
33	41	13.0
33	42	1.0
33	44	3.0
33	46	1.0
33	84	1.0
33	86	2.0
33	93	1.0
33	95	1.0
33	102	1.0
34	34	295.0
34	35	25.0
34	36	17.0
34	37	2.0
34	38	6.0
34	39	2.0
34	40	1.0
34	41	9.0
34	45	1.0
34	47	10.0
34	48	2.0
34	82	1.0
34	84	2.0
34	102	2.0
34	104	1.0
34	108	1.0
34	110	1.0
35	35	281.0
35	36	13.0
35	37	4.0
35	38	3.0
35	39	3.0
35	40	2.0
35	41	3.0
35	42	1.0
35	43	1.0
35	45	8.0
35	47	10.0
35	48	7.0
35	58	1.0
35	79	1.0
35	96	1.0
35	101	2.0
35	102	1.0
35	105	1.0
35	107	5.0
35	108	5.0
35	109	2.0
36	36	312.0
36	37	13.0
36	38	7.0
36	39	15.0
36	40	1.0
36	46	3.0
36	47	7.0
36	48	2.0
36	53	2.0
36	60	1.0
36	67	1.0
36	97	1.0
36	100	10.0
36	101	11.0
36	104	2.0
36	106	2.0
36	108	2.0
36	109	7.0
36	110	3.0
37	37	291.0
37	38	26.0
37	39	15.0
37	40	5.0
37	41	3.0
37	47	3.0
37	48	4.0
37	50	1.0
37	52	1.0
37	53	1.0
37	58	1.0
37	60	1.0
37	84	1.0
37	100	5.0
37	101	1.0
37	102	1.0
37	108	1.0
37	109	2.0
38	38	286.0
38	39	27.0
38	40	24.0
38	41	7.0
38	45	1.0
38	46	1.0
38	48	1.0
38	50	3.0
38	51	2.0
38	58	2.0
38	59	1.0
38	60	3.0
38	61	2.0
38	101	1.0
38	107	1.0
39	39	320.0
39	40	32.0
39	41	5.0
39	46	2.0
39	51	1.0
39	57	1.0
39	61	4.0
39	63	1.0
39	108	3.0
39	109	5.0
39	110	4.0
40	40	312.0
40	41	22.0
40	70	1.0
40	108	4.0
40	109	1.0
40	110	1.0
41	41	294.0
41	42	11.0
41	43	3.0
41	44	3.0
41	45	4.0
41	56	1.0
41	60	1.0
41	64	3.0
41	65	2.0
41	66	2.0
41	67	3.0
41	105	1.0
41	108	3.0
42	42	294.0
42	43	13.0
42	44	13.0
42	45	11.0
42	46	2.0
42	47	6.0
42	48	2.0
42	49	1.0
42	50	1.0
42	60	2.0
42	61	1.0
42	62	7.0
42	63	1.0
42	64	3.0
42	67	6.0
42	69	1.0
42	70	7.0
42	71	1.0
42	95	1.0
42	104	1.0
42	105	3.0
42	107	1.0
42	114	2.0
43	43	301.0
43	44	24.0
43	45	7.0
43	46	14.0
43	47	2.0
43	48	3.0
43	56	3.0
43	62	3.0
43	63	5.0
43	64	5.0
43	65	1.0
43	67	3.0
43	68	4.0
43	69	1.0
43	70	3.0
43	71	5.0
43	73	1.0
43	76	3.0
43	85	1.0
43	92	2.0
43	93	9.0
43	95	3.0
43	102	1.0
43	103	1.0
43	105	1.0
44	44	324.0
44	45	18.0
44	46	1.0
44	47	1.0
44	49	3.0
44	56	1.0
44	58	1.0
44	60	1.0
44	61	6.0
44	62	3.0
44	63	1.0
44	66	2.0
44	67	1.0
44	70	5.0
44	71	2.0
44	76	4.0
44	78	1.0
44	92	1.0
44	93	2.0
44	95	2.0
44	102	3.0
44	103	1.0
44	105	2.0
44	114	3.0
45	45	308.0
45	46	12.0
45	47	2.0
45	48	1.0
45	56	1.0
45	63	11.0
45	70	3.0
45	73	1.0
45	74	3.0
45	76	3.0
45	95	2.0
45	102	1.0
45	105	5.0
45	107	2.0
45	108	1.0
46	46	281.0
46	47	3.0
46	48	3.0
46	51	3.0
46	52	1.0
46	56	1.0
46	57	1.0
46	58	2.0
46	61	3.0
46	63	9.0
46	64	1.0
46	70	1.0
46	71	1.0
46	72	1.0
46	73	4.0
46	83	2.0
46	84	3.0
46	85	2.0
46	86	2.0
46	96	3.0
46	97	1.0
46	102	3.0
47	47	278.0
47	48	16.0
47	49	5.0
47	50	1.0
47	51	4.0
47	53	1.0
47	54	4.0
47	56	7.0
47	57	10.0
47	58	5.0
47	59	1.0
47	71	6.0
47	72	10.0
47	73	1.0
47	83	1.0
47	84	7.0
47	95	1.0
47	96	3.0
47	100	2.0
47	101	5.0
47	102	4.0
47	103	1.0
47	104	3.0
47	105	3.0
47	107	6.0
47	108	1.0
48	48	269.0
48	49	15.0
48	50	4.0
48	51	1.0
48	52	1.0
48	53	3.0
48	54	4.0
48	55	1.0
48	56	7.0
48	57	4.0
48	58	13.0
48	59	12.0
48	60	7.0
48	61	3.0
48	62	1.0
48	67	1.0
48	72	1.0
48	83	1.0
48	84	3.0
48	91	1.0
48	96	1.0
48	101	5.0
48	102	6.0
48	103	1.0
48	104	3.0
48	105	5.0
48	107	2.0
49	49	331.0
49	50	18.0
49	51	5.0
49	52	4.0
49	56	2.0
49	58	3.0
49	59	9.0
49	60	5.0
49	66	1.0
49	67	1.0
49	71	3.0
49	72	1.0
49	78	2.0
50	50	305.0
50	51	18.0
50	52	4.0
50	54	1.0
50	56	2.0
50	58	3.0
50	59	6.0
50	60	1.0
50	61	5.0
50	62	2.0
50	71	1.0
50	72	14.0
50	73	2.0
50	74	1.0
50	76	1.0
50	82	1.0
50	96	2.0
50	97	2.0
51	51	285.0
51	52	9.0
51	53	2.0
51	54	5.0
51	55	2.0
51	56	1.0
51	57	2.0
51	58	5.0
51	59	13.0
51	60	2.0
51	61	8.0
51	66	1.0
51	71	2.0
51	72	7.0
51	73	1.0
51	96	2.0
51	97	2.0
51	100	1.0
51	101	2.0
51	114	1.0
52	52	269.0
52	53	18.0
52	54	1.0
52	55	2.0
52	56	1.0
52	57	12.0
52	58	9.0
52	60	3.0
52	61	7.0
52	62	5.0
52	66	1.0
52	73	1.0
52	78	2.0
52	79	2.0
52	82	1.0
52	83	4.0
52	85	2.0
52	96	8.0
52	97	2.0
52	101	6.0
52	102	1.0
53	53	276.0
53	54	10.0
53	55	14.0
53	57	11.0
53	58	1.0
53	59	2.0
53	60	2.0
53	62	8.0
53	63	1.0
53	64	2.0
53	65	4.0
53	66	11.0
53	97	4.0
53	100	7.0
53	104	2.0
53	107	2.0
53	111	3.0
53	112	1.0
53	113	1.0
54	54	284.0
54	55	33.0
54	57	3.0
54	58	3.0
54	59	2.0
54	63	1.0
54	69	2.0
54	70	1.0
54	71	1.0
54	72	6.0
54	78	2.0
54	80	2.0
54	81	3.0
54	83	2.0
54	90	1.0
54	95	3.0
54	97	2.0
54	100	1.0
54	102	2.0
54	103	2.0
54	105	1.0
54	107	2.0
54	110	4.0
55	55	257.0
55	56	3.0
55	57	12.0
55	58	5.0
55	59	7.0
55	62	1.0
55	63	11.0
55	64	1.0
55	70	4.0
55	71	1.0
55	72	3.0
55	81	5.0
55	83	2.0
55	84	4.0
55	85	1.0
55	91	3.0
55	94	1.0
55	95	1.0
55	97	4.0
55	98	1.0
55	101	1.0
55	102	1.0
55	103	3.0
55	105	1.0
55	110	1.0
55	113	1.0
56	56	258.0
56	57	10.0
56	58	8.0
56	59	10.0
56	71	7.0
56	72	5.0
56	82	3.0
56	83	1.0
56	84	10.0
56	85	13.0
56	86	18.0
56	87	6.0
56	88	4.0
56	89	2.0
56	91	6.0
56	92	2.0
56	93	2.0
56	94	2.0
56	96	1.0
56	101	1.0
57	57	249.0
57	58	21.0
57	59	6.0
57	60	1.0
57	61	2.0
57	62	5.0
57	63	3.0
57	69	1.0
57	70	1.0
57	71	5.0
57	72	3.0
57	82	5.0
57	85	2.0
57	86	4.0
57	87	2.0
57	91	1.0
57	96	11.0
57	97	2.0
57	100	2.0
58	58	255.0
58	59	16.0
58	60	1.0
58	61	7.0
58	62	4.0
58	71	3.0
58	72	2.0
58	82	1.0
58	83	1.0
58	87	3.0
58	89	1.0
58	90	1.0
58	91	1.0
58	94	2.0
58	96	12.0
58	97	9.0
58	101	8.0
58	102	1.0
59	59	285.0
59	60	7.0
59	61	13.0
59	62	3.0
59	65	1.0
59	71	1.0
59	91	1.0
59	111	1.0
60	60	316.0
60	61	11.0
60	62	20.0
60	65	14.0
60	66	7.0
60	67	4.0
60	69	1.0
61	61	270.0
61	62	8.0
61	65	6.0
61	66	4.0
61	67	1.0
61	70	1.0
61	96	2.0
61	97	5.0
61	100	1.0
62	62	260.0
62	63	17.0
62	64	13.0
62	65	24.0
62	66	10.0
62	67	1.0
62	68	3.0
62	69	7.0
62	70	7.0
62	71	1.0
62	72	1.0
62	78	1.0
62	96	1.0
62	100	1.0
62	113	2.0
63	63	318.0
63	64	27.0
63	65	5.0
63	66	2.0
63	67	1.0
63	68	1.0
63	69	8.0
63	70	8.0
63	73	5.0
63	74	5.0
63	100	2.0
64	64	263.0
64	65	16.0
64	66	19.0
64	67	9.0
64	68	4.0
64	69	15.0
64	70	6.0
64	71	3.0
64	98	3.0
64	100	2.0
64	111	3.0
64	112	2.0
64	113	2.0
65	65	260.0
65	66	20.0
65	67	14.0
65	68	9.0
65	69	6.0
65	70	1.0
65	71	1.0
65	98	1.0
65	99	3.0
65	106	1.0
65	111	3.0
65	112	1.0
65	113	1.0
66	66	274.0
66	67	20.0
66	68	14.0
66	69	3.0
66	70	4.0
66	95	1.0
66	111	4.0
66	112	4.0
67	67	295.0
67	68	10.0
67	69	4.0
67	98	3.0
67	107	1.0
67	111	5.0
67	112	2.0
67	113	1.0
68	68	288.0
68	69	17.0
68	70	3.0
68	93	1.0
68	98	4.0
68	99	6.0
68	101	1.0
69	69	276.0
69	70	6.0
69	71	9.0
69	80	1.0
69	93	1.0
69	97	3.0
69	98	5.0
69	99	9.0
69	102	1.0
69	111	5.0
70	70	281.0
70	71	12.0
70	72	4.0
70	97	3.0
70	98	5.0
70	99	3.0
70	100	1.0
70	103	1.0
71	71	273.0
71	72	32.0
71	73	13.0
71	85	1.0
71	97	3.0
71	98	11.0
71	99	6.0
72	72	286.0
72	73	8.0
72	76	1.0
72	77	1.0
72	78	1.0
72	79	1.0
72	80	3.0
72	81	1.0
72	97	7.0
72	98	4.0
72	99	4.0
72	100	1.0
72	111	1.0
72	113	1.0
73	73	273.0
73	74	29.0
73	75	9.0
73	76	7.0
73	77	8.0
73	78	3.0
73	79	14.0
73	80	2.0
73	81	3.0
73	82	1.0
73	87	2.0
73	89	4.0
73	93	3.0
74	74	324.0
74	75	16.0
74	76	12.0
74	77	8.0
74	79	5.0
74	80	1.0
74	88	5.0
74	89	1.0
74	91	1.0
74	110	1.0
74	111	1.0
74	112	1.0
75	75	294.0
75	76	16.0
75	77	5.0
75	79	1.0
75	88	7.0
75	94	4.0
76	76	322.0
76	77	26.0
76	78	8.0
76	79	8.0
76	87	1.0
76	89	2.0
76	90	8.0
77	77	256.0
77	78	15.0
77	79	15.0
77	81	1.0
77	89	2.0
77	90	3.0
78	78	263.0
78	79	25.0
78	80	11.0
78	81	1.0
78	82	3.0
78	89	1.0
78	90	4.0
78	91	1.0
78	95	1.0
78	104	1.0
79	79	307.0
79	80	5.0
79	81	9.0
79	82	4.0
79	89	10.0
79	90	10.0
80	80	276.0
80	81	15.0
80	82	8.0
80	83	5.0
80	84	1.0
80	89	3.0
80	90	3.0
80	97	2.0
80	102	1.0
80	103	3.0
80	104	3.0
80	110	3.0
81	81	294.0
81	82	22.0
81	83	9.0
81	84	6.0
81	87	1.0
81	89	6.0
81	90	2.0
81	97	9.0
82	82	278.0
82	83	20.0
82	84	14.0
82	86	1.0
82	87	1.0
82	89	4.0
82	90	4.0
82	91	2.0
82	94	2.0
82	95	4.0
82	96	3.0
82	106	1.0
83	83	248.0
83	84	11.0
83	85	4.0
83	86	1.0
83	89	2.0
83	90	1.0
83	91	14.0
83	95	2.0
83	96	2.0
83	101	2.0
83	102	2.0
83	103	5.0
83	104	1.0
84	84	282.0
84	85	4.0
84	86	2.0
84	87	1.0
84	92	1.0
84	93	1.0
84	94	1.0
84	95	5.0
84	96	3.0
84	101	4.0
84	102	8.0
84	103	1.0
84	104	1.0
85	85	283.0
85	86	12.0
85	87	3.0
85	88	5.0
85	89	9.0
85	90	6.0
85	91	9.0
85	92	10.0
85	93	3.0
85	94	2.0
85	95	8.0
85	101	1.0
85	103	1.0
85	109	1.0
85	110	1.0
86	86	229.0
86	87	12.0
86	88	7.0
86	89	5.0
86	90	11.0
86	91	6.0
86	92	3.0
86	93	1.0
86	94	2.0
86	95	2.0
86	96	2.0
86	109	4.0
86	110	1.0
86	111	5.0
86	112	2.0
87	87	301.0
87	88	10.0
87	89	5.0
87	91	4.0
87	92	4.0
87	93	22.0
87	94	11.0
87	95	3.0
87	96	1.0
87	110	3.0
87	111	3.0
87	112	4.0
87	113	3.0
88	88	258.0
88	89	9.0
88	90	12.0
88	91	4.0
88	92	6.0
88	93	1.0
88	94	10.0
88	109	4.0
88	110	3.0
88	111	9.0
88	112	4.0
89	89	256.0
89	90	34.0
89	91	2.0
89	95	1.0
89	100	1.0
89	103	1.0
89	108	1.0
89	109	10.0
89	110	17.0
89	111	4.0
90	90	274.0
90	91	23.0
90	95	7.0
90	103	1.0
90	104	1.0
90	106	2.0
90	109	1.0
90	111	1.0
91	91	327.0
91	92	4.0
91	93	11.0
91	94	3.0
91	95	8.0
91	96	1.0
91	101	1.0
91	102	2.0
91	103	1.0
91	106	2.0
91	111	3.0
92	92	287.0
92	93	33.0
92	94	7.0
92	95	2.0
92	113	7.0
93	93	263.0
93	94	11.0
93	95	12.0
93	105	1.0
93	113	1.0
94	94	276.0
94	95	3.0
94	105	11.0
94	106	8.0
94	107	10.0
95	95	300.0
95	96	10.0
95	97	12.0
95	98	1.0
95	99	1.0
95	101	1.0
95	102	4.0
95	103	9.0
95	104	1.0
95	105	1.0
95	106	5.0
95	108	3.0
96	96	297.0
96	97	15.0
96	98	3.0
96	99	1.0
96	101	2.0
96	102	2.0
96	103	8.0
96	106	1.0
96	108	1.0
97	97	300.0
97	98	6.0
97	99	1.0
97	100	5.0
97	103	1.0
97	104	3.0
97	105	6.0
97	106	2.0
97	108	1.0
97	109	1.0
97	111	3.0
98	98	274.0
98	99	28.0
98	100	4.0
98	102	2.0
98	103	4.0
98	104	4.0
98	105	2.0
98	106	4.0
98	107	1.0
98	108	6.0
98	109	1.0
98	111	2.0
98	113	1.0
98	114	4.0
99	99	280.0
99	100	15.0
99	101	1.0
99	102	3.0
99	103	3.0
99	104	1.0
99	106	2.0
99	107	1.0
99	108	6.0
99	111	3.0
99	112	1.0
100	100	302.0
100	101	16.0
100	102	1.0
100	103	1.0
100	107	5.0
100	109	2.0
100	110	5.0
100	111	4.0
100	112	1.0
100	113	4.0
101	101	323.0
101	102	15.0
101	104	4.0
101	107	2.0
101	109	3.0
102	102	289.0
102	103	8.0
102	104	4.0
102	105	3.0
102	106	8.0
102	107	5.0
102	108	2.0
102	114	1.0
103	103	309.0
103	104	11.0
103	105	11.0
103	106	7.0
103	107	3.0
103	108	3.0
103	109	6.0
103	110	2.0
103	111	3.0
103	112	1.0
103	113	1.0
103	114	4.0
104	104	257.0
104	105	20.0
104	106	10.0
104	107	12.0
104	108	3.0
104	110	1.0
104	113	3.0
105	105	294.0
105	106	18.0
105	107	26.0
105	108	8.0
105	110	3.0
105	111	1.0
105	112	2.0
105	113	1.0
105	114	4.0
106	106	326.0
106	107	12.0
106	108	8.0
106	109	4.0
106	110	2.0
107	107	302.0
107	108	16.0
107	109	10.0
107	110	1.0
107	114	2.0
107	115	1.0
108	108	304.0
108	109	15.0
108	110	8.0
108	114	1.0
109	109	310.0
109	110	27.0
109	113	1.0
109	114	1.0
110	110	304.0
110	111	9.0
110	112	3.0
110	113	8.0
110	114	1.0
111	111	363.0
111	112	24.0
111	113	19.0
112	112	266.0
112	113	17.0
112	114	1.0
113	113	347.0
113	114	16.0
113	115	3.0
114	114	273.0
114	115	4.0
115	115	34.0
