1	1	383.0
1	2	4.0
1	3	3.0
1	4	1.0
1	37	1.0
1	92	4.0
1	93	2.0
1	94	2.0
1	95	1.0
1	142	7.0
2	1	1.0
2	2	368.0
2	3	2.0
2	5	4.0
2	6	1.0
2	33	1.0
2	75	1.0
2	76	2.0
2	79	1.0
2	81	1.0
2	82	1.0
2	89	2.0
2	90	1.0
2	91	1.0
2	93	3.0
2	96	1.0
2	142	1.0
3	1	3.0
3	2	4.0
3	3	402.0
3	4	2.0
3	5	7.0
3	18	1.0
3	33	1.0
3	35	1.0
3	75	1.0
3	88	1.0
3	95	2.0
3	142	1.0
4	1	1.0
4	2	2.0
4	3	5.0
4	4	411.0
4	5	7.0
4	21	2.0
4	32	2.0
4	38	1.0
4	68	1.0
4	72	3.0
4	73	3.0
4	75	1.0
4	79	1.0
4	88	1.0
4	90	1.0
4	102	1.0
4	111	1.0
5	2	2.0
5	3	3.0
5	4	1.0
5	5	394.0
5	6	5.0
5	18	2.0
5	33	2.0
5	38	1.0
5	44	1.0
5	66	1.0
5	73	1.0
5	74	3.0
5	75	1.0
5	76	2.0
5	77	1.0
5	79	1.0
5	108	1.0
6	5	3.0
6	6	355.0
6	7	5.0
6	8	3.0
6	25	1.0
6	26	2.0
6	27	1.0
6	29	2.0
6	30	3.0
6	31	3.0
6	33	2.0
6	34	2.0
6	37	2.0
6	45	1.0
6	76	2.0
7	6	5.0
7	7	412.0
7	8	4.0
7	9	6.0
7	12	2.0
7	24	1.0
7	25	1.0
7	26	2.0
7	27	1.0
7	29	1.0
7	30	5.0
7	79	1.0
8	6	2.0
8	7	11.0
8	8	349.0
8	9	12.0
8	11	1.0
8	26	1.0
8	27	1.0
8	29	4.0
8	31	1.0
8	124	1.0
9	7	3.0
9	8	5.0
9	9	375.0
9	10	1.0
9	12	3.0
9	22	1.0
9	23	1.0
9	24	5.0
9	25	3.0
9	26	2.0
9	28	1.0
9	37	5.0
9	78	1.0
10	9	5.0
10	10	349.0
10	11	7.0
10	12	4.0
10	13	3.0
10	17	1.0
10	21	2.0
10	23	3.0
10	24	1.0
10	35	1.0
10	36	1.0
10	37	2.0
11	9	3.0
11	10	3.0
11	11	352.0
11	12	7.0
11	13	1.0
11	14	1.0
11	15	1.0
11	18	1.0
11	22	1.0
11	23	2.0
11	34	1.0
11	35	1.0
12	7	3.0
12	10	4.0
12	11	10.0
12	12	341.0
12	13	3.0
12	14	1.0
12	16	7.0
12	23	7.0
12	25	1.0
12	26	1.0
12	37	1.0
13	4	1.0
13	10	3.0
13	11	7.0
13	12	7.0
13	13	330.0
13	14	12.0
13	15	6.0
13	16	2.0
13	22	1.0
13	23	4.0
13	35	2.0
13	36	4.0
13	38	2.0
14	12	2.0
14	13	13.0
14	14	401.0
14	15	7.0
14	16	6.0
14	19	2.0
14	21	3.0
14	23	2.0
14	34	2.0
14	35	2.0
14	36	1.0
15	10	4.0
15	11	2.0
15	12	1.0
15	13	7.0
15	14	2.0
15	15	361.0
15	16	5.0
15	18	1.0
15	19	1.0
15	20	1.0
15	25	1.0
15	35	1.0
15	36	1.0
16	10	1.0
16	11	1.0
16	12	7.0
16	13	3.0
16	14	5.0
16	15	4.0
16	16	398.0
16	17	2.0
16	18	3.0
16	19	2.0
16	24	1.0
16	31	1.0
16	35	1.0
16	38	1.0
16	68	1.0
16	112	1.0
17	3	2.0
17	10	1.0
17	11	1.0
17	12	1.0
17	13	2.0
17	14	1.0
17	15	1.0
17	16	5.0
17	17	331.0
17	18	9.0
17	20	1.0
17	21	3.0
17	27	3.0
17	29	1.0
17	32	3.0
17	33	2.0
18	13	1.0
18	14	1.0
18	15	3.0
18	16	1.0
18	17	10.0
18	18	370.0
18	19	2.0
18	21	5.0
18	22	1.0
18	23	2.0
18	29	2.0
18	30	2.0
18	32	2.0
18	67	1.0
18	77	1.0
18	108	1.0
19	14	2.0
19	15	3.0
19	16	2.0
19	18	1.0
19	19	361.0
19	20	6.0
19	22	6.0
19	27	2.0
20	17	1.0
20	18	1.0
20	19	6.0
20	20	340.0
20	21	5.0
20	22	3.0
20	23	7.0
20	89	1.0
21	10	2.0
21	13	2.0
21	14	3.0
21	15	1.0
21	16	1.0
21	17	1.0
21	18	3.0
21	19	1.0
21	20	6.0
21	21	353.0
21	22	8.0
21	23	2.0
21	26	2.0
21	27	2.0
21	33	1.0
21	36	1.0
22	7	1.0
22	9	2.0
22	10	1.0
22	11	2.0
22	12	1.0
22	14	2.0
22	19	7.0
22	21	10.0
22	22	380.0
22	23	5.0
22	24	3.0
22	26	2.0
22	34	2.0
22	35	1.0
22	108	1.0
22	109	1.0
23	9	4.0
23	10	3.0
23	11	4.0
23	13	2.0
23	14	2.0
23	15	1.0
23	20	1.0
23	21	2.0
23	22	1.0
23	23	355.0
23	25	1.0
23	26	1.0
23	35	1.0
23	37	1.0
23	110	1.0
24	7	3.0
24	8	1.0
24	9	4.0
24	12	1.0
24	13	1.0
24	22	2.0
24	23	3.0
24	24	366.0
24	25	5.0
24	26	9.0
24	28	1.0
24	30	2.0
24	35	1.0
24	36	1.0
24	37	1.0
25	6	2.0
25	7	1.0
25	8	6.0
25	9	2.0
25	14	1.0
25	21	1.0
25	24	5.0
25	25	399.0
25	26	4.0
25	28	7.0
25	30	3.0
25	31	1.0
25	73	1.0
25	120	1.0
26	6	2.0
26	8	3.0
26	9	2.0
26	10	1.0
26	22	4.0
26	23	2.0
26	24	6.0
26	25	2.0
26	26	393.0
26	27	1.0
26	30	1.0
26	31	1.0
26	35	1.0
26	37	1.0
27	5	1.0
27	6	1.0
27	7	1.0
27	17	2.0
27	20	3.0
27	21	1.0
27	22	1.0
27	27	312.0
27	28	8.0
27	29	6.0
27	30	5.0
27	32	1.0
27	33	1.0
27	69	1.0
27	74	1.0
27	75	1.0
27	77	2.0
28	5	1.0
28	24	3.0
28	25	3.0
28	27	5.0
28	28	363.0
28	29	7.0
28	30	6.0
28	31	1.0
28	44	1.0
28	73	2.0
28	74	3.0
28	75	1.0
28	78	1.0
29	6	1.0
29	7	2.0
29	8	1.0
29	17	4.0
29	18	2.0
29	21	2.0
29	23	1.0
29	24	2.0
29	27	7.0
29	28	4.0
29	29	361.0
29	30	5.0
29	31	2.0
29	37	1.0
29	69	1.0
29	73	2.0
29	75	1.0
30	5	1.0
30	6	1.0
30	7	1.0
30	8	2.0
30	22	1.0
30	24	1.0
30	25	1.0
30	26	2.0
30	29	9.0
30	30	339.0
30	31	12.0
30	32	2.0
30	73	1.0
30	76	1.0
31	6	1.0
31	8	2.0
31	18	1.0
31	25	3.0
31	28	3.0
31	29	2.0
31	30	9.0
31	31	324.0
31	32	5.0
31	73	3.0
31	74	7.0
32	6	2.0
32	17	1.0
32	18	2.0
32	27	1.0
32	29	2.0
32	30	1.0
32	31	6.0
32	32	338.0
32	33	1.0
32	72	1.0
32	74	1.0
32	76	1.0
32	107	1.0
33	3	1.0
33	4	1.0
33	5	4.0
33	6	4.0
33	18	2.0
33	27	1.0
33	32	2.0
33	33	319.0
33	34	5.0
33	38	3.0
33	77	2.0
33	97	1.0
34	3	1.0
34	6	4.0
34	11	1.0
34	13	1.0
34	22	2.0
34	33	5.0
34	34	377.0
34	35	7.0
34	36	5.0
34	37	4.0
34	76	1.0
34	77	2.0
34	140	1.0
35	13	2.0
35	14	2.0
35	15	1.0
35	22	2.0
35	24	2.0
35	26	2.0
35	34	3.0
35	35	386.0
35	36	10.0
35	37	2.0
35	95	1.0
36	1	1.0
36	9	2.0
36	10	1.0
36	11	1.0
36	12	1.0
36	13	6.0
36	15	2.0
36	21	2.0
36	22	1.0
36	24	1.0
36	34	3.0
36	35	8.0
36	36	396.0
36	37	7.0
36	74	1.0
36	129	1.0
36	142	1.0
37	3	1.0
37	6	1.0
37	8	1.0
37	9	6.0
37	10	2.0
37	13	3.0
37	14	1.0
37	17	1.0
37	33	1.0
37	34	5.0
37	35	4.0
37	36	6.0
37	37	368.0
37	38	2.0
37	72	1.0
37	73	1.0
38	13	1.0
38	31	1.0
38	32	1.0
38	33	4.0
38	34	2.0
38	36	1.0
38	37	5.0
38	38	317.0
38	39	1.0
38	40	1.0
38	89	1.0
39	16	1.0
39	37	1.0
39	39	21.0
39	41	1.0
40	40	11.0
40	43	1.0
40	71	1.0
40	72	1.0
41	41	7.0
42	70	1.0
43	39	1.0
43	43	14.0
43	45	1.0
44	5	1.0
44	18	1.0
44	33	1.0
44	44	55.0
45	5	1.0
45	45	5.0
45	68	1.0
46	27	1.0
46	46	4.0
46	66	1.0
47	47	2.0
65	65	2.0
66	27	1.0
66	41	1.0
66	44	1.0
66	45	1.0
66	46	1.0
66	66	97.0
66	68	2.0
67	44	1.0
67	67	11.0
68	16	1.0
68	17	2.0
68	18	1.0
68	38	1.0
68	66	1.0
68	68	100.0
68	71	1.0
69	27	1.0
69	42	1.0
69	66	1.0
69	69	32.0
69	142	1.0
70	45	1.0
70	70	9.0
71	70	3.0
71	71	390.0
71	72	6.0
71	74	1.0
71	75	1.0
71	118	1.0
71	140	1.0
71	142	1.0
72	2	1.0
72	3	1.0
72	4	2.0
72	5	1.0
72	28	1.0
72	71	6.0
72	72	381.0
72	74	3.0
72	75	3.0
72	90	3.0
72	117	1.0
73	3	2.0
73	4	3.0
73	5	3.0
73	18	2.0
73	28	4.0
73	29	1.0
73	30	4.0
73	31	2.0
73	32	1.0
73	72	6.0
73	73	356.0
73	74	5.0
73	75	2.0
73	78	1.0
73	79	1.0
73	90	1.0
73	91	1.0
73	137	1.0
74	2	1.0
74	4	2.0
74	5	1.0
74	27	1.0
74	28	1.0
74	29	1.0
74	31	5.0
74	32	1.0
74	66	1.0
74	72	2.0
74	73	5.0
74	74	363.0
74	75	6.0
74	76	1.0
75	4	1.0
75	5	5.0
75	27	1.0
75	28	2.0
75	46	1.0
75	66	1.0
75	72	5.0
75	73	3.0
75	74	1.0
75	75	369.0
75	76	2.0
75	77	3.0
75	78	5.0
75	79	3.0
75	82	1.0
75	90	3.0
75	91	1.0
75	107	1.0
75	111	1.0
76	5	1.0
76	6	2.0
76	27	1.0
76	75	4.0
76	76	371.0
76	77	9.0
76	78	2.0
76	79	3.0
76	89	1.0
76	104	4.0
76	107	1.0
76	111	3.0
76	112	1.0
77	3	1.0
77	4	1.0
77	13	1.0
77	33	1.0
77	34	1.0
77	75	2.0
77	76	2.0
77	77	340.0
77	78	13.0
77	79	2.0
77	88	2.0
77	104	1.0
77	105	1.0
77	108	3.0
77	110	1.0
78	21	1.0
78	75	7.0
78	76	2.0
78	77	10.0
78	78	381.0
78	79	2.0
78	80	2.0
78	84	1.0
78	88	3.0
78	89	1.0
78	99	1.0
78	103	2.0
78	106	1.0
78	107	1.0
78	108	3.0
78	114	1.0
79	2	2.0
79	3	1.0
79	4	2.0
79	5	1.0
79	8	1.0
79	33	1.0
79	73	1.0
79	75	2.0
79	76	6.0
79	77	1.0
79	78	4.0
79	79	388.0
79	80	2.0
79	84	1.0
79	85	1.0
79	88	2.0
79	89	4.0
79	104	6.0
79	107	1.0
79	108	1.0
79	110	1.0
79	113	1.0
79	114	5.0
79	115	1.0
80	8	1.0
80	68	1.0
80	79	3.0
80	80	383.0
80	88	2.0
80	106	1.0
80	109	2.0
80	114	2.0
80	115	1.0
81	33	1.0
81	81	376.0
81	82	11.0
81	83	3.0
81	84	2.0
81	85	1.0
81	86	1.0
81	88	1.0
81	89	3.0
81	90	1.0
81	91	3.0
81	99	1.0
81	102	1.0
81	107	1.0
81	111	1.0
82	80	1.0
82	81	7.0
82	82	333.0
82	83	8.0
82	86	3.0
82	90	2.0
82	102	1.0
82	103	1.0
83	78	1.0
83	81	4.0
83	82	6.0
83	83	352.0
83	84	2.0
83	85	3.0
83	86	1.0
83	87	1.0
83	88	1.0
83	102	1.0
83	103	5.0
84	79	1.0
84	80	1.0
84	81	2.0
84	82	2.0
84	83	7.0
84	84	363.0
84	85	6.0
84	86	2.0
84	89	2.0
84	90	1.0
84	105	2.0
84	109	2.0
85	78	1.0
85	80	1.0
85	83	1.0
85	84	4.0
85	85	356.0
85	86	5.0
85	87	2.0
85	88	3.0
85	90	1.0
85	102	1.0
85	103	1.0
85	105	1.0
85	106	1.0
85	107	2.0
85	127	1.0
86	1	1.0
86	81	1.0
86	82	4.0
86	83	1.0
86	84	2.0
86	85	6.0
86	86	334.0
86	87	8.0
86	88	1.0
86	89	1.0
86	90	2.0
86	92	1.0
86	101	4.0
87	22	1.0
87	80	1.0
87	82	1.0
87	83	2.0
87	84	1.0
87	85	1.0
87	86	1.0
87	87	371.0
87	88	6.0
87	91	1.0
87	92	1.0
87	112	1.0
88	3	1.0
88	4	1.0
88	77	3.0
88	78	2.0
88	79	1.0
88	81	2.0
88	84	2.0
88	85	2.0
88	86	4.0
88	87	3.0
88	88	341.0
88	89	1.0
88	91	1.0
88	110	7.0
88	111	2.0
88	127	3.0
88	129	2.0
88	130	1.0
89	2	2.0
89	3	1.0
89	77	1.0
89	78	1.0
89	79	4.0
89	81	4.0
89	83	4.0
89	85	1.0
89	87	3.0
89	88	5.0
89	89	372.0
89	90	4.0
89	91	1.0
89	104	1.0
89	108	1.0
90	2	1.0
90	4	3.0
90	74	1.0
90	81	3.0
90	82	1.0
90	83	1.0
90	86	2.0
90	89	3.0
90	90	368.0
90	91	9.0
90	95	1.0
90	102	1.0
91	2	1.0
91	5	2.0
91	71	1.0
91	72	1.0
91	73	3.0
91	74	2.0
91	88	1.0
91	89	1.0
91	90	5.0
91	91	411.0
91	92	1.0
91	96	1.0
92	1	2.0
92	85	1.0
92	86	1.0
92	90	1.0
92	91	1.0
92	92	298.0
92	93	4.0
92	94	3.0
92	97	4.0
93	1	5.0
93	3	1.0
93	36	1.0
93	93	382.0
93	94	2.0
93	95	2.0
93	96	1.0
93	125	3.0
93	142	1.0
94	1	1.0
94	93	4.0
94	94	398.0
94	95	1.0
94	96	7.0
94	122	1.0
94	124	1.0
94	125	4.0
94	126	1.0
95	1	1.0
95	2	2.0
95	3	3.0
95	6	1.0
95	35	1.0
95	89	1.0
95	93	3.0
95	94	6.0
95	95	336.0
95	96	1.0
95	97	1.0
95	98	2.0
95	123	1.0
95	124	4.0
95	135	1.0
95	136	1.0
95	142	2.0
96	94	2.0
96	95	1.0
96	96	375.0
96	97	2.0
96	121	2.0
96	124	6.0
96	125	4.0
96	126	2.0
96	127	1.0
96	136	1.0
96	142	1.0
97	92	2.0
97	93	1.0
97	97	360.0
97	98	1.0
97	99	2.0
97	122	1.0
97	123	1.0
97	124	6.0
97	125	2.0
97	126	1.0
97	127	2.0
98	80	1.0
98	95	7.0
98	97	5.0
98	98	406.0
98	99	3.0
98	120	1.0
98	123	7.0
98	124	8.0
98	125	6.0
98	126	3.0
98	127	1.0
99	81	1.0
99	83	1.0
99	97	2.0
99	98	1.0
99	99	296.0
99	100	9.0
99	119	1.0
99	123	2.0
99	125	1.0
99	126	2.0
99	128	2.0
99	130	1.0
100	5	1.0
100	98	1.0
100	99	2.0
100	100	405.0
100	101	2.0
100	102	1.0
100	110	1.0
100	112	1.0
100	114	1.0
100	115	2.0
100	116	2.0
100	123	1.0
100	127	1.0
100	129	1.0
101	85	2.0
101	86	2.0
101	101	403.0
101	102	5.0
101	103	1.0
101	112	2.0
101	113	2.0
101	115	1.0
102	81	2.0
102	82	1.0
102	83	1.0
102	86	1.0
102	90	1.0
102	101	3.0
102	102	404.0
102	103	4.0
102	104	1.0
102	114	1.0
102	115	3.0
102	123	1.0
103	79	1.0
103	82	1.0
103	83	5.0
103	88	1.0
103	101	3.0
103	102	4.0
103	103	366.0
103	104	6.0
103	105	4.0
103	109	1.0
103	113	4.0
103	114	2.0
103	115	2.0
103	128	1.0
104	78	1.0
104	79	7.0
104	81	1.0
104	100	1.0
104	103	2.0
104	104	361.0
104	105	2.0
104	106	1.0
104	107	2.0
104	109	1.0
104	111	1.0
104	112	1.0
104	113	3.0
104	114	1.0
105	29	1.0
105	77	1.0
105	82	1.0
105	84	1.0
105	85	1.0
105	103	1.0
105	104	5.0
105	105	343.0
105	106	2.0
105	107	8.0
105	109	1.0
105	110	1.0
105	111	1.0
105	112	3.0
105	113	1.0
105	114	2.0
105	139	1.0
106	77	1.0
106	104	1.0
106	105	5.0
106	106	334.0
106	107	3.0
106	108	1.0
106	109	1.0
106	110	4.0
106	111	1.0
106	112	3.0
106	113	1.0
106	114	1.0
107	78	1.0
107	79	1.0
107	84	2.0
107	103	2.0
107	104	1.0
107	105	5.0
107	106	7.0
107	107	353.0
107	108	5.0
107	110	1.0
107	111	3.0
107	113	1.0
107	114	1.0
107	115	4.0
108	5	1.0
108	21	1.0
108	23	1.0
108	26	2.0
108	75	1.0
108	76	1.0
108	77	1.0
108	78	1.0
108	104	1.0
108	105	1.0
108	106	1.0
108	108	327.0
108	109	7.0
108	110	1.0
108	111	7.0
109	79	2.0
109	80	1.0
109	84	3.0
109	88	1.0
109	105	1.0
109	106	4.0
109	109	413.0
109	110	8.0
109	111	1.0
109	115	1.0
109	116	1.0
110	22	1.0
110	77	1.0
110	78	1.0
110	85	1.0
110	88	1.0
110	100	1.0
110	104	3.0
110	106	6.0
110	107	2.0
110	108	3.0
110	109	6.0
110	110	359.0
110	111	2.0
110	112	6.0
110	133	1.0
111	2	2.0
111	3	1.0
111	76	3.0
111	77	1.0
111	81	4.0
111	88	2.0
111	102	1.0
111	103	1.0
111	104	3.0
111	105	2.0
111	107	5.0
111	108	2.0
111	109	1.0
111	110	3.0
111	111	344.0
111	112	4.0
111	113	1.0
111	115	1.0
111	116	1.0
111	137	1.0
112	25	1.0
112	76	2.0
112	77	2.0
112	80	1.0
112	84	2.0
112	85	1.0
112	87	2.0
112	88	1.0
112	101	1.0
112	102	1.0
112	103	1.0
112	105	5.0
112	106	2.0
112	108	2.0
112	109	1.0
112	110	4.0
112	111	2.0
112	112	368.0
112	113	4.0
112	114	1.0
112	116	1.0
113	6	1.0
113	84	1.0
113	101	4.0
113	103	6.0
113	104	2.0
113	105	6.0
113	106	2.0
113	107	1.0
113	109	2.0
113	110	1.0
113	112	2.0
113	113	362.0
113	114	4.0
113	115	1.0
113	116	4.0
114	22	1.0
114	78	3.0
114	80	1.0
114	82	1.0
114	100	2.0
114	101	1.0
114	102	2.0
114	103	1.0
114	104	1.0
114	105	3.0
114	107	2.0
114	112	1.0
114	113	2.0
114	114	366.0
114	115	9.0
114	116	2.0
114	120	1.0
115	8	1.0
115	23	1.0
115	71	1.0
115	79	1.0
115	80	1.0
115	82	1.0
115	101	2.0
115	102	1.0
115	103	4.0
115	107	3.0
115	109	3.0
115	111	1.0
115	113	3.0
115	114	14.0
115	115	361.0
115	116	3.0
115	119	1.0
115	126	1.0
115	129	1.0
116	67	1.0
116	73	1.0
116	100	1.0
116	103	1.0
116	108	1.0
116	109	1.0
116	111	2.0
116	112	2.0
116	113	4.0
116	114	4.0
116	115	3.0
116	116	388.0
116	117	7.0
116	123	4.0
117	77	1.0
117	83	1.0
117	100	2.0
117	102	1.0
117	111	1.0
117	116	6.0
117	117	413.0
117	118	7.0
117	119	2.0
117	120	1.0
117	121	2.0
117	122	4.0
117	123	1.0
118	71	2.0
118	72	1.0
118	87	1.0
118	117	9.0
118	118	366.0
118	119	4.0
118	120	2.0
118	121	2.0
118	122	1.0
119	22	1.0
119	115	1.0
119	116	1.0
119	117	6.0
119	118	5.0
119	119	364.0
119	120	7.0
119	121	4.0
119	122	4.0
119	123	2.0
119	134	3.0
120	86	1.0
120	97	1.0
120	98	1.0
120	116	1.0
120	118	2.0
120	119	7.0
120	120	396.0
120	121	7.0
120	122	1.0
120	123	4.0
120	131	1.0
121	7	1.0
121	93	2.0
121	118	1.0
121	119	5.0
121	120	2.0
121	121	365.0
121	122	7.0
122	95	1.0
122	117	2.0
122	119	7.0
122	120	11.0
122	121	4.0
122	122	374.0
122	123	8.0
123	95	2.0
123	97	3.0
123	98	3.0
123	115	1.0
123	116	3.0
123	117	2.0
123	118	2.0
123	119	1.0
123	120	5.0
123	121	1.0
123	122	9.0
123	123	374.0
123	124	1.0
123	125	1.0
123	135	1.0
123	136	5.0
124	1	1.0
124	95	1.0
124	96	5.0
124	97	2.0
124	98	3.0
124	99	2.0
124	115	1.0
124	120	2.0
124	123	3.0
124	124	405.0
124	125	4.0
124	126	1.0
124	135	4.0
124	136	2.0
125	93	1.0
125	94	3.0
125	96	1.0
125	97	2.0
125	98	2.0
125	119	1.0
125	120	2.0
125	123	1.0
125	124	6.0
125	125	395.0
125	126	2.0
126	96	5.0
126	97	2.0
126	98	7.0
126	99	4.0
126	125	3.0
126	126	394.0
126	127	5.0
126	128	2.0
126	129	1.0
127	88	1.0
127	96	1.0
127	97	2.0
127	98	2.0
127	99	1.0
127	100	2.0
127	104	1.0
127	125	1.0
127	126	5.0
127	127	442.0
127	128	7.0
127	129	5.0
127	131	2.0
127	138	1.0
128	36	1.0
128	80	1.0
128	83	2.0
128	85	3.0
128	86	1.0
128	87	1.0
128	126	2.0
128	127	6.0
128	128	388.0
128	129	2.0
128	130	1.0
129	18	1.0
129	80	2.0
129	84	1.0
129	99	1.0
129	100	1.0
129	115	1.0
129	127	2.0
129	128	4.0
129	129	406.0
129	130	5.0
129	131	2.0
130	96	1.0
130	127	1.0
130	128	1.0
130	129	7.0
130	130	452.0
130	131	4.0
131	66	1.0
131	87	1.0
131	124	1.0
131	126	1.0
131	127	4.0
131	130	1.0
131	131	400.0
131	132	3.0
131	133	3.0
131	134	4.0
131	135	1.0
131	138	1.0
132	131	3.0
132	132	407.0
132	133	5.0
132	134	3.0
132	135	1.0
132	136	1.0
132	138	1.0
133	78	1.0
133	95	1.0
133	119	1.0
133	122	2.0
133	130	1.0
133	131	1.0
133	132	6.0
133	133	331.0
133	134	6.0
133	135	1.0
133	137	3.0
133	138	3.0
133	139	1.0
134	94	1.0
134	96	1.0
134	115	1.0
134	121	2.0
134	124	3.0
134	132	4.0
134	133	8.0
134	134	436.0
134	135	2.0
134	137	1.0
134	138	1.0
135	95	1.0
135	119	1.0
135	120	1.0
135	122	1.0
135	123	1.0
135	125	1.0
135	134	7.0
135	135	408.0
135	136	6.0
135	137	7.0
135	138	2.0
136	122	1.0
136	123	6.0
136	124	2.0
136	132	1.0
136	133	2.0
136	135	7.0
136	136	396.0
136	137	7.0
136	138	2.0
137	131	2.0
137	133	1.0
137	134	1.0
137	135	4.0
137	136	4.0
137	137	412.0
137	138	3.0
137	139	2.0
138	111	1.0
138	128	1.0
138	129	1.0
138	132	2.0
138	133	1.0
138	134	1.0
138	135	4.0
138	136	5.0
138	137	9.0
138	138	379.0
138	139	1.0
139	34	1.0
139	132	1.0
139	136	1.0
139	137	2.0
139	138	2.0
139	139	398.0
139	140	6.0
140	19	1.0
140	132	1.0
140	139	7.0
140	140	410.0
141	141	10.0
142	1	3.0
142	2	1.0
142	3	1.0
142	93	2.0
142	94	2.0
142	95	4.0
142	96	1.0
142	142	308.0
