1	1	253.0
1	2	20.0
1	3	2.0
1	4	5.0
1	5	5.0
1	6	10.0
1	14	4.0
1	15	9.0
1	43	1.0
1	60	1.0
1	62	1.0
1	63	3.0
1	64	4.0
1	65	1.0
1	69	5.0
1	72	4.0
1	73	9.0
1	75	2.0
1	76	1.0
1	78	4.0
1	79	1.0
1	87	3.0
1	112	2.0
1	113	1.0
1	134	4.0
1	135	4.0
1	144	1.0
1	150	1.0
1	152	2.0
1	155	2.0
1	172	1.0
1	182	4.0
1	183	6.0
1	184	2.0
1	186	1.0
1	187	1.0
1	192	6.0
1	194	1.0
1	197	1.0
2	2	330.0
2	3	5.0
2	4	5.0
2	5	7.0
2	6	7.0
2	8	1.0
2	14	2.0
2	15	7.0
2	60	2.0
2	62	3.0
2	63	3.0
2	64	8.0
2	65	1.0
2	68	2.0
2	73	3.0
2	74	1.0
2	75	2.0
2	76	2.0
2	78	2.0
2	79	1.0
2	87	3.0
2	98	1.0
2	113	1.0
2	115	4.0
2	117	1.0
2	121	4.0
2	124	1.0
2	125	1.0
2	182	3.0
2	183	1.0
2	184	1.0
2	185	1.0
2	192	6.0
2	193	1.0
2	194	1.0
2	195	4.0
2	196	1.0
2	197	1.0
3	3	305.0
3	4	23.0
3	5	7.0
3	6	1.0
3	7	2.0
3	8	14.0
3	9	14.0
3	10	11.0
3	12	12.0
3	13	1.0
3	14	1.0
3	33	1.0
3	60	1.0
3	62	1.0
3	64	3.0
3	68	1.0
3	69	2.0
3	74	1.0
3	76	5.0
3	77	11.0
3	78	5.0
3	87	1.0
3	98	2.0
3	105	1.0
3	106	1.0
3	113	1.0
3	115	1.0
3	134	2.0
3	153	1.0
3	156	1.0
3	166	1.0
3	169	1.0
3	184	4.0
3	196	1.0
3	197	1.0
4	4	339.0
4	5	24.0
4	6	10.0
4	7	6.0
4	8	11.0
4	9	3.0
4	10	2.0
4	11	1.0
4	13	2.0
4	14	2.0
4	34	1.0
4	57	4.0
4	60	1.0
4	61	2.0
4	64	2.0
4	74	1.0
4	76	2.0
4	77	3.0
4	79	5.0
4	80	9.0
4	82	1.0
4	87	3.0
4	88	1.0
4	89	1.0
4	96	2.0
4	176	1.0
4	184	2.0
4	185	3.0
4	191	1.0
4	192	2.0
4	194	3.0
5	5	343.0
5	6	32.0
5	7	8.0
5	8	9.0
5	9	4.0
5	12	1.0
5	15	3.0
5	57	5.0
5	59	10.0
5	64	2.0
5	65	1.0
5	69	2.0
5	78	1.0
5	79	6.0
5	80	4.0
5	81	3.0
5	83	1.0
5	90	1.0
5	121	1.0
5	128	1.0
5	184	1.0
5	185	15.0
5	186	2.0
5	191	2.0
5	192	14.0
5	193	2.0
5	196	2.0
6	6	291.0
6	7	27.0
6	8	11.0
6	9	2.0
6	12	1.0
6	15	1.0
6	27	1.0
6	55	1.0
6	56	2.0
6	57	4.0
6	59	1.0
6	66	1.0
6	68	1.0
6	75	1.0
6	83	2.0
6	84	1.0
6	121	1.0
6	168	1.0
6	184	1.0
6	185	4.0
6	186	2.0
6	187	1.0
6	188	1.0
6	189	1.0
6	190	2.0
6	191	2.0
6	192	2.0
6	193	4.0
6	194	2.0
7	7	310.0
7	8	23.0
7	10	7.0
7	12	8.0
7	56	9.0
7	57	4.0
7	59	3.0
7	60	1.0
7	64	1.0
7	66	1.0
7	67	1.0
7	68	1.0
7	97	1.0
7	124	1.0
7	131	1.0
7	147	1.0
7	185	3.0
7	186	15.0
7	187	4.0
7	188	10.0
7	189	2.0
7	190	6.0
7	191	7.0
7	192	7.0
7	193	1.0
8	8	299.0
8	9	21.0
8	10	12.0
8	11	1.0
8	12	11.0
8	14	1.0
8	61	1.0
8	67	2.0
8	68	8.0
8	74	3.0
8	108	1.0
8	166	1.0
8	174	1.0
8	184	2.0
8	185	5.0
8	186	1.0
8	188	3.0
8	190	1.0
8	191	1.0
8	192	2.0
8	196	1.0
9	9	324.0
9	10	19.0
9	11	1.0
9	12	6.0
9	22	1.0
9	33	1.0
9	34	5.0
9	35	3.0
9	37	1.0
9	66	1.0
9	67	3.0
9	68	13.0
9	74	2.0
9	106	1.0
9	117	1.0
9	151	2.0
9	170	1.0
9	184	4.0
9	185	1.0
9	193	1.0
9	194	1.0
9	195	1.0
9	196	4.0
10	10	359.0
10	11	10.0
10	12	13.0
10	13	1.0
10	14	3.0
10	33	3.0
10	35	5.0
10	37	1.0
10	39	1.0
10	50	1.0
10	197	2.0
11	11	333.0
11	12	8.0
11	13	2.0
11	26	1.0
11	58	1.0
11	64	2.0
11	66	2.0
11	95	1.0
11	165	1.0
11	184	1.0
12	12	347.0
12	13	11.0
12	16	2.0
12	19	1.0
12	33	1.0
12	34	1.0
12	57	1.0
12	65	4.0
12	66	13.0
12	67	9.0
12	68	1.0
12	99	1.0
12	112	1.0
12	185	1.0
12	186	1.0
12	187	1.0
12	188	2.0
12	189	1.0
12	192	3.0
12	193	1.0
13	13	371.0
13	14	16.0
13	15	5.0
13	16	4.0
13	17	2.0
13	18	1.0
13	21	1.0
13	28	2.0
13	29	1.0
13	33	1.0
13	34	10.0
13	35	2.0
13	37	2.0
13	38	6.0
13	39	13.0
13	40	4.0
13	41	3.0
13	66	2.0
13	75	1.0
13	115	1.0
13	149	2.0
13	181	1.0
13	182	3.0
13	183	4.0
13	184	2.0
13	185	3.0
13	187	1.0
13	195	1.0
13	196	3.0
13	197	7.0
14	14	355.0
14	15	11.0
14	16	9.0
14	17	11.0
14	18	2.0
14	20	2.0
14	21	1.0
14	24	1.0
14	25	1.0
14	29	1.0
14	35	3.0
14	38	8.0
14	39	6.0
14	40	3.0
14	41	2.0
14	42	7.0
14	46	1.0
14	49	1.0
14	97	1.0
14	116	1.0
14	174	1.0
14	180	1.0
14	181	5.0
14	182	3.0
14	183	10.0
14	184	10.0
14	185	3.0
14	194	4.0
14	195	7.0
14	196	1.0
14	197	4.0
15	15	288.0
15	16	10.0
15	17	1.0
15	19	2.0
15	20	1.0
15	24	2.0
15	25	3.0
15	26	2.0
15	37	1.0
15	38	1.0
15	39	2.0
15	40	2.0
15	41	5.0
15	45	1.0
15	74	2.0
15	97	1.0
15	112	1.0
15	113	1.0
15	115	3.0
15	116	1.0
15	119	1.0
15	121	1.0
15	122	1.0
15	124	2.0
15	125	2.0
15	146	1.0
15	154	1.0
15	169	2.0
15	170	2.0
15	182	6.0
15	183	11.0
15	184	2.0
15	192	5.0
15	193	3.0
15	194	1.0
15	195	1.0
16	16	333.0
16	17	32.0
16	18	13.0
16	19	1.0
16	21	1.0
16	22	3.0
16	24	4.0
16	25	1.0
16	28	1.0
16	34	1.0
16	35	2.0
16	54	1.0
16	58	1.0
16	70	5.0
16	74	1.0
16	121	1.0
16	151	2.0
16	152	1.0
16	169	1.0
16	170	8.0
16	172	1.0
16	174	3.0
16	179	1.0
16	180	1.0
16	181	2.0
16	182	9.0
16	183	6.0
16	194	2.0
16	195	1.0
16	197	2.0
17	17	295.0
17	18	45.0
17	19	2.0
17	20	5.0
17	21	4.0
17	22	13.0
17	23	4.0
17	25	2.0
17	34	1.0
17	35	2.0
17	70	2.0
17	120	1.0
17	152	3.0
17	170	3.0
17	172	5.0
17	174	1.0
17	179	1.0
17	181	2.0
17	182	2.0
17	183	2.0
17	184	1.0
17	195	1.0
18	18	290.0
18	19	2.0
18	20	8.0
18	21	13.0
18	22	14.0
18	23	6.0
18	24	2.0
18	25	4.0
18	69	1.0
18	70	2.0
18	73	1.0
18	170	5.0
18	172	5.0
18	174	2.0
18	176	1.0
18	178	2.0
18	179	5.0
18	180	5.0
18	183	7.0
19	19	276.0
19	20	9.0
19	21	3.0
19	22	10.0
19	23	11.0
19	24	1.0
19	25	2.0
19	27	5.0
19	70	1.0
19	85	1.0
19	86	2.0
19	150	2.0
19	172	2.0
19	173	3.0
19	174	3.0
19	175	2.0
19	176	6.0
19	177	1.0
19	178	4.0
19	179	1.0
19	197	1.0
20	20	278.0
20	21	12.0
20	22	13.0
20	23	20.0
20	24	1.0
20	30	1.0
20	66	1.0
20	68	1.0
20	78	1.0
20	148	3.0
20	150	2.0
20	162	1.0
20	169	2.0
20	170	5.0
20	171	1.0
20	172	7.0
20	173	3.0
20	174	3.0
20	175	2.0
20	176	2.0
20	177	2.0
20	178	1.0
20	179	7.0
20	180	2.0
20	181	2.0
21	21	234.0
21	22	7.0
21	23	7.0
21	24	4.0
21	25	2.0
21	32	1.0
21	36	1.0
21	69	1.0
21	70	1.0
21	85	1.0
21	134	1.0
21	148	1.0
21	149	4.0
21	170	4.0
21	172	8.0
21	173	1.0
21	174	6.0
21	179	8.0
21	180	3.0
21	181	4.0
21	182	1.0
22	22	296.0
22	23	14.0
22	24	13.0
22	25	3.0
22	26	4.0
22	27	2.0
22	30	1.0
22	32	2.0
22	36	2.0
22	38	2.0
22	41	1.0
22	66	1.0
22	75	1.0
22	85	2.0
22	86	1.0
22	136	1.0
22	140	1.0
22	162	1.0
22	170	2.0
22	172	4.0
22	173	10.0
22	174	1.0
22	175	1.0
22	176	5.0
22	177	1.0
22	178	5.0
22	179	10.0
22	180	9.0
22	181	2.0
23	23	329.0
23	24	13.0
23	25	1.0
23	26	2.0
23	27	1.0
23	37	1.0
23	81	1.0
23	133	1.0
23	170	1.0
23	171	5.0
23	172	1.0
23	173	5.0
23	174	2.0
23	176	10.0
23	177	2.0
23	178	1.0
23	179	1.0
23	181	1.0
24	24	288.0
24	25	14.0
24	26	2.0
24	32	1.0
24	172	2.0
24	179	1.0
25	25	348.0
25	27	6.0
25	28	3.0
25	37	1.0
25	41	2.0
25	45	1.0
25	50	1.0
25	58	1.0
25	62	2.0
25	74	2.0
25	88	1.0
25	173	6.0
25	174	1.0
25	175	2.0
25	176	2.0
26	26	290.0
26	27	7.0
26	30	1.0
26	40	3.0
26	41	1.0
26	69	1.0
26	76	2.0
26	87	4.0
26	88	5.0
26	89	10.0
26	90	4.0
26	101	1.0
26	135	1.0
27	27	321.0
27	28	10.0
27	29	3.0
27	30	3.0
27	31	4.0
27	32	4.0
27	33	1.0
27	37	6.0
27	38	1.0
27	40	1.0
27	61	1.0
27	62	8.0
27	63	7.0
27	76	1.0
27	83	1.0
27	87	2.0
27	88	3.0
27	103	1.0
27	111	1.0
27	145	1.0
27	157	1.0
27	163	1.0
27	173	3.0
27	174	2.0
27	175	6.0
27	176	1.0
28	28	267.0
28	29	7.0
28	30	4.0
28	31	4.0
28	32	1.0
28	33	1.0
28	37	9.0
28	38	4.0
28	41	1.0
28	62	2.0
28	63	1.0
28	80	2.0
28	83	2.0
28	84	1.0
28	86	2.0
28	87	3.0
28	88	4.0
28	111	1.0
28	134	1.0
28	174	4.0
28	175	7.0
28	176	5.0
28	177	1.0
28	193	1.0
29	29	278.0
29	30	20.0
29	31	8.0
29	32	9.0
29	33	3.0
29	37	1.0
29	38	4.0
29	39	2.0
29	40	2.0
29	41	1.0
29	47	1.0
29	57	2.0
29	62	3.0
29	64	2.0
29	65	2.0
29	67	1.0
29	79	3.0
29	83	3.0
29	84	1.0
29	86	4.0
29	87	1.0
29	174	2.0
29	175	5.0
29	176	2.0
29	177	2.0
30	30	304.0
30	31	15.0
30	32	7.0
30	33	6.0
30	37	1.0
30	38	1.0
30	40	3.0
30	66	1.0
30	67	5.0
30	80	5.0
30	84	5.0
30	86	11.0
30	173	4.0
30	174	2.0
30	175	3.0
30	177	6.0
30	178	1.0
31	31	331.0
31	32	19.0
31	33	17.0
31	38	1.0
31	39	5.0
31	43	1.0
31	65	2.0
31	66	3.0
31	67	3.0
31	68	1.0
31	79	13.0
31	80	6.0
31	83	13.0
31	84	5.0
31	105	1.0
31	164	1.0
31	173	1.0
31	193	1.0
32	32	288.0
32	33	16.0
32	34	1.0
32	35	2.0
32	36	3.0
32	37	1.0
32	38	1.0
32	47	1.0
32	64	2.0
32	84	3.0
32	85	6.0
32	86	7.0
32	108	1.0
32	172	1.0
32	173	1.0
32	174	1.0
32	177	2.0
32	178	1.0
32	179	4.0
32	180	2.0
33	33	301.0
33	34	9.0
33	35	11.0
33	36	7.0
33	66	2.0
33	68	2.0
33	78	1.0
33	86	1.0
33	178	2.0
33	180	4.0
33	181	1.0
33	185	1.0
33	197	1.0
34	34	303.0
34	35	39.0
34	36	6.0
34	37	1.0
34	68	1.0
34	116	1.0
34	162	1.0
34	168	1.0
34	174	1.0
34	179	1.0
34	181	7.0
34	182	6.0
34	183	2.0
34	184	1.0
34	185	1.0
34	196	1.0
34	197	7.0
35	35	317.0
35	36	7.0
35	100	1.0
35	144	1.0
35	154	1.0
35	174	2.0
35	179	8.0
35	180	4.0
35	181	13.0
35	182	6.0
35	183	1.0
35	185	1.0
35	194	4.0
35	196	1.0
35	197	3.0
36	36	310.0
36	37	2.0
36	55	2.0
36	56	2.0
36	85	1.0
36	173	2.0
36	174	2.0
36	178	3.0
36	179	6.0
36	180	8.0
36	181	10.0
36	182	3.0
37	37	326.0
37	38	7.0
37	57	1.0
37	60	1.0
37	63	1.0
37	77	1.0
37	82	2.0
37	84	1.0
37	85	11.0
37	86	1.0
37	161	1.0
37	175	1.0
37	176	2.0
37	177	11.0
37	178	2.0
37	179	2.0
37	180	1.0
38	38	330.0
38	39	17.0
38	40	6.0
38	41	10.0
38	55	3.0
38	56	5.0
38	57	8.0
38	58	3.0
38	59	5.0
38	60	1.0
38	63	2.0
38	64	5.0
38	65	5.0
38	66	5.0
38	67	1.0
38	68	1.0
38	79	1.0
38	80	2.0
38	84	2.0
38	86	1.0
38	88	1.0
39	39	314.0
39	40	13.0
39	41	16.0
39	42	4.0
39	55	2.0
39	56	11.0
39	57	3.0
39	58	1.0
39	59	2.0
39	60	3.0
39	62	1.0
39	63	2.0
39	64	3.0
39	65	1.0
39	67	1.0
39	69	1.0
39	72	1.0
39	83	2.0
39	84	1.0
39	86	1.0
39	178	1.0
40	40	282.0
40	41	26.0
40	42	6.0
40	54	3.0
40	55	3.0
40	67	1.0
40	117	1.0
41	41	293.0
41	42	7.0
41	54	5.0
41	55	5.0
41	89	1.0
41	154	1.0
41	167	1.0
41	182	1.0
42	42	366.0
42	43	1.0
42	47	1.0
42	48	2.0
42	50	1.0
42	53	5.0
42	54	11.0
42	55	2.0
42	71	1.0
42	75	1.0
43	43	284.0
43	44	6.0
44	44	319.0
44	45	4.0
44	47	1.0
44	89	1.0
44	118	1.0
44	134	1.0
44	144	1.0
44	163	1.0
45	45	343.0
45	46	21.0
45	179	1.0
45	188	1.0
46	46	327.0
46	47	8.0
46	53	1.0
46	62	1.0
46	162	1.0
47	47	340.0
47	48	12.0
47	49	5.0
47	50	2.0
47	117	1.0
47	185	1.0
48	48	355.0
48	49	27.0
48	50	16.0
48	51	3.0
48	52	16.0
48	53	6.0
48	56	1.0
48	83	1.0
48	99	1.0
49	49	319.0
49	50	25.0
49	51	6.0
49	52	4.0
49	53	3.0
49	72	1.0
49	89	1.0
49	95	1.0
50	50	370.0
50	51	26.0
50	53	10.0
50	55	1.0
50	57	1.0
50	61	1.0
50	71	2.0
50	72	1.0
50	94	1.0
50	104	1.0
50	162	1.0
50	174	1.0
51	51	302.0
51	52	9.0
51	53	8.0
51	57	1.0
51	71	7.0
51	72	9.0
51	194	1.0
51	197	1.0
52	52	402.0
52	53	17.0
52	54	2.0
52	71	1.0
52	72	6.0
52	80	2.0
52	115	5.0
52	116	2.0
52	137	1.0
52	178	1.0
53	53	350.0
53	54	6.0
53	56	2.0
53	71	2.0
53	72	3.0
53	89	1.0
53	97	1.0
53	112	1.0
53	115	5.0
53	116	4.0
53	117	7.0
53	118	2.0
53	167	1.0
54	54	325.0
54	55	22.0
54	56	18.0
54	57	3.0
54	58	1.0
54	59	6.0
54	60	1.0
54	82	1.0
55	55	322.0
55	56	20.0
55	57	6.0
55	58	6.0
55	59	9.0
55	60	1.0
55	61	2.0
55	83	2.0
55	186	2.0
56	56	289.0
56	57	15.0
56	58	8.0
56	59	4.0
56	61	1.0
56	63	4.0
56	64	1.0
56	66	1.0
56	80	1.0
56	86	1.0
56	175	1.0
56	177	1.0
56	196	1.0
57	57	259.0
57	58	18.0
57	59	3.0
57	60	5.0
57	68	1.0
57	69	1.0
57	76	1.0
57	81	1.0
57	83	4.0
57	100	1.0
57	118	1.0
57	119	5.0
57	120	5.0
57	123	2.0
57	164	1.0
57	177	1.0
58	58	320.0
58	59	32.0
58	60	4.0
58	61	1.0
58	62	1.0
58	65	1.0
58	66	1.0
58	72	1.0
58	78	1.0
58	80	6.0
58	81	9.0
58	82	1.0
58	83	4.0
58	108	1.0
58	109	1.0
58	119	2.0
58	120	3.0
58	121	1.0
58	137	1.0
58	138	1.0
58	174	1.0
59	59	302.0
59	60	17.0
59	61	2.0
59	62	5.0
59	65	1.0
59	71	1.0
59	80	5.0
59	81	8.0
59	83	6.0
59	84	3.0
59	86	2.0
59	88	4.0
59	109	2.0
59	119	1.0
59	121	10.0
59	122	2.0
60	60	325.0
60	61	20.0
60	62	6.0
60	63	1.0
60	65	1.0
60	72	3.0
60	73	2.0
60	78	4.0
60	79	6.0
60	80	10.0
60	82	2.0
60	83	2.0
60	85	3.0
60	86	13.0
60	87	11.0
60	89	4.0
60	135	1.0
60	169	2.0
60	196	1.0
61	61	295.0
61	62	20.0
61	63	3.0
61	64	6.0
61	65	3.0
61	69	1.0
61	72	3.0
61	73	4.0
61	76	2.0
61	78	9.0
61	79	6.0
61	80	5.0
61	84	1.0
61	86	1.0
61	87	7.0
61	88	5.0
61	89	14.0
61	116	1.0
61	125	1.0
61	168	1.0
62	62	335.0
62	63	24.0
62	64	6.0
62	76	3.0
62	78	2.0
62	79	3.0
62	86	4.0
62	87	8.0
62	88	13.0
62	89	4.0
62	98	1.0
62	99	1.0
62	132	1.0
62	133	1.0
62	137	1.0
62	166	2.0
62	168	3.0
62	169	8.0
62	170	1.0
62	175	1.0
62	197	3.0
63	63	321.0
63	64	20.0
63	65	1.0
63	69	1.0
63	72	9.0
63	75	5.0
63	76	8.0
63	77	3.0
63	78	1.0
63	79	1.0
63	86	3.0
63	87	2.0
63	88	5.0
63	157	1.0
63	168	2.0
63	169	6.0
63	175	5.0
63	196	1.0
64	64	302.0
64	65	13.0
64	66	5.0
64	67	2.0
64	68	1.0
64	69	6.0
64	72	2.0
64	73	5.0
64	74	6.0
64	76	2.0
64	77	1.0
64	78	9.0
64	79	2.0
64	80	1.0
64	81	1.0
64	84	1.0
64	86	5.0
64	87	1.0
64	89	1.0
64	98	1.0
64	103	1.0
64	160	1.0
64	171	1.0
64	197	1.0
65	65	305.0
65	66	15.0
65	67	2.0
65	68	8.0
65	69	6.0
65	73	7.0
65	74	3.0
65	75	1.0
65	78	1.0
65	80	1.0
65	81	3.0
65	83	2.0
65	84	3.0
65	86	1.0
65	88	1.0
65	154	1.0
65	175	2.0
65	186	1.0
65	191	1.0
66	66	294.0
66	67	13.0
66	68	1.0
66	73	1.0
66	74	2.0
66	79	5.0
66	80	1.0
66	81	1.0
66	83	2.0
66	84	1.0
66	85	1.0
66	89	1.0
66	108	1.0
66	133	1.0
66	138	1.0
66	180	1.0
67	67	293.0
67	68	14.0
67	69	2.0
67	71	2.0
67	72	4.0
67	73	2.0
67	74	7.0
67	79	4.0
67	80	5.0
67	81	10.0
67	83	4.0
67	84	1.0
67	86	1.0
67	117	1.0
68	68	303.0
68	73	4.0
68	74	7.0
68	77	2.0
68	79	1.0
68	80	1.0
68	81	18.0
68	82	8.0
68	83	6.0
68	84	1.0
68	158	1.0
68	171	1.0
68	175	1.0
69	69	288.0
69	70	7.0
69	71	6.0
69	72	3.0
69	73	28.0
69	74	13.0
69	75	2.0
69	76	4.0
69	77	1.0
69	81	1.0
69	82	2.0
69	84	1.0
69	152	3.0
69	174	1.0
70	70	281.0
70	71	9.0
70	74	9.0
70	75	6.0
70	76	8.0
70	77	6.0
70	84	1.0
70	90	1.0
70	97	1.0
70	119	1.0
70	148	1.0
70	149	2.0
70	151	4.0
70	153	1.0
70	157	2.0
70	170	1.0
70	172	2.0
71	71	294.0
71	72	10.0
71	74	6.0
71	75	3.0
71	77	1.0
71	95	1.0
71	141	2.0
71	147	2.0
71	148	7.0
71	151	8.0
71	152	11.0
71	153	1.0
71	157	1.0
72	72	331.0
72	73	13.0
72	76	2.0
72	77	5.0
72	78	2.0
72	135	9.0
72	138	1.0
72	150	3.0
72	152	2.0
72	155	1.0
72	156	2.0
72	169	1.0
72	180	1.0
72	196	1.0
72	197	5.0
73	73	262.0
73	74	9.0
73	75	3.0
73	77	4.0
73	78	1.0
73	81	4.0
73	82	2.0
73	87	1.0
73	97	1.0
73	134	1.0
73	135	1.0
73	172	1.0
74	74	318.0
74	75	5.0
74	76	3.0
74	77	12.0
74	79	2.0
74	82	2.0
74	87	1.0
74	118	1.0
74	120	1.0
75	75	218.0
75	76	6.0
75	77	4.0
75	123	1.0
75	129	2.0
75	150	1.0
75	152	1.0
75	183	1.0
76	76	260.0
76	77	18.0
76	78	3.0
76	79	1.0
76	87	2.0
76	152	1.0
76	182	1.0
77	77	322.0
77	78	18.0
77	79	2.0
77	81	2.0
77	82	18.0
77	87	3.0
77	115	1.0
77	172	1.0
78	78	291.0
78	79	7.0
78	80	7.0
78	81	1.0
78	82	1.0
78	87	2.0
78	88	1.0
78	127	1.0
78	148	1.0
79	79	288.0
79	80	15.0
79	81	6.0
79	82	5.0
79	83	8.0
79	84	6.0
79	85	2.0
79	86	2.0
79	87	10.0
79	88	2.0
79	89	2.0
79	105	1.0
79	133	1.0
79	146	1.0
79	154	1.0
79	197	1.0
80	80	257.0
80	81	10.0
80	82	5.0
80	83	3.0
80	84	6.0
80	86	5.0
80	89	1.0
80	117	1.0
80	121	2.0
80	122	3.0
80	133	1.0
81	81	278.0
81	82	12.0
81	83	13.0
81	84	3.0
81	86	1.0
81	107	1.0
81	109	1.0
81	119	4.0
81	120	3.0
81	122	9.0
81	129	1.0
82	82	304.0
82	83	9.0
82	84	3.0
82	85	3.0
82	86	5.0
82	87	1.0
82	88	1.0
82	102	1.0
82	108	9.0
82	109	4.0
82	110	1.0
82	120	1.0
82	121	1.0
82	122	2.0
82	152	1.0
82	163	1.0
82	171	1.0
83	83	269.0
83	84	6.0
83	86	2.0
83	87	3.0
83	88	1.0
83	107	1.0
83	109	3.0
83	120	9.0
83	121	3.0
83	122	2.0
83	163	1.0
83	182	1.0
84	84	298.0
84	85	13.0
84	86	29.0
84	87	1.0
84	88	2.0
84	89	3.0
84	90	1.0
84	105	1.0
84	108	5.0
84	119	1.0
84	121	3.0
84	126	1.0
84	174	2.0
84	175	2.0
84	178	3.0
85	85	281.0
85	86	13.0
85	87	3.0
85	89	5.0
85	90	3.0
85	105	5.0
85	107	5.0
85	108	5.0
85	109	1.0
85	123	2.0
85	126	2.0
85	153	1.0
85	160	1.0
85	175	2.0
85	177	3.0
85	178	13.0
85	179	2.0
85	180	3.0
85	190	1.0
86	86	266.0
86	87	7.0
86	88	2.0
86	89	21.0
86	90	2.0
86	95	1.0
86	159	1.0
86	173	4.0
86	174	1.0
86	175	3.0
86	176	1.0
86	177	6.0
86	178	5.0
86	180	1.0
87	87	304.0
87	88	7.0
87	89	4.0
87	90	1.0
87	119	2.0
87	135	1.0
87	154	1.0
87	162	1.0
88	88	275.0
88	89	18.0
88	90	4.0
88	98	1.0
88	131	1.0
88	168	3.0
88	169	6.0
88	176	1.0
88	183	1.0
88	197	2.0
89	89	263.0
89	90	14.0
89	108	1.0
89	124	1.0
89	137	1.0
89	152	1.0
89	169	3.0
89	197	4.0
90	90	148.0
90	108	1.0
90	136	1.0
90	169	2.0
90	174	1.0
90	181	1.0
93	93	138.0
93	94	6.0
93	95	9.0
93	98	1.0
93	99	10.0
93	103	2.0
93	104	2.0
93	105	4.0
93	107	4.0
93	108	3.0
93	118	1.0
93	127	1.0
93	130	1.0
93	160	1.0
93	165	2.0
93	168	1.0
93	170	4.0
93	171	2.0
93	194	2.0
93	197	3.0
94	94	279.0
94	95	15.0
94	96	9.0
94	97	14.0
94	98	6.0
94	101	3.0
94	103	3.0
94	104	1.0
94	105	2.0
94	107	8.0
94	118	1.0
94	127	4.0
94	129	4.0
94	130	14.0
94	131	8.0
94	132	2.0
94	159	4.0
94	160	10.0
94	161	2.0
94	166	3.0
94	167	1.0
94	168	2.0
94	170	3.0
94	187	1.0
94	189	2.0
94	191	3.0
94	194	1.0
94	195	1.0
94	197	2.0
95	95	276.0
95	96	11.0
95	97	12.0
95	98	3.0
95	107	8.0
95	122	1.0
95	129	4.0
95	130	2.0
95	131	4.0
95	132	5.0
95	138	1.0
95	148	2.0
95	160	4.0
95	161	4.0
95	165	3.0
95	166	5.0
95	167	5.0
95	168	1.0
95	170	5.0
95	186	2.0
95	189	1.0
95	192	4.0
95	194	4.0
95	195	6.0
96	96	273.0
96	97	13.0
96	98	4.0
96	101	2.0
96	102	4.0
96	103	2.0
96	106	7.0
96	107	5.0
96	108	7.0
96	118	1.0
96	128	2.0
96	129	1.0
96	130	2.0
96	131	9.0
96	160	4.0
96	161	5.0
96	166	7.0
96	167	1.0
96	187	3.0
96	189	6.0
96	190	1.0
96	191	4.0
96	192	3.0
96	193	2.0
96	194	1.0
97	97	282.0
97	98	14.0
97	99	1.0
97	101	5.0
97	102	5.0
97	104	6.0
97	105	4.0
97	106	4.0
97	107	8.0
97	108	1.0
97	128	2.0
97	129	1.0
97	130	5.0
97	131	4.0
97	132	1.0
97	136	1.0
97	138	5.0
97	140	2.0
97	146	1.0
97	150	2.0
97	159	2.0
97	160	2.0
97	167	1.0
97	168	1.0
97	171	1.0
97	188	1.0
97	191	2.0
97	193	2.0
97	195	6.0
98	98	267.0
98	99	12.0
98	101	4.0
98	102	5.0
98	122	1.0
98	130	16.0
98	131	10.0
98	132	3.0
98	133	1.0
98	136	3.0
98	137	5.0
98	141	1.0
98	145	1.0
98	151	2.0
98	160	5.0
98	165	2.0
98	166	7.0
98	168	3.0
98	169	1.0
98	170	3.0
98	189	1.0
98	191	1.0
98	192	3.0
98	193	2.0
98	195	1.0
99	99	306.0
99	100	12.0
99	101	7.0
99	102	2.0
99	103	8.0
99	104	1.0
99	106	1.0
99	127	2.0
99	130	5.0
99	131	8.0
99	132	1.0
99	133	5.0
99	134	2.0
99	135	1.0
99	136	6.0
99	137	9.0
99	138	3.0
99	151	2.0
99	159	6.0
99	165	5.0
99	166	9.0
99	168	1.0
99	169	4.0
99	170	1.0
100	100	282.0
100	101	4.0
100	103	2.0
100	104	8.0
100	105	1.0
100	124	4.0
100	130	8.0
100	131	5.0
100	132	1.0
100	136	3.0
100	137	2.0
100	193	2.0
101	101	265.0
101	102	9.0
101	103	2.0
101	130	14.0
101	131	10.0
101	136	1.0
101	137	1.0
101	138	5.0
101	151	5.0
101	158	2.0
101	159	7.0
101	160	5.0
101	167	1.0
101	188	2.0
101	195	1.0
102	102	270.0
102	103	17.0
102	104	2.0
102	116	1.0
102	128	1.0
102	130	2.0
102	131	5.0
102	137	4.0
102	138	9.0
102	150	4.0
102	151	7.0
102	158	2.0
102	159	9.0
102	161	1.0
102	185	1.0
102	193	2.0
103	103	280.0
103	104	12.0
103	105	1.0
103	106	6.0
103	107	1.0
103	130	1.0
103	131	3.0
103	137	3.0
103	138	21.0
103	139	2.0
103	140	5.0
103	144	1.0
103	145	1.0
103	150	9.0
103	151	5.0
103	157	1.0
103	158	4.0
103	159	5.0
103	160	1.0
103	166	1.0
103	170	1.0
103	192	1.0
103	196	1.0
104	104	330.0
104	105	12.0
104	106	15.0
104	107	10.0
104	127	3.0
104	130	1.0
104	131	1.0
104	138	9.0
104	139	2.0
104	140	2.0
104	148	1.0
104	149	3.0
104	150	5.0
104	155	1.0
104	158	2.0
104	159	2.0
104	160	3.0
105	105	298.0
105	106	17.0
105	107	4.0
105	108	4.0
105	113	2.0
105	121	1.0
105	123	4.0
105	125	2.0
105	126	1.0
105	127	5.0
105	131	1.0
105	138	1.0
105	148	2.0
105	149	6.0
105	150	6.0
105	185	2.0
105	186	8.0
105	187	8.0
105	189	1.0
105	191	2.0
105	193	1.0
105	194	1.0
106	106	313.0
106	107	17.0
106	108	13.0
106	111	2.0
106	113	1.0
106	118	1.0
106	122	1.0
106	124	2.0
106	125	2.0
106	126	6.0
106	127	6.0
106	141	1.0
106	149	5.0
106	170	1.0
106	185	1.0
106	187	4.0
106	191	2.0
106	193	2.0
107	107	301.0
107	108	21.0
107	109	2.0
107	110	2.0
107	112	1.0
107	113	1.0
107	118	5.0
107	119	7.0
107	120	3.0
107	121	3.0
107	122	6.0
107	123	10.0
107	124	1.0
107	125	1.0
107	126	9.0
107	127	4.0
107	129	1.0
107	160	7.0
107	167	1.0
107	175	1.0
107	186	1.0
107	187	1.0
107	193	1.0
108	108	303.0
108	109	10.0
108	110	1.0
108	111	6.0
108	112	2.0
108	113	1.0
108	114	1.0
108	115	1.0
108	119	5.0
108	120	3.0
108	121	1.0
108	122	3.0
108	123	8.0
108	126	3.0
108	127	1.0
108	140	1.0
108	167	5.0
109	109	284.0
109	110	21.0
109	111	27.0
109	113	8.0
109	114	2.0
109	115	2.0
109	119	1.0
109	120	11.0
109	121	4.0
109	122	2.0
109	123	5.0
109	124	1.0
109	167	3.0
109	168	2.0
109	169	5.0
109	171	1.0
109	188	1.0
110	110	272.0
110	111	12.0
110	113	1.0
110	114	4.0
110	122	1.0
110	123	9.0
110	124	1.0
110	126	2.0
110	127	2.0
110	141	1.0
110	167	7.0
110	168	8.0
111	111	298.0
111	112	19.0
111	114	14.0
111	115	2.0
111	120	1.0
111	122	1.0
111	123	1.0
111	125	2.0
111	162	1.0
111	167	1.0
111	169	7.0
111	171	8.0
111	184	3.0
112	112	326.0
112	113	8.0
112	114	12.0
112	115	2.0
112	116	1.0
112	121	5.0
112	122	1.0
112	147	1.0
112	184	2.0
112	190	1.0
112	192	2.0
112	193	1.0
113	113	318.0
113	114	8.0
113	115	3.0
113	119	1.0
113	120	3.0
113	121	3.0
113	123	1.0
113	168	1.0
113	169	1.0
113	185	2.0
113	186	7.0
113	187	6.0
113	190	2.0
113	191	2.0
113	193	2.0
114	114	278.0
114	115	11.0
114	116	2.0
114	117	6.0
114	118	8.0
114	119	14.0
114	120	15.0
114	121	6.0
114	160	1.0
114	167	5.0
114	169	2.0
114	177	1.0
114	192	1.0
114	196	1.0
115	115	317.0
115	116	21.0
115	117	1.0
115	118	8.0
115	119	2.0
115	121	12.0
115	122	6.0
115	123	1.0
115	163	1.0
115	181	3.0
115	184	4.0
115	185	1.0
115	192	2.0
115	193	2.0
115	194	3.0
115	195	4.0
116	116	253.0
116	117	32.0
116	118	30.0
116	119	2.0
116	120	3.0
116	122	7.0
116	123	6.0
116	124	3.0
116	125	6.0
116	128	1.0
116	183	3.0
116	184	5.0
116	193	1.0
116	194	1.0
116	195	1.0
117	117	286.0
117	118	24.0
117	119	2.0
117	120	3.0
117	122	1.0
117	123	7.0
117	124	1.0
117	125	3.0
117	170	1.0
118	118	288.0
118	119	14.0
118	120	3.0
118	121	3.0
118	122	4.0
118	123	4.0
118	125	4.0
118	146	1.0
118	168	1.0
118	188	1.0
118	194	6.0
119	119	286.0
119	120	28.0
119	121	20.0
119	122	13.0
119	123	6.0
119	124	4.0
119	125	2.0
119	126	1.0
119	145	1.0
119	169	1.0
119	178	1.0
120	120	336.0
120	121	5.0
120	122	2.0
120	123	5.0
120	124	2.0
120	130	1.0
120	141	1.0
120	167	2.0
120	169	1.0
120	171	1.0
121	121	295.0
121	122	6.0
121	123	3.0
121	124	4.0
121	125	2.0
121	169	4.0
121	184	4.0
121	185	1.0
121	190	2.0
121	192	8.0
121	193	2.0
121	194	2.0
122	122	309.0
122	123	14.0
122	124	6.0
122	125	8.0
122	126	9.0
122	169	5.0
122	171	4.0
122	174	1.0
122	183	2.0
122	184	1.0
122	188	1.0
122	191	1.0
122	194	7.0
123	123	327.0
123	124	11.0
123	125	10.0
123	126	8.0
123	127	2.0
123	133	1.0
123	151	1.0
123	153	1.0
123	169	6.0
124	124	334.0
124	125	12.0
124	126	6.0
124	127	10.0
124	132	1.0
124	141	1.0
124	169	2.0
124	170	1.0
124	171	14.0
124	183	1.0
124	184	3.0
125	125	293.0
125	126	14.0
125	127	8.0
125	129	4.0
125	152	1.0
125	171	10.0
125	183	1.0
125	184	2.0
125	186	1.0
126	126	341.0
126	127	9.0
126	168	1.0
127	127	317.0
127	128	7.0
127	130	3.0
127	131	4.0
127	136	1.0
127	153	1.0
127	160	1.0
127	166	2.0
127	168	1.0
127	170	3.0
128	128	347.0
128	129	21.0
128	130	7.0
128	155	1.0
128	164	1.0
128	165	5.0
128	166	4.0
128	167	5.0
128	181	1.0
128	192	2.0
128	194	1.0
129	129	328.0
129	130	4.0
129	160	6.0
129	161	5.0
129	162	1.0
129	165	7.0
129	181	2.0
129	182	2.0
129	188	1.0
129	195	1.0
129	196	4.0
130	130	308.0
130	131	15.0
130	137	1.0
130	160	3.0
130	170	1.0
130	186	1.0
130	194	7.0
131	131	338.0
131	132	2.0
131	134	2.0
131	136	2.0
131	137	7.0
131	138	1.0
131	151	2.0
131	152	2.0
131	158	2.0
131	159	4.0
131	160	1.0
131	167	2.0
131	168	1.0
131	187	2.0
131	188	2.0
131	189	2.0
131	190	1.0
131	191	1.0
131	192	4.0
131	193	1.0
131	194	11.0
131	196	1.0
131	197	1.0
132	132	298.0
132	133	15.0
132	134	6.0
132	135	12.0
132	137	1.0
132	140	2.0
132	141	2.0
132	151	1.0
132	152	3.0
132	159	2.0
132	160	2.0
132	161	5.0
132	165	8.0
132	166	8.0
132	167	1.0
132	168	8.0
132	169	2.0
132	170	10.0
132	171	1.0
132	172	1.0
132	184	1.0
132	191	1.0
132	195	1.0
132	196	1.0
132	197	3.0
133	133	309.0
133	134	15.0
133	135	15.0
133	136	3.0
133	137	1.0
133	140	6.0
133	141	9.0
133	146	1.0
133	152	2.0
133	154	2.0
133	156	9.0
133	157	2.0
133	160	1.0
133	161	1.0
133	165	3.0
133	166	1.0
133	168	3.0
133	169	3.0
133	170	1.0
133	176	3.0
133	177	1.0
133	197	2.0
134	134	320.0
134	135	29.0
134	136	10.0
134	137	6.0
134	141	1.0
134	151	1.0
134	157	1.0
134	161	3.0
134	165	6.0
134	166	3.0
134	168	2.0
134	169	3.0
134	170	3.0
134	171	1.0
134	197	2.0
135	135	315.0
135	136	12.0
135	137	8.0
135	140	4.0
135	141	1.0
135	151	1.0
135	152	1.0
135	156	9.0
135	157	1.0
135	161	1.0
135	165	3.0
135	166	2.0
135	168	1.0
135	169	2.0
135	189	1.0
135	197	2.0
136	136	257.0
136	137	11.0
136	138	3.0
136	139	4.0
136	140	4.0
136	151	8.0
136	152	2.0
136	154	1.0
136	156	3.0
136	158	4.0
136	159	2.0
136	161	1.0
136	162	1.0
136	164	5.0
136	165	2.0
136	167	5.0
137	137	284.0
137	138	9.0
137	140	7.0
137	141	2.0
137	150	1.0
137	151	14.0
137	152	1.0
137	153	2.0
137	155	2.0
137	156	1.0
137	158	15.0
137	159	4.0
137	160	2.0
137	162	1.0
137	163	2.0
137	164	3.0
137	165	6.0
137	166	3.0
137	167	1.0
137	168	1.0
137	174	3.0
137	186	1.0
138	138	244.0
138	139	14.0
138	140	17.0
138	141	2.0
138	148	1.0
138	150	4.0
138	153	3.0
138	154	1.0
138	155	3.0
138	157	2.0
138	158	4.0
138	159	14.0
138	160	6.0
138	162	2.0
138	163	7.0
138	164	8.0
138	167	5.0
138	171	3.0
138	175	4.0
138	176	1.0
138	185	3.0
139	139	359.0
139	140	23.0
139	144	1.0
139	145	1.0
139	147	1.0
139	149	1.0
139	150	7.0
139	151	3.0
139	156	1.0
139	157	6.0
139	158	5.0
139	159	3.0
139	160	5.0
139	161	3.0
139	162	7.0
139	163	12.0
139	164	3.0
139	165	1.0
139	166	1.0
139	167	6.0
139	172	8.0
139	175	1.0
140	140	317.0
140	141	8.0
140	146	1.0
140	147	3.0
140	148	4.0
140	149	9.0
140	150	9.0
140	151	1.0
140	156	1.0
140	157	3.0
140	160	5.0
140	161	2.0
140	162	5.0
140	163	4.0
140	166	2.0
140	167	1.0
140	172	1.0
141	141	327.0
141	142	25.0
141	144	4.0
141	145	2.0
141	146	2.0
141	147	14.0
141	148	6.0
141	154	2.0
141	155	1.0
141	156	1.0
141	157	2.0
141	158	4.0
141	159	1.0
141	161	1.0
141	163	2.0
141	173	5.0
141	174	6.0
141	175	2.0
141	176	7.0
141	177	1.0
141	178	2.0
141	179	1.0
141	180	3.0
141	184	1.0
141	188	1.0
141	197	2.0
142	142	282.0
142	143	26.0
142	144	17.0
142	145	9.0
142	146	1.0
142	147	5.0
142	148	4.0
142	149	2.0
142	153	2.0
142	157	4.0
142	163	1.0
142	177	3.0
142	178	3.0
142	180	1.0
142	189	1.0
143	143	312.0
143	144	29.0
143	145	12.0
143	146	6.0
143	147	8.0
143	148	1.0
143	150	1.0
143	154	1.0
143	155	2.0
143	167	1.0
143	173	4.0
143	175	1.0
143	176	1.0
143	177	5.0
143	178	4.0
143	179	2.0
143	189	1.0
144	144	281.0
144	145	15.0
144	146	8.0
144	147	3.0
144	148	3.0
144	149	3.0
144	154	1.0
144	157	2.0
144	163	1.0
144	177	1.0
144	178	4.0
144	180	3.0
144	183	1.0
144	187	1.0
144	188	4.0
144	189	11.0
144	190	3.0
144	194	1.0
145	145	255.0
145	146	13.0
145	147	3.0
145	148	2.0
145	149	4.0
145	177	1.0
145	178	3.0
145	187	1.0
145	188	3.0
145	189	9.0
145	190	13.0
146	146	278.0
146	147	10.0
146	148	29.0
146	149	3.0
146	150	1.0
146	151	3.0
146	152	1.0
146	153	7.0
146	154	16.0
146	157	12.0
146	169	1.0
146	174	1.0
146	175	1.0
146	176	2.0
146	177	2.0
146	187	3.0
146	188	7.0
146	189	2.0
146	190	4.0
147	147	283.0
147	148	8.0
147	149	3.0
147	153	2.0
147	154	4.0
147	157	2.0
147	158	4.0
147	159	1.0
147	161	1.0
147	163	1.0
147	173	5.0
147	174	4.0
147	175	2.0
147	178	2.0
147	179	1.0
147	190	2.0
148	148	271.0
148	149	24.0
148	150	14.0
148	151	1.0
148	172	1.0
148	186	3.0
148	187	3.0
148	188	5.0
148	189	6.0
148	190	5.0
148	191	3.0
149	149	340.0
149	150	16.0
149	157	1.0
149	185	1.0
149	186	4.0
150	150	301.0
150	151	10.0
150	152	3.0
150	153	2.0
150	154	3.0
150	156	3.0
150	157	6.0
150	159	3.0
150	160	2.0
151	151	273.0
151	152	12.0
151	153	3.0
151	154	2.0
151	155	3.0
151	157	7.0
151	158	13.0
151	159	2.0
151	160	1.0
152	152	246.0
152	153	27.0
152	155	12.0
152	156	16.0
152	157	1.0
152	158	1.0
152	164	1.0
152	168	1.0
152	197	1.0
153	153	294.0
153	154	7.0
153	155	17.0
153	156	11.0
153	157	3.0
153	164	2.0
153	177	1.0
153	182	1.0
154	154	312.0
154	155	11.0
154	156	17.0
154	157	7.0
154	163	1.0
154	166	1.0
154	171	1.0
154	173	1.0
154	174	1.0
154	176	1.0
154	177	4.0
155	155	283.0
155	156	17.0
155	157	6.0
155	158	2.0
155	163	2.0
155	173	3.0
155	174	1.0
155	175	2.0
155	176	2.0
156	156	328.0
156	157	16.0
156	158	7.0
156	161	1.0
156	164	2.0
156	169	2.0
156	173	5.0
156	174	1.0
156	175	2.0
156	177	3.0
156	197	2.0
157	157	309.0
157	158	17.0
157	159	2.0
157	161	1.0
157	163	1.0
157	164	1.0
157	171	1.0
157	172	1.0
157	173	3.0
157	174	4.0
157	175	2.0
157	176	2.0
157	177	1.0
158	158	298.0
158	159	15.0
158	160	2.0
158	161	4.0
158	162	2.0
158	163	5.0
158	164	16.0
158	166	1.0
158	167	5.0
158	172	2.0
158	173	3.0
158	174	13.0
158	175	4.0
158	184	1.0
158	185	2.0
158	195	1.0
159	159	271.0
159	160	5.0
159	161	2.0
159	163	1.0
159	164	3.0
159	167	8.0
159	170	4.0
159	172	4.0
159	173	1.0
159	174	3.0
159	175	5.0
159	180	1.0
159	182	1.0
159	185	6.0
159	186	4.0
159	191	2.0
160	160	306.0
160	161	14.0
160	162	4.0
160	163	3.0
160	165	1.0
160	166	2.0
160	167	1.0
160	168	2.0
160	169	1.0
160	171	10.0
160	172	10.0
160	173	1.0
160	184	1.0
160	185	1.0
161	161	313.0
161	162	23.0
161	163	7.0
161	164	6.0
161	165	13.0
161	166	3.0
161	167	6.0
161	168	2.0
161	170	2.0
161	171	9.0
161	172	1.0
162	162	247.0
162	163	24.0
162	164	7.0
162	165	3.0
162	166	9.0
162	167	6.0
162	172	4.0
162	175	1.0
163	163	288.0
163	164	10.0
163	165	1.0
163	166	4.0
163	167	3.0
163	168	4.0
163	171	5.0
163	172	1.0
163	174	3.0
163	175	1.0
163	180	1.0
164	164	263.0
164	165	5.0
164	166	14.0
164	167	2.0
164	168	1.0
164	171	1.0
164	172	1.0
164	174	5.0
164	175	4.0
164	184	2.0
165	165	270.0
165	166	32.0
165	167	4.0
165	168	8.0
165	169	2.0
165	170	1.0
165	172	2.0
165	186	1.0
166	166	277.0
166	167	3.0
166	168	2.0
166	169	3.0
166	170	5.0
166	172	1.0
167	167	275.0
167	168	11.0
167	170	8.0
167	171	3.0
167	172	8.0
167	185	4.0
167	194	1.0
167	195	1.0
168	168	253.0
168	169	8.0
168	170	6.0
168	171	8.0
168	172	7.0
168	184	1.0
168	194	2.0
169	169	304.0
169	170	4.0
169	171	18.0
169	183	2.0
169	197	2.0
170	170	304.0
170	171	14.0
170	172	15.0
170	182	2.0
170	183	3.0
170	194	7.0
170	195	7.0
170	197	2.0
171	171	303.0
171	172	18.0
171	194	4.0
171	195	2.0
172	172	295.0
172	173	5.0
172	174	6.0
172	175	7.0
172	176	2.0
172	178	1.0
172	179	2.0
172	181	1.0
172	183	2.0
172	184	7.0
172	185	3.0
172	186	4.0
172	187	1.0
172	188	1.0
173	173	291.0
173	174	16.0
173	175	15.0
173	176	14.0
173	177	12.0
173	178	6.0
173	179	1.0
173	180	1.0
173	182	1.0
173	183	3.0
173	184	4.0
173	185	3.0
174	174	272.0
174	175	9.0
174	176	13.0
174	177	6.0
174	178	6.0
174	179	4.0
174	180	2.0
174	181	4.0
174	182	1.0
174	183	1.0
174	184	5.0
174	185	3.0
174	186	2.0
175	175	285.0
175	176	5.0
175	177	3.0
175	178	6.0
175	179	2.0
175	180	8.0
175	182	1.0
175	184	5.0
175	185	2.0
176	176	269.0
176	177	29.0
176	178	6.0
176	179	2.0
176	180	6.0
176	183	6.0
176	184	5.0
176	185	1.0
177	177	305.0
177	178	19.0
177	179	4.0
177	180	8.0
177	182	2.0
177	183	3.0
177	184	1.0
178	178	294.0
178	179	11.0
178	180	19.0
178	181	3.0
178	182	3.0
179	179	298.0
179	180	24.0
179	181	25.0
179	182	15.0
179	183	6.0
179	195	1.0
179	197	1.0
180	180	302.0
180	181	7.0
180	182	9.0
180	183	5.0
180	184	1.0
180	186	1.0
181	181	270.0
181	182	17.0
181	183	8.0
181	184	23.0
181	185	11.0
181	186	9.0
181	194	1.0
181	195	3.0
181	196	1.0
181	197	6.0
182	182	292.0
182	183	24.0
182	184	5.0
182	185	7.0
182	186	2.0
182	195	1.0
182	197	3.0
183	183	332.0
183	184	20.0
183	185	7.0
183	186	1.0
183	194	1.0
183	195	1.0
183	196	2.0
183	197	1.0
184	184	299.0
184	185	14.0
184	186	1.0
184	191	1.0
184	192	1.0
184	194	7.0
184	195	7.0
184	196	5.0
184	197	4.0
185	185	303.0
185	186	11.0
185	190	2.0
185	191	10.0
185	193	9.0
185	194	5.0
185	196	2.0
185	197	1.0
186	186	272.0
186	187	23.0
186	188	3.0
186	189	8.0
186	190	18.0
186	191	12.0
186	192	5.0
186	193	1.0
186	194	1.0
186	195	1.0
187	187	317.0
187	188	32.0
187	189	17.0
187	190	13.0
187	191	9.0
187	192	6.0
187	195	1.0
188	188	298.0
188	189	10.0
188	190	15.0
188	191	6.0
188	192	8.0
188	193	3.0
189	189	312.0
189	190	12.0
189	191	12.0
189	192	4.0
189	193	1.0
190	190	275.0
190	191	14.0
190	192	5.0
190	193	3.0
191	191	300.0
191	192	13.0
191	193	11.0
191	194	3.0
191	195	2.0
191	197	1.0
192	192	295.0
192	193	17.0
192	194	1.0
193	193	355.0
193	194	12.0
193	195	5.0
193	196	2.0
194	194	363.0
194	195	21.0
194	196	17.0
194	197	5.0
195	195	245.0
195	196	10.0
195	197	4.0
196	196	304.0
196	197	17.0
197	197	229.0
199	1	13.0
199	2	9.0
199	3	4.0
199	4	7.0
199	5	4.0
199	6	5.0
199	7	2.0
199	9	1.0
199	13	12.0
199	14	1.0
199	15	3.0
199	43	1.0
199	63	4.0
199	68	1.0
199	69	5.0
199	71	2.0
199	72	8.0
199	73	10.0
199	74	5.0
199	75	6.0
199	76	6.0
199	77	1.0
199	150	3.0
199	153	2.0
199	155	1.0
199	156	5.0
199	181	1.0
199	183	2.0
199	184	1.0
199	185	2.0
199	192	1.0
199	194	1.0
199	195	1.0
199	196	3.0
199	197	1.0
199	199	253.0
