1	1	565.0
1	2	14.0
1	40	2.0
1	92	1.0
1	105	1.0
1	114	1.0
1	137	1.0
1	166	1.0
1	179	1.0
2	2	551.0
2	3	6.0
2	23	1.0
2	29	1.0
2	90	1.0
2	162	1.0
2	177	1.0
2	181	2.0
2	184	1.0
3	3	611.0
3	4	10.0
3	5	11.0
3	6	15.0
3	7	9.0
3	9	4.0
3	40	1.0
3	54	1.0
3	58	2.0
4	4	499.0
4	5	33.0
4	6	10.0
4	7	3.0
4	8	2.0
4	9	2.0
4	21	1.0
4	32	1.0
4	119	1.0
4	128	1.0
5	5	509.0
5	6	30.0
5	7	9.0
5	8	4.0
5	26	9.0
5	37	1.0
5	44	1.0
5	61	1.0
5	69	1.0
5	108	1.0
5	134	1.0
5	182	1.0
5	186	1.0
6	6	574.0
6	7	27.0
6	8	8.0
6	9	1.0
6	15	1.0
6	16	1.0
6	26	3.0
6	27	2.0
6	69	1.0
6	144	1.0
6	146	1.0
6	152	2.0
6	153	1.0
6	160	1.0
7	7	650.0
7	8	29.0
7	38	1.0
7	44	1.0
7	57	1.0
7	72	1.0
7	88	1.0
7	108	2.0
7	109	1.0
7	110	1.0
7	114	4.0
7	115	1.0
7	139	1.0
7	140	1.0
7	161	1.0
8	8	573.0
8	9	11.0
8	54	2.0
8	55	3.0
8	56	1.0
8	99	1.0
8	105	1.0
8	110	6.0
8	111	1.0
8	113	3.0
8	114	2.0
8	122	1.0
8	137	1.0
9	9	329.0
9	10	9.0
9	13	3.0
9	14	16.0
9	15	1.0
9	48	1.0
9	55	4.0
9	56	7.0
9	57	2.0
9	86	1.0
9	87	11.0
9	88	2.0
9	89	3.0
9	103	1.0
9	110	2.0
9	111	1.0
9	112	3.0
9	113	3.0
9	156	1.0
10	10	502.0
10	11	42.0
10	12	24.0
10	13	5.0
10	14	17.0
10	15	3.0
10	20	1.0
10	22	1.0
10	30	1.0
10	61	1.0
10	79	4.0
10	87	4.0
10	88	1.0
10	89	31.0
10	90	3.0
10	91	8.0
10	95	2.0
10	110	1.0
10	113	1.0
10	117	5.0
10	118	1.0
10	120	1.0
10	153	2.0
11	11	472.0
11	12	31.0
11	13	7.0
11	14	2.0
11	15	4.0
11	47	1.0
11	72	1.0
11	79	2.0
11	87	1.0
11	88	12.0
11	89	10.0
11	90	15.0
11	91	1.0
11	95	3.0
11	96	3.0
11	97	2.0
11	111	3.0
11	115	3.0
11	116	18.0
11	117	4.0
11	118	1.0
11	153	1.0
12	12	447.0
12	13	21.0
12	14	18.0
12	15	6.0
12	42	1.0
12	44	1.0
12	46	1.0
12	49	1.0
12	76	1.0
12	79	5.0
12	88	6.0
12	89	10.0
12	96	1.0
12	109	1.0
12	111	2.0
12	116	7.0
12	117	14.0
12	118	14.0
12	119	6.0
12	131	1.0
13	13	455.0
13	14	38.0
13	15	20.0
13	17	1.0
13	24	2.0
13	26	1.0
13	30	1.0
13	31	1.0
13	55	1.0
13	79	14.0
13	80	5.0
13	81	2.0
13	87	2.0
13	88	1.0
13	89	7.0
13	112	1.0
13	115	2.0
13	116	1.0
13	117	4.0
13	118	9.0
13	119	4.0
13	122	1.0
13	154	1.0
13	159	1.0
13	161	1.0
13	171	1.0
13	179	1.0
13	180	1.0
14	14	436.0
14	15	20.0
14	66	1.0
14	80	3.0
14	87	1.0
14	88	1.0
14	89	1.0
14	96	1.0
14	111	6.0
14	112	4.0
14	113	2.0
14	115	1.0
14	119	5.0
14	129	1.0
14	143	2.0
14	168	1.0
14	183	1.0
15	15	420.0
15	16	19.0
15	17	4.0
15	19	8.0
15	21	1.0
15	24	4.0
15	43	1.0
15	49	1.0
15	80	4.0
15	81	2.0
15	88	1.0
15	89	2.0
15	95	1.0
15	109	1.0
15	111	2.0
15	112	4.0
15	117	4.0
15	118	4.0
15	119	1.0
15	151	1.0
15	176	1.0
16	16	494.0
16	17	44.0
16	18	8.0
16	19	6.0
16	20	12.0
16	27	4.0
16	28	3.0
16	29	2.0
16	30	1.0
16	31	1.0
16	32	4.0
16	36	1.0
16	48	8.0
16	49	3.0
16	112	1.0
16	141	1.0
16	142	5.0
16	143	1.0
16	144	1.0
16	145	1.0
16	146	1.0
16	156	2.0
16	185	1.0
17	17	504.0
17	18	34.0
17	19	20.0
17	20	21.0
17	21	1.0
17	24	10.0
17	25	3.0
17	26	1.0
17	27	7.0
17	29	12.0
17	31	1.0
17	49	4.0
17	62	1.0
17	78	2.0
17	82	1.0
17	88	1.0
17	114	1.0
17	138	1.0
17	144	3.0
17	145	6.0
18	18	461.0
18	19	28.0
18	20	24.0
18	23	4.0
18	24	13.0
18	25	6.0
18	27	2.0
18	29	21.0
18	36	1.0
18	42	1.0
18	48	1.0
18	79	1.0
18	80	7.0
18	82	4.0
18	101	1.0
18	134	1.0
18	145	4.0
19	19	413.0
19	20	30.0
19	21	9.0
19	23	7.0
19	24	8.0
19	25	1.0
19	29	5.0
19	36	1.0
19	49	1.0
19	80	6.0
19	81	8.0
19	82	6.0
19	83	4.0
19	117	2.0
19	144	2.0
19	145	2.0
19	159	2.0
19	168	1.0
19	170	1.0
19	183	1.0
19	187	2.0
20	20	461.0
20	21	15.0
20	22	6.0
20	23	1.0
20	24	2.0
20	29	8.0
20	37	1.0
20	66	1.0
20	80	2.0
20	84	10.0
20	85	10.0
20	103	2.0
20	145	2.0
20	172	1.0
20	173	1.0
21	21	434.0
21	22	31.0
21	74	2.0
21	76	1.0
21	77	1.0
21	83	1.0
21	84	10.0
21	85	15.0
21	108	1.0
21	114	1.0
21	145	10.0
21	146	6.0
21	147	13.0
21	148	5.0
21	170	1.0
21	178	1.0
21	180	3.0
21	181	17.0
21	182	1.0
22	22	473.0
22	23	2.0
22	25	1.0
22	26	1.0
22	48	1.0
22	76	2.0
22	77	6.0
22	81	3.0
22	82	8.0
22	83	2.0
22	84	2.0
22	85	2.0
22	108	1.0
22	130	1.0
22	147	9.0
22	148	5.0
22	149	3.0
22	163	1.0
22	164	1.0
22	180	1.0
22	181	3.0
23	23	469.0
23	24	33.0
23	25	6.0
23	26	1.0
23	28	1.0
23	29	8.0
23	49	1.0
23	78	4.0
23	79	1.0
23	81	6.0
23	82	29.0
23	83	6.0
23	84	6.0
23	85	6.0
23	86	1.0
23	101	1.0
23	112	1.0
23	140	1.0
23	148	4.0
23	149	5.0
23	150	2.0
23	159	3.0
23	174	1.0
24	24	520.0
24	25	16.0
24	26	6.0
24	27	5.0
24	28	1.0
24	29	11.0
24	37	1.0
24	49	1.0
24	79	1.0
24	80	11.0
24	81	1.0
24	82	3.0
24	83	3.0
24	89	1.0
24	104	1.0
24	110	1.0
24	117	1.0
24	120	1.0
24	145	2.0
24	149	5.0
24	150	3.0
24	158	1.0
24	183	1.0
25	25	504.0
25	26	22.0
25	27	29.0
25	28	14.0
25	29	15.0
25	33	1.0
25	34	2.0
25	36	4.0
25	37	1.0
25	38	1.0
25	48	4.0
25	56	1.0
25	74	1.0
25	80	6.0
25	81	1.0
25	83	1.0
25	119	1.0
25	120	1.0
25	139	1.0
25	148	3.0
25	149	15.0
25	150	3.0
25	151	3.0
25	157	2.0
25	161	3.0
25	170	1.0
25	188	1.0
26	26	528.0
26	27	13.0
26	28	5.0
26	29	15.0
26	30	6.0
26	31	5.0
26	32	3.0
26	33	2.0
26	34	2.0
26	39	1.0
26	81	2.0
26	103	2.0
26	109	1.0
26	134	1.0
26	135	1.0
26	153	1.0
26	155	1.0
26	164	2.0
26	170	1.0
26	172	2.0
26	186	1.0
26	190	1.0
27	27	419.0
27	28	14.0
27	29	21.0
27	30	27.0
27	31	3.0
27	32	15.0
27	34	8.0
27	36	2.0
27	37	4.0
27	48	7.0
27	49	2.0
27	76	1.0
27	82	1.0
27	118	2.0
27	121	1.0
27	149	2.0
27	157	1.0
27	158	4.0
27	171	1.0
27	178	1.0
28	28	465.0
28	29	17.0
28	30	27.0
28	31	17.0
28	32	4.0
28	34	1.0
28	36	2.0
28	48	7.0
28	49	5.0
28	84	1.0
28	92	1.0
28	94	1.0
28	101	1.0
28	149	6.0
28	150	1.0
28	151	2.0
29	29	375.0
29	30	9.0
29	36	1.0
29	48	5.0
29	49	4.0
29	81	1.0
29	100	1.0
29	112	1.0
29	150	1.0
29	157	2.0
29	174	1.0
29	175	1.0
30	30	437.0
30	31	26.0
30	32	28.0
30	33	13.0
30	34	17.0
30	35	1.0
30	48	7.0
30	49	2.0
30	65	1.0
30	70	1.0
30	91	1.0
30	103	1.0
30	154	1.0
30	157	1.0
31	31	404.0
31	32	42.0
31	33	20.0
31	34	6.0
31	35	1.0
31	36	6.0
31	47	3.0
31	48	3.0
31	49	1.0
31	75	1.0
31	76	1.0
31	87	1.0
31	136	1.0
31	146	1.0
31	163	1.0
31	167	1.0
31	189	1.0
32	32	377.0
32	33	37.0
32	34	10.0
32	35	6.0
32	36	1.0
32	40	1.0
32	47	6.0
32	48	7.0
32	70	1.0
32	91	1.0
32	149	1.0
32	155	13.0
32	156	2.0
32	158	11.0
33	33	436.0
33	34	31.0
33	35	26.0
33	36	11.0
33	37	1.0
33	45	1.0
33	47	8.0
33	89	1.0
33	94	2.0
33	108	1.0
33	122	1.0
33	155	5.0
33	185	1.0
33	190	2.0
34	34	417.0
34	35	36.0
34	36	26.0
34	37	4.0
34	48	1.0
34	57	1.0
34	73	1.0
34	74	1.0
34	87	1.0
34	92	1.0
34	188	1.0
35	35	430.0
35	36	24.0
35	37	8.0
35	38	8.0
35	44	1.0
35	155	1.0
36	36	462.0
36	37	39.0
36	42	1.0
36	48	1.0
36	61	2.0
36	71	2.0
36	72	1.0
36	73	1.0
36	74	3.0
36	75	2.0
36	76	11.0
36	129	1.0
36	134	1.0
36	154	1.0
36	155	4.0
36	166	1.0
36	170	1.0
37	37	480.0
37	38	24.0
37	40	1.0
37	42	1.0
37	57	5.0
37	58	2.0
37	69	1.0
37	71	1.0
37	72	1.0
37	76	2.0
37	163	1.0
38	38	501.0
38	39	34.0
38	40	16.0
38	41	5.0
38	47	1.0
38	58	4.0
38	76	1.0
38	102	1.0
38	104	1.0
38	127	1.0
38	137	1.0
38	153	1.0
38	167	1.0
38	168	1.0
39	39	441.0
39	40	26.0
39	41	6.0
39	56	1.0
39	58	1.0
39	71	2.0
39	107	1.0
39	111	2.0
39	116	1.0
39	122	1.0
39	126	1.0
39	151	1.0
39	170	1.0
39	173	1.0
40	40	419.0
40	41	18.0
40	42	1.0
40	45	1.0
40	48	3.0
40	55	2.0
40	56	2.0
40	57	7.0
40	59	1.0
40	60	1.0
40	62	4.0
40	66	1.0
40	73	1.0
40	95	1.0
40	140	1.0
40	148	1.0
40	156	1.0
40	160	1.0
40	178	1.0
40	187	1.0
41	41	443.0
41	42	22.0
41	44	1.0
41	49	1.0
41	56	2.0
41	57	5.0
41	58	2.0
41	59	7.0
41	60	8.0
41	61	6.0
41	62	22.0
41	63	4.0
41	64	4.0
41	65	2.0
41	67	2.0
41	68	2.0
41	87	1.0
41	161	1.0
42	42	451.0
42	43	8.0
42	44	6.0
42	45	1.0
42	48	6.0
42	59	1.0
42	60	3.0
42	61	1.0
42	62	7.0
42	64	10.0
42	65	11.0
42	66	5.0
42	67	9.0
42	68	7.0
42	79	1.0
42	82	2.0
42	83	1.0
42	84	8.0
42	85	3.0
42	123	3.0
42	124	4.0
42	127	2.0
42	128	4.0
42	137	1.0
42	146	1.0
43	43	447.0
43	44	42.0
43	45	14.0
43	46	9.0
43	47	8.0
43	54	1.0
43	65	1.0
43	66	3.0
43	67	2.0
43	68	1.0
43	78	1.0
43	81	3.0
43	82	3.0
43	83	13.0
43	84	3.0
44	44	420.0
44	45	13.0
44	46	26.0
44	47	13.0
44	67	1.0
44	78	1.0
44	83	3.0
44	84	2.0
44	92	1.0
44	116	1.0
44	127	1.0
44	151	1.0
44	168	1.0
44	190	1.0
45	45	388.0
45	46	28.0
45	47	28.0
45	146	1.0
46	46	476.0
46	47	31.0
46	48	3.0
46	60	2.0
46	86	1.0
46	108	1.0
46	129	1.0
46	168	1.0
47	47	480.0
47	48	4.0
47	67	2.0
47	83	1.0
47	84	2.0
47	86	1.0
47	95	1.0
47	122	1.0
47	150	1.0
48	48	433.0
48	49	3.0
48	59	1.0
48	61	3.0
48	63	2.0
48	65	4.0
48	66	1.0
48	68	1.0
48	78	1.0
48	84	13.0
48	85	15.0
48	100	1.0
48	166	1.0
48	167	1.0
49	49	212.0
49	54	1.0
49	57	1.0
49	74	1.0
49	87	1.0
49	92	1.0
49	110	1.0
49	114	1.0
49	115	1.0
49	125	1.0
49	127	1.0
49	132	1.0
49	139	1.0
49	142	1.0
49	155	1.0
49	185	1.0
52	52	155.0
52	53	3.0
52	178	1.0
53	53	449.0
53	54	25.0
53	55	24.0
53	56	5.0
53	57	1.0
53	60	1.0
53	94	1.0
53	124	1.0
53	143	1.0
53	173	1.0
53	187	1.0
53	188	1.0
54	54	510.0
54	55	30.0
54	56	2.0
54	60	1.0
54	93	1.0
54	104	1.0
54	106	1.0
55	55	489.0
55	56	35.0
55	57	5.0
55	111	1.0
55	123	1.0
55	144	1.0
55	185	1.0
56	56	418.0
56	57	31.0
56	59	4.0
56	60	16.0
56	61	5.0
56	62	2.0
56	63	4.0
56	86	1.0
56	87	4.0
56	96	2.0
56	109	2.0
56	175	1.0
56	183	1.0
57	57	497.0
57	58	15.0
57	59	8.0
57	60	20.0
57	61	2.0
57	62	3.0
57	87	1.0
57	175	5.0
57	176	1.0
57	177	1.0
57	184	13.0
57	185	1.0
57	187	1.0
57	188	1.0
58	58	438.0
58	59	32.0
58	60	30.0
58	61	4.0
58	62	9.0
58	63	6.0
58	69	32.0
58	70	6.0
58	71	1.0
58	75	1.0
58	76	1.0
58	77	2.0
58	80	1.0
58	87	1.0
58	127	1.0
58	142	2.0
58	144	1.0
58	174	3.0
58	175	8.0
58	177	2.0
58	179	8.0
58	190	1.0
59	59	400.0
59	60	34.0
59	61	21.0
59	62	9.0
59	63	10.0
59	65	5.0
59	68	1.0
59	69	5.0
59	71	2.0
59	76	1.0
59	79	1.0
59	92	1.0
59	99	1.0
59	100	2.0
59	135	2.0
59	157	6.0
59	158	1.0
59	174	4.0
59	175	3.0
59	179	4.0
60	60	424.0
60	61	52.0
60	62	14.0
60	63	29.0
60	64	4.0
60	75	1.0
60	86	1.0
60	120	1.0
60	122	1.0
60	157	1.0
60	174	1.0
60	175	1.0
60	179	2.0
61	61	405.0
61	62	24.0
61	63	23.0
61	64	7.0
61	65	3.0
61	66	1.0
61	68	1.0
61	69	1.0
61	83	1.0
61	87	1.0
61	91	2.0
61	102	1.0
61	104	1.0
61	157	1.0
61	158	11.0
61	179	1.0
62	62	425.0
62	63	32.0
62	64	7.0
62	66	1.0
62	87	1.0
62	111	1.0
62	113	1.0
62	131	1.0
62	140	1.0
62	157	5.0
62	158	3.0
62	174	1.0
63	63	442.0
63	64	8.0
63	65	3.0
63	68	1.0
63	69	5.0
63	72	1.0
63	87	2.0
63	89	1.0
63	95	1.0
63	106	1.0
63	117	1.0
63	135	1.0
63	156	6.0
63	157	4.0
63	158	11.0
63	163	1.0
64	64	396.0
64	65	6.0
64	66	5.0
64	67	13.0
64	68	18.0
64	76	2.0
64	83	2.0
64	84	3.0
64	87	2.0
64	128	3.0
64	140	1.0
64	141	1.0
64	157	1.0
64	170	1.0
64	178	1.0
65	65	395.0
65	66	23.0
65	67	18.0
65	68	6.0
65	82	1.0
65	84	2.0
65	85	5.0
65	121	1.0
65	123	2.0
65	124	6.0
65	125	5.0
65	127	2.0
65	128	6.0
65	154	2.0
65	158	1.0
65	159	1.0
65	170	1.0
65	175	1.0
65	182	1.0
66	66	388.0
66	67	31.0
66	68	11.0
66	83	8.0
66	84	11.0
66	123	1.0
66	124	6.0
66	125	2.0
66	128	3.0
66	145	1.0
66	156	1.0
66	186	1.0
67	67	425.0
67	68	7.0
67	82	4.0
67	83	11.0
67	84	6.0
67	85	3.0
67	124	1.0
67	128	1.0
67	130	1.0
67	158	1.0
68	68	452.0
68	69	13.0
68	70	4.0
68	71	3.0
68	72	2.0
68	73	1.0
68	84	2.0
68	87	14.0
68	88	7.0
68	107	1.0
68	122	7.0
68	124	1.0
68	127	3.0
68	128	7.0
68	129	1.0
68	166	1.0
69	69	431.0
69	70	11.0
69	71	5.0
69	72	5.0
69	73	2.0
69	76	3.0
69	85	1.0
69	87	3.0
69	122	7.0
69	128	1.0
69	149	1.0
69	157	1.0
69	187	1.0
70	70	400.0
70	71	40.0
70	72	5.0
70	73	13.0
70	74	17.0
70	75	7.0
70	76	5.0
70	87	1.0
70	89	8.0
70	90	1.0
70	120	1.0
70	127	1.0
70	128	1.0
70	140	2.0
70	158	1.0
70	166	1.0
70	186	1.0
71	71	457.0
71	72	14.0
71	73	4.0
71	74	7.0
71	75	10.0
71	76	7.0
71	79	1.0
71	82	1.0
71	84	1.0
71	87	2.0
71	138	1.0
71	178	1.0
72	72	488.0
72	73	33.0
72	74	22.0
72	75	5.0
72	76	10.0
72	82	1.0
72	90	1.0
72	92	1.0
72	99	1.0
72	118	4.0
72	127	1.0
72	156	2.0
72	158	1.0
72	173	2.0
72	176	1.0
73	73	470.0
73	74	9.0
73	86	1.0
73	89	3.0
73	90	8.0
73	94	1.0
73	118	4.0
73	119	2.0
73	120	1.0
73	122	1.0
73	137	1.0
73	138	1.0
73	157	1.0
73	160	1.0
73	163	1.0
73	167	1.0
74	74	477.0
74	75	28.0
74	76	22.0
74	80	1.0
74	90	1.0
74	119	1.0
74	124	1.0
74	126	1.0
74	147	1.0
74	154	1.0
74	155	4.0
74	156	2.0
74	180	1.0
75	75	489.0
75	76	26.0
75	165	1.0
75	177	1.0
75	178	3.0
75	179	5.0
75	180	3.0
75	186	1.0
76	76	392.0
76	77	2.0
76	87	1.0
76	95	1.0
76	111	1.0
76	126	1.0
76	178	7.0
76	179	7.0
76	180	10.0
76	181	2.0
76	185	1.0
77	77	507.0
77	78	8.0
77	85	1.0
77	87	5.0
77	88	8.0
77	89	5.0
77	90	1.0
77	120	1.0
77	121	1.0
77	122	8.0
77	123	13.0
77	125	2.0
77	126	11.0
77	127	10.0
77	128	8.0
77	151	1.0
77	157	1.0
77	171	3.0
77	174	3.0
77	178	2.0
77	179	1.0
77	180	1.0
77	181	7.0
77	182	2.0
78	78	499.0
78	79	16.0
78	80	5.0
78	81	2.0
78	82	9.0
78	83	5.0
78	89	1.0
78	94	1.0
78	107	1.0
78	123	5.0
78	124	3.0
78	125	11.0
78	126	12.0
78	130	1.0
78	174	2.0
78	175	1.0
78	178	1.0
79	79	481.0
79	80	22.0
79	81	22.0
79	82	2.0
79	87	2.0
79	88	1.0
79	89	9.0
79	90	1.0
79	91	1.0
79	111	1.0
79	117	14.0
79	118	4.0
79	119	10.0
79	136	1.0
79	183	3.0
80	80	404.0
80	81	25.0
80	82	1.0
80	87	2.0
80	89	3.0
80	117	6.0
80	118	4.0
80	128	1.0
80	132	1.0
80	138	1.0
80	170	1.0
81	81	482.0
81	82	16.0
81	83	17.0
81	94	1.0
81	117	6.0
81	118	4.0
81	119	2.0
82	82	474.0
82	83	37.0
82	84	2.0
82	85	7.0
82	86	1.0
82	124	13.0
82	125	1.0
82	180	1.0
82	182	3.0
82	183	1.0
83	83	478.0
83	84	12.0
83	85	13.0
83	86	1.0
83	96	1.0
83	118	1.0
83	124	4.0
83	130	2.0
83	133	1.0
83	156	1.0
84	84	442.0
84	85	37.0
84	87	1.0
84	113	1.0
84	124	1.0
84	125	1.0
84	137	1.0
84	152	1.0
84	181	7.0
84	182	7.0
85	85	478.0
85	86	20.0
85	89	1.0
85	109	1.0
85	111	1.0
85	133	1.0
85	182	1.0
86	86	451.0
86	87	10.0
86	99	1.0
86	119	1.0
86	123	1.0
86	127	1.0
86	150	1.0
87	87	458.0
87	88	16.0
87	89	3.0
87	111	1.0
87	114	1.0
87	122	4.0
87	123	4.0
87	127	2.0
87	172	1.0
88	88	441.0
88	89	22.0
88	98	1.0
88	99	1.0
88	109	2.0
88	110	1.0
88	111	4.0
88	113	6.0
88	115	2.0
88	116	13.0
88	117	1.0
88	118	6.0
88	119	8.0
88	120	3.0
88	122	4.0
88	123	2.0
88	126	5.0
88	127	6.0
88	128	5.0
88	134	1.0
88	135	1.0
88	171	3.0
88	173	2.0
88	179	1.0
88	187	1.0
89	89	458.0
89	90	5.0
89	91	1.0
89	92	1.0
89	96	1.0
89	117	1.0
89	118	4.0
89	119	4.0
89	120	15.0
89	121	2.0
89	122	2.0
89	126	5.0
89	128	5.0
89	129	1.0
89	170	15.0
89	173	1.0
90	90	422.0
90	91	24.0
90	92	15.0
90	93	3.0
90	94	5.0
90	95	13.0
90	96	19.0
90	97	6.0
90	101	1.0
90	109	1.0
90	111	1.0
90	116	2.0
90	118	8.0
90	119	3.0
90	120	1.0
90	128	2.0
90	129	1.0
90	170	1.0
90	176	1.0
90	184	1.0
91	91	407.0
91	92	8.0
91	93	17.0
91	94	20.0
91	95	8.0
91	96	2.0
91	97	15.0
91	98	1.0
91	99	2.0
91	103	2.0
91	117	2.0
91	121	2.0
91	129	6.0
91	130	15.0
91	131	3.0
91	165	1.0
91	169	7.0
91	176	11.0
91	177	1.0
91	181	1.0
91	183	1.0
91	184	2.0
92	92	458.0
92	93	18.0
92	94	24.0
92	95	6.0
92	96	3.0
92	98	1.0
92	99	14.0
92	101	1.0
92	107	1.0
92	119	2.0
92	121	2.0
92	128	8.0
92	129	9.0
92	140	2.0
92	169	6.0
92	170	8.0
92	172	2.0
92	173	1.0
92	176	1.0
92	189	1.0
93	93	385.0
93	94	41.0
93	95	2.0
93	96	1.0
93	97	7.0
93	100	1.0
93	121	1.0
93	129	5.0
93	130	14.0
93	131	5.0
93	132	1.0
93	150	1.0
93	169	5.0
93	171	4.0
93	172	3.0
93	173	2.0
93	174	2.0
93	175	14.0
93	176	10.0
93	177	6.0
93	179	1.0
93	184	6.0
94	94	368.0
94	95	9.0
94	96	1.0
94	97	6.0
94	98	6.0
94	99	3.0
94	100	1.0
94	106	1.0
94	121	1.0
94	129	5.0
94	130	6.0
94	168	1.0
94	169	12.0
94	171	4.0
94	172	5.0
94	174	5.0
94	175	2.0
94	176	21.0
94	177	7.0
94	183	1.0
94	184	2.0
95	95	425.0
95	96	9.0
95	99	2.0
95	100	2.0
95	115	1.0
95	129	8.0
95	130	3.0
95	131	2.0
95	154	1.0
95	165	2.0
95	169	9.0
95	170	1.0
95	176	7.0
95	182	1.0
95	183	1.0
96	96	454.0
96	97	54.0
96	98	19.0
96	99	4.0
96	100	1.0
96	102	2.0
96	108	3.0
96	109	15.0
96	116	15.0
96	137	1.0
96	152	1.0
96	164	1.0
96	168	3.0
96	169	8.0
96	171	1.0
96	175	5.0
96	179	1.0
96	182	5.0
97	97	402.0
97	98	26.0
97	99	5.0
97	101	1.0
97	103	1.0
97	108	1.0
97	109	25.0
97	110	9.0
97	116	5.0
97	121	5.0
97	135	1.0
97	138	1.0
97	140	1.0
97	168	5.0
97	169	7.0
97	175	6.0
97	182	2.0
98	98	434.0
98	99	27.0
98	107	6.0
98	108	8.0
98	109	16.0
98	110	11.0
98	114	1.0
98	124	1.0
98	126	1.0
98	131	1.0
98	138	1.0
98	143	1.0
98	152	2.0
98	159	1.0
98	161	1.0
98	168	6.0
98	169	10.0
98	173	3.0
98	182	9.0
98	183	4.0
98	184	2.0
99	99	450.0
99	108	1.0
99	109	4.0
99	125	2.0
99	130	1.0
99	137	1.0
99	140	1.0
99	168	2.0
99	169	3.0
99	170	7.0
99	172	1.0
99	173	1.0
99	182	2.0
99	183	5.0
99	185	1.0
100	100	421.0
100	101	2.0
100	102	4.0
100	104	8.0
100	106	7.0
100	107	10.0
100	108	4.0
100	126	1.0
100	129	3.0
100	130	3.0
100	131	9.0
100	133	5.0
100	136	16.0
100	137	13.0
100	140	2.0
100	148	1.0
100	169	4.0
100	170	5.0
100	171	14.0
100	172	11.0
100	173	14.0
100	174	5.0
100	175	2.0
100	182	1.0
100	183	1.0
100	185	1.0
101	101	447.0
101	102	40.0
101	104	3.0
101	106	1.0
101	107	1.0
101	116	1.0
101	117	4.0
101	118	4.0
101	129	3.0
101	130	1.0
101	131	1.0
101	132	7.0
101	133	3.0
101	135	5.0
101	136	4.0
101	139	1.0
101	140	1.0
101	142	3.0
101	143	1.0
101	150	24.0
101	166	2.0
101	169	5.0
101	170	3.0
101	173	1.0
101	186	1.0
101	190	1.0
102	102	471.0
102	103	22.0
102	104	33.0
102	105	1.0
102	106	5.0
102	107	3.0
102	115	4.0
102	116	3.0
102	117	12.0
102	125	1.0
102	129	1.0
102	130	4.0
102	131	1.0
102	132	7.0
102	133	1.0
102	135	3.0
102	136	5.0
102	138	1.0
102	140	6.0
102	142	9.0
102	150	3.0
102	162	1.0
102	166	2.0
102	167	2.0
102	168	1.0
102	169	7.0
102	170	1.0
102	185	2.0
103	103	412.0
103	104	12.0
103	107	3.0
103	115	5.0
103	117	1.0
103	132	11.0
103	134	2.0
103	135	4.0
103	136	2.0
103	138	1.0
103	139	4.0
103	140	5.0
103	141	2.0
103	142	7.0
103	143	1.0
103	166	4.0
103	167	6.0
103	168	5.0
103	175	1.0
103	186	15.0
103	189	1.0
104	104	380.0
104	105	24.0
104	106	1.0
104	107	13.0
104	108	8.0
104	109	1.0
104	112	1.0
104	115	7.0
104	126	1.0
104	135	1.0
104	138	1.0
104	139	1.0
104	140	1.0
104	142	9.0
104	155	2.0
104	156	2.0
104	159	1.0
104	166	1.0
104	167	5.0
104	168	15.0
105	105	450.0
105	106	11.0
105	107	1.0
105	115	7.0
105	117	1.0
105	139	1.0
105	140	19.0
105	141	5.0
105	150	4.0
105	155	2.0
105	156	3.0
105	158	2.0
105	159	19.0
105	160	9.0
105	162	1.0
105	163	7.0
105	167	15.0
105	168	3.0
105	171	2.0
105	173	2.0
105	174	3.0
106	106	447.0
106	107	13.0
106	108	3.0
106	132	1.0
106	140	6.0
106	141	15.0
106	142	3.0
106	143	1.0
106	146	1.0
106	162	1.0
106	164	2.0
106	165	4.0
106	166	1.0
106	167	7.0
106	168	1.0
106	171	27.0
106	172	11.0
106	173	4.0
106	174	11.0
107	107	393.0
107	108	53.0
107	109	8.0
107	110	3.0
107	112	1.0
107	114	13.0
107	115	5.0
107	137	2.0
107	138	5.0
107	139	2.0
107	140	8.0
107	141	6.0
107	142	3.0
107	167	7.0
107	168	17.0
107	169	6.0
107	170	10.0
107	171	1.0
107	172	1.0
107	179	1.0
107	186	1.0
108	108	458.0
108	109	16.0
108	110	2.0
108	114	21.0
108	115	5.0
108	116	1.0
108	133	1.0
108	137	1.0
108	138	5.0
108	139	8.0
108	140	7.0
108	157	1.0
108	167	5.0
108	168	7.0
108	169	13.0
108	170	3.0
108	174	1.0
108	181	1.0
109	109	492.0
109	110	44.0
109	111	3.0
109	112	5.0
109	114	1.0
109	115	3.0
109	134	1.0
109	138	7.0
109	140	7.0
109	144	1.0
109	153	1.0
109	168	14.0
109	169	12.0
109	178	1.0
109	189	1.0
110	110	417.0
110	111	19.0
110	112	18.0
110	113	11.0
110	116	1.0
110	119	4.0
110	120	11.0
110	121	4.0
110	129	1.0
110	138	1.0
110	139	1.0
110	142	1.0
110	159	1.0
110	168	3.0
110	169	4.0
110	187	1.0
110	188	1.0
111	111	434.0
111	112	46.0
111	113	10.0
111	116	4.0
111	119	9.0
111	120	18.0
111	121	9.0
111	122	7.0
111	129	3.0
111	130	2.0
111	133	2.0
111	142	5.0
111	153	1.0
111	182	1.0
111	185	1.0
112	112	421.0
112	113	15.0
112	119	1.0
112	120	11.0
112	121	1.0
112	122	7.0
112	129	4.0
112	130	8.0
112	133	2.0
112	137	1.0
112	167	1.0
113	113	425.0
113	114	8.0
113	115	2.0
113	116	2.0
113	117	1.0
113	119	5.0
113	120	11.0
113	122	2.0
113	127	1.0
113	143	1.0
113	187	1.0
114	114	452.0
114	115	27.0
114	118	1.0
114	119	1.0
114	130	1.0
114	138	3.0
114	139	2.0
115	115	441.0
115	116	5.0
115	117	4.0
115	118	1.0
115	119	2.0
115	120	1.0
115	130	1.0
115	134	1.0
115	138	4.0
115	139	6.0
115	140	7.0
115	144	1.0
115	161	1.0
115	167	4.0
115	168	15.0
116	116	398.0
116	117	16.0
116	118	8.0
116	119	6.0
116	120	1.0
116	152	1.0
116	153	4.0
116	154	11.0
116	155	3.0
116	167	1.0
116	189	1.0
117	117	450.0
117	118	20.0
117	119	7.0
117	129	4.0
117	133	1.0
117	135	2.0
117	152	1.0
117	154	7.0
117	169	1.0
118	118	433.0
118	119	12.0
118	123	1.0
118	127	1.0
118	135	1.0
118	140	1.0
118	153	4.0
118	154	8.0
118	155	1.0
118	156	8.0
118	157	3.0
118	163	1.0
118	181	1.0
119	119	371.0
119	120	17.0
119	121	3.0
119	122	8.0
119	142	1.0
119	154	2.0
119	166	1.0
119	190	1.0
120	120	416.0
120	121	16.0
120	122	12.0
120	128	2.0
120	138	2.0
120	139	5.0
120	150	1.0
120	151	1.0
120	165	1.0
120	167	1.0
120	170	6.0
120	174	1.0
121	121	442.0
121	122	24.0
121	126	3.0
121	127	1.0
121	128	7.0
121	129	3.0
121	133	5.0
121	134	10.0
121	138	1.0
121	139	3.0
121	161	1.0
121	169	2.0
121	170	9.0
121	171	18.0
121	175	8.0
122	122	459.0
122	123	11.0
122	124	1.0
122	127	3.0
122	128	5.0
122	129	4.0
122	130	3.0
122	131	1.0
122	132	3.0
122	133	4.0
122	135	1.0
122	170	2.0
122	173	2.0
123	123	458.0
123	124	15.0
123	125	11.0
123	126	8.0
123	127	12.0
123	129	5.0
123	130	5.0
123	131	8.0
123	132	2.0
123	133	2.0
123	138	1.0
123	168	1.0
123	174	1.0
124	124	470.0
124	125	21.0
124	126	5.0
124	127	9.0
124	128	7.0
124	172	1.0
125	125	436.0
125	126	28.0
125	127	11.0
125	128	6.0
125	130	6.0
125	131	5.0
125	132	11.0
125	133	1.0
125	172	1.0
125	174	1.0
125	185	1.0
126	126	389.0
126	127	27.0
126	128	16.0
126	129	2.0
126	130	2.0
126	132	1.0
126	136	1.0
126	137	8.0
126	146	1.0
126	170	1.0
126	171	6.0
126	172	3.0
126	173	2.0
126	174	8.0
126	175	2.0
126	184	1.0
127	127	424.0
127	128	25.0
127	136	1.0
127	160	1.0
127	171	5.0
127	173	5.0
127	182	1.0
127	189	1.0
128	128	452.0
128	129	14.0
128	130	1.0
128	131	4.0
128	133	5.0
128	134	6.0
128	135	13.0
128	137	7.0
128	157	1.0
128	169	1.0
128	170	5.0
128	171	4.0
128	172	1.0
128	173	1.0
129	129	455.0
129	130	27.0
129	131	17.0
129	132	1.0
129	133	6.0
129	134	5.0
129	135	5.0
129	136	3.0
129	137	1.0
129	169	16.0
129	170	1.0
129	177	1.0
130	130	424.0
130	131	21.0
130	132	15.0
130	133	26.0
130	134	4.0
130	135	2.0
130	136	7.0
130	168	1.0
131	131	378.0
131	132	20.0
131	133	20.0
131	134	2.0
131	136	9.0
131	137	5.0
131	139	1.0
131	142	1.0
131	169	2.0
132	132	339.0
132	133	47.0
132	134	2.0
132	135	3.0
132	136	5.0
132	188	1.0
133	133	412.0
133	134	9.0
133	135	17.0
133	136	4.0
133	137	2.0
133	142	1.0
133	169	3.0
134	134	404.0
134	135	31.0
134	136	1.0
134	137	1.0
134	138	14.0
134	139	8.0
134	146	1.0
134	147	1.0
134	168	2.0
134	169	1.0
134	178	1.0
135	135	400.0
135	136	5.0
135	137	21.0
135	138	29.0
135	139	5.0
135	140	2.0
135	168	4.0
135	169	7.0
136	136	385.0
136	137	31.0
136	141	1.0
136	144	1.0
136	149	1.0
136	160	1.0
136	163	1.0
136	169	1.0
136	187	1.0
137	137	467.0
137	138	5.0
137	161	1.0
137	173	2.0
138	138	419.0
138	139	50.0
138	140	1.0
138	143	1.0
138	168	1.0
138	177	1.0
139	139	406.0
139	140	6.0
139	141	2.0
139	145	1.0
139	157	1.0
139	167	9.0
139	169	7.0
140	140	475.0
140	141	32.0
140	142	1.0
140	143	2.0
140	166	8.0
140	167	4.0
140	186	1.0
140	189	1.0
141	141	496.0
141	142	15.0
141	143	1.0
141	144	1.0
141	145	1.0
141	164	15.0
141	165	24.0
141	166	12.0
141	167	13.0
141	185	1.0
141	187	1.0
142	142	453.0
142	143	29.0
142	144	9.0
142	164	1.0
142	165	2.0
142	166	15.0
143	143	419.0
143	144	44.0
143	145	4.0
143	146	2.0
143	148	7.0
143	151	1.0
143	165	3.0
143	166	7.0
143	175	1.0
143	189	7.0
144	144	370.0
144	145	24.0
144	146	10.0
144	147	8.0
144	148	7.0
144	152	1.0
144	164	1.0
144	165	11.0
144	166	5.0
144	169	1.0
144	171	1.0
144	186	1.0
144	189	3.0
144	190	2.0
145	145	420.0
145	146	15.0
145	147	5.0
145	151	1.0
145	164	5.0
145	166	11.0
145	188	2.0
146	146	484.0
146	147	23.0
146	148	9.0
146	159	1.0
146	164	1.0
146	165	1.0
146	166	2.0
146	168	1.0
146	188	1.0
147	147	444.0
147	148	24.0
147	149	2.0
147	160	2.0
147	163	2.0
147	164	7.0
147	166	1.0
147	169	1.0
147	186	10.0
147	187	11.0
147	188	3.0
147	189	4.0
147	190	1.0
148	148	469.0
148	149	27.0
148	150	18.0
148	156	1.0
148	160	1.0
148	163	1.0
148	164	2.0
148	165	1.0
148	166	2.0
148	186	3.0
148	187	1.0
148	188	6.0
148	189	15.0
148	190	2.0
149	149	506.0
149	150	16.0
149	151	1.0
149	162	2.0
149	164	11.0
149	165	14.0
149	166	1.0
149	189	4.0
149	190	3.0
150	150	447.0
150	151	11.0
150	157	1.0
150	158	3.0
150	159	1.0
150	160	10.0
150	161	26.0
150	162	3.0
150	163	10.0
150	164	5.0
150	165	2.0
150	166	6.0
150	167	1.0
150	179	1.0
150	181	1.0
150	189	2.0
150	190	1.0
151	151	435.0
151	152	23.0
151	153	2.0
151	155	1.0
151	157	19.0
151	158	11.0
151	159	3.0
151	160	18.0
151	161	12.0
151	162	4.0
151	163	20.0
151	164	7.0
151	165	11.0
151	166	1.0
151	180	1.0
151	186	2.0
151	189	1.0
151	190	2.0
152	152	493.0
152	153	67.0
152	154	12.0
152	155	9.0
152	159	1.0
152	160	2.0
152	161	9.0
152	162	2.0
152	163	4.0
152	165	1.0
152	167	2.0
152	184	1.0
152	189	1.0
152	190	1.0
153	153	429.0
153	154	39.0
153	155	27.0
153	157	2.0
153	158	3.0
153	161	5.0
153	162	2.0
153	167	1.0
153	169	1.0
153	176	1.0
153	186	3.0
153	190	1.0
154	154	494.0
154	155	29.0
154	156	6.0
154	157	5.0
154	158	1.0
154	159	4.0
154	161	4.0
154	186	1.0
155	155	492.0
155	156	17.0
155	158	4.0
155	159	11.0
155	160	11.0
155	161	5.0
155	162	12.0
155	179	1.0
156	156	463.0
156	157	30.0
156	158	12.0
156	159	15.0
156	160	3.0
156	161	7.0
156	162	6.0
156	163	1.0
156	173	4.0
156	174	2.0
156	184	2.0
157	157	418.0
157	158	33.0
157	159	17.0
157	161	2.0
157	162	5.0
157	173	1.0
157	174	3.0
157	175	7.0
157	176	1.0
157	183	1.0
158	158	436.0
158	159	17.0
158	161	5.0
158	162	1.0
159	159	483.0
159	160	23.0
159	161	3.0
159	162	11.0
159	163	15.0
159	166	2.0
159	184	1.0
160	160	479.0
160	161	17.0
160	162	19.0
160	163	31.0
160	164	17.0
160	165	2.0
160	166	1.0
161	161	408.0
161	162	36.0
161	163	16.0
161	164	1.0
162	162	401.0
162	163	35.0
162	164	3.0
162	168	1.0
163	163	399.0
163	164	15.0
163	165	7.0
163	166	11.0
163	167	1.0
163	168	1.0
163	182	1.0
164	164	486.0
164	165	36.0
164	166	19.0
164	167	4.0
164	168	1.0
164	186	2.0
164	189	3.0
164	190	2.0
165	165	493.0
165	166	8.0
165	186	1.0
165	187	1.0
165	188	3.0
165	189	2.0
165	190	2.0
166	166	485.0
166	167	2.0
166	180	1.0
166	186	2.0
166	190	1.0
167	167	383.0
167	168	8.0
167	169	1.0
168	168	445.0
168	169	19.0
168	173	1.0
168	182	1.0
169	169	401.0
169	170	14.0
169	185	2.0
169	186	1.0
170	170	437.0
170	171	11.0
170	172	13.0
170	173	19.0
170	175	2.0
170	181	1.0
170	185	1.0
171	171	396.0
171	172	29.0
171	173	18.0
171	174	13.0
171	175	16.0
171	176	3.0
172	172	456.0
172	173	48.0
172	174	27.0
172	175	8.0
172	176	2.0
173	173	447.0
173	174	29.0
173	175	17.0
173	176	4.0
174	174	481.0
174	175	17.0
174	176	3.0
174	177	1.0
174	181	2.0
175	175	412.0
175	176	15.0
175	177	26.0
175	179	28.0
175	181	4.0
175	182	4.0
175	184	2.0
176	176	441.0
176	177	16.0
176	178	6.0
176	179	2.0
176	181	11.0
176	182	1.0
176	183	1.0
176	184	12.0
177	177	453.0
177	178	20.0
177	179	20.0
177	180	1.0
177	181	13.0
177	183	9.0
177	184	4.0
178	178	459.0
178	179	35.0
178	180	9.0
178	181	23.0
178	182	1.0
179	179	438.0
179	180	16.0
179	181	14.0
179	183	2.0
179	184	7.0
180	180	475.0
180	181	29.0
181	181	430.0
181	182	11.0
181	183	9.0
182	182	448.0
182	183	27.0
182	184	5.0
183	183	464.0
183	184	30.0
183	185	2.0
184	184	495.0
184	185	27.0
184	186	5.0
184	188	1.0
185	185	487.0
185	186	20.0
185	187	2.0
186	186	464.0
186	187	16.0
186	188	1.0
186	189	2.0
187	187	459.0
187	188	32.0
187	189	3.0
187	190	11.0
188	188	495.0
188	189	19.0
188	190	22.0
189	189	422.0
189	190	24.0
190	190	627.0
191	191	8.0
192	1	15.0
192	30	1.0
192	170	1.0
192	174	1.0
192	191	3.0
192	192	548.0
