1	1	184.0
1	2	4.0
1	3	5.0
1	6	1.0
1	7	2.0
1	12	2.0
1	13	2.0
1	21	1.0
1	22	1.0
1	23	1.0
1	24	2.0
1	26	5.0
1	28	2.0
1	66	1.0
1	73	1.0
1	75	4.0
1	87	1.0
1	104	1.0
2	2	193.0
2	3	3.0
2	4	1.0
2	5	1.0
2	16	4.0
2	21	1.0
2	67	2.0
2	72	3.0
2	73	4.0
2	76	1.0
2	83	3.0
2	84	1.0
2	88	1.0
2	93	2.0
2	132	1.0
3	3	190.0
3	4	11.0
3	5	2.0
3	6	1.0
3	7	1.0
3	8	1.0
3	9	2.0
3	10	4.0
3	11	3.0
3	12	3.0
3	17	1.0
3	19	1.0
3	20	1.0
3	21	1.0
3	29	1.0
3	84	3.0
3	86	1.0
3	88	2.0
3	96	1.0
3	108	1.0
4	4	207.0
4	5	7.0
4	6	3.0
4	9	3.0
4	11	3.0
4	81	1.0
4	88	1.0
4	104	1.0
4	139	1.0
5	5	211.0
5	6	7.0
5	7	1.0
5	9	4.0
5	16	1.0
5	82	1.0
5	83	1.0
5	85	1.0
5	101	1.0
5	104	1.0
5	107	1.0
6	6	181.0
6	7	2.0
6	8	9.0
6	9	1.0
6	10	3.0
6	16	1.0
6	17	2.0
6	20	1.0
6	21	2.0
6	42	1.0
6	82	3.0
6	84	1.0
6	103	1.0
7	7	202.0
7	8	2.0
7	9	6.0
7	10	5.0
7	16	2.0
7	17	5.0
7	104	1.0
8	8	221.0
8	9	2.0
8	13	1.0
8	29	2.0
8	75	2.0
8	88	1.0
8	89	1.0
8	104	3.0
8	105	2.0
8	106	3.0
8	113	1.0
8	121	1.0
9	9	196.0
9	10	3.0
9	11	13.0
9	16	1.0
9	18	3.0
9	21	1.0
9	36	1.0
9	37	1.0
9	83	1.0
9	84	2.0
9	85	8.0
9	104	6.0
9	105	5.0
9	106	4.0
9	107	1.0
9	126	1.0
10	10	188.0
10	11	1.0
10	13	1.0
10	14	3.0
10	20	2.0
10	31	1.0
10	32	1.0
10	33	1.0
10	44	2.0
10	68	1.0
10	73	1.0
10	76	2.0
10	77	1.0
10	80	1.0
10	81	1.0
10	103	1.0
10	104	2.0
10	107	1.0
10	108	2.0
11	11	194.0
11	12	2.0
11	13	1.0
11	15	2.0
11	16	1.0
11	17	1.0
11	21	1.0
11	29	1.0
11	43	1.0
11	46	1.0
11	77	2.0
11	79	2.0
11	81	1.0
11	108	2.0
11	113	1.0
12	12	199.0
12	13	19.0
12	15	6.0
12	16	1.0
12	17	1.0
12	21	1.0
12	22	1.0
12	23	1.0
12	25	1.0
12	38	1.0
12	43	1.0
12	69	1.0
12	71	1.0
12	76	1.0
12	79	4.0
12	81	2.0
12	87	2.0
12	108	2.0
13	13	206.0
13	14	6.0
13	15	3.0
13	17	2.0
13	18	1.0
13	19	1.0
13	21	1.0
13	22	6.0
13	32	1.0
13	71	1.0
13	72	1.0
13	73	1.0
13	75	1.0
13	77	2.0
13	79	3.0
13	81	3.0
13	89	1.0
13	104	1.0
13	108	2.0
13	112	2.0
13	124	1.0
14	14	201.0
14	18	2.0
14	32	1.0
14	66	1.0
14	71	2.0
14	72	1.0
14	73	2.0
14	74	3.0
14	75	2.0
14	76	5.0
14	77	1.0
14	79	1.0
14	80	4.0
14	81	5.0
14	82	3.0
14	85	1.0
14	86	2.0
14	97	1.0
14	98	1.0
14	103	2.0
14	104	1.0
14	105	1.0
14	108	2.0
14	111	1.0
14	112	1.0
15	15	198.0
15	16	3.0
15	17	5.0
15	18	1.0
15	19	1.0
15	21	2.0
15	22	9.0
15	24	1.0
15	26	1.0
15	31	1.0
15	32	4.0
15	33	2.0
15	44	1.0
15	68	1.0
15	78	1.0
15	80	2.0
15	85	1.0
15	86	2.0
15	115	1.0
15	116	1.0
16	16	200.0
16	17	11.0
16	18	1.0
16	19	1.0
16	20	1.0
16	23	1.0
16	24	1.0
16	25	2.0
16	26	1.0
16	27	1.0
16	32	2.0
16	33	1.0
16	73	1.0
16	79	1.0
16	85	1.0
16	86	1.0
16	88	3.0
16	99	1.0
16	107	1.0
16	126	1.0
17	17	194.0
17	18	5.0
17	21	7.0
17	22	4.0
17	23	3.0
17	25	3.0
17	31	2.0
17	32	3.0
17	71	1.0
17	76	1.0
17	80	1.0
17	83	1.0
17	85	2.0
17	93	1.0
17	106	1.0
17	108	1.0
17	130	1.0
18	18	195.0
18	19	1.0
18	21	4.0
18	22	2.0
18	27	1.0
18	28	4.0
18	32	4.0
18	36	1.0
18	37	1.0
18	66	1.0
18	71	2.0
18	73	1.0
18	77	3.0
18	83	2.0
18	103	1.0
18	123	1.0
19	19	190.0
19	20	3.0
19	21	2.0
19	22	1.0
19	24	2.0
19	27	6.0
19	28	1.0
19	29	3.0
19	73	1.0
19	74	1.0
19	86	1.0
19	130	1.0
20	20	188.0
20	21	2.0
20	24	3.0
20	26	6.0
20	27	1.0
20	28	2.0
20	29	2.0
20	32	1.0
20	36	1.0
20	100	1.0
20	110	1.0
20	111	1.0
20	130	1.0
21	21	201.0
21	22	9.0
21	23	1.0
21	27	9.0
21	29	1.0
21	32	1.0
21	33	4.0
21	76	1.0
21	109	1.0
21	136	1.0
21	137	1.0
22	22	181.0
22	23	3.0
22	24	2.0
22	25	1.0
22	26	4.0
22	32	1.0
22	73	1.0
22	85	3.0
22	89	2.0
22	118	1.0
22	138	1.0
23	23	198.0
23	24	9.0
23	25	2.0
23	26	15.0
23	28	2.0
23	29	3.0
23	30	5.0
23	31	1.0
23	33	1.0
23	71	1.0
23	89	1.0
23	107	1.0
23	108	1.0
24	24	187.0
24	25	3.0
24	26	2.0
24	28	1.0
24	29	1.0
24	30	1.0
24	103	1.0
24	122	1.0
25	25	187.0
25	26	2.0
25	27	1.0
25	28	5.0
25	29	10.0
25	30	8.0
25	31	6.0
25	32	8.0
25	34	1.0
25	109	2.0
25	114	1.0
25	135	1.0
26	26	193.0
26	27	1.0
26	28	2.0
26	29	1.0
26	32	1.0
26	67	1.0
26	72	1.0
26	75	1.0
26	88	2.0
27	27	201.0
27	28	2.0
27	30	1.0
27	36	6.0
27	72	3.0
28	28	195.0
28	29	9.0
28	30	4.0
28	32	2.0
28	72	1.0
29	29	192.0
29	30	11.0
29	31	3.0
29	32	3.0
29	68	1.0
29	76	2.0
29	86	1.0
29	112	1.0
30	30	179.0
30	31	11.0
30	32	3.0
30	45	2.0
30	72	2.0
30	76	1.0
30	97	1.0
31	31	207.0
31	32	9.0
31	38	2.0
31	43	2.0
31	44	1.0
31	83	1.0
31	84	1.0
31	86	2.0
31	103	1.0
31	106	1.0
31	108	1.0
31	109	2.0
31	127	1.0
32	32	180.0
32	33	5.0
32	34	1.0
32	37	1.0
32	38	1.0
32	72	1.0
32	79	1.0
32	83	1.0
32	87	2.0
32	109	2.0
32	122	1.0
33	33	215.0
33	34	1.0
33	36	2.0
33	37	1.0
33	38	3.0
33	86	1.0
33	99	1.0
33	108	1.0
33	110	1.0
34	34	202.0
34	36	2.0
34	113	1.0
34	117	2.0
34	123	1.0
34	127	1.0
35	35	252.0
35	36	4.0
35	37	1.0
35	81	2.0
35	97	2.0
35	132	4.0
35	133	1.0
36	36	240.0
36	37	5.0
36	38	1.0
37	37	230.0
37	38	6.0
37	41	1.0
37	43	1.0
37	70	1.0
37	77	1.0
37	79	1.0
37	97	1.0
37	129	1.0
37	130	1.0
38	38	177.0
38	76	2.0
38	77	1.0
38	85	1.0
38	99	1.0
38	112	1.0
38	114	2.0
39	39	8.0
39	40	1.0
40	40	9.0
40	43	1.0
40	73	1.0
40	80	1.0
40	86	1.0
41	41	5.0
41	43	1.0
41	71	1.0
42	42	4.0
42	67	1.0
42	70	1.0
43	43	9.0
43	80	1.0
44	44	34.0
44	46	1.0
44	47	1.0
44	66	1.0
44	73	1.0
44	75	1.0
44	81	2.0
44	82	2.0
44	103	2.0
44	115	1.0
45	45	4.0
45	66	2.0
45	80	1.0
45	109	1.0
46	46	1.0
65	66	1.0
66	66	46.0
66	68	5.0
66	69	2.0
66	84	1.0
66	98	1.0
66	104	1.0
66	115	1.0
66	134	1.0
67	67	13.0
67	80	1.0
67	81	1.0
67	83	1.0
68	68	68.0
68	73	1.0
68	80	1.0
68	81	1.0
69	69	20.0
69	70	1.0
69	71	2.0
69	77	1.0
69	79	3.0
69	80	1.0
69	84	1.0
69	85	1.0
69	108	1.0
69	110	1.0
70	70	8.0
70	80	1.0
70	115	1.0
71	71	191.0
71	72	6.0
71	74	2.0
71	76	2.0
71	77	1.0
71	78	1.0
71	79	5.0
71	80	4.0
71	90	1.0
71	102	1.0
71	103	1.0
71	106	1.0
71	108	1.0
71	113	2.0
72	72	192.0
72	73	1.0
72	75	4.0
72	76	1.0
72	77	3.0
72	78	1.0
72	80	1.0
72	81	3.0
72	82	1.0
72	106	1.0
72	107	2.0
73	73	213.0
73	74	4.0
73	75	1.0
73	76	6.0
73	77	4.0
73	78	1.0
73	79	2.0
73	81	3.0
73	88	1.0
73	102	1.0
73	104	1.0
73	107	1.0
73	108	1.0
74	74	203.0
74	75	4.0
74	76	1.0
74	77	1.0
74	78	2.0
74	79	3.0
74	81	6.0
74	84	3.0
74	103	2.0
74	106	1.0
74	107	4.0
75	75	194.0
75	76	4.0
75	77	3.0
75	79	1.0
75	102	1.0
75	113	1.0
76	76	217.0
76	77	2.0
76	78	1.0
76	82	2.0
76	103	1.0
76	112	1.0
77	77	239.0
77	78	1.0
77	79	1.0
77	81	1.0
77	140	1.0
78	78	198.0
78	79	1.0
78	80	1.0
78	82	2.0
78	83	1.0
78	84	1.0
78	86	2.0
78	101	1.0
79	79	200.0
79	80	4.0
79	81	2.0
79	82	3.0
79	105	1.0
79	109	3.0
79	111	1.0
79	126	1.0
80	80	213.0
80	81	2.0
80	82	1.0
80	83	3.0
80	84	2.0
80	85	1.0
80	99	1.0
80	103	2.0
80	105	1.0
80	109	1.0
80	111	2.0
80	112	1.0
80	118	2.0
80	123	1.0
80	124	1.0
80	136	1.0
81	81	204.0
81	82	3.0
81	83	2.0
81	84	1.0
81	86	1.0
81	92	1.0
81	111	1.0
81	115	1.0
81	131	1.0
81	136	1.0
81	139	3.0
82	82	259.0
82	83	4.0
82	85	3.0
82	86	4.0
82	103	3.0
82	104	1.0
82	105	1.0
82	106	4.0
82	107	6.0
82	108	4.0
82	114	1.0
83	83	175.0
83	84	5.0
83	85	12.0
83	86	1.0
83	87	1.0
83	103	1.0
83	104	8.0
83	106	1.0
83	136	1.0
84	84	206.0
84	85	7.0
84	86	1.0
84	87	4.0
84	103	1.0
84	106	1.0
84	107	1.0
84	112	6.0
85	85	202.0
85	86	1.0
85	104	3.0
85	105	1.0
85	107	1.0
85	109	1.0
85	110	1.0
85	111	2.0
85	112	1.0
86	86	197.0
86	87	1.0
86	88	1.0
86	103	2.0
86	104	2.0
86	106	2.0
86	107	2.0
86	109	1.0
86	110	1.0
86	112	1.0
86	124	1.0
87	87	216.0
87	88	5.0
87	89	1.0
87	99	1.0
87	101	2.0
87	102	3.0
87	107	3.0
87	108	5.0
87	112	1.0
88	88	209.0
88	89	1.0
88	90	1.0
88	94	1.0
88	100	1.0
88	102	1.0
88	103	1.0
88	111	2.0
88	115	3.0
89	89	213.0
89	90	7.0
89	91	2.0
89	94	2.0
89	95	2.0
89	110	1.0
89	114	1.0
89	117	1.0
89	121	1.0
90	90	218.0
90	91	4.0
90	93	1.0
90	94	1.0
90	95	3.0
90	96	1.0
90	119	1.0
90	120	1.0
91	91	219.0
91	92	6.0
91	93	3.0
91	94	8.0
91	96	2.0
91	98	1.0
91	114	1.0
91	117	2.0
91	118	1.0
91	119	3.0
91	120	1.0
91	129	1.0
92	92	161.0
92	93	4.0
92	94	2.0
92	95	2.0
92	100	1.0
92	101	3.0
92	116	3.0
92	117	1.0
92	118	2.0
92	119	2.0
92	131	2.0
92	134	1.0
92	135	1.0
93	93	193.0
93	94	13.0
93	100	2.0
93	101	1.0
93	117	2.0
93	118	3.0
93	120	2.0
93	122	1.0
93	129	1.0
93	131	2.0
93	132	4.0
93	134	1.0
93	135	1.0
93	136	2.0
94	94	208.0
94	95	3.0
94	97	3.0
94	98	2.0
94	100	2.0
94	107	1.0
94	111	1.0
94	113	3.0
94	114	2.0
94	117	2.0
94	120	2.0
94	121	3.0
94	122	3.0
94	127	1.0
94	131	1.0
94	133	1.0
94	134	1.0
94	136	1.0
95	95	193.0
95	96	6.0
95	97	1.0
95	112	1.0
95	113	3.0
95	114	3.0
95	116	4.0
95	117	4.0
95	132	4.0
95	133	1.0
95	134	3.0
95	135	4.0
95	136	1.0
96	96	241.0
96	97	6.0
96	99	2.0
96	100	2.0
96	101	1.0
96	110	3.0
96	111	1.0
96	112	1.0
96	114	1.0
96	116	1.0
96	117	7.0
96	119	3.0
96	123	1.0
96	132	1.0
96	134	2.0
96	136	1.0
97	97	173.0
97	98	2.0
97	99	2.0
97	100	1.0
97	105	1.0
97	111	1.0
97	113	5.0
97	114	2.0
97	117	3.0
97	118	1.0
97	119	2.0
97	120	2.0
97	127	1.0
97	131	1.0
97	134	3.0
97	135	3.0
97	140	1.0
98	98	227.0
98	99	4.0
98	107	1.0
98	111	2.0
98	117	2.0
98	118	3.0
98	119	2.0
98	120	2.0
98	122	1.0
98	131	1.0
99	99	165.0
99	100	1.0
99	101	4.0
99	102	5.0
99	111	1.0
99	114	1.0
99	115	1.0
99	117	8.0
99	120	4.0
99	125	2.0
99	128	1.0
99	133	1.0
99	135	1.0
99	140	1.0
100	100	259.0
100	101	9.0
100	102	3.0
100	105	1.0
100	110	1.0
100	111	2.0
100	116	4.0
100	117	1.0
100	121	1.0
100	122	1.0
100	127	1.0
100	129	1.0
100	132	1.0
100	134	2.0
100	135	1.0
101	101	253.0
101	102	5.0
101	116	10.0
101	117	1.0
101	120	1.0
101	121	1.0
101	122	1.0
101	127	2.0
101	129	1.0
101	134	1.0
101	137	1.0
102	102	206.0
102	103	4.0
102	107	5.0
102	108	4.0
102	116	2.0
102	117	4.0
102	134	1.0
102	139	1.0
103	103	209.0
103	104	5.0
103	105	1.0
103	106	2.0
103	107	6.0
103	109	1.0
103	113	1.0
103	116	1.0
103	121	1.0
103	130	1.0
103	134	1.0
103	140	1.0
104	104	194.0
104	105	1.0
104	106	2.0
104	107	6.0
104	109	1.0
104	120	1.0
104	124	1.0
104	135	3.0
104	141	1.0
105	105	199.0
105	106	8.0
105	107	8.0
105	112	5.0
105	116	1.0
105	119	1.0
105	126	2.0
106	106	196.0
106	107	7.0
106	108	3.0
106	111	2.0
106	118	2.0
106	122	2.0
107	107	237.0
107	108	3.0
107	111	1.0
107	118	1.0
107	140	1.0
108	108	218.0
108	110	1.0
108	111	4.0
108	118	1.0
108	121	1.0
108	122	2.0
108	126	1.0
109	109	199.0
109	110	3.0
109	111	1.0
109	116	1.0
109	122	1.0
109	130	1.0
110	110	199.0
110	111	7.0
110	112	1.0
110	116	1.0
110	118	1.0
110	121	1.0
110	123	2.0
110	130	1.0
110	131	1.0
110	140	1.0
111	111	178.0
111	112	2.0
111	113	1.0
111	114	1.0
111	115	1.0
111	118	2.0
111	119	1.0
111	122	3.0
111	124	1.0
111	134	1.0
111	136	1.0
111	139	2.0
112	112	227.0
112	114	1.0
112	116	2.0
112	119	1.0
112	123	1.0
112	128	1.0
112	132	1.0
112	134	1.0
112	136	2.0
113	113	189.0
113	114	5.0
113	115	2.0
113	122	1.0
113	131	1.0
113	134	1.0
114	114	186.0
114	115	1.0
114	116	1.0
114	117	4.0
114	118	2.0
114	120	3.0
114	131	1.0
114	132	4.0
114	134	1.0
114	135	4.0
114	136	1.0
115	115	170.0
115	116	4.0
115	121	1.0
115	135	1.0
116	116	227.0
116	117	3.0
116	127	1.0
116	135	1.0
117	117	234.0
117	118	3.0
117	121	1.0
117	125	1.0
117	126	1.0
117	130	5.0
117	134	2.0
118	118	213.0
118	119	2.0
118	123	1.0
118	124	1.0
118	125	2.0
118	126	2.0
118	130	1.0
118	131	1.0
118	135	1.0
118	138	2.0
118	140	1.0
118	141	1.0
119	119	227.0
119	120	12.0
119	122	3.0
119	123	1.0
119	130	1.0
119	135	1.0
119	139	2.0
120	120	218.0
120	121	3.0
120	122	6.0
120	129	1.0
120	133	2.0
121	121	183.0
121	122	1.0
121	124	3.0
121	126	1.0
121	134	1.0
121	139	2.0
122	122	197.0
122	124	2.0
122	125	4.0
122	126	1.0
123	123	225.0
123	124	7.0
123	126	1.0
123	129	4.0
123	130	1.0
123	131	3.0
123	132	1.0
123	137	2.0
124	124	213.0
124	125	2.0
124	126	1.0
124	127	3.0
124	128	2.0
124	129	1.0
124	130	3.0
124	137	2.0
125	125	191.0
125	128	1.0
125	129	2.0
125	136	4.0
125	138	3.0
125	139	1.0
125	140	1.0
126	126	220.0
126	127	7.0
126	128	2.0
126	129	5.0
126	130	1.0
126	135	2.0
126	137	2.0
127	127	216.0
127	128	2.0
127	129	6.0
127	130	2.0
127	137	3.0
127	140	1.0
128	128	212.0
128	129	6.0
128	134	2.0
128	137	1.0
129	129	218.0
129	130	1.0
129	136	2.0
129	140	2.0
130	130	254.0
130	131	2.0
130	132	1.0
130	134	2.0
130	135	1.0
130	136	3.0
130	137	1.0
131	131	209.0
131	132	10.0
131	134	1.0
131	135	6.0
131	140	1.0
132	132	244.0
132	133	4.0
132	135	1.0
132	140	1.0
133	133	192.0
133	135	2.0
133	136	1.0
134	134	245.0
134	135	9.0
134	136	1.0
135	135	240.0
135	136	3.0
135	139	1.0
135	140	1.0
136	136	247.0
136	137	6.0
136	138	4.0
136	139	4.0
137	137	229.0
137	138	9.0
137	139	2.0
137	140	4.0
138	138	234.0
138	139	6.0
138	140	8.0
139	139	288.0
139	140	7.0
140	140	242.0
140	141	1.0
141	141	8.0
142	1	1.0
142	2	1.0
142	4	1.0
142	5	1.0
142	13	2.0
142	19	1.0
142	21	1.0
142	22	1.0
142	28	2.0
142	29	1.0
142	38	1.0
142	66	1.0
142	72	1.0
142	73	1.0
142	81	1.0
142	83	1.0
142	87	1.0
142	114	1.0
142	133	1.0
142	142	181.0
