1	1	239.0
1	2	14.0
1	3	6.0
1	4	1.0
1	31	2.0
1	41	1.0
1	45	3.0
1	46	3.0
1	69	1.0
1	71	1.0
2	2	268.0
2	3	11.0
2	8	1.0
2	9	5.0
2	10	3.0
2	42	1.0
2	44	1.0
2	45	1.0
2	46	6.0
2	47	3.0
2	55	1.0
2	70	1.0
2	92	1.0
2	118	1.0
3	3	181.0
3	4	5.0
3	6	1.0
3	7	1.0
3	8	1.0
3	9	2.0
3	10	1.0
3	45	2.0
3	46	6.0
3	60	1.0
3	71	1.0
3	94	1.0
4	4	194.0
4	5	9.0
4	6	4.0
4	7	8.0
4	8	4.0
4	9	2.0
4	18	15.0
4	20	1.0
4	26	1.0
4	48	1.0
4	57	1.0
4	59	1.0
4	60	5.0
4	70	1.0
4	77	1.0
4	78	1.0
4	95	2.0
4	100	1.0
4	101	5.0
4	110	1.0
4	122	3.0
4	123	1.0
4	126	4.0
4	132	1.0
5	5	200.0
5	6	3.0
5	7	5.0
5	8	4.0
5	9	1.0
5	17	1.0
5	18	2.0
5	19	5.0
5	20	3.0
5	25	1.0
5	48	2.0
5	57	1.0
5	59	6.0
5	70	2.0
5	71	2.0
5	76	1.0
5	78	1.0
5	81	6.0
5	82	2.0
5	94	2.0
5	95	1.0
5	101	1.0
5	103	1.0
5	108	4.0
5	112	4.0
5	122	2.0
5	123	1.0
5	125	1.0
5	126	7.0
5	127	3.0
5	128	4.0
5	129	1.0
5	130	5.0
5	131	3.0
5	132	6.0
5	133	2.0
6	6	218.0
6	8	8.0
6	12	6.0
6	13	2.0
6	14	3.0
6	19	3.0
6	34	4.0
6	35	1.0
6	45	1.0
6	47	1.0
6	58	2.0
6	62	2.0
6	64	1.0
6	70	9.0
6	78	1.0
6	85	1.0
6	89	3.0
6	91	1.0
6	95	2.0
6	98	1.0
6	99	1.0
6	100	1.0
6	101	4.0
6	107	1.0
6	114	1.0
6	116	7.0
6	118	3.0
6	119	2.0
6	122	4.0
6	125	2.0
6	126	5.0
7	7	215.0
7	8	5.0
7	9	1.0
7	10	2.0
7	11	1.0
7	18	1.0
7	19	1.0
7	30	1.0
7	32	1.0
7	48	2.0
7	57	8.0
7	58	2.0
7	59	2.0
7	70	3.0
7	71	3.0
7	72	1.0
7	76	4.0
7	78	4.0
7	86	1.0
7	96	1.0
7	98	1.0
7	106	1.0
7	108	13.0
7	112	1.0
7	120	1.0
7	121	2.0
7	122	1.0
7	129	2.0
7	130	6.0
7	131	3.0
7	132	3.0
8	8	232.0
8	9	2.0
8	11	3.0
8	12	1.0
8	13	1.0
8	14	1.0
8	18	7.0
8	19	7.0
8	44	7.0
8	48	2.0
8	58	8.0
8	70	5.0
8	75	1.0
8	79	1.0
8	81	1.0
8	84	1.0
8	95	6.0
8	100	1.0
8	102	1.0
8	107	1.0
8	112	3.0
8	114	1.0
8	119	1.0
8	120	3.0
8	122	2.0
8	126	1.0
8	127	3.0
8	128	2.0
8	129	5.0
8	130	3.0
8	132	8.0
8	133	3.0
9	9	207.0
9	10	5.0
9	12	3.0
9	13	5.0
9	14	1.0
9	17	3.0
9	45	2.0
9	62	1.0
9	72	2.0
9	73	1.0
9	75	3.0
9	76	1.0
9	78	1.0
9	81	10.0
9	82	1.0
9	85	2.0
9	96	2.0
9	101	1.0
9	114	5.0
9	119	2.0
9	120	1.0
9	128	5.0
9	130	2.0
9	133	1.0
9	134	2.0
10	10	228.0
10	11	16.0
10	12	5.0
10	13	8.0
10	14	2.0
10	17	2.0
10	18	1.0
10	25	1.0
10	39	1.0
10	45	2.0
10	46	4.0
10	58	3.0
10	59	6.0
10	60	1.0
10	61	1.0
10	64	1.0
10	70	1.0
10	71	2.0
10	72	1.0
10	75	1.0
10	76	4.0
10	85	1.0
10	88	1.0
10	89	1.0
10	91	1.0
10	114	2.0
10	134	2.0
11	11	254.0
11	12	10.0
11	14	2.0
11	57	4.0
11	58	8.0
11	59	2.0
11	62	1.0
11	70	4.0
11	71	1.0
11	75	1.0
11	113	1.0
11	119	3.0
11	134	4.0
12	12	243.0
12	13	3.0
12	14	1.0
12	15	1.0
12	34	5.0
12	35	2.0
12	36	1.0
12	45	8.0
12	48	1.0
12	49	1.0
12	58	2.0
12	61	2.0
12	70	2.0
12	79	3.0
12	80	1.0
12	115	1.0
12	116	2.0
12	120	1.0
12	125	3.0
12	126	1.0
12	133	2.0
12	134	16.0
13	13	230.0
13	14	19.0
13	17	6.0
13	19	1.0
13	27	1.0
13	33	1.0
13	34	2.0
13	35	2.0
13	36	1.0
13	45	3.0
13	68	1.0
13	69	1.0
13	70	1.0
13	95	1.0
13	96	2.0
13	102	1.0
13	112	4.0
13	114	3.0
13	116	2.0
13	119	7.0
13	120	5.0
13	121	1.0
13	125	5.0
13	133	4.0
13	134	2.0
14	14	223.0
14	15	2.0
14	19	1.0
14	23	1.0
14	33	4.0
14	35	1.0
14	40	1.0
14	47	1.0
14	48	5.0
14	49	1.0
14	57	2.0
14	96	5.0
14	102	4.0
14	114	2.0
14	122	5.0
14	125	2.0
14	127	1.0
14	129	4.0
14	133	1.0
15	15	211.0
15	16	2.0
15	17	6.0
15	20	1.0
15	26	3.0
15	27	3.0
15	28	2.0
15	33	4.0
15	40	1.0
15	43	1.0
15	48	3.0
15	49	2.0
15	65	1.0
15	74	1.0
15	92	6.0
15	95	1.0
15	96	3.0
15	98	1.0
15	99	1.0
15	101	3.0
15	102	6.0
15	110	3.0
15	112	1.0
15	113	5.0
15	114	7.0
15	124	10.0
15	125	2.0
15	127	4.0
15	129	2.0
15	130	4.0
15	131	2.0
15	133	2.0
16	16	201.0
16	17	9.0
16	18	5.0
16	25	5.0
16	37	1.0
16	38	2.0
16	39	6.0
16	40	1.0
16	41	1.0
16	43	8.0
16	49	1.0
16	50	2.0
16	60	1.0
16	85	1.0
16	90	3.0
16	91	5.0
16	92	6.0
16	93	2.0
16	94	2.0
16	96	2.0
16	99	1.0
16	101	1.0
16	109	2.0
16	110	2.0
16	111	1.0
16	112	1.0
16	113	1.0
16	115	1.0
16	120	1.0
16	125	3.0
16	126	1.0
16	127	1.0
16	132	2.0
17	17	226.0
17	18	3.0
17	35	1.0
17	41	1.0
17	43	4.0
17	44	3.0
17	49	4.0
17	60	3.0
17	76	1.0
17	83	1.0
17	92	2.0
17	93	4.0
17	94	1.0
17	95	1.0
17	96	3.0
17	99	2.0
17	101	2.0
17	104	1.0
17	111	9.0
17	112	2.0
17	118	1.0
17	120	4.0
17	121	8.0
17	123	1.0
17	125	1.0
17	126	1.0
17	128	1.0
17	130	1.0
17	134	3.0
18	18	206.0
18	19	2.0
18	43	1.0
18	72	1.0
18	80	1.0
18	92	3.0
18	93	4.0
18	94	2.0
18	96	1.0
18	108	1.0
18	114	1.0
18	121	1.0
18	122	1.0
18	123	2.0
18	125	1.0
18	132	3.0
18	133	4.0
19	19	244.0
19	20	6.0
19	30	1.0
19	43	3.0
19	49	1.0
19	59	3.0
19	61	2.0
19	70	6.0
19	77	1.0
19	79	2.0
19	91	1.0
19	94	1.0
19	97	1.0
19	98	1.0
19	101	1.0
19	112	4.0
19	113	15.0
19	116	1.0
19	122	3.0
19	123	2.0
19	126	9.0
19	128	1.0
19	129	2.0
19	130	8.0
19	132	3.0
19	133	6.0
20	20	199.0
20	21	1.0
20	26	1.0
20	30	1.0
20	48	1.0
20	59	4.0
20	62	1.0
20	80	1.0
20	85	4.0
20	92	3.0
20	94	4.0
20	96	1.0
20	102	7.0
20	103	4.0
20	105	3.0
20	106	1.0
20	110	7.0
20	111	2.0
20	112	7.0
20	113	5.0
20	114	7.0
20	115	3.0
20	119	1.0
20	126	6.0
20	129	1.0
20	130	5.0
20	133	1.0
21	21	205.0
21	22	7.0
21	23	3.0
21	24	14.0
21	25	4.0
21	26	7.0
21	29	1.0
21	31	2.0
21	91	3.0
21	92	4.0
21	97	1.0
21	98	1.0
21	99	2.0
21	103	2.0
21	105	5.0
21	106	6.0
21	131	3.0
22	22	190.0
22	23	11.0
22	24	6.0
22	25	7.0
22	26	4.0
22	29	5.0
22	31	12.0
22	32	3.0
22	36	1.0
22	67	1.0
22	98	1.0
22	103	1.0
22	104	4.0
22	105	7.0
22	106	1.0
22	107	5.0
22	109	2.0
22	113	4.0
22	120	1.0
23	23	183.0
23	24	2.0
23	25	5.0
23	26	1.0
23	29	1.0
23	31	12.0
23	32	3.0
23	34	1.0
23	39	1.0
23	40	3.0
23	41	2.0
23	51	1.0
23	91	1.0
23	92	1.0
23	107	2.0
23	109	4.0
23	120	1.0
23	123	1.0
23	125	1.0
23	131	8.0
24	24	183.0
24	25	10.0
24	26	4.0
24	27	3.0
24	28	3.0
24	29	3.0
24	31	1.0
24	36	1.0
24	38	5.0
24	39	3.0
24	40	2.0
24	41	7.0
24	43	3.0
24	51	1.0
24	54	1.0
24	55	4.0
24	56	1.0
24	79	3.0
24	89	1.0
24	91	8.0
24	98	1.0
24	99	6.0
24	100	6.0
24	106	1.0
24	131	4.0
25	25	194.0
25	26	5.0
25	37	4.0
25	39	2.0
25	40	2.0
25	41	10.0
25	42	5.0
25	43	1.0
25	50	1.0
25	55	3.0
25	79	1.0
25	84	1.0
25	90	6.0
25	91	12.0
25	92	1.0
25	98	1.0
25	99	5.0
25	105	6.0
25	131	2.0
25	133	1.0
26	26	182.0
26	27	6.0
26	28	3.0
26	29	2.0
26	31	1.0
26	32	1.0
26	33	1.0
26	35	1.0
26	36	4.0
26	39	1.0
26	40	2.0
26	41	1.0
26	44	1.0
26	49	1.0
26	76	1.0
26	91	2.0
26	93	1.0
26	99	7.0
26	100	5.0
26	101	6.0
26	102	1.0
26	103	1.0
26	105	1.0
26	106	1.0
26	121	1.0
26	128	1.0
26	131	5.0
26	134	2.0
27	27	201.0
27	28	3.0
27	29	1.0
27	30	1.0
27	32	4.0
27	33	2.0
27	35	4.0
27	36	6.0
27	37	4.0
27	39	2.0
27	40	7.0
27	44	2.0
27	48	1.0
27	49	1.0
27	50	1.0
27	55	1.0
27	56	1.0
27	76	1.0
27	91	2.0
27	95	2.0
27	101	3.0
27	102	4.0
27	103	9.0
27	104	3.0
27	105	2.0
27	110	1.0
27	124	1.0
27	127	1.0
27	128	1.0
27	131	3.0
27	132	1.0
27	134	2.0
28	28	188.0
28	29	8.0
28	32	1.0
28	36	1.0
28	45	9.0
28	55	3.0
28	75	1.0
28	99	2.0
28	100	2.0
28	103	1.0
28	105	2.0
28	106	1.0
28	107	1.0
28	114	1.0
28	115	3.0
28	122	3.0
28	123	4.0
28	128	2.0
28	134	2.0
29	29	198.0
29	30	6.0
29	31	2.0
29	32	8.0
29	36	1.0
29	37	2.0
29	39	4.0
29	40	5.0
29	44	3.0
29	54	1.0
29	56	9.0
29	72	1.0
29	80	2.0
29	92	1.0
29	100	5.0
29	103	4.0
29	104	2.0
29	105	1.0
29	106	1.0
29	109	8.0
29	122	2.0
29	123	1.0
29	131	1.0
29	134	2.0
30	30	198.0
30	31	4.0
30	32	5.0
30	34	2.0
30	35	3.0
30	36	4.0
30	44	5.0
30	45	6.0
30	47	1.0
30	56	2.0
30	57	1.0
30	80	1.0
30	90	1.0
30	92	1.0
30	100	1.0
30	101	1.0
30	103	2.0
30	104	8.0
30	105	4.0
30	106	1.0
30	108	1.0
30	113	1.0
30	120	8.0
30	123	2.0
30	124	3.0
30	125	3.0
30	133	1.0
30	134	5.0
31	31	194.0
31	32	12.0
31	36	4.0
31	107	2.0
31	109	1.0
31	113	1.0
31	118	1.0
31	119	1.0
31	123	1.0
31	130	1.0
31	131	4.0
32	32	205.0
32	33	8.0
32	34	1.0
32	35	6.0
32	36	7.0
32	45	1.0
32	56	6.0
32	70	1.0
32	103	7.0
32	104	1.0
32	106	1.0
32	107	1.0
32	109	2.0
32	113	2.0
32	120	6.0
32	121	1.0
32	123	4.0
32	124	1.0
32	129	4.0
32	134	1.0
33	33	221.0
33	34	4.0
33	35	1.0
33	43	1.0
33	44	4.0
33	46	2.0
33	47	3.0
33	48	2.0
33	49	1.0
33	57	1.0
33	95	3.0
33	101	3.0
33	102	3.0
33	103	4.0
33	104	1.0
33	117	3.0
33	118	2.0
33	124	2.0
33	129	6.0
33	130	5.0
34	34	223.0
34	35	21.0
34	36	1.0
34	45	3.0
34	46	1.0
34	47	5.0
34	48	2.0
34	49	3.0
34	56	1.0
34	57	5.0
34	58	1.0
34	69	1.0
34	92	1.0
34	96	2.0
34	106	1.0
34	116	1.0
34	117	1.0
34	123	2.0
34	125	1.0
34	126	1.0
34	134	1.0
35	35	214.0
35	36	8.0
35	44	2.0
35	45	1.0
35	57	2.0
35	63	2.0
35	102	2.0
35	114	1.0
35	118	1.0
35	119	2.0
35	120	1.0
35	123	3.0
35	125	6.0
35	126	1.0
35	128	1.0
35	129	1.0
35	133	1.0
35	134	6.0
36	36	213.0
36	37	1.0
36	39	2.0
36	40	1.0
36	43	1.0
36	44	2.0
36	45	7.0
36	50	1.0
36	56	3.0
36	63	1.0
36	73	1.0
36	100	1.0
36	103	3.0
36	115	1.0
36	119	1.0
36	120	1.0
36	122	8.0
36	123	4.0
36	124	16.0
36	128	7.0
36	129	2.0
36	131	8.0
36	133	1.0
36	134	2.0
37	37	210.0
37	38	1.0
37	39	24.0
37	40	11.0
37	41	1.0
37	56	1.0
37	91	3.0
37	92	1.0
37	103	1.0
37	105	8.0
37	110	2.0
37	114	1.0
37	127	4.0
37	128	1.0
38	38	203.0
38	39	8.0
38	41	4.0
38	42	1.0
38	43	2.0
38	49	1.0
38	54	1.0
38	55	3.0
38	56	3.0
38	80	2.0
38	83	2.0
38	91	3.0
38	106	2.0
38	110	1.0
38	115	1.0
39	39	183.0
39	40	11.0
39	41	3.0
39	42	1.0
39	54	1.0
39	55	1.0
39	56	2.0
39	91	4.0
39	103	1.0
39	105	1.0
39	106	4.0
39	114	1.0
39	127	1.0
39	131	2.0
40	40	203.0
40	41	3.0
40	43	2.0
40	44	1.0
40	47	1.0
40	49	1.0
40	50	2.0
40	55	9.0
40	56	1.0
40	79	2.0
40	91	1.0
40	99	4.0
40	100	3.0
40	101	1.0
40	106	1.0
40	110	2.0
40	114	2.0
40	124	2.0
40	125	1.0
40	127	4.0
40	131	7.0
40	132	6.0
40	134	1.0
41	41	234.0
41	42	11.0
41	43	2.0
41	55	1.0
41	84	3.0
41	90	2.0
41	91	4.0
41	92	1.0
41	100	1.0
41	127	1.0
41	133	1.0
42	42	182.0
42	43	4.0
42	55	2.0
42	56	3.0
42	74	1.0
42	78	1.0
42	84	2.0
42	91	7.0
42	111	1.0
42	112	2.0
42	120	1.0
42	123	2.0
42	125	1.0
42	126	1.0
42	127	6.0
42	131	1.0
42	132	3.0
42	133	3.0
43	43	208.0
43	44	2.0
43	48	1.0
43	49	2.0
43	50	1.0
43	51	1.0
43	55	1.0
43	70	1.0
43	76	2.0
43	79	7.0
43	91	3.0
43	99	1.0
43	100	1.0
43	102	1.0
43	109	4.0
43	111	5.0
43	123	3.0
43	125	2.0
43	127	3.0
43	129	1.0
43	131	1.0
43	132	2.0
43	133	4.0
44	44	224.0
44	45	6.0
44	48	1.0
44	49	1.0
44	56	3.0
44	57	1.0
44	59	1.0
44	60	1.0
44	61	1.0
44	70	2.0
44	71	1.0
44	75	4.0
44	76	8.0
44	101	2.0
44	102	4.0
44	103	8.0
44	104	3.0
44	105	3.0
44	106	2.0
44	114	1.0
44	115	1.0
44	119	3.0
44	120	10.0
44	122	3.0
44	123	3.0
44	125	2.0
44	134	3.0
45	45	231.0
45	46	1.0
45	56	1.0
45	57	2.0
45	58	2.0
45	60	2.0
45	61	1.0
45	70	4.0
45	75	3.0
45	76	1.0
45	103	3.0
45	104	2.0
45	106	2.0
45	107	1.0
45	116	1.0
45	117	1.0
45	118	1.0
45	121	1.0
45	122	1.0
45	123	1.0
45	124	2.0
45	125	5.0
45	126	2.0
45	133	3.0
45	134	8.0
46	46	233.0
46	47	22.0
46	49	1.0
46	57	2.0
46	58	1.0
46	62	1.0
46	69	6.0
46	82	1.0
46	116	4.0
46	117	1.0
46	118	3.0
46	126	1.0
47	47	195.0
47	48	3.0
47	49	1.0
47	57	2.0
47	58	1.0
47	59	1.0
47	69	2.0
47	88	1.0
47	95	1.0
47	106	1.0
47	122	1.0
47	125	1.0
47	126	2.0
47	129	3.0
48	48	191.0
48	49	3.0
48	50	6.0
48	51	22.0
48	54	1.0
48	55	2.0
48	57	1.0
48	58	2.0
48	84	2.0
48	92	1.0
48	95	1.0
48	96	4.0
48	100	1.0
48	101	1.0
48	102	2.0
48	106	2.0
48	107	2.0
48	108	1.0
48	126	2.0
48	129	1.0
48	130	1.0
48	133	1.0
49	49	151.0
49	50	3.0
49	54	1.0
49	55	8.0
49	56	8.0
49	79	2.0
49	80	1.0
49	83	5.0
49	84	4.0
49	88	2.0
49	89	2.0
49	92	4.0
49	95	1.0
49	96	1.0
49	100	1.0
49	115	1.0
49	116	1.0
49	126	1.0
49	132	1.0
49	133	2.0
50	50	197.0
50	51	7.0
50	54	4.0
50	55	2.0
50	56	3.0
50	79	8.0
50	80	1.0
50	81	2.0
50	83	3.0
50	91	5.0
50	92	1.0
50	100	1.0
50	110	1.0
50	116	1.0
50	126	1.0
50	127	2.0
50	132	2.0
50	133	2.0
51	51	101.0
51	55	1.0
51	79	1.0
51	80	1.0
51	83	2.0
51	97	1.0
51	99	1.0
51	127	1.0
51	133	1.0
54	54	47.0
54	55	2.0
54	99	2.0
54	100	4.0
55	55	164.0
55	56	5.0
55	79	5.0
55	83	4.0
55	84	1.0
55	91	2.0
55	99	6.0
55	100	1.0
55	110	1.0
56	56	206.0
56	57	1.0
56	79	2.0
56	80	5.0
56	83	6.0
56	98	1.0
56	99	1.0
56	100	5.0
56	103	1.0
56	104	1.0
56	106	2.0
56	108	1.0
56	109	5.0
56	115	1.0
56	118	1.0
56	122	1.0
56	131	1.0
56	134	2.0
57	57	204.0
57	58	12.0
57	59	1.0
57	69	1.0
57	70	1.0
57	76	1.0
57	78	3.0
57	80	1.0
57	83	1.0
57	108	4.0
57	117	2.0
57	125	2.0
57	126	2.0
57	129	1.0
57	130	3.0
58	58	220.0
58	59	14.0
58	70	5.0
58	81	2.0
58	82	6.0
58	112	1.0
58	116	4.0
58	126	3.0
58	130	2.0
59	59	187.0
59	61	1.0
59	62	1.0
59	70	5.0
59	82	3.0
59	107	4.0
59	108	4.0
59	109	4.0
59	112	1.0
59	113	2.0
59	116	1.0
59	119	2.0
59	121	4.0
60	60	220.0
60	71	1.0
60	76	6.0
60	77	1.0
60	109	2.0
60	113	2.0
60	120	1.0
60	121	2.0
60	122	1.0
60	123	1.0
61	61	235.0
61	62	6.0
61	63	1.0
61	64	7.0
61	67	2.0
61	69	4.0
61	70	2.0
61	73	2.0
61	75	5.0
61	76	6.0
61	112	1.0
61	113	1.0
61	116	1.0
61	117	2.0
61	119	1.0
61	120	1.0
61	121	1.0
62	62	180.0
62	63	9.0
62	64	2.0
62	65	5.0
62	67	2.0
62	69	11.0
62	70	3.0
62	71	1.0
62	73	5.0
62	74	10.0
62	75	2.0
62	118	2.0
62	119	5.0
63	63	237.0
63	64	2.0
63	65	2.0
63	67	1.0
63	68	1.0
63	69	1.0
63	70	2.0
63	71	3.0
63	72	4.0
63	74	1.0
63	116	1.0
63	118	1.0
63	122	1.0
63	133	1.0
64	64	262.0
64	65	2.0
64	66	3.0
64	85	1.0
64	92	1.0
64	113	1.0
65	65	264.0
65	66	23.0
65	67	9.0
65	79	1.0
65	88	1.0
65	100	1.0
65	109	1.0
65	130	1.0
66	66	213.0
66	67	2.0
67	67	189.0
67	68	2.0
67	117	1.0
68	68	235.0
68	69	10.0
68	71	5.0
68	72	3.0
68	95	1.0
69	69	209.0
69	70	9.0
69	71	4.0
69	72	4.0
69	74	6.0
69	116	1.0
69	117	1.0
69	119	2.0
70	70	248.0
70	71	13.0
70	72	1.0
70	74	2.0
70	75	3.0
70	78	5.0
70	116	5.0
70	119	2.0
70	120	1.0
70	126	1.0
70	129	3.0
70	131	2.0
70	134	1.0
71	71	204.0
71	72	3.0
71	73	1.0
71	74	2.0
71	75	3.0
71	76	2.0
71	113	5.0
71	119	1.0
71	126	1.0
72	72	206.0
72	73	13.0
72	74	6.0
72	75	1.0
72	88	1.0
72	119	1.0
72	130	1.0
73	73	231.0
73	74	10.0
73	75	3.0
73	76	1.0
74	74	226.0
74	75	4.0
74	119	1.0
75	75	225.0
75	76	5.0
75	117	2.0
75	118	2.0
75	119	5.0
75	120	6.0
75	126	1.0
75	134	2.0
76	76	220.0
76	77	4.0
76	78	6.0
76	80	1.0
76	81	1.0
76	111	2.0
76	120	1.0
76	121	1.0
77	77	196.0
77	78	10.0
77	79	2.0
78	78	226.0
78	79	5.0
78	81	4.0
78	82	1.0
78	108	1.0
78	131	2.0
79	79	216.0
79	80	3.0
79	83	1.0
79	92	2.0
79	109	9.0
79	113	1.0
79	115	3.0
79	128	2.0
79	131	3.0
79	132	9.0
80	80	211.0
80	83	5.0
80	89	1.0
80	91	1.0
80	96	3.0
80	99	3.0
80	106	1.0
80	108	1.0
80	109	3.0
80	116	1.0
80	118	1.0
80	125	6.0
80	126	3.0
80	127	1.0
80	131	3.0
80	133	2.0
80	134	1.0
81	81	176.0
81	82	3.0
81	83	7.0
81	96	1.0
81	108	1.0
81	109	1.0
81	115	6.0
81	127	1.0
81	128	2.0
81	130	1.0
81	131	2.0
81	132	1.0
81	133	1.0
82	82	198.0
82	83	10.0
82	85	5.0
82	86	1.0
82	91	1.0
82	93	1.0
82	129	2.0
82	131	3.0
82	133	1.0
83	83	186.0
83	84	8.0
83	85	5.0
83	86	1.0
83	88	1.0
83	90	8.0
83	91	7.0
83	96	3.0
83	97	6.0
83	109	1.0
83	132	2.0
84	84	199.0
84	85	5.0
84	88	1.0
84	90	3.0
84	91	3.0
84	93	3.0
84	95	1.0
84	96	3.0
84	97	3.0
84	98	3.0
84	99	3.0
84	100	7.0
84	101	8.0
84	106	2.0
84	107	1.0
84	132	3.0
84	133	3.0
85	85	211.0
85	86	6.0
85	88	7.0
85	89	2.0
85	90	7.0
85	91	2.0
85	92	1.0
85	93	4.0
85	94	5.0
85	95	5.0
85	96	2.0
85	100	2.0
85	101	4.0
85	102	2.0
85	103	2.0
85	126	1.0
85	128	1.0
85	132	4.0
86	86	201.0
86	87	10.0
86	88	10.0
86	90	3.0
86	91	1.0
86	92	3.0
86	93	1.0
86	97	3.0
86	98	1.0
86	102	1.0
86	103	2.0
86	104	2.0
86	128	1.0
87	87	147.0
87	88	12.0
87	89	2.0
87	90	7.0
87	92	2.0
87	93	1.0
87	97	7.0
87	98	2.0
87	102	1.0
87	103	1.0
87	126	1.0
88	88	164.0
88	89	5.0
88	90	4.0
88	92	3.0
88	93	4.0
88	94	2.0
88	96	4.0
88	97	2.0
88	98	7.0
88	99	1.0
88	101	1.0
89	89	104.0
89	90	5.0
89	92	1.0
89	95	1.0
89	96	1.0
89	97	1.0
89	98	7.0
89	134	1.0
90	90	198.0
90	91	8.0
90	92	4.0
90	93	7.0
90	94	1.0
90	96	5.0
90	97	16.0
90	98	7.0
90	100	2.0
91	91	189.0
91	92	4.0
91	96	4.0
91	97	7.0
91	99	11.0
91	100	3.0
91	104	1.0
91	106	2.0
91	109	1.0
91	127	3.0
92	92	191.0
92	93	6.0
92	94	3.0
92	96	3.0
92	98	2.0
92	99	3.0
92	102	3.0
92	104	1.0
92	105	1.0
92	106	4.0
92	127	5.0
92	130	3.0
92	133	1.0
93	93	227.0
93	94	11.0
93	95	18.0
93	96	1.0
93	97	2.0
93	99	1.0
93	100	3.0
93	101	4.0
94	94	201.0
94	95	8.0
94	96	4.0
94	97	2.0
94	98	4.0
94	101	4.0
94	102	12.0
94	103	12.0
94	104	2.0
94	105	2.0
94	126	4.0
95	95	211.0
95	96	5.0
95	100	3.0
95	101	4.0
95	102	8.0
95	103	2.0
95	113	1.0
95	122	1.0
95	126	2.0
95	132	1.0
96	96	165.0
96	97	2.0
96	98	6.0
96	99	4.0
96	100	5.0
96	101	1.0
96	102	4.0
96	103	5.0
96	105	1.0
96	106	2.0
96	130	1.0
97	97	203.0
97	98	15.0
97	99	1.0
97	100	5.0
97	101	5.0
97	103	1.0
97	107	1.0
97	121	1.0
97	126	1.0
98	98	160.0
98	99	4.0
98	100	2.0
98	101	6.0
98	102	2.0
98	103	5.0
98	104	3.0
98	106	1.0
98	126	2.0
99	99	187.0
99	100	8.0
99	101	4.0
99	104	1.0
99	105	1.0
99	106	4.0
99	132	1.0
99	134	1.0
100	100	178.0
100	101	4.0
100	103	7.0
100	106	7.0
100	109	1.0
100	132	2.0
100	134	3.0
101	101	200.0
101	102	7.0
101	103	9.0
101	104	1.0
101	106	4.0
101	126	6.0
101	132	2.0
102	102	164.0
102	103	4.0
102	105	2.0
102	106	1.0
102	113	1.0
102	123	1.0
102	126	1.0
102	129	3.0
102	130	5.0
103	103	180.0
103	104	11.0
103	105	13.0
103	106	4.0
103	115	1.0
103	126	2.0
103	134	1.0
104	104	186.0
104	105	14.0
104	106	2.0
104	130	3.0
104	134	1.0
105	105	197.0
105	106	5.0
105	107	2.0
106	106	226.0
106	107	2.0
106	132	2.0
107	107	187.0
107	108	14.0
107	109	4.0
107	120	3.0
107	121	2.0
108	108	181.0
108	109	1.0
108	110	1.0
108	117	1.0
108	120	9.0
108	121	4.0
108	122	2.0
108	123	1.0
108	124	1.0
109	109	216.0
109	110	2.0
109	112	2.0
109	114	1.0
109	120	2.0
109	122	1.0
109	123	4.0
109	124	3.0
109	125	4.0
109	133	1.0
110	110	227.0
110	111	4.0
110	112	2.0
110	114	5.0
110	115	10.0
110	121	1.0
110	122	1.0
110	128	2.0
111	111	219.0
111	112	1.0
111	113	1.0
111	114	4.0
111	115	1.0
111	118	3.0
111	121	6.0
111	122	1.0
111	124	3.0
111	125	1.0
111	128	1.0
112	112	225.0
112	113	7.0
112	114	5.0
112	119	10.0
112	120	2.0
112	121	6.0
112	122	2.0
112	123	4.0
112	124	3.0
112	125	8.0
112	126	3.0
112	127	1.0
112	130	1.0
112	132	3.0
112	133	5.0
113	113	225.0
113	114	11.0
113	119	1.0
113	123	5.0
113	124	1.0
113	125	7.0
113	126	4.0
113	128	3.0
113	129	6.0
113	130	1.0
113	131	2.0
113	132	3.0
113	133	2.0
114	114	198.0
114	115	11.0
114	118	1.0
114	119	1.0
114	122	1.0
114	123	4.0
114	124	5.0
114	125	5.0
114	127	1.0
114	129	3.0
114	131	1.0
114	134	1.0
115	115	205.0
115	116	3.0
115	122	1.0
115	124	1.0
115	125	4.0
115	127	1.0
115	131	4.0
115	133	1.0
116	116	232.0
116	117	6.0
116	118	1.0
116	125	2.0
116	126	1.0
116	129	1.0
117	117	215.0
117	118	24.0
118	118	229.0
118	119	4.0
118	121	4.0
118	129	1.0
118	133	1.0
118	134	2.0
119	119	244.0
119	120	10.0
119	124	3.0
119	125	2.0
119	133	6.0
119	134	7.0
120	120	232.0
120	121	8.0
120	122	5.0
120	123	1.0
120	124	8.0
120	125	1.0
120	133	2.0
120	134	4.0
121	121	233.0
121	122	7.0
121	123	7.0
121	124	12.0
121	132	2.0
122	122	203.0
122	123	14.0
122	124	3.0
122	132	2.0
122	133	6.0
123	123	227.0
123	124	3.0
123	125	3.0
123	127	1.0
123	132	1.0
123	133	9.0
123	134	3.0
124	124	230.0
124	125	3.0
124	127	3.0
124	128	5.0
124	129	8.0
124	131	2.0
124	133	3.0
124	134	1.0
125	125	204.0
125	126	2.0
125	127	1.0
125	128	2.0
125	132	1.0
125	133	3.0
125	134	6.0
126	126	252.0
126	127	6.0
126	128	2.0
126	129	5.0
126	130	6.0
126	131	1.0
126	132	3.0
126	133	3.0
127	127	180.0
127	128	9.0
127	129	1.0
127	131	4.0
127	132	3.0
128	128	215.0
128	129	1.0
128	130	3.0
129	129	204.0
129	130	11.0
129	131	1.0
130	130	204.0
131	131	223.0
131	133	4.0
132	132	237.0
132	133	5.0
132	134	1.0
133	133	251.0
133	134	4.0
134	134	213.0
136	2	2.0
136	3	1.0
136	46	1.0
136	47	1.0
136	64	1.0
136	70	1.0
136	71	1.0
136	72	1.0
136	73	1.0
136	91	1.0
136	115	1.0
136	122	3.0
136	136	188.0
