2	2	32.0
2	3	1.0
2	7	4.0
2	8	3.0
2	9	2.0
2	14	1.0
2	21	1.0
2	70	4.0
2	71	1.0
2	85	1.0
3	3	101.0
3	4	2.0
3	5	3.0
3	6	2.0
3	7	4.0
3	8	3.0
3	9	3.0
3	13	2.0
3	14	3.0
3	67	1.0
3	68	1.0
3	76	1.0
3	81	2.0
3	82	2.0
3	83	2.0
3	85	1.0
3	100	1.0
3	142	2.0
4	4	98.0
4	5	9.0
4	6	4.0
4	7	1.0
4	8	2.0
4	9	2.0
4	11	3.0
4	12	2.0
4	13	1.0
4	14	3.0
4	15	1.0
4	47	1.0
4	82	5.0
4	86	1.0
4	101	1.0
4	109	1.0
4	151	1.0
5	5	94.0
5	6	1.0
5	9	2.0
5	11	3.0
5	12	9.0
5	13	2.0
5	14	1.0
5	18	3.0
5	92	2.0
6	6	131.0
6	8	4.0
6	12	1.0
6	14	2.0
6	15	1.0
6	71	1.0
6	76	1.0
6	80	1.0
6	82	1.0
6	83	1.0
6	84	4.0
6	86	10.0
6	92	1.0
6	137	1.0
7	7	131.0
7	8	6.0
7	9	2.0
7	13	1.0
7	14	2.0
7	27	1.0
7	64	1.0
7	68	2.0
7	69	2.0
7	70	4.0
7	74	1.0
7	81	4.0
7	82	1.0
7	84	1.0
7	85	7.0
7	96	2.0
7	99	1.0
7	101	1.0
7	102	2.0
7	103	1.0
7	110	1.0
7	134	1.0
7	135	1.0
7	149	2.0
7	152	3.0
8	8	95.0
8	9	3.0
8	10	1.0
8	12	1.0
8	14	8.0
8	15	1.0
8	16	1.0
8	65	1.0
8	69	2.0
8	71	2.0
8	82	1.0
8	84	2.0
8	86	1.0
8	92	3.0
8	94	1.0
8	108	1.0
8	110	1.0
8	125	1.0
8	131	1.0
8	142	1.0
8	149	1.0
9	9	129.0
9	10	2.0
9	11	4.0
9	12	3.0
9	13	3.0
9	14	7.0
9	15	1.0
9	17	1.0
9	20	1.0
9	26	1.0
9	42	1.0
9	71	4.0
9	73	1.0
9	74	1.0
9	81	1.0
9	84	1.0
9	85	1.0
9	86	1.0
9	87	2.0
9	91	2.0
9	92	1.0
9	95	1.0
9	138	1.0
9	152	1.0
10	10	112.0
10	11	11.0
10	13	1.0
10	20	2.0
10	28	1.0
10	43	1.0
10	76	1.0
10	87	1.0
11	11	103.0
11	12	4.0
11	13	9.0
11	15	1.0
11	41	1.0
12	12	108.0
12	13	9.0
12	70	4.0
12	71	1.0
12	86	4.0
12	87	2.0
12	92	4.0
13	13	106.0
13	15	3.0
13	23	2.0
13	70	1.0
13	73	1.0
13	98	1.0
13	108	1.0
14	14	122.0
14	15	1.0
14	16	1.0
14	28	1.0
14	35	2.0
14	51	1.0
14	70	2.0
14	72	2.0
14	76	1.0
14	77	1.0
14	84	1.0
14	85	3.0
14	86	2.0
14	87	1.0
14	92	3.0
14	95	1.0
14	138	1.0
14	141	1.0
14	142	2.0
15	15	122.0
15	16	7.0
15	18	1.0
15	20	3.0
15	21	1.0
15	22	1.0
15	26	2.0
15	27	1.0
15	28	2.0
15	66	1.0
15	67	1.0
15	71	3.0
15	72	2.0
15	74	1.0
15	76	1.0
15	84	2.0
15	91	1.0
15	92	1.0
15	144	1.0
16	16	87.0
16	17	3.0
16	18	2.0
16	19	1.0
16	20	2.0
16	21	1.0
16	26	5.0
16	27	1.0
16	39	1.0
16	41	2.0
16	44	1.0
16	55	1.0
16	56	1.0
16	64	1.0
16	72	1.0
16	76	1.0
16	82	2.0
16	89	1.0
16	91	2.0
16	131	1.0
16	140	1.0
17	17	111.0
17	18	8.0
17	19	4.0
17	21	1.0
17	22	2.0
17	23	2.0
17	26	2.0
17	27	1.0
17	29	4.0
17	33	1.0
17	37	1.0
17	38	1.0
17	42	3.0
17	43	2.0
17	55	1.0
17	56	2.0
17	58	1.0
17	63	6.0
17	64	1.0
17	65	1.0
17	66	2.0
17	68	1.0
17	72	1.0
17	73	3.0
17	74	1.0
17	87	4.0
17	89	1.0
17	91	1.0
17	95	2.0
17	110	1.0
18	18	126.0
18	19	3.0
18	20	3.0
18	22	1.0
18	25	1.0
18	26	2.0
18	38	1.0
18	41	2.0
18	42	2.0
18	44	1.0
18	56	4.0
18	57	1.0
18	62	2.0
18	63	1.0
18	64	2.0
18	65	1.0
18	71	2.0
18	72	1.0
18	76	1.0
18	84	1.0
18	88	1.0
18	91	2.0
18	117	1.0
18	135	1.0
18	154	2.0
19	19	105.0
19	20	3.0
19	21	1.0
19	24	2.0
19	26	2.0
19	27	4.0
19	36	1.0
19	38	1.0
19	39	1.0
19	44	2.0
19	63	1.0
19	65	3.0
19	66	1.0
19	73	1.0
19	77	1.0
19	81	1.0
19	87	2.0
19	90	1.0
19	92	1.0
19	108	1.0
19	138	1.0
20	20	115.0
20	21	3.0
20	22	5.0
20	24	2.0
20	25	1.0
20	26	1.0
20	28	1.0
20	43	1.0
20	47	1.0
20	55	3.0
20	63	1.0
20	73	1.0
20	130	1.0
21	21	104.0
21	22	1.0
21	23	3.0
21	24	3.0
21	25	4.0
21	27	1.0
21	56	1.0
21	57	1.0
21	71	1.0
21	72	1.0
21	84	1.0
21	88	1.0
21	129	1.0
21	154	1.0
22	22	114.0
22	23	8.0
22	24	2.0
22	25	2.0
22	26	5.0
22	49	1.0
22	55	1.0
22	56	3.0
23	23	103.0
23	24	1.0
23	25	12.0
23	26	2.0
23	28	1.0
24	24	130.0
24	25	2.0
24	26	1.0
24	56	2.0
24	151	1.0
25	25	113.0
25	26	5.0
25	27	1.0
25	39	1.0
25	56	1.0
25	63	1.0
25	87	2.0
25	139	1.0
26	26	116.0
26	27	1.0
26	34	1.0
26	41	1.0
26	42	1.0
26	56	3.0
26	62	1.0
26	64	6.0
26	65	1.0
26	69	1.0
26	72	1.0
26	74	1.0
26	75	2.0
26	78	1.0
26	88	1.0
26	89	1.0
26	93	1.0
26	95	1.0
26	139	2.0
27	27	112.0
27	35	1.0
27	42	4.0
27	43	1.0
27	44	1.0
27	56	3.0
27	63	2.0
27	65	1.0
27	70	1.0
27	71	1.0
27	72	4.0
27	74	1.0
27	75	3.0
27	87	2.0
27	88	1.0
27	90	1.0
27	91	2.0
27	132	1.0
27	136	2.0
27	139	2.0
27	141	1.0
27	146	1.0
28	28	93.0
28	29	3.0
28	34	7.0
28	36	1.0
28	42	1.0
28	63	4.0
28	66	1.0
28	72	1.0
28	75	2.0
28	76	1.0
28	77	2.0
28	78	1.0
28	79	2.0
28	83	1.0
28	84	2.0
28	90	2.0
28	92	1.0
28	95	3.0
28	110	1.0
28	112	1.0
28	143	1.0
29	29	95.0
29	30	5.0
29	33	2.0
29	34	1.0
29	36	3.0
29	37	3.0
29	38	2.0
29	40	1.0
29	43	2.0
29	44	1.0
29	50	2.0
29	65	3.0
29	76	1.0
29	77	1.0
29	78	1.0
29	79	1.0
29	90	1.0
29	115	1.0
30	30	96.0
30	31	7.0
30	32	4.0
30	33	1.0
30	38	2.0
30	41	1.0
30	45	1.0
30	46	1.0
30	50	1.0
30	65	2.0
30	72	1.0
30	146	1.0
31	31	89.0
31	32	4.0
31	33	1.0
31	37	2.0
31	38	4.0
31	43	1.0
31	50	2.0
31	51	2.0
31	63	3.0
31	77	3.0
31	87	1.0
31	90	1.0
31	121	1.0
32	32	116.0
32	33	6.0
32	36	1.0
32	37	3.0
32	38	1.0
32	73	1.0
32	78	1.0
32	79	1.0
32	111	7.0
32	112	1.0
32	114	1.0
32	115	1.0
32	117	2.0
32	120	1.0
32	142	1.0
33	33	94.0
33	35	3.0
33	36	1.0
33	38	3.0
33	50	1.0
33	66	2.0
33	78	3.0
33	79	5.0
33	90	1.0
33	98	1.0
33	106	1.0
33	110	3.0
33	111	2.0
33	112	2.0
33	113	1.0
33	136	1.0
33	137	2.0
33	143	1.0
33	145	1.0
34	34	108.0
34	35	6.0
34	36	4.0
34	41	1.0
34	50	1.0
34	64	2.0
34	72	1.0
34	77	3.0
34	78	1.0
34	79	3.0
34	84	1.0
34	90	3.0
34	93	1.0
34	95	5.0
34	98	2.0
34	105	3.0
34	106	1.0
34	112	1.0
34	115	1.0
34	123	1.0
34	136	2.0
34	142	1.0
34	143	1.0
34	146	1.0
34	151	1.0
34	152	1.0
35	35	124.0
35	36	7.0
35	64	2.0
35	66	6.0
35	67	2.0
35	68	2.0
35	73	1.0
35	74	3.0
35	76	1.0
35	78	1.0
35	79	2.0
35	81	1.0
35	82	1.0
35	84	1.0
35	93	1.0
35	95	1.0
35	97	1.0
35	98	6.0
35	107	1.0
35	137	1.0
35	139	1.0
35	141	2.0
35	143	2.0
35	145	1.0
36	36	99.0
36	37	1.0
36	38	1.0
36	43	2.0
36	66	3.0
36	68	2.0
36	74	1.0
36	78	3.0
36	79	5.0
36	87	1.0
36	90	3.0
36	91	1.0
36	95	2.0
36	98	2.0
36	105	4.0
36	124	1.0
36	137	1.0
36	140	1.0
36	143	2.0
36	146	1.0
37	37	90.0
37	41	1.0
37	43	3.0
37	45	1.0
37	46	1.0
37	50	2.0
37	62	1.0
37	79	1.0
37	87	1.0
37	88	3.0
37	91	1.0
37	93	1.0
38	38	119.0
38	42	1.0
38	45	2.0
38	50	1.0
38	62	1.0
38	65	2.0
38	66	1.0
38	73	1.0
38	90	1.0
39	39	157.0
39	40	3.0
39	43	1.0
39	45	4.0
39	48	1.0
39	49	8.0
39	57	2.0
39	58	1.0
39	62	1.0
39	63	2.0
40	40	120.0
40	43	2.0
40	44	2.0
40	45	1.0
40	46	2.0
40	49	1.0
40	50	2.0
40	51	1.0
40	55	1.0
40	58	2.0
40	63	1.0
40	82	1.0
40	84	1.0
40	132	1.0
40	133	1.0
41	41	96.0
41	42	1.0
41	43	3.0
41	44	2.0
41	57	1.0
41	66	1.0
41	67	3.0
41	69	1.0
41	72	2.0
41	73	2.0
41	79	1.0
41	84	1.0
41	88	3.0
41	89	1.0
41	90	1.0
41	141	1.0
42	42	99.0
42	43	3.0
42	44	5.0
42	50	1.0
42	52	1.0
42	55	1.0
42	63	3.0
42	64	1.0
42	65	1.0
42	66	1.0
42	72	2.0
42	78	2.0
42	79	1.0
42	88	2.0
42	90	3.0
42	91	1.0
42	106	1.0
42	110	1.0
42	111	1.0
42	112	1.0
42	140	1.0
42	141	1.0
43	43	108.0
43	52	1.0
43	56	1.0
43	63	1.0
43	72	1.0
43	73	1.0
43	75	1.0
43	87	1.0
43	88	4.0
43	90	1.0
43	93	1.0
43	102	1.0
43	119	1.0
44	44	117.0
44	57	2.0
44	62	1.0
44	63	1.0
44	64	2.0
44	65	1.0
44	66	1.0
44	72	1.0
44	73	1.0
44	77	1.0
44	130	1.0
44	136	1.0
44	141	1.0
45	45	139.0
45	50	3.0
46	46	101.0
46	48	1.0
46	49	2.0
46	51	1.0
46	53	4.0
46	57	2.0
46	58	1.0
46	65	1.0
46	85	1.0
47	47	116.0
47	48	2.0
47	50	1.0
47	53	2.0
47	54	2.0
47	55	1.0
47	56	1.0
47	57	4.0
47	58	1.0
47	62	1.0
48	48	102.0
48	50	2.0
48	54	4.0
48	55	4.0
48	56	2.0
48	57	1.0
48	61	2.0
48	62	2.0
48	63	1.0
48	89	1.0
49	49	92.0
49	50	1.0
49	53	1.0
49	55	3.0
49	56	2.0
49	62	1.0
49	87	1.0
49	102	2.0
49	140	1.0
50	50	113.0
50	51	3.0
50	52	2.0
50	56	1.0
50	57	3.0
50	62	1.0
50	88	1.0
50	89	3.0
51	51	109.0
51	55	1.0
51	56	1.0
51	58	4.0
51	94	1.0
52	52	27.0
52	55	1.0
52	62	1.0
52	71	2.0
53	53	112.0
53	54	1.0
53	57	5.0
54	54	134.0
54	55	1.0
54	57	1.0
54	58	1.0
54	61	1.0
54	62	1.0
55	55	112.0
55	62	1.0
55	63	3.0
55	87	2.0
55	88	1.0
55	128	1.0
56	56	103.0
56	57	2.0
56	62	4.0
56	63	4.0
56	72	1.0
56	88	2.0
57	57	123.0
57	62	2.0
57	63	2.0
57	91	1.0
57	119	1.0
58	58	83.0
58	61	8.0
58	153	1.0
61	61	64.0
61	99	1.0
62	62	89.0
62	63	1.0
62	68	1.0
62	89	3.0
63	63	115.0
63	64	1.0
63	72	1.0
63	73	1.0
63	75	1.0
63	84	2.0
63	88	3.0
63	89	3.0
63	90	1.0
63	97	1.0
63	141	1.0
64	64	89.0
64	66	1.0
64	69	1.0
64	73	3.0
64	75	2.0
64	76	1.0
64	77	4.0
64	79	2.0
64	83	1.0
64	84	1.0
64	89	2.0
64	90	1.0
64	91	1.0
64	106	1.0
64	109	1.0
64	138	2.0
64	140	1.0
64	141	1.0
65	65	77.0
65	67	1.0
65	68	1.0
65	72	1.0
65	73	2.0
65	74	1.0
65	75	1.0
65	76	1.0
65	77	1.0
65	79	2.0
65	83	1.0
65	95	2.0
65	110	1.0
65	138	1.0
65	139	1.0
65	140	2.0
65	152	1.0
66	66	114.0
66	67	2.0
66	73	2.0
66	76	1.0
66	78	1.0
66	79	4.0
66	83	1.0
66	90	4.0
66	91	1.0
66	95	1.0
66	107	1.0
66	108	1.0
66	119	1.0
66	140	1.0
66	141	2.0
66	143	2.0
67	67	120.0
67	68	2.0
67	69	1.0
67	71	2.0
67	73	5.0
67	74	1.0
67	75	1.0
67	76	1.0
67	84	1.0
67	107	1.0
67	135	1.0
67	138	1.0
67	140	3.0
67	145	1.0
68	68	128.0
68	69	5.0
68	70	1.0
68	72	1.0
68	74	3.0
68	75	1.0
68	76	1.0
68	77	1.0
68	93	1.0
68	95	1.0
68	96	5.0
68	108	1.0
68	110	1.0
68	122	1.0
68	134	1.0
68	136	1.0
68	138	1.0
68	139	1.0
68	141	1.0
68	152	3.0
69	69	90.0
69	74	5.0
69	75	1.0
69	80	1.0
69	81	1.0
69	82	4.0
69	83	2.0
69	84	3.0
69	85	2.0
69	87	1.0
69	92	2.0
69	94	2.0
69	96	1.0
69	108	1.0
69	110	1.0
69	127	1.0
69	134	1.0
69	139	2.0
69	140	2.0
69	142	3.0
69	144	2.0
69	145	1.0
69	146	2.0
69	149	1.0
69	152	1.0
70	70	90.0
70	71	1.0
70	74	1.0
70	75	1.0
70	76	1.0
70	84	1.0
70	85	1.0
70	92	1.0
70	109	1.0
70	126	1.0
70	138	1.0
70	140	1.0
70	142	1.0
70	145	2.0
70	146	1.0
71	71	87.0
71	72	5.0
71	74	1.0
71	76	1.0
71	84	4.0
71	87	1.0
71	139	1.0
71	140	2.0
72	72	104.0
72	75	1.0
72	87	4.0
72	88	1.0
72	90	1.0
72	91	1.0
72	92	1.0
72	95	1.0
72	136	1.0
72	139	2.0
73	73	117.0
73	74	2.0
73	78	1.0
73	83	1.0
73	85	1.0
73	87	1.0
73	128	1.0
73	140	1.0
74	74	108.0
74	77	1.0
74	83	2.0
74	84	4.0
74	85	1.0
74	93	3.0
74	94	2.0
74	96	1.0
74	99	1.0
74	100	3.0
74	109	1.0
74	117	1.0
74	134	1.0
74	140	2.0
74	141	1.0
74	147	1.0
74	151	3.0
75	75	110.0
75	76	1.0
75	80	1.0
75	81	1.0
75	83	1.0
75	87	1.0
75	91	5.0
75	110	1.0
75	137	1.0
75	138	2.0
75	139	1.0
75	140	1.0
75	141	1.0
75	151	1.0
76	76	100.0
76	77	1.0
76	79	1.0
76	81	1.0
76	86	1.0
76	87	1.0
76	91	1.0
76	93	1.0
76	98	2.0
76	115	1.0
76	138	2.0
76	139	3.0
76	141	1.0
76	143	3.0
76	145	1.0
76	147	1.0
77	77	108.0
77	78	1.0
77	79	1.0
77	98	1.0
77	106	1.0
77	107	1.0
77	109	2.0
77	110	1.0
77	111	1.0
77	122	1.0
77	124	1.0
77	135	1.0
77	136	2.0
77	137	2.0
77	142	1.0
78	78	104.0
78	79	4.0
78	90	1.0
78	95	2.0
78	106	2.0
78	110	1.0
78	111	1.0
78	112	2.0
78	136	2.0
78	137	1.0
78	138	2.0
78	139	3.0
79	79	84.0
79	84	1.0
79	95	1.0
79	98	2.0
79	112	1.0
79	115	2.0
79	116	1.0
79	121	2.0
79	136	4.0
79	140	1.0
79	143	1.0
80	80	108.0
80	83	2.0
80	84	1.0
80	85	3.0
80	86	5.0
80	93	1.0
80	95	1.0
80	96	4.0
80	97	1.0
80	99	1.0
80	104	2.0
80	124	1.0
80	132	1.0
80	133	3.0
80	138	3.0
80	141	2.0
80	142	1.0
80	144	1.0
80	145	2.0
80	151	4.0
81	81	105.0
81	82	4.0
81	83	2.0
81	84	1.0
81	85	3.0
81	92	2.0
81	93	1.0
81	94	3.0
81	95	1.0
81	98	1.0
81	99	1.0
81	100	1.0
81	110	1.0
81	121	1.0
81	132	1.0
81	136	1.0
81	139	1.0
81	140	1.0
81	141	3.0
81	144	2.0
81	151	1.0
81	152	1.0
81	154	1.0
82	82	100.0
82	85	2.0
82	86	1.0
82	93	1.0
82	97	3.0
82	103	1.0
82	104	1.0
82	127	1.0
82	136	1.0
82	145	1.0
82	146	2.0
82	148	2.0
82	151	4.0
83	83	107.0
83	84	1.0
83	85	5.0
83	86	3.0
83	93	2.0
83	95	1.0
83	98	1.0
83	99	1.0
83	106	1.0
83	107	1.0
83	111	1.0
83	124	1.0
83	138	1.0
83	140	1.0
83	141	1.0
83	145	1.0
83	151	2.0
83	152	2.0
84	84	105.0
84	86	2.0
84	87	1.0
84	92	5.0
84	138	2.0
84	140	2.0
84	141	1.0
85	85	112.0
85	86	6.0
85	92	1.0
85	93	2.0
85	94	3.0
85	98	1.0
85	118	1.0
85	126	2.0
85	132	3.0
85	136	1.0
85	138	1.0
85	140	1.0
85	141	1.0
85	144	3.0
85	146	2.0
85	147	1.0
85	151	1.0
85	152	1.0
86	86	113.0
86	87	3.0
86	92	6.0
86	94	3.0
86	96	1.0
86	141	3.0
86	151	2.0
86	152	1.0
86	154	1.0
87	87	125.0
87	88	7.0
87	92	5.0
87	100	1.0
87	129	1.0
87	141	1.0
88	88	80.0
88	89	9.0
89	89	50.0
89	90	1.0
89	132	2.0
89	145	1.0
90	90	91.0
90	109	2.0
91	91	49.0
91	95	1.0
92	92	100.0
92	94	1.0
92	98	1.0
92	141	1.0
92	143	1.0
92	151	1.0
93	93	108.0
93	94	4.0
93	95	1.0
93	97	4.0
93	98	3.0
93	104	1.0
93	110	1.0
93	111	3.0
93	127	1.0
93	131	1.0
93	134	1.0
93	136	3.0
93	138	1.0
93	139	4.0
93	140	1.0
93	141	3.0
93	145	4.0
93	148	1.0
93	150	1.0
93	151	1.0
94	94	123.0
94	95	2.0
94	97	5.0
94	99	2.0
94	100	1.0
94	101	1.0
94	105	2.0
94	108	1.0
94	127	1.0
94	130	1.0
94	133	3.0
94	134	1.0
94	137	1.0
94	140	1.0
94	141	1.0
94	142	1.0
94	144	3.0
94	145	9.0
94	146	8.0
94	148	1.0
94	150	1.0
95	95	94.0
95	98	1.0
95	99	3.0
95	105	1.0
95	106	1.0
95	112	1.0
95	114	1.0
95	121	1.0
95	134	1.0
95	137	1.0
95	138	1.0
95	141	4.0
95	143	1.0
95	150	1.0
95	153	3.0
96	96	109.0
96	97	1.0
96	99	1.0
96	101	1.0
96	131	1.0
96	132	1.0
96	134	3.0
96	137	2.0
96	138	1.0
96	145	1.0
96	147	3.0
96	148	1.0
96	150	1.0
97	97	126.0
97	98	3.0
97	99	7.0
97	102	1.0
97	104	1.0
97	105	1.0
97	108	2.0
97	124	1.0
97	127	1.0
97	128	1.0
97	136	2.0
97	140	1.0
97	142	3.0
97	143	1.0
97	144	2.0
97	145	7.0
97	146	3.0
97	147	2.0
97	148	1.0
97	151	2.0
98	98	104.0
98	99	1.0
98	105	2.0
98	108	1.0
98	110	1.0
98	113	1.0
98	114	1.0
98	116	1.0
98	122	2.0
98	124	3.0
98	128	1.0
98	130	1.0
98	132	1.0
98	137	3.0
98	138	1.0
98	140	3.0
98	143	4.0
98	144	1.0
98	145	4.0
98	146	1.0
98	151	1.0
99	99	95.0
99	101	1.0
99	104	2.0
99	105	1.0
99	107	1.0
99	108	1.0
99	123	2.0
99	124	1.0
99	126	1.0
99	128	2.0
99	133	1.0
99	136	1.0
99	137	1.0
99	140	1.0
99	142	5.0
99	144	7.0
99	145	2.0
99	146	2.0
99	147	1.0
99	152	3.0
99	153	1.0
100	100	99.0
100	101	2.0
100	102	5.0
100	108	1.0
100	122	1.0
100	123	1.0
100	126	1.0
100	127	1.0
100	128	1.0
100	131	1.0
100	132	1.0
100	133	3.0
100	134	2.0
100	136	1.0
100	139	1.0
100	142	1.0
100	147	1.0
100	148	2.0
100	149	2.0
100	150	2.0
100	154	1.0
101	101	100.0
101	102	2.0
101	103	3.0
101	123	1.0
101	124	1.0
101	129	2.0
101	135	1.0
101	144	1.0
101	147	1.0
101	148	1.0
102	102	111.0
102	103	5.0
102	119	1.0
102	120	1.0
102	122	1.0
102	123	1.0
102	124	3.0
102	126	1.0
102	127	1.0
102	128	1.0
102	130	1.0
102	131	1.0
102	133	3.0
102	138	1.0
102	146	1.0
102	148	2.0
102	149	2.0
102	150	3.0
102	153	1.0
103	103	103.0
103	104	10.0
103	122	1.0
103	124	1.0
103	125	1.0
103	127	2.0
103	130	2.0
103	133	4.0
103	147	3.0
103	148	1.0
103	150	3.0
103	152	2.0
104	104	145.0
104	116	1.0
104	124	3.0
104	127	5.0
104	128	1.0
104	130	3.0
104	133	1.0
104	134	1.0
104	144	2.0
104	146	4.0
104	147	5.0
104	150	2.0
105	105	110.0
105	109	2.0
105	116	1.0
105	120	1.0
105	121	4.0
105	122	3.0
105	124	1.0
105	129	1.0
105	133	2.0
105	134	1.0
105	137	3.0
105	139	3.0
105	140	1.0
105	142	2.0
105	143	5.0
105	146	1.0
105	147	1.0
106	106	99.0
106	107	2.0
106	108	1.0
106	109	3.0
106	110	1.0
106	111	1.0
106	112	3.0
106	114	1.0
106	115	3.0
106	117	2.0
106	118	1.0
106	132	1.0
106	135	1.0
106	136	1.0
106	137	1.0
106	142	1.0
106	152	1.0
107	107	130.0
107	113	2.0
107	114	2.0
107	116	1.0
107	117	1.0
107	118	5.0
107	120	1.0
107	121	1.0
107	122	1.0
107	128	1.0
107	129	2.0
107	130	2.0
107	131	4.0
107	132	1.0
107	133	1.0
107	136	1.0
107	138	1.0
107	144	2.0
107	146	2.0
107	147	1.0
107	148	1.0
108	108	121.0
108	109	1.0
108	110	1.0
108	117	2.0
108	118	1.0
108	119	1.0
108	120	2.0
108	121	1.0
108	122	1.0
108	123	2.0
108	124	1.0
108	125	2.0
108	127	1.0
108	128	3.0
108	131	1.0
108	133	1.0
108	136	3.0
108	137	1.0
108	138	2.0
108	139	1.0
109	109	100.0
109	110	2.0
109	113	1.0
109	114	1.0
109	115	2.0
109	116	1.0
109	117	3.0
109	121	1.0
109	122	2.0
109	124	1.0
109	136	4.0
109	139	1.0
109	142	1.0
110	110	126.0
110	111	2.0
110	114	2.0
110	117	1.0
110	119	2.0
110	121	1.0
110	122	1.0
110	127	1.0
110	129	1.0
110	131	1.0
110	133	1.0
110	136	5.0
110	137	1.0
110	138	2.0
110	139	4.0
110	140	1.0
110	142	2.0
110	145	1.0
111	111	116.0
111	112	1.0
111	114	2.0
111	115	2.0
111	117	1.0
111	136	4.0
111	143	2.0
112	112	114.0
112	114	1.0
112	115	3.0
112	116	5.0
112	121	7.0
112	122	1.0
112	123	1.0
112	136	2.0
112	139	2.0
112	143	1.0
112	145	1.0
113	113	94.0
113	114	2.0
113	115	3.0
113	116	1.0
113	118	1.0
113	119	2.0
113	120	1.0
113	121	2.0
113	122	4.0
113	123	3.0
113	129	1.0
113	136	4.0
113	137	1.0
113	143	2.0
114	114	113.0
114	115	3.0
114	116	6.0
114	117	3.0
114	118	2.0
114	120	1.0
114	121	1.0
114	122	1.0
114	136	1.0
114	143	3.0
115	115	110.0
115	116	12.0
115	117	3.0
115	119	1.0
115	126	2.0
115	136	2.0
115	137	3.0
115	139	1.0
115	143	1.0
115	145	1.0
116	116	107.0
116	121	5.0
116	122	1.0
116	124	1.0
116	131	1.0
116	136	3.0
116	139	2.0
116	141	1.0
116	143	1.0
116	146	1.0
117	117	108.0
117	118	2.0
117	120	1.0
117	129	3.0
117	136	1.0
117	138	1.0
118	118	115.0
118	119	1.0
118	120	2.0
118	122	1.0
118	126	1.0
118	129	1.0
118	131	1.0
118	132	1.0
118	135	1.0
118	142	2.0
118	147	1.0
119	119	94.0
119	120	3.0
119	121	2.0
119	123	1.0
119	124	1.0
119	126	1.0
119	128	5.0
119	129	2.0
119	131	1.0
119	135	1.0
119	143	1.0
120	120	98.0
120	123	2.0
120	124	1.0
120	125	4.0
120	126	1.0
120	127	1.0
120	128	4.0
120	131	4.0
120	134	1.0
120	145	1.0
120	146	1.0
121	121	108.0
121	122	4.0
121	123	1.0
121	124	1.0
121	129	2.0
121	136	2.0
121	137	1.0
121	139	1.0
121	140	2.0
121	142	1.0
121	143	1.0
121	145	1.0
122	122	117.0
122	130	3.0
122	131	2.0
122	133	1.0
122	136	3.0
122	137	2.0
122	138	2.0
122	140	1.0
122	141	1.0
122	142	1.0
122	143	3.0
122	149	1.0
123	123	120.0
123	124	3.0
123	125	2.0
123	128	2.0
123	131	1.0
123	135	1.0
123	142	1.0
123	144	1.0
123	147	2.0
123	148	1.0
123	149	1.0
124	124	109.0
124	125	8.0
124	127	3.0
124	128	5.0
124	129	1.0
124	130	3.0
124	132	1.0
124	133	1.0
124	135	4.0
124	137	2.0
124	138	1.0
124	140	2.0
124	142	2.0
124	143	1.0
124	146	2.0
125	125	124.0
125	127	2.0
125	130	1.0
125	132	2.0
125	133	2.0
125	146	1.0
125	147	1.0
125	150	2.0
126	126	119.0
126	127	5.0
126	129	1.0
126	130	4.0
126	131	2.0
126	133	1.0
126	135	1.0
126	146	1.0
126	147	5.0
126	148	3.0
126	149	1.0
126	150	2.0
127	127	134.0
127	130	4.0
127	132	1.0
127	133	1.0
127	142	1.0
127	144	1.0
127	146	3.0
127	147	7.0
127	150	4.0
128	128	113.0
128	129	3.0
128	130	4.0
128	131	2.0
128	132	1.0
128	133	1.0
128	135	1.0
128	136	1.0
128	142	1.0
128	145	1.0
128	146	1.0
128	147	2.0
128	149	1.0
128	150	1.0
128	152	1.0
129	129	116.0
129	130	2.0
129	131	1.0
129	132	4.0
129	133	1.0
129	142	2.0
129	145	1.0
129	149	1.0
130	130	105.0
130	131	1.0
130	132	1.0
130	134	1.0
130	138	2.0
130	142	2.0
130	146	2.0
130	147	3.0
130	149	2.0
130	152	1.0
131	131	112.0
131	132	4.0
131	134	1.0
131	135	1.0
131	138	1.0
131	141	1.0
131	144	1.0
131	147	2.0
131	150	1.0
132	132	85.0
132	133	1.0
132	134	3.0
132	135	1.0
132	146	1.0
132	147	1.0
132	149	1.0
132	154	1.0
133	133	127.0
133	134	1.0
133	135	1.0
133	136	2.0
133	147	1.0
133	148	1.0
133	153	1.0
134	134	88.0
134	135	6.0
134	136	1.0
134	138	2.0
134	142	1.0
134	147	1.0
135	135	118.0
135	136	1.0
135	137	1.0
135	138	1.0
135	142	1.0
135	148	1.0
135	152	2.0
136	136	112.0
136	137	2.0
136	138	1.0
136	141	2.0
136	142	1.0
136	143	1.0
137	137	124.0
137	138	1.0
137	139	1.0
137	140	1.0
137	141	1.0
137	142	2.0
137	143	3.0
137	144	1.0
137	145	2.0
137	147	1.0
138	138	96.0
138	139	1.0
138	140	1.0
138	141	1.0
138	142	1.0
138	144	1.0
139	139	105.0
139	140	1.0
139	143	4.0
140	140	98.0
140	142	1.0
140	143	2.0
140	144	2.0
140	145	1.0
140	152	2.0
141	141	101.0
141	142	3.0
141	143	1.0
141	145	4.0
141	151	2.0
142	142	101.0
142	144	2.0
143	143	91.0
143	144	1.0
143	145	2.0
143	146	2.0
144	144	113.0
144	145	2.0
144	146	1.0
144	147	1.0
145	145	97.0
145	146	2.0
146	146	135.0
146	147	3.0
146	148	2.0
146	150	1.0
146	151	3.0
146	152	1.0
147	147	131.0
147	148	4.0
147	150	4.0
147	151	2.0
147	152	3.0
148	148	87.0
148	149	2.0
148	150	3.0
149	149	117.0
149	150	3.0
149	151	1.0
149	152	2.0
150	150	118.0
150	151	5.0
150	152	1.0
150	154	2.0
151	151	94.0
151	152	1.0
151	154	1.0
152	152	74.0
152	154	2.0
153	153	90.0
153	154	1.0
154	154	94.0
156	141	1.0
