3	3	27.0
3	4	12.0
3	5	8.0
3	6	11.0
3	7	1.0
3	8	7.0
3	9	2.0
3	10	4.0
3	12	1.0
3	13	1.0
3	19	1.0
4	4	16.0
4	5	34.0
4	6	13.0
4	7	12.0
4	8	3.0
4	9	10.0
4	10	4.0
4	11	2.0
4	13	2.0
4	14	2.0
4	17	1.0
5	5	24.0
5	6	10.0
5	7	11.0
5	8	8.0
5	9	5.0
5	10	6.0
5	11	5.0
5	12	3.0
5	13	1.0
5	14	1.0
5	19	1.0
5	30	1.0
6	6	37.0
6	7	22.0
6	8	8.0
6	9	9.0
6	10	11.0
6	11	7.0
6	12	2.0
6	13	5.0
6	14	4.0
6	15	2.0
6	17	4.0
6	18	1.0
6	19	3.0
6	24	1.0
7	7	20.0
7	8	16.0
7	9	7.0
7	10	9.0
7	11	6.0
7	12	4.0
7	13	5.0
7	14	5.0
7	15	1.0
7	16	1.0
8	8	16.0
8	9	14.0
8	10	9.0
8	11	8.0
8	12	4.0
8	13	1.0
8	14	3.0
8	15	4.0
8	16	2.0
8	19	1.0
8	86	1.0
9	9	27.0
9	10	14.0
9	11	12.0
9	12	4.0
9	13	2.0
9	14	7.0
9	15	4.0
9	16	3.0
9	30	1.0
10	10	14.0
10	11	10.0
10	12	8.0
10	13	10.0
10	14	12.0
10	15	3.0
10	16	3.0
10	17	2.0
10	18	2.0
10	19	4.0
10	56	1.0
11	11	20.0
11	12	6.0
11	13	11.0
11	14	8.0
11	15	7.0
11	16	7.0
11	17	3.0
11	18	1.0
11	19	4.0
11	20	1.0
12	12	19.0
12	13	14.0
12	14	8.0
12	15	6.0
12	16	8.0
12	17	11.0
12	18	8.0
12	19	2.0
12	71	1.0
13	13	24.0
13	14	17.0
13	15	14.0
13	16	10.0
13	17	8.0
13	18	4.0
13	19	11.0
13	20	4.0
13	21	1.0
13	22	1.0
13	30	1.0
14	14	24.0
14	15	7.0
14	16	12.0
14	17	10.0
14	18	8.0
14	19	4.0
14	20	1.0
14	21	1.0
14	22	2.0
15	15	20.0
15	16	11.0
15	17	5.0
15	18	12.0
15	19	4.0
15	20	1.0
15	21	2.0
15	22	3.0
15	23	1.0
15	24	6.0
15	25	2.0
15	32	1.0
15	82	1.0
16	16	20.0
16	17	6.0
16	18	11.0
16	19	4.0
16	20	5.0
16	21	8.0
16	22	2.0
16	23	2.0
16	24	2.0
16	25	3.0
16	26	1.0
16	29	2.0
17	17	19.0
17	18	13.0
17	19	10.0
17	20	17.0
17	21	5.0
17	22	2.0
17	23	2.0
17	24	1.0
17	27	1.0
17	50	1.0
18	18	24.0
18	19	13.0
18	20	10.0
18	21	7.0
18	22	10.0
18	23	4.0
18	24	8.0
18	25	1.0
18	26	1.0
18	28	2.0
18	29	1.0
18	32	1.0
19	19	23.0
19	20	17.0
19	21	11.0
19	22	6.0
19	23	7.0
19	24	7.0
19	25	4.0
19	26	1.0
19	28	1.0
19	32	1.0
20	20	18.0
20	21	7.0
20	22	6.0
20	23	13.0
20	24	12.0
20	25	5.0
20	26	2.0
20	27	2.0
21	21	13.0
21	22	5.0
21	23	13.0
21	24	21.0
21	25	8.0
21	26	3.0
21	27	6.0
21	28	1.0
21	29	1.0
21	30	1.0
21	32	1.0
22	22	7.0
22	23	9.0
22	24	8.0
22	25	10.0
22	26	4.0
22	27	3.0
22	29	1.0
22	31	1.0
22	33	1.0
23	23	18.0
23	24	14.0
23	25	4.0
23	26	13.0
23	27	6.0
23	28	2.0
23	29	3.0
23	30	1.0
23	31	2.0
24	24	16.0
24	25	18.0
24	26	18.0
24	27	6.0
24	28	10.0
24	30	4.0
24	31	2.0
24	32	2.0
24	33	3.0
24	34	2.0
24	35	1.0
24	38	1.0
25	25	17.0
25	26	14.0
25	27	7.0
25	28	10.0
25	29	13.0
25	30	5.0
25	31	4.0
25	32	2.0
25	33	2.0
25	34	1.0
25	40	1.0
26	26	23.0
26	27	14.0
26	28	6.0
26	29	5.0
26	30	6.0
26	31	8.0
26	32	3.0
26	33	4.0
26	34	1.0
26	35	2.0
26	36	1.0
26	56	1.0
26	64	2.0
27	27	29.0
27	28	15.0
27	29	11.0
27	30	8.0
27	31	5.0
27	32	5.0
27	33	4.0
27	35	3.0
27	36	2.0
27	37	2.0
27	58	1.0
28	28	12.0
28	29	16.0
28	30	15.0
28	31	6.0
28	32	5.0
28	33	7.0
28	34	1.0
28	35	4.0
28	36	1.0
28	37	3.0
28	38	1.0
28	40	1.0
29	29	21.0
29	30	5.0
29	31	10.0
29	32	20.0
29	33	3.0
29	34	2.0
29	35	7.0
29	36	1.0
29	37	1.0
29	39	4.0
29	41	1.0
29	49	1.0
30	30	20.0
30	31	12.0
30	32	9.0
30	33	7.0
30	34	5.0
30	35	1.0
30	36	6.0
30	37	4.0
30	38	1.0
30	39	2.0
30	40	1.0
30	41	1.0
30	49	1.0
30	53	1.0
31	31	22.0
31	32	13.0
31	33	13.0
31	34	9.0
31	35	10.0
31	36	2.0
31	37	7.0
31	38	5.0
31	39	1.0
31	40	4.0
31	41	1.0
31	81	1.0
32	32	21.0
32	33	23.0
32	34	12.0
32	35	6.0
32	36	7.0
32	37	9.0
32	43	1.0
32	53	1.0
32	112	1.0
33	33	23.0
33	34	13.0
33	35	11.0
33	36	14.0
33	37	8.0
33	38	10.0
33	39	6.0
33	40	3.0
33	41	2.0
33	44	1.0
33	52	1.0
34	34	30.0
34	35	18.0
34	36	7.0
34	37	12.0
34	38	5.0
34	39	2.0
34	40	7.0
34	41	1.0
34	42	1.0
34	43	2.0
34	44	1.0
34	60	1.0
35	35	20.0
35	36	12.0
35	37	11.0
35	38	14.0
35	39	13.0
35	40	4.0
35	41	5.0
35	42	5.0
35	43	1.0
35	45	2.0
35	55	1.0
35	70	1.0
36	36	13.0
36	37	15.0
36	38	11.0
36	39	14.0
36	40	9.0
36	41	6.0
36	42	3.0
36	43	4.0
36	44	3.0
36	49	1.0
36	50	1.0
37	37	14.0
37	38	18.0
37	39	8.0
37	40	9.0
37	41	5.0
37	42	5.0
37	45	2.0
37	119	1.0
38	38	27.0
38	39	22.0
38	40	7.0
38	41	13.0
38	42	9.0
38	43	3.0
38	44	1.0
38	46	1.0
38	60	1.0
39	39	26.0
39	40	10.0
39	41	10.0
39	42	6.0
39	43	7.0
39	44	4.0
39	46	2.0
40	40	21.0
40	41	8.0
40	42	18.0
40	43	13.0
40	44	3.0
40	45	6.0
40	46	5.0
40	48	1.0
40	50	2.0
40	51	1.0
40	69	1.0
41	41	26.0
41	42	15.0
41	43	12.0
41	44	8.0
41	45	4.0
41	46	8.0
41	47	2.0
41	49	1.0
41	51	1.0
41	53	2.0
42	42	23.0
42	43	19.0
42	44	11.0
42	45	9.0
42	47	5.0
42	48	4.0
42	49	1.0
42	50	2.0
42	51	1.0
42	52	2.0
42	53	1.0
42	54	1.0
42	55	2.0
43	43	23.0
43	44	10.0
43	45	10.0
43	46	9.0
43	47	3.0
43	48	2.0
43	49	3.0
43	50	1.0
43	51	5.0
43	52	2.0
43	53	2.0
43	54	1.0
44	44	23.0
44	45	7.0
44	46	7.0
44	47	11.0
44	48	13.0
44	49	7.0
44	51	7.0
44	52	1.0
44	53	1.0
44	54	1.0
44	55	4.0
45	45	33.0
45	46	20.0
45	47	7.0
45	48	6.0
45	49	9.0
45	50	6.0
45	51	3.0
45	53	1.0
45	54	5.0
45	55	5.0
45	57	5.0
45	60	2.0
45	63	1.0
45	64	1.0
46	46	23.0
46	47	14.0
46	48	13.0
46	49	12.0
46	50	12.0
46	51	2.0
46	55	3.0
46	111	1.0
47	47	21.0
47	48	12.0
47	49	11.0
47	50	4.0
47	51	8.0
47	52	6.0
47	53	4.0
47	54	3.0
47	55	5.0
47	57	2.0
47	58	2.0
47	59	1.0
47	60	1.0
48	48	21.0
48	49	15.0
48	50	7.0
48	51	5.0
48	52	8.0
48	53	7.0
48	54	6.0
48	55	3.0
48	56	2.0
48	57	2.0
48	96	1.0
49	49	22.0
49	50	19.0
49	51	5.0
49	52	7.0
49	53	6.0
49	54	4.0
49	55	6.0
49	56	2.0
49	57	1.0
49	61	1.0
50	50	15.0
50	51	10.0
50	52	4.0
50	53	9.0
50	54	12.0
50	55	7.0
50	56	6.0
50	57	3.0
50	58	4.0
50	59	6.0
50	61	4.0
51	51	17.0
51	52	15.0
51	53	15.0
51	54	5.0
51	55	9.0
51	56	4.0
51	58	4.0
51	59	3.0
51	62	1.0
52	52	21.0
52	53	8.0
52	54	9.0
52	55	16.0
52	56	10.0
52	57	8.0
52	58	4.0
52	59	4.0
52	60	1.0
52	61	2.0
52	64	1.0
52	77	1.0
53	53	27.0
53	54	16.0
53	55	12.0
53	56	4.0
53	57	9.0
53	58	3.0
53	59	2.0
53	62	1.0
54	54	13.0
54	55	19.0
54	56	11.0
54	57	12.0
54	58	8.0
54	59	5.0
54	60	1.0
54	61	4.0
54	62	2.0
54	63	1.0
55	55	15.0
55	56	8.0
55	57	4.0
55	58	7.0
55	59	1.0
55	60	7.0
55	62	1.0
55	110	1.0
56	56	23.0
56	57	7.0
56	58	8.0
56	59	9.0
56	60	9.0
56	61	6.0
56	62	4.0
56	63	1.0
56	64	1.0
56	68	1.0
56	70	1.0
57	57	11.0
57	58	15.0
57	59	20.0
57	60	8.0
57	61	7.0
57	62	6.0
57	63	1.0
57	64	2.0
57	68	1.0
57	115	1.0
58	58	13.0
58	59	10.0
58	60	15.0
58	61	10.0
58	62	5.0
58	63	2.0
58	68	2.0
58	75	1.0
59	59	37.0
59	60	17.0
59	61	5.0
59	62	7.0
59	63	3.0
59	64	1.0
59	69	1.0
60	60	24.0
60	61	25.0
60	62	19.0
60	63	5.0
60	64	6.0
60	65	6.0
60	66	1.0
60	67	1.0
60	68	3.0
60	69	1.0
61	61	23.0
61	62	14.0
61	63	10.0
61	64	5.0
61	65	3.0
61	66	2.0
61	67	4.0
61	68	3.0
61	69	2.0
61	71	1.0
62	62	19.0
62	63	13.0
62	64	6.0
62	65	14.0
62	66	4.0
62	67	4.0
62	68	4.0
62	69	1.0
62	70	2.0
63	63	18.0
63	64	18.0
63	65	8.0
63	66	2.0
63	67	7.0
63	68	15.0
63	69	7.0
63	70	1.0
63	71	1.0
63	72	1.0
63	77	1.0
64	64	15.0
64	65	12.0
64	66	9.0
64	67	6.0
64	68	11.0
64	69	3.0
64	70	2.0
64	71	2.0
64	73	1.0
64	74	1.0
65	65	18.0
65	66	16.0
65	67	14.0
65	68	7.0
65	69	9.0
65	70	8.0
65	71	2.0
65	72	3.0
65	73	3.0
65	75	1.0
65	78	2.0
66	66	24.0
66	67	15.0
66	68	7.0
66	69	7.0
66	70	9.0
66	71	9.0
66	72	2.0
66	73	3.0
66	74	3.0
67	67	15.0
67	68	10.0
67	69	12.0
67	70	15.0
67	71	15.0
67	72	9.0
67	73	4.0
67	75	1.0
67	77	1.0
67	78	1.0
68	68	19.0
68	69	19.0
68	70	6.0
68	71	4.0
68	72	3.0
68	73	4.0
68	75	1.0
68	77	2.0
69	69	25.0
69	70	24.0
69	71	14.0
69	72	6.0
69	73	7.0
69	74	6.0
69	75	2.0
69	76	2.0
69	77	1.0
69	79	2.0
70	70	18.0
70	71	18.0
70	72	6.0
70	73	9.0
70	74	4.0
70	75	9.0
70	76	5.0
70	77	4.0
70	78	1.0
70	80	1.0
71	71	16.0
71	72	19.0
71	73	9.0
71	74	11.0
71	75	7.0
71	76	2.0
71	77	5.0
71	78	4.0
72	72	31.0
72	73	21.0
72	74	10.0
72	75	10.0
72	76	12.0
72	77	10.0
72	78	3.0
72	79	3.0
73	73	22.0
73	74	16.0
73	75	10.0
73	76	10.0
73	77	9.0
73	78	8.0
73	79	2.0
73	80	1.0
73	89	1.0
74	74	18.0
74	75	13.0
74	76	17.0
74	77	8.0
74	78	9.0
74	79	7.0
74	80	4.0
74	81	2.0
74	82	1.0
74	83	1.0
74	84	1.0
74	85	1.0
75	75	19.0
75	76	28.0
75	77	11.0
75	78	8.0
75	79	6.0
75	80	8.0
75	81	1.0
75	83	1.0
76	76	27.0
76	77	12.0
76	78	10.0
76	79	16.0
76	80	4.0
76	81	3.0
76	83	2.0
76	85	3.0
76	87	1.0
77	77	29.0
77	78	20.0
77	79	5.0
77	80	10.0
77	81	4.0
77	82	2.0
77	83	1.0
77	84	1.0
78	78	19.0
78	79	18.0
78	80	8.0
78	81	4.0
78	82	6.0
78	83	2.0
78	84	1.0
78	86	1.0
78	130	1.0
79	79	15.0
79	80	14.0
79	81	8.0
79	82	6.0
79	83	1.0
79	84	3.0
79	85	1.0
79	86	1.0
79	106	1.0
80	80	13.0
80	81	7.0
80	82	7.0
80	83	11.0
80	84	5.0
80	85	5.0
80	86	2.0
80	89	2.0
81	81	10.0
81	82	10.0
81	83	6.0
81	84	4.0
81	85	3.0
81	86	3.0
81	87	2.0
81	88	3.0
81	96	1.0
82	82	22.0
82	83	14.0
82	84	19.0
82	85	12.0
82	86	7.0
82	87	6.0
82	88	2.0
82	91	3.0
83	83	10.0
83	84	14.0
83	85	13.0
83	86	10.0
83	87	3.0
83	88	13.0
83	89	7.0
83	90	1.0
83	91	2.0
83	92	3.0
83	93	2.0
84	84	18.0
84	85	23.0
84	86	11.0
84	87	8.0
84	88	6.0
84	89	5.0
84	90	1.0
84	91	2.0
84	92	1.0
84	96	1.0
84	97	1.0
84	104	1.0
85	85	32.0
85	86	17.0
85	87	19.0
85	88	8.0
85	89	6.0
85	90	3.0
85	91	2.0
86	86	16.0
86	87	9.0
86	88	10.0
86	89	8.0
86	90	11.0
86	91	8.0
86	92	4.0
86	93	1.0
86	96	2.0
86	109	1.0
87	87	17.0
87	88	14.0
87	89	8.0
87	90	4.0
87	91	12.0
87	92	5.0
87	94	1.0
87	95	3.0
87	98	1.0
87	99	1.0
88	88	14.0
88	89	8.0
88	90	11.0
88	91	3.0
88	92	4.0
88	93	2.0
88	95	2.0
88	97	1.0
88	106	1.0
89	89	19.0
89	90	15.0
89	91	10.0
89	92	10.0
89	93	8.0
89	94	6.0
89	96	1.0
89	97	1.0
89	98	1.0
89	99	1.0
90	90	21.0
90	91	14.0
90	92	11.0
90	93	8.0
90	94	5.0
90	96	4.0
90	97	4.0
90	98	1.0
90	100	1.0
91	91	25.0
91	92	23.0
91	93	6.0
91	94	14.0
91	95	4.0
91	96	3.0
91	97	3.0
91	98	1.0
91	99	1.0
91	100	1.0
92	92	16.0
92	93	14.0
92	94	14.0
92	95	6.0
92	96	2.0
92	97	4.0
92	98	2.0
93	93	13.0
93	94	15.0
93	95	8.0
93	96	6.0
93	97	3.0
93	98	5.0
93	101	1.0
94	94	7.0
94	95	23.0
94	96	10.0
94	97	8.0
94	98	8.0
94	99	7.0
94	101	2.0
94	102	1.0
94	113	1.0
95	95	24.0
95	96	17.0
95	97	15.0
95	98	15.0
95	99	9.0
95	100	2.0
95	101	2.0
95	104	2.0
95	106	1.0
95	107	3.0
96	96	22.0
96	97	14.0
96	98	16.0
96	99	7.0
96	100	8.0
96	101	7.0
96	102	5.0
96	105	1.0
96	106	4.0
96	113	1.0
97	97	30.0
97	98	17.0
97	99	6.0
97	100	3.0
97	101	7.0
97	102	10.0
97	103	1.0
97	104	3.0
97	105	1.0
97	106	1.0
97	107	1.0
97	108	1.0
98	98	23.0
98	99	10.0
98	100	7.0
98	101	7.0
98	102	5.0
98	103	2.0
98	104	4.0
98	105	1.0
98	106	5.0
98	109	1.0
98	110	1.0
99	99	17.0
99	100	12.0
99	101	9.0
99	102	12.0
99	103	9.0
99	104	3.0
99	105	3.0
99	106	4.0
99	107	3.0
100	100	20.0
100	101	9.0
100	102	10.0
100	103	9.0
100	104	7.0
100	105	4.0
100	106	9.0
100	107	1.0
100	108	2.0
100	110	1.0
100	113	1.0
101	101	14.0
101	102	14.0
101	103	12.0
101	104	1.0
101	105	8.0
101	106	10.0
101	107	7.0
101	108	7.0
101	109	1.0
101	112	1.0
101	113	2.0
102	102	20.0
102	103	16.0
102	104	6.0
102	105	6.0
102	106	4.0
102	107	4.0
102	108	4.0
102	112	1.0
103	103	22.0
103	104	6.0
103	105	3.0
103	106	6.0
103	107	6.0
103	108	2.0
103	109	1.0
103	113	1.0
103	114	1.0
104	104	17.0
104	105	9.0
104	106	7.0
104	107	9.0
104	108	4.0
104	109	7.0
104	110	2.0
104	113	1.0
104	114	1.0
104	123	1.0
105	105	15.0
105	106	16.0
105	107	7.0
105	108	7.0
105	109	9.0
105	110	5.0
105	111	3.0
105	112	2.0
105	113	2.0
105	114	1.0
106	106	24.0
106	107	24.0
106	108	8.0
106	109	6.0
106	110	5.0
106	111	5.0
106	112	3.0
106	113	9.0
106	114	2.0
106	115	2.0
106	116	3.0
107	107	20.0
107	108	12.0
107	109	23.0
107	110	11.0
107	111	5.0
107	112	4.0
107	113	2.0
107	114	1.0
107	115	2.0
107	116	1.0
108	108	16.0
108	109	23.0
108	110	19.0
108	111	7.0
108	112	11.0
108	113	10.0
108	114	2.0
109	109	23.0
109	110	19.0
109	111	10.0
109	112	8.0
109	113	19.0
109	114	3.0
109	115	3.0
109	116	5.0
109	120	1.0
110	110	18.0
110	111	13.0
110	112	12.0
110	113	10.0
110	114	4.0
110	115	2.0
110	116	2.0
110	123	1.0
111	111	13.0
111	112	14.0
111	113	7.0
111	114	8.0
111	115	12.0
111	116	3.0
111	117	2.0
112	112	17.0
112	113	11.0
112	114	14.0
112	115	16.0
112	116	5.0
112	117	6.0
112	119	1.0
112	120	1.0
113	113	24.0
113	114	19.0
113	115	11.0
113	116	6.0
113	117	8.0
113	119	3.0
113	120	1.0
113	121	2.0
114	114	20.0
114	115	11.0
114	116	7.0
114	117	9.0
114	118	5.0
114	119	2.0
114	122	1.0
114	124	1.0
115	115	21.0
115	116	16.0
115	117	15.0
115	118	8.0
115	119	11.0
115	120	4.0
115	121	3.0
115	123	1.0
115	124	1.0
115	125	1.0
116	116	35.0
116	117	16.0
116	118	10.0
116	119	16.0
116	120	4.0
116	121	1.0
116	122	2.0
117	117	18.0
117	118	8.0
117	119	10.0
117	120	4.0
117	121	1.0
117	123	3.0
117	124	1.0
117	125	1.0
118	118	19.0
118	119	17.0
118	120	4.0
118	121	6.0
118	122	3.0
118	123	6.0
118	124	5.0
118	125	2.0
119	119	12.0
119	120	15.0
119	121	3.0
119	122	5.0
119	123	6.0
119	124	1.0
119	125	1.0
120	120	18.0
120	121	14.0
120	122	10.0
120	123	7.0
120	124	4.0
120	125	5.0
120	126	3.0
120	128	1.0
121	121	22.0
121	122	6.0
121	123	15.0
121	124	9.0
121	125	10.0
121	126	4.0
121	127	2.0
121	128	1.0
122	122	30.0
122	123	5.0
122	124	11.0
122	125	18.0
122	126	6.0
122	127	7.0
122	128	10.0
122	129	1.0
122	130	1.0
123	123	26.0
123	124	10.0
123	125	4.0
123	126	3.0
123	127	1.0
123	128	2.0
123	129	3.0
124	124	10.0
124	125	17.0
124	126	7.0
124	127	8.0
124	128	4.0
124	129	4.0
124	130	1.0
125	125	20.0
125	126	17.0
125	127	17.0
125	128	3.0
125	129	4.0
125	130	1.0
126	126	26.0
126	127	13.0
126	128	17.0
126	129	23.0
126	130	11.0
127	127	23.0
127	128	17.0
127	129	12.0
127	130	6.0
128	128	32.0
128	129	19.0
128	130	5.0
129	129	24.0
129	130	25.0
130	130	14.0
