3	52	1.0
5	5	33.0
5	6	15.0
5	7	4.0
5	8	3.0
5	9	3.0
5	11	3.0
5	12	1.0
5	16	5.0
5	17	1.0
5	31	1.0
5	32	2.0
5	33	1.0
6	6	85.0
6	7	12.0
6	8	9.0
6	9	4.0
6	10	3.0
6	12	1.0
6	14	1.0
6	16	3.0
6	17	1.0
6	18	4.0
6	23	1.0
6	35	1.0
6	130	1.0
7	7	92.0
7	8	6.0
7	12	1.0
7	16	1.0
7	18	4.0
7	19	1.0
7	21	1.0
7	28	1.0
7	35	2.0
7	36	4.0
7	48	1.0
7	49	1.0
7	146	1.0
8	8	56.0
8	9	1.0
8	10	6.0
8	11	5.0
8	12	2.0
8	18	3.0
8	19	9.0
8	20	2.0
8	156	1.0
9	9	62.0
9	10	13.0
9	11	8.0
9	13	1.0
9	14	2.0
9	15	3.0
9	18	1.0
9	26	1.0
9	35	5.0
9	38	1.0
9	54	1.0
9	66	1.0
10	10	80.0
10	11	16.0
10	12	1.0
10	18	3.0
10	35	5.0
10	36	1.0
10	39	1.0
10	104	1.0
11	11	84.0
11	12	10.0
11	52	1.0
11	132	1.0
12	12	109.0
12	13	8.0
12	14	2.0
12	20	2.0
12	36	2.0
12	41	1.0
12	62	1.0
13	13	79.0
13	14	16.0
13	19	1.0
13	20	5.0
13	21	2.0
13	38	3.0
13	42	1.0
13	53	1.0
13	57	1.0
13	82	1.0
14	14	103.0
14	15	24.0
14	16	1.0
14	19	10.0
14	20	1.0
14	23	2.0
14	25	1.0
14	37	1.0
14	39	1.0
14	40	3.0
14	41	2.0
14	42	1.0
14	43	2.0
15	15	80.0
15	16	6.0
15	18	2.0
15	22	1.0
15	23	1.0
15	24	1.0
15	31	1.0
15	40	5.0
15	127	1.0
16	16	94.0
16	17	16.0
16	18	3.0
16	20	2.0
16	21	4.0
16	22	4.0
16	23	5.0
16	24	1.0
16	33	1.0
16	35	1.0
17	17	80.0
17	18	3.0
17	22	11.0
17	23	6.0
17	24	1.0
17	31	1.0
17	33	1.0
17	67	1.0
18	18	94.0
18	19	8.0
18	22	1.0
18	35	2.0
18	36	2.0
18	39	1.0
18	40	1.0
18	48	1.0
18	52	1.0
18	88	1.0
18	95	1.0
19	19	87.0
19	20	7.0
19	21	4.0
19	22	1.0
19	38	1.0
19	40	4.0
19	59	4.0
19	61	2.0
19	93	1.0
20	20	99.0
20	21	15.0
20	22	3.0
20	40	1.0
20	50	1.0
20	60	5.0
20	61	1.0
21	21	73.0
21	22	8.0
21	25	1.0
21	36	3.0
21	39	4.0
21	40	2.0
21	41	5.0
21	48	1.0
21	60	1.0
22	22	83.0
22	23	11.0
22	24	1.0
22	39	2.0
22	41	1.0
23	23	46.0
23	75	1.0
25	25	1.0
28	49	1.0
29	29	1.0
31	31	4.0
31	32	1.0
31	54	1.0
32	48	1.0
35	35	3.0
35	38	1.0
35	39	1.0
35	61	1.0
36	36	13.0
36	41	1.0
36	44	1.0
36	48	1.0
36	50	1.0
36	58	3.0
36	60	1.0
36	93	1.0
37	37	23.0
37	43	1.0
37	52	2.0
38	38	9.0
38	39	4.0
38	54	1.0
38	61	1.0
38	74	1.0
39	39	35.0
39	40	6.0
39	43	2.0
39	90	1.0
40	40	24.0
40	41	1.0
40	46	2.0
40	47	4.0
40	58	1.0
40	59	2.0
40	65	1.0
40	91	1.0
41	41	24.0
41	42	3.0
41	52	1.0
41	64	2.0
41	65	1.0
41	75	1.0
42	42	18.0
42	43	3.0
42	52	2.0
42	53	4.0
42	54	2.0
42	57	3.0
42	61	6.0
42	67	2.0
43	43	19.0
43	58	1.0
43	67	1.0
43	82	2.0
43	100	1.0
44	44	44.0
44	45	2.0
44	46	3.0
44	58	1.0
44	59	3.0
44	62	3.0
44	63	1.0
44	69	1.0
44	79	1.0
44	82	2.0
45	45	17.0
45	46	3.0
45	55	3.0
45	60	2.0
45	62	3.0
45	63	1.0
45	67	2.0
45	68	2.0
45	82	2.0
45	85	1.0
46	46	34.0
46	47	3.0
46	48	1.0
46	51	2.0
46	54	1.0
46	58	2.0
46	59	3.0
46	62	2.0
46	67	1.0
46	77	1.0
46	90	1.0
47	47	13.0
47	48	5.0
47	49	10.0
47	51	4.0
47	52	3.0
47	62	1.0
47	71	2.0
47	89	1.0
47	90	1.0
48	48	90.0
48	49	9.0
48	50	3.0
48	51	1.0
48	56	1.0
48	58	8.0
48	63	1.0
48	67	1.0
48	70	4.0
48	71	1.0
48	73	1.0
48	91	1.0
48	107	1.0
49	49	74.0
49	50	19.0
49	52	1.0
49	55	1.0
49	56	1.0
49	58	1.0
49	59	1.0
49	77	8.0
49	90	2.0
50	50	83.0
50	51	8.0
50	52	5.0
50	55	1.0
50	56	8.0
50	57	1.0
50	58	3.0
50	63	2.0
50	64	4.0
50	65	2.0
50	66	2.0
50	68	5.0
50	75	1.0
50	76	3.0
50	77	2.0
51	51	25.0
51	52	14.0
51	55	1.0
51	64	1.0
51	66	1.0
51	68	1.0
51	69	1.0
51	74	3.0
51	75	5.0
51	84	3.0
51	88	1.0
52	52	77.0
52	53	11.0
52	54	1.0
52	55	2.0
52	56	1.0
52	63	1.0
52	65	5.0
52	75	2.0
52	87	1.0
53	53	77.0
53	54	4.0
53	55	1.0
53	63	2.0
53	74	1.0
53	124	1.0
54	54	16.0
54	55	2.0
54	63	3.0
55	55	16.0
55	56	7.0
55	62	2.0
55	63	1.0
55	64	7.0
55	65	3.0
55	68	2.0
55	75	1.0
55	77	1.0
56	56	86.0
56	57	22.0
56	58	8.0
56	59	1.0
56	64	3.0
56	65	3.0
56	66	1.0
56	68	6.0
56	70	1.0
56	76	2.0
56	81	2.0
56	82	3.0
56	83	1.0
56	90	4.0
57	57	86.0
57	58	17.0
57	60	1.0
57	65	1.0
57	67	1.0
57	68	4.0
57	69	4.0
57	70	10.0
57	72	2.0
57	74	1.0
57	75	1.0
57	77	3.0
57	79	2.0
57	81	3.0
57	85	2.0
57	89	2.0
57	90	1.0
57	162	1.0
58	58	60.0
58	59	8.0
58	62	1.0
58	68	3.0
58	74	1.0
58	75	1.0
58	81	2.0
58	82	6.0
58	85	1.0
58	86	3.0
58	87	1.0
59	59	69.0
59	60	4.0
59	61	1.0
59	62	7.0
59	64	7.0
59	65	2.0
59	68	5.0
59	69	5.0
59	70	6.0
59	76	2.0
59	82	2.0
59	84	1.0
59	85	2.0
59	87	1.0
59	103	1.0
60	60	77.0
60	61	9.0
60	62	2.0
60	66	2.0
60	68	4.0
60	69	1.0
60	70	1.0
60	76	7.0
60	79	6.0
60	85	1.0
60	155	1.0
61	61	77.0
61	62	14.0
61	63	2.0
61	69	4.0
61	70	1.0
61	79	1.0
61	82	1.0
62	62	86.0
62	63	7.0
62	64	3.0
62	69	2.0
62	77	1.0
62	80	2.0
62	83	1.0
63	63	60.0
63	64	6.0
63	70	1.0
63	75	1.0
63	76	1.0
63	82	1.0
63	83	6.0
63	84	3.0
63	88	1.0
63	89	3.0
64	64	58.0
64	65	5.0
64	69	1.0
64	76	2.0
64	78	1.0
64	79	3.0
64	81	2.0
64	85	1.0
64	89	4.0
64	91	1.0
64	160	1.0
65	65	68.0
65	66	7.0
65	70	1.0
65	76	7.0
65	78	2.0
65	79	4.0
65	81	1.0
65	83	1.0
65	84	3.0
65	85	1.0
65	88	7.0
65	90	3.0
65	91	1.0
66	66	77.0
66	67	9.0
66	70	1.0
66	74	1.0
66	75	5.0
66	76	1.0
66	82	2.0
66	83	1.0
66	84	2.0
66	85	2.0
66	88	2.0
67	67	66.0
67	68	5.0
67	69	1.0
67	78	9.0
67	79	2.0
67	82	1.0
67	83	5.0
67	84	6.0
67	138	1.0
68	68	64.0
68	69	10.0
68	70	1.0
68	74	1.0
68	76	2.0
68	79	8.0
68	82	3.0
68	84	1.0
68	85	1.0
68	100	1.0
68	109	1.0
69	69	66.0
69	70	9.0
69	80	1.0
69	82	1.0
69	83	4.0
69	84	7.0
69	85	16.0
69	88	3.0
69	91	4.0
69	97	2.0
69	119	1.0
70	70	48.0
70	71	13.0
70	72	7.0
70	77	1.0
70	78	1.0
70	82	3.0
70	84	1.0
70	85	7.0
70	86	1.0
70	88	5.0
70	89	3.0
71	71	73.0
71	72	20.0
71	73	4.0
71	75	2.0
71	78	2.0
71	79	2.0
71	80	2.0
71	85	3.0
71	86	4.0
71	87	4.0
71	88	7.0
71	89	5.0
71	91	1.0
71	144	1.0
71	159	1.0
72	72	63.0
72	73	9.0
72	77	1.0
72	78	3.0
72	79	4.0
72	86	3.0
72	88	4.0
72	90	2.0
72	92	1.0
72	100	1.0
73	73	76.0
73	74	11.0
73	95	1.0
74	74	47.0
74	75	7.0
74	86	1.0
74	89	1.0
74	95	1.0
74	97	1.0
75	75	48.0
75	76	14.0
75	77	1.0
75	80	3.0
75	83	1.0
75	84	1.0
75	85	1.0
75	86	2.0
75	93	1.0
75	96	1.0
75	97	3.0
75	98	7.0
75	99	4.0
75	102	1.0
76	76	68.0
76	77	7.0
76	80	1.0
76	82	1.0
76	83	1.0
76	85	4.0
76	87	1.0
76	88	1.0
76	89	1.0
76	90	9.0
76	93	3.0
76	94	1.0
76	95	4.0
76	96	2.0
76	98	1.0
76	99	1.0
77	77	50.0
77	78	7.0
77	85	2.0
77	87	1.0
77	92	2.0
77	93	1.0
77	95	2.0
77	108	6.0
78	78	63.0
78	79	12.0
78	80	1.0
78	82	2.0
78	83	12.0
78	84	1.0
78	88	3.0
78	89	9.0
78	92	1.0
78	156	1.0
78	163	1.0
79	79	64.0
79	80	13.0
79	81	2.0
79	82	4.0
79	84	3.0
79	86	1.0
79	87	1.0
79	88	1.0
79	89	14.0
79	90	1.0
79	91	3.0
79	92	1.0
80	80	83.0
80	81	11.0
80	85	2.0
80	90	6.0
80	91	7.0
80	94	1.0
80	98	2.0
80	99	6.0
80	100	2.0
80	106	1.0
80	107	1.0
80	158	1.0
81	81	88.0
81	82	6.0
81	85	2.0
81	87	7.0
81	90	1.0
81	91	3.0
81	98	5.0
81	99	4.0
81	100	6.0
81	129	1.0
82	82	59.0
82	83	2.0
82	84	3.0
82	85	3.0
82	87	5.0
82	89	1.0
82	90	1.0
82	91	6.0
82	92	1.0
82	97	2.0
82	98	5.0
82	99	1.0
82	129	1.0
83	83	70.0
83	84	6.0
83	85	1.0
83	87	1.0
83	89	4.0
83	92	2.0
84	84	77.0
84	85	9.0
84	89	4.0
84	90	2.0
84	91	1.0
85	85	84.0
85	86	9.0
85	87	3.0
85	88	8.0
85	89	1.0
85	90	2.0
85	91	1.0
85	92	2.0
85	96	1.0
85	97	1.0
85	137	1.0
86	86	81.0
86	87	15.0
86	88	5.0
86	92	1.0
86	96	2.0
86	97	4.0
86	98	2.0
86	99	7.0
87	87	68.0
87	88	9.0
87	89	1.0
87	90	2.0
87	91	1.0
87	92	1.0
87	93	1.0
87	97	3.0
87	98	7.0
87	99	2.0
87	100	2.0
87	121	1.0
87	140	1.0
88	88	65.0
88	89	14.0
88	90	5.0
88	91	2.0
88	97	3.0
88	99	1.0
89	89	73.0
89	90	22.0
89	101	1.0
90	90	69.0
90	91	18.0
90	97	1.0
90	100	6.0
91	91	54.0
91	92	2.0
91	98	2.0
91	100	2.0
91	104	1.0
92	92	58.0
92	93	7.0
92	95	8.0
92	96	10.0
92	97	9.0
92	98	3.0
92	109	2.0
92	111	1.0
92	113	1.0
92	128	1.0
92	141	1.0
92	142	1.0
92	154	1.0
93	93	93.0
93	94	13.0
93	95	2.0
93	98	2.0
93	109	3.0
93	110	1.0
93	111	2.0
94	94	78.0
94	95	4.0
94	96	3.0
94	98	1.0
94	99	2.0
94	101	1.0
94	102	5.0
94	109	2.0
94	111	1.0
95	95	87.0
95	96	11.0
95	98	2.0
95	100	3.0
95	109	2.0
95	111	1.0
95	136	1.0
95	157	1.0
96	96	64.0
96	97	16.0
96	98	3.0
96	99	4.0
96	106	1.0
96	111	1.0
97	97	64.0
97	98	4.0
97	104	1.0
97	105	1.0
97	111	1.0
97	112	1.0
98	98	63.0
98	99	14.0
98	100	2.0
98	104	2.0
98	115	1.0
99	99	89.0
99	100	10.0
99	102	2.0
99	103	1.0
99	104	3.0
99	110	1.0
99	113	1.0
100	100	88.0
100	101	6.0
100	102	1.0
100	103	2.0
100	104	1.0
100	105	1.0
100	110	1.0
100	131	1.0
101	101	91.0
101	102	7.0
101	103	12.0
101	104	3.0
101	106	1.0
101	113	1.0
102	102	81.0
102	103	9.0
102	106	3.0
102	109	1.0
102	110	6.0
102	113	1.0
102	129	1.0
102	134	1.0
102	136	1.0
103	103	68.0
103	104	7.0
103	105	2.0
103	106	5.0
103	112	2.0
103	113	1.0
103	134	1.0
103	136	1.0
104	104	58.0
104	105	14.0
104	112	2.0
104	127	1.0
104	129	1.0
104	131	1.0
104	140	1.0
104	147	1.0
105	105	78.0
105	106	10.0
105	109	2.0
105	112	7.0
105	115	3.0
105	129	1.0
105	136	1.0
105	150	1.0
106	106	84.0
106	107	15.0
106	108	3.0
106	109	5.0
106	110	1.0
106	111	2.0
106	113	1.0
106	114	1.0
106	115	1.0
106	131	1.0
106	133	1.0
106	134	1.0
106	136	1.0
107	107	71.0
107	108	15.0
107	109	6.0
107	110	3.0
107	111	2.0
107	112	4.0
107	115	1.0
107	116	2.0
107	119	2.0
107	129	1.0
107	130	1.0
107	133	1.0
107	143	1.0
107	165	1.0
108	108	86.0
108	109	19.0
108	110	3.0
108	123	2.0
108	129	1.0
108	133	1.0
108	138	1.0
109	109	71.0
109	110	7.0
109	111	1.0
109	112	2.0
109	113	1.0
109	114	1.0
109	115	6.0
109	116	2.0
109	117	1.0
109	128	1.0
109	129	2.0
109	136	1.0
110	110	71.0
110	111	6.0
110	113	2.0
110	116	2.0
110	136	1.0
111	111	20.0
111	112	1.0
111	115	1.0
112	112	7.0
112	113	1.0
112	122	1.0
113	113	5.0
113	114	1.0
113	121	2.0
113	122	1.0
114	114	5.0
114	118	1.0
114	121	2.0
114	134	1.0
114	136	4.0
114	158	1.0
115	115	11.0
115	121	2.0
115	123	1.0
115	165	1.0
116	116	4.0
116	117	2.0
116	121	2.0
116	122	1.0
116	127	1.0
116	130	1.0
117	117	13.0
117	118	1.0
117	120	1.0
117	122	3.0
117	127	1.0
117	128	3.0
117	138	2.0
117	139	1.0
117	156	1.0
117	158	2.0
117	168	1.0
118	118	15.0
118	119	8.0
118	120	2.0
118	121	3.0
118	132	2.0
118	138	1.0
118	139	3.0
118	140	1.0
118	148	1.0
118	153	1.0
118	157	4.0
118	158	2.0
118	159	1.0
119	119	33.0
119	120	7.0
119	122	2.0
119	126	1.0
119	128	1.0
119	132	1.0
119	138	1.0
119	139	4.0
119	147	3.0
119	150	2.0
119	151	1.0
119	156	1.0
120	120	25.0
120	121	11.0
120	126	1.0
120	127	1.0
120	130	1.0
120	133	3.0
120	139	2.0
120	141	1.0
120	147	1.0
120	159	1.0
121	121	42.0
121	122	2.0
121	128	2.0
121	129	1.0
121	132	2.0
121	133	1.0
121	134	1.0
121	135	1.0
121	136	1.0
121	137	1.0
122	122	32.0
122	123	1.0
122	131	1.0
122	132	4.0
122	135	1.0
122	150	1.0
122	157	1.0
123	123	1.0
124	124	3.0
124	144	4.0
125	143	1.0
126	126	31.0
126	127	2.0
126	128	1.0
126	130	1.0
126	135	1.0
126	138	1.0
126	140	1.0
126	142	3.0
126	143	2.0
126	149	1.0
127	127	47.0
127	128	3.0
127	129	1.0
127	130	1.0
127	133	1.0
127	138	1.0
128	128	13.0
128	129	3.0
128	130	2.0
128	131	1.0
128	132	2.0
128	133	2.0
128	137	1.0
128	156	1.0
129	129	7.0
129	130	2.0
129	133	1.0
129	134	1.0
129	138	1.0
129	160	1.0
130	130	8.0
130	131	2.0
130	132	6.0
130	133	2.0
130	135	1.0
130	137	1.0
130	156	4.0
130	157	1.0
130	168	1.0
131	131	7.0
131	132	2.0
131	134	1.0
131	136	2.0
131	156	1.0
131	159	2.0
132	132	14.0
132	133	1.0
132	134	1.0
132	137	1.0
132	155	1.0
132	156	1.0
132	158	1.0
133	133	5.0
133	134	3.0
133	135	3.0
133	137	2.0
133	138	1.0
133	141	1.0
133	154	1.0
133	156	1.0
133	159	1.0
134	134	38.0
134	135	6.0
134	136	11.0
134	142	3.0
134	143	2.0
134	153	4.0
134	157	3.0
134	158	1.0
134	159	1.0
134	160	2.0
134	161	3.0
134	163	1.0
135	135	44.0
135	136	11.0
135	137	2.0
135	139	4.0
135	140	3.0
135	141	1.0
135	142	1.0
135	145	1.0
135	147	4.0
135	151	1.0
135	153	1.0
135	157	7.0
135	161	4.0
136	136	77.0
136	137	7.0
136	138	5.0
136	139	1.0
136	140	2.0
136	145	6.0
136	153	9.0
136	155	1.0
136	157	1.0
136	158	1.0
136	159	1.0
137	137	63.0
137	138	10.0
137	139	2.0
137	140	1.0
137	141	1.0
137	142	3.0
137	153	6.0
137	154	1.0
137	156	9.0
137	157	2.0
137	158	1.0
137	167	1.0
138	138	90.0
138	139	24.0
138	140	5.0
138	142	1.0
138	145	1.0
138	154	3.0
138	158	10.0
138	159	1.0
138	161	1.0
139	139	79.0
139	140	17.0
139	141	1.0
139	142	4.0
139	143	3.0
139	150	1.0
139	158	1.0
139	160	4.0
139	161	1.0
140	140	75.0
140	141	17.0
140	142	2.0
140	148	1.0
140	150	1.0
140	157	4.0
140	158	4.0
140	160	1.0
140	161	3.0
140	163	1.0
141	141	56.0
141	142	13.0
141	157	2.0
141	158	1.0
142	142	63.0
142	143	10.0
142	145	2.0
142	146	2.0
142	153	2.0
142	157	1.0
142	159	2.0
142	164	3.0
142	165	3.0
142	168	1.0
143	143	78.0
143	144	9.0
143	145	5.0
143	155	2.0
143	156	2.0
143	157	2.0
143	159	1.0
143	162	2.0
143	163	1.0
143	164	2.0
143	165	3.0
143	166	3.0
143	169	2.0
144	144	91.0
144	145	9.0
144	147	4.0
144	152	1.0
144	153	5.0
144	156	1.0
144	162	8.0
144	163	3.0
144	164	3.0
144	166	7.0
144	167	2.0
145	145	69.0
145	146	11.0
145	153	5.0
145	154	4.0
145	156	3.0
145	160	3.0
145	166	2.0
145	167	7.0
145	168	2.0
146	146	95.0
146	147	7.0
146	155	1.0
146	156	1.0
146	165	2.0
146	167	2.0
146	168	14.0
147	147	75.0
147	148	1.0
147	154	2.0
147	156	3.0
147	157	3.0
147	164	2.0
147	165	4.0
148	148	2.0
148	150	1.0
148	152	2.0
148	154	2.0
148	155	2.0
149	149	1.0
149	150	2.0
149	168	1.0
150	150	63.0
150	151	10.0
150	153	2.0
150	154	4.0
150	156	2.0
150	160	1.0
150	161	1.0
150	164	1.0
150	167	3.0
150	168	2.0
151	151	73.0
151	152	6.0
151	153	2.0
151	162	1.0
152	152	75.0
152	153	6.0
152	154	1.0
152	157	2.0
152	162	2.0
152	163	3.0
153	153	70.0
153	154	7.0
153	157	1.0
153	160	2.0
153	163	4.0
153	167	1.0
154	154	78.0
154	155	8.0
154	156	4.0
154	158	1.0
154	164	2.0
154	167	1.0
154	168	1.0
154	169	1.0
155	155	84.0
155	156	6.0
155	157	6.0
155	159	1.0
155	162	1.0
155	163	3.0
155	164	4.0
156	156	71.0
156	157	3.0
156	163	1.0
156	166	1.0
156	167	5.0
156	168	7.0
157	157	62.0
157	158	13.0
157	159	4.0
157	163	4.0
158	158	71.0
158	159	8.0
158	160	2.0
158	162	8.0
158	165	1.0
159	159	83.0
159	160	13.0
159	162	1.0
159	163	1.0
159	166	3.0
159	169	1.0
160	160	87.0
160	161	18.0
160	162	4.0
160	163	2.0
160	164	1.0
160	165	3.0
160	169	2.0
161	161	88.0
161	162	10.0
161	163	1.0
161	164	5.0
161	165	1.0
161	169	7.0
162	162	81.0
162	163	13.0
162	164	3.0
162	166	1.0
163	163	82.0
163	164	16.0
163	167	4.0
164	164	89.0
164	165	15.0
164	166	4.0
164	167	1.0
164	168	4.0
164	169	1.0
165	165	71.0
165	166	14.0
165	167	3.0
165	168	7.0
165	169	8.0
166	166	73.0
166	167	12.0
166	168	3.0
166	169	6.0
167	167	87.0
167	168	16.0
167	169	10.0
168	168	101.0
168	169	12.0
169	169	101.0
