3	3	73.0
3	4	7.0
3	11	1.0
3	13	2.0
3	14	1.0
3	31	4.0
3	32	3.0
3	33	8.0
3	34	1.0
3	41	2.0
3	43	4.0
3	158	1.0
4	4	79.0
4	5	11.0
4	15	8.0
4	16	4.0
4	24	1.0
4	28	1.0
4	29	2.0
5	5	69.0
5	6	1.0
5	11	15.0
5	15	3.0
5	16	12.0
5	17	2.0
5	18	13.0
5	19	3.0
5	23	3.0
5	24	3.0
5	25	2.0
5	33	1.0
5	34	10.0
5	35	3.0
5	49	1.0
5	71	1.0
6	6	67.0
6	7	13.0
6	9	13.0
6	10	1.0
6	12	3.0
6	16	2.0
6	19	1.0
6	20	1.0
6	21	2.0
6	22	6.0
6	23	5.0
6	24	7.0
7	7	73.0
7	8	21.0
7	9	8.0
7	11	1.0
7	14	1.0
7	15	1.0
7	16	8.0
7	22	3.0
7	23	10.0
7	96	1.0
8	8	70.0
8	9	10.0
8	15	3.0
8	16	6.0
8	17	1.0
8	18	1.0
8	21	1.0
8	22	4.0
9	9	80.0
9	10	6.0
9	11	3.0
9	12	5.0
9	13	7.0
9	14	5.0
9	15	4.0
9	18	2.0
9	19	2.0
9	21	5.0
9	22	5.0
9	23	3.0
9	24	2.0
9	25	1.0
9	60	1.0
10	10	101.0
10	11	23.0
10	12	3.0
10	20	1.0
10	22	4.0
10	39	2.0
10	57	1.0
11	11	78.0
11	12	4.0
11	16	6.0
11	20	1.0
11	34	12.0
11	35	7.0
11	39	1.0
11	59	3.0
11	61	2.0
11	68	1.0
12	12	73.0
12	13	12.0
12	14	2.0
12	15	1.0
12	21	2.0
12	22	1.0
12	31	2.0
12	33	1.0
12	38	1.0
12	39	3.0
12	40	3.0
12	41	2.0
12	43	5.0
12	45	9.0
12	49	1.0
12	50	1.0
12	51	7.0
12	56	3.0
12	57	4.0
12	60	4.0
12	61	4.0
12	76	1.0
12	85	5.0
12	96	1.0
12	104	1.0
13	13	85.0
13	14	13.0
13	19	3.0
13	20	14.0
13	21	4.0
13	24	1.0
13	30	3.0
13	31	3.0
13	32	1.0
13	33	1.0
13	40	1.0
13	43	7.0
13	44	13.0
13	45	1.0
13	75	1.0
13	76	3.0
13	84	1.0
14	14	73.0
14	15	18.0
14	19	4.0
14	20	1.0
14	21	5.0
14	23	1.0
14	30	1.0
14	31	18.0
14	32	3.0
14	33	1.0
14	41	3.0
14	42	10.0
14	43	1.0
14	48	1.0
14	49	1.0
14	77	1.0
14	78	1.0
14	83	1.0
14	84	12.0
14	91	1.0
15	15	63.0
15	16	13.0
15	17	10.0
15	18	2.0
15	19	4.0
15	31	1.0
15	33	1.0
15	57	2.0
15	84	1.0
15	91	1.0
15	126	1.0
15	169	1.0
15	178	1.0
16	16	92.0
16	17	8.0
16	18	2.0
16	22	3.0
16	23	4.0
16	34	2.0
16	47	1.0
16	92	2.0
17	17	72.0
17	18	13.0
17	19	1.0
17	33	1.0
17	34	4.0
17	35	14.0
17	84	4.0
18	18	56.0
18	19	21.0
18	21	3.0
18	23	3.0
18	24	17.0
18	30	1.0
18	35	9.0
18	43	1.0
19	19	68.0
19	20	34.0
19	21	4.0
19	23	5.0
19	24	13.0
19	35	8.0
19	49	1.0
19	84	3.0
19	85	1.0
20	20	86.0
20	21	20.0
20	23	2.0
20	24	2.0
20	35	1.0
20	36	1.0
20	39	1.0
20	84	2.0
21	21	70.0
21	22	14.0
21	23	5.0
21	24	3.0
21	76	2.0
21	77	2.0
21	122	1.0
22	22	60.0
22	23	12.0
22	25	1.0
22	31	1.0
22	33	1.0
23	23	74.0
23	24	29.0
23	30	1.0
23	85	1.0
23	117	1.0
24	24	100.0
24	25	12.0
24	28	2.0
24	33	1.0
24	34	2.0
24	41	1.0
24	75	1.0
24	97	1.0
25	25	74.0
25	26	26.0
25	27	4.0
25	28	8.0
25	29	1.0
25	31	2.0
25	33	1.0
25	58	1.0
25	62	1.0
25	131	1.0
26	26	80.0
26	27	10.0
26	28	1.0
26	31	1.0
26	70	1.0
26	71	2.0
27	27	82.0
27	28	11.0
28	28	56.0
28	29	4.0
28	31	4.0
28	77	1.0
29	29	62.0
29	30	3.0
29	31	4.0
30	30	75.0
30	31	16.0
30	32	2.0
30	96	1.0
31	31	44.0
31	32	4.0
31	33	2.0
31	41	2.0
31	42	2.0
31	44	2.0
31	50	1.0
31	71	1.0
32	32	35.0
32	33	8.0
32	34	1.0
32	68	1.0
32	84	1.0
32	94	1.0
33	33	27.0
33	34	5.0
33	35	2.0
34	34	55.0
34	35	12.0
34	69	1.0
34	72	1.0
35	35	64.0
35	36	3.0
35	38	4.0
36	36	68.0
36	37	20.0
36	40	3.0
36	50	4.0
36	61	1.0
36	69	3.0
36	73	4.0
37	37	53.0
37	38	10.0
37	39	8.0
37	40	7.0
37	43	1.0
37	45	1.0
37	50	1.0
37	70	3.0
37	72	5.0
37	73	1.0
37	74	1.0
37	94	1.0
38	38	77.0
38	39	3.0
38	40	1.0
38	44	1.0
38	45	4.0
38	46	1.0
38	62	1.0
38	73	3.0
38	79	1.0
38	80	1.0
38	95	6.0
38	98	1.0
39	39	22.0
39	40	14.0
39	45	4.0
39	56	2.0
39	59	3.0
39	60	1.0
39	61	4.0
39	62	1.0
39	79	1.0
40	40	39.0
40	41	1.0
40	43	2.0
40	45	5.0
40	53	1.0
40	54	3.0
40	62	3.0
40	74	2.0
40	87	1.0
41	41	21.0
41	42	13.0
41	43	5.0
41	44	1.0
41	45	3.0
41	46	1.0
41	54	2.0
41	55	1.0
41	56	1.0
41	62	1.0
41	63	3.0
41	74	1.0
41	85	1.0
41	86	1.0
42	42	22.0
42	43	6.0
42	45	1.0
42	55	1.0
42	56	1.0
42	66	6.0
42	67	3.0
42	70	1.0
42	85	1.0
43	43	31.0
43	44	19.0
43	45	5.0
43	46	1.0
43	51	1.0
43	58	1.0
43	63	1.0
43	67	2.0
43	80	1.0
43	85	7.0
43	86	3.0
43	95	1.0
43	96	2.0
43	98	3.0
44	44	30.0
44	45	7.0
44	57	1.0
44	62	1.0
44	68	3.0
44	69	4.0
45	45	18.0
45	46	2.0
45	50	1.0
45	63	1.0
45	69	1.0
45	85	3.0
45	86	3.0
45	93	1.0
45	95	4.0
45	96	1.0
45	98	1.0
46	46	28.0
46	47	11.0
46	51	1.0
46	54	1.0
46	56	4.0
46	63	2.0
46	73	1.0
46	85	4.0
46	94	4.0
46	95	16.0
46	98	4.0
47	47	51.0
47	48	11.0
47	55	2.0
47	56	6.0
47	63	8.0
47	64	9.0
47	66	2.0
47	67	4.0
47	84	3.0
47	85	6.0
47	86	1.0
47	94	4.0
47	95	1.0
47	96	1.0
48	48	43.0
48	49	20.0
48	50	6.0
48	51	2.0
48	59	1.0
48	62	4.0
48	63	12.0
48	64	3.0
48	65	1.0
48	67	5.0
48	70	1.0
48	71	1.0
48	73	2.0
48	74	4.0
48	75	1.0
48	85	2.0
48	143	1.0
49	49	65.0
49	50	13.0
49	70	5.0
49	71	1.0
49	73	16.0
49	75	1.0
49	86	1.0
50	50	75.0
50	51	30.0
50	52	1.0
50	62	2.0
50	63	4.0
50	70	1.0
50	73	13.0
51	51	76.0
51	52	3.0
51	53	1.0
51	54	4.0
51	56	1.0
51	57	2.0
51	61	1.0
51	62	4.0
51	63	6.0
51	69	1.0
51	73	2.0
51	74	1.0
52	52	83.0
52	53	2.0
52	57	1.0
52	59	2.0
52	61	4.0
52	62	2.0
52	68	2.0
52	73	1.0
52	74	3.0
52	76	1.0
52	91	3.0
52	92	9.0
53	53	63.0
53	54	16.0
53	61	2.0
53	62	4.0
53	63	3.0
53	67	4.0
53	68	8.0
53	74	1.0
53	78	1.0
53	87	6.0
53	92	10.0
53	98	1.0
54	54	41.0
54	55	5.0
54	59	5.0
54	60	3.0
54	63	1.0
54	78	8.0
54	86	1.0
54	87	3.0
54	89	1.0
54	93	1.0
54	94	6.0
54	97	5.0
54	98	5.0
55	55	46.0
55	56	11.0
55	58	1.0
55	59	2.0
55	64	9.0
55	65	1.0
55	66	1.0
55	67	3.0
55	69	1.0
55	77	1.0
55	78	2.0
55	86	4.0
55	87	3.0
55	94	3.0
55	95	1.0
55	97	1.0
55	98	1.0
56	56	41.0
56	57	9.0
56	58	2.0
56	59	1.0
56	60	4.0
56	61	4.0
56	62	1.0
56	63	7.0
56	64	1.0
56	73	1.0
56	74	2.0
56	78	1.0
56	86	2.0
56	98	3.0
56	101	1.0
56	122	1.0
56	132	1.0
57	57	58.0
57	58	7.0
57	59	9.0
57	60	4.0
57	61	14.0
57	62	15.0
57	63	6.0
57	64	1.0
57	68	1.0
57	74	1.0
57	90	1.0
57	92	2.0
58	58	56.0
58	59	8.0
58	60	8.0
58	61	18.0
58	64	8.0
58	65	5.0
58	66	3.0
58	68	2.0
58	74	6.0
58	75	2.0
58	77	2.0
58	79	1.0
58	81	1.0
58	84	2.0
58	85	1.0
58	86	1.0
58	90	1.0
58	91	2.0
58	95	1.0
58	96	6.0
59	59	71.0
59	60	9.0
59	61	7.0
59	62	1.0
59	65	1.0
59	80	1.0
59	99	1.0
60	60	47.0
60	61	8.0
60	65	7.0
60	67	1.0
60	75	4.0
60	77	8.0
60	84	1.0
60	85	3.0
60	86	1.0
60	90	1.0
60	91	1.0
60	94	1.0
60	96	2.0
60	97	5.0
60	98	2.0
60	124	1.0
61	61	51.0
61	62	10.0
61	63	1.0
61	64	2.0
61	73	1.0
61	85	1.0
61	96	1.0
62	62	50.0
62	63	15.0
62	64	1.0
62	66	2.0
62	67	4.0
62	68	11.0
62	73	1.0
62	92	2.0
63	63	52.0
63	64	7.0
63	66	1.0
63	67	9.0
63	68	3.0
63	70	1.0
63	74	1.0
63	85	2.0
63	86	1.0
64	64	45.0
64	65	12.0
64	66	10.0
64	67	3.0
64	68	6.0
64	70	2.0
64	74	5.0
64	75	1.0
64	76	1.0
64	77	1.0
64	84	1.0
64	85	3.0
64	90	1.0
64	91	1.0
64	119	1.0
65	65	64.0
65	66	17.0
65	68	1.0
65	70	5.0
65	74	8.0
65	75	8.0
65	76	3.0
65	77	8.0
65	78	1.0
65	81	3.0
65	85	1.0
65	90	2.0
65	120	1.0
66	66	50.0
66	67	19.0
66	68	3.0
66	70	4.0
66	74	2.0
66	75	14.0
66	77	3.0
66	78	3.0
66	85	1.0
66	86	3.0
66	87	2.0
67	67	61.0
67	68	7.0
67	69	1.0
67	70	1.0
67	74	6.0
67	75	1.0
67	77	2.0
67	78	1.0
67	85	3.0
67	86	2.0
67	87	9.0
67	92	1.0
67	98	2.0
68	68	58.0
68	69	15.0
68	74	12.0
68	75	4.0
68	77	1.0
68	82	1.0
68	92	9.0
68	93	3.0
68	109	1.0
68	151	1.0
69	69	84.0
69	70	11.0
69	73	1.0
69	74	10.0
69	75	3.0
69	76	5.0
69	77	6.0
69	80	1.0
69	87	1.0
69	91	1.0
69	98	1.0
69	99	3.0
70	70	80.0
70	71	17.0
70	72	17.0
70	73	3.0
70	74	11.0
70	75	11.0
70	76	4.0
70	119	1.0
71	71	86.0
71	72	26.0
71	73	4.0
71	126	1.0
72	72	57.0
72	73	9.0
72	105	1.0
73	73	65.0
73	74	3.0
73	79	1.0
73	93	1.0
74	74	72.0
74	75	5.0
74	92	1.0
75	75	55.0
75	76	36.0
75	77	14.0
75	83	1.0
75	84	1.0
75	85	1.0
75	87	2.0
75	90	2.0
76	76	91.0
76	77	20.0
76	91	1.0
76	102	1.0
76	103	10.0
77	77	71.0
77	78	9.0
77	81	2.0
77	82	2.0
77	83	6.0
77	84	1.0
77	87	9.0
77	92	3.0
77	93	6.0
77	98	1.0
77	110	1.0
77	135	1.0
77	138	1.0
78	78	38.0
78	79	10.0
78	82	2.0
78	83	3.0
78	84	2.0
78	85	2.0
78	87	1.0
78	88	3.0
78	89	5.0
78	93	3.0
78	94	5.0
78	98	10.0
78	109	1.0
78	110	1.0
78	116	3.0
78	117	4.0
78	127	1.0
79	79	64.0
79	80	10.0
79	81	1.0
79	82	2.0
79	83	1.0
79	86	2.0
79	89	2.0
79	94	5.0
79	95	3.0
79	97	4.0
79	98	1.0
79	109	2.0
79	110	2.0
79	116	3.0
79	117	3.0
80	80	31.0
80	81	5.0
80	84	1.0
80	90	1.0
80	93	5.0
80	94	4.0
80	96	2.0
80	98	2.0
80	99	5.0
80	103	3.0
80	109	3.0
80	110	2.0
80	130	1.0
81	81	25.0
81	83	1.0
81	84	5.0
81	87	5.0
81	89	3.0
81	99	3.0
81	102	2.0
81	103	3.0
81	104	3.0
81	105	1.0
81	109	1.0
81	110	2.0
81	111	1.0
81	120	1.0
82	82	21.0
82	83	19.0
82	109	1.0
82	110	1.0
83	83	46.0
83	91	2.0
83	92	2.0
83	109	1.0
83	126	1.0
84	84	27.0
84	85	1.0
84	92	1.0
84	94	1.0
84	103	1.0
84	104	1.0
84	105	3.0
84	110	1.0
84	144	1.0
85	85	30.0
85	86	8.0
85	98	1.0
85	126	1.0
86	86	14.0
86	87	3.0
86	94	1.0
86	95	7.0
86	96	4.0
86	97	1.0
86	98	6.0
86	99	1.0
87	87	9.0
87	88	2.0
87	89	3.0
87	92	2.0
87	93	1.0
87	94	2.0
87	95	4.0
87	98	3.0
87	99	3.0
87	102	1.0
87	103	1.0
87	104	4.0
87	117	3.0
88	88	22.0
88	89	4.0
88	90	4.0
88	92	1.0
88	100	1.0
88	104	1.0
88	105	4.0
88	121	5.0
89	98	1.0
89	99	3.0
89	100	4.0
89	110	1.0
89	116	1.0
90	90	22.0
90	91	5.0
90	100	4.0
90	101	4.0
90	102	1.0
90	109	1.0
90	115	1.0
90	116	1.0
90	119	1.0
90	120	4.0
90	121	2.0
91	91	66.0
91	92	9.0
91	93	1.0
91	94	1.0
91	112	1.0
91	117	1.0
91	126	4.0
91	155	1.0
92	92	87.0
92	93	28.0
92	94	3.0
92	95	1.0
92	121	1.0
93	93	70.0
93	94	18.0
93	96	1.0
93	98	13.0
93	102	2.0
94	94	71.0
94	95	15.0
94	96	2.0
94	97	5.0
94	98	8.0
94	154	1.0
95	95	54.0
95	96	29.0
95	97	4.0
95	98	8.0
95	101	1.0
95	102	4.0
95	103	2.0
96	96	42.0
96	97	14.0
96	98	9.0
96	101	2.0
96	102	6.0
96	117	3.0
97	97	52.0
97	98	11.0
97	100	3.0
97	101	5.0
97	102	2.0
97	103	1.0
97	111	4.0
97	123	2.0
97	124	1.0
97	133	7.0
97	158	1.0
98	98	62.0
98	99	6.0
98	100	3.0
98	108	9.0
98	112	1.0
98	113	1.0
98	114	3.0
98	115	1.0
99	99	34.0
99	100	4.0
99	102	2.0
99	104	1.0
99	108	4.0
99	111	8.0
99	117	1.0
99	118	1.0
99	133	2.0
100	100	20.0
100	101	10.0
100	102	3.0
100	103	3.0
100	104	1.0
100	106	4.0
100	107	4.0
100	108	5.0
100	111	1.0
100	114	1.0
100	115	5.0
100	116	1.0
100	119	1.0
100	125	2.0
100	133	2.0
101	101	56.0
101	102	17.0
101	103	14.0
101	104	19.0
101	106	3.0
101	107	1.0
101	111	4.0
101	117	3.0
101	121	3.0
101	122	1.0
101	123	1.0
101	124	2.0
101	125	2.0
101	133	12.0
101	134	1.0
101	155	1.0
102	102	71.0
102	103	26.0
102	104	8.0
102	105	1.0
102	107	1.0
102	117	3.0
102	121	2.0
102	122	4.0
102	123	1.0
102	124	1.0
102	133	1.0
103	103	81.0
103	104	8.0
103	106	1.0
103	121	6.0
103	122	4.0
103	124	2.0
103	155	2.0
104	104	69.0
104	105	8.0
104	121	2.0
104	124	3.0
104	125	2.0
104	127	1.0
104	132	3.0
104	140	2.0
104	155	1.0
104	157	1.0
104	160	1.0
105	105	65.0
105	106	15.0
105	111	3.0
105	112	1.0
105	114	3.0
105	120	2.0
105	121	12.0
105	132	10.0
105	133	2.0
105	143	3.0
105	148	1.0
105	157	1.0
105	164	1.0
106	106	68.0
106	107	5.0
106	111	4.0
106	112	3.0
106	113	2.0
106	114	1.0
106	117	1.0
106	118	1.0
106	124	2.0
106	125	5.0
106	133	2.0
106	134	1.0
107	107	55.0
107	108	21.0
107	109	1.0
107	110	4.0
107	113	5.0
107	114	1.0
107	115	3.0
107	116	6.0
107	117	5.0
107	119	1.0
107	123	3.0
107	126	3.0
107	161	1.0
107	179	1.0
108	108	79.0
108	109	4.0
108	110	4.0
108	111	4.0
108	115	4.0
108	117	1.0
108	118	2.0
108	162	1.0
109	109	60.0
109	110	5.0
109	112	1.0
109	115	4.0
109	116	5.0
109	117	5.0
109	118	3.0
109	120	1.0
109	122	1.0
109	129	1.0
109	133	2.0
109	135	1.0
110	110	31.0
110	111	2.0
110	112	7.0
110	115	1.0
110	117	1.0
110	119	1.0
111	111	45.0
111	112	15.0
111	113	2.0
111	114	2.0
111	116	5.0
111	117	1.0
111	120	1.0
111	128	1.0
111	155	1.0
112	112	44.0
112	113	11.0
112	114	5.0
112	115	2.0
112	117	11.0
112	118	2.0
112	121	1.0
113	113	66.0
113	114	8.0
113	116	2.0
113	117	12.0
113	118	4.0
113	122	9.0
113	148	1.0
113	149	3.0
114	114	75.0
114	115	15.0
114	116	7.0
114	117	1.0
114	122	3.0
114	126	5.0
114	129	1.0
114	132	4.0
114	133	4.0
114	140	2.0
114	141	1.0
114	168	1.0
115	115	54.0
115	116	23.0
115	117	9.0
115	118	15.0
115	120	5.0
115	122	7.0
115	123	2.0
115	125	4.0
115	126	7.0
115	137	2.0
116	116	66.0
116	117	10.0
116	118	12.0
116	120	1.0
116	122	6.0
116	123	9.0
116	124	2.0
116	125	2.0
116	126	2.0
117	117	73.0
117	118	17.0
117	122	4.0
117	123	1.0
117	131	1.0
117	133	2.0
117	140	1.0
117	165	1.0
118	118	75.0
118	119	7.0
118	120	4.0
118	122	9.0
118	123	1.0
118	125	6.0
118	126	5.0
118	127	1.0
118	152	1.0
118	168	1.0
119	119	98.0
119	120	10.0
119	124	1.0
119	125	3.0
119	127	1.0
119	128	6.0
119	129	6.0
119	130	2.0
119	131	1.0
119	161	1.0
120	120	91.0
120	121	6.0
120	125	2.0
120	128	1.0
120	129	1.0
120	163	1.0
121	121	77.0
121	122	5.0
121	125	1.0
121	127	3.0
121	128	1.0
121	131	2.0
121	132	8.0
121	179	1.0
122	122	50.0
122	123	6.0
122	124	6.0
122	125	6.0
122	126	3.0
122	127	3.0
122	149	1.0
122	155	2.0
123	123	45.0
123	124	13.0
123	125	2.0
123	133	2.0
123	134	1.0
123	140	2.0
124	124	54.0
124	125	4.0
124	126	3.0
124	128	1.0
124	133	9.0
124	134	19.0
124	140	3.0
124	146	1.0
124	162	10.0
124	165	1.0
125	125	43.0
125	126	7.0
125	127	3.0
125	128	4.0
125	129	8.0
125	131	2.0
125	132	10.0
125	133	6.0
125	134	8.0
125	161	1.0
125	162	7.0
125	163	12.0
125	172	1.0
126	126	83.0
126	127	2.0
126	131	2.0
126	133	5.0
126	140	2.0
126	157	1.0
126	178	1.0
127	127	71.0
127	128	13.0
127	129	8.0
127	130	16.0
127	131	10.0
127	132	6.0
127	156	4.0
127	163	1.0
127	164	2.0
128	128	69.0
128	129	13.0
128	130	1.0
128	131	4.0
128	132	4.0
128	133	2.0
128	136	1.0
128	139	1.0
128	143	1.0
128	155	1.0
128	163	1.0
128	164	4.0
129	129	75.0
129	130	3.0
129	133	1.0
129	134	6.0
129	163	9.0
129	164	3.0
130	130	94.0
130	131	13.0
130	135	1.0
130	136	1.0
130	155	3.0
130	163	2.0
130	164	2.0
130	165	1.0
131	131	92.0
131	132	16.0
131	134	1.0
131	136	1.0
131	142	1.0
131	149	1.0
131	154	4.0
131	155	1.0
131	156	3.0
131	157	4.0
131	163	5.0
131	164	3.0
131	166	1.0
132	132	70.0
132	133	7.0
132	134	2.0
132	135	12.0
132	141	4.0
132	143	1.0
132	144	1.0
132	146	1.0
132	148	1.0
132	150	1.0
132	153	9.0
132	156	3.0
132	157	1.0
132	159	1.0
132	161	6.0
132	162	10.0
132	163	7.0
133	133	59.0
133	134	20.0
133	135	1.0
133	136	7.0
133	139	2.0
133	140	6.0
133	141	7.0
133	144	1.0
133	155	1.0
133	162	2.0
133	163	2.0
134	134	42.0
134	135	6.0
134	136	2.0
134	140	2.0
134	141	3.0
134	149	4.0
134	162	7.0
134	163	2.0
134	170	1.0
135	135	57.0
135	136	19.0
135	137	8.0
135	138	1.0
135	139	10.0
135	141	4.0
135	142	2.0
135	143	5.0
135	144	3.0
135	146	1.0
135	147	1.0
135	150	1.0
135	157	2.0
135	158	3.0
135	160	7.0
135	161	9.0
135	162	10.0
135	164	2.0
135	174	1.0
136	136	48.0
136	137	2.0
136	138	2.0
136	139	10.0
136	140	2.0
136	141	2.0
136	142	1.0
136	143	3.0
136	144	4.0
136	146	1.0
136	147	5.0
136	148	2.0
136	150	1.0
136	158	1.0
136	161	2.0
136	162	17.0
136	180	1.0
137	137	65.0
137	138	13.0
137	139	2.0
137	141	6.0
137	142	1.0
137	143	1.0
137	145	2.0
137	146	5.0
137	147	3.0
137	153	3.0
137	161	6.0
137	162	6.0
138	138	74.0
138	139	11.0
138	141	19.0
138	142	6.0
138	144	3.0
138	145	4.0
138	146	2.0
138	147	7.0
138	148	1.0
138	162	1.0
138	172	1.0
139	139	48.0
139	140	20.0
139	141	4.0
139	142	10.0
139	143	13.0
139	144	5.0
139	147	2.0
139	149	2.0
139	150	1.0
139	156	1.0
139	160	4.0
139	161	1.0
139	162	4.0
139	174	1.0
140	140	45.0
140	141	8.0
140	142	6.0
140	144	13.0
140	148	1.0
140	149	4.0
140	150	2.0
140	151	3.0
140	159	2.0
140	160	1.0
141	141	48.0
141	142	8.0
141	143	3.0
141	145	2.0
141	146	24.0
141	149	2.0
141	150	5.0
141	153	1.0
141	155	1.0
141	159	1.0
141	160	4.0
141	161	16.0
141	163	1.0
141	172	1.0
142	142	83.0
142	143	11.0
142	145	8.0
142	146	1.0
142	147	1.0
142	153	1.0
142	159	4.0
142	160	3.0
142	161	6.0
142	178	1.0
143	143	59.0
143	144	10.0
143	148	2.0
143	157	3.0
143	158	1.0
143	161	2.0
143	162	4.0
143	163	3.0
144	144	29.0
144	145	1.0
144	146	1.0
144	148	5.0
144	162	1.0
144	163	2.0
144	172	1.0
145	145	57.0
145	146	17.0
145	150	1.0
145	151	1.0
146	146	79.0
146	147	7.0
146	148	1.0
146	150	2.0
146	154	1.0
146	160	4.0
146	161	6.0
146	172	1.0
146	181	2.0
147	147	88.0
147	148	14.0
147	149	2.0
147	151	1.0
147	157	1.0
147	158	1.0
147	160	6.0
147	161	3.0
147	162	6.0
147	171	2.0
147	172	7.0
147	173	3.0
148	148	75.0
148	149	19.0
148	159	3.0
148	160	6.0
148	162	1.0
148	172	4.0
148	173	6.0
148	174	4.0
149	149	89.0
149	150	8.0
149	151	1.0
149	160	2.0
149	173	1.0
150	150	61.0
150	151	4.0
150	152	3.0
150	153	1.0
150	159	1.0
150	160	13.0
150	161	10.0
150	172	1.0
151	151	50.0
151	152	3.0
151	159	4.0
151	160	8.0
151	170	3.0
151	171	11.0
151	172	2.0
151	173	8.0
151	174	5.0
152	152	69.0
152	153	15.0
152	154	5.0
152	156	1.0
152	157	1.0
152	159	2.0
152	169	1.0
152	170	6.0
153	153	68.0
153	154	16.0
153	157	1.0
153	158	1.0
153	161	7.0
153	168	11.0
153	169	13.0
153	170	1.0
154	154	81.0
154	155	6.0
154	169	15.0
154	170	9.0
155	155	76.0
155	156	5.0
155	157	5.0
155	170	1.0
155	173	1.0
155	180	3.0
156	156	72.0
156	157	6.0
156	165	1.0
156	178	9.0
156	179	9.0
156	180	7.0
157	157	52.0
157	158	10.0
157	160	3.0
157	162	3.0
157	164	1.0
157	178	2.0
157	179	7.0
157	180	4.0
158	158	92.0
158	159	11.0
158	160	2.0
158	161	1.0
158	164	1.0
158	172	2.0
158	173	9.0
158	174	2.0
158	176	1.0
158	178	8.0
158	179	2.0
158	181	1.0
159	159	72.0
159	160	5.0
159	171	11.0
159	173	11.0
159	174	5.0
159	179	4.0
160	160	56.0
160	161	6.0
160	162	1.0
160	172	3.0
160	173	5.0
160	174	3.0
161	161	71.0
161	162	3.0
161	163	1.0
161	170	1.0
161	177	1.0
161	178	3.0
162	162	86.0
162	163	16.0
163	163	96.0
163	164	5.0
164	164	90.0
164	165	18.0
164	166	1.0
164	167	1.0
165	165	96.0
165	166	17.0
165	167	9.0
165	168	4.0
165	179	1.0
166	166	96.0
166	167	14.0
167	167	37.0
167	168	1.0
167	173	1.0
167	174	1.0
167	181	1.0
168	168	68.0
168	169	3.0
168	170	2.0
168	174	2.0
168	175	1.0
169	169	99.0
169	170	27.0
169	171	3.0
169	175	2.0
169	177	2.0
169	178	1.0
169	180	6.0
169	181	2.0
170	170	89.0
170	171	9.0
170	172	3.0
170	173	1.0
170	175	1.0
170	177	1.0
170	178	1.0
170	179	1.0
170	180	1.0
171	171	66.0
171	172	8.0
171	173	6.0
172	172	70.0
172	173	1.0
172	179	2.0
173	173	86.0
173	174	23.0
173	178	1.0
173	179	1.0
173	181	7.0
174	174	90.0
174	175	1.0
174	177	1.0
174	181	5.0
177	177	5.0
177	178	3.0
177	179	2.0
177	180	1.0
178	178	88.0
178	179	38.0
178	180	1.0
179	179	75.0
179	180	11.0
179	181	7.0
180	180	79.0
180	181	10.0
181	181	72.0
