3	3	86.0
3	4	26.0
3	5	4.0
3	6	3.0
3	7	3.0
3	12	2.0
4	4	103.0
4	5	39.0
4	6	14.0
4	7	8.0
4	11	3.0
4	12	7.0
4	13	2.0
4	83	1.0
5	5	78.0
5	6	28.0
5	7	9.0
5	8	1.0
5	11	7.0
5	12	2.0
5	13	1.0
6	6	89.0
6	7	30.0
6	8	2.0
6	11	2.0
6	13	4.0
6	17	1.0
6	20	1.0
7	7	62.0
7	8	26.0
7	9	5.0
7	10	5.0
7	11	5.0
7	17	2.0
7	18	10.0
8	8	109.0
8	9	32.0
8	11	4.0
8	12	1.0
8	15	1.0
8	18	4.0
9	9	99.0
9	10	23.0
9	11	17.0
9	15	1.0
10	10	103.0
10	11	23.0
10	12	1.0
10	14	3.0
10	15	8.0
10	17	1.0
10	20	7.0
10	21	1.0
10	22	1.0
10	46	1.0
11	11	85.0
11	12	39.0
11	13	4.0
11	19	2.0
12	12	94.0
12	13	21.0
12	22	2.0
12	23	1.0
12	28	1.0
12	29	8.0
13	13	113.0
13	14	31.0
13	15	12.0
13	16	2.0
13	20	3.0
13	22	1.0
13	23	6.0
13	25	1.0
13	26	1.0
13	30	3.0
14	14	93.0
14	15	21.0
14	18	3.0
14	20	3.0
14	21	3.0
14	22	1.0
14	23	16.0
14	24	4.0
14	27	1.0
14	28	4.0
14	30	1.0
15	15	97.0
15	16	3.0
15	17	8.0
15	18	2.0
15	23	4.0
15	24	3.0
15	25	2.0
15	26	1.0
15	27	1.0
15	30	7.0
15	31	11.0
16	16	97.0
16	17	6.0
16	19	2.0
16	21	5.0
16	25	4.0
16	26	2.0
16	29	2.0
17	17	79.0
17	18	10.0
17	19	14.0
17	20	16.0
17	21	5.0
17	22	1.0
18	18	84.0
18	19	13.0
18	20	3.0
18	21	2.0
18	22	25.0
18	23	2.0
18	25	4.0
18	26	2.0
18	27	1.0
18	29	5.0
19	19	100.0
19	20	39.0
19	21	2.0
19	22	3.0
20	20	85.0
20	21	5.0
20	22	2.0
20	25	7.0
20	29	1.0
21	21	99.0
21	22	1.0
21	24	1.0
21	27	5.0
21	28	7.0
21	29	9.0
21	31	1.0
22	22	69.0
22	23	17.0
22	25	8.0
22	26	14.0
22	27	4.0
22	28	9.0
22	31	1.0
22	45	1.0
22	48	3.0
22	50	3.0
22	51	1.0
23	23	109.0
23	24	13.0
23	25	1.0
23	28	4.0
23	29	1.0
23	49	2.0
23	50	1.0
23	52	1.0
24	24	106.0
24	25	15.0
24	27	1.0
24	29	3.0
24	30	10.0
24	31	12.0
25	25	98.0
25	26	19.0
25	50	1.0
26	26	83.0
26	27	19.0
26	28	1.0
26	30	1.0
26	31	7.0
27	27	68.0
27	28	7.0
27	29	1.0
27	30	4.0
27	31	12.0
28	28	68.0
28	29	34.0
28	31	2.0
28	48	1.0
29	29	92.0
29	30	4.0
29	31	1.0
30	30	87.0
30	31	26.0
30	40	3.0
31	31	96.0
31	32	12.0
31	41	8.0
31	42	2.0
31	45	4.0
32	32	110.0
32	33	26.0
32	40	7.0
32	41	6.0
32	44	1.0
32	45	7.0
32	59	1.0
32	66	1.0
33	33	88.0
33	34	20.0
33	38	1.0
33	39	5.0
33	40	11.0
33	44	1.0
33	47	4.0
33	60	3.0
33	61	2.0
33	62	2.0
34	34	87.0
34	35	5.0
34	38	21.0
34	39	3.0
34	44	4.0
34	46	3.0
34	54	1.0
34	60	1.0
34	61	6.0
34	62	1.0
34	75	7.0
34	76	3.0
35	35	101.0
35	36	12.0
35	46	7.0
35	60	2.0
35	64	7.0
35	73	1.0
35	74	1.0
35	75	3.0
35	76	3.0
36	36	121.0
36	37	16.0
36	46	3.0
36	67	1.0
36	74	2.0
37	37	112.0
37	38	17.0
37	63	1.0
37	64	2.0
37	74	3.0
38	38	124.0
38	39	16.0
38	46	2.0
38	59	1.0
38	60	1.0
38	61	1.0
38	73	2.0
38	74	12.0
38	75	4.0
39	39	102.0
39	40	27.0
39	46	8.0
39	47	6.0
39	61	3.0
40	40	64.0
40	41	18.0
40	42	2.0
40	46	2.0
40	47	4.0
40	48	1.0
41	41	94.0
41	42	10.0
41	44	1.0
41	45	7.0
42	42	123.0
42	43	16.0
42	44	8.0
42	45	5.0
42	46	3.0
42	47	1.0
42	51	1.0
42	57	1.0
43	43	99.0
43	44	15.0
43	45	11.0
43	46	2.0
43	47	3.0
43	48	2.0
43	52	3.0
44	44	76.0
44	45	23.0
44	46	7.0
44	48	9.0
44	51	1.0
45	45	82.0
45	46	9.0
45	48	3.0
45	50	1.0
45	51	6.0
45	52	3.0
46	46	74.0
46	47	10.0
46	52	1.0
46	53	1.0
46	54	6.0
46	65	1.0
46	75	1.0
47	47	74.0
47	48	10.0
47	49	1.0
47	50	2.0
47	55	6.0
47	56	1.0
47	57	3.0
47	62	19.0
47	65	8.0
47	66	2.0
47	67	1.0
47	68	4.0
47	76	4.0
48	48	50.0
48	49	5.0
48	50	4.0
48	55	8.0
48	57	1.0
48	62	3.0
48	66	5.0
48	68	9.0
48	69	3.0
48	70	2.0
48	74	1.0
48	83	2.0
48	84	2.0
49	49	88.0
49	50	43.0
49	51	9.0
49	52	5.0
49	53	9.0
49	55	6.0
49	56	8.0
49	57	5.0
49	61	2.0
49	62	13.0
49	63	6.0
49	70	1.0
49	71	3.0
49	80	4.0
49	83	3.0
50	50	84.0
50	51	13.0
50	55	7.0
50	56	2.0
50	57	1.0
50	61	3.0
50	62	5.0
50	63	4.0
50	64	2.0
50	65	2.0
50	71	7.0
50	72	1.0
50	78	1.0
51	51	85.0
51	52	8.0
51	55	11.0
51	69	3.0
51	72	13.0
51	79	1.0
51	80	9.0
51	81	6.0
51	82	1.0
51	83	4.0
52	52	106.0
52	53	19.0
52	56	3.0
52	60	2.0
52	65	1.0
52	78	1.0
52	79	12.0
52	80	2.0
52	81	5.0
52	82	1.0
53	53	129.0
53	54	28.0
53	59	1.0
53	60	3.0
53	61	2.0
53	63	2.0
53	71	3.0
53	76	4.0
53	79	2.0
53	80	3.0
54	54	89.0
54	55	3.0
54	56	1.0
54	57	6.0
54	59	5.0
54	60	3.0
54	61	11.0
54	62	4.0
54	63	5.0
55	55	77.0
55	56	2.0
55	57	1.0
55	58	9.0
55	60	2.0
55	61	9.0
55	62	19.0
55	63	7.0
55	64	3.0
55	69	2.0
55	80	1.0
55	81	1.0
55	83	5.0
55	88	4.0
56	56	99.0
56	57	7.0
56	60	6.0
56	61	5.0
56	77	2.0
56	80	8.0
56	81	2.0
56	82	2.0
56	83	1.0
56	87	1.0
56	88	5.0
57	57	74.0
57	58	15.0
57	60	5.0
57	61	2.0
57	62	2.0
57	67	1.0
57	68	5.0
57	69	2.0
57	76	1.0
57	77	2.0
57	81	2.0
57	82	2.0
57	83	1.0
57	88	4.0
58	58	115.0
58	59	13.0
58	60	1.0
58	61	1.0
58	62	9.0
58	89	3.0
59	59	68.0
59	60	8.0
59	61	2.0
60	60	80.0
60	61	23.0
60	62	1.0
60	81	7.0
61	61	124.0
61	62	25.0
61	63	3.0
61	68	1.0
61	76	6.0
62	62	98.0
62	63	17.0
62	64	3.0
62	65	1.0
62	66	1.0
62	68	7.0
62	76	3.0
62	77	1.0
63	63	85.0
63	64	27.0
63	66	2.0
63	68	2.0
63	69	1.0
63	71	12.0
63	72	2.0
63	73	10.0
63	77	1.0
63	80	1.0
63	81	1.0
63	82	1.0
64	64	92.0
64	65	30.0
64	66	1.0
64	71	1.0
64	73	6.0
64	75	1.0
64	77	2.0
64	78	1.0
64	81	6.0
64	82	6.0
65	65	133.0
65	66	10.0
65	67	2.0
65	68	13.0
65	69	2.0
65	70	1.0
65	77	1.0
65	78	5.0
65	81	2.0
65	82	2.0
65	84	5.0
65	86	1.0
66	66	106.0
66	67	35.0
66	69	4.0
66	70	3.0
66	77	4.0
66	78	1.0
66	79	2.0
66	83	4.0
66	85	1.0
66	86	5.0
66	87	2.0
67	67	76.0
67	68	18.0
67	69	1.0
67	73	1.0
67	74	1.0
67	77	1.0
67	78	2.0
67	83	2.0
67	84	11.0
67	86	8.0
67	87	2.0
68	68	72.0
68	69	17.0
68	74	1.0
68	77	3.0
68	78	4.0
68	79	11.0
68	80	4.0
68	81	1.0
68	84	1.0
68	85	1.0
69	69	65.0
69	70	9.0
69	72	4.0
69	73	1.0
69	74	9.0
69	77	2.0
69	78	13.0
69	79	2.0
69	80	2.0
69	81	4.0
69	82	8.0
69	83	7.0
69	84	5.0
69	85	1.0
70	70	109.0
70	71	12.0
70	72	7.0
70	73	1.0
70	74	6.0
70	75	1.0
70	77	5.0
70	78	16.0
70	80	4.0
70	82	3.0
70	83	4.0
70	84	2.0
71	71	112.0
71	72	18.0
71	73	2.0
71	77	1.0
71	78	4.0
71	81	4.0
71	83	1.0
72	72	102.0
72	73	19.0
72	77	1.0
72	78	3.0
72	79	1.0
72	80	3.0
73	73	104.0
73	74	17.0
73	75	10.0
73	78	4.0
73	82	6.0
73	83	4.0
73	84	3.0
74	74	107.0
74	75	10.0
74	77	1.0
74	78	1.0
74	83	18.0
74	84	18.0
75	75	129.0
75	76	8.0
75	77	5.0
75	78	11.0
76	76	129.0
76	77	23.0
76	78	1.0
77	77	91.0
77	78	22.0
77	81	2.0
77	82	15.0
77	84	9.0
78	78	98.0
78	79	13.0
78	80	5.0
78	81	4.0
78	82	5.0
78	83	15.0
79	79	75.0
79	80	14.0
79	81	6.0
79	82	4.0
80	80	129.0
80	81	3.0
80	82	1.0
81	81	78.0
81	82	22.0
82	82	98.0
82	83	10.0
82	87	2.0
82	88	1.0
83	83	116.0
83	84	5.0
83	87	6.0
83	88	4.0
84	84	121.0
84	85	8.0
84	86	4.0
84	87	1.0
84	89	3.0
84	90	7.0
85	85	109.0
85	86	12.0
85	87	3.0
85	88	5.0
86	86	71.0
86	87	13.0
87	87	72.0
87	88	3.0
87	89	9.0
88	88	81.0
88	89	14.0
88	90	5.0
89	89	91.0
89	90	15.0
90	90	39.0
