3	3	12.0
3	4	3.0
3	5	1.0
3	10	2.0
3	11	5.0
3	12	4.0
3	13	2.0
3	19	2.0
3	26	2.0
3	27	1.0
4	4	38.0
4	5	12.0
4	6	6.0
4	7	1.0
4	10	1.0
4	12	1.0
5	5	44.0
5	6	9.0
5	7	1.0
5	8	1.0
5	16	2.0
5	17	1.0
6	6	42.0
6	7	11.0
6	16	1.0
6	17	2.0
6	19	1.0
6	20	6.0
7	7	66.0
7	8	5.0
7	19	4.0
7	53	1.0
8	8	46.0
8	9	5.0
8	10	3.0
8	19	5.0
8	39	3.0
8	40	1.0
8	51	1.0
8	80	1.0
9	9	43.0
9	10	10.0
9	11	1.0
9	15	1.0
9	16	2.0
9	17	6.0
9	18	1.0
9	19	1.0
9	20	5.0
10	10	40.0
10	11	18.0
10	14	1.0
10	16	2.0
10	19	1.0
11	11	25.0
11	12	11.0
11	13	8.0
11	14	1.0
11	18	1.0
11	19	1.0
11	20	3.0
11	21	5.0
11	22	3.0
11	28	1.0
11	99	1.0
12	12	48.0
12	13	6.0
12	21	10.0
12	26	1.0
12	27	1.0
12	49	1.0
12	53	6.0
12	81	2.0
12	88	1.0
13	13	41.0
13	15	1.0
13	21	3.0
13	25	8.0
13	26	5.0
13	27	2.0
13	53	5.0
13	63	1.0
14	14	42.0
14	15	21.0
14	16	2.0
14	17	3.0
14	25	4.0
14	27	2.0
14	40	1.0
14	42	1.0
14	53	1.0
15	15	40.0
15	16	12.0
15	56	2.0
16	16	42.0
16	17	7.0
16	18	2.0
16	20	2.0
16	21	1.0
16	66	1.0
16	80	2.0
17	17	35.0
17	18	7.0
17	20	5.0
17	21	5.0
17	27	1.0
17	28	1.0
18	18	36.0
18	19	4.0
18	23	1.0
18	39	13.0
18	40	3.0
18	45	2.0
19	19	9.0
19	20	3.0
19	85	1.0
20	20	20.0
20	21	2.0
20	22	3.0
20	29	1.0
21	21	24.0
21	22	1.0
21	25	1.0
21	26	1.0
21	27	1.0
21	29	1.0
21	82	1.0
22	22	21.0
22	23	2.0
22	26	3.0
22	27	1.0
22	28	3.0
22	40	2.0
23	23	15.0
23	24	3.0
23	26	1.0
23	28	6.0
23	35	1.0
23	40	3.0
23	42	2.0
23	43	1.0
23	45	4.0
23	46	3.0
23	47	1.0
24	24	15.0
24	25	7.0
24	26	10.0
24	28	5.0
24	40	3.0
24	46	2.0
24	51	1.0
25	25	36.0
25	26	11.0
25	27	13.0
25	28	1.0
25	30	1.0
25	40	1.0
25	53	5.0
25	63	1.0
25	99	1.0
26	26	34.0
26	27	11.0
26	28	4.0
26	40	5.0
26	53	4.0
27	27	35.0
27	28	12.0
27	40	1.0
27	42	2.0
28	28	49.0
28	29	7.0
28	40	2.0
28	42	3.0
28	48	1.0
28	50	1.0
28	82	1.0
29	29	45.0
29	30	1.0
29	31	1.0
29	32	1.0
29	34	1.0
29	41	3.0
29	42	6.0
29	43	1.0
29	48	1.0
29	49	1.0
30	30	53.0
30	31	5.0
30	32	2.0
30	33	1.0
30	49	10.0
30	50	3.0
30	51	2.0
31	31	38.0
31	32	13.0
31	33	6.0
31	34	1.0
31	37	3.0
31	41	2.0
31	59	3.0
31	63	1.0
31	64	1.0
31	66	1.0
32	32	42.0
32	33	9.0
32	96	1.0
33	33	46.0
33	34	4.0
33	49	1.0
33	60	7.0
33	95	2.0
34	34	25.0
34	35	2.0
34	36	4.0
34	41	4.0
34	43	2.0
34	46	1.0
34	47	4.0
34	64	2.0
34	95	7.0
34	96	1.0
35	35	33.0
35	36	1.0
35	38	1.0
35	39	4.0
35	40	2.0
35	44	1.0
35	45	6.0
35	46	1.0
35	47	6.0
35	95	1.0
36	36	56.0
36	37	10.0
36	38	3.0
36	41	1.0
36	80	1.0
36	84	1.0
36	90	1.0
36	95	1.0
36	96	1.0
36	98	1.0
36	99	6.0
37	37	52.0
37	38	2.0
37	80	3.0
37	99	1.0
38	38	46.0
38	39	3.0
38	45	1.0
38	89	1.0
38	96	1.0
38	97	9.0
38	103	2.0
39	39	54.0
39	40	15.0
39	41	2.0
39	45	4.0
39	97	1.0
39	103	4.0
40	40	44.0
40	41	5.0
40	43	1.0
40	46	2.0
40	88	2.0
40	103	2.0
41	41	72.0
41	42	6.0
41	43	2.0
41	46	1.0
41	88	3.0
42	42	43.0
42	44	2.0
42	45	1.0
42	46	3.0
42	64	2.0
42	66	8.0
42	67	1.0
42	83	1.0
43	43	29.0
43	44	5.0
43	45	1.0
43	46	6.0
43	47	4.0
43	49	6.0
43	64	2.0
44	44	23.0
44	45	13.0
44	46	5.0
44	49	3.0
44	50	12.0
44	51	1.0
44	78	1.0
44	79	1.0
44	83	1.0
44	97	1.0
45	45	28.0
45	46	4.0
45	47	2.0
45	48	4.0
45	49	2.0
45	50	4.0
46	46	43.0
46	47	7.0
46	48	1.0
46	51	1.0
47	47	50.0
47	48	6.0
47	49	2.0
47	55	1.0
48	48	39.0
48	49	8.0
48	50	6.0
48	51	2.0
48	62	7.0
48	63	1.0
48	64	1.0
48	65	4.0
49	49	50.0
49	50	10.0
49	51	5.0
49	62	2.0
49	63	9.0
49	64	2.0
49	83	1.0
50	50	46.0
50	51	25.0
50	67	2.0
50	79	1.0
51	51	55.0
51	52	4.0
51	53	3.0
51	54	1.0
51	60	1.0
51	77	2.0
51	96	4.0
51	97	3.0
52	52	64.0
52	53	22.0
52	54	18.0
52	96	1.0
52	97	4.0
53	53	39.0
53	54	12.0
54	54	51.0
54	55	8.0
54	57	1.0
54	58	6.0
54	96	1.0
54	97	2.0
55	55	53.0
55	56	9.0
55	57	7.0
55	58	7.0
55	60	1.0
55	71	1.0
55	95	7.0
55	96	3.0
55	97	1.0
56	56	50.0
56	57	13.0
56	58	6.0
56	59	2.0
56	66	1.0
56	69	1.0
56	70	2.0
56	71	5.0
56	81	2.0
57	57	53.0
57	58	11.0
57	59	1.0
57	69	1.0
57	95	2.0
58	58	47.0
58	59	5.0
58	73	1.0
58	82	3.0
59	59	40.0
59	60	14.0
59	61	1.0
59	69	1.0
59	70	2.0
59	72	1.0
59	83	1.0
59	95	3.0
60	60	36.0
60	61	10.0
60	86	1.0
60	94	1.0
60	95	8.0
61	61	52.0
61	62	5.0
61	66	1.0
61	79	3.0
61	86	1.0
61	91	1.0
61	92	4.0
61	93	5.0
62	62	47.0
62	63	11.0
62	65	8.0
62	69	9.0
62	70	2.0
62	79	2.0
62	92	5.0
63	63	58.0
63	64	9.0
63	65	1.0
63	67	2.0
63	68	1.0
63	92	1.0
64	64	54.0
64	65	6.0
64	66	4.0
64	67	9.0
64	68	6.0
64	75	1.0
65	65	39.0
65	66	8.0
65	67	1.0
65	68	5.0
65	69	4.0
65	84	7.0
66	66	38.0
66	67	22.0
66	68	10.0
66	83	2.0
67	67	38.0
67	68	4.0
67	69	3.0
67	71	2.0
67	72	1.0
67	78	3.0
67	83	2.0
68	68	58.0
68	69	11.0
68	77	2.0
68	85	1.0
69	69	55.0
69	70	6.0
69	71	10.0
69	77	4.0
69	84	3.0
69	87	1.0
69	88	4.0
69	89	1.0
70	70	40.0
70	71	29.0
70	72	2.0
70	92	1.0
71	71	37.0
71	72	13.0
71	92	1.0
72	72	50.0
72	73	5.0
72	77	2.0
72	78	2.0
72	79	1.0
72	95	1.0
72	99	1.0
73	73	48.0
73	74	13.0
73	75	3.0
73	78	2.0
73	82	1.0
73	86	2.0
73	87	4.0
73	93	1.0
73	94	1.0
74	74	35.0
74	75	8.0
74	76	3.0
74	86	1.0
74	87	2.0
74	88	5.0
75	75	41.0
75	86	5.0
75	87	9.0
75	88	3.0
76	76	32.0
76	77	3.0
76	80	3.0
76	86	1.0
76	96	1.0
76	97	1.0
77	77	25.0
77	78	24.0
77	96	3.0
77	97	1.0
78	78	49.0
78	79	4.0
79	79	40.0
79	80	3.0
80	80	49.0
80	81	5.0
81	81	56.0
81	82	5.0
82	82	42.0
82	83	3.0
82	93	1.0
82	94	3.0
83	83	43.0
83	84	9.0
84	84	45.0
84	85	5.0
84	88	2.0
85	85	28.0
85	86	5.0
85	93	5.0
86	86	32.0
86	87	8.0
86	88	1.0
86	96	1.0
87	87	33.0
87	88	12.0
87	89	1.0
88	88	40.0
88	89	6.0
89	89	21.0
89	90	14.0
89	91	3.0
89	92	1.0
89	102	1.0
89	103	1.0
90	90	44.0
90	91	17.0
90	92	5.0
90	103	1.0
91	91	35.0
91	92	7.0
91	93	1.0
92	92	62.0
92	93	13.0
93	93	39.0
93	94	23.0
94	94	61.0
94	95	7.0
95	95	41.0
95	96	6.0
96	96	52.0
96	97	12.0
96	102	1.0
97	97	65.0
97	98	5.0
97	102	3.0
98	98	52.0
98	99	3.0
98	102	2.0
98	103	1.0
99	99	43.0
99	100	8.0
100	100	60.0
100	101	8.0
100	102	1.0
101	101	46.0
101	102	5.0
102	102	49.0
102	103	4.0
103	103	26.0
