3	3	37.0
3	4	5.0
3	6	3.0
3	7	6.0
3	13	5.0
3	14	2.0
3	26	6.0
4	4	43.0
4	5	12.0
4	7	3.0
4	11	3.0
4	13	8.0
4	26	2.0
5	5	38.0
5	6	11.0
5	7	8.0
5	11	2.0
5	12	10.0
5	17	2.0
5	27	2.0
6	6	73.0
6	7	4.0
6	13	5.0
6	14	1.0
7	7	41.0
7	8	3.0
7	13	4.0
7	14	1.0
7	15	1.0
7	16	1.0
7	17	1.0
7	26	2.0
7	91	1.0
8	8	73.0
8	9	7.0
8	10	5.0
8	11	10.0
8	15	4.0
8	16	6.0
8	26	1.0
8	43	8.0
8	46	2.0
9	9	62.0
9	10	12.0
9	11	6.0
9	12	11.0
9	13	1.0
9	16	3.0
9	43	1.0
10	10	73.0
10	11	10.0
10	16	2.0
10	17	1.0
10	24	1.0
10	36	5.0
11	11	43.0
11	12	4.0
11	15	1.0
11	24	3.0
11	25	1.0
11	32	1.0
11	33	4.0
12	12	41.0
12	13	12.0
12	43	1.0
12	44	1.0
13	13	66.0
13	14	15.0
13	27	1.0
13	40	2.0
13	41	1.0
13	45	4.0
14	14	46.0
14	15	25.0
14	16	1.0
14	24	1.0
14	25	2.0
14	26	3.0
14	42	3.0
14	43	1.0
15	15	46.0
15	16	11.0
15	17	2.0
15	24	1.0
15	26	2.0
15	41	2.0
15	42	2.0
15	43	1.0
15	46	1.0
15	50	1.0
15	79	1.0
16	16	63.0
16	17	4.0
16	23	1.0
16	24	8.0
16	34	4.0
16	35	2.0
16	36	3.0
16	42	1.0
16	45	6.0
16	46	8.0
16	61	1.0
17	17	59.0
17	18	9.0
17	24	4.0
17	28	2.0
17	34	6.0
17	35	1.0
17	40	1.0
17	42	2.0
18	18	67.0
18	19	20.0
18	20	3.0
18	22	3.0
18	23	5.0
18	24	2.0
18	28	3.0
18	34	10.0
18	40	2.0
18	41	3.0
18	42	2.0
18	52	1.0
18	53	1.0
18	70	1.0
19	19	54.0
19	20	10.0
19	21	6.0
19	22	3.0
19	23	5.0
19	30	3.0
19	40	2.0
20	20	41.0
20	21	11.0
20	22	4.0
20	23	2.0
20	39	1.0
20	40	4.0
20	49	1.0
20	62	3.0
21	21	54.0
21	22	1.0
21	39	1.0
21	40	1.0
22	22	22.0
22	23	9.0
22	30	1.0
22	34	1.0
22	40	2.0
22	75	2.0
23	23	58.0
23	24	12.0
23	35	2.0
23	38	1.0
23	39	4.0
23	40	3.0
24	24	68.0
24	25	7.0
24	27	1.0
24	35	2.0
24	41	1.0
24	42	6.0
24	45	1.0
25	25	53.0
25	26	10.0
25	27	5.0
25	29	3.0
25	32	2.0
25	34	2.0
25	41	1.0
25	42	4.0
25	52	1.0
26	26	75.0
26	27	11.0
26	29	2.0
26	30	8.0
26	31	3.0
26	42	8.0
26	51	1.0
26	86	1.0
27	27	63.0
27	28	5.0
27	31	11.0
27	115	1.0
28	28	52.0
28	29	4.0
28	30	9.0
28	31	1.0
28	32	1.0
28	33	8.0
28	34	1.0
28	41	3.0
28	53	1.0
29	29	61.0
29	30	12.0
29	31	3.0
29	32	4.0
29	33	8.0
29	41	1.0
30	30	39.0
30	31	13.0
30	32	1.0
30	34	4.0
30	40	2.0
31	31	53.0
31	32	16.0
31	33	5.0
31	34	7.0
31	35	3.0
31	36	3.0
31	37	2.0
31	38	3.0
31	39	1.0
31	76	2.0
32	32	60.0
32	33	27.0
32	34	1.0
32	39	1.0
33	33	56.0
33	34	16.0
33	38	1.0
33	39	8.0
33	40	2.0
33	41	1.0
33	44	1.0
33	45	3.0
34	34	39.0
34	35	7.0
34	36	4.0
34	37	1.0
34	38	2.0
34	39	3.0
34	40	1.0
34	41	9.0
34	44	1.0
34	52	1.0
34	59	1.0
34	60	1.0
34	62	1.0
35	35	62.0
35	36	15.0
35	37	12.0
35	39	1.0
36	36	55.0
36	37	16.0
36	38	9.0
36	60	6.0
37	37	64.0
37	38	9.0
37	39	2.0
37	64	1.0
37	65	1.0
37	66	1.0
38	38	51.0
38	39	9.0
38	60	1.0
38	66	1.0
38	73	1.0
38	74	1.0
39	39	54.0
39	40	3.0
39	42	1.0
39	43	8.0
39	44	6.0
39	45	3.0
39	73	2.0
39	74	7.0
40	40	52.0
40	41	10.0
40	42	2.0
40	43	2.0
40	44	1.0
40	45	2.0
41	41	48.0
41	42	10.0
41	43	1.0
41	52	4.0
42	42	62.0
42	43	9.0
42	46	1.0
42	52	1.0
43	43	45.0
43	44	27.0
43	45	8.0
43	46	2.0
43	47	3.0
43	50	1.0
44	44	55.0
44	45	4.0
44	46	5.0
44	47	3.0
44	55	1.0
45	45	41.0
45	46	7.0
45	47	1.0
45	59	1.0
45	60	1.0
45	88	1.0
45	102	1.0
46	46	66.0
46	47	6.0
46	58	3.0
46	88	2.0
47	47	51.0
47	48	8.0
47	49	8.0
47	50	8.0
47	51	2.0
47	54	1.0
47	55	5.0
47	56	1.0
47	57	4.0
47	58	3.0
47	74	1.0
47	86	1.0
47	87	6.0
47	88	5.0
47	106	1.0
47	107	1.0
48	48	44.0
48	49	18.0
48	50	1.0
48	51	10.0
48	52	2.0
48	54	7.0
48	55	6.0
48	56	6.0
48	64	1.0
48	65	1.0
48	66	1.0
48	105	1.0
48	106	3.0
48	107	8.0
49	49	58.0
49	50	7.0
49	51	6.0
49	52	1.0
49	53	5.0
49	54	6.0
49	55	1.0
49	61	3.0
49	64	5.0
49	65	3.0
49	85	1.0
49	106	1.0
49	107	7.0
49	108	2.0
49	115	1.0
50	50	52.0
50	51	11.0
50	53	10.0
50	54	2.0
50	55	3.0
50	59	2.0
50	61	2.0
50	62	1.0
50	66	1.0
51	51	43.0
51	52	24.0
51	53	10.0
51	54	4.0
51	56	1.0
51	61	1.0
51	72	1.0
51	73	2.0
51	75	1.0
51	98	1.0
52	52	42.0
52	53	11.0
52	54	4.0
52	57	1.0
52	58	2.0
52	72	2.0
52	73	2.0
52	74	2.0
52	79	1.0
52	102	2.0
53	53	51.0
53	54	7.0
53	55	1.0
53	57	2.0
53	59	3.0
53	68	2.0
53	69	2.0
53	71	1.0
53	72	8.0
53	74	1.0
53	102	5.0
54	54	55.0
54	55	25.0
54	56	2.0
54	57	5.0
54	74	4.0
54	101	1.0
54	102	2.0
54	106	4.0
54	107	2.0
55	55	47.0
55	56	6.0
55	58	4.0
55	59	5.0
55	66	2.0
55	106	1.0
56	56	45.0
56	57	17.0
56	58	5.0
56	59	1.0
56	61	3.0
56	66	1.0
56	67	1.0
56	71	1.0
56	82	3.0
56	83	3.0
56	84	1.0
56	87	1.0
56	99	4.0
56	100	5.0
56	101	4.0
56	106	8.0
56	107	10.0
57	57	44.0
57	58	3.0
57	68	8.0
57	71	4.0
57	72	1.0
57	74	1.0
57	87	1.0
57	91	1.0
57	99	3.0
57	100	2.0
57	102	1.0
57	106	9.0
57	107	2.0
58	58	28.0
58	59	4.0
58	66	2.0
58	75	2.0
58	76	1.0
58	77	1.0
58	87	1.0
58	89	1.0
58	106	1.0
59	59	53.0
59	60	11.0
59	61	2.0
59	62	3.0
59	64	1.0
59	65	1.0
59	66	3.0
59	75	4.0
59	76	3.0
59	86	1.0
59	98	1.0
60	60	62.0
60	61	14.0
60	62	10.0
60	64	1.0
60	85	1.0
60	86	1.0
61	61	60.0
61	62	6.0
61	63	1.0
61	85	1.0
61	86	1.0
62	62	35.0
62	63	3.0
62	64	1.0
62	71	1.0
62	74	1.0
62	76	1.0
62	85	2.0
62	86	6.0
63	63	42.0
63	64	5.0
63	65	2.0
63	66	2.0
63	82	2.0
63	84	7.0
63	85	1.0
63	108	3.0
64	64	52.0
64	65	11.0
64	66	3.0
64	84	1.0
64	85	1.0
64	107	6.0
64	108	2.0
65	65	55.0
65	66	9.0
65	82	2.0
65	95	1.0
65	96	1.0
65	107	1.0
65	108	2.0
66	66	31.0
66	67	4.0
66	70	1.0
66	82	2.0
66	83	1.0
66	84	3.0
66	103	1.0
67	67	44.0
67	68	13.0
67	69	4.0
67	71	5.0
67	72	1.0
67	73	1.0
67	74	3.0
67	77	1.0
67	81	2.0
67	82	2.0
67	83	2.0
67	84	6.0
68	68	61.0
68	69	13.0
68	70	9.0
68	71	10.0
68	72	1.0
68	82	4.0
68	91	2.0
68	99	1.0
69	69	61.0
69	70	10.0
69	71	2.0
69	72	3.0
69	74	1.0
69	82	1.0
69	83	1.0
69	99	1.0
69	110	2.0
70	70	48.0
70	71	13.0
70	73	1.0
70	74	4.0
70	83	1.0
70	89	1.0
70	90	6.0
70	91	2.0
70	99	2.0
70	108	1.0
70	110	1.0
70	111	1.0
71	71	43.0
71	72	8.0
71	73	10.0
71	74	7.0
71	83	3.0
71	91	1.0
71	100	1.0
71	111	7.0
72	72	47.0
72	73	9.0
72	74	2.0
72	75	1.0
72	76	1.0
72	102	1.0
72	104	1.0
73	73	61.0
73	74	22.0
73	75	4.0
73	83	1.0
74	74	51.0
74	75	3.0
74	83	1.0
74	102	2.0
75	75	56.0
75	76	5.0
75	77	4.0
75	82	1.0
76	76	46.0
76	77	21.0
77	77	61.0
77	78	12.0
77	79	3.0
77	81	1.0
77	84	1.0
77	121	1.0
78	78	31.0
78	79	14.0
79	79	31.0
79	80	6.0
79	82	1.0
80	80	40.0
80	81	3.0
80	83	1.0
80	85	1.0
80	88	1.0
81	81	27.0
81	82	2.0
81	88	1.0
82	82	41.0
82	83	9.0
82	84	2.0
82	109	1.0
83	83	65.0
83	84	12.0
83	101	1.0
84	84	51.0
84	85	4.0
84	88	2.0
84	95	2.0
84	100	1.0
84	101	4.0
84	112	1.0
84	113	2.0
85	85	49.0
85	86	23.0
85	87	5.0
85	88	4.0
85	102	1.0
85	106	1.0
85	108	3.0
86	86	59.0
86	87	17.0
87	87	58.0
87	88	3.0
87	93	1.0
87	106	2.0
87	107	3.0
88	88	41.0
88	89	4.0
88	100	4.0
88	101	1.0
88	108	1.0
88	112	1.0
88	115	2.0
89	89	42.0
89	90	26.0
89	93	1.0
89	99	3.0
89	100	4.0
89	101	3.0
89	107	1.0
89	111	6.0
89	116	2.0
90	90	43.0
90	91	5.0
90	92	1.0
90	93	1.0
90	98	5.0
90	99	2.0
90	107	6.0
90	108	2.0
90	110	1.0
91	91	50.0
91	92	7.0
91	97	1.0
91	98	6.0
91	99	5.0
91	101	1.0
91	103	2.0
91	104	3.0
91	105	7.0
91	107	1.0
91	108	5.0
91	111	1.0
91	114	4.0
92	92	61.0
92	93	10.0
92	97	5.0
92	98	5.0
92	99	4.0
92	102	5.0
92	104	1.0
92	108	5.0
92	109	2.0
92	113	1.0
92	114	9.0
93	93	47.0
93	94	7.0
93	95	7.0
93	97	1.0
93	99	4.0
94	94	49.0
94	95	17.0
94	96	2.0
94	108	4.0
94	109	1.0
95	95	45.0
95	96	10.0
95	99	4.0
95	103	2.0
95	108	10.0
96	96	57.0
96	97	9.0
96	98	3.0
96	99	2.0
96	103	6.0
96	104	7.0
96	105	4.0
96	106	1.0
96	107	8.0
96	108	9.0
96	111	1.0
96	116	1.0
97	97	52.0
97	98	13.0
97	99	3.0
97	100	1.0
97	101	1.0
97	102	12.0
97	103	1.0
97	104	8.0
97	105	6.0
97	107	3.0
97	116	1.0
98	98	41.0
98	99	12.0
98	101	1.0
98	103	1.0
98	104	3.0
98	105	8.0
98	106	1.0
98	107	2.0
98	108	1.0
98	111	2.0
99	99	39.0
99	100	9.0
99	101	4.0
99	102	1.0
99	105	2.0
99	111	6.0
99	114	5.0
99	118	1.0
100	100	43.0
100	101	11.0
100	111	1.0
100	113	1.0
100	114	3.0
100	115	3.0
101	101	55.0
101	102	5.0
101	104	2.0
101	105	1.0
101	112	1.0
101	113	2.0
101	115	4.0
101	116	1.0
102	102	32.0
102	103	8.0
102	104	2.0
102	109	7.0
102	110	4.0
102	112	1.0
102	113	4.0
102	114	3.0
103	103	28.0
103	104	3.0
103	108	1.0
103	109	10.0
103	110	8.0
104	104	41.0
104	105	13.0
104	106	6.0
104	107	6.0
104	108	9.0
104	109	1.0
105	105	53.0
105	106	15.0
105	107	11.0
106	106	56.0
106	107	11.0
107	107	50.0
107	108	5.0
107	118	3.0
108	108	36.0
108	109	3.0
109	109	34.0
109	110	11.0
110	110	28.0
110	111	5.0
110	112	1.0
111	111	24.0
111	112	8.0
111	116	3.0
112	112	59.0
112	113	7.0
112	114	3.0
112	115	11.0
112	116	6.0
112	117	1.0
113	113	49.0
113	114	17.0
113	115	4.0
113	116	4.0
114	114	53.0
114	115	9.0
114	122	8.0
114	124	1.0
114	125	2.0
115	115	50.0
115	116	7.0
115	117	1.0
115	122	3.0
116	116	58.0
116	117	12.0
117	117	43.0
117	118	6.0
117	122	1.0
118	118	59.0
118	119	6.0
118	121	3.0
118	122	2.0
118	123	2.0
119	119	32.0
119	120	24.0
119	121	15.0
119	123	10.0
119	125	1.0
120	120	56.0
120	121	8.0
120	123	1.0
120	124	2.0
120	125	2.0
121	121	59.0
121	122	12.0
121	123	5.0
121	124	2.0
121	125	1.0
122	122	53.0
122	123	9.0
122	124	4.0
123	123	67.0
123	124	4.0
123	125	2.0
124	124	33.0
124	125	20.0
125	125	62.0
125	126	4.0
126	126	61.0
126	127	3.0
126	128	6.0
126	129	7.0
127	127	66.0
127	128	2.0
128	128	47.0
128	129	4.0
129	129	53.0
129	130	8.0
130	130	23.0
