3	3	40.0
3	4	19.0
3	5	1.0
3	7	5.0
3	8	2.0
3	9	1.0
3	45	3.0
3	56	1.0
4	4	45.0
4	5	9.0
4	6	5.0
4	7	3.0
4	9	2.0
4	17	1.0
4	121	1.0
4	124	1.0
5	5	45.0
5	6	9.0
5	7	7.0
5	8	2.0
5	10	5.0
5	12	1.0
5	18	1.0
5	19	1.0
5	24	1.0
5	27	4.0
5	67	1.0
5	129	1.0
5	141	1.0
6	6	16.0
6	12	1.0
6	26	3.0
6	27	1.0
6	35	1.0
6	57	1.0
6	124	1.0
7	7	40.0
7	8	12.0
7	10	3.0
7	12	6.0
7	13	2.0
8	8	32.0
8	9	1.0
8	10	4.0
8	11	1.0
8	12	2.0
8	13	2.0
8	14	4.0
8	16	1.0
8	17	1.0
8	19	1.0
8	28	1.0
8	48	1.0
9	9	28.0
9	10	5.0
9	16	2.0
9	17	1.0
9	28	4.0
9	29	1.0
9	30	1.0
9	32	1.0
9	34	1.0
9	63	2.0
9	68	6.0
10	10	49.0
10	11	5.0
10	12	1.0
10	14	3.0
10	16	2.0
10	17	1.0
10	28	1.0
10	45	1.0
10	158	1.0
11	11	37.0
11	12	12.0
11	13	9.0
11	14	5.0
11	15	2.0
11	43	1.0
11	44	1.0
11	45	2.0
11	69	1.0
11	106	1.0
12	12	38.0
12	13	5.0
12	16	6.0
12	17	1.0
13	13	33.0
13	14	10.0
13	15	4.0
13	19	2.0
13	22	1.0
14	14	40.0
14	15	10.0
14	22	2.0
14	24	1.0
14	35	2.0
14	91	1.0
14	112	1.0
14	123	1.0
15	15	15.0
15	22	1.0
15	28	1.0
15	29	7.0
15	30	1.0
15	31	4.0
15	35	4.0
15	94	1.0
16	16	40.0
16	17	10.0
16	19	1.0
16	28	1.0
16	30	1.0
16	45	2.0
16	63	1.0
16	141	2.0
16	142	3.0
16	143	1.0
16	149	1.0
17	17	54.0
17	18	11.0
17	22	3.0
17	23	1.0
17	45	1.0
18	18	57.0
18	19	3.0
18	22	4.0
18	23	4.0
18	24	1.0
18	47	3.0
19	19	49.0
19	20	5.0
19	32	3.0
19	35	1.0
19	96	1.0
20	20	38.0
20	21	3.0
20	25	3.0
20	26	2.0
20	27	2.0
20	28	3.0
20	32	1.0
20	33	5.0
20	34	1.0
20	52	1.0
21	21	45.0
21	22	1.0
21	25	2.0
21	28	8.0
21	29	1.0
21	32	10.0
21	33	1.0
21	56	1.0
21	57	2.0
21	100	1.0
21	149	1.0
22	22	34.0
22	23	4.0
22	24	8.0
22	31	9.0
23	23	50.0
24	24	18.0
24	25	4.0
24	28	1.0
24	31	3.0
24	32	1.0
24	132	1.0
24	144	1.0
25	25	8.0
25	26	4.0
25	28	1.0
25	52	1.0
25	53	1.0
25	54	2.0
25	55	2.0
25	69	2.0
25	83	1.0
25	85	1.0
26	26	13.0
26	27	1.0
26	28	1.0
26	34	1.0
26	35	9.0
26	36	5.0
26	53	1.0
26	68	1.0
26	69	1.0
26	70	1.0
27	27	16.0
27	28	2.0
27	32	1.0
27	33	2.0
27	34	1.0
27	55	1.0
28	28	34.0
28	29	8.0
28	31	1.0
28	32	3.0
28	33	1.0
28	69	1.0
28	159	1.0
29	29	57.0
29	30	11.0
29	31	2.0
29	32	1.0
29	33	1.0
29	34	2.0
29	35	1.0
29	125	1.0
30	30	37.0
30	31	4.0
30	32	1.0
30	34	2.0
30	35	1.0
30	135	1.0
30	146	1.0
31	31	49.0
31	32	3.0
31	34	1.0
31	36	2.0
31	41	2.0
31	42	2.0
32	32	33.0
32	33	11.0
32	35	2.0
32	36	1.0
32	37	1.0
32	51	1.0
32	57	3.0
32	97	1.0
33	33	49.0
33	34	5.0
33	35	1.0
33	56	1.0
33	57	2.0
33	70	1.0
33	95	1.0
34	34	26.0
34	35	4.0
34	58	3.0
34	61	1.0
34	85	1.0
34	95	1.0
34	108	1.0
34	142	1.0
35	35	45.0
35	36	5.0
35	58	2.0
35	69	2.0
35	70	3.0
35	93	1.0
35	94	3.0
36	36	42.0
36	37	4.0
36	38	1.0
36	40	2.0
36	41	2.0
36	50	4.0
36	58	1.0
36	68	5.0
36	69	1.0
36	70	1.0
36	94	1.0
36	147	1.0
37	37	53.0
37	38	11.0
37	41	1.0
37	49	2.0
37	50	5.0
37	59	2.0
37	122	1.0
37	123	1.0
38	38	47.0
38	39	6.0
38	50	2.0
38	58	2.0
38	59	2.0
38	65	1.0
38	99	1.0
38	122	2.0
38	123	7.0
38	124	1.0
39	39	47.0
39	40	12.0
39	92	1.0
39	124	1.0
40	40	27.0
40	41	4.0
40	67	1.0
40	69	1.0
40	127	2.0
41	41	47.0
41	42	7.0
41	44	1.0
41	48	2.0
41	49	2.0
41	50	1.0
41	125	3.0
41	135	4.0
41	138	1.0
42	42	39.0
42	43	5.0
42	44	11.0
42	45	1.0
42	46	1.0
42	48	3.0
42	50	3.0
42	63	1.0
42	95	1.0
42	125	3.0
42	126	4.0
42	127	1.0
42	135	2.0
42	141	1.0
43	43	41.0
43	44	5.0
43	45	7.0
43	46	3.0
43	47	1.0
43	112	1.0
43	126	3.0
43	141	2.0
43	147	1.0
43	149	2.0
44	44	31.0
44	45	16.0
44	47	1.0
44	48	6.0
44	125	4.0
44	126	1.0
44	127	1.0
45	45	31.0
45	46	5.0
45	47	2.0
45	48	2.0
45	70	1.0
45	109	1.0
45	126	2.0
45	141	5.0
45	142	3.0
45	148	1.0
46	46	40.0
46	47	5.0
46	62	5.0
46	67	3.0
46	136	3.0
46	147	1.0
46	150	3.0
47	47	30.0
47	48	6.0
47	49	4.0
47	62	8.0
47	87	1.0
47	147	2.0
47	150	1.0
48	48	44.0
48	49	7.0
48	50	2.0
48	62	2.0
48	63	1.0
48	67	1.0
48	68	2.0
48	117	1.0
48	125	3.0
48	127	1.0
48	138	1.0
49	49	34.0
49	50	2.0
49	53	1.0
49	59	4.0
49	63	1.0
49	64	1.0
49	65	4.0
49	73	1.0
49	123	2.0
49	124	6.0
49	125	1.0
49	128	5.0
50	50	35.0
50	51	1.0
50	59	2.0
50	63	5.0
50	65	3.0
50	66	4.0
50	67	1.0
50	68	6.0
50	69	1.0
50	123	2.0
51	51	44.0
51	52	8.0
51	55	7.0
51	56	1.0
51	63	1.0
51	67	3.0
51	69	3.0
51	125	1.0
51	157	1.0
52	52	31.0
52	53	10.0
52	54	1.0
52	55	2.0
52	56	1.0
52	67	4.0
52	69	1.0
52	88	1.0
52	133	3.0
53	53	33.0
53	54	3.0
53	55	2.0
53	61	4.0
53	69	1.0
53	133	1.0
53	134	5.0
54	54	50.0
54	55	5.0
54	61	2.0
54	62	1.0
54	64	1.0
54	65	1.0
54	68	1.0
54	83	4.0
54	84	1.0
54	104	1.0
55	55	46.0
55	56	7.0
55	58	1.0
55	68	1.0
55	69	2.0
55	70	4.0
55	71	10.0
55	91	1.0
55	92	1.0
55	93	1.0
56	56	33.0
56	57	12.0
56	58	2.0
56	70	6.0
56	71	5.0
56	80	1.0
56	92	1.0
56	106	1.0
56	107	1.0
57	57	43.0
57	58	2.0
57	70	2.0
58	58	27.0
58	60	1.0
58	64	5.0
58	65	6.0
58	70	4.0
58	71	2.0
58	80	1.0
58	94	1.0
58	122	1.0
58	123	3.0
58	132	1.0
59	59	8.0
59	60	2.0
59	63	2.0
59	64	1.0
59	65	1.0
59	66	2.0
59	69	1.0
59	76	1.0
59	79	1.0
59	124	2.0
60	60	5.0
60	61	3.0
60	62	1.0
60	63	2.0
60	64	2.0
60	65	1.0
60	66	4.0
60	70	1.0
60	75	2.0
60	121	1.0
60	130	3.0
60	133	1.0
60	134	1.0
61	61	13.0
61	62	1.0
61	63	1.0
61	66	7.0
61	68	1.0
61	124	1.0
61	142	1.0
61	143	5.0
62	62	4.0
62	63	2.0
62	66	1.0
62	68	1.0
62	115	1.0
62	129	1.0
62	130	1.0
62	134	1.0
63	63	36.0
63	64	4.0
63	68	1.0
63	89	1.0
63	124	4.0
63	126	2.0
63	129	3.0
63	130	1.0
64	64	11.0
64	65	1.0
64	93	1.0
64	130	1.0
64	143	4.0
64	144	2.0
64	145	4.0
64	146	1.0
65	65	39.0
65	66	3.0
65	70	2.0
66	66	47.0
66	67	2.0
66	123	1.0
66	128	1.0
67	67	42.0
67	68	4.0
67	69	1.0
67	137	1.0
68	68	35.0
68	69	4.0
69	69	45.0
69	70	2.0
69	86	1.0
70	70	38.0
70	71	9.0
70	74	2.0
70	75	6.0
70	76	2.0
70	112	1.0
71	71	41.0
71	72	10.0
71	74	3.0
71	75	4.0
71	76	4.0
71	77	1.0
71	93	2.0
71	106	3.0
71	107	6.0
71	155	1.0
72	72	35.0
72	73	21.0
72	74	1.0
72	77	1.0
72	92	1.0
72	106	1.0
72	107	2.0
72	112	5.0
72	114	3.0
72	115	1.0
73	73	34.0
73	74	1.0
73	76	1.0
73	77	3.0
73	98	2.0
73	109	1.0
73	110	2.0
73	111	5.0
73	112	1.0
73	113	1.0
73	114	1.0
74	74	36.0
74	75	6.0
74	76	10.0
74	77	2.0
74	99	2.0
74	117	5.0
74	118	1.0
74	119	1.0
74	129	1.0
75	75	25.0
75	76	7.0
75	100	2.0
75	101	8.0
75	103	4.0
75	116	1.0
75	119	1.0
76	76	50.0
76	77	21.0
76	101	3.0
76	102	1.0
77	77	39.0
77	78	4.0
77	101	1.0
77	118	2.0
78	78	48.0
78	79	5.0
78	133	1.0
78	157	1.0
79	79	41.0
79	80	3.0
79	82	2.0
79	85	1.0
80	80	54.0
80	81	12.0
80	82	3.0
80	91	3.0
81	81	52.0
81	82	3.0
81	87	1.0
81	90	1.0
81	91	2.0
81	135	1.0
82	82	47.0
82	83	2.0
82	87	3.0
83	83	23.0
83	84	5.0
83	85	1.0
83	138	1.0
83	157	1.0
84	84	31.0
84	85	9.0
84	87	1.0
84	91	1.0
84	105	1.0
84	106	2.0
84	120	2.0
84	138	1.0
85	85	47.0
85	86	7.0
85	87	1.0
85	106	1.0
85	120	1.0
85	134	1.0
86	86	37.0
86	87	9.0
86	104	1.0
86	124	2.0
87	87	37.0
87	89	2.0
87	112	1.0
87	129	1.0
88	88	37.0
88	89	5.0
88	103	1.0
88	105	1.0
89	89	58.0
89	90	1.0
89	93	1.0
89	94	1.0
89	144	1.0
90	90	40.0
90	91	2.0
90	99	1.0
90	119	1.0
90	121	1.0
91	91	41.0
91	92	15.0
91	106	7.0
91	112	1.0
91	118	1.0
91	119	3.0
91	127	1.0
92	92	43.0
92	93	6.0
92	107	1.0
92	120	1.0
92	121	3.0
93	93	25.0
93	107	1.0
93	121	2.0
93	122	1.0
93	127	1.0
94	94	34.0
94	95	2.0
94	103	1.0
94	108	1.0
94	109	1.0
94	121	1.0
94	127	3.0
95	95	29.0
95	96	2.0
95	97	1.0
95	110	1.0
95	114	1.0
95	116	1.0
96	96	10.0
96	97	3.0
96	104	1.0
96	105	1.0
96	108	2.0
97	97	34.0
97	98	8.0
97	101	1.0
97	102	1.0
97	105	3.0
97	109	8.0
97	111	1.0
98	98	26.0
98	99	5.0
98	101	5.0
98	105	1.0
98	109	3.0
98	117	1.0
98	118	1.0
98	119	2.0
99	99	37.0
99	100	8.0
99	102	2.0
99	117	4.0
99	119	2.0
100	100	44.0
100	101	2.0
100	102	2.0
100	103	1.0
100	104	1.0
101	101	38.0
101	102	14.0
101	104	1.0
101	105	3.0
101	111	1.0
102	102	48.0
102	103	4.0
102	104	2.0
103	103	45.0
103	104	7.0
103	105	1.0
103	114	1.0
103	116	2.0
103	118	1.0
104	104	30.0
104	105	3.0
104	111	3.0
104	114	1.0
105	105	49.0
105	106	2.0
105	107	2.0
105	120	1.0
106	106	22.0
106	107	1.0
106	109	4.0
106	110	4.0
106	116	1.0
106	119	3.0
106	120	1.0
107	107	36.0
107	108	2.0
107	109	4.0
107	115	2.0
108	108	42.0
108	109	3.0
108	110	1.0
108	135	1.0
109	109	55.0
109	110	8.0
109	111	1.0
110	110	40.0
110	111	19.0
110	112	1.0
110	114	8.0
111	111	42.0
111	114	2.0
112	112	26.0
112	113	5.0
112	114	13.0
112	115	9.0
112	116	3.0
112	118	1.0
112	127	1.0
113	113	17.0
113	114	13.0
113	115	3.0
113	116	1.0
113	118	3.0
114	114	31.0
114	115	4.0
115	115	45.0
115	116	6.0
115	117	1.0
115	119	1.0
116	116	44.0
116	117	2.0
116	118	3.0
116	119	1.0
116	128	1.0
117	117	45.0
117	118	10.0
117	120	2.0
117	128	3.0
118	118	43.0
118	119	4.0
118	120	2.0
119	119	33.0
119	120	6.0
119	123	1.0
120	120	53.0
120	121	1.0
120	128	6.0
121	121	53.0
121	122	8.0
121	128	1.0
121	129	1.0
121	158	1.0
122	122	44.0
122	123	14.0
122	158	1.0
123	123	47.0
123	124	5.0
123	125	2.0
123	126	3.0
123	127	1.0
123	128	1.0
124	124	33.0
124	125	12.0
124	126	2.0
125	125	36.0
125	126	7.0
125	127	1.0
125	134	1.0
125	144	1.0
125	153	1.0
126	126	45.0
126	127	5.0
126	134	5.0
126	142	1.0
126	148	5.0
127	127	63.0
127	128	5.0
127	148	1.0
128	128	45.0
128	129	7.0
129	129	40.0
129	130	16.0
129	131	1.0
129	133	1.0
129	148	1.0
129	159	3.0
130	130	37.0
130	131	8.0
130	132	6.0
130	133	1.0
131	131	43.0
131	132	9.0
132	132	33.0
132	133	3.0
132	134	9.0
133	133	34.0
133	134	6.0
134	134	37.0
134	135	4.0
134	148	3.0
134	149	2.0
135	135	38.0
135	136	7.0
136	136	47.0
136	137	11.0
136	138	2.0
136	140	7.0
136	147	5.0
136	150	2.0
137	137	37.0
137	138	9.0
137	139	9.0
137	140	3.0
137	144	1.0
138	138	40.0
138	139	16.0
138	140	2.0
138	144	2.0
138	147	2.0
138	152	4.0
139	139	39.0
139	140	10.0
139	147	1.0
139	148	1.0
139	152	2.0
140	140	48.0
140	141	10.0
140	146	1.0
140	147	5.0
140	148	3.0
140	149	1.0
140	150	6.0
140	152	2.0
140	153	1.0
140	155	2.0
141	141	35.0
141	142	8.0
141	143	7.0
141	146	1.0
141	147	1.0
141	148	6.0
141	149	6.0
141	152	1.0
141	153	1.0
141	155	7.0
142	142	40.0
142	143	6.0
142	144	4.0
142	146	3.0
142	148	2.0
142	149	2.0
142	152	2.0
143	143	45.0
143	144	12.0
143	145	5.0
143	146	3.0
143	152	1.0
144	144	43.0
144	145	7.0
144	146	4.0
145	145	43.0
145	146	11.0
145	155	1.0
146	146	48.0
146	147	3.0
146	149	1.0
146	158	2.0
146	159	2.0
147	147	43.0
147	148	1.0
147	149	1.0
147	150	26.0
147	157	1.0
147	158	1.0
148	148	49.0
148	149	25.0
148	151	6.0
148	152	5.0
148	157	1.0
149	149	57.0
149	150	4.0
149	151	2.0
149	152	2.0
149	157	3.0
150	150	45.0
150	151	4.0
150	158	2.0
151	151	46.0
151	152	5.0
152	152	42.0
152	153	4.0
152	157	1.0
153	153	70.0
153	154	5.0
153	156	1.0
154	154	12.0
154	155	3.0
154	156	1.0
155	155	51.0
155	156	8.0
155	157	2.0
156	156	41.0
156	157	28.0
157	157	50.0
157	158	4.0
158	158	50.0
158	159	8.0
159	159	44.0
