3	3	36.0
3	4	3.0
3	5	1.0
3	21	2.0
3	29	1.0
3	49	1.0
4	4	35.0
4	5	2.0
4	52	1.0
5	5	34.0
5	14	1.0
5	16	1.0
5	18	2.0
5	19	7.0
5	43	2.0
5	51	1.0
6	6	39.0
6	7	11.0
6	13	2.0
6	20	7.0
7	7	25.0
7	8	6.0
7	9	1.0
7	12	4.0
7	13	2.0
7	46	2.0
8	8	29.0
8	9	6.0
8	12	6.0
8	14	1.0
8	15	1.0
8	98	1.0
9	9	37.0
9	11	1.0
9	13	2.0
9	33	1.0
9	65	1.0
9	81	1.0
10	10	37.0
10	11	1.0
10	12	1.0
11	11	26.0
11	12	3.0
11	19	3.0
11	20	2.0
11	83	1.0
12	12	26.0
12	13	2.0
12	19	1.0
12	20	1.0
12	42	1.0
12	91	1.0
13	13	35.0
13	14	2.0
13	24	1.0
13	83	1.0
13	84	1.0
14	14	28.0
14	15	4.0
14	16	1.0
14	18	2.0
14	23	1.0
14	24	1.0
14	77	1.0
15	15	26.0
15	16	2.0
15	17	1.0
15	18	5.0
15	19	3.0
15	22	1.0
15	23	6.0
16	16	35.0
16	17	2.0
16	19	2.0
16	23	6.0
16	39	2.0
16	40	5.0
16	74	1.0
17	17	29.0
17	18	7.0
17	19	2.0
17	31	1.0
17	38	1.0
17	39	3.0
18	18	25.0
18	19	3.0
18	29	1.0
18	41	1.0
18	47	1.0
19	19	29.0
19	20	3.0
19	25	1.0
20	20	37.0
20	21	4.0
20	22	1.0
20	41	2.0
20	42	1.0
20	51	1.0
20	77	2.0
21	21	29.0
21	22	4.0
21	38	1.0
21	39	5.0
21	40	1.0
21	41	2.0
21	51	1.0
22	22	22.0
22	23	1.0
22	39	1.0
22	40	4.0
23	23	33.0
23	24	4.0
23	40	1.0
24	24	36.0
24	25	3.0
24	26	1.0
24	41	1.0
24	83	1.0
24	84	3.0
25	25	24.0
25	26	6.0
25	69	1.0
25	70	1.0
25	72	1.0
26	26	22.0
26	27	3.0
26	32	1.0
26	74	2.0
26	75	3.0
26	84	1.0
27	27	21.0
27	28	4.0
27	51	3.0
28	28	29.0
28	29	4.0
28	33	1.0
28	38	1.0
28	41	1.0
28	72	2.0
28	73	1.0
29	29	18.0
29	30	2.0
29	45	1.0
29	46	1.0
29	59	1.0
29	72	1.0
29	128	1.0
30	30	18.0
30	31	2.0
30	162	1.0
31	31	15.0
32	32	5.0
32	33	1.0
32	37	1.0
32	72	1.0
33	33	13.0
33	34	4.0
33	35	4.0
33	72	1.0
33	93	1.0
34	34	21.0
34	35	2.0
35	35	29.0
35	36	2.0
36	36	33.0
36	37	14.0
37	37	15.0
37	38	4.0
37	39	3.0
38	38	33.0
38	39	2.0
38	41	1.0
38	70	1.0
38	107	1.0
39	39	7.0
39	40	8.0
39	51	1.0
40	40	16.0
40	41	3.0
41	41	11.0
41	47	1.0
42	42	18.0
42	43	4.0
42	46	1.0
42	47	4.0
42	51	1.0
43	43	14.0
43	44	1.0
43	45	4.0
43	47	4.0
43	48	4.0
43	50	4.0
43	51	3.0
43	77	2.0
44	44	11.0
44	45	1.0
44	46	1.0
44	48	2.0
44	50	1.0
44	51	2.0
44	56	2.0
44	58	1.0
44	63	1.0
44	65	1.0
45	45	14.0
45	46	3.0
45	51	2.0
45	65	1.0
45	68	2.0
46	46	29.0
46	47	2.0
46	70	1.0
47	47	27.0
47	48	4.0
47	50	1.0
47	51	1.0
47	84	1.0
48	48	14.0
48	49	6.0
48	50	5.0
48	51	5.0
48	52	1.0
48	53	1.0
48	54	1.0
48	55	1.0
49	49	29.0
49	50	2.0
49	53	1.0
49	54	4.0
49	55	2.0
50	50	27.0
50	51	7.0
50	52	4.0
50	53	2.0
51	51	32.0
51	52	2.0
51	137	1.0
52	52	27.0
52	53	2.0
52	54	1.0
52	75	1.0
53	53	21.0
53	54	6.0
53	55	2.0
53	60	1.0
53	61	1.0
54	54	11.0
54	55	5.0
54	61	2.0
54	91	1.0
55	55	11.0
55	56	2.0
55	57	1.0
55	64	1.0
56	56	10.0
56	57	2.0
56	58	3.0
56	59	3.0
56	63	1.0
56	64	3.0
57	57	20.0
57	61	1.0
57	64	2.0
58	58	22.0
58	59	5.0
58	66	1.0
58	67	1.0
58	72	3.0
58	135	1.0
59	59	13.0
59	60	3.0
59	62	5.0
59	63	1.0
59	64	2.0
60	60	11.0
60	61	1.0
60	62	1.0
61	61	10.0
61	62	1.0
61	64	1.0
62	62	24.0
62	63	3.0
62	149	1.0
63	63	20.0
63	64	2.0
63	76	1.0
64	64	8.0
64	65	4.0
64	66	2.0
64	69	1.0
65	65	17.0
65	66	1.0
65	69	2.0
66	66	13.0
66	67	9.0
67	67	16.0
67	68	3.0
67	69	1.0
67	77	1.0
67	87	1.0
67	106	1.0
68	68	14.0
68	69	3.0
68	71	2.0
68	72	3.0
68	78	2.0
68	80	1.0
68	83	1.0
68	85	2.0
68	86	1.0
68	87	1.0
69	69	36.0
69	70	10.0
69	72	1.0
70	70	25.0
70	71	6.0
71	71	28.0
71	72	3.0
71	73	1.0
72	72	24.0
72	73	2.0
73	73	27.0
73	74	3.0
73	75	3.0
73	76	1.0
74	74	29.0
74	75	6.0
75	75	29.0
75	76	3.0
76	76	15.0
76	77	5.0
76	78	1.0
77	77	25.0
77	78	3.0
78	78	21.0
78	79	5.0
78	80	1.0
78	88	1.0
79	79	13.0
79	80	3.0
79	83	1.0
79	86	1.0
79	128	1.0
80	80	7.0
80	81	4.0
80	82	1.0
80	83	1.0
80	86	3.0
80	107	1.0
81	81	11.0
81	82	5.0
81	83	2.0
81	85	1.0
81	110	1.0
82	82	6.0
82	83	3.0
82	86	2.0
82	100	2.0
83	83	5.0
84	84	10.0
84	101	1.0
85	85	12.0
85	86	5.0
85	98	2.0
86	86	7.0
86	102	2.0
86	126	2.0
87	87	8.0
87	95	1.0
87	108	3.0
88	88	4.0
89	97	1.0
89	98	1.0
89	108	1.0
90	90	4.0
90	97	1.0
90	99	1.0
91	91	16.0
91	92	1.0
91	93	1.0
92	92	20.0
92	93	5.0
92	104	1.0
92	105	1.0
92	131	1.0
93	93	19.0
93	94	1.0
93	104	5.0
93	109	3.0
93	119	1.0
93	120	3.0
94	94	10.0
94	95	3.0
94	96	1.0
94	98	1.0
94	103	6.0
94	109	1.0
94	110	1.0
94	117	1.0
95	95	10.0
95	96	3.0
95	98	2.0
95	101	1.0
95	103	1.0
95	108	1.0
95	126	1.0
96	96	11.0
96	97	2.0
96	98	2.0
96	99	1.0
96	100	2.0
96	103	1.0
96	109	5.0
97	97	13.0
97	98	4.0
97	99	6.0
97	100	2.0
97	109	1.0
98	98	22.0
98	99	4.0
98	101	1.0
98	106	1.0
98	108	1.0
99	99	14.0
99	100	2.0
99	101	1.0
99	102	1.0
99	103	1.0
99	107	3.0
99	108	1.0
100	100	9.0
100	106	4.0
100	107	2.0
101	101	18.0
101	102	1.0
101	103	4.0
101	107	3.0
102	102	29.0
102	103	5.0
102	104	1.0
102	105	5.0
102	107	1.0
102	118	1.0
102	126	1.0
103	103	15.0
103	104	1.0
103	105	2.0
103	106	1.0
103	107	3.0
103	126	6.0
103	133	3.0
103	134	2.0
104	104	17.0
104	109	1.0
104	111	1.0
104	126	1.0
105	105	17.0
105	106	6.0
105	110	1.0
106	106	19.0
106	107	1.0
106	108	1.0
107	107	18.0
107	108	3.0
107	123	1.0
107	124	3.0
108	108	19.0
108	109	1.0
108	111	1.0
108	124	3.0
109	109	9.0
109	110	2.0
109	111	3.0
109	112	6.0
109	132	1.0
110	110	4.0
110	111	2.0
110	134	1.0
111	111	6.0
111	112	3.0
111	133	1.0
112	112	10.0
112	113	5.0
112	119	1.0
112	124	1.0
112	133	1.0
112	134	1.0
113	113	19.0
113	125	4.0
114	114	8.0
114	115	1.0
114	116	1.0
114	117	4.0
114	123	2.0
114	125	2.0
115	115	16.0
115	116	3.0
115	117	1.0
115	122	3.0
115	123	2.0
115	140	4.0
115	143	1.0
116	116	11.0
116	117	10.0
116	141	1.0
116	144	1.0
117	117	14.0
117	125	2.0
117	134	1.0
117	135	1.0
118	118	18.0
118	125	2.0
118	132	2.0
119	119	28.0
119	122	1.0
119	124	1.0
119	132	1.0
119	133	1.0
119	141	1.0
119	180	1.0
120	120	25.0
120	121	3.0
120	130	2.0
120	131	1.0
121	121	11.0
121	122	2.0
122	122	19.0
122	123	1.0
122	125	2.0
122	134	1.0
122	136	2.0
122	143	1.0
122	154	1.0
123	123	11.0
123	124	1.0
123	132	1.0
123	136	2.0
124	124	14.0
124	125	5.0
124	142	3.0
125	125	16.0
125	126	2.0
125	132	4.0
125	133	2.0
126	126	17.0
126	127	1.0
127	127	23.0
127	128	5.0
128	128	24.0
128	129	2.0
128	138	1.0
129	129	12.0
129	130	2.0
130	130	22.0
130	131	2.0
130	155	2.0
131	131	23.0
131	132	1.0
131	140	1.0
131	155	1.0
132	132	16.0
132	133	2.0
132	134	1.0
133	133	14.0
133	134	5.0
133	135	3.0
133	150	1.0
134	134	8.0
134	136	2.0
135	135	12.0
135	136	3.0
136	136	16.0
136	137	2.0
136	142	1.0
137	137	10.0
137	138	6.0
137	139	2.0
137	141	1.0
138	138	19.0
138	139	5.0
138	141	1.0
138	142	2.0
138	143	2.0
139	139	18.0
139	140	6.0
139	154	1.0
140	140	9.0
140	141	1.0
140	154	1.0
140	181	2.0
141	141	16.0
141	142	3.0
142	142	17.0
142	143	1.0
143	143	23.0
143	144	3.0
143	153	1.0
144	144	10.0
144	146	1.0
144	153	1.0
145	145	16.0
145	146	5.0
145	150	2.0
145	151	1.0
145	152	1.0
146	146	25.0
146	147	5.0
146	148	2.0
146	151	2.0
147	147	24.0
147	148	10.0
147	149	6.0
147	151	1.0
148	148	36.0
148	149	9.0
148	150	1.0
148	164	1.0
149	149	24.0
149	150	6.0
149	151	8.0
150	150	24.0
150	151	7.0
150	152	1.0
150	162	4.0
151	151	23.0
151	152	3.0
152	152	16.0
152	153	2.0
152	161	1.0
153	153	23.0
153	154	9.0
153	158	1.0
154	154	27.0
154	155	1.0
154	157	3.0
155	155	26.0
156	156	26.0
156	157	1.0
157	157	15.0
157	158	4.0
158	158	37.0
158	161	1.0
159	159	38.0
159	160	7.0
159	161	3.0
159	162	1.0
160	160	26.0
160	161	6.0
160	165	3.0
160	166	4.0
161	161	29.0
161	162	7.0
161	165	1.0
161	166	2.0
162	162	21.0
162	163	4.0
162	164	2.0
162	165	2.0
162	166	2.0
163	163	35.0
163	164	5.0
163	169	1.0
163	170	1.0
164	164	27.0
164	165	2.0
164	166	1.0
164	168	1.0
164	169	2.0
165	165	30.0
165	166	2.0
166	166	28.0
167	167	21.0
167	168	3.0
167	170	3.0
167	171	1.0
168	168	31.0
168	169	4.0
169	169	50.0
169	170	2.0
170	170	27.0
170	171	3.0
171	171	25.0
171	172	2.0
171	176	1.0
172	172	29.0
172	173	6.0
172	174	1.0
173	173	15.0
173	174	2.0
173	175	1.0
174	174	29.0
177	177	1.0
177	178	1.0
178	178	23.0
178	179	5.0
178	181	1.0
179	179	28.0
179	180	7.0
179	181	1.0
180	180	25.0
180	181	2.0
181	181	20.0
