3	58	1.0
4	22	1.0
4	49	1.0
5	5	27.0
5	6	23.0
5	17	1.0
5	26	3.0
5	32	1.0
5	88	2.0
5	143	1.0
6	6	41.0
6	7	19.0
6	35	3.0
6	36	3.0
6	40	2.0
6	59	1.0
6	122	1.0
7	7	50.0
7	8	4.0
7	20	1.0
7	26	1.0
7	32	1.0
7	35	2.0
7	36	11.0
7	40	1.0
8	8	25.0
8	9	20.0
8	10	13.0
8	11	9.0
8	17	10.0
8	50	1.0
8	107	1.0
9	9	44.0
9	10	25.0
9	11	18.0
9	13	3.0
9	16	4.0
9	17	6.0
9	18	20.0
9	19	5.0
9	36	1.0
10	10	63.0
10	11	15.0
10	19	7.0
10	95	1.0
10	100	1.0
11	11	37.0
11	12	14.0
11	15	1.0
11	18	4.0
11	19	5.0
11	26	1.0
12	12	49.0
12	13	4.0
12	18	1.0
13	13	34.0
13	14	35.0
13	15	4.0
13	16	2.0
13	17	2.0
13	18	3.0
13	19	2.0
13	20	1.0
13	138	1.0
14	14	48.0
14	15	27.0
14	16	1.0
14	18	2.0
14	19	1.0
14	20	7.0
14	21	8.0
14	22	3.0
14	23	2.0
14	39	1.0
14	110	1.0
15	15	61.0
15	16	16.0
15	19	11.0
15	20	5.0
15	21	1.0
15	22	3.0
15	23	6.0
15	38	1.0
16	16	60.0
16	17	12.0
16	18	6.0
16	19	3.0
16	23	1.0
17	17	48.0
17	18	15.0
17	19	5.0
17	20	1.0
17	31	1.0
18	18	43.0
18	19	12.0
18	20	1.0
18	36	1.0
19	19	47.0
19	20	13.0
19	21	2.0
19	23	1.0
19	35	1.0
19	36	2.0
20	20	41.0
20	21	7.0
20	22	1.0
20	23	1.0
20	24	1.0
20	33	1.0
20	35	3.0
20	38	1.0
20	39	1.0
20	87	1.0
21	21	32.0
21	22	26.0
21	23	10.0
21	25	4.0
21	26	2.0
21	31	2.0
21	33	1.0
21	34	1.0
21	38	2.0
21	39	1.0
22	22	54.0
22	23	19.0
22	24	3.0
22	31	1.0
22	39	3.0
22	43	1.0
22	44	1.0
22	56	2.0
23	23	21.0
23	24	1.0
23	36	1.0
23	37	2.0
23	39	1.0
23	44	1.0
23	45	1.0
24	24	1.0
25	26	1.0
25	37	1.0
25	39	1.0
25	42	1.0
26	36	1.0
26	39	1.0
26	57	1.0
31	31	4.0
31	34	1.0
31	36	1.0
31	50	4.0
31	57	3.0
32	46	1.0
32	50	2.0
32	51	1.0
33	74	1.0
35	35	1.0
35	36	1.0
36	36	7.0
36	49	2.0
36	50	1.0
36	58	1.0
36	60	1.0
37	37	13.0
37	38	6.0
37	39	1.0
38	38	7.0
38	39	1.0
38	44	1.0
38	45	2.0
38	46	1.0
38	47	1.0
38	48	2.0
38	65	1.0
39	39	17.0
39	40	6.0
39	42	1.0
39	43	2.0
39	44	3.0
39	45	3.0
39	49	1.0
39	59	1.0
40	40	15.0
40	41	3.0
40	45	3.0
40	50	1.0
40	52	1.0
40	55	1.0
40	59	3.0
40	68	2.0
40	80	2.0
40	81	2.0
40	91	1.0
41	41	17.0
41	43	3.0
41	46	2.0
41	49	1.0
41	50	3.0
41	51	2.0
41	52	1.0
41	55	1.0
41	56	5.0
41	59	4.0
41	60	2.0
41	68	2.0
42	42	8.0
42	43	6.0
42	46	3.0
42	49	1.0
42	50	3.0
42	58	1.0
42	59	1.0
42	60	1.0
42	65	1.0
42	67	1.0
42	68	3.0
42	70	1.0
42	81	1.0
43	43	10.0
43	44	3.0
43	45	1.0
43	46	4.0
43	49	7.0
43	50	1.0
43	60	5.0
43	61	2.0
44	44	32.0
44	45	13.0
44	46	1.0
44	47	2.0
44	49	2.0
44	51	1.0
44	57	1.0
45	45	11.0
45	51	3.0
45	52	1.0
45	97	1.0
46	46	21.0
46	47	3.0
46	49	1.0
46	51	1.0
46	56	1.0
46	59	1.0
46	61	2.0
46	62	4.0
47	47	8.0
47	48	9.0
47	49	15.0
47	50	1.0
47	51	4.0
47	52	9.0
47	53	3.0
47	56	3.0
47	57	1.0
47	59	1.0
47	60	1.0
47	61	3.0
47	62	1.0
47	68	1.0
47	76	1.0
48	48	41.0
48	49	4.0
48	51	5.0
48	52	19.0
48	57	2.0
48	58	3.0
48	59	1.0
48	60	2.0
48	61	1.0
48	63	2.0
48	72	2.0
48	74	1.0
48	75	11.0
48	76	1.0
49	49	58.0
49	50	20.0
49	51	5.0
49	59	2.0
49	60	1.0
49	61	2.0
49	62	8.0
49	63	1.0
49	64	1.0
49	75	1.0
50	50	57.0
50	51	5.0
50	52	2.0
50	56	4.0
50	57	11.0
50	58	5.0
50	59	4.0
50	61	22.0
50	62	4.0
50	73	1.0
50	75	1.0
50	89	1.0
50	95	1.0
51	51	24.0
51	52	9.0
51	53	1.0
51	56	8.0
51	57	2.0
51	88	1.0
51	89	2.0
51	104	1.0
52	52	49.0
52	53	8.0
52	55	4.0
52	56	2.0
52	57	11.0
52	101	1.0
53	53	46.0
53	54	11.0
53	55	2.0
53	56	9.0
54	54	9.0
54	55	2.0
54	56	1.0
55	55	21.0
55	56	4.0
55	61	1.0
55	75	1.0
56	56	58.0
56	57	7.0
56	61	5.0
57	57	48.0
57	58	1.0
57	61	8.0
57	62	3.0
57	66	2.0
57	67	5.0
57	75	5.0
57	76	12.0
57	86	2.0
57	87	2.0
57	88	1.0
57	103	1.0
57	106	1.0
58	58	35.0
58	59	14.0
58	60	3.0
58	62	1.0
58	63	1.0
58	65	3.0
58	66	5.0
58	67	2.0
58	73	1.0
58	75	5.0
58	81	1.0
58	92	1.0
58	108	1.0
58	163	1.0
59	59	49.0
59	60	20.0
59	61	1.0
59	66	3.0
59	67	2.0
59	72	4.0
59	75	6.0
59	80	8.0
59	81	6.0
59	89	1.0
60	60	39.0
60	61	13.0
60	63	1.0
60	66	3.0
60	67	3.0
60	68	3.0
60	80	3.0
60	81	1.0
61	61	61.0
61	62	11.0
61	63	3.0
61	66	1.0
61	80	4.0
61	84	1.0
62	62	61.0
62	63	8.0
62	65	1.0
62	66	4.0
62	74	2.0
62	76	2.0
62	89	1.0
62	124	1.0
63	63	68.0
63	64	16.0
63	65	27.0
63	66	17.0
63	67	1.0
63	80	1.0
64	64	67.0
64	65	13.0
64	66	5.0
64	79	2.0
64	83	3.0
64	106	1.0
65	65	65.0
65	66	16.0
65	67	2.0
65	77	5.0
66	66	50.0
66	67	8.0
66	75	2.0
66	76	3.0
66	79	5.0
66	80	1.0
66	86	2.0
66	88	1.0
67	67	45.0
67	68	11.0
67	75	8.0
67	76	2.0
67	79	4.0
67	80	5.0
67	87	8.0
67	88	1.0
67	91	1.0
67	94	1.0
67	110	1.0
68	68	53.0
68	69	15.0
68	72	2.0
68	75	4.0
68	80	6.0
68	81	5.0
68	85	3.0
68	86	2.0
68	90	2.0
68	91	4.0
69	69	35.0
69	70	12.0
69	71	10.0
69	72	2.0
69	81	1.0
69	82	1.0
69	84	8.0
69	85	6.0
69	88	5.0
69	89	1.0
69	90	6.0
69	105	2.0
69	112	1.0
70	70	36.0
70	71	14.0
70	72	3.0
70	75	1.0
70	86	5.0
70	87	4.0
70	88	7.0
70	90	2.0
70	91	1.0
70	92	1.0
70	95	4.0
70	106	1.0
70	150	1.0
71	71	42.0
71	72	4.0
71	74	4.0
71	75	5.0
71	81	3.0
71	82	8.0
71	84	2.0
71	86	1.0
71	88	1.0
71	89	1.0
71	90	10.0
71	91	6.0
71	105	1.0
71	109	1.0
71	121	1.0
72	72	48.0
72	73	11.0
72	74	2.0
72	77	1.0
72	81	8.0
72	82	4.0
72	83	1.0
72	84	1.0
72	106	1.0
73	73	48.0
73	74	7.0
73	91	1.0
73	116	1.0
74	74	27.0
74	75	5.0
74	76	1.0
75	75	32.0
75	76	9.0
75	77	1.0
75	86	1.0
76	76	50.0
76	77	1.0
76	86	13.0
76	87	9.0
76	88	3.0
77	77	65.0
77	78	3.0
77	79	1.0
77	83	1.0
77	86	2.0
77	87	2.0
77	106	2.0
78	78	58.0
78	79	22.0
78	80	1.0
78	81	2.0
78	82	4.0
78	84	1.0
78	106	4.0
79	79	51.0
79	80	5.0
79	81	6.0
79	82	4.0
79	83	6.0
79	106	4.0
79	111	4.0
79	112	2.0
80	80	42.0
80	81	21.0
80	82	12.0
80	91	1.0
81	81	43.0
81	82	7.0
81	84	6.0
81	85	2.0
81	86	1.0
81	90	1.0
82	82	43.0
82	83	20.0
82	84	11.0
82	86	1.0
82	89	1.0
82	90	3.0
82	105	3.0
82	114	5.0
82	115	1.0
82	134	1.0
83	83	65.0
83	84	5.0
83	89	3.0
83	105	3.0
83	106	1.0
83	114	3.0
84	84	59.0
84	85	21.0
84	86	2.0
84	89	1.0
84	90	1.0
84	97	2.0
84	98	4.0
84	105	2.0
84	114	2.0
85	85	55.0
85	86	5.0
85	87	1.0
85	90	6.0
85	91	11.0
85	97	1.0
85	98	1.0
85	100	6.0
85	104	6.0
86	86	49.0
86	87	16.0
86	88	2.0
86	91	12.0
86	92	1.0
86	95	3.0
86	96	4.0
86	100	3.0
87	87	59.0
87	88	11.0
87	89	1.0
87	90	4.0
87	94	2.0
87	95	3.0
87	96	1.0
87	100	8.0
87	101	7.0
87	108	1.0
88	88	58.0
88	89	22.0
88	90	2.0
88	92	1.0
88	95	1.0
88	100	5.0
88	101	2.0
88	104	4.0
88	105	13.0
88	110	4.0
88	114	1.0
89	89	61.0
89	90	20.0
89	91	2.0
89	94	1.0
89	100	1.0
89	101	4.0
89	103	3.0
89	104	10.0
89	105	2.0
89	108	3.0
89	110	1.0
89	114	6.0
89	115	1.0
90	90	33.0
90	91	6.0
90	92	1.0
90	98	1.0
90	100	4.0
90	104	5.0
90	105	6.0
90	108	4.0
90	114	2.0
90	115	1.0
90	152	1.0
91	91	40.0
91	92	7.0
91	100	4.0
91	104	3.0
91	105	1.0
92	92	53.0
92	93	7.0
92	95	1.0
92	96	1.0
92	97	1.0
92	102	4.0
92	106	17.0
92	107	1.0
92	110	13.0
92	111	2.0
93	93	50.0
93	94	5.0
93	96	5.0
93	98	4.0
93	99	4.0
93	109	1.0
93	110	3.0
93	114	2.0
93	116	4.0
94	94	39.0
94	95	1.0
94	96	1.0
94	99	2.0
94	117	1.0
95	95	52.0
95	96	18.0
95	97	1.0
95	98	1.0
95	100	6.0
95	101	5.0
95	112	1.0
95	148	1.0
95	153	1.0
96	96	44.0
96	97	9.0
96	98	5.0
96	99	9.0
96	101	1.0
96	107	2.0
96	112	2.0
96	114	1.0
96	136	1.0
97	97	43.0
97	98	34.0
97	99	1.0
97	101	4.0
97	103	1.0
97	104	4.0
97	105	1.0
98	98	47.0
98	99	13.0
98	102	5.0
98	103	15.0
98	104	2.0
98	122	1.0
99	99	78.0
99	100	11.0
99	101	4.0
99	104	1.0
99	105	3.0
99	111	3.0
99	112	7.0
99	123	1.0
99	154	1.0
100	100	50.0
100	101	2.0
100	104	2.0
100	105	6.0
100	111	6.0
100	112	1.0
100	116	3.0
101	101	40.0
101	102	15.0
101	103	2.0
101	104	7.0
101	105	2.0
102	102	38.0
102	103	8.0
102	115	1.0
102	131	1.0
103	103	65.0
103	104	8.0
103	115	1.0
104	104	43.0
104	105	6.0
104	106	1.0
104	118	1.0
104	119	1.0
105	105	36.0
105	106	5.0
105	108	1.0
105	110	3.0
105	111	3.0
105	114	2.0
105	115	1.0
106	106	67.0
106	107	8.0
106	108	2.0
106	109	1.0
106	110	1.0
106	111	3.0
106	112	3.0
106	113	2.0
106	114	1.0
106	116	1.0
106	123	1.0
107	107	42.0
107	108	13.0
107	109	17.0
107	110	13.0
107	111	5.0
107	112	6.0
107	113	9.0
107	114	5.0
107	115	2.0
107	116	1.0
107	117	2.0
107	118	2.0
107	127	2.0
108	108	32.0
108	109	12.0
108	112	1.0
108	113	6.0
108	114	2.0
108	118	1.0
108	119	3.0
108	121	2.0
108	126	1.0
108	127	6.0
108	128	2.0
108	138	1.0
108	154	1.0
108	166	1.0
109	109	34.0
109	110	5.0
109	111	1.0
109	112	4.0
109	113	3.0
109	114	2.0
109	115	1.0
109	116	3.0
109	117	4.0
109	118	2.0
109	119	1.0
109	123	1.0
109	127	2.0
109	128	2.0
109	165	1.0
110	110	47.0
110	111	8.0
110	113	3.0
110	114	2.0
110	115	3.0
110	116	1.0
110	122	1.0
111	111	27.0
111	114	1.0
112	112	4.0
112	113	2.0
113	113	11.0
113	115	1.0
113	119	3.0
114	114	1.0
114	115	3.0
114	116	1.0
115	115	13.0
115	116	3.0
115	117	2.0
115	136	1.0
116	116	7.0
116	117	7.0
116	118	3.0
116	132	1.0
116	168	1.0
117	117	5.0
117	118	3.0
117	119	2.0
117	128	1.0
117	138	1.0
117	141	2.0
117	147	1.0
117	164	1.0
118	118	17.0
118	119	16.0
118	120	5.0
118	128	1.0
118	133	2.0
118	142	1.0
119	119	37.0
119	120	7.0
119	124	1.0
119	126	2.0
119	127	2.0
119	128	5.0
119	132	1.0
119	133	2.0
120	120	22.0
120	121	5.0
120	126	2.0
120	127	2.0
120	128	3.0
120	131	1.0
120	132	4.0
120	138	5.0
120	139	1.0
120	146	1.0
120	148	1.0
120	162	3.0
120	163	2.0
121	121	28.0
121	122	14.0
121	126	5.0
121	127	6.0
121	128	3.0
121	131	3.0
121	137	2.0
121	138	2.0
122	122	24.0
122	126	4.0
122	127	4.0
122	131	3.0
122	138	9.0
122	142	1.0
122	160	1.0
122	162	1.0
123	123	2.0
123	126	1.0
123	127	1.0
123	130	1.0
123	138	1.0
123	139	1.0
123	160	1.0
123	161	1.0
124	124	3.0
126	126	21.0
126	127	5.0
126	137	2.0
126	145	1.0
126	162	1.0
126	169	1.0
127	127	19.0
127	128	6.0
127	129	5.0
127	131	2.0
127	132	1.0
127	137	2.0
127	138	2.0
127	144	1.0
127	146	1.0
127	147	2.0
127	150	1.0
127	153	1.0
128	128	22.0
128	129	3.0
128	131	1.0
128	132	6.0
128	133	1.0
128	137	1.0
128	140	1.0
128	141	3.0
128	147	1.0
129	129	5.0
129	130	2.0
129	131	4.0
129	132	2.0
129	134	2.0
129	135	1.0
129	136	3.0
129	137	1.0
129	140	1.0
129	146	2.0
129	147	1.0
129	152	3.0
129	153	1.0
130	130	16.0
130	131	3.0
130	134	2.0
130	135	3.0
130	148	1.0
131	131	5.0
131	132	4.0
132	132	11.0
132	134	3.0
132	136	1.0
132	140	2.0
132	152	1.0
132	153	1.0
133	133	4.0
133	134	1.0
133	135	12.0
133	136	12.0
133	137	2.0
133	138	1.0
133	147	1.0
133	157	1.0
133	167	2.0
134	134	18.0
134	135	6.0
134	136	7.0
134	137	3.0
134	147	6.0
134	152	3.0
134	153	2.0
135	135	21.0
135	136	15.0
135	137	8.0
135	144	2.0
135	146	4.0
135	153	1.0
136	136	57.0
136	137	12.0
136	144	1.0
136	147	2.0
137	137	33.0
137	138	2.0
137	143	6.0
137	144	12.0
137	146	7.0
137	147	2.0
137	159	1.0
137	169	1.0
138	138	47.0
138	139	20.0
138	140	1.0
138	141	8.0
138	142	11.0
138	143	1.0
138	144	1.0
138	145	4.0
138	146	1.0
138	162	8.0
138	163	2.0
139	139	52.0
139	140	7.0
139	141	11.0
139	142	17.0
139	143	3.0
139	145	1.0
139	148	1.0
139	158	1.0
139	159	1.0
139	162	6.0
139	169	1.0
140	140	56.0
140	141	17.0
140	142	5.0
140	149	1.0
140	160	1.0
140	164	2.0
140	169	5.0
141	141	70.0
141	142	5.0
141	143	8.0
141	155	1.0
141	164	1.0
141	168	2.0
142	142	59.0
142	143	6.0
142	145	3.0
142	159	1.0
142	161	1.0
142	168	1.0
143	143	78.0
143	144	11.0
143	145	13.0
143	146	19.0
143	147	4.0
144	144	51.0
144	145	17.0
144	146	18.0
144	147	10.0
144	158	1.0
144	168	1.0
145	145	52.0
145	146	9.0
145	156	1.0
146	146	95.0
146	147	9.0
146	156	5.0
146	157	1.0
147	147	52.0
147	148	2.0
147	150	1.0
147	152	2.0
147	155	6.0
147	157	1.0
147	158	2.0
147	159	3.0
148	148	2.0
148	150	4.0
148	153	1.0
150	150	34.0
150	151	4.0
150	154	3.0
150	155	1.0
150	159	1.0
150	160	9.0
150	161	1.0
150	164	2.0
151	151	58.0
151	152	10.0
151	153	1.0
151	154	7.0
151	155	1.0
151	162	1.0
151	164	11.0
151	165	4.0
151	168	1.0
152	152	36.0
152	153	4.0
152	154	9.0
153	153	62.0
153	154	9.0
153	155	2.0
154	154	42.0
154	155	11.0
154	157	2.0
154	159	8.0
154	160	3.0
154	161	1.0
154	164	5.0
154	165	3.0
154	168	1.0
155	155	52.0
155	156	8.0
155	157	4.0
155	158	5.0
155	159	6.0
155	160	2.0
155	164	4.0
155	165	3.0
155	167	6.0
155	168	8.0
156	156	50.0
156	157	32.0
156	158	15.0
156	159	2.0
156	164	3.0
156	165	4.0
157	157	49.0
157	158	9.0
157	159	7.0
157	164	1.0
157	165	6.0
157	167	6.0
158	158	56.0
158	159	13.0
158	164	1.0
158	165	3.0
159	159	44.0
159	160	14.0
159	161	8.0
159	164	7.0
159	165	1.0
160	160	47.0
160	161	32.0
160	162	3.0
160	163	1.0
160	164	3.0
161	161	68.0
161	162	9.0
161	164	8.0
161	165	1.0
162	162	41.0
162	163	9.0
162	164	4.0
162	165	6.0
162	167	1.0
162	168	2.0
162	169	1.0
163	163	47.0
163	164	10.0
163	165	1.0
163	166	1.0
163	167	19.0
163	168	1.0
163	169	1.0
164	164	62.0
164	165	12.0
164	168	3.0
165	165	62.0
165	166	7.0
165	167	6.0
166	166	76.0
166	167	12.0
166	169	1.0
167	167	62.0
167	168	5.0
168	168	83.0
168	169	26.0
169	169	64.0
