3	3	75.0
3	4	36.0
3	5	25.0
3	6	21.0
3	7	14.0
3	8	18.0
3	9	9.0
3	10	8.0
3	11	14.0
3	12	5.0
3	13	3.0
3	14	1.0
3	15	2.0
3	17	1.0
3	18	1.0
3	19	5.0
3	20	3.0
3	21	1.0
3	27	1.0
3	52	1.0
3	56	1.0
3	74	1.0
4	4	64.0
4	5	68.0
4	6	27.0
4	7	20.0
4	8	15.0
4	9	2.0
4	10	8.0
4	11	4.0
4	12	13.0
4	13	6.0
4	14	4.0
4	15	2.0
4	16	1.0
4	17	4.0
4	19	3.0
4	20	2.0
4	22	3.0
4	26	2.0
4	27	1.0
4	33	2.0
4	37	1.0
4	52	1.0
4	115	1.0
5	5	90.0
5	6	56.0
5	7	30.0
5	8	25.0
5	9	11.0
5	10	3.0
5	11	7.0
5	12	17.0
5	13	2.0
5	14	3.0
5	17	1.0
5	19	1.0
5	20	1.0
5	33	1.0
5	37	1.0
5	45	1.0
5	49	1.0
5	59	1.0
6	6	69.0
6	7	23.0
6	8	19.0
6	9	15.0
6	10	13.0
6	11	9.0
6	12	20.0
6	13	7.0
6	14	9.0
6	15	1.0
6	16	2.0
6	17	2.0
6	19	1.0
6	20	1.0
6	21	1.0
6	22	1.0
6	32	1.0
6	34	1.0
6	43	1.0
7	7	62.0
7	8	27.0
7	9	21.0
7	10	24.0
7	11	19.0
7	12	13.0
7	13	17.0
7	14	18.0
7	15	14.0
7	16	9.0
7	17	1.0
7	18	4.0
7	19	6.0
7	20	4.0
7	22	2.0
7	24	3.0
7	25	2.0
7	26	2.0
7	33	1.0
8	8	58.0
8	9	39.0
8	10	19.0
8	11	22.0
8	12	18.0
8	13	7.0
8	14	7.0
8	16	6.0
8	18	4.0
8	19	3.0
8	20	2.0
8	21	2.0
8	24	1.0
8	26	1.0
8	63	1.0
9	9	53.0
9	10	35.0
9	11	34.0
9	12	14.0
9	13	14.0
9	14	17.0
9	15	4.0
9	16	8.0
9	17	3.0
9	19	5.0
9	20	8.0
9	21	3.0
9	25	1.0
9	26	2.0
9	40	1.0
9	41	1.0
9	47	1.0
10	10	58.0
10	11	59.0
10	12	25.0
10	13	15.0
10	14	11.0
10	15	5.0
10	16	21.0
10	17	11.0
10	18	5.0
10	19	25.0
10	20	12.0
10	21	2.0
10	22	1.0
10	24	2.0
10	25	3.0
10	26	4.0
10	27	1.0
10	33	1.0
10	64	1.0
10	99	1.0
11	11	52.0
11	12	16.0
11	13	19.0
11	14	18.0
11	15	5.0
11	16	14.0
11	17	10.0
11	18	5.0
11	19	9.0
11	20	20.0
11	21	6.0
11	22	2.0
11	23	3.0
11	24	10.0
11	25	2.0
11	26	5.0
11	27	1.0
11	28	7.0
11	30	1.0
11	31	3.0
11	32	3.0
11	33	1.0
11	35	1.0
11	37	1.0
11	38	1.0
11	43	1.0
11	68	1.0
11	100	1.0
12	12	55.0
12	13	17.0
12	14	13.0
12	15	5.0
12	16	19.0
12	17	7.0
12	18	1.0
12	19	3.0
12	20	3.0
12	21	3.0
12	24	1.0
12	25	1.0
12	27	1.0
12	28	2.0
12	60	1.0
12	69	1.0
13	13	28.0
13	14	26.0
13	15	21.0
13	16	9.0
13	17	16.0
13	18	14.0
13	19	17.0
13	20	15.0
13	21	5.0
13	22	4.0
13	23	2.0
13	24	3.0
13	25	2.0
13	26	3.0
13	27	1.0
13	29	1.0
13	53	1.0
14	14	65.0
14	15	26.0
14	16	33.0
14	17	18.0
14	18	11.0
14	19	18.0
14	20	19.0
14	21	7.0
14	22	7.0
14	23	1.0
14	24	5.0
14	25	8.0
14	26	8.0
14	28	2.0
14	32	1.0
14	33	2.0
14	34	1.0
14	42	1.0
14	88	1.0
15	15	80.0
15	16	24.0
15	17	27.0
15	18	13.0
15	19	8.0
15	20	10.0
15	21	9.0
15	22	10.0
15	23	4.0
15	24	8.0
15	25	2.0
15	26	2.0
15	27	2.0
15	28	3.0
15	29	3.0
15	31	1.0
15	33	4.0
15	40	1.0
15	41	1.0
15	67	1.0
15	90	1.0
16	16	40.0
16	17	28.0
16	18	18.0
16	19	25.0
16	20	24.0
16	21	21.0
16	22	13.0
16	23	9.0
16	24	15.0
16	25	5.0
16	26	8.0
16	27	2.0
16	28	5.0
16	33	1.0
16	34	1.0
16	36	1.0
16	40	2.0
16	45	1.0
17	17	43.0
17	18	12.0
17	19	30.0
17	20	32.0
17	21	13.0
17	22	15.0
17	23	12.0
17	24	22.0
17	25	11.0
17	26	5.0
17	27	9.0
17	28	6.0
17	29	1.0
17	30	2.0
17	31	4.0
17	32	2.0
17	33	3.0
17	45	1.0
17	60	1.0
18	18	57.0
18	19	35.0
18	20	29.0
18	21	24.0
18	22	14.0
18	23	16.0
18	24	21.0
18	25	11.0
18	26	18.0
18	27	10.0
18	28	13.0
18	29	3.0
18	30	3.0
18	31	2.0
18	32	4.0
18	33	3.0
18	34	1.0
18	39	1.0
18	40	1.0
18	43	1.0
18	47	1.0
18	56	1.0
18	73	1.0
19	19	62.0
19	20	48.0
19	21	25.0
19	22	15.0
19	23	11.0
19	24	18.0
19	25	6.0
19	26	7.0
19	27	4.0
19	28	3.0
19	29	3.0
19	30	2.0
19	31	1.0
19	32	2.0
19	33	2.0
19	34	1.0
19	36	3.0
19	39	1.0
19	41	1.0
19	42	2.0
19	45	1.0
19	91	1.0
20	20	39.0
20	21	21.0
20	22	20.0
20	23	11.0
20	24	34.0
20	25	14.0
20	26	14.0
20	27	3.0
20	28	1.0
20	29	4.0
20	30	5.0
20	32	4.0
20	33	3.0
20	34	3.0
20	38	1.0
20	44	1.0
20	47	1.0
20	62	1.0
21	21	47.0
21	22	22.0
21	23	27.0
21	24	34.0
21	25	20.0
21	26	17.0
21	27	8.0
21	28	24.0
21	29	7.0
21	30	3.0
21	31	7.0
21	32	5.0
21	33	7.0
21	34	4.0
21	35	4.0
21	36	4.0
21	37	2.0
21	38	1.0
21	39	1.0
21	42	1.0
21	47	1.0
22	22	21.0
22	23	13.0
22	24	13.0
22	25	14.0
22	26	1.0
22	27	11.0
22	28	12.0
22	29	12.0
22	30	3.0
22	31	5.0
22	32	2.0
22	33	4.0
22	35	1.0
22	37	1.0
22	39	1.0
23	23	23.0
23	24	27.0
23	25	23.0
23	26	10.0
23	27	14.0
23	28	17.0
23	29	13.0
23	30	24.0
23	31	13.0
23	32	2.0
23	33	3.0
23	34	8.0
23	35	2.0
23	36	3.0
23	37	1.0
23	38	5.0
23	40	1.0
23	42	1.0
23	53	1.0
23	59	1.0
23	61	1.0
24	24	50.0
24	25	35.0
24	26	11.0
24	27	25.0
24	28	32.0
24	29	18.0
24	30	13.0
24	31	10.0
24	32	3.0
24	33	14.0
24	34	3.0
24	35	2.0
24	36	3.0
24	37	1.0
24	39	2.0
24	42	1.0
24	43	1.0
24	48	1.0
24	49	1.0
24	53	1.0
24	56	1.0
24	64	1.0
25	25	49.0
25	26	30.0
25	27	31.0
25	28	30.0
25	29	22.0
25	30	8.0
25	31	18.0
25	32	27.0
25	33	26.0
25	34	10.0
25	35	9.0
25	36	2.0
25	37	3.0
25	38	1.0
25	40	1.0
25	42	2.0
25	43	1.0
25	49	1.0
25	67	1.0
26	26	54.0
26	27	33.0
26	28	11.0
26	29	13.0
26	30	12.0
26	31	9.0
26	32	16.0
26	33	16.0
26	34	9.0
26	35	4.0
26	36	3.0
26	37	5.0
26	38	4.0
26	40	4.0
26	41	1.0
26	42	1.0
26	43	5.0
26	47	1.0
26	50	1.0
26	61	1.0
26	64	1.0
26	65	1.0
26	71	1.0
26	76	1.0
27	27	43.0
27	28	33.0
27	29	17.0
27	30	11.0
27	31	10.0
27	32	15.0
27	33	10.0
27	34	12.0
27	35	5.0
27	36	10.0
27	37	4.0
27	38	3.0
27	39	2.0
27	40	1.0
27	41	1.0
27	42	1.0
27	43	3.0
27	119	1.0
28	28	53.0
28	29	30.0
28	30	16.0
28	31	24.0
28	32	12.0
28	33	10.0
28	34	13.0
28	35	7.0
28	36	3.0
28	37	11.0
28	38	2.0
28	39	2.0
28	41	1.0
28	44	1.0
28	45	1.0
28	56	1.0
29	29	64.0
29	30	31.0
29	31	21.0
29	32	14.0
29	33	10.0
29	34	29.0
29	35	9.0
29	36	13.0
29	37	13.0
29	38	7.0
29	39	10.0
29	40	3.0
29	41	3.0
29	43	2.0
29	49	1.0
29	61	1.0
29	99	1.0
30	30	53.0
30	31	57.0
30	32	34.0
30	33	9.0
30	34	18.0
30	35	22.0
30	36	23.0
30	37	17.0
30	38	7.0
30	39	7.0
30	40	1.0
30	41	5.0
30	42	1.0
30	44	2.0
30	46	1.0
30	73	1.0
30	84	1.0
31	31	53.0
31	32	28.0
31	33	15.0
31	34	13.0
31	35	18.0
31	36	23.0
31	37	21.0
31	38	11.0
31	39	9.0
31	40	8.0
31	41	5.0
31	42	3.0
31	43	1.0
31	44	1.0
31	57	1.0
31	59	1.0
32	32	36.0
32	33	8.0
32	34	16.0
32	35	12.0
32	36	9.0
32	37	12.0
32	38	7.0
32	39	8.0
32	40	5.0
32	41	3.0
32	42	2.0
32	43	7.0
32	44	1.0
33	33	32.0
33	34	19.0
33	35	16.0
33	36	6.0
33	37	7.0
33	38	15.0
33	39	13.0
33	40	6.0
33	41	8.0
33	42	3.0
33	43	3.0
33	44	3.0
33	45	1.0
33	46	1.0
33	48	2.0
33	49	1.0
33	51	1.0
33	52	1.0
33	61	1.0
34	34	59.0
34	35	37.0
34	36	38.0
34	37	32.0
34	38	23.0
34	39	22.0
34	40	17.0
34	41	6.0
34	42	3.0
34	43	11.0
34	44	4.0
34	45	6.0
34	46	1.0
34	48	1.0
34	49	1.0
34	50	1.0
34	51	2.0
34	56	1.0
34	60	1.0
34	78	2.0
35	35	46.0
35	36	26.0
35	37	45.0
35	38	19.0
35	39	33.0
35	40	14.0
35	41	18.0
35	42	21.0
35	43	16.0
35	44	17.0
35	45	4.0
35	46	5.0
35	47	6.0
35	48	2.0
35	49	3.0
35	50	2.0
35	52	1.0
35	53	1.0
35	54	1.0
35	56	1.0
35	57	1.0
35	67	1.0
35	82	1.0
35	83	1.0
36	36	68.0
36	37	53.0
36	38	20.0
36	39	17.0
36	40	9.0
36	41	11.0
36	42	14.0
36	43	3.0
36	44	6.0
36	45	2.0
36	46	1.0
36	47	2.0
36	48	2.0
36	50	1.0
36	54	1.0
36	55	1.0
36	115	1.0
37	37	77.0
37	38	43.0
37	39	26.0
37	40	12.0
37	41	10.0
37	42	9.0
37	43	4.0
37	44	9.0
37	45	2.0
37	46	2.0
37	47	4.0
37	48	1.0
37	49	4.0
37	50	1.0
37	51	1.0
37	55	1.0
37	58	2.0
37	75	2.0
38	38	46.0
38	39	34.0
38	40	12.0
38	41	25.0
38	42	25.0
38	43	22.0
38	44	10.0
38	45	3.0
38	46	2.0
38	47	2.0
38	48	4.0
38	49	5.0
38	51	2.0
39	39	50.0
39	40	24.0
39	41	22.0
39	42	18.0
39	43	22.0
39	44	19.0
39	45	10.0
39	46	6.0
39	47	11.0
39	48	5.0
39	49	6.0
39	51	1.0
39	63	1.0
40	40	56.0
40	41	27.0
40	42	25.0
40	43	34.0
40	44	23.0
40	45	21.0
40	46	23.0
40	47	15.0
40	48	4.0
40	49	12.0
40	50	4.0
40	51	4.0
40	52	4.0
40	53	1.0
40	55	1.0
40	60	1.0
41	41	61.0
41	42	35.0
41	43	13.0
41	44	23.0
41	45	12.0
41	46	19.0
41	47	10.0
41	48	7.0
41	49	11.0
41	51	9.0
41	52	1.0
41	53	3.0
41	67	1.0
41	79	1.0
41	96	1.0
42	42	59.0
42	43	26.0
42	44	37.0
42	45	34.0
42	46	19.0
42	47	33.0
42	48	20.0
42	49	11.0
42	50	5.0
42	51	4.0
42	52	2.0
42	53	2.0
42	97	1.0
43	43	69.0
43	44	61.0
43	45	40.0
43	46	15.0
43	47	19.0
43	48	15.0
43	49	12.0
43	50	13.0
43	51	3.0
43	52	4.0
43	53	7.0
43	54	2.0
43	55	4.0
43	56	1.0
43	57	1.0
43	60	1.0
43	72	1.0
43	84	1.0
44	44	40.0
44	45	49.0
44	46	26.0
44	47	25.0
44	48	18.0
44	49	10.0
44	50	15.0
44	51	11.0
44	52	2.0
44	53	2.0
44	54	2.0
44	55	1.0
44	57	1.0
44	58	2.0
44	71	1.0
45	45	55.0
45	46	32.0
45	47	36.0
45	48	27.0
45	49	13.0
45	50	15.0
45	51	10.0
45	52	10.0
45	53	5.0
45	54	4.0
45	56	3.0
45	57	1.0
45	59	1.0
45	73	1.0
46	46	97.0
46	47	27.0
46	48	34.0
46	49	30.0
46	50	8.0
46	51	16.0
46	52	16.0
46	53	23.0
46	54	6.0
46	55	2.0
46	56	1.0
46	57	1.0
47	47	52.0
47	48	32.0
47	49	33.0
47	50	21.0
47	51	32.0
47	52	8.0
47	53	15.0
47	54	4.0
47	55	1.0
47	56	3.0
47	57	4.0
47	58	1.0
47	60	4.0
47	61	3.0
48	48	81.0
48	49	36.0
48	50	18.0
48	51	15.0
48	52	35.0
48	53	25.0
48	54	17.0
48	55	3.0
48	57	1.0
48	59	3.0
48	60	1.0
48	61	1.0
48	67	1.0
48	68	1.0
49	49	79.0
49	50	18.0
49	51	23.0
49	52	21.0
49	53	10.0
49	54	5.0
49	55	2.0
49	59	1.0
49	63	1.0
49	93	1.0
50	50	22.0
50	51	29.0
50	52	25.0
50	53	20.0
50	54	11.0
50	55	3.0
50	56	2.0
50	57	5.0
50	58	2.0
50	59	2.0
50	60	3.0
51	51	68.0
51	52	39.0
51	53	43.0
51	54	24.0
51	55	13.0
51	56	4.0
51	57	10.0
51	58	4.0
51	59	5.0
51	60	3.0
51	61	2.0
51	79	1.0
52	52	85.0
52	53	53.0
52	54	37.0
52	55	27.0
52	56	15.0
52	57	12.0
52	58	10.0
52	59	5.0
52	83	1.0
52	89	1.0
53	53	68.0
53	54	54.0
53	55	34.0
53	56	7.0
53	57	9.0
53	58	10.0
53	59	8.0
53	60	3.0
53	61	5.0
53	63	1.0
53	64	1.0
53	65	1.0
53	71	2.0
54	54	59.0
54	55	39.0
54	56	24.0
54	57	13.0
54	58	18.0
54	59	19.0
54	60	14.0
54	61	7.0
54	63	4.0
54	64	2.0
54	65	2.0
54	66	1.0
54	67	2.0
54	71	1.0
54	82	1.0
54	91	2.0
55	55	62.0
55	56	11.0
55	57	14.0
55	58	18.0
55	59	19.0
55	60	10.0
55	61	8.0
55	62	3.0
55	63	11.0
55	64	1.0
55	68	1.0
55	77	2.0
55	105	1.0
56	56	67.0
56	57	57.0
56	58	37.0
56	59	25.0
56	60	27.0
56	61	16.0
56	62	8.0
56	63	4.0
56	64	5.0
56	65	2.0
56	67	3.0
56	68	2.0
56	71	1.0
56	78	1.0
56	79	1.0
56	94	1.0
57	57	73.0
57	58	48.0
57	59	38.0
57	60	24.0
57	61	17.0
57	62	21.0
57	63	13.0
57	64	19.0
57	65	7.0
57	66	2.0
57	67	1.0
57	69	1.0
57	72	1.0
57	82	1.0
58	58	66.0
58	59	41.0
58	60	30.0
58	61	19.0
58	62	11.0
58	63	7.0
58	64	16.0
58	65	4.0
58	66	3.0
58	67	3.0
58	68	1.0
58	69	1.0
58	73	1.0
58	77	1.0
58	99	1.0
59	59	60.0
59	60	32.0
59	61	24.0
59	62	22.0
59	63	20.0
59	64	18.0
59	65	7.0
59	66	3.0
59	67	3.0
59	68	2.0
59	71	2.0
59	74	1.0
59	76	1.0
59	83	1.0
59	86	1.0
59	91	1.0
59	108	1.0
59	114	1.0
60	60	72.0
60	61	40.0
60	62	23.0
60	63	37.0
60	64	18.0
60	65	4.0
60	66	1.0
60	67	3.0
60	69	1.0
60	70	2.0
60	71	2.0
60	73	1.0
60	74	1.0
60	75	2.0
60	77	1.0
61	61	55.0
61	62	18.0
61	63	15.0
61	64	36.0
61	65	7.0
61	66	6.0
61	67	8.0
61	69	4.0
61	70	1.0
61	71	3.0
61	74	2.0
61	82	1.0
61	97	1.0
61	116	1.0
62	62	43.0
62	63	20.0
62	64	20.0
62	65	17.0
62	66	3.0
62	67	8.0
62	69	3.0
62	70	4.0
62	71	1.0
62	72	1.0
62	73	1.0
62	74	2.0
62	75	2.0
62	76	1.0
62	86	1.0
62	87	1.0
62	88	1.0
63	63	59.0
63	64	24.0
63	65	5.0
63	66	4.0
63	67	5.0
63	68	12.0
63	69	9.0
63	70	14.0
63	71	23.0
63	72	9.0
63	73	1.0
63	74	2.0
63	75	9.0
63	76	1.0
63	77	2.0
63	78	2.0
63	83	1.0
63	84	1.0
63	86	1.0
63	87	1.0
63	105	1.0
64	64	48.0
64	65	5.0
64	66	10.0
64	67	16.0
64	68	8.0
64	69	11.0
64	70	6.0
64	71	5.0
64	72	5.0
64	74	2.0
64	75	2.0
64	76	2.0
64	77	1.0
65	65	17.0
65	66	6.0
65	67	17.0
65	68	8.0
65	69	5.0
65	70	2.0
65	71	8.0
65	72	2.0
65	73	2.0
65	74	4.0
65	76	1.0
65	78	1.0
66	66	6.0
66	67	12.0
66	68	2.0
66	69	1.0
66	70	3.0
66	71	3.0
66	72	3.0
66	73	6.0
66	74	2.0
66	76	2.0
66	116	1.0
67	67	56.0
67	68	16.0
67	69	26.0
67	70	15.0
67	71	9.0
67	72	17.0
67	73	4.0
67	74	12.0
67	75	3.0
67	76	3.0
67	77	1.0
67	78	1.0
67	79	1.0
67	88	1.0
67	90	1.0
67	106	1.0
68	68	52.0
68	69	27.0
68	70	29.0
68	71	24.0
68	72	33.0
68	73	20.0
68	74	16.0
68	75	4.0
68	76	7.0
68	77	3.0
68	78	6.0
68	79	8.0
68	80	4.0
68	81	2.0
68	82	2.0
68	84	3.0
68	87	1.0
68	91	1.0
68	92	1.0
69	69	58.0
69	70	41.0
69	71	15.0
69	72	32.0
69	73	27.0
69	74	29.0
69	75	4.0
69	76	5.0
69	77	4.0
69	78	7.0
69	79	6.0
69	80	1.0
69	81	4.0
69	82	1.0
69	84	1.0
69	85	2.0
69	87	2.0
69	90	1.0
69	92	1.0
70	70	70.0
70	71	44.0
70	72	36.0
70	73	34.0
70	74	25.0
70	75	12.0
70	76	8.0
70	77	9.0
70	78	7.0
70	79	7.0
70	80	6.0
70	81	3.0
70	82	2.0
70	85	2.0
70	87	2.0
70	88	1.0
70	90	1.0
70	114	2.0
71	71	71.0
71	72	30.0
71	73	30.0
71	74	21.0
71	75	16.0
71	76	15.0
71	77	14.0
71	78	14.0
71	79	11.0
71	80	3.0
71	81	1.0
71	82	3.0
71	83	1.0
71	84	1.0
71	86	1.0
71	88	2.0
71	92	1.0
71	94	1.0
72	72	72.0
72	73	41.0
72	74	17.0
72	75	11.0
72	76	15.0
72	77	9.0
72	78	18.0
72	79	16.0
72	80	7.0
72	81	3.0
72	82	6.0
72	83	1.0
72	84	2.0
72	85	1.0
72	87	5.0
72	88	2.0
72	89	1.0
72	90	1.0
72	92	1.0
72	93	2.0
72	101	1.0
72	115	1.0
73	73	58.0
73	74	27.0
73	75	13.0
73	76	20.0
73	77	17.0
73	78	6.0
73	79	16.0
73	80	6.0
73	81	4.0
73	82	3.0
73	84	2.0
73	85	2.0
73	86	4.0
73	87	3.0
73	89	3.0
73	90	1.0
73	91	1.0
73	92	1.0
73	105	1.0
74	74	56.0
74	75	20.0
74	76	14.0
74	77	23.0
74	78	32.0
74	79	17.0
74	80	7.0
74	81	5.0
74	82	5.0
74	83	5.0
74	84	7.0
74	85	3.0
74	86	5.0
74	87	1.0
74	88	1.0
75	75	37.0
75	76	32.0
75	77	23.0
75	78	38.0
75	79	27.0
75	80	22.0
75	81	16.0
75	82	11.0
75	83	4.0
75	84	8.0
75	85	3.0
75	86	7.0
75	87	4.0
75	88	2.0
75	89	2.0
75	90	2.0
75	91	1.0
75	92	1.0
75	108	1.0
75	111	1.0
76	76	38.0
76	77	32.0
76	78	29.0
76	79	30.0
76	80	18.0
76	81	19.0
76	82	19.0
76	83	9.0
76	84	6.0
76	85	7.0
76	86	9.0
76	87	1.0
76	88	1.0
76	89	5.0
76	90	2.0
77	77	33.0
77	78	23.0
77	79	12.0
77	80	15.0
77	81	14.0
77	82	10.0
77	83	3.0
77	84	7.0
77	85	1.0
77	86	4.0
77	87	5.0
77	88	6.0
77	89	1.0
77	90	3.0
77	91	3.0
77	98	1.0
78	78	35.0
78	79	30.0
78	80	20.0
78	81	7.0
78	82	22.0
78	83	7.0
78	84	13.0
78	85	5.0
78	86	2.0
78	87	4.0
78	88	1.0
78	89	2.0
78	90	1.0
78	102	1.0
78	116	1.0
79	79	42.0
79	80	43.0
79	81	32.0
79	82	19.0
79	83	17.0
79	84	18.0
79	85	6.0
79	86	12.0
79	87	3.0
79	88	10.0
79	89	3.0
79	90	5.0
79	91	1.0
79	92	1.0
79	93	1.0
79	94	1.0
79	100	1.0
79	105	1.0
80	80	63.0
80	81	40.0
80	82	26.0
80	83	23.0
80	84	26.0
80	85	10.0
80	86	12.0
80	87	6.0
80	88	13.0
80	89	4.0
80	90	5.0
80	91	2.0
80	92	5.0
80	93	1.0
80	96	1.0
80	97	1.0
80	98	1.0
80	113	1.0
81	81	51.0
81	82	37.0
81	83	20.0
81	84	21.0
81	85	20.0
81	86	27.0
81	87	21.0
81	88	12.0
81	89	12.0
81	90	11.0
81	91	4.0
81	92	5.0
81	93	4.0
81	94	3.0
81	95	5.0
81	105	1.0
81	111	1.0
81	116	1.0
82	82	51.0
82	83	26.0
82	84	12.0
82	85	22.0
82	86	34.0
82	87	16.0
82	88	14.0
82	89	9.0
82	90	12.0
82	91	6.0
82	94	1.0
82	95	5.0
82	96	2.0
82	97	2.0
83	83	50.0
83	84	30.0
83	85	35.0
83	86	17.0
83	87	28.0
83	88	40.0
83	89	18.0
83	90	18.0
83	91	14.0
83	92	4.0
83	93	5.0
83	94	3.0
83	95	7.0
83	96	2.0
83	97	1.0
83	98	1.0
83	99	1.0
83	102	1.0
83	106	2.0
83	119	1.0
84	84	49.0
84	85	34.0
84	86	26.0
84	87	19.0
84	88	19.0
84	89	7.0
84	90	14.0
84	91	8.0
84	92	18.0
84	93	9.0
84	94	3.0
84	95	3.0
84	97	1.0
84	104	1.0
84	114	2.0
85	85	42.0
85	86	36.0
85	87	22.0
85	88	34.0
85	89	26.0
85	90	21.0
85	91	20.0
85	92	13.0
85	93	8.0
85	94	5.0
85	95	7.0
85	96	1.0
85	97	1.0
85	101	1.0
86	86	43.0
86	87	23.0
86	88	18.0
86	89	18.0
86	90	17.0
86	91	19.0
86	92	15.0
86	93	9.0
86	94	2.0
86	95	7.0
86	98	2.0
86	100	2.0
86	101	1.0
86	109	1.0
87	87	46.0
87	88	26.0
87	89	23.0
87	90	24.0
87	91	21.0
87	92	6.0
87	93	5.0
87	94	3.0
87	95	9.0
87	96	4.0
87	97	1.0
87	99	2.0
87	101	1.0
87	106	2.0
88	88	42.0
88	89	29.0
88	90	48.0
88	91	24.0
88	92	27.0
88	93	21.0
88	94	8.0
88	95	14.0
88	96	7.0
88	97	2.0
88	101	1.0
88	104	1.0
88	111	2.0
88	113	1.0
88	118	2.0
89	89	55.0
89	90	41.0
89	91	48.0
89	92	19.0
89	93	16.0
89	94	8.0
89	95	21.0
89	96	12.0
89	97	4.0
89	98	3.0
89	99	1.0
89	103	2.0
89	104	1.0
89	116	1.0
90	90	53.0
90	91	36.0
90	92	24.0
90	93	20.0
90	94	12.0
90	95	21.0
90	96	13.0
90	97	6.0
90	98	2.0
90	99	1.0
90	101	3.0
90	102	2.0
90	103	3.0
90	105	1.0
90	111	1.0
91	91	45.0
91	92	51.0
91	93	30.0
91	94	14.0
91	95	26.0
91	96	11.0
91	97	9.0
91	98	2.0
91	99	6.0
91	100	6.0
91	101	1.0
91	102	2.0
91	103	2.0
91	104	4.0
91	105	1.0
91	106	1.0
91	116	1.0
92	92	60.0
92	93	27.0
92	94	22.0
92	95	11.0
92	96	18.0
92	97	3.0
92	98	11.0
92	99	3.0
92	100	3.0
92	101	3.0
92	102	1.0
92	103	3.0
92	112	1.0
93	93	63.0
93	94	58.0
93	95	32.0
93	96	16.0
93	97	13.0
93	98	11.0
93	99	10.0
93	100	13.0
93	101	3.0
93	103	10.0
93	104	1.0
93	106	1.0
93	107	1.0
93	108	9.0
93	110	2.0
93	114	1.0
94	94	78.0
94	95	50.0
94	96	47.0
94	97	10.0
94	98	10.0
94	99	10.0
94	100	5.0
94	101	4.0
94	102	2.0
94	103	4.0
94	116	1.0
95	95	73.0
95	96	34.0
95	97	26.0
95	98	7.0
95	99	14.0
95	100	14.0
95	101	15.0
95	102	5.0
95	103	3.0
95	104	6.0
95	106	1.0
95	107	5.0
95	108	1.0
95	110	1.0
96	96	79.0
96	97	37.0
96	98	17.0
96	99	24.0
96	100	9.0
96	101	17.0
96	102	13.0
96	103	21.0
96	104	14.0
96	105	6.0
96	106	4.0
96	107	6.0
96	108	2.0
96	109	2.0
96	111	1.0
96	112	1.0
96	113	1.0
97	97	79.0
97	98	56.0
97	99	40.0
97	100	22.0
97	101	20.0
97	102	27.0
97	103	14.0
97	104	9.0
97	105	9.0
97	106	3.0
97	107	6.0
97	108	4.0
97	109	1.0
97	110	6.0
97	111	2.0
98	98	58.0
98	99	54.0
98	100	23.0
98	101	9.0
98	102	13.0
98	103	6.0
98	104	5.0
98	105	4.0
98	106	3.0
98	107	2.0
98	108	4.0
98	109	1.0
98	110	3.0
98	112	1.0
98	117	1.0
99	99	83.0
99	100	26.0
99	101	15.0
99	102	24.0
99	103	15.0
99	104	17.0
99	105	15.0
99	106	10.0
99	107	6.0
99	108	4.0
99	109	3.0
99	110	3.0
99	114	1.0
100	100	53.0
100	101	33.0
100	102	17.0
100	103	16.0
100	104	15.0
100	105	9.0
100	106	17.0
100	107	10.0
100	108	13.0
100	109	5.0
100	110	10.0
100	111	1.0
100	117	1.0
100	118	1.0
101	101	75.0
101	102	40.0
101	103	36.0
101	104	21.0
101	105	35.0
101	106	15.0
101	107	28.0
101	108	26.0
101	109	11.0
101	110	1.0
101	111	2.0
101	112	2.0
101	113	1.0
101	116	1.0
102	102	56.0
102	103	39.0
102	104	28.0
102	105	44.0
102	106	17.0
102	107	24.0
102	108	18.0
102	109	11.0
102	110	9.0
102	111	6.0
102	112	3.0
102	113	2.0
102	114	1.0
102	116	3.0
102	117	2.0
103	103	62.0
103	104	38.0
103	105	20.0
103	106	20.0
103	107	18.0
103	108	7.0
103	109	22.0
103	110	6.0
103	111	3.0
103	112	5.0
103	113	2.0
103	114	1.0
103	116	3.0
104	104	66.0
104	105	27.0
104	106	24.0
104	107	29.0
104	108	11.0
104	109	29.0
104	110	9.0
104	111	6.0
104	112	12.0
104	113	3.0
104	114	1.0
104	116	2.0
104	117	2.0
105	105	66.0
105	106	40.0
105	107	37.0
105	108	17.0
105	109	9.0
105	110	9.0
105	111	9.0
105	112	15.0
105	114	5.0
105	115	2.0
105	116	5.0
105	117	1.0
105	119	1.0
106	106	44.0
106	107	24.0
106	108	20.0
106	109	28.0
106	110	30.0
106	111	17.0
106	112	11.0
106	113	6.0
106	114	3.0
106	115	1.0
106	117	2.0
106	119	2.0
107	107	69.0
107	108	37.0
107	109	21.0
107	110	21.0
107	111	25.0
107	112	16.0
107	113	10.0
107	114	4.0
107	115	6.0
107	116	6.0
107	118	2.0
107	119	1.0
108	108	101.0
108	109	40.0
108	110	36.0
108	111	29.0
108	112	18.0
108	113	6.0
108	114	3.0
108	115	4.0
108	116	2.0
109	109	74.0
109	110	69.0
109	111	37.0
109	112	22.0
109	113	10.0
109	114	9.0
109	115	15.0
109	116	25.0
109	117	16.0
109	118	1.0
110	110	59.0
110	111	53.0
110	112	32.0
110	113	28.0
110	114	8.0
110	115	3.0
110	116	14.0
110	117	4.0
110	118	3.0
110	119	1.0
111	111	70.0
111	112	55.0
111	113	39.0
111	114	12.0
111	115	12.0
111	116	15.0
111	117	18.0
111	118	5.0
111	119	4.0
112	112	92.0
112	113	32.0
112	114	19.0
112	115	9.0
112	116	11.0
112	117	3.0
112	118	5.0
113	113	104.0
113	114	40.0
113	115	20.0
113	116	29.0
113	117	14.0
113	118	16.0
113	119	9.0
113	120	1.0
114	114	92.0
114	115	40.0
114	116	42.0
114	117	38.0
114	118	33.0
114	119	20.0
114	120	1.0
115	115	97.0
115	116	49.0
115	117	67.0
115	118	30.0
115	119	25.0
116	116	81.0
116	117	44.0
116	118	38.0
116	119	23.0
116	120	4.0
117	117	60.0
117	118	48.0
117	119	31.0
117	120	1.0
118	118	97.0
118	119	65.0
118	120	8.0
119	119	62.0
119	120	5.0
120	120	5.0
