3	3	90.0
3	4	8.0
3	5	1.0
3	6	1.0
3	8	4.0
3	9	3.0
3	12	2.0
3	32	3.0
3	33	17.0
3	34	3.0
3	121	1.0
4	4	107.0
4	5	27.0
4	11	3.0
4	12	14.0
4	15	3.0
4	27	7.0
4	33	1.0
5	5	99.0
5	6	25.0
5	8	14.0
5	9	10.0
5	10	9.0
5	11	5.0
5	12	6.0
5	13	1.0
5	14	3.0
5	15	5.0
5	16	15.0
5	35	1.0
5	36	1.0
5	40	1.0
5	146	1.0
6	6	116.0
6	7	36.0
6	8	22.0
6	9	12.0
6	10	2.0
6	14	3.0
6	28	1.0
6	42	1.0
7	7	107.0
7	8	4.0
7	13	3.0
7	40	1.0
7	41	11.0
7	42	7.0
7	43	3.0
7	47	1.0
7	51	9.0
7	52	3.0
7	53	1.0
8	8	79.0
8	9	12.0
8	10	2.0
8	13	1.0
8	34	2.0
8	35	1.0
8	41	7.0
8	42	6.0
8	43	5.0
8	77	1.0
9	9	128.0
9	10	19.0
9	12	7.0
9	13	8.0
9	14	2.0
10	10	80.0
10	12	5.0
10	13	16.0
10	16	1.0
10	20	7.0
10	72	1.0
11	11	7.0
11	12	4.0
11	13	6.0
11	27	2.0
11	32	1.0
11	116	1.0
12	12	106.0
12	13	25.0
12	19	2.0
12	20	1.0
12	27	27.0
12	28	1.0
12	31	1.0
12	32	8.0
13	13	114.0
13	14	18.0
13	15	1.0
13	16	3.0
13	19	15.0
13	20	17.0
13	25	1.0
13	31	1.0
14	14	99.0
14	15	1.0
14	16	7.0
14	19	3.0
14	20	14.0
14	25	2.0
14	31	1.0
14	35	1.0
15	15	30.0
15	16	25.0
15	98	1.0
16	16	138.0
16	17	9.0
16	19	3.0
17	17	131.0
17	18	49.0
17	19	6.0
17	21	4.0
17	22	11.0
17	25	1.0
17	32	3.0
17	33	1.0
17	36	8.0
17	48	1.0
17	61	3.0
18	18	95.0
18	19	28.0
18	20	1.0
18	21	5.0
18	22	23.0
18	23	1.0
18	24	7.0
18	25	7.0
18	26	2.0
18	27	1.0
18	36	1.0
18	142	1.0
19	19	132.0
19	20	45.0
19	22	7.0
19	27	1.0
19	36	1.0
20	20	104.0
20	21	13.0
20	22	1.0
20	24	1.0
20	25	2.0
20	26	3.0
20	27	1.0
20	36	2.0
20	60	1.0
21	21	101.0
21	22	25.0
21	23	8.0
21	24	11.0
21	25	3.0
21	26	5.0
21	27	4.0
21	37	1.0
21	38	1.0
21	40	2.0
22	22	102.0
22	23	30.0
22	24	3.0
22	25	7.0
22	26	15.0
22	27	3.0
22	34	1.0
22	36	1.0
22	37	5.0
22	48	3.0
22	58	1.0
22	137	1.0
23	23	75.0
23	24	7.0
23	26	5.0
23	28	3.0
23	29	4.0
23	32	2.0
23	37	4.0
23	38	3.0
23	39	1.0
23	40	7.0
23	55	2.0
23	56	2.0
23	57	2.0
23	58	6.0
23	59	2.0
23	61	1.0
23	71	2.0
23	125	1.0
24	24	103.0
24	25	17.0
24	42	1.0
24	43	1.0
24	49	5.0
24	50	7.0
24	51	6.0
24	52	1.0
24	53	1.0
24	54	3.0
24	71	5.0
24	72	1.0
24	82	3.0
24	108	1.0
25	25	88.0
25	26	6.0
25	27	2.0
25	29	5.0
25	30	3.0
25	31	3.0
25	36	5.0
25	37	8.0
25	38	3.0
25	39	2.0
25	60	1.0
26	26	102.0
26	27	34.0
26	28	10.0
26	29	2.0
26	36	2.0
26	37	2.0
26	38	1.0
26	58	1.0
26	88	1.0
27	27	124.0
27	28	28.0
27	29	6.0
27	31	5.0
27	32	8.0
27	33	1.0
27	36	6.0
27	37	4.0
28	28	86.0
28	29	20.0
28	30	3.0
28	31	7.0
28	32	7.0
28	37	5.0
28	55	1.0
28	56	10.0
28	134	1.0
29	29	86.0
29	30	9.0
29	31	2.0
29	32	2.0
29	46	1.0
29	53	1.0
29	55	7.0
29	56	2.0
29	62	1.0
29	64	1.0
29	67	1.0
29	72	1.0
29	74	1.0
29	75	1.0
30	30	75.0
30	31	17.0
30	32	2.0
30	36	1.0
30	37	1.0
30	38	8.0
30	39	3.0
31	31	93.0
31	32	11.0
31	36	2.0
31	37	2.0
31	54	1.0
31	56	2.0
32	32	77.0
32	33	6.0
32	34	1.0
32	36	2.0
32	37	1.0
32	117	6.0
32	118	1.0
33	33	77.0
33	34	6.0
33	56	1.0
33	98	1.0
33	115	1.0
33	117	4.0
33	118	1.0
34	34	63.0
34	35	16.0
34	36	2.0
34	41	1.0
34	42	1.0
34	110	2.0
34	117	2.0
35	35	133.0
35	36	19.0
35	37	5.0
35	39	1.0
35	45	1.0
35	46	11.0
35	52	2.0
35	53	8.0
35	64	1.0
36	36	86.0
36	37	37.0
36	38	5.0
36	43	1.0
36	46	2.0
36	52	1.0
36	53	12.0
36	58	2.0
36	59	1.0
36	60	1.0
36	61	1.0
36	63	2.0
37	37	86.0
37	38	48.0
37	39	14.0
37	43	6.0
37	46	5.0
37	47	1.0
37	49	1.0
37	50	3.0
37	51	3.0
37	52	1.0
37	53	2.0
37	58	1.0
37	110	1.0
38	38	74.0
38	39	35.0
38	40	8.0
38	41	1.0
38	43	12.0
38	46	8.0
38	48	1.0
38	50	8.0
38	51	7.0
38	52	7.0
38	53	2.0
38	58	1.0
38	110	1.0
38	120	1.0
39	39	133.0
39	40	46.0
39	41	7.0
39	42	4.0
39	43	3.0
39	46	1.0
39	50	1.0
39	51	22.0
39	52	9.0
39	54	1.0
40	40	123.0
40	41	47.0
40	42	1.0
40	43	3.0
40	47	1.0
40	48	1.0
40	50	2.0
40	51	12.0
40	52	1.0
40	58	3.0
41	41	101.0
41	42	21.0
41	43	1.0
41	47	4.0
41	48	3.0
41	50	3.0
41	51	15.0
41	56	1.0
41	72	1.0
41	111	1.0
41	123	1.0
42	42	109.0
42	43	10.0
42	44	8.0
42	45	5.0
42	46	15.0
42	47	18.0
42	48	1.0
42	61	1.0
42	80	1.0
42	81	1.0
42	82	3.0
43	43	130.0
43	44	14.0
43	45	20.0
43	46	4.0
43	47	9.0
43	48	6.0
43	49	11.0
43	50	18.0
43	51	8.0
43	52	1.0
43	53	1.0
44	44	123.0
44	45	39.0
44	46	10.0
44	47	17.0
44	48	6.0
44	61	3.0
44	80	2.0
44	81	7.0
45	45	89.0
45	46	30.0
45	47	3.0
45	48	3.0
45	64	7.0
45	80	2.0
45	81	2.0
45	82	1.0
46	46	111.0
46	47	4.0
46	52	7.0
46	53	4.0
46	58	6.0
46	59	1.0
46	80	9.0
47	47	83.0
47	48	14.0
47	49	5.0
47	50	14.0
47	51	10.0
47	52	4.0
47	54	1.0
47	70	1.0
47	71	1.0
47	80	23.0
47	81	7.0
47	82	13.0
47	83	1.0
48	48	116.0
48	49	23.0
48	50	22.0
48	51	4.0
48	77	2.0
48	78	8.0
48	79	17.0
48	80	9.0
48	81	4.0
48	82	13.0
49	49	124.0
49	50	30.0
49	51	3.0
49	61	7.0
49	62	2.0
49	70	8.0
49	71	16.0
49	77	3.0
49	78	2.0
49	79	3.0
49	80	12.0
49	82	4.0
49	83	1.0
50	50	92.0
50	51	24.0
50	59	4.0
50	60	6.0
50	61	1.0
50	62	4.0
50	63	3.0
50	71	9.0
50	77	1.0
50	82	8.0
50	83	12.0
51	51	93.0
51	52	11.0
51	53	1.0
51	54	11.0
51	59	1.0
51	71	23.0
51	72	2.0
51	82	1.0
51	83	4.0
52	52	120.0
52	53	35.0
52	54	3.0
52	72	3.0
52	106	5.0
52	107	3.0
52	126	6.0
52	127	1.0
53	53	86.0
53	54	23.0
53	55	1.0
53	58	4.0
53	59	1.0
53	63	1.0
53	64	2.0
53	65	4.0
53	126	2.0
53	127	3.0
54	54	98.0
54	55	16.0
54	58	23.0
54	59	13.0
54	60	5.0
54	61	1.0
54	62	8.0
54	63	11.0
54	64	8.0
54	71	3.0
54	72	4.0
55	55	76.0
55	56	32.0
55	57	22.0
55	58	5.0
55	59	13.0
55	60	12.0
55	61	1.0
55	62	13.0
55	63	10.0
55	64	4.0
55	65	1.0
55	76	3.0
55	81	1.0
55	83	1.0
56	56	99.0
56	57	25.0
56	58	4.0
56	62	1.0
56	63	1.0
56	65	1.0
56	75	6.0
56	76	5.0
56	83	2.0
57	57	121.0
57	58	11.0
57	59	1.0
57	60	11.0
57	61	7.0
57	62	5.0
57	63	2.0
57	64	1.0
57	65	5.0
57	66	1.0
57	75	1.0
57	76	10.0
57	83	3.0
57	84	2.0
57	112	2.0
58	58	103.0
58	59	17.0
58	60	1.0
58	61	5.0
58	63	1.0
58	64	2.0
58	65	3.0
58	84	6.0
59	59	81.0
59	60	27.0
59	61	10.0
59	62	10.0
59	63	2.0
59	64	4.0
59	71	5.0
59	82	2.0
59	83	14.0
60	60	111.0
60	61	24.0
60	62	10.0
60	63	2.0
60	64	8.0
60	70	4.0
60	71	1.0
60	75	4.0
60	76	5.0
60	82	4.0
60	83	5.0
61	61	50.0
61	62	10.0
61	63	3.0
61	64	5.0
61	77	1.0
61	83	2.0
62	62	66.0
62	63	36.0
62	64	5.0
62	65	2.0
62	71	2.0
62	76	2.0
62	83	6.0
63	63	68.0
63	64	21.0
63	65	1.0
63	71	9.0
63	72	3.0
63	73	2.0
63	76	2.0
64	64	79.0
64	65	10.0
64	67	5.0
64	72	1.0
64	73	10.0
64	74	2.0
64	75	2.0
64	76	2.0
64	106	1.0
65	65	82.0
65	66	5.0
65	73	3.0
65	74	5.0
66	66	94.0
66	67	9.0
66	68	8.0
66	69	5.0
66	77	5.0
66	83	5.0
66	97	1.0
67	67	98.0
67	68	13.0
67	69	3.0
67	70	2.0
67	71	23.0
67	72	1.0
67	74	5.0
67	75	8.0
67	77	9.0
67	78	1.0
67	114	1.0
68	68	97.0
68	69	8.0
68	70	3.0
68	71	4.0
68	74	2.0
68	76	1.0
68	77	6.0
68	81	1.0
68	82	6.0
68	83	15.0
68	84	1.0
69	69	134.0
69	70	50.0
69	71	10.0
69	77	4.0
69	78	8.0
69	83	12.0
69	84	1.0
69	85	4.0
70	70	104.0
70	71	18.0
70	72	2.0
70	77	2.0
70	78	5.0
70	80	1.0
70	83	3.0
70	106	1.0
71	71	109.0
71	72	15.0
71	75	1.0
71	77	2.0
71	78	1.0
71	79	1.0
71	80	1.0
71	82	2.0
71	83	5.0
72	72	108.0
72	73	16.0
72	74	5.0
72	75	12.0
72	76	21.0
72	77	2.0
72	78	2.0
72	79	1.0
72	91	2.0
72	106	2.0
73	73	92.0
73	74	9.0
73	75	3.0
73	76	1.0
73	78	2.0
73	79	11.0
73	80	1.0
73	82	1.0
73	84	1.0
73	90	13.0
73	91	15.0
73	92	1.0
73	93	1.0
73	104	1.0
74	74	73.0
74	75	63.0
74	76	20.0
74	77	6.0
74	78	8.0
74	79	4.0
74	80	2.0
74	82	2.0
74	84	3.0
74	90	6.0
74	92	1.0
74	93	2.0
75	75	109.0
75	76	60.0
75	77	3.0
75	78	13.0
75	84	1.0
76	76	76.0
76	77	16.0
76	78	2.0
76	80	3.0
76	82	1.0
76	83	3.0
76	84	2.0
77	77	80.0
77	78	10.0
77	79	7.0
77	80	3.0
77	82	7.0
77	83	7.0
77	84	1.0
78	78	116.0
78	79	36.0
78	80	5.0
78	81	1.0
78	82	1.0
78	83	1.0
78	84	2.0
79	79	121.0
79	80	21.0
79	81	7.0
79	82	5.0
79	85	3.0
79	86	4.0
79	91	1.0
80	80	101.0
80	81	22.0
80	82	25.0
80	84	2.0
80	85	6.0
80	91	6.0
80	110	1.0
81	81	111.0
81	82	7.0
81	84	1.0
81	85	6.0
81	86	8.0
81	90	1.0
81	91	1.0
81	92	4.0
81	114	1.0
82	82	47.0
82	83	10.0
82	84	6.0
82	93	1.0
83	83	34.0
83	84	8.0
83	95	1.0
83	125	1.0
84	84	54.0
84	85	5.0
84	86	1.0
84	87	4.0
84	90	1.0
84	91	8.0
85	85	52.0
85	86	12.0
85	87	2.0
85	88	1.0
85	91	6.0
85	92	2.0
85	103	3.0
85	104	3.0
86	86	111.0
86	87	32.0
86	88	3.0
86	90	3.0
86	92	4.0
86	103	1.0
86	104	2.0
86	114	4.0
87	87	103.0
87	88	23.0
87	89	4.0
87	90	6.0
88	88	82.0
88	89	22.0
88	90	9.0
88	91	1.0
88	92	1.0
88	93	1.0
88	94	1.0
88	96	1.0
88	100	1.0
88	105	3.0
88	112	1.0
89	89	70.0
89	90	12.0
89	91	2.0
89	92	4.0
89	93	4.0
89	95	7.0
89	96	11.0
89	97	1.0
89	101	1.0
89	104	1.0
89	105	2.0
90	90	87.0
90	91	61.0
90	92	11.0
90	96	5.0
90	97	1.0
90	105	3.0
90	107	2.0
91	91	89.0
91	92	25.0
91	93	10.0
91	96	2.0
91	107	2.0
91	133	1.0
92	92	62.0
92	93	16.0
92	97	1.0
93	93	30.0
93	96	11.0
95	95	12.0
95	96	25.0
95	97	4.0
95	103	1.0
96	96	100.0
96	97	44.0
96	100	7.0
96	102	5.0
96	103	1.0
97	97	97.0
97	98	54.0
97	99	10.0
97	100	9.0
97	101	1.0
97	102	3.0
97	104	1.0
97	126	1.0
97	138	1.0
98	98	104.0
98	99	21.0
98	100	9.0
98	101	13.0
98	103	2.0
98	137	1.0
98	138	8.0
98	149	1.0
99	99	106.0
99	100	13.0
99	101	10.0
99	102	6.0
99	103	2.0
99	104	3.0
100	100	72.0
100	101	16.0
100	102	3.0
100	103	1.0
100	114	1.0
100	124	2.0
100	132	1.0
100	140	3.0
101	101	119.0
101	102	28.0
101	103	7.0
101	124	1.0
101	125	5.0
101	141	1.0
102	102	114.0
102	103	28.0
102	104	18.0
102	124	1.0
102	125	12.0
102	126	14.0
102	141	1.0
103	103	76.0
103	104	19.0
103	105	4.0
103	107	1.0
103	122	1.0
103	124	3.0
103	125	5.0
103	126	3.0
103	127	1.0
103	128	3.0
103	149	4.0
104	104	59.0
104	105	7.0
104	106	1.0
104	113	1.0
104	121	1.0
104	122	1.0
104	124	1.0
104	125	1.0
104	126	1.0
104	127	4.0
104	128	3.0
105	105	48.0
105	106	6.0
105	108	2.0
105	109	4.0
105	130	8.0
105	131	3.0
105	133	2.0
105	134	1.0
106	106	79.0
106	107	6.0
106	108	1.0
106	124	1.0
106	125	7.0
106	126	5.0
106	127	5.0
106	128	4.0
106	131	1.0
106	135	1.0
107	107	65.0
107	108	6.0
107	126	10.0
107	127	5.0
107	128	7.0
107	129	3.0
107	134	3.0
107	148	5.0
107	149	6.0
107	150	1.0
108	108	76.0
108	109	9.0
108	125	4.0
108	126	6.0
108	130	1.0
108	133	1.0
108	134	6.0
109	109	52.0
109	110	4.0
109	125	1.0
109	129	1.0
109	130	1.0
109	131	4.0
109	132	5.0
109	133	5.0
110	110	87.0
110	111	16.0
110	112	7.0
110	123	1.0
110	129	2.0
110	132	2.0
111	111	82.0
111	112	45.0
111	113	4.0
111	114	3.0
111	115	4.0
111	116	1.0
111	123	5.0
111	133	1.0
112	112	100.0
112	113	13.0
112	115	1.0
112	123	1.0
112	124	4.0
112	125	1.0
113	113	89.0
113	114	6.0
113	115	3.0
113	116	11.0
113	117	1.0
113	119	1.0
113	121	1.0
113	123	2.0
113	124	6.0
113	125	1.0
114	114	86.0
114	115	14.0
114	116	3.0
114	118	2.0
114	127	1.0
115	115	91.0
115	116	11.0
115	121	10.0
115	122	1.0
116	116	112.0
116	117	12.0
116	118	7.0
116	119	7.0
116	121	2.0
117	117	71.0
117	118	2.0
117	120	2.0
117	121	1.0
118	118	58.0
118	119	29.0
118	121	1.0
119	119	86.0
119	120	21.0
119	121	3.0
120	120	101.0
120	121	15.0
121	121	70.0
121	122	9.0
121	129	1.0
122	122	52.0
122	123	11.0
122	124	1.0
123	123	64.0
123	124	5.0
123	146	1.0
124	124	58.0
124	125	13.0
124	127	3.0
125	125	71.0
125	126	25.0
125	127	4.0
125	128	4.0
126	126	82.0
126	127	17.0
126	128	12.0
126	131	3.0
127	127	83.0
127	128	60.0
127	129	8.0
127	131	6.0
128	128	87.0
128	129	4.0
128	131	13.0
129	129	103.0
129	130	8.0
129	131	2.0
130	130	95.0
130	131	28.0
130	132	8.0
130	133	4.0
130	134	9.0
130	135	1.0
131	131	61.0
131	132	36.0
131	133	8.0
131	136	1.0
132	132	73.0
132	133	31.0
132	136	2.0
132	144	2.0
132	146	1.0
133	133	120.0
133	134	10.0
134	134	96.0
134	135	14.0
134	146	1.0
134	147	3.0
134	148	3.0
135	135	97.0
135	136	2.0
135	146	2.0
135	147	4.0
135	148	1.0
136	136	80.0
136	143	2.0
136	144	6.0
136	147	1.0
137	137	90.0
137	138	24.0
137	139	9.0
137	140	1.0
138	138	93.0
138	139	34.0
138	141	1.0
138	151	1.0
139	139	111.0
139	140	15.0
139	141	2.0
139	151	1.0
140	140	63.0
140	141	25.0
140	142	1.0
140	143	1.0
141	141	155.0
141	142	19.0
142	142	102.0
142	143	13.0
142	144	2.0
142	145	1.0
142	147	1.0
143	143	74.0
143	144	12.0
143	145	10.0
143	146	6.0
143	150	1.0
144	144	87.0
144	145	30.0
144	146	7.0
145	145	69.0
145	146	41.0
146	146	60.0
146	147	12.0
147	147	105.0
147	148	18.0
147	149	9.0
148	148	137.0
148	149	37.0
148	150	10.0
149	149	72.0
149	150	22.0
149	151	3.0
150	150	111.0
150	151	27.0
151	151	91.0
