9	9	123.0
9	10	1.0
9	11	4.0
9	37	1.0
10	10	679.0
10	11	4.0
10	14	2.0
10	17	1.0
10	22	2.0
10	29	1.0
10	34	1.0
10	35	1.0
11	11	274.0
11	16	1.0
11	27	1.0
11	35	1.0
11	36	2.0
11	38	1.0
11	39	2.0
11	41	2.0
11	43	1.0
14	14	165.0
14	15	9.0
14	16	5.0
14	17	1.0
14	18	2.0
14	32	1.0
14	35	4.0
15	15	374.0
15	16	36.0
15	17	5.0
15	18	7.0
15	20	1.0
15	23	2.0
15	27	6.0
15	28	9.0
15	30	7.0
15	31	5.0
15	32	7.0
15	33	3.0
15	34	10.0
15	35	11.0
15	43	1.0
16	16	571.0
16	17	22.0
16	18	10.0
16	21	5.0
16	23	7.0
16	26	4.0
16	27	10.0
16	28	4.0
16	29	8.0
16	30	6.0
16	31	20.0
16	32	12.0
16	33	3.0
16	34	13.0
16	35	6.0
16	41	1.0
16	47	6.0
17	17	527.0
17	18	35.0
17	20	4.0
17	21	2.0
17	26	1.0
17	31	4.0
17	32	3.0
17	34	1.0
17	35	1.0
17	38	1.0
18	18	542.0
18	19	11.0
18	20	5.0
18	21	1.0
18	22	1.0
18	23	1.0
18	25	3.0
18	26	5.0
18	29	2.0
18	30	9.0
18	31	4.0
18	32	10.0
18	33	2.0
18	41	1.0
18	47	1.0
19	19	511.0
19	20	4.0
19	21	4.0
19	23	8.0
19	24	4.0
19	25	21.0
19	26	13.0
19	29	5.0
19	30	3.0
19	31	2.0
19	32	9.0
20	20	460.0
20	21	35.0
20	22	5.0
20	23	30.0
20	24	21.0
20	25	7.0
20	26	6.0
20	28	3.0
20	29	11.0
20	31	5.0
20	32	10.0
20	33	12.0
20	47	1.0
21	21	488.0
21	22	27.0
21	23	22.0
21	24	17.0
21	25	10.0
21	26	9.0
21	28	5.0
21	29	17.0
21	30	7.0
21	31	2.0
21	33	2.0
21	46	1.0
22	22	496.0
22	23	19.0
22	24	15.0
22	25	19.0
22	26	2.0
22	28	4.0
22	29	5.0
22	30	8.0
22	31	2.0
22	32	3.0
22	36	1.0
22	38	1.0
22	46	1.0
22	47	1.0
23	23	474.0
23	24	24.0
23	25	12.0
23	26	12.0
23	27	2.0
23	28	2.0
23	29	2.0
23	30	9.0
23	31	4.0
23	32	8.0
23	33	21.0
23	34	1.0
24	24	506.0
24	25	28.0
24	26	22.0
24	29	12.0
24	30	5.0
25	25	480.0
25	26	21.0
25	27	4.0
25	28	3.0
25	29	5.0
25	30	3.0
25	32	2.0
25	33	4.0
25	34	1.0
25	46	2.0
26	26	525.0
26	27	9.0
26	28	15.0
26	29	14.0
26	30	10.0
26	31	3.0
26	32	9.0
27	27	609.0
27	28	11.0
27	29	6.0
27	30	15.0
27	31	6.0
27	32	4.0
27	33	6.0
27	34	3.0
28	28	578.0
28	29	37.0
28	30	15.0
28	31	4.0
28	32	9.0
28	33	8.0
28	35	2.0
28	37	1.0
28	46	1.0
28	47	4.0
29	29	473.0
29	30	37.0
29	31	6.0
29	32	8.0
29	33	16.0
29	34	6.0
29	36	1.0
29	47	5.0
30	30	565.0
30	31	20.0
30	32	33.0
30	33	30.0
30	34	5.0
30	35	4.0
30	39	1.0
30	46	1.0
30	47	12.0
31	31	556.0
31	32	13.0
31	33	11.0
31	34	16.0
31	39	1.0
32	32	532.0
32	33	17.0
32	38	1.0
32	47	6.0
33	33	617.0
33	34	19.0
33	44	1.0
33	46	1.0
33	47	9.0
34	34	587.0
34	35	10.0
34	43	1.0
34	47	5.0
35	35	585.0
35	36	3.0
35	37	2.0
35	42	3.0
35	47	9.0
36	36	619.0
36	37	28.0
36	38	4.0
36	39	7.0
36	41	1.0
36	42	6.0
36	43	1.0
36	44	2.0
37	37	591.0
37	38	32.0
37	39	6.0
37	41	14.0
37	42	9.0
37	45	2.0
38	38	580.0
38	39	15.0
38	40	9.0
38	41	18.0
38	42	22.0
38	43	5.0
39	39	566.0
39	40	13.0
39	41	11.0
39	42	1.0
39	43	1.0
40	40	634.0
40	41	21.0
40	42	10.0
40	43	18.0
40	44	5.0
40	46	1.0
41	41	599.0
41	42	8.0
41	43	4.0
41	45	3.0
42	42	582.0
42	43	13.0
42	44	2.0
42	45	6.0
43	43	704.0
43	44	20.0
43	45	3.0
43	46	6.0
44	44	593.0
44	45	10.0
44	46	14.0
44	47	2.0
45	45	723.0
45	46	21.0
45	47	21.0
46	46	710.0
46	47	13.0
47	47	643.0
47	48	11.0
48	48	56.0
