1	1	518.0
1	2	14.0
1	4	3.0
1	5	1.0
1	7	9.0
1	9	1.0
1	10	4.0
1	11	3.0
1	12	1.0
1	19	1.0
1	28	1.0
1	49	1.0
1	52	1.0
1	53	3.0
2	2	499.0
2	3	13.0
2	4	5.0
2	8	13.0
2	11	1.0
2	12	1.0
2	13	4.0
2	14	4.0
2	17	4.0
2	18	1.0
2	19	6.0
2	39	1.0
2	40	8.0
2	41	2.0
2	42	1.0
2	56	1.0
2	58	1.0
3	3	481.0
3	4	20.0
3	5	10.0
3	6	1.0
3	9	2.0
3	11	1.0
3	13	10.0
3	14	5.0
3	19	6.0
3	20	7.0
3	21	18.0
3	22	1.0
3	23	6.0
3	24	2.0
3	39	3.0
3	40	8.0
3	41	3.0
3	45	1.0
3	48	1.0
3	56	1.0
4	4	461.0
4	5	10.0
4	6	2.0
4	7	3.0
4	8	2.0
4	9	1.0
4	10	2.0
4	11	5.0
4	19	8.0
4	20	6.0
4	21	1.0
4	24	1.0
4	32	2.0
4	40	6.0
4	47	1.0
5	5	495.0
5	6	3.0
5	7	11.0
5	11	2.0
5	12	1.0
5	13	3.0
5	19	2.0
5	20	3.0
5	21	5.0
5	22	2.0
5	23	4.0
5	24	8.0
5	36	1.0
5	37	1.0
5	40	15.0
5	41	1.0
5	43	1.0
5	55	1.0
5	58	1.0
6	6	469.0
6	7	13.0
6	8	1.0
6	9	2.0
6	15	1.0
6	16	7.0
6	19	3.0
6	20	1.0
6	32	1.0
6	33	2.0
6	38	1.0
6	39	16.0
6	41	1.0
6	43	5.0
6	44	7.0
6	50	2.0
6	54	1.0
7	7	424.0
7	8	1.0
7	9	3.0
7	17	1.0
7	19	3.0
7	21	1.0
7	33	1.0
7	38	6.0
7	39	8.0
7	41	3.0
7	43	10.0
8	8	373.0
8	9	10.0
8	10	2.0
8	11	2.0
8	16	3.0
8	19	1.0
8	21	1.0
8	29	2.0
8	31	1.0
8	32	2.0
8	33	3.0
8	34	7.0
8	36	2.0
8	44	6.0
8	52	1.0
8	53	1.0
8	56	7.0
8	58	1.0
9	9	428.0
9	10	7.0
9	11	6.0
9	16	13.0
9	19	8.0
9	20	7.0
9	21	13.0
9	22	10.0
9	23	1.0
9	24	1.0
9	28	2.0
9	29	1.0
9	30	1.0
9	32	1.0
9	33	12.0
9	44	3.0
9	45	1.0
9	50	1.0
9	54	1.0
9	56	5.0
10	10	450.0
10	11	17.0
10	12	6.0
10	14	2.0
10	15	2.0
10	16	7.0
10	19	11.0
10	20	1.0
10	22	1.0
10	41	2.0
10	42	2.0
10	43	2.0
10	45	1.0
10	50	2.0
10	52	2.0
10	53	6.0
10	54	1.0
10	55	3.0
11	11	452.0
11	12	20.0
11	14	3.0
11	15	5.0
11	16	5.0
11	17	11.0
11	18	4.0
11	19	2.0
11	34	3.0
11	41	3.0
11	42	2.0
11	43	2.0
11	48	1.0
11	51	1.0
11	52	5.0
11	53	7.0
11	54	1.0
11	55	2.0
12	12	442.0
12	13	19.0
12	14	10.0
12	15	1.0
12	16	8.0
12	17	12.0
12	18	16.0
12	23	1.0
12	33	1.0
12	41	4.0
12	49	3.0
12	50	3.0
12	51	1.0
12	52	11.0
12	53	19.0
12	54	7.0
12	55	4.0
12	56	1.0
12	57	2.0
13	13	463.0
13	14	5.0
13	16	1.0
13	17	2.0
13	18	9.0
13	40	4.0
13	41	4.0
13	47	1.0
13	49	1.0
13	50	1.0
13	51	5.0
13	52	3.0
13	54	9.0
13	55	4.0
13	56	8.0
14	14	416.0
14	15	31.0
14	16	6.0
14	17	3.0
14	18	4.0
14	19	1.0
14	21	1.0
14	28	1.0
14	34	2.0
14	35	1.0
14	38	2.0
14	39	1.0
14	41	6.0
14	42	4.0
14	43	2.0
14	45	4.0
14	46	1.0
14	48	1.0
14	51	1.0
14	52	3.0
14	53	2.0
14	55	1.0
14	56	2.0
14	58	1.0
15	15	445.0
15	16	33.0
15	17	1.0
15	18	5.0
15	19	13.0
15	24	1.0
15	28	3.0
15	29	1.0
15	32	2.0
15	33	2.0
15	35	4.0
15	38	6.0
15	39	7.0
15	40	1.0
15	41	1.0
15	42	2.0
15	43	5.0
15	45	2.0
15	49	2.0
16	16	450.0
16	17	9.0
16	18	8.0
16	19	8.0
16	20	1.0
16	21	3.0
16	28	1.0
16	32	1.0
16	33	3.0
16	34	2.0
16	35	3.0
16	37	1.0
16	38	7.0
16	39	7.0
16	41	8.0
16	42	3.0
16	43	7.0
16	44	1.0
16	45	1.0
16	46	1.0
16	49	1.0
16	52	1.0
16	55	1.0
16	56	2.0
17	17	491.0
17	18	12.0
17	19	3.0
17	28	3.0
17	42	1.0
17	55	1.0
18	18	499.0
18	19	8.0
18	34	1.0
18	42	11.0
18	43	1.0
18	51	1.0
18	52	1.0
18	53	1.0
18	54	2.0
19	19	489.0
19	20	15.0
19	21	8.0
19	22	1.0
19	42	2.0
19	43	1.0
19	54	1.0
20	20	386.0
20	21	22.0
20	22	12.0
20	23	2.0
20	24	8.0
20	35	1.0
20	40	1.0
20	50	1.0
21	21	439.0
21	22	8.0
21	23	10.0
21	24	3.0
21	33	3.0
21	34	3.0
21	47	1.0
21	56	5.0
22	22	408.0
22	23	25.0
22	24	18.0
22	28	2.0
22	29	1.0
22	30	2.0
22	31	3.0
22	32	2.0
22	39	1.0
22	40	1.0
22	44	1.0
22	45	1.0
23	23	374.0
23	24	14.0
23	28	1.0
23	31	2.0
23	40	1.0
23	41	1.0
24	24	333.0
24	27	6.0
24	28	2.0
24	30	3.0
24	32	1.0
24	42	1.0
24	50	1.0
24	51	1.0
27	27	584.0
27	28	1.0
27	32	1.0
27	34	1.0
27	58	1.0
28	28	473.0
28	29	13.0
28	30	2.0
28	31	2.0
28	32	9.0
28	33	8.0
28	34	11.0
28	43	1.0
28	47	1.0
28	57	1.0
29	29	482.0
29	30	19.0
29	31	3.0
29	32	9.0
29	33	20.0
29	34	11.0
29	35	5.0
29	38	2.0
29	39	3.0
29	44	3.0
29	48	1.0
29	52	1.0
29	56	1.0
30	30	495.0
30	31	25.0
30	32	27.0
30	33	12.0
30	34	19.0
30	35	2.0
30	39	16.0
30	41	1.0
30	56	2.0
31	31	531.0
31	32	24.0
31	33	1.0
31	34	5.0
31	38	1.0
31	44	1.0
31	45	1.0
31	46	1.0
32	32	481.0
32	33	9.0
32	34	11.0
32	38	1.0
32	39	2.0
32	40	1.0
32	44	2.0
33	33	460.0
33	34	19.0
33	38	1.0
33	39	3.0
33	40	1.0
33	44	2.0
33	51	1.0
33	56	11.0
34	34	521.0
34	35	2.0
34	39	3.0
34	45	1.0
34	56	7.0
34	58	1.0
35	35	495.0
35	36	25.0
35	37	10.0
35	38	13.0
35	39	6.0
35	40	1.0
35	44	13.0
35	45	4.0
35	46	1.0
35	49	1.0
35	58	4.0
36	36	475.0
36	37	9.0
36	38	4.0
36	41	8.0
36	44	1.0
36	45	5.0
36	46	2.0
36	56	1.0
36	57	1.0
37	37	453.0
37	38	10.0
37	39	3.0
37	41	4.0
37	44	22.0
37	45	5.0
37	47	1.0
37	52	2.0
37	54	1.0
37	56	3.0
37	57	4.0
37	58	17.0
38	38	491.0
38	39	14.0
38	40	1.0
38	41	1.0
38	43	1.0
38	44	17.0
38	45	4.0
38	47	1.0
38	48	1.0
38	57	9.0
38	58	14.0
39	39	505.0
39	40	4.0
39	41	2.0
39	42	2.0
39	43	1.0
39	44	2.0
39	48	1.0
39	49	1.0
39	55	1.0
40	40	493.0
40	41	9.0
40	45	1.0
41	41	443.0
41	42	3.0
41	43	10.0
41	45	1.0
41	47	1.0
41	52	8.0
41	53	9.0
41	55	1.0
42	42	476.0
42	43	12.0
42	44	3.0
42	45	1.0
42	48	1.0
42	53	1.0
42	55	1.0
43	43	356.0
43	44	4.0
43	47	1.0
43	48	1.0
43	52	2.0
43	53	6.0
43	55	1.0
43	59	1.0
44	44	445.0
44	45	2.0
44	52	1.0
44	53	1.0
44	54	1.0
44	55	2.0
44	56	6.0
44	57	1.0
44	58	15.0
45	45	486.0
45	46	17.0
45	47	3.0
45	48	1.0
45	49	9.0
45	50	4.0
45	57	1.0
45	58	2.0
46	46	513.0
46	47	18.0
46	50	1.0
46	51	2.0
46	56	1.0
46	58	1.0
47	47	477.0
47	48	33.0
47	49	1.0
47	50	5.0
47	51	5.0
47	52	2.0
47	53	1.0
47	54	2.0
47	55	1.0
47	56	1.0
47	57	3.0
47	58	13.0
48	48	472.0
48	49	28.0
48	50	12.0
48	51	9.0
48	52	2.0
48	54	3.0
48	55	1.0
48	57	1.0
48	58	2.0
49	49	497.0
49	50	24.0
49	51	6.0
49	53	2.0
49	54	7.0
49	55	10.0
49	56	2.0
50	50	477.0
50	51	9.0
50	53	1.0
50	54	9.0
50	55	5.0
50	56	7.0
50	57	5.0
50	58	1.0
51	51	489.0
51	52	8.0
51	53	8.0
51	54	13.0
51	55	19.0
51	56	15.0
51	57	11.0
52	52	450.0
52	53	29.0
52	54	17.0
52	55	8.0
52	56	5.0
52	57	8.0
52	58	11.0
53	53	407.0
53	54	28.0
53	55	9.0
53	56	2.0
53	57	15.0
53	58	4.0
54	54	426.0
54	55	23.0
54	56	17.0
54	57	4.0
55	55	439.0
55	56	19.0
55	57	13.0
56	56	449.0
56	57	5.0
56	58	1.0
57	57	471.0
57	58	41.0
58	58	489.0
59	59	43.0
60	1	16.0
60	2	3.0
60	5	5.0
60	6	5.0
60	7	3.0
60	9	2.0
60	10	3.0
60	19	6.0
60	60	387.0
