20	20	298.0
20	21	10.0
20	22	10.0
20	23	2.0
20	24	9.0
20	25	10.0
20	26	8.0
20	27	3.0
20	34	1.0
20	38	2.0
20	39	3.0
20	45	1.0
20	46	8.0
20	51	2.0
20	53	1.0
20	54	1.0
20	58	1.0
20	71	1.0
20	86	2.0
20	99	6.0
20	100	5.0
21	21	46.0
21	22	6.0
21	24	3.0
21	25	3.0
21	26	1.0
21	37	1.0
21	38	1.0
21	39	2.0
21	53	2.0
21	54	1.0
21	99	1.0
22	22	295.0
22	23	2.0
22	24	9.0
22	25	3.0
22	26	1.0
22	29	1.0
22	30	1.0
22	33	1.0
22	38	1.0
22	45	3.0
22	46	2.0
22	47	1.0
22	51	1.0
22	52	3.0
22	53	5.0
22	54	7.0
22	55	1.0
22	76	1.0
22	88	2.0
22	89	2.0
22	93	2.0
23	23	242.0
23	24	15.0
23	25	11.0
23	26	6.0
23	29	5.0
23	30	3.0
23	31	1.0
23	35	2.0
23	38	1.0
23	45	2.0
23	46	3.0
23	48	1.0
23	54	1.0
23	86	1.0
23	88	1.0
23	89	4.0
23	100	2.0
24	24	462.0
24	25	8.0
24	26	6.0
24	27	2.0
24	28	4.0
24	32	1.0
24	37	6.0
24	38	7.0
24	39	5.0
24	45	4.0
24	46	2.0
24	47	1.0
24	48	1.0
24	52	3.0
24	86	1.0
24	87	3.0
24	93	1.0
24	95	3.0
24	100	9.0
24	101	1.0
25	25	537.0
25	26	34.0
25	27	5.0
25	28	6.0
25	31	1.0
25	37	4.0
25	39	8.0
25	42	1.0
25	46	1.0
25	55	1.0
25	64	1.0
25	98	2.0
25	99	19.0
25	100	7.0
25	101	15.0
26	26	505.0
26	27	10.0
26	28	9.0
26	30	1.0
26	31	7.0
26	36	2.0
26	37	2.0
26	39	3.0
26	74	1.0
26	93	1.0
26	98	5.0
26	99	11.0
26	100	14.0
26	101	6.0
26	102	5.0
27	27	508.0
27	28	13.0
27	45	2.0
27	53	1.0
27	60	1.0
27	85	5.0
27	86	10.0
27	87	4.0
27	90	2.0
27	93	2.0
27	94	11.0
27	95	4.0
27	96	5.0
27	97	6.0
27	100	2.0
27	101	13.0
27	102	4.0
28	28	268.0
28	29	9.0
28	32	1.0
28	37	2.0
28	38	4.0
28	39	3.0
28	40	1.0
28	45	1.0
28	51	9.0
28	58	1.0
28	61	1.0
28	86	1.0
28	87	1.0
28	93	1.0
28	95	6.0
28	97	2.0
28	98	1.0
28	100	1.0
28	101	5.0
29	29	449.0
29	30	4.0
29	31	21.0
29	32	10.0
29	33	5.0
29	34	10.0
29	35	3.0
29	36	12.0
29	38	7.0
29	51	8.0
29	53	3.0
29	56	4.0
29	57	7.0
29	68	1.0
29	99	1.0
30	30	176.0
30	31	6.0
30	32	9.0
30	33	8.0
30	34	1.0
30	39	2.0
30	40	1.0
30	52	3.0
30	53	1.0
30	56	6.0
30	57	1.0
30	62	1.0
31	31	459.0
31	32	21.0
31	33	1.0
31	34	1.0
31	35	2.0
31	36	3.0
31	37	1.0
31	38	1.0
31	49	1.0
31	52	1.0
31	53	1.0
31	55	2.0
31	56	12.0
31	57	4.0
31	89	1.0
32	32	274.0
32	33	9.0
32	34	5.0
32	35	1.0
32	37	1.0
32	38	1.0
32	51	7.0
32	52	3.0
32	56	2.0
32	57	13.0
32	58	5.0
32	98	1.0
33	33	503.0
33	34	18.0
33	35	5.0
33	36	3.0
33	38	2.0
33	39	1.0
33	49	1.0
33	53	2.0
33	55	1.0
33	56	12.0
33	57	8.0
33	58	6.0
33	59	1.0
33	60	5.0
33	62	4.0
33	63	1.0
33	66	1.0
33	93	1.0
34	34	453.0
34	35	13.0
34	37	1.0
34	38	5.0
34	39	11.0
34	40	3.0
34	51	3.0
34	53	5.0
34	54	3.0
34	55	5.0
34	57	4.0
34	58	9.0
34	59	1.0
34	60	4.0
34	61	1.0
34	62	3.0
34	67	1.0
34	77	1.0
34	85	1.0
34	89	5.0
34	99	2.0
34	100	3.0
35	35	449.0
35	36	11.0
35	37	18.0
35	38	21.0
35	39	3.0
35	45	1.0
35	46	11.0
35	48	2.0
35	50	5.0
35	51	1.0
35	52	1.0
35	53	14.0
35	54	17.0
35	55	11.0
35	56	2.0
35	58	9.0
35	59	2.0
35	61	1.0
35	70	1.0
36	36	463.0
36	37	29.0
36	45	2.0
36	46	5.0
36	49	6.0
36	50	3.0
36	51	1.0
36	52	1.0
36	55	3.0
36	56	1.0
36	92	1.0
36	100	1.0
37	37	448.0
37	38	10.0
37	46	5.0
37	47	2.0
37	48	2.0
37	49	6.0
37	50	7.0
37	52	2.0
37	53	2.0
37	54	6.0
37	56	1.0
37	69	1.0
38	38	464.0
38	39	15.0
38	41	1.0
38	45	3.0
38	46	11.0
38	47	1.0
38	48	6.0
38	50	2.0
38	52	15.0
38	54	1.0
38	58	1.0
38	59	1.0
38	79	1.0
38	81	1.0
38	91	1.0
38	100	1.0
39	39	523.0
39	40	11.0
39	45	3.0
39	46	15.0
39	47	1.0
39	48	1.0
39	50	2.0
39	52	5.0
39	54	3.0
39	55	2.0
39	56	6.0
39	57	4.0
39	58	3.0
39	60	11.0
39	61	1.0
39	62	2.0
39	66	1.0
39	67	4.0
39	68	2.0
39	80	7.0
39	81	5.0
39	99	2.0
39	100	3.0
40	40	496.0
40	41	15.0
40	42	8.0
40	43	1.0
40	44	2.0
40	45	5.0
40	46	1.0
40	47	5.0
40	48	4.0
40	51	1.0
40	54	2.0
40	55	3.0
40	56	11.0
40	57	4.0
40	60	3.0
40	61	9.0
40	62	3.0
40	66	3.0
40	67	1.0
40	69	2.0
40	70	1.0
40	78	1.0
40	87	1.0
40	94	3.0
40	99	1.0
41	41	520.0
41	42	18.0
41	43	15.0
41	44	10.0
41	60	4.0
41	61	1.0
41	66	3.0
41	67	5.0
41	69	2.0
41	71	3.0
41	74	1.0
41	88	1.0
41	91	6.0
41	95	6.0
41	97	1.0
42	42	572.0
42	43	29.0
42	44	8.0
42	45	2.0
42	56	3.0
42	58	7.0
42	59	3.0
42	60	3.0
42	61	6.0
42	66	2.0
42	74	1.0
42	75	1.0
42	89	1.0
42	91	8.0
42	92	19.0
42	95	3.0
43	43	431.0
43	44	15.0
43	45	5.0
43	64	1.0
43	73	1.0
43	91	1.0
43	100	4.0
44	44	469.0
44	45	15.0
44	48	3.0
44	69	1.0
44	77	1.0
44	81	1.0
44	94	1.0
44	100	1.0
45	45	434.0
45	46	2.0
45	47	4.0
45	48	2.0
45	52	1.0
45	83	1.0
45	89	1.0
45	94	1.0
45	101	5.0
46	46	477.0
46	47	17.0
46	48	19.0
46	49	4.0
46	50	8.0
46	51	12.0
46	52	1.0
46	53	1.0
46	54	37.0
46	58	1.0
46	96	4.0
47	47	454.0
47	48	47.0
47	50	1.0
47	51	2.0
47	53	10.0
47	54	7.0
47	65	1.0
47	77	1.0
47	78	1.0
47	92	1.0
47	94	6.0
47	96	5.0
47	97	2.0
47	98	1.0
47	99	7.0
48	48	507.0
48	49	11.0
48	50	4.0
48	51	6.0
48	52	16.0
48	53	9.0
48	54	9.0
48	59	2.0
48	62	1.0
48	77	1.0
48	80	2.0
48	81	3.0
48	82	1.0
48	92	1.0
48	94	6.0
48	96	5.0
48	99	2.0
49	49	455.0
49	50	37.0
49	51	9.0
49	52	2.0
49	53	4.0
49	54	1.0
49	71	1.0
49	80	1.0
49	82	2.0
49	94	2.0
49	99	2.0
50	50	482.0
50	51	9.0
50	52	2.0
50	53	2.0
50	54	1.0
50	55	2.0
50	57	2.0
50	58	2.0
50	64	1.0
50	77	1.0
50	80	2.0
50	81	4.0
50	82	3.0
50	102	1.0
51	51	455.0
51	52	19.0
51	53	12.0
51	54	10.0
51	57	18.0
51	58	17.0
51	80	1.0
51	81	5.0
51	82	3.0
51	96	3.0
51	99	3.0
51	100	8.0
52	52	448.0
52	53	6.0
52	54	10.0
52	56	5.0
52	57	6.0
52	58	14.0
52	60	1.0
52	65	1.0
52	67	1.0
52	80	2.0
52	86	1.0
52	88	1.0
52	91	6.0
52	92	3.0
52	94	3.0
52	96	1.0
52	97	2.0
53	53	481.0
53	54	15.0
53	55	8.0
53	57	2.0
53	58	1.0
53	65	1.0
53	87	1.0
53	96	1.0
53	100	4.0
54	54	493.0
54	55	8.0
54	56	1.0
54	58	1.0
54	66	1.0
54	67	2.0
54	80	1.0
54	81	1.0
54	82	2.0
54	89	1.0
54	96	30.0
55	55	458.0
55	56	17.0
55	57	11.0
55	58	3.0
55	60	5.0
55	61	13.0
55	62	6.0
55	63	4.0
55	66	1.0
55	67	5.0
55	68	1.0
55	76	1.0
55	77	1.0
55	78	3.0
55	79	3.0
55	80	3.0
55	81	1.0
55	82	2.0
55	91	4.0
55	93	1.0
55	95	9.0
55	96	1.0
55	97	1.0
55	99	8.0
55	100	1.0
56	56	466.0
56	57	14.0
56	58	12.0
56	59	8.0
56	60	2.0
56	61	4.0
56	62	8.0
56	63	2.0
56	68	2.0
57	57	489.0
57	58	23.0
57	61	1.0
57	62	7.0
57	67	1.0
57	71	1.0
57	78	1.0
57	83	1.0
57	100	1.0
58	58	492.0
58	59	16.0
58	60	2.0
58	61	1.0
58	62	9.0
58	63	4.0
58	65	5.0
58	66	5.0
58	72	1.0
58	78	3.0
58	89	2.0
59	59	491.0
59	60	6.0
59	62	5.0
59	63	2.0
59	65	4.0
59	67	12.0
59	74	1.0
59	75	2.0
59	76	2.0
59	80	1.0
59	81	1.0
59	84	3.0
59	85	2.0
59	87	1.0
59	89	1.0
59	90	27.0
59	91	15.0
59	92	2.0
59	93	1.0
59	99	1.0
60	60	484.0
60	61	15.0
60	62	1.0
60	64	1.0
60	66	7.0
60	67	12.0
60	68	2.0
60	75	2.0
60	77	11.0
60	80	4.0
60	84	4.0
60	85	1.0
60	89	9.0
60	90	3.0
60	91	10.0
60	92	16.0
60	93	3.0
60	95	6.0
60	97	1.0
61	61	535.0
61	62	9.0
61	63	12.0
61	65	2.0
61	66	5.0
61	67	5.0
61	68	6.0
61	75	1.0
61	76	3.0
61	77	10.0
61	78	4.0
61	79	3.0
61	81	5.0
61	82	6.0
61	83	1.0
61	91	6.0
61	92	7.0
61	95	3.0
62	62	495.0
62	63	26.0
62	64	9.0
62	66	1.0
62	68	3.0
62	70	1.0
62	76	3.0
62	79	1.0
62	81	4.0
62	82	7.0
62	83	8.0
62	88	1.0
62	95	1.0
62	97	1.0
63	63	550.0
63	64	17.0
63	65	6.0
63	66	9.0
63	68	2.0
63	69	1.0
63	74	1.0
63	78	1.0
63	80	2.0
63	81	1.0
63	83	10.0
64	64	474.0
64	65	16.0
64	66	4.0
64	67	2.0
64	68	2.0
64	69	3.0
64	70	8.0
64	73	2.0
64	74	5.0
64	76	3.0
64	78	2.0
64	83	4.0
65	65	543.0
65	66	10.0
65	67	13.0
65	68	2.0
65	69	6.0
65	72	1.0
65	74	6.0
65	78	1.0
66	66	534.0
66	67	10.0
66	68	4.0
66	72	2.0
66	74	30.0
66	75	2.0
66	76	3.0
66	78	11.0
66	83	10.0
66	84	1.0
66	90	8.0
66	91	5.0
66	92	2.0
66	94	1.0
66	95	2.0
67	67	554.0
67	68	15.0
67	69	8.0
67	73	2.0
67	74	10.0
67	76	2.0
67	77	11.0
67	78	2.0
67	79	11.0
67	80	13.0
67	82	1.0
67	84	4.0
67	90	15.0
67	91	2.0
67	92	1.0
67	95	7.0
67	96	2.0
68	68	523.0
68	69	21.0
68	70	4.0
68	71	1.0
68	72	1.0
68	73	3.0
68	74	2.0
68	76	1.0
68	77	3.0
68	78	2.0
68	79	5.0
68	80	6.0
68	83	7.0
68	84	4.0
68	91	1.0
68	92	1.0
68	93	2.0
68	95	1.0
68	99	1.0
69	69	557.0
69	70	38.0
69	71	9.0
69	72	12.0
69	73	11.0
69	74	8.0
69	79	3.0
69	83	3.0
69	84	10.0
69	89	1.0
69	90	4.0
69	91	1.0
69	94	1.0
70	70	534.0
70	71	16.0
70	73	5.0
70	74	3.0
70	80	1.0
70	83	7.0
70	84	13.0
70	86	10.0
70	87	1.0
70	88	3.0
70	91	1.0
71	71	487.0
71	72	8.0
71	73	14.0
71	74	3.0
71	83	7.0
71	84	4.0
71	86	5.0
71	87	4.0
71	88	12.0
71	90	5.0
71	100	1.0
72	72	522.0
72	73	36.0
72	77	1.0
72	83	14.0
72	84	3.0
72	88	1.0
72	90	14.0
72	91	1.0
73	73	503.0
73	74	11.0
73	76	1.0
73	83	11.0
73	84	4.0
73	85	3.0
73	86	1.0
73	87	2.0
73	88	9.0
73	89	8.0
73	90	6.0
73	91	4.0
73	95	1.0
74	74	557.0
74	75	24.0
74	76	6.0
74	79	5.0
74	80	2.0
74	83	4.0
74	84	6.0
74	86	2.0
74	90	2.0
74	91	8.0
74	95	1.0
75	75	471.0
75	76	20.0
75	78	2.0
75	79	2.0
75	83	7.0
75	84	14.0
75	90	1.0
75	91	1.0
75	92	2.0
75	93	5.0
76	76	460.0
76	77	20.0
76	78	9.0
76	79	11.0
76	80	1.0
76	81	9.0
76	82	6.0
76	83	10.0
76	84	4.0
76	90	1.0
76	95	10.0
77	77	462.0
77	78	13.0
77	79	1.0
77	80	4.0
77	81	4.0
77	82	1.0
77	83	1.0
77	95	1.0
78	78	526.0
78	79	17.0
78	80	5.0
78	81	6.0
78	82	1.0
78	91	1.0
78	101	1.0
79	79	534.0
79	80	11.0
79	81	4.0
79	82	1.0
79	83	2.0
79	84	1.0
79	89	1.0
79	90	3.0
79	91	9.0
79	95	5.0
79	101	1.0
80	80	535.0
80	81	31.0
80	82	5.0
80	94	3.0
80	95	5.0
80	96	3.0
80	97	6.0
81	81	482.0
81	82	16.0
81	95	6.0
81	96	13.0
81	97	3.0
82	82	271.0
82	91	2.0
82	96	4.0
82	97	1.0
83	83	409.0
83	84	16.0
83	88	2.0
83	90	7.0
83	91	1.0
84	84	431.0
84	85	1.0
84	86	1.0
84	88	12.0
84	89	3.0
84	90	10.0
84	91	2.0
84	92	5.0
84	93	2.0
85	85	431.0
85	86	18.0
85	87	2.0
85	88	11.0
85	89	22.0
85	91	4.0
85	93	1.0
85	94	14.0
85	96	5.0
85	100	1.0
85	101	2.0
85	102	4.0
86	86	500.0
86	87	21.0
86	88	20.0
86	89	4.0
86	93	7.0
86	94	15.0
86	95	12.0
86	96	7.0
86	97	1.0
86	101	7.0
87	87	462.0
87	88	28.0
87	89	11.0
87	93	1.0
87	94	6.0
87	95	4.0
87	96	2.0
87	101	1.0
88	88	545.0
88	89	12.0
88	93	4.0
88	94	5.0
88	95	3.0
88	96	2.0
89	89	581.0
89	90	6.0
89	91	6.0
89	92	2.0
89	93	2.0
89	95	1.0
89	96	2.0
89	100	1.0
89	101	3.0
90	90	527.0
90	91	23.0
90	92	3.0
90	95	1.0
91	91	554.0
91	92	17.0
91	93	1.0
91	94	2.0
91	95	3.0
92	92	496.0
92	93	13.0
92	94	21.0
92	96	1.0
92	97	10.0
92	98	2.0
93	93	511.0
93	94	11.0
93	95	3.0
93	96	5.0
93	97	2.0
93	101	3.0
94	94	485.0
94	95	6.0
94	96	9.0
94	97	13.0
94	98	1.0
95	95	485.0
95	96	12.0
95	97	9.0
95	100	1.0
96	96	541.0
96	97	17.0
96	98	8.0
97	97	480.0
97	98	14.0
98	98	538.0
98	99	27.0
98	101	3.0
98	102	3.0
99	99	544.0
99	100	18.0
99	101	1.0
100	100	552.0
100	101	11.0
100	102	2.0
101	101	546.0
101	102	8.0
102	102	208.0
