1	1	135.0
1	2	1.0
1	172	1.0
2	1	4.0
2	2	140.0
2	3	5.0
3	2	1.0
3	3	149.0
4	4	127.0
4	5	1.0
4	9	1.0
4	58	1.0
4	147	1.0
4	169	1.0
5	5	140.0
5	6	5.0
5	9	1.0
6	4	1.0
6	5	2.0
6	6	99.0
6	7	1.0
6	8	2.0
6	41	1.0
7	3	1.0
7	5	1.0
7	6	1.0
7	7	106.0
7	9	1.0
7	110	1.0
8	6	1.0
8	7	1.0
8	8	107.0
8	9	1.0
8	10	1.0
8	11	2.0
8	65	2.0
9	9	119.0
9	10	2.0
9	11	1.0
10	6	4.0
10	9	3.0
10	10	125.0
10	11	2.0
10	65	1.0
10	166	1.0
11	11	125.0
11	12	2.0
11	20	1.0
11	68	1.0
11	91	1.0
11	115	4.0
11	116	1.0
12	12	134.0
13	6	1.0
13	12	1.0
13	13	138.0
13	16	1.0
13	45	1.0
13	113	1.0
13	124	2.0
14	13	2.0
14	14	150.0
14	15	2.0
14	83	1.0
14	111	1.0
14	112	2.0
15	13	1.0
15	14	1.0
15	15	124.0
15	16	2.0
15	26	1.0
15	112	2.0
15	151	1.0
16	13	1.0
16	14	1.0
16	15	1.0
16	16	116.0
16	17	2.0
16	20	1.0
16	21	1.0
16	36	2.0
17	16	1.0
17	17	136.0
17	18	1.0
17	19	1.0
17	74	1.0
18	13	1.0
18	17	5.0
18	18	138.0
18	19	3.0
19	13	1.0
19	16	1.0
19	17	1.0
19	19	125.0
19	20	2.0
19	24	1.0
19	74	1.0
20	16	1.0
20	20	118.0
20	21	2.0
20	22	4.0
20	83	1.0
21	16	1.0
21	18	1.0
21	21	119.0
21	22	1.0
21	80	1.0
21	101	1.0
22	12	1.0
22	20	1.0
22	21	3.0
22	22	119.0
22	23	4.0
22	78	1.0
22	80	2.0
23	22	1.0
23	23	100.0
23	24	1.0
23	75	1.0
23	80	2.0
23	97	6.0
24	21	1.0
24	24	120.0
24	28	1.0
24	54	1.0
24	62	1.0
24	74	1.0
24	79	1.0
24	157	1.0
25	16	1.0
25	25	125.0
25	27	1.0
25	28	2.0
25	50	1.0
25	74	1.0
26	26	130.0
27	25	1.0
27	26	1.0
27	27	123.0
27	28	1.0
28	24	1.0
28	27	2.0
28	28	62.0
28	56	1.0
32	32	11.0
33	26	1.0
33	33	78.0
33	39	1.0
33	42	1.0
33	43	1.0
33	166	1.0
34	33	1.0
34	34	126.0
34	35	1.0
34	39	1.0
34	42	1.0
35	35	127.0
35	36	1.0
35	50	2.0
36	34	1.0
36	36	134.0
36	41	1.0
37	36	1.0
37	37	123.0
37	38	5.0
37	44	1.0
38	33	1.0
38	36	1.0
38	37	1.0
38	38	119.0
38	39	1.0
39	36	1.0
39	38	1.0
39	39	135.0
39	42	2.0
39	43	1.0
40	27	1.0
40	37	2.0
40	40	151.0
40	44	3.0
40	127	1.0
41	34	1.0
41	36	1.0
41	40	1.0
41	41	137.0
41	42	1.0
41	47	1.0
42	26	2.0
42	34	2.0
42	41	3.0
42	42	133.0
42	43	1.0
43	18	1.0
43	36	1.0
43	40	1.0
43	41	1.0
43	42	1.0
43	43	160.0
43	44	2.0
44	40	1.0
44	43	1.0
44	44	144.0
44	50	1.0
44	131	1.0
45	44	2.0
45	45	124.0
45	141	1.0
46	41	1.0
46	46	129.0
46	47	2.0
46	58	3.0
47	46	2.0
47	47	114.0
47	48	4.0
47	50	2.0
47	55	2.0
47	57	1.0
47	58	1.0
48	46	1.0
48	47	4.0
48	48	123.0
48	49	2.0
48	57	1.0
48	58	1.0
48	161	1.0
49	48	1.0
49	49	148.0
50	24	1.0
50	26	1.0
50	34	1.0
50	36	2.0
50	38	1.0
50	50	115.0
50	51	4.0
51	14	1.0
51	51	141.0
51	52	2.0
51	139	1.0
52	50	1.0
52	52	109.0
52	54	2.0
52	95	1.0
52	106	1.0
53	49	2.0
53	53	140.0
53	55	2.0
53	57	1.0
53	58	1.0
53	77	2.0
53	80	1.0
53	82	1.0
54	49	1.0
54	52	1.0
54	53	1.0
54	54	140.0
55	52	1.0
55	54	1.0
55	55	121.0
55	56	4.0
55	77	1.0
56	27	1.0
56	54	1.0
56	55	4.0
56	56	143.0
56	57	2.0
56	62	2.0
56	80	1.0
57	48	2.0
57	52	1.0
57	53	1.0
57	56	2.0
57	57	152.0
57	61	1.0
57	62	2.0
57	63	2.0
57	76	1.0
57	79	1.0
57	146	1.0
58	48	1.0
58	49	1.0
58	57	2.0
58	58	436.0
58	78	3.0
58	79	1.0
61	48	1.0
61	49	1.0
61	56	2.0
61	58	3.0
61	61	10.0
62	26	2.0
62	54	1.0
62	56	1.0
62	57	2.0
62	62	94.0
62	63	1.0
62	64	1.0
62	72	1.0
62	87	4.0
63	57	1.0
63	63	107.0
63	64	2.0
63	72	1.0
63	84	3.0
63	87	1.0
63	88	1.0
64	64	94.0
64	66	2.0
64	67	1.0
64	68	2.0
65	65	112.0
65	66	1.0
66	9	1.0
66	65	1.0
66	66	110.0
66	67	1.0
66	115	1.0
67	10	1.0
67	64	2.0
67	66	2.0
67	67	101.0
67	69	2.0
67	113	1.0
68	11	1.0
68	63	1.0
68	64	1.0
68	67	1.0
68	68	93.0
68	69	1.0
68	70	2.0
68	115	1.0
69	46	1.0
69	64	1.0
69	67	2.0
69	68	1.0
69	69	99.0
69	70	2.0
69	77	1.0
69	112	1.0
70	5	1.0
70	68	1.0
70	70	111.0
70	71	4.0
70	73	1.0
70	114	1.0
71	58	1.0
71	63	1.0
71	64	1.0
71	68	2.0
71	70	1.0
71	71	101.0
71	73	1.0
71	99	1.0
71	116	1.0
71	117	1.0
71	122	1.0
72	51	1.0
72	63	1.0
72	64	1.0
72	72	104.0
72	73	3.0
72	116	2.0
72	118	1.0
72	158	1.0
73	71	1.0
73	72	4.0
73	73	127.0
73	74	1.0
73	79	1.0
74	17	1.0
74	18	1.0
74	25	1.0
74	27	1.0
74	66	1.0
74	74	130.0
74	75	1.0
74	77	1.0
74	114	1.0
75	23	2.0
75	24	1.0
75	75	139.0
75	76	4.0
75	77	3.0
76	27	1.0
76	52	1.0
76	58	1.0
76	76	123.0
76	77	1.0
76	93	1.0
77	22	1.0
77	25	3.0
77	58	2.0
77	75	1.0
77	76	1.0
77	77	119.0
77	78	3.0
77	79	3.0
78	57	1.0
78	58	2.0
78	62	1.0
78	78	109.0
78	79	3.0
79	21	1.0
79	22	1.0
79	53	1.0
79	54	1.0
79	75	1.0
79	77	2.0
79	78	4.0
79	79	123.0
80	20	1.0
80	21	1.0
80	41	1.0
80	53	2.0
80	55	2.0
80	74	1.0
80	78	1.0
80	79	1.0
80	80	142.0
80	81	1.0
80	82	2.0
80	88	2.0
80	97	1.0
80	121	1.0
81	80	2.0
81	81	101.0
81	84	2.0
81	85	1.0
81	87	1.0
82	21	2.0
82	80	1.0
82	81	2.0
82	82	130.0
82	83	1.0
83	20	1.0
83	81	1.0
83	82	4.0
83	83	130.0
83	86	1.0
83	107	1.0
83	125	3.0
83	126	1.0
84	57	1.0
84	83	3.0
84	84	113.0
84	123	1.0
85	81	1.0
85	84	4.0
85	85	122.0
85	86	1.0
85	87	2.0
85	143	1.0
86	46	1.0
86	85	3.0
86	86	133.0
86	87	1.0
86	89	1.0
86	90	1.0
86	120	1.0
87	84	1.0
87	85	2.0
87	86	1.0
87	87	132.0
87	88	3.0
87	90	1.0
87	102	1.0
87	119	1.0
88	21	2.0
88	86	2.0
88	87	7.0
88	88	126.0
88	89	3.0
88	90	1.0
88	100	1.0
88	102	1.0
89	82	1.0
89	84	1.0
89	85	2.0
89	88	2.0
89	89	114.0
89	90	2.0
89	96	1.0
89	101	1.0
89	107	1.0
90	88	1.0
90	89	2.0
90	90	137.0
90	91	1.0
90	92	1.0
90	93	2.0
90	102	1.0
90	119	1.0
90	123	1.0
90	127	1.0
90	132	2.0
90	166	1.0
91	90	1.0
91	91	131.0
91	93	3.0
91	119	4.0
91	120	3.0
91	153	1.0
92	91	2.0
92	92	127.0
92	93	3.0
92	126	1.0
92	132	1.0
92	153	1.0
93	90	1.0
93	91	2.0
93	92	1.0
93	93	130.0
93	94	1.0
93	97	2.0
93	101	1.0
93	102	1.0
93	116	1.0
93	127	1.0
93	133	1.0
94	89	1.0
94	93	3.0
94	94	117.0
94	97	1.0
94	99	1.0
94	154	1.0
94	161	1.0
95	95	94.0
95	96	1.0
95	99	2.0
95	101	1.0
95	117	1.0
95	118	1.0
95	153	1.0
95	154	1.0
95	161	2.0
96	51	1.0
96	52	2.0
96	75	1.0
96	93	3.0
96	95	1.0
96	96	101.0
96	97	2.0
96	105	1.0
96	118	1.0
97	24	1.0
97	96	2.0
97	97	121.0
97	98	2.0
97	109	1.0
97	120	1.0
97	162	1.0
98	94	2.0
98	97	3.0
98	98	111.0
98	99	1.0
98	103	1.0
98	154	1.0
98	166	1.0
99	58	1.0
99	88	1.0
99	91	1.0
99	98	2.0
99	99	112.0
99	101	1.0
99	102	1.0
99	103	1.0
99	149	1.0
99	153	1.0
100	93	1.0
100	98	1.0
100	99	2.0
100	100	142.0
100	101	1.0
100	102	1.0
100	105	1.0
100	152	1.0
101	92	1.0
101	93	1.0
101	97	1.0
101	98	1.0
101	99	2.0
101	101	119.0
101	102	1.0
101	104	4.0
101	105	1.0
102	101	1.0
102	102	116.0
102	103	2.0
102	123	1.0
103	82	1.0
103	88	1.0
103	97	1.0
103	101	2.0
103	102	1.0
103	103	121.0
103	132	1.0
104	54	1.0
104	94	1.0
104	100	1.0
104	101	1.0
104	104	113.0
104	105	1.0
105	102	1.0
105	105	118.0
105	106	1.0
105	107	1.0
105	108	1.0
106	105	1.0
106	106	134.0
106	108	1.0
107	57	1.0
107	105	1.0
107	106	1.0
107	107	117.0
107	108	3.0
107	111	1.0
108	105	2.0
108	107	3.0
108	108	122.0
108	109	2.0
109	19	1.0
109	108	3.0
109	109	106.0
109	111	3.0
109	113	1.0
109	117	1.0
109	125	1.0
109	149	1.0
110	5	1.0
110	109	2.0
110	110	125.0
110	111	3.0
110	116	1.0
111	15	1.0
111	109	2.0
111	110	4.0
111	111	125.0
111	112	5.0
112	12	1.0
112	14	2.0
112	15	2.0
112	110	1.0
112	111	3.0
112	112	147.0
112	113	2.0
112	114	1.0
112	124	1.0
113	111	1.0
113	112	2.0
113	113	122.0
113	114	1.0
113	124	2.0
114	12	1.0
114	71	1.0
114	90	1.0
114	110	2.0
114	112	1.0
114	113	1.0
114	114	112.0
114	115	2.0
114	116	1.0
114	117	1.0
114	121	1.0
114	123	1.0
115	11	1.0
115	54	1.0
115	66	1.0
115	68	1.0
115	114	1.0
115	115	108.0
115	116	1.0
115	119	1.0
115	120	4.0
115	121	1.0
116	11	1.0
116	73	1.0
116	114	2.0
116	116	122.0
117	70	1.0
117	71	1.0
117	72	2.0
117	117	134.0
117	121	1.0
118	117	1.0
118	118	119.0
118	144	1.0
119	81	1.0
119	91	2.0
119	100	1.0
119	113	1.0
119	115	1.0
119	119	125.0
119	120	1.0
119	121	1.0
120	91	1.0
120	92	1.0
120	97	1.0
120	119	3.0
120	120	106.0
120	121	4.0
121	84	1.0
121	85	1.0
121	96	1.0
121	115	2.0
121	117	1.0
121	120	1.0
121	121	128.0
121	122	1.0
121	144	1.0
122	85	1.0
122	115	1.0
122	122	115.0
122	123	1.0
122	142	1.0
123	41	1.0
123	83	1.0
123	84	2.0
123	90	1.0
123	115	1.0
123	116	1.0
123	121	1.0
123	122	3.0
123	123	128.0
123	125	2.0
124	13	2.0
124	83	1.0
124	84	1.0
124	114	1.0
124	124	133.0
124	125	1.0
125	83	1.0
125	89	1.0
125	92	1.0
125	113	1.0
125	124	4.0
125	125	116.0
125	126	1.0
126	82	1.0
126	83	1.0
126	91	1.0
126	92	1.0
126	93	1.0
126	125	1.0
126	126	105.0
126	127	2.0
127	116	1.0
127	126	1.0
127	127	127.0
127	128	1.0
127	129	1.0
127	131	1.0
128	128	124.0
128	129	3.0
128	130	2.0
128	131	1.0
128	139	1.0
129	127	1.0
129	128	1.0
129	129	112.0
129	134	1.0
129	141	1.0
129	143	1.0
130	84	1.0
130	115	1.0
130	128	1.0
130	129	2.0
130	130	139.0
130	131	1.0
130	138	1.0
131	127	1.0
131	128	2.0
131	130	1.0
131	131	108.0
131	139	1.0
132	90	2.0
132	99	3.0
132	103	2.0
132	114	1.0
132	126	2.0
132	130	3.0
132	131	1.0
132	132	127.0
132	133	2.0
133	92	1.0
133	93	2.0
133	103	1.0
133	133	133.0
133	134	3.0
133	163	2.0
134	130	1.0
134	133	2.0
134	134	128.0
134	135	1.0
134	139	2.0
134	140	1.0
135	53	1.0
135	110	1.0
135	134	2.0
135	135	127.0
135	136	1.0
135	138	1.0
135	164	1.0
136	4	1.0
136	35	1.0
136	134	1.0
136	136	130.0
136	137	1.0
136	141	1.0
136	158	1.0
137	135	2.0
137	136	2.0
137	137	120.0
137	138	1.0
137	141	3.0
137	157	1.0
137	159	1.0
138	137	1.0
138	138	142.0
138	141	2.0
138	143	1.0
138	157	1.0
139	134	1.0
139	135	1.0
139	138	1.0
139	139	135.0
139	140	1.0
139	141	2.0
139	146	1.0
140	1	1.0
140	138	1.0
140	139	3.0
140	140	120.0
140	141	3.0
140	148	3.0
140	156	2.0
140	160	1.0
141	21	1.0
141	140	1.0
141	141	109.0
141	149	2.0
141	150	1.0
142	90	1.0
142	142	114.0
142	143	1.0
142	148	1.0
142	149	1.0
142	150	1.0
142	156	1.0
143	86	1.0
143	123	1.0
143	140	1.0
143	141	1.0
143	142	1.0
143	143	152.0
143	144	1.0
143	145	1.0
143	147	1.0
143	148	1.0
143	149	1.0
143	167	1.0
144	140	1.0
144	141	1.0
144	142	1.0
144	144	123.0
144	145	2.0
144	146	1.0
144	147	1.0
144	151	1.0
144	152	1.0
144	154	1.0
144	158	1.0
145	121	1.0
145	122	1.0
145	141	1.0
145	144	1.0
145	145	133.0
145	147	2.0
146	99	1.0
146	106	2.0
146	143	1.0
146	146	128.0
146	147	2.0
146	153	2.0
147	106	1.0
147	141	1.0
147	144	2.0
147	145	1.0
147	146	3.0
147	147	120.0
147	148	1.0
147	150	1.0
147	152	1.0
147	153	1.0
147	157	1.0
148	145	1.0
148	148	134.0
148	149	2.0
149	4	1.0
149	137	3.0
149	138	2.0
149	142	1.0
149	149	118.0
149	150	2.0
149	151	1.0
150	98	1.0
150	142	1.0
150	147	2.0
150	149	1.0
150	150	137.0
150	151	1.0
150	152	1.0
151	52	1.0
151	149	1.0
151	150	1.0
151	151	124.0
152	5	1.0
152	99	1.0
152	107	2.0
152	142	1.0
152	144	2.0
152	152	122.0
153	92	1.0
153	153	150.0
154	92	1.0
154	97	1.0
154	98	2.0
154	153	1.0
154	154	95.0
154	155	1.0
155	119	1.0
155	143	1.0
155	154	1.0
155	155	138.0
155	156	1.0
156	141	1.0
156	156	155.0
156	162	1.0
157	134	1.0
157	146	1.0
157	148	2.0
157	156	3.0
157	157	127.0
157	158	1.0
158	68	1.0
158	136	1.0
158	150	1.0
158	158	141.0
158	167	1.0
158	169	1.0
159	107	1.0
159	156	1.0
159	159	124.0
159	160	1.0
159	161	1.0
159	169	1.0
160	140	1.0
160	141	2.0
160	143	1.0
160	144	1.0
160	155	1.0
160	160	120.0
161	161	108.0
161	162	2.0
161	166	2.0
162	93	1.0
162	135	1.0
162	161	1.0
162	162	162.0
162	163	2.0
162	165	1.0
162	170	1.0
163	74	1.0
163	158	1.0
163	162	1.0
163	163	112.0
163	164	3.0
164	10	1.0
164	136	1.0
164	162	4.0
164	164	127.0
164	165	2.0
164	166	1.0
164	168	1.0
165	127	1.0
165	128	1.0
165	159	1.0
165	160	1.0
165	162	1.0
165	164	2.0
165	165	120.0
165	166	1.0
166	7	1.0
166	159	1.0
166	165	2.0
166	166	129.0
166	167	3.0
167	136	1.0
167	159	1.0
167	162	1.0
167	167	108.0
167	168	3.0
168	147	1.0
168	164	2.0
168	167	1.0
168	168	122.0
168	169	1.0
169	136	2.0
169	162	1.0
169	167	1.0
169	169	135.0
169	170	2.0
170	167	1.0
170	169	1.0
170	170	106.0
172	1	3.0
172	172	120.0
