1	1	186.0
1	2	1.0
1	58	1.0
1	60	2.0
1	65	1.0
1	68	2.0
1	73	1.0
2	2	219.0
2	3	2.0
2	11	1.0
2	13	1.0
2	15	1.0
2	16	1.0
2	43	1.0
2	68	1.0
2	93	1.0
2	250	1.0
3	2	1.0
3	3	192.0
3	4	2.0
3	9	1.0
3	10	1.0
3	12	1.0
3	13	2.0
3	15	1.0
3	19	2.0
3	20	2.0
3	23	1.0
3	30	1.0
3	45	1.0
3	63	1.0
4	4	203.0
4	5	4.0
4	6	1.0
4	9	1.0
4	11	3.0
4	12	1.0
4	14	2.0
4	19	1.0
4	20	1.0
4	47	1.0
4	50	1.0
4	56	1.0
4	80	2.0
4	88	1.0
4	97	1.0
4	159	1.0
5	3	2.0
5	4	2.0
5	5	215.0
5	6	1.0
5	7	1.0
5	8	1.0
5	11	2.0
5	14	1.0
5	15	2.0
5	18	4.0
5	19	1.0
5	44	1.0
5	61	2.0
5	181	1.0
6	4	1.0
6	5	1.0
6	6	214.0
6	7	1.0
6	8	1.0
6	9	2.0
6	15	1.0
6	17	1.0
6	24	1.0
6	53	1.0
6	55	1.0
6	71	1.0
6	77	1.0
6	250	1.0
7	5	1.0
7	7	234.0
7	8	1.0
7	9	1.0
7	24	1.0
7	157	1.0
7	191	1.0
7	200	1.0
8	7	1.0
8	8	200.0
8	15	1.0
8	54	1.0
8	61	1.0
8	97	1.0
9	2	1.0
9	7	1.0
9	8	3.0
9	9	223.0
9	10	3.0
9	23	2.0
9	24	1.0
9	40	1.0
9	55	1.0
9	56	1.0
9	201	3.0
10	1	1.0
10	5	1.0
10	10	171.0
10	11	2.0
10	15	1.0
10	31	1.0
10	47	1.0
10	62	1.0
10	63	1.0
11	4	1.0
11	5	1.0
11	10	3.0
11	11	232.0
11	12	1.0
11	14	1.0
11	34	1.0
11	60	1.0
11	227	1.0
12	2	1.0
12	3	2.0
12	4	1.0
12	5	1.0
12	9	1.0
12	10	4.0
12	12	220.0
12	13	2.0
12	16	2.0
12	17	2.0
12	18	1.0
12	19	2.0
12	20	1.0
12	29	1.0
12	58	1.0
12	60	2.0
12	61	2.0
12	63	2.0
13	12	2.0
13	13	74.0
13	14	1.0
13	16	2.0
14	4	2.0
14	9	3.0
14	13	1.0
14	14	185.0
14	15	5.0
14	18	2.0
14	61	1.0
15	2	1.0
15	3	1.0
15	4	1.0
15	8	1.0
15	9	2.0
15	14	1.0
15	15	220.0
15	19	2.0
15	20	1.0
15	29	1.0
15	56	1.0
15	57	1.0
15	153	1.0
16	3	1.0
16	4	2.0
16	10	1.0
16	14	1.0
16	15	2.0
16	16	231.0
16	17	4.0
16	19	2.0
16	21	1.0
16	44	1.0
16	149	1.0
16	186	1.0
16	238	1.0
17	6	1.0
17	16	4.0
17	17	231.0
17	18	2.0
17	20	3.0
17	42	1.0
17	50	1.0
17	56	4.0
17	63	1.0
17	234	1.0
18	4	1.0
18	5	2.0
18	10	1.0
18	17	4.0
18	18	210.0
18	20	2.0
18	22	1.0
18	23	1.0
18	30	1.0
18	45	1.0
18	46	1.0
18	62	1.0
18	143	1.0
18	165	1.0
18	229	1.0
19	4	1.0
19	17	1.0
19	19	225.0
19	20	1.0
19	31	1.0
19	49	1.0
19	61	2.0
19	62	2.0
19	204	1.0
20	3	1.0
20	9	2.0
20	10	2.0
20	15	1.0
20	17	1.0
20	19	1.0
20	20	216.0
20	25	1.0
20	30	1.0
20	40	1.0
20	47	1.0
20	50	1.0
20	66	1.0
20	206	1.0
21	16	1.0
21	18	1.0
21	20	1.0
21	21	220.0
21	22	2.0
21	25	1.0
21	27	1.0
21	201	1.0
22	21	2.0
22	22	195.0
22	23	7.0
22	34	2.0
22	192	1.0
23	10	1.0
23	21	2.0
23	22	3.0
23	23	209.0
23	24	4.0
23	26	1.0
23	28	1.0
23	31	1.0
23	58	1.0
23	62	1.0
23	70	2.0
23	72	1.0
23	73	1.0
23	197	2.0
23	199	2.0
23	215	1.0
24	6	1.0
24	23	1.0
24	24	185.0
24	49	5.0
24	53	2.0
24	69	1.0
24	73	1.0
24	195	1.0
24	200	1.0
25	21	2.0
25	22	1.0
25	25	194.0
25	26	4.0
25	27	1.0
25	35	1.0
25	52	1.0
25	53	1.0
25	207	1.0
26	25	2.0
26	26	242.0
26	27	6.0
26	32	2.0
26	34	4.0
26	53	1.0
26	186	1.0
27	26	2.0
27	27	233.0
27	28	3.0
27	29	2.0
27	34	3.0
27	41	1.0
27	42	1.0
27	43	1.0
27	49	2.0
27	50	1.0
28	11	1.0
28	24	1.0
28	27	2.0
28	28	218.0
28	29	1.0
28	41	2.0
28	43	2.0
28	53	1.0
28	90	1.0
28	107	1.0
29	15	2.0
29	17	1.0
29	18	1.0
29	20	2.0
29	24	2.0
29	27	1.0
29	28	4.0
29	29	177.0
29	30	3.0
29	31	1.0
29	41	2.0
29	51	3.0
29	53	2.0
29	58	2.0
29	207	1.0
29	235	1.0
30	18	2.0
30	28	1.0
30	30	195.0
30	31	1.0
30	49	1.0
30	50	1.0
30	51	3.0
30	52	2.0
30	53	6.0
30	54	1.0
30	55	1.0
30	57	1.0
30	63	1.0
30	66	2.0
30	67	1.0
30	68	1.0
30	175	1.0
31	2	1.0
31	31	235.0
31	38	3.0
31	39	2.0
31	49	3.0
31	53	1.0
31	55	1.0
31	57	1.0
31	58	3.0
31	64	1.0
31	67	1.0
31	223	1.0
32	26	1.0
32	32	221.0
32	33	1.0
32	34	2.0
32	35	1.0
32	36	1.0
32	38	1.0
32	47	1.0
32	48	1.0
32	50	1.0
32	52	3.0
32	53	1.0
33	25	1.0
33	26	1.0
33	33	179.0
33	34	1.0
33	35	2.0
33	36	6.0
33	44	1.0
33	59	1.0
33	189	1.0
33	203	1.0
33	204	1.0
33	206	2.0
33	208	1.0
34	26	2.0
34	27	3.0
34	31	1.0
34	32	2.0
34	34	235.0
34	37	1.0
34	92	1.0
34	201	1.0
34	202	1.0
34	206	1.0
35	26	1.0
35	27	1.0
35	32	1.0
35	33	1.0
35	34	2.0
35	35	202.0
35	36	6.0
35	47	1.0
35	202	1.0
35	204	2.0
35	237	1.0
36	24	1.0
36	33	3.0
36	35	2.0
36	36	195.0
36	37	2.0
36	48	3.0
36	146	1.0
36	184	1.0
36	204	2.0
36	206	1.0
37	32	1.0
37	33	2.0
37	34	1.0
37	37	212.0
37	38	1.0
37	39	1.0
37	41	1.0
37	47	1.0
37	48	4.0
37	55	1.0
37	66	1.0
37	202	1.0
37	203	2.0
37	204	1.0
37	207	2.0
38	31	1.0
38	32	3.0
38	34	1.0
38	37	2.0
38	38	205.0
38	39	1.0
38	40	1.0
39	7	1.0
39	23	1.0
39	38	2.0
39	39	217.0
39	40	1.0
40	17	1.0
40	31	2.0
40	38	1.0
40	39	2.0
40	40	226.0
41	18	1.0
41	20	1.0
41	28	1.0
41	31	1.0
41	40	1.0
41	41	226.0
41	42	4.0
41	43	1.0
41	45	1.0
41	46	5.0
41	52	1.0
41	54	1.0
41	206	1.0
41	207	1.0
41	229	1.0
42	6	1.0
42	28	1.0
42	31	1.0
42	41	3.0
42	42	206.0
42	46	1.0
42	56	1.0
43	16	1.0
43	28	2.0
43	31	1.0
43	37	1.0
43	41	3.0
43	42	1.0
43	43	193.0
43	44	3.0
43	207	1.0
44	18	1.0
44	42	1.0
44	43	1.0
44	44	232.0
44	45	5.0
44	47	4.0
44	48	2.0
44	96	1.0
45	5	1.0
45	18	1.0
45	43	1.0
45	44	7.0
45	45	213.0
45	46	4.0
45	47	1.0
45	121	1.0
45	175	1.0
46	4	1.0
46	10	1.0
46	41	2.0
46	42	2.0
46	43	2.0
46	44	1.0
46	45	2.0
46	46	210.0
46	47	1.0
46	80	1.0
46	84	1.0
46	95	3.0
46	167	1.0
47	4	1.0
47	9	1.0
47	35	2.0
47	44	2.0
47	45	2.0
47	46	2.0
47	47	211.0
47	48	1.0
47	50	2.0
47	55	1.0
47	57	1.0
47	64	1.0
47	66	1.0
47	68	1.0
47	75	1.0
47	77	2.0
47	79	1.0
47	80	1.0
47	177	1.0
48	24	1.0
48	25	1.0
48	29	1.0
48	32	1.0
48	34	1.0
48	35	2.0
48	37	3.0
48	43	1.0
48	47	1.0
48	48	210.0
48	49	1.0
48	51	2.0
48	52	2.0
48	64	1.0
48	69	1.0
48	76	1.0
48	196	1.0
49	22	1.0
49	24	2.0
49	28	2.0
49	29	1.0
49	32	1.0
49	48	2.0
49	49	243.0
49	50	4.0
49	58	1.0
49	65	1.0
49	66	2.0
49	108	1.0
50	7	1.0
50	22	2.0
50	24	1.0
50	26	1.0
50	27	2.0
50	31	6.0
50	48	1.0
50	49	5.0
50	50	241.0
50	51	1.0
50	61	1.0
50	64	1.0
50	65	1.0
50	79	1.0
50	159	1.0
51	29	1.0
51	30	1.0
51	48	3.0
51	49	2.0
51	50	1.0
51	51	177.0
51	52	5.0
51	53	4.0
51	153	1.0
51	208	1.0
52	15	1.0
52	24	2.0
52	25	1.0
52	48	1.0
52	51	6.0
52	52	190.0
52	53	5.0
52	66	1.0
52	112	1.0
52	151	1.0
53	7	1.0
53	25	1.0
53	30	2.0
53	49	1.0
53	53	228.0
53	54	1.0
53	55	1.0
53	67	1.0
53	68	1.0
53	71	1.0
53	73	1.0
53	74	1.0
53	79	1.0
53	82	1.0
53	119	1.0
53	208	1.0
53	242	1.0
54	9	2.0
54	30	1.0
54	32	3.0
54	34	1.0
54	48	1.0
54	53	2.0
54	54	215.0
54	55	3.0
54	69	1.0
54	196	1.0
55	3	1.0
55	4	1.0
55	8	1.0
55	22	1.0
55	30	1.0
55	48	3.0
55	51	1.0
55	54	2.0
55	55	210.0
55	56	4.0
55	57	1.0
55	64	2.0
55	65	1.0
55	67	4.0
55	70	1.0
55	202	1.0
56	12	2.0
56	17	1.0
56	19	1.0
56	45	1.0
56	50	1.0
56	53	1.0
56	55	4.0
56	56	220.0
56	57	2.0
56	64	2.0
56	76	1.0
56	78	1.0
56	155	1.0
57	10	1.0
57	30	1.0
57	47	1.0
57	49	1.0
57	52	1.0
57	55	3.0
57	56	1.0
57	57	214.0
57	58	2.0
57	61	2.0
57	63	1.0
58	12	1.0
58	22	1.0
58	23	1.0
58	24	1.0
58	29	1.0
58	50	3.0
58	57	4.0
58	58	224.0
58	60	2.0
58	63	2.0
58	68	1.0
58	79	1.0
58	159	1.0
59	33	1.0
59	58	1.0
59	59	209.0
59	60	1.0
59	62	3.0
59	66	1.0
59	175	1.0
60	1	1.0
60	4	1.0
60	12	1.0
60	14	1.0
60	18	1.0
60	29	1.0
60	30	1.0
60	59	2.0
60	60	175.0
60	61	1.0
60	62	1.0
60	63	1.0
60	64	1.0
60	197	1.0
61	14	1.0
61	19	2.0
61	29	1.0
61	31	1.0
61	55	1.0
61	57	1.0
61	60	2.0
61	61	218.0
61	62	4.0
61	65	2.0
61	68	1.0
62	18	2.0
62	21	2.0
62	30	1.0
62	44	2.0
62	53	1.0
62	59	2.0
62	61	2.0
62	62	183.0
62	64	1.0
62	66	5.0
62	68	1.0
62	72	1.0
62	93	1.0
62	100	1.0
62	153	1.0
63	1	1.0
63	2	4.0
63	13	1.0
63	19	1.0
63	29	1.0
63	38	1.0
63	39	1.0
63	58	1.0
63	62	1.0
63	63	208.0
63	65	1.0
63	112	1.0
63	153	1.0
63	163	1.0
64	6	2.0
64	12	1.0
64	30	1.0
64	46	1.0
64	48	3.0
64	53	1.0
64	60	3.0
64	62	2.0
64	64	247.0
64	67	1.0
64	69	1.0
64	76	1.0
64	77	2.0
64	91	3.0
64	207	1.0
64	208	1.0
64	211	1.0
65	2	1.0
65	4	1.0
65	11	1.0
65	19	1.0
65	59	1.0
65	60	6.0
65	61	1.0
65	62	1.0
65	64	1.0
65	65	187.0
65	66	1.0
65	67	1.0
65	68	2.0
65	77	2.0
65	87	1.0
65	91	1.0
65	119	1.0
66	15	1.0
66	48	1.0
66	52	1.0
66	55	1.0
66	57	1.0
66	60	1.0
66	62	3.0
66	65	4.0
66	66	195.0
67	30	2.0
67	54	1.0
67	55	2.0
67	59	1.0
67	66	2.0
67	67	195.0
67	68	2.0
67	69	1.0
67	70	1.0
67	71	2.0
67	90	2.0
67	151	2.0
67	193	1.0
67	241	1.0
68	1	1.0
68	21	1.0
68	64	2.0
68	65	2.0
68	66	1.0
68	67	1.0
68	68	194.0
68	69	1.0
68	70	1.0
68	71	4.0
68	75	4.0
68	79	1.0
68	90	3.0
68	195	2.0
68	205	1.0
68	234	1.0
69	23	1.0
69	67	1.0
69	69	200.0
69	70	8.0
69	71	3.0
69	92	2.0
69	102	1.0
69	195	2.0
69	197	1.0
69	221	2.0
69	230	1.0
70	22	1.0
70	23	2.0
70	24	1.0
70	27	1.0
70	52	1.0
70	68	1.0
70	69	4.0
70	70	221.0
70	72	2.0
70	76	1.0
70	196	1.0
70	231	1.0
71	54	1.0
71	68	1.0
71	69	2.0
71	70	4.0
71	71	185.0
71	72	1.0
71	73	1.0
71	156	1.0
71	193	1.0
71	195	1.0
71	196	2.0
72	11	1.0
72	24	3.0
72	53	1.0
72	69	2.0
72	70	1.0
72	72	178.0
72	73	3.0
72	74	1.0
72	76	1.0
72	196	1.0
73	58	1.0
73	68	1.0
73	71	1.0
73	72	1.0
73	73	194.0
73	74	4.0
73	75	3.0
73	76	2.0
73	77	1.0
73	78	1.0
73	86	1.0
73	196	1.0
73	198	1.0
73	200	1.0
73	213	1.0
74	68	2.0
74	71	1.0
74	72	1.0
74	73	5.0
74	74	200.0
74	75	2.0
74	76	1.0
74	240	1.0
75	65	1.0
75	68	1.0
75	73	5.0
75	74	1.0
75	75	204.0
75	76	2.0
75	78	2.0
75	196	2.0
75	238	2.0
75	239	1.0
76	4	1.0
76	64	2.0
76	68	1.0
76	69	2.0
76	73	2.0
76	75	4.0
76	76	199.0
76	77	2.0
76	78	3.0
76	80	1.0
76	81	2.0
76	89	2.0
76	95	2.0
76	249	1.0
77	47	1.0
77	64	3.0
77	73	1.0
77	75	1.0
77	76	3.0
77	77	182.0
77	78	4.0
77	79	5.0
77	83	1.0
77	177	1.0
78	56	1.0
78	64	1.0
78	74	1.0
78	75	3.0
78	78	220.0
78	79	4.0
78	80	1.0
78	84	4.0
78	86	1.0
79	2	1.0
79	47	3.0
79	53	1.0
79	56	1.0
79	75	1.0
79	77	1.0
79	78	1.0
79	79	175.0
79	81	2.0
79	82	1.0
79	88	1.0
79	106	3.0
79	110	1.0
79	115	1.0
80	44	1.0
80	48	2.0
80	52	1.0
80	57	1.0
80	76	1.0
80	77	1.0
80	79	3.0
80	80	200.0
80	81	3.0
80	84	2.0
80	96	6.0
80	97	1.0
80	106	1.0
80	110	1.0
81	27	1.0
81	53	1.0
81	75	2.0
81	76	1.0
81	80	2.0
81	81	214.0
81	82	1.0
81	83	1.0
81	84	2.0
81	85	1.0
81	90	1.0
81	91	1.0
81	92	1.0
81	106	1.0
81	113	1.0
81	114	1.0
81	169	1.0
81	241	1.0
82	6	1.0
82	79	1.0
82	80	3.0
82	81	4.0
82	82	194.0
82	83	3.0
82	84	3.0
82	86	4.0
82	89	2.0
82	92	1.0
82	114	1.0
82	121	1.0
82	175	2.0
82	221	1.0
83	80	2.0
83	82	2.0
83	83	155.0
83	84	1.0
83	85	1.0
83	86	3.0
83	88	1.0
83	99	2.0
83	111	4.0
83	112	1.0
83	149	1.0
83	155	1.0
84	46	1.0
84	65	1.0
84	79	1.0
84	81	3.0
84	82	2.0
84	84	213.0
84	85	4.0
84	86	1.0
84	87	2.0
84	111	1.0
84	187	1.0
85	78	2.0
85	81	2.0
85	84	1.0
85	85	208.0
85	86	1.0
85	99	1.0
86	75	2.0
86	79	5.0
86	81	1.0
86	82	1.0
86	83	1.0
86	85	1.0
86	86	197.0
86	87	2.0
86	88	1.0
86	89	3.0
86	99	1.0
86	111	2.0
86	114	2.0
86	115	1.0
87	32	1.0
87	83	1.0
87	86	4.0
87	87	241.0
87	88	2.0
87	104	1.0
87	105	1.0
87	109	3.0
87	111	1.0
87	118	1.0
87	121	1.0
87	145	1.0
87	212	1.0
88	75	1.0
88	86	2.0
88	87	5.0
88	88	217.0
88	89	2.0
88	104	1.0
88	105	3.0
88	113	1.0
88	116	1.0
88	117	1.0
88	118	1.0
88	119	2.0
89	76	2.0
89	79	1.0
89	82	1.0
89	83	1.0
89	86	2.0
89	88	1.0
89	89	206.0
89	90	3.0
89	91	4.0
89	102	3.0
89	114	2.0
89	115	1.0
89	248	1.0
90	54	1.0
90	67	1.0
90	81	1.0
90	84	1.0
90	89	1.0
90	90	204.0
90	93	1.0
90	102	2.0
90	105	1.0
90	108	1.0
90	110	2.0
90	119	2.0
90	195	1.0
90	196	1.0
91	29	1.0
91	48	1.0
91	67	1.0
91	84	1.0
91	89	1.0
91	90	2.0
91	91	194.0
91	92	3.0
91	97	1.0
91	107	3.0
91	109	1.0
91	113	2.0
91	144	1.0
92	59	1.0
92	69	3.0
92	71	1.0
92	83	1.0
92	87	1.0
92	91	1.0
92	92	218.0
92	93	2.0
92	95	2.0
92	107	1.0
92	118	1.0
92	142	1.0
93	19	1.0
93	84	1.0
93	86	1.0
93	90	2.0
93	92	1.0
93	93	198.0
93	94	1.0
93	99	1.0
93	100	1.0
93	105	1.0
93	106	1.0
93	110	2.0
93	117	1.0
93	118	1.0
93	119	3.0
94	78	1.0
94	93	2.0
94	94	184.0
94	95	3.0
94	96	1.0
94	99	1.0
94	100	2.0
94	101	1.0
94	105	1.0
94	107	2.0
94	119	2.0
95	46	1.0
95	78	1.0
95	79	1.0
95	90	1.0
95	91	1.0
95	94	2.0
95	95	187.0
95	96	1.0
95	101	1.0
95	104	1.0
95	119	1.0
96	80	2.0
96	90	3.0
96	91	2.0
96	96	201.0
96	97	9.0
96	98	3.0
96	100	1.0
96	119	1.0
96	120	1.0
97	4	1.0
97	5	1.0
97	79	2.0
97	96	6.0
97	97	187.0
97	98	3.0
97	101	1.0
98	8	1.0
98	95	1.0
98	96	2.0
98	97	3.0
98	98	182.0
98	110	1.0
98	119	1.0
98	121	1.0
99	82	1.0
99	83	1.0
99	84	1.0
99	85	4.0
99	94	5.0
99	99	223.0
99	100	5.0
99	101	1.0
99	102	3.0
99	240	1.0
100	61	1.0
100	93	1.0
100	94	2.0
100	99	2.0
100	100	213.0
100	101	4.0
100	102	2.0
100	155	1.0
100	160	2.0
101	97	1.0
101	98	2.0
101	99	3.0
101	100	2.0
101	101	208.0
101	102	3.0
101	103	2.0
102	89	2.0
102	95	1.0
102	99	1.0
102	100	2.0
102	101	8.0
102	102	167.0
102	103	1.0
102	104	1.0
103	97	1.0
103	99	3.0
103	102	1.0
103	103	163.0
103	121	1.0
103	230	1.0
104	76	2.0
104	88	2.0
104	89	1.0
104	94	1.0
104	102	1.0
104	103	4.0
104	104	162.0
104	120	2.0
105	34	1.0
105	87	1.0
105	88	2.0
105	89	1.0
105	105	175.0
105	106	1.0
105	107	3.0
105	108	4.0
105	115	1.0
105	117	1.0
105	120	1.0
106	79	1.0
106	87	2.0
106	106	187.0
106	107	1.0
106	108	1.0
106	111	3.0
106	115	1.0
106	116	1.0
106	117	4.0
106	121	1.0
107	90	1.0
107	92	1.0
107	105	3.0
107	106	1.0
107	107	196.0
107	118	1.0
107	120	1.0
108	97	1.0
108	105	2.0
108	106	1.0
108	107	2.0
108	108	169.0
108	109	2.0
108	117	1.0
108	120	1.0
108	186	1.0
109	87	1.0
109	91	2.0
109	100	1.0
109	107	1.0
109	108	3.0
109	109	195.0
109	110	1.0
109	157	1.0
109	159	1.0
110	85	2.0
110	87	3.0
110	91	2.0
110	93	2.0
110	97	1.0
110	109	1.0
110	110	244.0
110	114	1.0
110	116	2.0
110	117	2.0
110	118	1.0
111	62	2.0
111	63	1.0
111	66	1.0
111	82	1.0
111	86	2.0
111	98	1.0
111	110	2.0
111	111	222.0
111	112	3.0
111	114	1.0
111	151	2.0
112	66	1.0
112	80	1.0
112	83	1.0
112	86	1.0
112	87	1.0
112	104	1.0
112	106	1.0
112	110	1.0
112	111	3.0
112	112	221.0
112	113	1.0
112	115	2.0
112	142	2.0
112	152	1.0
112	153	1.0
112	244	1.0
113	85	1.0
113	106	1.0
113	113	213.0
113	114	2.0
113	116	1.0
113	156	1.0
113	179	1.0
113	192	1.0
113	244	1.0
113	245	1.0
113	247	1.0
114	79	1.0
114	85	1.0
114	87	1.0
114	89	3.0
114	114	194.0
114	115	7.0
114	116	2.0
114	117	1.0
114	249	1.0
115	68	1.0
115	105	1.0
115	106	2.0
115	108	1.0
115	112	1.0
115	113	2.0
115	114	1.0
115	115	221.0
115	116	1.0
115	117	4.0
116	52	1.0
116	53	1.0
116	69	1.0
116	79	2.0
116	85	1.0
116	87	1.0
116	106	2.0
116	107	1.0
116	110	1.0
116	114	3.0
116	115	1.0
116	116	235.0
116	117	3.0
116	118	2.0
116	153	4.0
117	21	1.0
117	106	2.0
117	107	1.0
117	109	1.0
117	110	2.0
117	113	2.0
117	115	1.0
117	116	4.0
117	117	207.0
117	144	1.0
117	145	1.0
118	87	2.0
118	93	1.0
118	106	1.0
118	110	1.0
118	116	2.0
118	117	2.0
118	118	187.0
118	119	1.0
119	86	1.0
119	88	1.0
119	90	3.0
119	92	1.0
119	93	2.0
119	95	6.0
119	99	1.0
119	105	2.0
119	106	1.0
119	107	4.0
119	117	1.0
119	118	1.0
119	119	224.0
119	121	2.0
120	91	1.0
120	104	2.0
120	105	2.0
120	107	4.0
120	108	2.0
120	119	1.0
120	120	138.0
120	143	1.0
120	144	1.0
120	145	4.0
121	82	2.0
121	83	1.0
121	104	1.0
121	115	1.0
121	119	2.0
121	121	608.0
121	144	1.0
121	243	1.0
142	142	46.0
142	143	4.0
143	142	2.0
143	143	34.0
144	117	1.0
144	144	55.0
144	145	3.0
144	148	1.0
144	149	1.0
144	158	1.0
145	40	1.0
145	95	1.0
145	120	2.0
145	144	3.0
145	145	180.0
145	146	1.0
145	148	1.0
145	158	1.0
145	181	1.0
145	183	3.0
146	21	1.0
146	146	83.0
146	150	2.0
146	182	1.0
146	211	1.0
146	212	2.0
146	223	1.0
146	230	2.0
146	246	1.0
147	39	2.0
147	145	1.0
147	147	112.0
147	148	1.0
147	155	1.0
147	203	1.0
147	211	1.0
147	246	1.0
148	148	11.0
148	149	1.0
148	181	1.0
148	192	1.0
149	16	1.0
149	149	84.0
149	171	1.0
149	180	1.0
149	241	1.0
149	246	1.0
149	247	2.0
150	146	2.0
150	149	3.0
150	150	199.0
150	171	1.0
150	178	1.0
150	211	1.0
150	213	1.0
150	230	1.0
151	16	1.0
151	108	1.0
151	111	1.0
151	145	1.0
151	151	200.0
151	152	1.0
151	155	1.0
151	208	2.0
151	217	1.0
151	228	1.0
151	240	1.0
151	245	1.0
152	111	2.0
152	115	1.0
152	116	1.0
152	117	1.0
152	151	1.0
152	152	206.0
152	153	2.0
152	154	1.0
152	207	1.0
153	4	1.0
153	26	1.0
153	62	1.0
153	112	1.0
153	115	1.0
153	116	3.0
153	118	1.0
153	152	3.0
153	153	212.0
153	154	2.0
153	208	2.0
153	225	1.0
153	227	2.0
154	153	3.0
154	154	204.0
154	155	4.0
154	156	2.0
154	206	1.0
154	225	1.0
154	227	2.0
154	228	1.0
155	34	1.0
155	149	1.0
155	154	5.0
155	155	201.0
155	156	3.0
155	200	1.0
156	95	1.0
156	142	1.0
156	146	1.0
156	155	5.0
156	156	220.0
156	157	1.0
156	168	1.0
157	42	1.0
157	145	2.0
157	157	231.0
157	158	1.0
157	170	1.0
157	175	1.0
157	177	1.0
157	178	3.0
157	180	2.0
157	224	4.0
158	120	1.0
158	144	1.0
158	145	1.0
158	157	1.0
158	158	203.0
158	159	4.0
158	168	1.0
158	169	1.0
158	175	1.0
158	176	1.0
158	183	1.0
158	184	1.0
158	226	2.0
158	237	1.0
159	158	4.0
159	159	211.0
159	160	1.0
159	169	3.0
159	183	2.0
159	224	1.0
159	225	1.0
159	227	1.0
160	159	2.0
160	160	225.0
160	177	1.0
160	182	2.0
160	183	1.0
160	208	1.0
160	209	1.0
160	223	1.0
160	225	1.0
160	226	4.0
160	237	1.0
161	10	1.0
161	48	1.0
161	161	175.0
161	162	2.0
161	164	2.0
161	165	3.0
161	166	3.0
161	169	1.0
161	171	1.0
161	191	1.0
161	225	1.0
161	246	1.0
161	247	1.0
162	88	1.0
162	93	1.0
162	161	2.0
162	162	242.0
162	163	2.0
162	164	1.0
162	175	1.0
162	176	1.0
162	182	1.0
162	183	1.0
162	192	2.0
162	193	1.0
162	197	1.0
162	232	1.0
163	35	1.0
163	163	229.0
163	164	6.0
163	229	1.0
163	246	2.0
164	5	1.0
164	163	5.0
164	164	217.0
164	165	2.0
165	163	1.0
165	164	1.0
165	165	210.0
165	166	3.0
165	167	2.0
165	171	2.0
165	214	1.0
165	223	1.0
165	224	1.0
165	235	1.0
165	247	1.0
166	149	1.0
166	165	3.0
166	166	191.0
166	167	4.0
166	172	1.0
167	161	2.0
167	162	1.0
167	166	3.0
167	167	207.0
167	168	1.0
167	169	2.0
167	170	2.0
167	171	2.0
167	182	1.0
167	224	2.0
167	229	2.0
168	162	1.0
168	167	3.0
168	168	195.0
168	169	3.0
168	170	1.0
168	176	1.0
168	177	1.0
168	181	1.0
168	229	1.0
168	230	1.0
169	158	2.0
169	167	1.0
169	168	2.0
169	169	217.0
169	170	3.0
169	171	1.0
169	174	1.0
169	175	1.0
169	178	1.0
170	4	1.0
170	150	1.0
170	156	3.0
170	161	1.0
170	167	1.0
170	168	1.0
170	169	2.0
170	170	193.0
170	171	2.0
170	176	1.0
170	178	2.0
170	214	1.0
170	234	1.0
171	146	1.0
171	150	3.0
171	151	1.0
171	163	1.0
171	164	1.0
171	165	2.0
171	166	3.0
171	170	2.0
171	171	222.0
171	172	2.0
171	175	1.0
171	176	2.0
171	195	1.0
171	206	1.0
172	30	1.0
172	54	1.0
172	149	1.0
172	150	1.0
172	172	202.0
172	175	1.0
172	177	2.0
172	179	2.0
172	181	1.0
172	198	1.0
173	158	1.0
173	173	212.0
173	174	3.0
173	175	1.0
173	178	1.0
173	186	1.0
173	210	1.0
173	236	1.0
173	238	2.0
173	239	1.0
173	240	1.0
174	169	1.0
174	173	4.0
174	174	195.0
174	177	1.0
174	178	1.0
174	217	1.0
175	1	1.0
175	49	1.0
175	150	1.0
175	159	1.0
175	165	1.0
175	169	1.0
175	171	1.0
175	172	3.0
175	174	1.0
175	175	235.0
175	176	1.0
175	178	1.0
175	180	1.0
175	183	1.0
175	193	1.0
175	197	1.0
175	199	1.0
175	210	1.0
176	162	1.0
176	165	1.0
176	166	3.0
176	172	1.0
176	175	9.0
176	176	205.0
176	177	7.0
176	178	2.0
176	186	1.0
176	197	1.0
176	208	2.0
176	209	1.0
176	230	1.0
176	236	2.0
177	170	2.0
177	172	2.0
177	174	1.0
177	176	1.0
177	177	204.0
177	178	3.0
177	181	3.0
177	182	3.0
177	190	1.0
177	197	1.0
177	198	1.0
177	208	2.0
177	230	1.0
177	242	1.0
178	32	1.0
178	69	1.0
178	102	1.0
178	169	1.0
178	170	3.0
178	174	2.0
178	176	3.0
178	177	3.0
178	178	161.0
178	179	1.0
178	229	2.0
178	235	1.0
178	238	1.0
179	85	1.0
179	172	2.0
179	173	2.0
179	175	3.0
179	176	1.0
179	178	1.0
179	179	210.0
179	180	1.0
179	229	3.0
179	230	1.0
179	233	4.0
179	234	1.0
180	149	1.0
180	157	1.0
180	163	1.0
180	169	1.0
180	172	1.0
180	177	1.0
180	179	3.0
180	180	210.0
180	181	5.0
180	230	2.0
180	231	1.0
180	234	1.0
181	104	1.0
181	144	3.0
181	180	2.0
181	181	214.0
181	182	1.0
181	208	1.0
181	224	1.0
181	225	1.0
181	227	1.0
181	236	1.0
181	245	1.0
182	120	1.0
182	146	1.0
182	160	1.0
182	161	1.0
182	165	1.0
182	180	1.0
182	182	229.0
182	183	4.0
182	212	1.0
182	224	1.0
182	226	2.0
182	229	1.0
183	1	1.0
183	158	1.0
183	159	4.0
183	160	2.0
183	162	1.0
183	175	2.0
183	183	214.0
183	211	1.0
183	213	1.0
183	224	1.0
183	227	2.0
183	237	2.0
183	246	1.0
184	50	1.0
184	182	1.0
184	184	199.0
184	185	2.0
184	186	1.0
184	188	1.0
184	190	1.0
184	193	1.0
184	199	1.0
184	233	2.0
184	235	2.0
184	242	2.0
184	247	2.0
185	168	1.0
185	184	3.0
185	185	188.0
185	186	3.0
185	187	3.0
185	188	1.0
185	192	2.0
185	193	1.0
185	194	2.0
185	195	1.0
185	236	1.0
185	241	1.0
186	102	1.0
186	185	1.0
186	186	183.0
186	187	3.0
186	188	2.0
187	185	3.0
187	186	2.0
187	187	192.0
187	188	2.0
187	189	2.0
187	197	1.0
187	216	1.0
187	219	1.0
187	234	3.0
187	235	1.0
188	184	1.0
188	185	1.0
188	186	1.0
188	187	3.0
188	188	214.0
188	189	1.0
188	190	1.0
188	194	4.0
188	197	1.0
188	198	1.0
188	240	1.0
188	241	1.0
188	242	1.0
189	183	1.0
189	185	1.0
189	188	6.0
189	189	181.0
189	190	2.0
189	193	1.0
189	194	1.0
189	197	1.0
189	201	2.0
189	209	1.0
189	212	2.0
189	219	1.0
189	221	1.0
189	222	1.0
189	224	1.0
190	149	1.0
190	184	2.0
190	185	1.0
190	189	3.0
190	190	159.0
190	192	1.0
190	197	1.0
190	218	1.0
190	220	1.0
190	235	1.0
190	239	3.0
190	245	1.0
190	246	2.0
191	113	2.0
191	148	1.0
191	190	3.0
191	191	185.0
191	194	2.0
191	215	1.0
191	233	1.0
191	245	1.0
191	246	3.0
191	247	2.0
192	115	2.0
192	143	1.0
192	157	1.0
192	162	1.0
192	171	1.0
192	185	1.0
192	190	3.0
192	191	1.0
192	192	206.0
192	193	3.0
192	194	3.0
192	195	2.0
192	240	1.0
192	247	1.0
192	248	3.0
193	53	2.0
193	66	1.0
193	67	1.0
193	71	1.0
193	89	1.0
193	93	1.0
193	113	1.0
193	114	1.0
193	162	1.0
193	185	1.0
193	190	1.0
193	192	3.0
193	193	198.0
193	194	8.0
193	195	1.0
193	196	5.0
193	240	1.0
194	67	2.0
194	107	1.0
194	178	1.0
194	184	1.0
194	185	1.0
194	186	1.0
194	190	2.0
194	192	3.0
194	193	4.0
194	194	196.0
194	200	1.0
194	233	1.0
194	241	2.0
195	68	1.0
195	69	1.0
195	90	2.0
195	165	1.0
195	186	1.0
195	192	2.0
195	193	2.0
195	194	1.0
195	195	198.0
195	196	6.0
195	197	3.0
195	198	2.0
195	199	5.0
195	200	2.0
195	241	1.0
196	54	1.0
196	69	1.0
196	70	1.0
196	71	1.0
196	90	1.0
196	177	1.0
196	192	1.0
196	195	7.0
196	196	171.0
196	197	1.0
196	199	1.0
197	21	1.0
197	32	2.0
197	70	1.0
197	145	1.0
197	177	1.0
197	186	3.0
197	188	1.0
197	194	1.0
197	195	2.0
197	196	1.0
197	197	192.0
197	198	3.0
197	199	1.0
197	200	2.0
197	207	1.0
197	221	1.0
197	242	1.0
198	177	2.0
198	187	1.0
198	195	1.0
198	197	5.0
198	198	192.0
198	199	2.0
198	202	2.0
198	221	1.0
199	23	2.0
199	24	2.0
199	73	3.0
199	76	1.0
199	153	1.0
199	176	2.0
199	192	1.0
199	193	1.0
199	195	4.0
199	196	2.0
199	198	7.0
199	199	194.0
199	200	3.0
200	197	1.0
200	200	212.0
200	201	1.0
200	203	1.0
201	21	1.0
201	22	1.0
201	34	1.0
201	158	1.0
201	198	1.0
201	199	1.0
201	200	1.0
201	201	237.0
201	202	1.0
201	203	1.0
202	25	1.0
202	26	1.0
202	34	1.0
202	35	2.0
202	37	4.0
202	164	1.0
202	201	5.0
202	202	212.0
202	203	3.0
203	25	1.0
203	30	1.0
203	37	4.0
203	38	1.0
203	51	1.0
203	182	1.0
203	203	205.0
203	204	1.0
204	32	1.0
204	33	1.0
204	35	2.0
204	36	2.0
204	37	3.0
204	39	1.0
204	202	1.0
204	203	3.0
204	204	216.0
204	205	2.0
205	155	1.0
205	203	1.0
205	204	2.0
205	205	212.0
205	206	2.0
205	207	1.0
206	33	1.0
206	34	1.0
206	35	1.0
206	37	2.0
206	53	1.0
206	149	1.0
206	152	1.0
206	205	1.0
206	206	121.0
206	207	3.0
207	32	1.0
207	37	2.0
207	38	2.0
207	51	2.0
207	151	1.0
207	152	1.0
207	202	2.0
207	206	4.0
207	207	203.0
207	213	1.0
207	226	1.0
208	35	1.0
208	59	1.0
208	151	2.0
208	169	1.0
208	181	1.0
208	182	1.0
208	183	3.0
208	193	1.0
208	202	1.0
208	207	1.0
208	208	248.0
208	211	2.0
208	227	1.0
208	228	1.0
209	160	2.0
209	177	1.0
209	208	1.0
209	209	244.0
209	211	2.0
209	212	2.0
209	213	1.0
209	216	1.0
209	245	1.0
210	60	1.0
210	145	2.0
210	147	1.0
210	151	1.0
210	152	1.0
210	174	4.0
210	175	1.0
210	190	2.0
210	206	1.0
210	208	1.0
210	210	251.0
210	211	1.0
210	214	1.0
210	216	1.0
210	217	2.0
210	218	2.0
210	230	2.0
211	25	1.0
211	54	1.0
211	114	1.0
211	146	1.0
211	147	1.0
211	150	3.0
211	152	1.0
211	158	2.0
211	160	1.0
211	168	1.0
211	175	1.0
211	183	1.0
211	209	1.0
211	210	3.0
211	211	161.0
211	219	2.0
211	223	1.0
211	225	2.0
211	246	2.0
212	3	1.0
212	32	1.0
212	105	1.0
212	146	1.0
212	181	2.0
212	208	1.0
212	211	1.0
212	212	192.0
212	213	1.0
212	216	1.0
212	217	1.0
212	224	2.0
213	19	1.0
213	150	1.0
213	155	1.0
213	210	1.0
213	211	1.0
213	212	1.0
213	213	214.0
213	214	2.0
213	215	1.0
213	218	1.0
213	223	1.0
213	231	2.0
213	232	1.0
213	248	1.0
214	17	1.0
214	164	2.0
214	172	1.0
214	182	1.0
214	213	3.0
214	214	217.0
214	215	2.0
214	217	2.0
214	218	1.0
214	232	3.0
214	238	1.0
214	239	1.0
214	244	1.0
214	247	2.0
214	248	2.0
215	76	1.0
215	164	1.0
215	165	1.0
215	191	1.0
215	213	2.0
215	214	9.0
215	215	215.0
215	217	2.0
215	230	1.0
215	244	1.0
215	246	1.0
215	248	2.0
216	184	1.0
216	185	4.0
216	186	1.0
216	209	1.0
216	212	1.0
216	215	4.0
216	216	203.0
216	217	8.0
216	218	3.0
216	219	1.0
216	236	1.0
217	49	1.0
217	53	1.0
217	70	1.0
217	185	5.0
217	210	7.0
217	216	6.0
217	217	203.0
217	218	2.0
217	219	1.0
217	235	1.0
218	72	1.0
218	90	1.0
218	191	1.0
218	210	1.0
218	211	1.0
218	213	2.0
218	214	1.0
218	215	5.0
218	216	1.0
218	217	1.0
218	218	210.0
218	219	4.0
218	220	1.0
218	223	1.0
218	224	1.0
218	232	1.0
219	114	1.0
219	175	1.0
219	189	1.0
219	209	1.0
219	210	1.0
219	216	1.0
219	217	1.0
219	218	5.0
219	219	183.0
219	220	2.0
219	223	1.0
219	224	1.0
219	232	2.0
219	238	1.0
219	242	1.0
219	244	1.0
219	248	2.0
220	62	1.0
220	77	1.0
220	189	2.0
220	190	1.0
220	218	4.0
220	219	2.0
220	220	203.0
220	221	6.0
220	222	3.0
220	239	1.0
220	242	2.0
220	246	1.0
221	35	1.0
221	186	1.0
221	189	2.0
221	190	1.0
221	197	1.0
221	198	2.0
221	205	1.0
221	220	3.0
221	221	228.0
221	222	8.0
221	231	3.0
221	239	3.0
221	242	1.0
222	90	1.0
222	186	2.0
222	190	1.0
222	201	1.0
222	219	1.0
222	220	2.0
222	221	6.0
222	222	195.0
222	238	4.0
222	239	1.0
222	243	1.0
223	101	1.0
223	207	1.0
223	211	1.0
223	213	1.0
223	216	2.0
223	221	2.0
223	222	2.0
223	223	211.0
223	224	3.0
223	225	1.0
223	232	2.0
223	238	1.0
223	242	1.0
223	244	1.0
224	53	1.0
224	157	2.0
224	160	2.0
224	181	1.0
224	182	2.0
224	183	1.0
224	209	1.0
224	211	1.0
224	212	2.0
224	219	1.0
224	223	3.0
224	224	199.0
224	225	2.0
224	232	1.0
224	244	1.0
224	245	1.0
225	63	1.0
225	153	1.0
225	154	2.0
225	159	2.0
225	160	2.0
225	161	1.0
225	174	1.0
225	189	4.0
225	211	2.0
225	212	1.0
225	220	1.0
225	223	1.0
225	224	1.0
225	225	207.0
225	226	2.0
225	228	1.0
226	36	1.0
226	68	1.0
226	154	5.0
226	159	1.0
226	211	1.0
226	224	1.0
226	225	2.0
226	226	217.0
226	228	3.0
226	236	3.0
227	36	1.0
227	153	2.0
227	154	1.0
227	181	1.0
227	182	1.0
227	183	2.0
227	208	5.0
227	224	1.0
227	225	1.0
227	226	3.0
227	227	202.0
227	228	6.0
227	242	1.0
228	21	1.0
228	151	2.0
228	182	1.0
228	208	1.0
228	226	1.0
228	228	226.0
228	229	3.0
228	236	1.0
229	17	1.0
229	151	1.0
229	169	2.0
229	176	1.0
229	177	1.0
229	178	1.0
229	179	2.0
229	181	1.0
229	182	1.0
229	197	1.0
229	210	2.0
229	214	2.0
229	228	3.0
229	229	246.0
229	230	2.0
229	233	1.0
229	234	1.0
230	59	1.0
230	68	1.0
230	76	1.0
230	146	1.0
230	151	1.0
230	168	1.0
230	174	1.0
230	179	1.0
230	210	1.0
230	212	1.0
230	229	3.0
230	230	205.0
230	231	5.0
231	69	1.0
231	76	1.0
231	88	2.0
231	179	1.0
231	212	1.0
231	219	1.0
231	231	213.0
231	244	2.0
232	150	1.0
232	162	1.0
232	179	1.0
232	213	1.0
232	214	2.0
232	215	1.0
232	218	1.0
232	223	2.0
232	231	3.0
232	232	213.0
232	233	6.0
232	235	1.0
232	245	1.0
232	248	1.0
233	41	1.0
233	184	3.0
233	190	1.0
233	193	2.0
233	215	1.0
233	231	1.0
233	232	5.0
233	233	223.0
233	234	3.0
233	244	2.0
234	16	1.0
234	17	2.0
234	165	1.0
234	180	1.0
234	187	2.0
234	224	1.0
234	229	1.0
234	233	3.0
234	234	202.0
234	235	3.0
234	236	6.0
235	11	1.0
235	66	1.0
235	95	1.0
235	186	1.0
235	187	1.0
235	216	1.0
235	227	1.0
235	232	1.0
235	234	8.0
235	235	184.0
235	236	1.0
236	144	1.0
236	150	1.0
236	182	2.0
236	187	1.0
236	208	2.0
236	223	1.0
236	226	1.0
236	234	3.0
236	235	2.0
236	236	205.0
236	237	3.0
236	238	2.0
237	35	2.0
237	69	1.0
237	160	1.0
237	183	2.0
237	207	1.0
237	210	1.0
237	236	1.0
237	237	215.0
237	238	1.0
237	239	1.0
237	240	1.0
237	242	2.0
237	243	1.0
237	244	1.0
238	172	1.0
238	173	2.0
238	195	1.0
238	214	1.0
238	220	1.0
238	222	1.0
238	236	1.0
238	238	199.0
238	239	1.0
238	240	2.0
238	241	3.0
238	242	1.0
239	70	1.0
239	71	2.0
239	75	1.0
239	78	1.0
239	168	1.0
239	173	1.0
239	190	1.0
239	217	2.0
239	219	1.0
239	220	2.0
239	222	1.0
239	237	1.0
239	238	3.0
239	239	203.0
239	240	5.0
239	242	1.0
239	248	1.0
240	74	1.0
240	188	1.0
240	191	1.0
240	192	1.0
240	214	1.0
240	237	2.0
240	238	2.0
240	239	1.0
240	240	183.0
240	241	1.0
240	242	1.0
240	244	1.0
240	246	1.0
241	39	1.0
241	50	1.0
241	89	1.0
241	90	2.0
241	91	1.0
241	184	1.0
241	185	1.0
241	186	1.0
241	194	1.0
241	195	1.0
241	240	2.0
241	241	211.0
241	242	5.0
242	184	3.0
242	188	4.0
242	193	1.0
242	194	1.0
242	217	1.0
242	220	2.0
242	224	1.0
242	241	4.0
242	242	190.0
242	243	2.0
242	245	1.0
243	112	1.0
243	158	1.0
243	184	1.0
243	185	2.0
243	193	1.0
243	194	1.0
243	221	1.0
243	240	1.0
243	241	2.0
243	242	3.0
243	243	168.0
243	244	5.0
243	246	1.0
244	112	1.0
244	197	1.0
244	214	1.0
244	221	1.0
244	237	2.0
244	239	1.0
244	240	1.0
244	243	3.0
244	244	214.0
244	245	3.0
244	247	1.0
244	248	1.0
245	190	2.0
245	191	1.0
245	192	1.0
245	209	2.0
245	210	2.0
245	213	1.0
245	232	2.0
245	242	1.0
245	244	5.0
245	245	189.0
245	246	2.0
245	248	1.0
246	71	1.0
246	144	1.0
246	147	1.0
246	155	1.0
246	163	2.0
246	165	1.0
246	191	2.0
246	192	2.0
246	210	1.0
246	211	2.0
246	212	1.0
246	219	1.0
246	232	2.0
246	242	1.0
246	244	2.0
246	245	3.0
246	246	182.0
247	2	1.0
247	48	1.0
247	54	1.0
247	90	2.0
247	114	1.0
247	115	2.0
247	152	1.0
247	191	4.0
247	199	1.0
247	214	1.0
247	233	1.0
247	247	205.0
247	248	2.0
248	88	2.0
248	90	1.0
248	107	1.0
248	113	1.0
248	114	2.0
248	163	1.0
248	191	1.0
248	192	1.0
248	213	1.0
248	214	1.0
248	218	1.0
248	219	1.0
248	224	1.0
248	239	1.0
248	248	157.0
249	114	1.0
249	193	1.0
249	222	1.0
249	249	31.0
250	1	1.0
250	70	1.0
250	73	1.0
250	250	46.0
