1	1	626.0
1	2	32.0
1	3	9.0
1	6	1.0
1	8	1.0
1	9	1.0
1	10	3.0
1	11	5.0
1	12	5.0
1	13	1.0
1	21	2.0
1	22	1.0
1	23	1.0
1	29	1.0
1	31	1.0
1	33	1.0
1	44	2.0
2	2	620.0
2	3	21.0
2	6	4.0
2	7	1.0
2	8	1.0
2	9	8.0
2	10	6.0
2	11	6.0
2	12	4.0
2	13	11.0
2	20	1.0
2	21	6.0
2	22	9.0
2	23	2.0
2	24	1.0
2	29	1.0
2	36	1.0
2	53	1.0
3	3	653.0
3	4	27.0
3	5	12.0
3	6	7.0
3	9	5.0
3	10	7.0
3	11	4.0
3	12	6.0
3	13	1.0
3	21	17.0
3	22	1.0
3	31	1.0
3	36	1.0
3	40	1.0
3	43	3.0
3	48	1.0
4	4	637.0
4	5	12.0
4	6	13.0
4	7	15.0
4	8	21.0
4	9	12.0
4	10	1.0
4	31	1.0
4	36	1.0
4	43	1.0
5	5	595.0
5	6	5.0
5	7	3.0
5	8	2.0
5	9	12.0
5	12	9.0
5	16	2.0
5	17	1.0
5	18	4.0
5	20	1.0
5	21	2.0
5	31	1.0
6	6	543.0
6	7	35.0
6	8	30.0
6	9	5.0
6	10	2.0
6	11	7.0
6	12	9.0
6	13	1.0
6	15	1.0
6	16	10.0
6	17	3.0
6	18	10.0
6	19	10.0
6	20	8.0
6	22	4.0
6	25	1.0
6	30	2.0
7	7	601.0
7	8	24.0
7	9	6.0
7	11	8.0
7	12	20.0
7	13	8.0
7	15	3.0
7	18	22.0
7	19	15.0
7	20	5.0
7	21	10.0
7	22	11.0
7	23	3.0
7	24	2.0
7	26	1.0
8	8	517.0
8	9	42.0
8	10	12.0
8	11	9.0
8	12	12.0
8	13	2.0
8	18	2.0
9	9	565.0
9	10	20.0
9	11	9.0
9	12	9.0
9	20	2.0
9	21	1.0
9	22	1.0
9	23	1.0
9	45	1.0
9	59	2.0
10	10	678.0
10	11	49.0
10	12	1.0
10	21	16.0
10	23	2.0
10	24	1.0
10	25	2.0
10	29	2.0
10	30	1.0
11	11	591.0
11	12	37.0
11	13	7.0
11	16	2.0
11	18	14.0
11	19	4.0
11	21	7.0
11	22	2.0
11	23	3.0
11	24	1.0
11	25	1.0
11	29	5.0
11	45	1.0
11	53	2.0
11	54	1.0
11	57	5.0
12	12	557.0
12	13	8.0
12	16	3.0
12	18	10.0
12	19	3.0
12	21	4.0
12	22	6.0
12	23	1.0
12	29	2.0
12	40	1.0
12	54	1.0
12	57	3.0
12	60	1.0
13	13	550.0
13	14	30.0
13	15	15.0
13	16	11.0
13	17	3.0
13	18	3.0
13	19	8.0
13	21	3.0
13	22	20.0
13	23	9.0
13	24	1.0
13	29	5.0
13	35	2.0
13	50	1.0
13	60	1.0
13	62	2.0
14	14	496.0
14	15	27.0
14	16	18.0
14	17	11.0
14	18	7.0
14	19	23.0
14	20	14.0
14	23	4.0
14	58	1.0
15	15	542.0
15	16	28.0
15	17	4.0
15	18	8.0
15	19	11.0
15	20	12.0
15	21	1.0
15	22	1.0
15	23	2.0
15	47	1.0
15	62	3.0
16	16	565.0
16	17	30.0
16	18	10.0
16	19	9.0
16	20	7.0
16	32	2.0
16	59	1.0
17	17	582.0
17	18	19.0
17	19	8.0
17	20	19.0
17	21	13.0
17	57	1.0
18	18	581.0
18	19	50.0
18	20	2.0
18	21	2.0
18	22	1.0
18	23	17.0
18	26	1.0
18	29	1.0
18	34	1.0
18	48	1.0
18	57	1.0
18	58	1.0
18	60	2.0
18	62	2.0
19	19	621.0
19	20	13.0
19	21	5.0
19	22	3.0
19	23	8.0
19	24	5.0
19	58	1.0
19	60	3.0
19	62	1.0
20	20	616.0
20	21	13.0
20	23	8.0
20	58	1.0
20	60	1.0
21	21	552.0
21	22	19.0
21	23	6.0
21	24	1.0
21	29	1.0
21	58	2.0
21	60	1.0
22	22	598.0
22	23	30.0
22	24	17.0
22	25	3.0
22	29	1.0
22	55	1.0
22	62	3.0
23	23	561.0
23	24	25.0
23	25	4.0
23	26	2.0
23	39	1.0
23	47	2.0
23	51	1.0
23	52	1.0
23	57	1.0
23	58	1.0
23	59	5.0
23	60	4.0
23	61	2.0
23	62	4.0
24	24	634.0
24	25	21.0
24	30	1.0
24	40	8.0
24	41	2.0
24	42	1.0
24	47	1.0
24	48	3.0
24	49	32.0
24	50	1.0
24	52	3.0
24	56	4.0
24	59	1.0
24	61	9.0
24	62	2.0
25	25	494.0
25	26	13.0
25	29	10.0
25	30	5.0
25	31	5.0
25	32	1.0
25	47	15.0
25	48	6.0
25	50	2.0
25	51	1.0
25	57	3.0
25	58	2.0
25	59	12.0
25	61	5.0
25	62	1.0
26	26	143.0
26	29	2.0
26	48	4.0
26	59	3.0
29	29	260.0
29	31	1.0
29	60	5.0
29	62	4.0
30	30	584.0
30	31	25.0
30	32	14.0
30	33	1.0
30	34	4.0
30	35	4.0
30	36	6.0
30	38	2.0
30	42	4.0
30	43	5.0
30	47	3.0
30	51	2.0
30	58	7.0
30	59	16.0
30	60	2.0
30	61	12.0
30	62	10.0
31	31	632.0
31	32	13.0
31	33	4.0
31	34	9.0
31	35	10.0
31	36	32.0
31	37	1.0
31	38	16.0
31	39	2.0
31	40	1.0
31	42	7.0
31	43	33.0
31	45	1.0
31	47	7.0
31	50	9.0
31	57	1.0
31	58	1.0
31	59	8.0
31	60	1.0
31	61	3.0
31	62	5.0
32	32	549.0
32	33	39.0
32	34	9.0
32	35	5.0
32	36	14.0
32	40	1.0
32	41	1.0
32	42	16.0
32	43	4.0
32	44	16.0
32	45	4.0
32	46	1.0
32	47	5.0
32	48	2.0
32	49	1.0
32	50	2.0
32	52	1.0
32	58	2.0
32	59	5.0
32	60	1.0
32	61	7.0
32	62	2.0
33	33	614.0
33	34	26.0
33	35	2.0
33	36	13.0
33	37	11.0
33	38	1.0
33	40	1.0
33	41	1.0
33	43	1.0
33	44	12.0
33	45	8.0
33	61	1.0
34	34	542.0
34	35	23.0
34	36	8.0
34	37	1.0
34	38	7.0
34	39	1.0
34	40	3.0
34	41	2.0
34	42	15.0
34	44	3.0
34	45	26.0
34	46	3.0
34	47	4.0
34	49	1.0
34	55	1.0
34	57	1.0
35	35	618.0
35	36	21.0
35	37	3.0
35	38	6.0
35	40	1.0
35	41	16.0
35	42	14.0
35	43	2.0
35	44	1.0
35	46	13.0
35	47	9.0
35	59	1.0
35	60	2.0
36	36	629.0
36	37	10.0
36	38	2.0
36	40	3.0
36	41	1.0
36	42	11.0
36	43	5.0
36	44	12.0
36	45	5.0
36	47	1.0
36	50	3.0
36	51	1.0
36	60	3.0
36	61	2.0
37	37	596.0
37	38	12.0
37	39	8.0
37	40	15.0
37	42	3.0
37	44	19.0
37	45	10.0
38	38	569.0
38	39	21.0
38	40	9.0
38	42	13.0
38	43	8.0
38	44	5.0
38	45	4.0
38	56	2.0
38	62	1.0
39	39	589.0
39	40	35.0
39	41	8.0
39	42	6.0
39	43	18.0
39	44	18.0
39	45	5.0
39	55	2.0
39	56	1.0
40	40	555.0
40	41	24.0
40	42	18.0
40	43	10.0
40	44	30.0
40	45	4.0
40	46	7.0
40	47	1.0
40	48	5.0
40	50	1.0
40	51	8.0
40	52	4.0
40	53	1.0
41	41	567.0
41	42	8.0
41	43	7.0
41	44	4.0
41	45	14.0
41	46	21.0
41	47	7.0
41	48	9.0
41	49	3.0
41	51	13.0
41	52	1.0
41	55	1.0
41	56	3.0
41	61	1.0
42	42	618.0
42	43	14.0
42	44	13.0
42	45	4.0
42	46	3.0
42	47	2.0
42	48	1.0
43	43	588.0
43	44	20.0
43	52	5.0
43	55	1.0
43	57	1.0
43	62	1.0
44	44	617.0
44	45	16.0
44	47	8.0
44	48	5.0
44	51	1.0
45	45	595.0
45	46	20.0
45	47	3.0
45	48	4.0
45	49	7.0
45	50	6.0
45	51	9.0
45	52	1.0
45	55	2.0
45	56	1.0
45	61	3.0
46	46	614.0
46	47	30.0
46	48	17.0
46	49	10.0
46	51	8.0
46	52	1.0
46	55	14.0
47	47	596.0
47	48	30.0
47	49	8.0
47	51	2.0
47	59	3.0
47	61	5.0
48	48	577.0
48	49	26.0
48	51	3.0
48	61	6.0
49	49	652.0
49	50	25.0
49	51	34.0
49	52	2.0
49	61	17.0
50	50	560.0
50	51	15.0
50	52	12.0
50	53	1.0
50	56	1.0
50	57	9.0
50	60	7.0
50	61	2.0
51	51	621.0
51	52	15.0
51	53	1.0
51	54	3.0
51	55	7.0
51	56	5.0
51	57	4.0
51	59	3.0
51	61	3.0
51	62	1.0
52	52	567.0
52	53	26.0
52	54	16.0
52	55	30.0
52	56	14.0
52	57	9.0
52	59	5.0
52	60	5.0
52	61	6.0
53	53	546.0
53	54	29.0
53	55	20.0
53	56	7.0
53	57	27.0
53	58	4.0
53	59	10.0
53	60	8.0
53	62	1.0
54	54	529.0
54	55	16.0
54	56	1.0
54	57	9.0
54	58	2.0
54	59	7.0
54	60	18.0
54	61	2.0
54	62	4.0
55	55	670.0
55	56	30.0
55	57	8.0
55	59	1.0
55	60	9.0
55	61	4.0
55	62	3.0
56	56	696.0
56	57	17.0
56	59	3.0
56	60	3.0
56	61	7.0
57	57	643.0
57	58	20.0
57	59	16.0
57	60	1.0
57	61	5.0
58	58	637.0
58	59	13.0
58	60	9.0
58	61	1.0
58	62	1.0
59	59	611.0
59	60	9.0
59	62	1.0
60	60	689.0
60	61	6.0
60	62	10.0
61	61	581.0
61	62	4.0
62	62	592.0
64	1	36.0
64	2	8.0
64	3	1.0
64	5	1.0
64	6	2.0
64	11	2.0
64	12	12.0
64	13	1.0
64	30	4.0
64	32	1.0
64	36	1.0
64	43	3.0
64	50	2.0
64	51	3.0
64	52	1.0
64	54	8.0
64	57	9.0
64	59	3.0
64	60	6.0
64	61	5.0
64	62	4.0
64	64	559.0
