19	19	352.0
19	20	14.0
19	21	3.0
19	22	2.0
19	23	2.0
19	25	3.0
19	33	1.0
19	34	2.0
19	37	4.0
19	38	4.0
19	39	5.0
19	40	1.0
19	41	6.0
19	43	2.0
19	46	1.0
19	47	9.0
19	49	2.0
19	53	1.0
19	54	3.0
19	55	1.0
19	57	4.0
19	58	1.0
19	60	9.0
19	61	16.0
19	62	4.0
19	76	1.0
19	94	1.0
20	20	483.0
20	21	12.0
20	22	20.0
20	23	11.0
20	24	2.0
20	28	1.0
20	32	2.0
20	33	6.0
20	34	1.0
20	37	3.0
20	38	9.0
20	39	3.0
20	40	19.0
20	41	11.0
20	42	22.0
20	43	5.0
20	46	5.0
20	47	9.0
20	49	2.0
20	53	1.0
20	54	3.0
20	57	4.0
20	58	5.0
20	60	1.0
20	61	5.0
20	66	1.0
20	75	1.0
20	84	2.0
20	93	1.0
21	21	560.0
21	22	28.0
21	23	20.0
21	24	9.0
21	28	7.0
21	29	4.0
21	30	8.0
21	31	20.0
21	32	1.0
21	34	2.0
21	35	1.0
21	36	1.0
21	37	1.0
21	39	1.0
21	41	2.0
21	42	5.0
21	43	11.0
21	46	2.0
21	47	9.0
21	52	4.0
21	53	20.0
21	57	3.0
21	58	9.0
21	66	3.0
21	75	1.0
22	22	586.0
22	23	35.0
22	24	7.0
22	25	3.0
22	28	3.0
22	29	23.0
22	30	8.0
22	31	11.0
22	32	4.0
22	34	1.0
22	37	10.0
22	38	7.0
22	39	5.0
22	40	3.0
22	43	2.0
22	45	4.0
22	46	22.0
22	47	17.0
22	48	5.0
22	49	1.0
22	53	5.0
22	54	4.0
22	56	11.0
22	58	2.0
22	59	7.0
22	60	1.0
22	64	1.0
22	66	1.0
22	69	1.0
22	71	1.0
22	75	2.0
22	77	2.0
22	90	1.0
22	91	1.0
22	95	1.0
23	23	491.0
23	24	15.0
23	28	9.0
23	29	17.0
23	30	19.0
23	31	5.0
23	32	8.0
23	34	3.0
23	37	14.0
23	38	12.0
23	39	12.0
23	40	3.0
23	42	3.0
23	43	6.0
23	46	7.0
23	48	6.0
23	49	1.0
23	53	5.0
23	54	3.0
23	56	5.0
23	57	5.0
23	58	8.0
23	59	11.0
23	60	1.0
23	61	1.0
23	63	3.0
23	71	1.0
23	75	1.0
23	87	1.0
23	88	1.0
23	89	1.0
23	91	4.0
23	100	1.0
24	24	465.0
24	25	7.0
24	27	15.0
24	30	9.0
24	31	3.0
24	35	1.0
24	37	2.0
24	39	8.0
24	40	1.0
24	42	1.0
24	43	1.0
24	45	14.0
24	46	38.0
24	47	3.0
24	48	1.0
24	53	1.0
24	55	3.0
24	59	5.0
24	61	1.0
24	63	9.0
24	64	1.0
24	68	1.0
24	78	1.0
24	82	1.0
24	114	9.0
25	25	267.0
25	26	3.0
25	27	6.0
25	28	14.0
25	29	2.0
25	30	3.0
25	38	1.0
25	43	1.0
25	45	2.0
25	46	7.0
25	49	1.0
25	52	1.0
25	53	3.0
25	55	3.0
25	56	6.0
25	63	3.0
25	64	4.0
25	65	1.0
25	67	10.0
25	68	2.0
25	72	7.0
25	74	3.0
25	76	12.0
25	77	6.0
25	78	7.0
25	79	6.0
25	80	2.0
25	114	1.0
26	26	252.0
26	27	7.0
26	28	1.0
26	30	2.0
26	33	5.0
26	37	3.0
26	38	1.0
26	41	2.0
26	74	7.0
26	76	20.0
26	77	12.0
26	78	12.0
27	27	318.0
27	28	14.0
27	29	1.0
27	30	3.0
27	31	2.0
27	32	1.0
27	35	1.0
27	37	1.0
27	38	3.0
27	42	1.0
27	45	9.0
27	46	6.0
27	47	1.0
27	53	2.0
27	55	1.0
27	57	1.0
27	63	4.0
27	64	10.0
27	74	1.0
27	76	10.0
27	77	2.0
27	78	11.0
27	79	1.0
28	28	424.0
28	29	31.0
28	30	16.0
28	31	3.0
28	32	1.0
28	41	1.0
28	43	3.0
28	45	6.0
28	46	2.0
28	48	2.0
28	52	5.0
28	53	15.0
28	55	16.0
28	56	3.0
28	57	1.0
28	58	4.0
28	62	1.0
28	63	16.0
28	64	3.0
28	66	2.0
28	67	5.0
28	72	3.0
28	74	1.0
28	78	5.0
28	83	1.0
28	90	5.0
28	96	1.0
28	101	2.0
28	104	1.0
29	29	523.0
29	30	14.0
29	31	2.0
29	32	2.0
29	34	1.0
29	37	4.0
29	38	4.0
29	40	6.0
29	41	5.0
29	43	2.0
29	46	2.0
29	48	15.0
29	50	1.0
29	53	5.0
29	54	7.0
29	55	9.0
29	56	18.0
29	57	4.0
29	58	1.0
29	59	5.0
29	60	4.0
29	63	2.0
29	66	7.0
29	67	5.0
29	68	5.0
29	69	8.0
29	72	1.0
29	75	1.0
29	78	1.0
29	79	1.0
29	90	1.0
29	91	4.0
29	93	5.0
29	96	3.0
30	30	565.0
30	31	25.0
30	32	12.0
30	33	4.0
30	35	19.0
30	37	10.0
30	38	6.0
30	43	1.0
30	46	1.0
30	49	1.0
30	56	7.0
30	58	1.0
30	59	6.0
30	63	7.0
30	75	1.0
30	76	1.0
30	90	1.0
30	91	1.0
30	95	5.0
30	96	3.0
30	97	1.0
30	105	1.0
31	31	545.0
31	32	19.0
31	33	3.0
31	34	6.0
31	35	14.0
31	36	9.0
31	37	23.0
31	38	6.0
31	47	10.0
31	48	13.0
31	49	7.0
31	54	4.0
31	56	2.0
31	59	4.0
31	63	1.0
31	91	2.0
32	32	498.0
32	33	19.0
32	34	8.0
32	35	7.0
32	36	11.0
32	37	7.0
32	38	1.0
32	41	1.0
32	43	1.0
32	44	5.0
32	45	2.0
32	46	3.0
32	56	1.0
32	59	7.0
32	63	2.0
32	75	8.0
32	76	4.0
32	77	4.0
32	78	1.0
32	87	1.0
32	90	6.0
32	91	3.0
32	93	2.0
32	95	15.0
33	33	584.0
33	34	47.0
33	35	24.0
33	36	13.0
33	37	12.0
33	38	7.0
33	39	3.0
33	40	1.0
33	80	1.0
33	95	2.0
34	34	535.0
34	35	53.0
34	36	12.0
34	37	15.0
34	38	4.0
34	39	2.0
34	61	2.0
34	64	1.0
34	95	1.0
35	35	522.0
35	36	33.0
35	37	23.0
35	39	3.0
35	91	1.0
36	36	514.0
36	37	40.0
36	39	3.0
36	40	1.0
36	80	2.0
36	81	2.0
37	37	545.0
37	38	18.0
37	39	4.0
37	42	1.0
37	47	1.0
37	56	2.0
37	59	1.0
37	63	3.0
37	67	1.0
37	75	2.0
37	77	2.0
37	78	2.0
37	90	2.0
37	91	5.0
37	92	2.0
37	93	8.0
37	101	1.0
38	38	492.0
38	39	25.0
38	40	6.0
38	43	2.0
38	47	2.0
38	48	5.0
38	54	2.0
38	56	6.0
38	59	9.0
38	61	3.0
38	62	3.0
38	91	1.0
39	39	540.0
39	40	26.0
39	41	1.0
39	46	3.0
39	51	3.0
39	52	1.0
39	54	5.0
39	56	1.0
39	58	3.0
39	59	12.0
39	61	1.0
39	62	11.0
39	97	1.0
40	40	551.0
40	41	34.0
40	43	3.0
40	52	2.0
40	53	2.0
40	54	7.0
40	55	2.0
40	56	8.0
40	59	4.0
40	61	2.0
40	62	1.0
40	64	1.0
40	66	2.0
40	70	1.0
40	75	1.0
40	94	1.0
41	41	555.0
41	42	16.0
41	43	13.0
41	44	2.0
41	46	1.0
41	52	4.0
41	53	3.0
41	61	1.0
41	66	2.0
41	115	1.0
42	42	544.0
42	43	2.0
42	44	6.0
42	45	10.0
42	46	6.0
42	49	1.0
42	52	1.0
42	54	2.0
42	57	10.0
42	58	9.0
42	67	1.0
42	81	1.0
42	92	1.0
42	114	9.0
42	115	5.0
43	43	320.0
43	44	4.0
43	45	9.0
43	46	4.0
43	47	3.0
43	52	12.0
43	53	12.0
43	54	14.0
43	57	3.0
43	58	6.0
43	63	2.0
43	66	2.0
43	68	1.0
43	70	1.0
43	77	1.0
43	88	1.0
44	44	315.0
44	45	4.0
44	46	6.0
44	47	6.0
44	48	8.0
44	49	5.0
44	58	1.0
44	76	1.0
44	77	1.0
45	45	363.0
45	46	21.0
45	47	18.0
45	49	4.0
45	52	6.0
45	53	10.0
45	55	1.0
45	63	1.0
45	64	2.0
45	78	1.0
45	95	1.0
45	98	3.0
45	112	1.0
45	113	1.0
45	114	2.0
46	46	500.0
46	47	14.0
46	48	2.0
46	53	1.0
46	57	6.0
46	58	2.0
46	63	3.0
46	100	1.0
46	114	19.0
47	47	551.0
47	48	21.0
47	49	31.0
47	50	5.0
47	51	8.0
47	52	6.0
47	53	4.0
47	54	1.0
47	68	1.0
47	87	2.0
47	114	1.0
48	48	533.0
48	49	33.0
48	50	1.0
48	51	7.0
48	52	2.0
48	54	3.0
48	55	2.0
48	56	2.0
48	68	1.0
48	87	1.0
48	114	1.0
49	49	558.0
49	50	24.0
49	51	24.0
49	54	4.0
49	55	9.0
49	57	1.0
49	114	1.0
50	50	585.0
50	51	42.0
50	52	2.0
50	53	3.0
50	55	1.0
50	72	1.0
50	98	1.0
50	106	1.0
51	51	568.0
51	52	38.0
51	61	1.0
51	62	6.0
51	78	1.0
52	52	532.0
52	53	26.0
52	54	1.0
52	56	1.0
52	57	1.0
52	58	1.0
52	62	4.0
52	67	1.0
52	85	1.0
53	53	550.0
53	54	14.0
53	55	7.0
53	57	2.0
53	58	1.0
53	62	3.0
53	66	1.0
53	67	1.0
54	54	517.0
54	55	35.0
54	56	7.0
54	57	12.0
54	58	4.0
54	59	1.0
54	60	2.0
54	61	2.0
54	62	7.0
54	63	2.0
54	94	1.0
54	96	2.0
55	55	406.0
55	56	19.0
55	57	7.0
55	59	2.0
55	60	1.0
55	62	4.0
55	63	3.0
55	64	15.0
55	66	2.0
55	67	1.0
55	68	3.0
55	69	1.0
55	72	8.0
55	96	3.0
56	56	356.0
56	57	9.0
56	58	14.0
56	59	7.0
56	60	1.0
56	62	2.0
56	63	6.0
56	64	11.0
56	67	2.0
56	71	1.0
56	72	5.0
56	73	1.0
56	90	4.0
56	91	1.0
56	96	3.0
57	57	272.0
57	58	13.0
57	59	1.0
57	61	20.0
57	62	6.0
57	64	6.0
57	66	1.0
57	67	1.0
57	68	2.0
57	72	6.0
57	74	1.0
57	111	1.0
58	58	277.0
58	59	13.0
58	61	3.0
58	63	6.0
58	64	1.0
58	69	1.0
58	90	2.0
59	59	254.0
59	62	1.0
59	63	19.0
59	64	6.0
59	77	1.0
60	60	314.0
60	61	15.0
60	62	6.0
60	69	1.0
60	72	1.0
60	98	1.0
61	61	275.0
61	62	7.0
61	112	1.0
62	62	273.0
62	63	1.0
62	64	3.0
62	72	5.0
62	81	1.0
63	63	287.0
63	64	19.0
63	72	3.0
63	97	1.0
63	110	1.0
64	64	225.0
64	65	4.0
64	66	1.0
64	67	2.0
64	72	22.0
64	73	4.0
64	78	4.0
64	79	7.0
65	65	246.0
65	66	1.0
65	67	1.0
65	68	12.0
65	69	1.0
65	70	13.0
65	72	3.0
65	73	7.0
65	79	6.0
65	80	13.0
65	81	14.0
65	82	6.0
65	88	4.0
65	99	2.0
65	100	1.0
65	101	4.0
66	66	260.0
66	67	7.0
66	68	9.0
66	69	2.0
66	70	3.0
66	71	7.0
66	72	7.0
66	74	1.0
66	75	1.0
66	79	1.0
66	80	1.0
66	90	1.0
66	102	3.0
66	105	1.0
67	67	240.0
67	68	2.0
67	70	5.0
67	72	7.0
67	73	12.0
67	80	3.0
67	83	1.0
67	100	2.0
67	101	1.0
68	68	234.0
68	69	9.0
68	70	20.0
68	71	17.0
68	72	1.0
68	73	17.0
68	79	1.0
68	81	1.0
69	69	240.0
69	70	9.0
69	71	19.0
69	79	1.0
69	81	4.0
69	102	8.0
70	70	249.0
70	71	21.0
70	73	6.0
70	79	2.0
70	80	2.0
70	81	10.0
70	83	2.0
70	88	1.0
70	101	3.0
70	102	10.0
71	71	231.0
71	81	1.0
71	85	1.0
71	89	1.0
71	101	3.0
71	102	13.0
72	72	256.0
72	73	15.0
72	75	2.0
72	76	3.0
72	79	13.0
72	80	1.0
72	102	1.0
73	73	267.0
73	74	3.0
73	75	3.0
73	76	1.0
73	79	7.0
73	80	12.0
73	81	17.0
73	99	4.0
73	100	2.0
73	101	2.0
73	102	3.0
74	74	270.0
74	75	17.0
74	76	4.0
74	77	3.0
74	78	12.0
74	79	12.0
74	80	6.0
74	82	8.0
74	87	2.0
74	88	2.0
75	75	403.0
75	76	13.0
75	77	13.0
75	79	1.0
75	80	28.0
75	81	4.0
75	82	7.0
75	87	10.0
75	88	4.0
75	91	5.0
75	92	1.0
75	93	8.0
75	95	11.0
75	96	1.0
75	97	1.0
75	101	4.0
75	102	3.0
75	114	1.0
76	76	392.0
76	77	24.0
76	78	5.0
76	79	12.0
76	80	8.0
76	81	1.0
76	86	1.0
76	91	1.0
76	92	1.0
76	93	8.0
76	95	12.0
76	96	1.0
76	99	1.0
76	101	1.0
76	102	4.0
77	77	489.0
77	78	20.0
77	79	8.0
77	80	20.0
77	81	6.0
77	93	5.0
77	95	8.0
77	96	3.0
77	101	1.0
77	113	1.0
77	114	1.0
78	78	541.0
78	79	26.0
78	80	17.0
78	81	6.0
78	102	3.0
79	79	517.0
79	80	20.0
79	81	17.0
79	82	1.0
79	95	1.0
79	100	3.0
79	101	13.0
80	80	536.0
80	81	17.0
80	82	3.0
80	88	3.0
80	99	1.0
80	100	1.0
80	102	6.0
80	112	1.0
81	81	402.0
81	82	9.0
81	86	4.0
81	87	1.0
81	88	20.0
81	91	5.0
81	99	3.0
81	100	5.0
81	101	2.0
81	102	2.0
82	82	296.0
82	83	6.0
82	85	11.0
82	86	8.0
82	87	5.0
82	88	9.0
82	91	8.0
82	93	1.0
82	99	3.0
82	100	13.0
82	101	6.0
82	103	2.0
82	104	1.0
82	106	1.0
83	83	223.0
83	84	8.0
83	85	9.0
83	87	1.0
83	92	2.0
83	98	5.0
83	100	1.0
83	102	7.0
83	103	12.0
83	104	26.0
83	105	4.0
84	84	244.0
84	85	16.0
84	86	1.0
84	91	3.0
84	92	5.0
84	94	1.0
84	98	4.0
84	99	2.0
84	100	6.0
84	102	10.0
84	103	22.0
84	104	13.0
84	106	1.0
84	112	2.0
85	85	234.0
85	86	17.0
85	87	5.0
85	88	10.0
85	91	7.0
85	92	3.0
85	97	1.0
85	98	8.0
85	99	13.0
85	100	4.0
85	101	7.0
85	102	1.0
85	103	9.0
85	104	2.0
86	86	239.0
86	87	14.0
86	88	5.0
86	91	22.0
86	92	1.0
86	98	6.0
86	99	12.0
86	100	2.0
87	87	232.0
87	88	6.0
87	89	2.0
87	90	8.0
87	91	6.0
87	92	17.0
87	95	1.0
87	98	1.0
87	99	3.0
88	88	212.0
88	89	5.0
88	90	6.0
88	91	8.0
88	92	5.0
88	96	10.0
88	97	2.0
88	99	2.0
88	100	3.0
88	101	3.0
88	102	1.0
88	103	1.0
88	107	1.0
89	89	231.0
89	90	34.0
89	91	2.0
89	92	5.0
89	93	5.0
89	94	2.0
89	95	6.0
89	96	5.0
89	97	3.0
89	98	1.0
90	90	289.0
90	91	11.0
90	92	1.0
90	93	5.0
90	95	20.0
90	96	3.0
90	97	3.0
90	98	3.0
90	100	1.0
90	107	2.0
90	110	1.0
91	91	337.0
91	92	10.0
91	93	8.0
91	94	1.0
91	95	9.0
91	96	5.0
91	97	1.0
91	98	5.0
91	100	1.0
91	101	2.0
92	92	272.0
92	93	3.0
92	95	2.0
92	96	25.0
92	97	2.0
92	98	13.0
92	100	1.0
92	103	2.0
93	93	376.0
93	94	22.0
93	95	20.0
93	96	1.0
93	101	2.0
93	102	1.0
94	94	246.0
94	100	1.0
94	106	2.0
95	95	412.0
95	96	10.0
95	97	15.0
95	98	4.0
95	101	5.0
96	96	312.0
96	97	20.0
96	98	6.0
96	100	2.0
96	101	1.0
96	102	1.0
97	97	344.0
97	98	19.0
97	99	1.0
97	100	2.0
97	102	1.0
98	98	267.0
98	99	3.0
98	100	2.0
98	101	5.0
98	102	3.0
98	108	1.0
99	99	322.0
99	100	14.0
99	101	15.0
99	111	1.0
100	100	433.0
100	101	43.0
100	102	17.0
100	103	9.0
101	101	488.0
101	102	21.0
101	103	2.0
101	105	1.0
102	102	314.0
102	103	6.0
102	114	1.0
103	103	250.0
103	104	25.0
103	105	5.0
103	106	7.0
103	114	1.0
104	104	280.0
104	105	4.0
104	106	12.0
105	105	309.0
105	106	35.0
105	107	10.0
105	108	2.0
105	109	13.0
105	110	2.0
106	106	331.0
106	107	22.0
106	108	3.0
106	109	8.0
106	110	2.0
107	107	261.0
107	108	17.0
107	109	15.0
107	110	1.0
107	113	1.0
108	108	263.0
108	109	15.0
109	109	278.0
109	110	3.0
110	110	310.0
110	111	9.0
111	111	332.0
111	112	8.0
111	113	11.0
112	112	292.0
112	113	25.0
112	114	1.0
113	113	282.0
113	114	4.0
114	114	379.0
114	115	4.0
115	115	69.0
