1	1	294.0
1	2	3.0
1	8	1.0
1	44	1.0
1	50	2.0
1	53	1.0
1	136	3.0
2	2	263.0
2	4	1.0
2	5	1.0
2	50	1.0
2	52	1.0
2	94	1.0
2	96	1.0
2	97	1.0
2	127	1.0
2	128	1.0
2	133	2.0
3	1	2.0
3	2	1.0
3	3	288.0
3	4	2.0
3	5	1.0
3	6	1.0
3	7	1.0
3	44	1.0
3	45	2.0
3	136	1.0
4	1	1.0
4	2	3.0
4	3	3.0
4	4	288.0
4	5	2.0
4	13	1.0
4	85	1.0
4	91	1.0
4	133	3.0
5	3	1.0
5	4	2.0
5	5	296.0
5	16	1.0
5	44	1.0
5	106	1.0
5	110	1.0
5	133	1.0
6	5	1.0
6	6	284.0
6	7	2.0
6	20	1.0
6	35	1.0
6	80	1.0
7	2	2.0
7	3	1.0
7	6	1.0
7	7	278.0
7	8	1.0
7	10	2.0
7	13	1.0
8	4	1.0
8	8	262.0
8	9	3.0
8	10	1.0
8	11	1.0
8	12	3.0
8	84	1.0
9	8	1.0
9	9	248.0
9	11	1.0
9	12	1.0
9	13	1.0
9	17	1.0
9	21	1.0
9	32	1.0
10	7	1.0
10	9	1.0
10	10	295.0
10	11	4.0
10	20	1.0
10	21	3.0
10	22	1.0
10	38	3.0
10	84	2.0
11	10	1.0
11	11	295.0
11	13	1.0
11	19	1.0
11	33	1.0
12	8	1.0
12	10	1.0
12	11	3.0
12	12	305.0
12	17	1.0
12	18	1.0
12	37	2.0
12	83	1.0
12	115	1.0
13	13	288.0
13	14	3.0
13	15	1.0
13	16	4.0
13	20	2.0
13	43	1.0
13	74	1.0
13	83	2.0
13	84	1.0
14	13	1.0
14	14	285.0
14	30	1.0
14	94	1.0
14	130	1.0
14	131	1.0
15	9	3.0
15	13	3.0
15	14	2.0
15	15	268.0
15	43	2.0
15	71	1.0
15	83	1.0
15	121	1.0
16	10	1.0
16	13	1.0
16	16	285.0
16	17	1.0
16	18	3.0
16	19	3.0
16	37	2.0
16	42	1.0
16	50	1.0
16	83	1.0
17	10	2.0
17	11	2.0
17	12	1.0
17	17	234.0
17	23	1.0
17	37	2.0
17	38	1.0
17	83	1.0
17	84	2.0
17	95	1.0
17	97	3.0
18	11	2.0
18	12	2.0
18	18	199.0
18	25	1.0
18	36	1.0
19	10	2.0
19	16	2.0
19	17	2.0
19	18	2.0
19	19	259.0
19	20	2.0
19	30	2.0
19	33	1.0
19	37	3.0
19	86	1.0
20	6	1.0
20	10	1.0
20	19	4.0
20	20	266.0
20	21	2.0
20	36	1.0
20	84	1.0
20	85	2.0
20	96	2.0
20	104	1.0
20	105	1.0
21	16	1.0
21	19	1.0
21	20	2.0
21	21	269.0
21	22	2.0
21	23	1.0
21	66	1.0
21	95	1.0
21	98	1.0
21	120	1.0
22	17	1.0
22	18	3.0
22	20	3.0
22	21	1.0
22	22	271.0
22	23	2.0
22	25	4.0
22	28	1.0
22	38	1.0
22	86	3.0
23	15	1.0
23	20	2.0
23	22	2.0
23	23	258.0
23	26	2.0
23	28	3.0
23	56	1.0
23	57	2.0
24	23	1.0
24	24	277.0
24	25	3.0
24	28	1.0
24	35	1.0
24	38	1.0
24	53	1.0
24	56	4.0
24	57	1.0
24	131	1.0
25	22	2.0
25	24	3.0
25	25	270.0
25	26	1.0
25	30	1.0
25	34	1.0
25	36	2.0
25	37	2.0
25	56	1.0
26	25	1.0
26	26	267.0
26	28	1.0
26	34	2.0
26	68	1.0
27	24	3.0
27	27	286.0
27	29	1.0
27	39	1.0
28	23	1.0
28	24	2.0
28	25	1.0
28	26	1.0
28	28	260.0
28	29	7.0
28	33	3.0
28	37	1.0
28	38	2.0
28	76	1.0
28	129	1.0
29	25	1.0
29	26	4.0
29	28	8.0
29	29	279.0
29	38	1.0
30	20	1.0
30	21	1.0
30	30	288.0
30	31	1.0
30	32	1.0
30	33	1.0
30	38	2.0
30	84	1.0
30	101	1.0
31	30	1.0
31	31	305.0
31	32	4.0
31	61	1.0
31	82	1.0
31	87	1.0
31	111	2.0
31	128	1.0
32	13	1.0
32	21	1.0
32	25	1.0
32	30	1.0
32	32	256.0
32	42	2.0
32	65	1.0
32	112	1.0
33	20	1.0
33	25	1.0
33	26	1.0
33	29	2.0
33	31	2.0
33	33	299.0
33	34	1.0
33	35	1.0
33	36	2.0
33	37	1.0
34	29	1.0
34	33	4.0
34	34	303.0
34	36	2.0
35	23	2.0
35	29	3.0
35	34	2.0
35	35	291.0
35	77	1.0
35	91	2.0
35	127	1.0
36	17	1.0
36	22	1.0
36	26	2.0
36	33	3.0
36	34	3.0
36	35	1.0
36	36	292.0
36	37	1.0
36	86	1.0
36	92	1.0
36	100	1.0
36	125	1.0
37	9	2.0
37	10	1.0
37	16	1.0
37	17	2.0
37	18	1.0
37	27	1.0
37	28	1.0
37	36	2.0
37	37	253.0
37	38	2.0
38	6	1.0
38	17	1.0
38	19	1.0
38	32	1.0
38	36	1.0
38	37	2.0
38	38	202.0
38	39	1.0
38	42	16.0
38	43	1.0
38	86	1.0
39	10	1.0
39	23	1.0
39	30	1.0
39	38	3.0
39	39	46.0
39	42	7.0
39	43	1.0
39	67	1.0
42	15	1.0
42	31	1.0
42	36	1.0
42	37	1.0
42	38	15.0
42	39	14.0
42	42	416.0
42	54	2.0
42	59	2.0
42	68	1.0
42	105	1.0
42	109	1.0
42	110	1.0
42	112	2.0
42	114	1.0
42	119	1.0
43	14	2.0
43	43	262.0
43	45	1.0
43	108	1.0
44	1	1.0
44	5	2.0
44	31	1.0
44	44	262.0
44	45	1.0
44	46	1.0
44	90	1.0
44	133	1.0
45	2	2.0
45	4	1.0
45	16	1.0
45	45	310.0
45	65	1.0
45	92	1.0
45	97	1.0
45	98	1.0
45	106	1.0
45	107	1.0
45	128	1.0
45	133	1.0
45	134	1.0
46	1	1.0
46	46	75.0
47	2	1.0
47	47	128.0
47	49	1.0
47	51	1.0
47	81	1.0
48	4	1.0
48	48	117.0
48	50	1.0
49	47	1.0
49	48	3.0
49	49	185.0
49	61	1.0
49	64	1.0
49	126	1.0
50	1	2.0
50	47	1.0
50	50	326.0
50	52	1.0
50	54	1.0
50	55	2.0
50	57	3.0
50	65	1.0
50	92	2.0
50	94	1.0
50	133	1.0
51	51	70.0
51	52	1.0
51	54	1.0
51	55	1.0
52	51	1.0
52	52	245.0
52	53	1.0
52	55	1.0
52	59	1.0
52	72	1.0
52	80	3.0
52	91	1.0
52	109	1.0
53	52	1.0
53	53	273.0
53	56	3.0
53	59	2.0
53	83	1.0
53	93	1.0
54	42	1.0
54	54	302.0
54	55	3.0
54	58	2.0
54	84	1.0
54	110	1.0
54	126	1.0
54	130	1.0
54	133	2.0
55	50	2.0
55	53	1.0
55	54	4.0
55	55	266.0
55	56	4.0
55	57	3.0
55	97	1.0
55	102	1.0
56	23	1.0
56	24	1.0
56	55	6.0
56	56	282.0
56	57	4.0
56	58	2.0
56	59	1.0
56	85	1.0
56	93	3.0
56	97	1.0
56	115	1.0
57	23	1.0
57	24	1.0
57	55	2.0
57	56	3.0
57	57	242.0
57	112	1.0
57	124	2.0
58	58	270.0
58	59	1.0
58	110	1.0
58	111	1.0
58	112	1.0
58	121	1.0
59	49	1.0
59	53	1.0
59	54	1.0
59	57	1.0
59	59	285.0
59	60	1.0
59	101	1.0
59	114	1.0
59	126	1.0
60	49	1.0
60	59	1.0
60	60	307.0
60	61	1.0
60	62	2.0
60	81	1.0
60	93	2.0
60	122	1.0
60	125	1.0
61	60	2.0
61	61	308.0
61	63	1.0
61	90	1.0
61	96	1.0
62	60	1.0
62	62	276.0
62	63	4.0
62	72	2.0
62	79	1.0
62	106	1.0
63	62	2.0
63	63	287.0
63	64	3.0
63	115	1.0
64	49	1.0
64	61	1.0
64	63	2.0
64	64	277.0
64	68	2.0
64	72	1.0
64	82	1.0
65	61	1.0
65	64	1.0
65	65	305.0
65	66	1.0
65	68	5.0
65	69	1.0
65	70	1.0
65	72	1.0
65	135	1.0
66	21	1.0
66	32	1.0
66	61	1.0
66	65	1.0
66	66	276.0
66	71	1.0
66	117	1.0
67	1	1.0
67	58	1.0
67	65	2.0
67	66	5.0
67	67	250.0
67	68	2.0
67	70	1.0
67	76	4.0
67	118	1.0
68	53	1.0
68	65	2.0
68	68	243.0
68	69	2.0
68	70	1.0
68	73	1.0
69	61	1.0
69	64	1.0
69	68	2.0
69	69	283.0
69	70	1.0
69	74	4.0
69	123	1.0
70	31	1.0
70	36	1.0
70	61	2.0
70	66	1.0
70	69	1.0
70	70	277.0
70	71	3.0
70	73	2.0
70	133	1.0
71	47	1.0
71	67	1.0
71	70	1.0
71	71	290.0
71	119	1.0
72	63	3.0
72	71	1.0
72	72	265.0
73	67	1.0
73	68	1.0
73	70	3.0
73	72	4.0
73	73	293.0
73	75	1.0
73	76	1.0
74	65	1.0
74	69	2.0
74	70	2.0
74	72	1.0
74	74	253.0
74	128	1.0
74	133	1.0
75	28	1.0
75	75	264.0
75	76	2.0
76	67	2.0
76	70	1.0
76	73	1.0
76	74	1.0
76	76	270.0
77	72	1.0
77	75	2.0
77	77	323.0
77	94	1.0
77	109	1.0
77	120	1.0
78	23	2.0
78	42	1.0
78	77	2.0
78	78	320.0
78	94	1.0
78	118	1.0
78	120	2.0
78	121	1.0
78	124	1.0
78	125	1.0
78	130	1.0
79	57	1.0
79	62	1.0
79	78	1.0
79	79	295.0
79	80	2.0
79	81	1.0
79	82	1.0
79	83	1.0
79	95	4.0
79	116	1.0
79	130	1.0
79	132	1.0
80	4	1.0
80	61	1.0
80	79	1.0
80	80	313.0
80	81	2.0
80	82	2.0
80	83	1.0
80	106	2.0
80	107	1.0
80	109	1.0
81	61	1.0
81	80	3.0
81	81	216.0
81	82	1.0
82	4	2.0
82	5	2.0
82	60	1.0
82	65	1.0
82	79	1.0
82	80	1.0
82	82	297.0
82	83	1.0
83	4	1.0
83	8	2.0
83	9	1.0
83	11	1.0
83	13	1.0
83	52	1.0
83	58	1.0
83	63	1.0
83	82	2.0
83	83	295.0
83	84	2.0
83	85	1.0
83	90	1.0
83	101	1.0
83	121	1.0
83	130	1.0
83	136	1.0
84	8	2.0
84	16	1.0
84	19	1.0
84	20	2.0
84	55	2.0
84	56	1.0
84	58	1.0
84	83	4.0
84	84	313.0
84	85	4.0
85	42	1.0
85	56	1.0
85	59	1.0
85	83	2.0
85	84	5.0
85	85	290.0
85	94	1.0
85	100	1.0
85	101	1.0
85	111	1.0
86	22	1.0
86	38	1.0
86	85	2.0
86	86	295.0
86	87	2.0
86	88	1.0
86	89	1.0
86	92	4.0
86	100	1.0
87	71	1.0
87	75	1.0
87	86	1.0
87	87	301.0
87	88	2.0
88	26	1.0
88	46	2.0
88	82	1.0
88	87	3.0
88	88	244.0
88	89	2.0
88	90	1.0
88	93	1.0
88	94	1.0
88	99	1.0
88	111	1.0
89	32	1.0
89	74	1.0
89	81	1.0
89	88	2.0
89	89	222.0
89	90	3.0
89	92	1.0
89	101	1.0
89	131	1.0
89	132	1.0
90	50	1.0
90	75	1.0
90	90	289.0
90	91	1.0
90	118	3.0
90	128	1.0
90	129	2.0
90	130	1.0
90	131	6.0
90	134	1.0
90	135	2.0
91	2	1.0
91	5	1.0
91	32	1.0
91	45	1.0
91	90	2.0
91	91	262.0
91	97	1.0
91	98	2.0
91	99	1.0
91	101	1.0
92	86	1.0
92	88	2.0
92	90	1.0
92	92	261.0
92	94	1.0
92	95	1.0
92	100	1.0
92	110	2.0
93	59	2.0
93	75	1.0
93	84	1.0
93	92	1.0
93	93	289.0
93	99	2.0
93	110	1.0
93	115	1.0
93	130	1.0
93	132	1.0
94	2	3.0
94	50	2.0
94	85	1.0
94	93	2.0
94	94	286.0
94	95	1.0
94	99	1.0
94	110	1.0
94	111	1.0
94	129	1.0
94	131	3.0
94	132	1.0
95	2	1.0
95	21	2.0
95	79	1.0
95	92	1.0
95	94	2.0
95	95	273.0
95	96	3.0
95	99	1.0
95	109	2.0
95	129	1.0
96	2	1.0
96	21	2.0
96	43	1.0
96	83	1.0
96	95	1.0
96	96	235.0
96	104	1.0
96	128	1.0
97	14	1.0
97	83	1.0
97	84	5.0
97	91	2.0
97	96	2.0
97	97	288.0
97	98	2.0
98	27	1.0
98	38	1.0
98	45	2.0
98	47	2.0
98	55	1.0
98	98	298.0
98	99	2.0
98	131	1.0
99	28	1.0
99	58	1.0
99	67	1.0
99	86	1.0
99	98	1.0
99	99	252.0
99	123	1.0
100	35	1.0
100	100	286.0
100	115	1.0
101	87	1.0
101	88	1.0
101	89	1.0
101	91	1.0
101	101	271.0
101	102	1.0
101	114	2.0
101	117	2.0
102	53	1.0
102	83	1.0
102	89	1.0
102	90	1.0
102	91	1.0
102	101	4.0
102	102	304.0
102	104	1.0
102	127	1.0
102	128	2.0
102	130	1.0
102	131	2.0
103	83	1.0
103	85	1.0
103	94	1.0
103	103	271.0
103	104	1.0
103	105	1.0
103	107	4.0
103	108	2.0
103	109	1.0
103	131	1.0
104	79	1.0
104	93	3.0
104	104	313.0
104	105	3.0
104	131	1.0
105	66	2.0
105	67	2.0
105	105	316.0
105	106	1.0
105	108	1.0
106	2	1.0
106	43	2.0
106	50	3.0
106	83	1.0
106	103	1.0
106	105	2.0
106	106	284.0
106	107	3.0
106	108	3.0
106	109	3.0
106	130	1.0
107	61	1.0
107	63	1.0
107	103	3.0
107	106	2.0
107	107	281.0
107	108	1.0
107	111	1.0
108	43	1.0
108	84	1.0
108	103	1.0
108	107	2.0
108	108	258.0
108	109	1.0
108	110	1.0
108	111	2.0
108	134	1.0
109	43	1.0
109	57	1.0
109	80	1.0
109	83	3.0
109	103	3.0
109	105	2.0
109	106	3.0
109	107	4.0
109	108	5.0
109	109	279.0
109	110	2.0
109	111	1.0
110	42	1.0
110	54	1.0
110	88	1.0
110	97	1.0
110	99	2.0
110	106	1.0
110	108	1.0
110	109	1.0
110	110	244.0
110	113	2.0
111	4	1.0
111	31	3.0
111	58	1.0
111	85	1.0
111	107	1.0
111	108	1.0
111	110	4.0
111	111	288.0
111	112	2.0
111	113	1.0
111	116	2.0
111	119	1.0
111	125	1.0
112	42	2.0
112	54	1.0
112	57	1.0
112	77	1.0
112	93	1.0
112	106	1.0
112	112	335.0
112	113	4.0
112	117	3.0
112	122	1.0
113	14	1.0
113	42	2.0
113	54	1.0
113	57	1.0
113	58	2.0
113	77	1.0
113	93	1.0
113	112	1.0
113	113	306.0
114	23	2.0
114	25	2.0
114	28	1.0
114	56	1.0
114	58	4.0
114	108	1.0
114	114	297.0
114	115	2.0
114	118	1.0
114	120	3.0
114	125	2.0
114	127	1.0
115	58	1.0
115	66	3.0
115	110	1.0
115	112	1.0
115	113	1.0
115	114	6.0
115	115	274.0
115	121	1.0
116	32	1.0
116	58	1.0
116	59	1.0
116	110	1.0
116	112	1.0
116	113	2.0
116	116	297.0
116	117	2.0
117	6	1.0
117	66	1.0
117	85	1.0
117	101	1.0
117	112	2.0
117	113	1.0
117	116	1.0
117	117	283.0
117	118	1.0
117	127	1.0
117	131	1.0
118	100	1.0
118	101	1.0
118	118	301.0
118	119	1.0
119	61	1.0
119	67	1.0
119	100	1.0
119	111	1.0
119	119	255.0
119	120	3.0
119	124	2.0
119	126	1.0
119	127	1.0
119	128	1.0
120	77	1.0
120	78	2.0
120	93	1.0
120	100	1.0
120	120	280.0
120	121	2.0
120	125	1.0
121	58	1.0
121	77	1.0
121	120	3.0
121	121	291.0
122	32	1.0
122	62	2.0
122	71	2.0
122	117	1.0
122	118	1.0
122	122	274.0
122	123	4.0
122	124	3.0
123	58	2.0
123	99	1.0
123	114	1.0
123	119	2.0
123	122	3.0
123	123	287.0
123	124	1.0
123	125	2.0
123	126	1.0
124	58	2.0
124	70	1.0
124	89	1.0
124	90	3.0
124	119	1.0
124	121	1.0
124	123	2.0
124	124	299.0
124	125	5.0
124	126	1.0
124	127	1.0
124	129	1.0
125	49	1.0
125	60	1.0
125	86	1.0
125	100	2.0
125	101	1.0
125	114	4.0
125	117	1.0
125	119	1.0
125	121	1.0
125	125	269.0
126	49	1.0
126	57	1.0
126	61	1.0
126	68	1.0
126	123	1.0
126	124	1.0
126	125	2.0
126	126	306.0
127	67	1.0
127	70	1.0
127	74	1.0
127	89	1.0
127	91	1.0
127	94	1.0
127	119	2.0
127	126	1.0
127	127	280.0
127	128	1.0
127	134	1.0
128	2	1.0
128	77	2.0
128	91	2.0
128	95	1.0
128	128	254.0
128	129	2.0
128	130	1.0
129	89	1.0
129	91	1.0
129	94	1.0
129	101	1.0
129	128	1.0
129	129	319.0
130	14	1.0
130	78	1.0
130	80	1.0
130	83	1.0
130	98	1.0
130	103	1.0
130	104	1.0
130	127	2.0
130	130	299.0
130	131	4.0
130	132	2.0
131	5	2.0
131	74	1.0
131	89	1.0
131	91	1.0
131	92	1.0
131	93	4.0
131	94	2.0
131	102	1.0
131	131	339.0
131	133	1.0
132	54	2.0
132	94	3.0
132	103	2.0
132	109	1.0
132	111	1.0
132	118	1.0
132	130	1.0
132	132	294.0
132	133	2.0
133	4	1.0
133	5	1.0
133	44	1.0
133	130	1.0
133	131	1.0
133	132	1.0
133	133	261.0
133	134	1.0
134	5	1.0
134	90	1.0
134	104	1.0
134	109	1.0
134	133	1.0
134	134	265.0
135	90	1.0
135	120	1.0
135	135	157.0
136	1	3.0
136	3	2.0
136	4	1.0
136	9	1.0
136	48	1.0
136	49	4.0
136	51	1.0
136	80	2.0
136	82	2.0
136	136	233.0
