1	1	325.0
1	2	12.0
1	3	6.0
1	4	1.0
1	6	1.0
1	18	1.0
1	21	1.0
1	23	4.0
1	44	2.0
1	45	5.0
1	68	1.0
1	132	1.0
1	146	1.0
2	2	346.0
2	3	9.0
2	4	5.0
2	5	1.0
2	18	2.0
2	31	2.0
2	67	1.0
2	72	1.0
2	99	4.0
2	101	1.0
2	129	1.0
2	131	1.0
2	133	2.0
2	134	2.0
2	146	1.0
2	153	1.0
2	157	1.0
3	3	309.0
3	4	25.0
3	5	1.0
3	6	1.0
3	7	2.0
3	11	1.0
3	17	8.0
3	40	1.0
3	43	1.0
3	86	1.0
3	97	1.0
3	99	2.0
3	101	7.0
3	121	1.0
3	124	1.0
4	4	309.0
4	5	10.0
4	10	1.0
4	11	3.0
4	15	2.0
4	17	11.0
4	18	1.0
4	44	1.0
4	78	1.0
4	99	9.0
4	100	5.0
4	101	2.0
4	134	1.0
4	159	1.0
5	5	244.0
5	6	7.0
5	7	2.0
5	9	1.0
5	10	6.0
5	14	1.0
5	15	2.0
5	16	1.0
5	17	9.0
5	18	3.0
5	32	1.0
5	62	1.0
5	66	3.0
5	68	1.0
5	73	4.0
5	75	3.0
5	87	1.0
5	97	1.0
5	99	1.0
5	100	17.0
5	101	1.0
5	112	1.0
5	148	1.0
5	149	1.0
5	156	1.0
5	157	1.0
6	6	231.0
6	19	1.0
6	20	1.0
6	31	1.0
6	32	6.0
6	44	2.0
6	52	1.0
6	66	3.0
6	68	1.0
6	73	5.0
6	75	2.0
6	80	2.0
6	82	2.0
6	83	1.0
6	92	2.0
6	96	3.0
6	107	1.0
6	135	1.0
6	156	4.0
6	157	3.0
6	158	5.0
7	7	267.0
7	8	11.0
7	9	1.0
7	10	2.0
7	11	1.0
7	12	1.0
7	16	2.0
7	17	3.0
7	18	4.0
7	19	1.0
7	20	5.0
7	21	4.0
7	22	1.0
7	36	1.0
7	43	3.0
7	44	1.0
7	55	5.0
7	61	1.0
7	65	2.0
7	76	2.0
7	77	1.0
7	78	9.0
7	86	1.0
7	98	1.0
7	108	1.0
7	141	1.0
7	158	1.0
8	8	283.0
8	9	27.0
8	10	21.0
8	11	6.0
8	13	1.0
8	14	2.0
8	15	2.0
8	16	3.0
8	18	3.0
8	19	12.0
8	20	6.0
8	21	2.0
8	22	2.0
8	23	1.0
8	26	1.0
8	40	1.0
8	41	1.0
8	42	7.0
8	43	4.0
8	44	2.0
8	47	1.0
8	48	10.0
8	55	7.0
8	56	7.0
8	61	1.0
8	76	1.0
8	78	5.0
8	86	1.0
8	97	1.0
8	106	1.0
9	9	237.0
9	10	20.0
9	11	3.0
9	12	2.0
9	13	1.0
9	14	3.0
9	15	3.0
9	17	3.0
9	18	4.0
9	19	3.0
9	20	5.0
9	22	1.0
9	23	2.0
9	24	7.0
9	42	4.0
9	43	9.0
9	44	3.0
9	45	2.0
9	48	18.0
9	50	1.0
9	51	3.0
9	55	1.0
9	56	2.0
9	61	3.0
9	73	1.0
9	77	3.0
9	83	2.0
9	84	1.0
9	129	1.0
10	10	276.0
10	11	7.0
10	12	4.0
10	13	2.0
10	17	4.0
10	18	15.0
10	19	5.0
10	20	11.0
10	23	1.0
10	28	1.0
10	40	1.0
10	41	1.0
10	42	9.0
10	43	5.0
10	44	1.0
10	45	1.0
10	47	1.0
10	48	16.0
10	54	4.0
10	55	11.0
10	56	6.0
10	61	2.0
10	76	1.0
10	112	1.0
11	11	269.0
11	12	17.0
11	13	2.0
11	14	1.0
11	15	14.0
11	16	14.0
11	17	1.0
11	18	1.0
11	19	1.0
11	42	1.0
11	45	1.0
11	48	8.0
11	50	1.0
11	53	9.0
11	54	3.0
11	55	1.0
11	56	5.0
12	12	260.0
12	13	21.0
12	14	2.0
12	15	3.0
12	16	5.0
12	24	1.0
12	42	1.0
12	45	1.0
12	46	1.0
12	47	7.0
12	48	7.0
12	49	6.0
12	53	1.0
12	54	3.0
12	55	3.0
12	56	2.0
12	86	1.0
12	87	3.0
12	93	5.0
12	94	5.0
12	95	2.0
13	13	241.0
13	14	15.0
13	15	5.0
13	16	3.0
13	24	4.0
13	27	1.0
13	42	1.0
13	45	7.0
13	47	1.0
13	48	6.0
13	49	4.0
13	86	10.0
13	87	4.0
13	89	1.0
13	93	13.0
13	94	10.0
13	105	1.0
13	143	1.0
14	14	264.0
14	15	23.0
14	16	34.0
14	21	1.0
14	22	1.0
14	44	2.0
14	45	6.0
14	49	2.0
14	50	1.0
14	56	1.0
14	61	2.0
14	63	1.0
14	80	1.0
14	83	13.0
14	84	2.0
14	89	1.0
14	91	4.0
14	93	3.0
14	94	2.0
14	95	2.0
14	96	1.0
14	137	1.0
15	15	263.0
15	16	20.0
15	17	11.0
15	22	7.0
15	23	2.0
15	44	2.0
15	45	3.0
15	83	5.0
15	93	6.0
15	94	3.0
15	95	1.0
15	96	1.0
15	113	1.0
15	123	1.0
15	143	8.0
15	146	1.0
15	149	1.0
16	16	278.0
16	17	16.0
16	20	4.0
16	21	3.0
16	22	4.0
16	23	3.0
16	34	1.0
16	38	1.0
16	42	4.0
16	43	4.0
16	44	10.0
16	45	1.0
16	63	1.0
16	64	1.0
16	78	1.0
16	82	2.0
16	83	13.0
16	84	1.0
16	86	1.0
16	91	1.0
16	92	1.0
16	93	1.0
16	94	2.0
16	95	3.0
16	96	4.0
16	97	1.0
16	153	1.0
17	17	306.0
17	18	8.0
17	20	3.0
17	33	2.0
17	37	6.0
17	38	3.0
17	39	4.0
17	40	2.0
17	41	2.0
17	42	4.0
17	43	4.0
17	65	14.0
17	76	7.0
17	78	2.0
17	82	1.0
17	98	4.0
17	156	1.0
18	18	266.0
18	19	13.0
18	20	7.0
18	21	11.0
18	22	1.0
18	24	1.0
18	25	1.0
18	40	9.0
18	41	2.0
18	42	3.0
18	48	4.0
18	54	1.0
18	55	3.0
18	57	2.0
18	65	2.0
18	76	5.0
18	77	5.0
18	78	8.0
18	79	3.0
18	80	1.0
18	82	1.0
18	145	1.0
19	19	269.0
19	20	23.0
19	21	1.0
19	23	7.0
19	24	1.0
19	25	1.0
19	36	1.0
19	38	3.0
19	39	1.0
19	40	6.0
19	41	2.0
19	42	4.0
19	43	9.0
19	44	1.0
19	45	2.0
19	46	19.0
19	48	2.0
19	49	1.0
19	50	3.0
19	54	4.0
19	55	8.0
19	56	1.0
19	78	4.0
19	79	7.0
19	96	1.0
19	124	1.0
20	20	264.0
20	21	7.0
20	22	7.0
20	23	9.0
20	24	2.0
20	25	2.0
20	40	2.0
20	42	1.0
20	43	2.0
20	44	5.0
20	46	5.0
20	47	4.0
20	48	8.0
20	51	1.0
20	64	1.0
20	65	2.0
20	77	2.0
20	78	2.0
20	79	2.0
20	103	1.0
20	107	1.0
20	125	1.0
20	140	1.0
20	143	1.0
20	148	1.0
20	158	1.0
21	21	309.0
21	22	24.0
21	23	5.0
21	25	2.0
21	26	4.0
21	43	1.0
21	44	18.0
21	47	2.0
21	50	1.0
21	55	3.0
21	65	1.0
21	68	1.0
21	74	1.0
21	75	1.0
21	76	2.0
21	85	2.0
21	86	5.0
21	91	1.0
21	95	4.0
21	96	7.0
21	102	1.0
21	129	1.0
21	139	1.0
21	141	12.0
21	151	1.0
22	22	300.0
22	23	24.0
22	25	15.0
22	29	1.0
22	44	7.0
22	45	1.0
22	69	2.0
22	83	2.0
22	85	1.0
22	89	2.0
22	91	2.0
22	92	4.0
22	93	3.0
22	94	2.0
22	95	13.0
22	96	5.0
22	124	3.0
22	136	1.0
22	141	1.0
22	143	5.0
22	146	1.0
22	152	1.0
23	23	246.0
23	24	18.0
23	25	11.0
23	26	2.0
23	36	1.0
23	37	1.0
23	42	1.0
23	44	3.0
23	47	3.0
23	48	13.0
23	50	3.0
23	56	3.0
23	62	1.0
23	77	1.0
23	83	1.0
23	84	4.0
23	85	10.0
23	86	8.0
23	87	3.0
23	89	1.0
23	91	1.0
23	92	1.0
23	95	7.0
23	96	2.0
23	117	1.0
23	131	1.0
23	142	1.0
23	144	2.0
24	24	293.0
24	25	7.0
24	26	4.0
24	40	1.0
24	42	6.0
24	43	1.0
24	46	1.0
24	47	1.0
24	48	10.0
24	49	5.0
24	52	1.0
24	55	2.0
24	85	8.0
24	86	7.0
24	87	4.0
24	88	5.0
24	89	7.0
24	113	1.0
24	114	2.0
24	115	2.0
24	116	5.0
24	117	2.0
24	125	1.0
24	143	1.0
24	144	3.0
25	25	250.0
25	26	20.0
25	27	7.0
25	28	1.0
25	30	1.0
25	42	1.0
25	43	1.0
25	47	4.0
25	48	3.0
25	49	1.0
25	50	4.0
25	51	1.0
25	55	1.0
25	66	1.0
25	69	1.0
25	70	1.0
25	73	1.0
25	86	2.0
25	87	3.0
25	88	4.0
25	92	5.0
25	106	1.0
25	117	4.0
25	123	2.0
25	124	8.0
25	125	2.0
25	126	2.0
25	134	1.0
25	138	3.0
25	141	2.0
25	145	1.0
26	26	273.0
26	27	15.0
26	28	3.0
26	44	3.0
26	45	2.0
26	53	1.0
26	64	1.0
26	70	3.0
26	72	2.0
26	87	1.0
26	88	11.0
26	90	2.0
26	92	6.0
26	123	1.0
26	124	2.0
26	125	11.0
26	127	2.0
26	137	1.0
26	140	2.0
26	141	1.0
26	158	1.0
27	27	308.0
27	28	8.0
27	29	3.0
27	35	1.0
27	44	1.0
27	70	10.0
27	71	3.0
27	72	2.0
27	73	2.0
27	87	2.0
27	88	9.0
27	91	2.0
27	107	1.0
27	116	3.0
27	118	1.0
27	119	1.0
27	120	3.0
27	121	1.0
27	122	2.0
27	123	10.0
27	124	6.0
27	125	22.0
27	126	1.0
27	137	2.0
27	150	1.0
27	151	2.0
27	152	1.0
27	158	1.0
28	28	358.0
28	29	15.0
28	30	4.0
28	31	4.0
28	32	3.0
28	67	3.0
28	68	6.0
28	69	12.0
28	70	4.0
28	71	5.0
28	73	9.0
28	76	3.0
28	79	1.0
28	94	1.0
28	119	1.0
28	123	3.0
28	124	3.0
28	125	1.0
28	138	5.0
28	139	4.0
28	154	1.0
28	155	1.0
28	157	1.0
29	29	280.0
29	30	23.0
29	31	9.0
29	32	16.0
29	33	2.0
29	67	5.0
29	68	4.0
29	69	2.0
29	70	2.0
29	71	3.0
29	74	1.0
29	76	3.0
29	77	2.0
29	88	1.0
29	90	1.0
29	93	2.0
29	96	2.0
29	125	1.0
29	136	5.0
29	141	1.0
29	148	1.0
29	149	1.0
29	150	1.0
29	152	1.0
29	156	2.0
29	158	1.0
30	30	304.0
30	31	12.0
30	32	1.0
30	67	1.0
30	68	1.0
30	69	2.0
30	70	3.0
30	74	4.0
30	76	3.0
30	77	4.0
30	78	1.0
30	100	1.0
30	123	1.0
30	130	4.0
30	131	1.0
30	136	2.0
30	138	1.0
30	150	5.0
30	155	2.0
30	156	3.0
31	31	341.0
31	32	17.0
31	33	1.0
31	63	1.0
31	69	3.0
31	70	1.0
31	71	3.0
31	72	2.0
31	75	1.0
31	76	2.0
31	99	2.0
31	103	1.0
31	130	1.0
31	132	8.0
31	133	5.0
31	134	8.0
31	136	1.0
31	137	1.0
31	155	2.0
31	156	3.0
31	159	1.0
32	32	267.0
32	33	3.0
32	53	1.0
32	61	1.0
32	64	1.0
32	66	1.0
32	70	2.0
32	71	5.0
32	72	2.0
32	73	1.0
32	75	1.0
32	76	4.0
32	91	1.0
32	92	2.0
32	96	1.0
32	112	2.0
32	115	1.0
32	133	1.0
32	134	2.0
32	138	1.0
32	139	2.0
32	148	4.0
32	154	3.0
32	157	3.0
32	158	5.0
32	159	1.0
33	33	255.0
33	36	3.0
33	37	10.0
33	38	1.0
33	40	1.0
33	42	1.0
33	57	2.0
33	61	2.0
33	62	1.0
33	64	2.0
33	66	1.0
33	81	14.0
33	82	7.0
33	86	1.0
33	89	1.0
33	91	1.0
33	92	1.0
33	95	1.0
33	96	1.0
33	98	4.0
33	102	1.0
33	103	2.0
33	105	1.0
33	108	1.0
33	111	1.0
33	112	2.0
33	113	2.0
33	115	1.0
33	116	2.0
33	117	1.0
33	120	7.0
33	121	8.0
33	122	2.0
33	123	2.0
33	135	2.0
33	136	1.0
33	137	5.0
33	138	6.0
33	139	6.0
33	140	1.0
33	144	1.0
33	148	1.0
33	154	5.0
33	157	6.0
33	158	1.0
33	159	1.0
34	34	238.0
34	35	10.0
34	36	1.0
34	39	4.0
34	40	1.0
34	41	8.0
34	42	2.0
34	43	1.0
34	46	2.0
34	49	1.0
34	51	10.0
34	52	1.0
34	53	2.0
34	54	3.0
34	55	1.0
34	61	9.0
34	64	3.0
34	82	2.0
34	88	1.0
34	89	7.0
34	90	10.0
34	91	5.0
34	97	14.0
34	98	3.0
34	103	3.0
34	105	2.0
34	106	14.0
34	107	7.0
34	110	12.0
34	111	1.0
34	123	1.0
34	134	1.0
34	135	1.0
34	138	1.0
34	140	4.0
34	157	4.0
34	159	1.0
35	35	270.0
35	36	18.0
35	37	3.0
35	38	4.0
35	39	2.0
35	40	1.0
35	41	8.0
35	42	1.0
35	43	3.0
35	45	1.0
35	46	1.0
35	61	9.0
35	62	1.0
35	82	1.0
35	90	2.0
35	91	1.0
35	95	1.0
35	97	6.0
35	103	2.0
35	105	1.0
35	106	15.0
35	107	4.0
35	108	1.0
35	110	3.0
35	112	1.0
35	113	1.0
35	121	1.0
35	128	1.0
35	145	1.0
36	36	292.0
36	37	7.0
36	38	1.0
36	39	3.0
36	41	6.0
36	42	2.0
36	43	1.0
36	49	1.0
36	55	6.0
36	56	1.0
36	65	1.0
36	71	1.0
36	77	3.0
36	78	3.0
36	80	1.0
36	82	1.0
36	90	10.0
36	91	6.0
36	94	1.0
36	97	5.0
36	98	10.0
36	102	1.0
36	103	3.0
36	106	8.0
36	107	4.0
36	110	3.0
36	111	2.0
36	112	5.0
36	115	1.0
36	139	1.0
36	157	7.0
36	158	5.0
37	37	279.0
37	38	12.0
37	39	13.0
37	40	2.0
37	41	3.0
37	42	5.0
37	51	2.0
37	65	1.0
37	77	2.0
37	78	2.0
37	79	6.0
37	80	3.0
37	89	1.0
37	91	3.0
37	96	1.0
37	98	2.0
37	102	1.0
37	103	8.0
37	105	2.0
37	137	3.0
37	138	1.0
37	139	1.0
37	148	1.0
37	158	1.0
38	38	282.0
38	39	49.0
38	40	10.0
38	41	18.0
38	42	1.0
38	52	1.0
38	54	7.0
38	57	1.0
38	79	2.0
38	80	3.0
38	81	18.0
38	82	7.0
38	104	2.0
38	105	8.0
38	106	2.0
38	120	1.0
38	138	2.0
39	39	255.0
39	40	11.0
39	41	14.0
39	51	3.0
39	53	1.0
39	54	1.0
39	55	1.0
39	56	2.0
39	57	8.0
39	62	1.0
39	78	3.0
39	79	8.0
39	80	3.0
39	81	3.0
39	82	12.0
39	89	2.0
39	90	1.0
39	91	1.0
39	103	3.0
39	105	5.0
39	137	4.0
39	138	2.0
39	149	1.0
40	40	263.0
40	41	23.0
40	42	10.0
40	54	11.0
40	56	4.0
40	57	2.0
40	79	12.0
40	80	1.0
40	81	3.0
40	82	1.0
40	84	1.0
40	85	1.0
40	93	1.0
40	94	1.0
40	105	1.0
40	106	1.0
40	138	1.0
40	144	1.0
41	41	284.0
41	42	4.0
41	43	2.0
41	50	2.0
41	53	4.0
41	54	9.0
41	55	1.0
41	56	1.0
41	57	1.0
41	61	8.0
41	78	4.0
41	82	3.0
41	89	3.0
41	90	6.0
41	103	1.0
41	104	5.0
41	105	5.0
42	42	275.0
42	43	14.0
42	44	5.0
42	45	1.0
42	46	1.0
42	48	8.0
42	49	11.0
42	50	14.0
42	51	10.0
42	54	6.0
42	55	2.0
42	56	1.0
42	57	2.0
42	61	4.0
42	65	3.0
42	67	1.0
42	77	1.0
42	82	6.0
42	83	4.0
42	86	3.0
42	97	1.0
43	43	307.0
43	44	11.0
43	45	7.0
43	46	6.0
43	47	12.0
43	48	4.0
43	49	10.0
43	50	4.0
43	51	3.0
43	54	1.0
43	55	1.0
43	56	2.0
43	57	1.0
43	76	2.0
43	77	3.0
43	78	3.0
43	83	7.0
43	84	1.0
43	95	1.0
43	135	1.0
43	141	1.0
44	44	290.0
44	45	11.0
44	46	4.0
44	47	9.0
44	49	1.0
44	51	1.0
44	55	10.0
44	61	1.0
44	78	1.0
44	83	3.0
44	91	2.0
44	94	3.0
44	95	5.0
44	141	2.0
45	45	257.0
45	46	21.0
45	47	20.0
45	48	3.0
45	49	4.0
45	52	2.0
45	53	2.0
45	56	1.0
45	67	1.0
45	71	1.0
45	93	6.0
45	94	8.0
45	95	3.0
45	97	2.0
45	102	1.0
45	103	1.0
45	105	1.0
46	46	276.0
46	47	14.0
46	48	2.0
46	49	21.0
46	50	9.0
46	51	14.0
46	52	9.0
46	53	6.0
46	55	1.0
46	56	10.0
46	88	1.0
46	94	1.0
46	138	1.0
47	47	318.0
47	48	8.0
47	49	14.0
47	50	2.0
47	52	3.0
47	53	6.0
47	55	5.0
47	56	7.0
47	66	2.0
47	87	1.0
47	88	1.0
47	93	6.0
47	94	1.0
47	95	1.0
47	104	2.0
47	124	1.0
47	138	1.0
47	141	1.0
48	48	266.0
48	49	11.0
48	50	5.0
48	51	5.0
48	54	2.0
48	55	6.0
48	56	7.0
48	61	1.0
48	65	1.0
48	78	3.0
48	79	1.0
48	86	2.0
48	93	3.0
48	94	1.0
48	95	1.0
48	106	1.0
48	111	1.0
49	49	265.0
49	50	13.0
49	51	5.0
49	52	2.0
49	53	6.0
49	55	4.0
49	56	6.0
49	61	1.0
49	83	6.0
49	84	1.0
49	85	1.0
49	89	2.0
49	90	1.0
49	93	2.0
49	94	1.0
49	95	5.0
49	118	1.0
50	50	269.0
50	51	36.0
50	52	4.0
50	53	1.0
50	54	1.0
50	55	3.0
50	67	1.0
50	77	3.0
50	83	5.0
50	84	1.0
50	85	2.0
50	86	3.0
50	89	5.0
50	90	3.0
50	124	1.0
51	51	244.0
51	52	5.0
51	53	4.0
51	54	5.0
51	55	4.0
51	56	1.0
51	61	1.0
51	86	1.0
51	87	1.0
51	90	1.0
51	91	3.0
51	94	1.0
51	121	1.0
51	123	2.0
51	135	1.0
51	137	1.0
51	138	1.0
51	140	1.0
51	141	2.0
51	143	1.0
51	158	1.0
52	52	263.0
52	53	22.0
52	54	7.0
52	55	2.0
52	56	6.0
52	61	1.0
52	80	1.0
52	83	2.0
52	84	4.0
52	85	1.0
52	86	2.0
52	87	1.0
52	88	3.0
52	89	9.0
52	90	6.0
52	141	4.0
52	142	1.0
52	143	1.0
52	146	1.0
52	147	5.0
52	148	1.0
53	53	239.0
53	54	4.0
53	55	10.0
53	56	7.0
53	61	3.0
53	62	1.0
53	63	1.0
53	82	1.0
53	83	7.0
53	88	3.0
53	89	15.0
53	90	11.0
53	95	3.0
53	121	1.0
53	123	2.0
53	133	1.0
53	136	1.0
53	137	1.0
53	138	1.0
53	139	1.0
53	142	1.0
53	143	6.0
53	147	2.0
53	148	2.0
53	158	2.0
54	54	268.0
54	55	12.0
54	56	2.0
54	61	1.0
54	62	1.0
54	63	1.0
54	64	1.0
54	72	1.0
54	73	1.0
54	79	5.0
54	81	4.0
54	89	3.0
54	90	3.0
54	91	3.0
54	121	1.0
54	137	3.0
54	138	6.0
54	141	2.0
55	55	284.0
55	56	8.0
55	75	1.0
55	78	5.0
55	79	3.0
55	86	1.0
55	89	3.0
55	90	10.0
55	104	1.0
55	141	1.0
55	148	2.0
56	56	217.0
56	61	7.0
56	62	2.0
56	63	4.0
56	115	2.0
56	121	2.0
56	123	2.0
56	138	5.0
56	140	4.0
56	141	5.0
56	142	1.0
56	143	1.0
56	148	2.0
56	157	1.0
56	158	1.0
56	159	1.0
57	57	195.0
57	58	1.0
57	61	13.0
57	62	11.0
57	63	5.0
57	73	1.0
57	77	2.0
57	81	1.0
57	82	4.0
57	85	1.0
57	88	4.0
57	90	1.0
57	98	2.0
57	105	2.0
57	106	4.0
57	129	1.0
57	144	1.0
57	145	6.0
57	147	3.0
57	148	1.0
57	149	1.0
58	58	9.0
58	61	3.0
58	62	2.0
61	61	909.0
61	62	28.0
61	63	3.0
61	64	6.0
61	82	2.0
61	83	13.0
61	89	3.0
61	90	6.0
61	91	2.0
61	92	2.0
61	96	8.0
61	97	9.0
61	98	2.0
61	99	1.0
61	105	1.0
61	106	3.0
61	108	3.0
61	110	3.0
61	111	3.0
61	112	10.0
61	113	2.0
61	114	6.0
61	115	1.0
61	120	1.0
61	121	4.0
61	122	6.0
61	123	1.0
61	127	1.0
61	128	2.0
61	131	2.0
61	132	4.0
61	134	2.0
61	135	13.0
61	136	8.0
61	140	3.0
61	143	1.0
61	144	6.0
61	145	7.0
61	146	4.0
61	147	3.0
61	148	2.0
62	62	345.0
62	63	7.0
62	64	1.0
62	68	1.0
62	82	4.0
62	84	2.0
62	85	4.0
62	86	1.0
62	90	3.0
62	91	2.0
62	92	3.0
62	95	2.0
62	97	4.0
62	103	1.0
62	106	3.0
62	109	1.0
62	114	2.0
62	128	1.0
62	133	1.0
62	144	3.0
62	145	1.0
62	147	2.0
62	148	3.0
63	63	195.0
63	64	7.0
63	82	1.0
63	83	2.0
63	84	3.0
63	88	4.0
63	89	2.0
63	90	8.0
63	91	12.0
63	96	1.0
63	98	1.0
63	110	2.0
63	113	1.0
63	114	4.0
63	115	1.0
63	144	1.0
63	147	2.0
63	148	1.0
63	152	1.0
63	158	1.0
64	64	242.0
64	65	6.0
64	66	2.0
64	74	1.0
64	76	1.0
64	84	3.0
64	90	12.0
64	91	2.0
64	92	4.0
64	93	1.0
64	95	1.0
64	96	7.0
64	97	6.0
64	98	3.0
64	111	1.0
64	124	4.0
64	125	4.0
64	126	4.0
64	127	3.0
64	128	7.0
64	129	5.0
64	130	1.0
64	147	4.0
64	148	1.0
64	149	1.0
64	151	2.0
64	154	2.0
64	157	3.0
64	158	4.0
65	65	227.0
65	66	19.0
65	67	5.0
65	68	1.0
65	69	2.0
65	71	1.0
65	72	1.0
65	75	1.0
65	76	4.0
65	96	3.0
65	97	2.0
65	98	2.0
65	141	1.0
65	142	1.0
65	150	4.0
65	151	1.0
65	153	1.0
65	154	2.0
65	155	2.0
65	158	1.0
66	66	225.0
66	67	9.0
66	68	12.0
66	69	7.0
66	70	5.0
66	71	1.0
66	72	5.0
66	73	3.0
66	75	1.0
66	76	3.0
66	79	1.0
66	88	1.0
66	94	1.0
66	95	2.0
66	96	2.0
66	97	1.0
66	98	1.0
66	101	1.0
66	106	1.0
66	116	1.0
66	120	1.0
66	129	1.0
66	135	1.0
66	136	2.0
66	137	2.0
66	138	3.0
66	146	1.0
66	149	2.0
66	150	4.0
66	152	2.0
66	153	1.0
66	156	2.0
66	157	1.0
66	158	1.0
67	67	290.0
67	68	14.0
67	69	14.0
67	70	3.0
67	75	1.0
67	92	1.0
67	93	6.0
67	94	2.0
67	95	5.0
67	96	1.0
67	97	1.0
67	99	1.0
67	100	1.0
67	123	1.0
67	124	1.0
67	128	1.0
67	133	1.0
67	135	2.0
67	136	5.0
67	137	5.0
67	138	1.0
67	146	1.0
67	149	1.0
67	150	3.0
67	152	1.0
67	155	4.0
67	156	5.0
67	157	8.0
67	159	1.0
68	68	279.0
68	69	18.0
68	70	3.0
68	73	1.0
68	75	2.0
68	95	2.0
68	100	1.0
68	133	1.0
68	134	2.0
68	136	3.0
68	139	2.0
68	140	1.0
68	142	1.0
68	151	2.0
68	154	1.0
68	156	3.0
68	157	4.0
69	69	297.0
69	70	9.0
69	71	2.0
69	92	3.0
69	93	7.0
69	94	6.0
69	95	14.0
69	96	5.0
69	97	3.0
69	111	1.0
69	124	4.0
69	125	7.0
69	128	1.0
69	138	1.0
69	142	1.0
69	149	1.0
69	154	1.0
69	155	3.0
69	156	2.0
69	157	2.0
69	159	1.0
70	70	310.0
70	71	19.0
70	72	5.0
70	73	6.0
70	75	4.0
70	86	1.0
70	92	2.0
70	93	3.0
70	123	1.0
70	125	1.0
70	135	2.0
70	140	1.0
70	141	1.0
70	153	1.0
70	154	1.0
70	155	5.0
70	156	7.0
70	157	1.0
70	159	3.0
71	71	303.0
71	72	8.0
71	73	11.0
71	74	1.0
71	93	5.0
71	99	4.0
71	125	1.0
71	127	2.0
71	128	1.0
71	129	4.0
71	134	13.0
71	135	7.0
71	136	3.0
71	137	6.0
71	138	2.0
71	151	1.0
71	152	3.0
71	153	1.0
71	154	6.0
71	155	2.0
71	156	7.0
71	157	1.0
71	158	1.0
71	159	2.0
72	72	147.0
72	73	8.0
72	74	2.0
72	75	6.0
72	76	2.0
72	92	3.0
72	93	1.0
72	102	1.0
72	116	1.0
72	121	1.0
72	123	3.0
72	124	5.0
72	135	5.0
72	136	2.0
72	137	2.0
72	138	1.0
72	153	2.0
72	155	2.0
72	156	2.0
72	158	2.0
73	73	296.0
73	74	9.0
73	75	8.0
73	77	2.0
73	92	2.0
73	93	1.0
73	106	1.0
73	124	2.0
73	125	3.0
73	135	2.0
73	137	1.0
73	138	3.0
73	147	1.0
73	152	1.0
73	153	16.0
73	154	1.0
73	155	3.0
73	156	9.0
73	157	1.0
73	158	1.0
74	74	63.0
74	75	10.0
74	76	1.0
74	99	1.0
74	152	1.0
74	153	1.0
75	75	262.0
75	76	1.0
75	86	1.0
75	102	1.0
75	129	1.0
75	135	3.0
75	137	1.0
75	138	1.0
75	148	1.0
75	157	1.0
76	76	130.0
76	77	3.0
76	78	5.0
76	97	1.0
76	98	1.0
76	102	1.0
76	140	1.0
76	157	1.0
77	77	307.0
77	78	46.0
77	97	1.0
77	105	1.0
77	106	1.0
77	117	1.0
77	135	1.0
78	78	291.0
78	79	5.0
78	80	1.0
78	96	1.0
78	104	1.0
78	110	1.0
78	135	1.0
78	141	2.0
78	153	1.0
79	79	261.0
79	80	26.0
79	81	18.0
79	82	2.0
79	99	1.0
79	105	1.0
79	125	2.0
79	136	1.0
79	137	1.0
79	142	1.0
80	80	287.0
80	81	31.0
80	82	3.0
80	104	3.0
80	105	2.0
80	119	4.0
80	148	1.0
81	81	252.0
81	82	24.0
81	104	1.0
81	105	1.0
81	119	9.0
81	120	4.0
81	121	2.0
81	136	2.0
81	137	3.0
82	82	286.0
82	85	1.0
82	88	3.0
82	93	2.0
82	95	1.0
82	96	1.0
82	97	1.0
82	103	1.0
82	104	2.0
82	105	2.0
82	107	2.0
82	117	1.0
82	119	3.0
82	120	8.0
82	121	10.0
82	122	4.0
82	135	1.0
82	136	4.0
82	137	7.0
82	138	1.0
82	139	1.0
82	143	2.0
82	149	1.0
82	157	1.0
82	158	1.0
83	83	262.0
83	84	14.0
83	85	5.0
83	86	10.0
83	87	5.0
83	88	3.0
83	89	3.0
83	90	4.0
83	91	4.0
83	93	2.0
83	94	1.0
83	96	10.0
83	97	1.0
83	112	1.0
83	122	1.0
83	127	1.0
83	142	10.0
83	143	3.0
83	144	2.0
84	84	270.0
84	85	26.0
84	86	9.0
84	87	9.0
84	89	3.0
84	90	5.0
84	91	11.0
84	92	5.0
84	93	1.0
84	95	1.0
84	96	6.0
84	97	2.0
84	100	1.0
84	114	2.0
84	115	4.0
84	141	5.0
84	142	8.0
85	85	252.0
85	86	14.0
85	87	10.0
85	88	10.0
85	89	2.0
85	90	1.0
85	92	4.0
85	95	4.0
85	96	4.0
85	113	1.0
85	114	2.0
85	115	3.0
85	116	1.0
85	122	1.0
85	127	1.0
85	141	3.0
85	142	3.0
85	143	3.0
85	144	3.0
85	147	1.0
85	158	1.0
86	86	258.0
86	87	15.0
86	89	5.0
86	90	3.0
86	91	1.0
86	95	3.0
86	96	1.0
86	99	1.0
86	114	4.0
86	117	13.0
86	122	2.0
86	138	1.0
86	141	4.0
86	143	1.0
86	155	1.0
87	87	236.0
87	88	8.0
87	89	6.0
87	102	1.0
87	117	5.0
87	121	1.0
87	141	2.0
87	142	9.0
87	143	4.0
87	146	1.0
88	88	261.0
88	89	5.0
88	96	1.0
88	123	1.0
88	125	6.0
88	142	1.0
88	143	1.0
88	146	1.0
88	147	1.0
88	148	2.0
88	153	1.0
88	158	1.0
89	89	227.0
89	90	16.0
89	94	1.0
89	101	1.0
89	105	3.0
89	109	4.0
89	113	4.0
89	114	8.0
89	115	1.0
89	117	3.0
89	122	2.0
89	124	1.0
89	144	3.0
89	145	2.0
89	146	3.0
89	147	3.0
89	148	1.0
89	151	1.0
90	90	253.0
90	91	14.0
90	92	1.0
90	96	2.0
90	97	3.0
90	104	1.0
90	108	1.0
90	109	7.0
90	110	2.0
90	111	1.0
90	112	4.0
90	113	7.0
90	114	13.0
90	115	3.0
90	121	2.0
90	123	2.0
90	135	1.0
90	139	1.0
90	140	7.0
90	141	6.0
90	144	3.0
90	146	1.0
90	147	1.0
90	157	3.0
90	158	3.0
90	159	1.0
91	91	266.0
91	92	6.0
91	96	2.0
91	110	2.0
91	111	3.0
91	112	2.0
91	113	5.0
91	114	1.0
91	115	8.0
91	121	1.0
91	123	6.0
91	127	1.0
91	136	4.0
91	137	2.0
91	138	3.0
91	140	8.0
91	141	2.0
91	151	1.0
91	157	5.0
91	158	9.0
91	159	1.0
92	92	300.0
92	93	5.0
92	94	6.0
92	95	1.0
92	96	6.0
92	110	1.0
92	112	5.0
92	113	2.0
92	114	1.0
92	121	1.0
92	123	3.0
92	124	7.0
92	125	4.0
92	140	3.0
92	141	1.0
92	143	1.0
92	148	3.0
92	149	3.0
92	151	1.0
92	157	13.0
92	158	13.0
93	93	277.0
93	94	16.0
93	95	15.0
93	96	11.0
93	97	3.0
93	119	1.0
93	124	2.0
93	130	1.0
93	143	2.0
93	149	2.0
93	151	4.0
93	152	2.0
93	153	3.0
93	154	2.0
93	157	5.0
94	94	271.0
94	95	15.0
94	96	3.0
94	126	1.0
94	129	2.0
94	135	1.0
94	149	9.0
94	150	2.0
94	151	3.0
94	157	11.0
95	95	281.0
95	96	19.0
95	107	1.0
95	156	1.0
95	157	5.0
95	158	1.0
96	96	265.0
96	97	11.0
96	123	4.0
96	124	4.0
96	125	2.0
96	126	3.0
96	127	1.0
96	128	2.0
96	129	8.0
96	130	3.0
96	134	1.0
96	140	1.0
96	141	1.0
96	142	1.0
96	143	6.0
96	144	1.0
96	150	1.0
96	151	9.0
96	152	1.0
96	158	2.0
97	97	245.0
97	98	10.0
97	106	4.0
97	107	4.0
97	108	2.0
97	123	6.0
97	124	4.0
97	125	6.0
97	126	2.0
97	128	3.0
97	129	9.0
97	130	2.0
97	131	1.0
97	135	1.0
97	136	1.0
97	139	1.0
97	144	1.0
97	145	4.0
97	146	1.0
97	147	2.0
97	148	1.0
97	149	3.0
97	151	2.0
97	152	3.0
97	157	2.0
97	158	3.0
98	98	298.0
98	102	1.0
98	103	1.0
98	111	2.0
98	126	1.0
98	127	1.0
98	131	1.0
98	134	5.0
98	145	11.0
98	147	2.0
98	148	3.0
98	157	7.0
98	158	6.0
99	99	295.0
99	100	10.0
99	101	5.0
99	102	9.0
99	103	2.0
99	104	4.0
99	105	3.0
99	106	7.0
99	108	1.0
99	110	3.0
99	111	2.0
99	112	2.0
99	124	1.0
99	132	1.0
99	133	1.0
99	134	2.0
99	135	1.0
99	136	1.0
99	157	5.0
100	100	304.0
100	101	9.0
100	102	4.0
100	103	1.0
100	106	1.0
100	155	1.0
100	157	3.0
101	101	266.0
101	102	5.0
101	105	2.0
101	113	1.0
101	126	1.0
101	133	1.0
101	148	1.0
101	155	1.0
102	102	180.0
102	103	14.0
102	104	6.0
102	105	4.0
102	106	3.0
102	107	5.0
102	111	1.0
102	131	1.0
102	152	1.0
103	103	278.0
103	104	9.0
103	105	10.0
103	106	13.0
103	107	3.0
103	108	3.0
103	110	1.0
103	111	1.0
104	104	256.0
104	105	14.0
104	106	2.0
104	107	5.0
104	108	1.0
104	110	7.0
104	111	1.0
104	118	1.0
104	134	5.0
105	105	282.0
105	106	8.0
105	107	1.0
105	110	2.0
105	115	1.0
105	132	5.0
105	134	4.0
105	145	1.0
106	106	282.0
106	107	13.0
106	108	6.0
106	110	4.0
106	111	2.0
106	112	1.0
106	121	1.0
106	122	1.0
106	134	2.0
106	157	2.0
107	107	262.0
107	108	11.0
107	109	1.0
107	110	9.0
107	111	1.0
108	108	325.0
108	109	18.0
108	110	20.0
108	111	10.0
108	112	4.0
108	114	10.0
109	109	250.0
109	110	9.0
109	111	7.0
109	112	5.0
109	113	3.0
109	114	7.0
109	116	3.0
109	117	12.0
109	118	15.0
109	119	5.0
109	122	3.0
109	144	7.0
109	145	2.0
109	146	4.0
109	147	1.0
110	110	237.0
110	111	7.0
110	112	5.0
110	113	3.0
110	114	3.0
110	115	4.0
110	117	1.0
110	118	2.0
110	124	1.0
110	129	1.0
110	132	1.0
110	134	3.0
110	139	1.0
110	146	2.0
110	147	1.0
110	148	1.0
110	158	1.0
111	111	299.0
111	112	34.0
111	113	3.0
111	114	1.0
111	119	1.0
111	124	1.0
111	134	7.0
111	135	1.0
111	145	2.0
111	146	4.0
111	147	1.0
111	148	2.0
111	153	1.0
111	158	1.0
112	112	267.0
112	113	13.0
112	114	6.0
112	115	3.0
112	116	4.0
112	121	4.0
112	122	4.0
112	133	3.0
112	134	6.0
112	135	2.0
112	144	2.0
112	146	1.0
112	147	3.0
112	148	11.0
112	157	1.0
112	158	1.0
113	113	265.0
113	114	29.0
113	115	14.0
113	116	2.0
113	117	1.0
113	118	1.0
113	122	1.0
113	127	1.0
113	133	4.0
113	135	2.0
113	144	1.0
113	146	10.0
113	147	2.0
113	157	1.0
113	158	2.0
114	114	263.0
114	115	11.0
114	116	3.0
114	117	2.0
114	134	1.0
114	144	1.0
115	115	278.0
115	116	18.0
115	117	6.0
115	118	14.0
115	119	1.0
115	120	2.0
115	126	5.0
115	128	2.0
115	133	1.0
115	134	4.0
115	135	1.0
115	136	1.0
115	143	2.0
115	144	14.0
115	145	4.0
115	147	3.0
115	148	1.0
116	116	262.0
116	117	22.0
116	118	6.0
116	120	2.0
116	121	1.0
116	122	8.0
116	125	4.0
116	126	8.0
116	128	3.0
116	134	1.0
116	136	2.0
116	137	4.0
116	138	1.0
116	144	4.0
116	147	2.0
116	148	9.0
116	151	1.0
116	158	5.0
117	117	259.0
117	118	9.0
117	120	1.0
117	121	2.0
117	122	9.0
117	125	5.0
117	126	8.0
117	137	1.0
117	138	4.0
117	139	1.0
118	118	282.0
118	119	18.0
118	120	5.0
118	121	2.0
118	122	4.0
118	126	3.0
118	127	9.0
118	128	2.0
118	134	1.0
118	144	6.0
118	145	9.0
119	119	273.0
119	120	21.0
119	121	3.0
119	126	8.0
119	127	11.0
119	128	1.0
119	136	1.0
119	137	1.0
119	145	1.0
119	146	1.0
119	152	2.0
119	155	1.0
120	120	282.0
120	121	16.0
120	122	9.0
120	123	3.0
120	124	4.0
120	125	2.0
120	127	1.0
120	128	6.0
120	133	3.0
120	135	2.0
120	136	4.0
120	137	3.0
120	151	3.0
120	152	3.0
120	155	5.0
121	121	257.0
121	122	17.0
121	125	2.0
121	126	18.0
121	128	5.0
121	133	1.0
121	135	6.0
121	136	14.0
121	137	6.0
121	138	5.0
121	148	2.0
121	149	4.0
121	151	4.0
121	152	4.0
121	155	1.0
122	122	300.0
122	123	2.0
122	125	7.0
122	126	13.0
122	131	2.0
122	133	4.0
122	134	6.0
122	135	8.0
122	136	5.0
122	137	2.0
122	144	1.0
122	148	1.0
122	152	4.0
122	154	1.0
123	123	277.0
123	124	18.0
123	125	10.0
123	126	1.0
123	129	5.0
123	130	2.0
123	131	1.0
123	135	6.0
123	136	1.0
123	138	3.0
123	140	7.0
123	141	3.0
123	145	1.0
123	148	3.0
123	150	3.0
123	151	1.0
123	154	5.0
123	156	1.0
123	158	14.0
123	159	1.0
124	124	263.0
124	125	9.0
124	128	1.0
124	129	1.0
124	132	1.0
124	138	5.0
124	141	3.0
124	149	6.0
124	150	9.0
124	151	3.0
124	152	2.0
124	154	2.0
124	156	3.0
124	158	1.0
125	125	245.0
125	126	10.0
125	151	1.0
125	152	3.0
125	154	1.0
125	155	4.0
125	156	4.0
125	157	13.0
125	158	2.0
126	126	281.0
126	127	13.0
126	128	6.0
126	129	5.0
126	130	8.0
126	131	3.0
126	132	5.0
126	135	2.0
126	144	1.0
126	145	2.0
126	146	5.0
126	148	1.0
126	153	1.0
126	155	1.0
127	127	290.0
127	128	8.0
127	130	6.0
127	131	6.0
127	136	1.0
127	137	4.0
127	142	1.0
127	144	9.0
127	145	5.0
127	146	2.0
127	147	2.0
127	148	7.0
128	128	300.0
128	129	12.0
128	130	17.0
128	135	1.0
128	136	3.0
128	137	7.0
128	138	5.0
128	145	2.0
128	147	2.0
128	148	9.0
128	149	19.0
128	150	12.0
128	151	7.0
128	152	6.0
128	153	2.0
128	155	7.0
128	156	1.0
128	158	2.0
129	129	299.0
129	130	11.0
129	132	6.0
129	133	5.0
129	134	5.0
129	135	8.0
129	137	1.0
129	138	1.0
129	140	2.0
129	142	3.0
129	143	1.0
129	144	4.0
129	145	2.0
129	146	2.0
129	148	5.0
129	149	6.0
129	151	4.0
129	154	2.0
129	155	4.0
129	156	7.0
129	158	1.0
129	159	1.0
130	130	265.0
130	131	14.0
130	133	2.0
130	135	1.0
130	136	4.0
130	139	1.0
130	140	1.0
130	145	1.0
130	146	2.0
130	149	1.0
130	152	1.0
130	155	8.0
130	156	5.0
131	131	314.0
131	132	21.0
131	133	16.0
131	134	5.0
131	135	4.0
131	136	3.0
131	140	1.0
131	145	2.0
131	146	1.0
131	159	1.0
132	132	310.0
132	133	29.0
132	134	10.0
132	138	1.0
132	139	3.0
133	133	313.0
133	134	28.0
133	135	10.0
133	137	2.0
133	138	1.0
133	139	2.0
133	145	1.0
133	156	2.0
133	159	1.0
134	134	328.0
134	135	7.0
134	136	1.0
134	141	2.0
134	149	1.0
134	155	1.0
134	159	1.0
135	135	272.0
135	136	14.0
135	137	11.0
135	138	5.0
135	139	2.0
135	140	5.0
135	144	2.0
135	145	1.0
135	146	2.0
135	156	3.0
135	158	5.0
135	159	2.0
136	136	265.0
136	137	13.0
136	138	2.0
136	145	3.0
136	149	2.0
136	150	3.0
136	152	1.0
136	155	3.0
136	156	7.0
136	159	2.0
137	137	261.0
137	138	29.0
137	139	10.0
137	140	1.0
137	148	2.0
137	149	13.0
137	150	2.0
137	155	3.0
137	156	2.0
137	158	1.0
137	159	1.0
138	138	253.0
138	139	10.0
138	140	1.0
138	147	1.0
138	148	5.0
138	149	5.0
138	150	1.0
138	153	3.0
138	156	3.0
138	157	1.0
138	158	5.0
139	139	297.0
139	140	19.0
139	141	3.0
139	142	8.0
139	154	1.0
140	140	331.0
140	141	20.0
140	142	13.0
140	144	1.0
140	145	2.0
140	146	2.0
140	158	6.0
140	159	3.0
141	141	302.0
141	142	18.0
141	148	1.0
141	158	6.0
142	142	299.0
142	143	11.0
142	149	3.0
142	158	1.0
143	143	157.0
143	144	3.0
143	146	1.0
143	147	3.0
143	148	6.0
144	144	246.0
144	145	17.0
144	146	15.0
144	147	11.0
144	148	11.0
145	145	272.0
145	146	6.0
145	147	6.0
145	148	3.0
146	146	243.0
146	147	19.0
146	148	3.0
147	147	297.0
147	148	17.0
148	148	273.0
148	149	7.0
148	150	1.0
148	157	2.0
148	158	3.0
149	149	244.0
149	150	10.0
149	151	11.0
149	152	1.0
149	153	4.0
149	155	3.0
149	156	1.0
150	150	338.0
150	151	18.0
150	152	2.0
150	153	1.0
150	154	8.0
150	155	10.0
150	156	7.0
151	151	278.0
151	152	17.0
151	153	3.0
151	154	15.0
151	155	11.0
151	156	3.0
152	152	313.0
152	153	2.0
152	154	6.0
152	155	5.0
153	153	229.0
153	154	5.0
153	155	4.0
153	156	1.0
154	154	256.0
154	155	2.0
154	156	7.0
155	155	375.0
155	156	10.0
156	156	285.0
156	157	4.0
156	158	3.0
157	157	313.0
157	158	4.0
158	158	342.0
159	159	39.0
160	1	6.0
160	21	2.0
160	22	6.0
160	25	3.0
160	39	1.0
160	44	2.0
160	52	1.0
160	69	1.0
160	92	1.0
160	94	2.0
160	95	8.0
160	100	5.0
160	123	2.0
160	124	1.0
160	125	1.0
160	160	339.0
