1	1	423.0
1	2	24.0
1	3	25.0
1	4	1.0
1	7	3.0
1	8	6.0
1	15	6.0
1	16	3.0
1	17	3.0
1	18	9.0
1	19	9.0
1	20	2.0
1	23	7.0
1	33	5.0
1	36	3.0
1	37	8.0
1	43	3.0
1	48	1.0
1	61	1.0
1	82	1.0
1	96	1.0
1	102	1.0
1	107	1.0
1	118	1.0
1	122	1.0
1	129	2.0
1	172	1.0
1	193	1.0
2	2	411.0
2	3	14.0
2	4	4.0
2	7	18.0
2	8	4.0
2	15	3.0
2	16	12.0
2	18	5.0
2	19	3.0
2	20	6.0
2	21	1.0
2	22	2.0
2	23	5.0
2	34	1.0
2	35	3.0
2	36	6.0
2	37	5.0
2	40	2.0
2	41	1.0
2	51	1.0
2	72	1.0
2	100	1.0
2	120	1.0
2	175	1.0
3	3	439.0
3	4	29.0
3	5	2.0
3	7	19.0
3	8	8.0
3	16	2.0
3	18	2.0
3	19	1.0
3	20	6.0
3	23	3.0
3	24	4.0
3	25	4.0
3	26	6.0
3	27	10.0
3	29	1.0
3	35	1.0
3	37	1.0
3	67	1.0
3	117	1.0
3	118	1.0
3	119	5.0
3	137	1.0
3	140	1.0
3	187	1.0
4	4	456.0
4	5	18.0
4	6	12.0
4	7	15.0
4	8	8.0
4	14	1.0
4	17	1.0
4	18	2.0
4	20	1.0
4	21	1.0
4	22	3.0
4	23	2.0
4	24	2.0
4	25	1.0
4	27	5.0
4	35	1.0
4	37	2.0
4	53	1.0
4	112	1.0
4	113	2.0
4	118	2.0
4	119	1.0
4	121	5.0
4	122	1.0
4	143	3.0
4	159	1.0
5	5	424.0
5	6	16.0
5	7	9.0
5	8	14.0
5	14	1.0
5	16	2.0
5	17	2.0
5	18	3.0
5	20	1.0
5	35	1.0
5	96	1.0
5	98	1.0
5	103	2.0
5	109	2.0
5	112	11.0
5	113	16.0
5	115	1.0
5	118	1.0
5	119	2.0
5	134	1.0
5	137	1.0
5	152	6.0
5	159	3.0
5	174	1.0
6	6	403.0
6	7	14.0
6	8	10.0
6	25	1.0
6	26	1.0
6	32	1.0
6	35	8.0
6	36	1.0
6	43	1.0
6	54	1.0
6	87	1.0
6	89	1.0
6	93	1.0
6	95	6.0
6	96	8.0
6	98	4.0
6	99	6.0
6	100	1.0
6	103	7.0
6	104	1.0
6	109	3.0
6	112	2.0
6	113	2.0
6	114	4.0
6	115	4.0
6	118	3.0
6	119	1.0
6	120	2.0
6	121	6.0
6	122	4.0
6	135	2.0
6	138	2.0
6	149	1.0
6	152	3.0
6	153	1.0
6	154	2.0
6	160	1.0
6	164	1.0
6	185	1.0
6	186	1.0
7	7	411.0
7	8	31.0
7	14	1.0
7	15	1.0
7	16	2.0
7	17	2.0
7	18	5.0
7	20	1.0
7	21	1.0
7	24	3.0
7	25	4.0
7	26	8.0
7	27	1.0
7	35	10.0
7	36	8.0
7	40	1.0
7	95	1.0
7	112	4.0
7	115	1.0
7	118	4.0
7	119	4.0
7	121	6.0
7	122	3.0
7	133	1.0
7	135	2.0
7	138	3.0
7	160	1.0
7	174	1.0
7	181	1.0
8	8	418.0
8	9	4.0
8	14	2.0
8	18	2.0
8	19	2.0
8	25	8.0
8	26	3.0
8	32	1.0
8	33	14.0
8	35	8.0
8	36	4.0
8	43	2.0
8	74	1.0
8	99	1.0
8	112	1.0
8	113	2.0
8	115	1.0
8	118	2.0
8	119	10.0
8	120	3.0
8	121	3.0
8	122	8.0
8	123	3.0
8	131	1.0
8	134	2.0
8	138	1.0
8	154	1.0
8	185	1.0
9	9	543.0
9	10	26.0
9	11	4.0
9	13	5.0
9	14	9.0
9	15	2.0
9	16	1.0
9	43	1.0
9	45	3.0
9	46	2.0
9	49	1.0
9	50	6.0
9	103	1.0
9	111	1.0
9	116	2.0
9	117	2.0
9	119	2.0
9	120	15.0
9	121	4.0
9	122	4.0
9	123	8.0
9	124	8.0
9	129	1.0
9	135	1.0
9	197	3.0
10	10	514.0
10	11	18.0
10	12	4.0
10	13	12.0
10	14	2.0
10	29	1.0
10	48	1.0
10	57	1.0
10	60	2.0
10	72	1.0
10	77	1.0
10	81	1.0
10	108	1.0
10	110	1.0
10	120	2.0
10	121	10.0
10	122	1.0
10	123	9.0
10	124	12.0
10	125	1.0
10	155	1.0
10	173	3.0
10	185	1.0
10	188	3.0
10	195	4.0
10	197	3.0
11	11	510.0
11	12	18.0
11	13	9.0
11	14	14.0
11	15	1.0
11	46	3.0
11	69	1.0
11	79	1.0
11	85	1.0
11	102	1.0
11	113	1.0
11	115	1.0
11	116	7.0
11	117	2.0
11	119	1.0
11	120	7.0
11	121	7.0
11	122	4.0
11	123	4.0
11	124	11.0
11	125	3.0
11	128	1.0
11	132	1.0
11	135	1.0
11	151	2.0
11	152	2.0
11	153	1.0
11	166	3.0
11	179	1.0
11	180	2.0
11	181	2.0
11	182	3.0
11	195	11.0
11	196	5.0
12	12	534.0
12	13	17.0
12	14	3.0
12	46	1.0
12	56	2.0
12	57	1.0
12	90	1.0
12	98	1.0
12	104	2.0
12	105	1.0
12	113	1.0
12	114	1.0
12	115	1.0
12	116	4.0
12	117	1.0
12	119	2.0
12	120	3.0
12	121	12.0
12	123	5.0
12	124	1.0
12	125	9.0
12	126	5.0
12	127	2.0
12	128	4.0
12	132	2.0
12	134	2.0
12	135	5.0
12	136	1.0
12	139	1.0
12	140	3.0
12	141	1.0
12	171	1.0
12	178	2.0
12	179	10.0
12	180	2.0
12	183	5.0
12	184	1.0
12	189	1.0
12	192	1.0
12	193	9.0
12	194	3.0
12	195	1.0
13	13	576.0
13	14	14.0
13	35	1.0
13	44	1.0
13	49	1.0
13	52	3.0
13	66	1.0
13	68	1.0
13	72	1.0
13	98	2.0
13	120	3.0
13	121	7.0
13	131	1.0
13	136	1.0
13	175	1.0
13	178	4.0
13	179	4.0
13	185	6.0
13	186	2.0
13	187	1.0
13	189	3.0
13	191	6.0
13	192	7.0
13	193	1.0
13	194	1.0
14	14	568.0
14	15	7.0
14	16	2.0
14	17	2.0
14	25	1.0
14	38	1.0
14	51	1.0
14	56	7.0
14	65	5.0
14	66	10.0
14	67	4.0
14	69	18.0
14	70	1.0
14	73	6.0
14	74	5.0
14	75	2.0
14	76	2.0
14	77	1.0
14	84	2.0
14	89	1.0
14	103	1.0
14	107	3.0
14	108	1.0
14	119	4.0
14	120	3.0
14	121	3.0
14	125	3.0
14	126	6.0
14	127	10.0
14	142	1.0
14	144	2.0
14	160	1.0
14	177	2.0
14	181	2.0
14	194	3.0
15	15	448.0
15	16	23.0
15	17	9.0
15	27	1.0
15	32	1.0
15	65	8.0
15	66	2.0
15	67	9.0
15	68	8.0
15	69	7.0
15	73	9.0
15	74	1.0
15	75	5.0
15	79	1.0
15	84	1.0
15	88	5.0
15	89	3.0
15	102	2.0
15	106	2.0
15	119	2.0
15	126	2.0
15	127	2.0
15	128	3.0
15	136	1.0
15	142	2.0
15	143	3.0
15	144	15.0
15	145	2.0
15	162	1.0
16	16	449.0
16	17	37.0
16	18	27.0
16	28	1.0
16	46	2.0
16	66	7.0
16	69	5.0
16	71	1.0
16	72	10.0
16	73	11.0
16	74	12.0
16	81	4.0
16	82	1.0
16	83	2.0
16	84	2.0
16	103	6.0
16	104	1.0
16	105	3.0
16	106	2.0
16	107	1.0
16	109	1.0
16	112	1.0
16	113	1.0
16	119	1.0
16	127	1.0
17	17	409.0
17	18	29.0
17	20	2.0
17	21	2.0
17	22	4.0
17	24	1.0
17	27	1.0
17	30	1.0
17	59	3.0
17	65	1.0
17	66	4.0
17	70	5.0
17	72	2.0
17	73	1.0
17	74	4.0
17	81	10.0
17	82	2.0
17	83	1.0
17	84	3.0
17	94	1.0
17	103	4.0
17	104	2.0
17	105	4.0
17	106	5.0
17	107	1.0
17	129	1.0
17	157	1.0
17	167	1.0
17	174	1.0
17	178	1.0
17	180	1.0
18	18	476.0
18	19	7.0
18	20	10.0
18	21	15.0
18	22	1.0
18	26	1.0
18	41	1.0
18	58	2.0
18	60	2.0
18	64	1.0
18	70	1.0
18	73	1.0
18	74	3.0
18	78	1.0
18	81	5.0
18	82	8.0
18	83	6.0
18	84	5.0
18	85	1.0
18	97	1.0
18	103	2.0
18	104	2.0
18	105	5.0
18	106	6.0
18	112	2.0
18	128	1.0
18	145	1.0
18	165	1.0
18	176	1.0
19	19	432.0
19	20	27.0
19	21	13.0
19	22	5.0
19	32	1.0
19	35	1.0
19	37	1.0
19	59	1.0
19	60	1.0
19	61	1.0
19	70	1.0
19	73	2.0
19	78	1.0
19	82	1.0
19	83	2.0
19	89	1.0
19	102	1.0
19	107	1.0
19	126	1.0
19	191	1.0
19	194	1.0
19	195	1.0
19	197	1.0
20	20	426.0
20	21	23.0
20	22	13.0
20	23	3.0
20	26	1.0
20	27	2.0
20	41	1.0
20	51	1.0
20	60	5.0
20	72	1.0
20	74	1.0
20	78	10.0
20	79	1.0
20	81	5.0
20	83	6.0
20	106	1.0
20	118	2.0
20	129	1.0
20	162	1.0
20	176	1.0
21	21	413.0
21	22	16.0
21	23	1.0
21	24	1.0
21	32	1.0
21	42	1.0
21	50	1.0
21	59	1.0
21	60	1.0
21	63	1.0
21	71	4.0
21	72	3.0
21	74	1.0
21	78	1.0
21	79	1.0
21	83	2.0
21	99	1.0
21	106	3.0
21	167	1.0
22	22	404.0
22	23	8.0
22	24	1.0
22	25	1.0
22	27	16.0
22	40	2.0
22	58	4.0
22	59	4.0
22	60	7.0
22	71	3.0
22	72	2.0
22	73	1.0
22	74	12.0
22	75	1.0
22	105	1.0
22	106	12.0
22	112	2.0
22	113	4.0
22	137	1.0
22	150	1.0
22	171	1.0
22	174	1.0
23	23	468.0
23	24	3.0
23	26	2.0
23	27	9.0
23	28	2.0
23	30	3.0
23	31	4.0
23	38	1.0
23	58	5.0
23	59	2.0
23	60	4.0
23	61	4.0
23	64	1.0
23	70	2.0
23	71	1.0
23	75	2.0
23	80	1.0
23	100	2.0
23	112	1.0
23	114	2.0
23	118	1.0
23	135	9.0
23	138	1.0
23	165	1.0
23	166	1.0
23	167	2.0
23	179	1.0
23	194	1.0
24	24	480.0
24	25	26.0
24	26	18.0
24	28	2.0
24	31	1.0
24	33	1.0
24	35	1.0
24	39	1.0
24	40	3.0
24	42	6.0
24	51	1.0
24	58	2.0
24	77	10.0
24	78	1.0
24	79	8.0
24	80	7.0
24	81	9.0
24	99	2.0
24	103	1.0
24	118	2.0
24	119	2.0
24	155	1.0
24	165	1.0
24	167	15.0
24	168	1.0
24	170	3.0
25	25	461.0
25	26	26.0
25	27	24.0
25	28	14.0
25	30	1.0
25	34	1.0
25	39	2.0
25	58	1.0
25	59	1.0
25	70	1.0
25	71	1.0
25	76	2.0
25	78	3.0
25	79	5.0
25	80	16.0
25	101	1.0
25	107	1.0
25	108	1.0
25	118	8.0
25	119	3.0
25	120	2.0
25	135	2.0
25	137	4.0
25	138	6.0
25	139	1.0
25	152	1.0
25	165	1.0
25	167	1.0
26	26	381.0
26	27	12.0
26	28	17.0
26	31	7.0
26	59	1.0
26	60	1.0
26	70	1.0
26	77	2.0
26	78	4.0
26	79	2.0
26	80	3.0
26	81	2.0
26	108	1.0
26	112	5.0
26	115	2.0
26	118	9.0
26	119	5.0
26	135	5.0
26	138	4.0
26	139	2.0
26	152	1.0
26	165	2.0
26	166	2.0
26	167	3.0
26	179	1.0
27	27	447.0
27	28	16.0
27	29	7.0
27	30	3.0
27	31	13.0
27	33	2.0
27	38	1.0
27	39	1.0
27	40	1.0
27	52	1.0
27	58	3.0
27	59	2.0
27	60	9.0
27	61	4.0
27	71	1.0
27	74	4.0
27	79	1.0
27	87	4.0
27	94	4.0
27	108	1.0
27	112	15.0
27	113	7.0
27	114	1.0
27	118	1.0
27	139	7.0
27	140	3.0
27	146	1.0
27	182	1.0
27	190	1.0
28	28	388.0
28	29	27.0
28	30	9.0
28	31	10.0
28	32	3.0
28	34	7.0
28	35	2.0
28	38	1.0
28	39	3.0
28	41	3.0
28	42	1.0
28	53	1.0
28	59	1.0
28	60	3.0
28	61	1.0
28	73	3.0
28	74	3.0
28	75	3.0
28	80	1.0
28	81	1.0
28	87	2.0
28	94	2.0
28	100	1.0
28	103	1.0
28	113	1.0
28	119	3.0
28	138	2.0
28	139	8.0
28	140	1.0
28	145	1.0
28	152	1.0
28	165	4.0
28	166	5.0
28	167	1.0
28	173	1.0
29	29	397.0
29	30	19.0
29	31	1.0
29	32	14.0
29	34	10.0
29	35	14.0
29	38	2.0
29	40	1.0
29	41	6.0
29	58	1.0
29	94	1.0
29	98	1.0
29	99	1.0
29	100	6.0
29	105	1.0
29	116	1.0
29	117	1.0
29	119	1.0
29	120	4.0
29	121	2.0
29	138	2.0
29	139	1.0
29	150	1.0
29	165	8.0
29	166	6.0
29	167	1.0
29	168	10.0
29	169	2.0
29	170	1.0
30	30	402.0
30	31	34.0
30	32	17.0
30	40	3.0
30	41	8.0
30	61	1.0
30	76	1.0
30	100	8.0
30	108	4.0
30	109	1.0
30	111	3.0
30	112	2.0
30	114	1.0
30	123	1.0
30	135	2.0
30	145	1.0
30	156	1.0
30	165	1.0
30	166	7.0
31	31	480.0
31	32	11.0
31	33	2.0
31	34	5.0
31	38	1.0
31	39	5.0
31	40	4.0
31	41	11.0
31	42	6.0
31	43	1.0
31	51	1.0
31	60	1.0
31	61	1.0
31	74	2.0
31	81	1.0
31	87	2.0
31	94	1.0
31	101	1.0
31	110	1.0
31	112	1.0
31	113	1.0
31	115	1.0
31	136	3.0
31	139	5.0
31	140	3.0
31	143	4.0
31	144	1.0
31	145	4.0
31	165	9.0
31	166	4.0
31	167	1.0
31	168	3.0
31	181	1.0
31	197	1.0
32	32	428.0
32	33	5.0
32	34	2.0
32	38	9.0
32	39	7.0
32	40	7.0
32	41	8.0
32	42	7.0
32	46	1.0
32	53	1.0
32	57	1.0
32	60	1.0
32	69	3.0
32	77	1.0
32	83	2.0
32	93	4.0
32	100	5.0
32	101	1.0
32	108	1.0
32	109	2.0
32	114	1.0
32	115	1.0
32	117	1.0
32	118	9.0
32	119	6.0
32	120	3.0
32	122	3.0
32	123	1.0
32	135	4.0
32	136	3.0
32	137	1.0
32	139	7.0
32	140	1.0
32	143	5.0
32	157	1.0
32	165	15.0
32	166	5.0
32	167	2.0
32	168	5.0
32	190	1.0
33	33	457.0
33	34	6.0
33	35	7.0
33	36	12.0
33	38	1.0
33	41	4.0
33	42	4.0
33	43	18.0
33	44	4.0
33	46	2.0
33	47	8.0
33	52	3.0
33	53	1.0
33	85	1.0
33	94	2.0
33	119	1.0
33	120	3.0
33	122	5.0
33	123	11.0
33	134	1.0
33	140	1.0
33	141	6.0
33	142	9.0
33	145	1.0
33	146	1.0
33	151	1.0
33	168	1.0
33	189	1.0
33	193	2.0
33	194	1.0
34	34	435.0
34	35	19.0
34	36	14.0
34	37	2.0
34	38	12.0
34	39	4.0
34	40	5.0
34	41	15.0
34	42	1.0
34	43	3.0
34	44	1.0
34	94	1.0
34	95	5.0
34	96	2.0
34	99	1.0
34	100	1.0
34	120	1.0
34	122	1.0
34	129	1.0
34	131	1.0
34	139	2.0
34	140	2.0
34	141	5.0
34	143	3.0
34	144	2.0
34	145	11.0
34	146	6.0
34	166	4.0
34	168	8.0
34	169	5.0
35	35	379.0
35	36	23.0
35	38	5.0
35	40	1.0
35	41	7.0
35	43	6.0
35	44	8.0
35	47	1.0
35	54	2.0
35	65	1.0
35	84	1.0
35	86	1.0
35	87	1.0
35	100	1.0
35	110	1.0
35	119	1.0
35	120	8.0
35	121	13.0
35	123	1.0
35	138	2.0
35	141	5.0
35	142	1.0
35	143	1.0
35	144	4.0
35	145	12.0
35	146	5.0
35	153	2.0
35	168	1.0
35	189	1.0
36	36	443.0
36	37	16.0
36	38	9.0
36	39	1.0
36	40	2.0
36	41	13.0
36	43	1.0
36	53	1.0
36	54	5.0
36	55	5.0
36	76	1.0
36	100	2.0
36	103	1.0
36	120	7.0
36	121	2.0
36	125	1.0
36	126	1.0
36	142	2.0
36	143	6.0
36	144	3.0
36	145	1.0
36	146	1.0
36	167	1.0
36	168	2.0
37	37	487.0
37	38	14.0
37	39	8.0
37	40	2.0
37	53	3.0
37	55	2.0
37	56	6.0
37	72	2.0
37	130	1.0
37	185	1.0
37	190	1.0
38	38	484.0
38	39	28.0
38	40	7.0
38	41	7.0
38	42	3.0
38	65	1.0
38	94	4.0
38	129	3.0
38	131	1.0
38	141	1.0
38	142	4.0
38	145	2.0
38	153	1.0
38	169	5.0
38	194	1.0
39	39	481.0
39	40	27.0
39	41	15.0
39	42	9.0
39	55	2.0
39	62	1.0
39	69	1.0
39	72	1.0
39	82	1.0
39	94	2.0
39	95	8.0
39	96	8.0
39	101	1.0
39	109	1.0
39	120	1.0
39	128	3.0
39	129	4.0
39	131	12.0
39	139	1.0
39	142	1.0
39	144	1.0
39	147	1.0
39	156	1.0
39	159	2.0
39	169	6.0
39	176	2.0
40	40	496.0
40	41	26.0
40	42	13.0
40	43	2.0
40	50	1.0
40	54	2.0
40	62	1.0
40	70	1.0
40	84	1.0
40	94	5.0
40	95	2.0
40	96	1.0
40	121	1.0
40	123	1.0
40	128	1.0
40	142	1.0
40	146	1.0
40	159	1.0
40	169	1.0
40	170	2.0
40	176	1.0
41	41	484.0
41	42	18.0
41	43	4.0
41	94	2.0
41	95	4.0
41	100	2.0
41	103	1.0
41	109	1.0
41	120	3.0
41	133	1.0
41	142	1.0
41	145	1.0
41	147	1.0
41	166	1.0
41	168	2.0
41	169	7.0
41	174	1.0
41	186	1.0
41	188	1.0
42	42	518.0
42	43	20.0
42	44	5.0
42	45	1.0
42	46	1.0
42	48	1.0
42	49	1.0
42	65	3.0
42	74	1.0
42	99	1.0
42	100	3.0
42	108	1.0
42	120	2.0
42	122	7.0
42	123	2.0
42	128	2.0
42	134	1.0
42	138	1.0
42	140	1.0
42	142	1.0
42	146	1.0
42	148	2.0
42	149	3.0
42	150	4.0
42	151	2.0
42	156	1.0
42	160	2.0
42	167	3.0
42	168	1.0
42	169	1.0
42	173	1.0
42	174	1.0
42	175	1.0
42	177	1.0
42	191	1.0
43	43	439.0
43	44	17.0
43	45	8.0
43	46	2.0
43	52	1.0
43	53	1.0
43	58	1.0
43	59	1.0
43	61	1.0
43	62	1.0
43	63	3.0
43	64	5.0
43	65	7.0
43	67	1.0
43	76	1.0
43	77	5.0
43	78	4.0
43	80	1.0
43	82	2.0
43	84	1.0
43	86	2.0
43	94	4.0
43	99	2.0
43	100	7.0
43	118	1.0
43	119	1.0
43	120	3.0
43	121	1.0
43	122	7.0
43	123	3.0
43	126	12.0
43	127	6.0
43	128	2.0
43	133	1.0
43	135	1.0
43	140	4.0
43	149	3.0
43	150	7.0
43	151	1.0
43	168	6.0
43	169	1.0
43	170	1.0
43	173	4.0
43	174	3.0
43	175	2.0
44	44	475.0
44	45	19.0
44	46	5.0
44	63	8.0
44	64	7.0
44	65	4.0
44	70	1.0
44	74	1.0
44	77	4.0
44	79	1.0
44	80	2.0
44	81	1.0
44	82	1.0
44	84	2.0
44	85	5.0
44	86	2.0
44	94	1.0
44	99	2.0
44	100	3.0
44	117	1.0
44	118	7.0
44	119	6.0
44	120	2.0
44	122	11.0
44	123	5.0
44	126	1.0
44	127	13.0
44	133	1.0
44	134	7.0
44	135	1.0
44	140	1.0
44	141	4.0
44	148	1.0
44	149	5.0
44	150	6.0
44	151	1.0
44	168	4.0
44	169	2.0
44	170	8.0
44	173	4.0
44	174	8.0
44	175	3.0
45	45	488.0
45	46	10.0
45	47	4.0
45	49	6.0
45	57	2.0
45	58	6.0
45	59	7.0
45	61	1.0
45	62	7.0
45	63	3.0
45	65	1.0
45	76	1.0
45	84	1.0
45	97	1.0
45	117	6.0
45	118	1.0
45	119	1.0
45	122	5.0
45	123	4.0
45	126	6.0
45	127	11.0
45	128	3.0
45	130	1.0
45	134	12.0
45	135	4.0
45	140	3.0
45	149	26.0
45	150	4.0
45	160	1.0
45	174	1.0
45	175	1.0
45	177	1.0
45	179	1.0
45	189	4.0
46	46	542.0
46	47	9.0
46	48	1.0
46	50	6.0
46	51	5.0
46	52	4.0
46	53	1.0
46	59	1.0
46	65	8.0
46	116	1.0
46	117	4.0
46	123	10.0
46	125	4.0
46	126	2.0
46	127	5.0
46	128	8.0
46	134	2.0
46	135	1.0
46	140	3.0
46	141	1.0
46	142	5.0
46	143	1.0
46	149	2.0
46	150	1.0
46	153	1.0
46	179	4.0
46	183	3.0
46	187	2.0
47	47	499.0
47	48	31.0
47	50	1.0
47	51	2.0
47	52	8.0
47	62	1.0
47	64	1.0
47	68	1.0
47	87	1.0
47	100	1.0
47	108	1.0
47	123	3.0
47	127	3.0
47	128	24.0
47	140	1.0
47	141	4.0
47	142	1.0
47	143	1.0
47	144	2.0
47	151	3.0
47	169	1.0
47	170	1.0
47	179	1.0
47	193	1.0
47	197	1.0
48	48	506.0
48	49	14.0
48	50	15.0
48	52	5.0
48	53	2.0
48	56	3.0
48	57	1.0
48	62	6.0
48	78	1.0
48	114	1.0
48	123	4.0
48	128	1.0
48	141	1.0
48	146	3.0
48	147	5.0
48	151	1.0
48	183	2.0
48	186	1.0
48	191	1.0
49	49	540.0
49	50	9.0
49	56	3.0
49	57	19.0
49	58	1.0
49	59	1.0
49	62	9.0
49	63	1.0
49	101	1.0
49	120	1.0
49	135	1.0
49	146	1.0
49	147	4.0
49	149	2.0
49	150	3.0
49	162	1.0
50	50	594.0
50	51	20.0
50	56	3.0
50	57	1.0
50	115	1.0
50	123	3.0
50	175	1.0
50	194	1.0
50	197	1.0
51	51	497.0
51	52	2.0
51	78	1.0
51	88	1.0
51	96	1.0
51	124	5.0
51	128	5.0
51	129	1.0
51	142	1.0
51	147	1.0
51	169	1.0
51	179	2.0
51	180	6.0
51	182	5.0
51	183	14.0
51	184	6.0
52	52	537.0
52	53	6.0
52	54	2.0
52	61	2.0
52	63	3.0
52	73	1.0
52	76	1.0
52	79	1.0
52	80	2.0
52	99	2.0
52	123	1.0
52	141	7.0
52	146	1.0
52	148	4.0
52	171	1.0
52	174	1.0
52	177	1.0
52	178	4.0
52	179	5.0
52	180	1.0
52	182	4.0
52	183	16.0
52	184	3.0
52	185	7.0
52	187	2.0
52	189	1.0
52	191	2.0
52	192	2.0
53	53	508.0
53	54	4.0
53	55	16.0
53	56	5.0
53	63	4.0
53	68	1.0
53	71	1.0
53	80	3.0
53	84	1.0
53	100	1.0
53	108	1.0
53	120	1.0
53	141	9.0
53	143	2.0
53	144	1.0
53	146	8.0
53	147	2.0
53	148	10.0
53	150	1.0
53	151	4.0
53	186	1.0
54	54	463.0
54	55	17.0
54	62	3.0
54	63	9.0
54	64	11.0
54	68	1.0
54	76	6.0
54	79	8.0
54	80	5.0
54	85	1.0
54	86	9.0
54	98	1.0
54	104	1.0
54	141	7.0
54	144	5.0
54	145	1.0
54	146	11.0
54	147	2.0
54	148	1.0
54	150	4.0
54	178	1.0
54	186	6.0
54	188	3.0
54	189	4.0
54	190	2.0
54	193	1.0
55	55	455.0
55	56	17.0
55	63	3.0
55	80	2.0
55	86	1.0
55	119	1.0
55	137	1.0
55	141	2.0
55	143	1.0
55	146	2.0
55	148	3.0
55	169	1.0
55	186	2.0
55	188	3.0
55	190	4.0
55	191	3.0
56	56	436.0
56	57	11.0
56	77	1.0
56	127	1.0
56	138	1.0
56	142	1.0
56	146	4.0
56	147	4.0
56	148	2.0
56	157	1.0
56	161	2.0
56	167	1.0
56	170	1.0
56	171	1.0
56	178	2.0
56	181	1.0
56	186	4.0
56	188	4.0
56	190	2.0
56	191	2.0
56	192	2.0
56	193	5.0
56	194	7.0
57	57	422.0
57	58	15.0
57	59	1.0
57	61	4.0
57	62	12.0
57	63	1.0
57	68	1.0
57	70	1.0
57	93	1.0
57	115	1.0
57	126	3.0
57	129	1.0
57	174	2.0
57	175	2.0
57	188	1.0
57	189	2.0
57	190	1.0
57	192	14.0
57	193	3.0
58	58	525.0
58	59	28.0
58	60	4.0
58	61	5.0
58	70	6.0
58	71	11.0
58	73	6.0
58	74	3.0
58	78	9.0
58	79	3.0
58	80	1.0
58	83	1.0
58	149	7.0
58	150	3.0
58	175	1.0
58	186	1.0
58	189	1.0
58	192	1.0
59	59	444.0
59	60	13.0
59	61	16.0
59	62	1.0
59	70	9.0
59	71	17.0
59	72	2.0
59	73	17.0
59	74	6.0
59	75	7.0
59	78	2.0
59	79	2.0
59	105	1.0
59	109	1.0
59	112	1.0
59	148	2.0
59	149	2.0
59	150	1.0
60	60	412.0
60	61	19.0
60	62	2.0
60	63	1.0
60	70	6.0
60	71	9.0
60	72	1.0
60	73	5.0
60	74	3.0
60	75	2.0
60	106	2.0
60	108	1.0
60	113	1.0
60	125	1.0
60	134	1.0
60	149	1.0
60	163	2.0
60	168	1.0
60	173	1.0
61	61	445.0
61	62	42.0
61	63	1.0
61	70	10.0
61	71	4.0
61	73	3.0
61	74	9.0
61	75	4.0
61	76	2.0
61	80	1.0
61	101	1.0
61	104	2.0
61	150	1.0
61	152	1.0
61	154	1.0
61	165	2.0
61	166	1.0
61	175	2.0
61	176	1.0
61	182	1.0
62	62	505.0
62	63	14.0
62	70	4.0
62	71	11.0
62	72	1.0
62	73	6.0
62	74	11.0
62	76	1.0
62	80	1.0
62	122	1.0
62	146	3.0
62	147	6.0
62	149	2.0
62	150	16.0
62	177	1.0
63	63	465.0
63	64	6.0
63	70	1.0
63	71	5.0
63	72	4.0
63	76	3.0
63	77	2.0
63	78	2.0
63	79	8.0
63	80	8.0
63	86	3.0
63	127	1.0
63	128	2.0
63	146	3.0
63	148	4.0
63	149	7.0
63	150	15.0
63	151	1.0
63	181	1.0
63	195	1.0
64	64	477.0
64	65	31.0
64	66	6.0
64	67	7.0
64	68	11.0
64	69	1.0
64	72	3.0
64	75	2.0
64	76	2.0
64	77	17.0
64	78	3.0
64	79	1.0
64	80	9.0
64	81	2.0
64	82	1.0
64	83	1.0
64	84	2.0
64	85	1.0
64	86	5.0
64	87	1.0
64	88	2.0
64	119	1.0
64	128	5.0
64	140	1.0
64	141	1.0
64	148	2.0
64	151	1.0
65	65	445.0
65	66	11.0
65	67	16.0
65	68	11.0
65	71	1.0
65	72	5.0
65	74	1.0
65	75	3.0
65	76	3.0
65	77	1.0
65	80	2.0
65	85	2.0
65	86	4.0
65	98	1.0
65	107	1.0
65	126	2.0
65	127	3.0
65	128	2.0
65	129	1.0
65	131	1.0
65	135	1.0
65	140	2.0
65	142	1.0
65	150	3.0
66	66	427.0
66	67	1.0
66	68	3.0
66	69	3.0
66	72	2.0
66	73	4.0
66	74	9.0
66	75	1.0
66	81	1.0
66	82	1.0
66	84	4.0
66	85	1.0
66	86	1.0
66	99	1.0
66	126	2.0
66	127	7.0
66	128	1.0
66	138	1.0
66	170	1.0
66	175	1.0
66	188	1.0
67	67	472.0
67	68	53.0
67	69	8.0
67	71	7.0
67	72	3.0
67	75	16.0
67	76	7.0
67	77	2.0
67	78	5.0
67	80	1.0
67	81	2.0
67	84	4.0
67	85	1.0
67	86	1.0
67	88	3.0
67	89	3.0
67	90	2.0
67	105	1.0
67	124	1.0
67	126	2.0
67	127	2.0
67	128	2.0
67	133	1.0
67	140	2.0
67	143	7.0
67	144	2.0
67	149	1.0
67	177	1.0
67	189	1.0
68	68	393.0
68	69	10.0
68	71	1.0
68	75	1.0
68	76	1.0
68	77	4.0
68	78	4.0
68	80	1.0
68	85	2.0
68	86	1.0
68	88	12.0
68	89	4.0
68	90	1.0
68	101	1.0
68	118	1.0
68	125	1.0
68	126	3.0
68	127	1.0
68	128	4.0
68	164	1.0
68	185	1.0
69	69	465.0
69	71	5.0
69	72	18.0
69	73	7.0
69	74	1.0
69	75	1.0
69	76	1.0
69	77	1.0
69	79	1.0
69	86	1.0
69	96	2.0
69	108	1.0
69	119	1.0
69	121	1.0
69	125	1.0
69	127	8.0
69	128	3.0
69	142	2.0
69	177	2.0
69	178	1.0
69	181	1.0
69	185	1.0
69	186	1.0
70	70	425.0
70	71	37.0
70	72	5.0
70	73	19.0
70	74	11.0
70	75	7.0
70	76	12.0
70	79	3.0
70	80	1.0
70	81	1.0
70	83	1.0
70	93	1.0
70	122	1.0
70	138	1.0
70	139	1.0
70	148	1.0
71	71	503.0
71	72	20.0
71	73	9.0
71	74	6.0
71	75	4.0
71	76	12.0
71	78	2.0
71	80	2.0
71	98	1.0
71	103	1.0
71	105	1.0
71	120	1.0
71	129	2.0
71	171	1.0
71	195	1.0
72	72	460.0
72	73	9.0
72	74	3.0
72	85	1.0
72	103	5.0
72	104	13.0
72	105	11.0
72	106	3.0
72	107	3.0
72	140	1.0
72	141	3.0
72	162	1.0
72	168	1.0
72	175	1.0
72	187	2.0
72	191	1.0
73	73	469.0
73	74	17.0
73	75	9.0
73	82	3.0
73	83	1.0
73	103	8.0
73	104	5.0
73	105	1.0
73	107	16.0
73	108	1.0
73	112	1.0
73	116	1.0
73	127	2.0
73	136	1.0
73	142	3.0
73	144	6.0
73	167	1.0
73	194	1.0
74	74	390.0
74	75	11.0
74	79	1.0
74	84	1.0
74	103	9.0
74	104	7.0
74	106	3.0
74	107	3.0
74	109	1.0
74	143	1.0
74	144	6.0
74	185	1.0
75	75	290.0
75	76	8.0
75	78	1.0
75	80	3.0
75	81	5.0
75	82	2.0
75	84	9.0
75	94	1.0
75	108	1.0
75	112	4.0
75	125	5.0
75	126	3.0
75	127	1.0
75	128	2.0
75	142	5.0
75	143	1.0
75	144	1.0
75	155	1.0
75	176	2.0
76	76	416.0
76	77	16.0
76	78	15.0
76	79	6.0
76	80	9.0
76	86	8.0
76	99	1.0
76	111	1.0
76	126	2.0
76	128	2.0
76	138	1.0
76	140	5.0
76	142	8.0
76	143	1.0
76	144	7.0
76	146	4.0
76	151	3.0
76	161	1.0
76	170	1.0
76	191	1.0
77	77	393.0
77	78	29.0
77	79	8.0
77	80	8.0
77	86	2.0
77	93	4.0
77	102	1.0
77	128	5.0
77	129	1.0
77	133	1.0
77	140	1.0
78	78	372.0
78	79	17.0
78	80	9.0
78	81	1.0
78	83	7.0
78	84	1.0
78	85	3.0
78	86	4.0
78	107	1.0
78	128	5.0
78	147	1.0
78	148	1.0
78	151	1.0
79	79	371.0
79	80	12.0
79	81	10.0
79	82	4.0
79	83	8.0
79	85	8.0
79	93	4.0
79	94	1.0
79	95	2.0
79	97	10.0
79	98	3.0
79	133	1.0
79	134	3.0
79	138	1.0
79	144	1.0
79	146	1.0
79	148	3.0
79	149	3.0
79	150	7.0
79	155	1.0
79	169	2.0
79	185	1.0
79	188	1.0
80	80	389.0
80	81	7.0
80	85	1.0
80	86	5.0
80	126	1.0
80	128	5.0
80	140	3.0
80	141	1.0
80	142	3.0
80	143	1.0
80	146	1.0
80	148	4.0
80	149	1.0
80	150	4.0
80	151	4.0
80	167	7.0
80	168	2.0
80	170	2.0
80	190	1.0
80	197	1.0
81	81	395.0
81	82	29.0
81	83	13.0
81	84	3.0
81	85	8.0
81	86	5.0
81	93	1.0
81	97	4.0
81	98	4.0
81	105	2.0
81	126	2.0
81	127	2.0
81	132	22.0
81	133	9.0
81	161	1.0
81	167	2.0
81	197	1.0
82	82	383.0
82	83	17.0
82	84	10.0
82	85	9.0
82	86	5.0
82	96	8.0
82	98	1.0
82	130	1.0
82	131	3.0
82	132	13.0
82	133	6.0
82	149	3.0
82	172	1.0
82	185	1.0
83	83	355.0
83	84	18.0
83	85	20.0
83	86	8.0
83	96	4.0
83	101	1.0
83	131	2.0
83	132	3.0
83	142	1.0
84	84	393.0
84	85	16.0
84	86	20.0
84	87	4.0
84	88	1.0
84	101	1.0
84	105	2.0
84	119	1.0
84	126	1.0
84	144	4.0
85	85	375.0
85	86	13.0
85	87	3.0
85	88	10.0
85	89	2.0
85	126	1.0
85	128	1.0
85	131	1.0
85	132	5.0
85	133	1.0
85	148	1.0
85	149	1.0
85	150	1.0
85	192	1.0
86	86	374.0
86	87	6.0
86	88	4.0
86	89	1.0
86	125	1.0
86	126	5.0
86	128	2.0
86	130	1.0
86	132	10.0
86	133	1.0
86	140	2.0
86	143	1.0
86	144	4.0
86	145	7.0
86	146	3.0
86	158	1.0
86	172	1.0
86	188	1.0
86	194	1.0
87	87	429.0
87	88	29.0
87	89	2.0
87	90	9.0
87	93	4.0
87	94	19.0
87	95	3.0
87	98	2.0
87	105	1.0
87	107	1.0
87	129	6.0
87	130	9.0
87	138	1.0
87	139	6.0
87	140	16.0
87	144	2.0
87	145	1.0
87	148	1.0
87	170	1.0
88	88	379.0
88	89	24.0
88	90	6.0
88	94	2.0
88	125	1.0
88	126	1.0
88	128	1.0
88	129	2.0
88	139	6.0
88	143	7.0
88	144	3.0
88	145	3.0
88	173	1.0
88	181	1.0
88	182	1.0
89	89	349.0
89	90	5.0
89	94	1.0
89	125	2.0
89	126	3.0
89	128	2.0
89	129	4.0
89	133	1.0
89	137	1.0
89	143	5.0
89	144	3.0
89	145	7.0
89	162	1.0
89	173	1.0
90	90	177.0
90	93	3.0
90	94	1.0
90	123	1.0
90	125	2.0
90	126	1.0
90	128	3.0
90	129	3.0
90	133	2.0
90	140	1.0
90	172	1.0
90	177	1.0
90	196	1.0
93	93	227.0
93	94	2.0
93	95	1.0
93	96	1.0
93	97	11.0
93	98	5.0
93	99	2.0
93	115	2.0
93	117	2.0
93	125	1.0
93	128	1.0
93	129	5.0
93	130	2.0
93	131	3.0
93	132	2.0
93	133	4.0
93	143	1.0
93	164	1.0
93	169	11.0
94	94	413.0
94	95	21.0
94	96	2.0
94	97	4.0
94	98	1.0
94	99	6.0
94	100	3.0
94	116	1.0
94	120	1.0
94	123	1.0
94	129	1.0
94	131	3.0
94	134	1.0
94	138	2.0
94	139	13.0
94	140	6.0
94	151	1.0
94	161	1.0
94	166	10.0
94	168	3.0
94	169	9.0
94	173	3.0
94	174	2.0
94	178	1.0
95	95	383.0
95	96	26.0
95	97	3.0
95	98	8.0
95	99	9.0
95	111	1.0
95	112	1.0
95	115	5.0
95	128	3.0
95	129	1.0
95	130	3.0
95	131	6.0
95	135	1.0
95	139	9.0
95	141	3.0
95	144	1.0
95	153	2.0
95	154	1.0
95	155	2.0
95	166	1.0
95	168	2.0
95	169	4.0
95	178	1.0
96	96	410.0
96	97	5.0
96	98	7.0
96	112	6.0
96	115	4.0
96	116	1.0
96	129	2.0
96	130	4.0
96	131	8.0
96	132	2.0
96	134	4.0
96	137	1.0
96	138	1.0
96	152	2.0
96	153	13.0
96	155	1.0
96	166	1.0
96	169	1.0
96	171	4.0
96	172	1.0
96	176	1.0
96	178	1.0
96	195	1.0
97	97	357.0
97	98	24.0
97	99	5.0
97	104	1.0
97	106	2.0
97	111	1.0
97	112	2.0
97	115	6.0
97	117	1.0
97	118	3.0
97	125	1.0
97	130	4.0
97	131	5.0
97	132	8.0
97	133	12.0
97	134	3.0
97	135	5.0
97	136	4.0
97	137	4.0
97	151	1.0
97	152	1.0
97	153	13.0
97	154	5.0
97	155	2.0
97	167	1.0
97	180	1.0
97	192	1.0
98	98	448.0
98	99	27.0
98	103	2.0
98	104	1.0
98	105	9.0
98	106	5.0
98	107	4.0
98	109	3.0
98	110	1.0
98	112	2.0
98	115	1.0
98	116	1.0
98	124	1.0
98	131	6.0
98	132	1.0
98	133	5.0
98	134	7.0
98	154	4.0
98	164	2.0
98	166	1.0
98	169	6.0
98	184	1.0
98	188	2.0
99	99	428.0
99	100	4.0
99	103	3.0
99	104	3.0
99	105	10.0
99	106	3.0
99	107	1.0
99	109	7.0
99	113	3.0
99	115	4.0
99	116	2.0
99	117	1.0
99	120	1.0
99	131	4.0
99	132	1.0
99	133	1.0
99	134	3.0
99	135	2.0
99	137	11.0
99	151	1.0
99	152	1.0
99	153	1.0
99	154	10.0
99	155	2.0
99	162	1.0
99	166	5.0
99	168	3.0
99	169	10.0
99	170	4.0
99	173	6.0
99	176	1.0
99	190	1.0
100	100	389.0
100	101	11.0
100	102	1.0
100	103	8.0
100	104	8.0
100	105	7.0
100	108	2.0
100	109	13.0
100	110	5.0
100	111	9.0
100	112	3.0
100	113	1.0
100	114	1.0
100	117	5.0
100	118	1.0
100	119	7.0
100	120	6.0
100	134	2.0
100	136	3.0
100	137	1.0
100	138	1.0
100	142	1.0
100	143	1.0
100	145	1.0
100	150	1.0
100	153	4.0
100	154	1.0
100	155	1.0
100	156	3.0
100	165	2.0
100	166	2.0
100	168	9.0
100	174	1.0
101	101	417.0
101	102	11.0
101	103	2.0
101	104	2.0
101	105	5.0
101	106	4.0
101	107	1.0
101	108	3.0
101	109	4.0
101	110	6.0
101	111	12.0
101	114	6.0
101	127	1.0
101	136	10.0
101	137	4.0
101	139	3.0
101	140	12.0
101	141	5.0
101	148	1.0
101	154	2.0
101	155	2.0
101	156	5.0
101	157	10.0
101	158	1.0
101	161	6.0
101	163	5.0
102	102	383.0
102	103	5.0
102	106	1.0
102	108	2.0
102	113	4.0
102	114	4.0
102	140	2.0
102	141	3.0
102	142	11.0
102	143	4.0
102	145	3.0
102	146	2.0
102	147	3.0
102	148	9.0
102	154	1.0
102	155	1.0
102	157	1.0
102	161	1.0
102	162	8.0
102	167	3.0
102	172	1.0
102	185	1.0
103	103	392.0
103	104	29.0
103	105	17.0
103	106	7.0
103	107	7.0
103	109	2.0
103	113	4.0
103	114	12.0
103	121	1.0
103	127	1.0
103	138	1.0
103	139	1.0
103	141	7.0
103	142	2.0
103	145	5.0
103	150	1.0
103	173	1.0
103	190	1.0
104	104	409.0
104	105	39.0
104	106	5.0
104	107	4.0
104	108	3.0
104	109	7.0
104	112	3.0
104	113	3.0
104	114	13.0
104	131	1.0
104	134	1.0
104	137	3.0
104	141	1.0
104	149	1.0
104	154	1.0
104	155	1.0
104	162	1.0
104	174	1.0
104	189	1.0
105	105	432.0
105	106	23.0
105	107	1.0
105	109	8.0
105	110	14.0
105	111	2.0
105	113	1.0
105	116	1.0
105	127	1.0
105	134	1.0
105	135	1.0
105	136	2.0
105	137	6.0
105	151	1.0
105	154	8.0
105	155	3.0
105	157	1.0
105	162	1.0
105	172	1.0
106	106	363.0
106	107	29.0
106	108	1.0
106	109	5.0
106	110	10.0
106	111	2.0
106	112	1.0
106	116	3.0
106	117	1.0
106	125	2.0
106	141	3.0
106	144	1.0
106	154	6.0
106	156	1.0
106	159	5.0
106	162	9.0
106	165	1.0
106	171	1.0
107	107	461.0
107	108	18.0
107	109	1.0
107	110	6.0
107	111	2.0
107	112	1.0
107	113	4.0
107	114	1.0
107	116	1.0
107	125	1.0
107	134	1.0
107	136	1.0
107	137	2.0
107	141	7.0
107	142	1.0
107	154	2.0
107	155	2.0
107	156	2.0
107	158	1.0
107	159	3.0
107	160	4.0
107	162	2.0
107	164	8.0
107	168	1.0
107	169	2.0
107	178	2.0
107	184	6.0
107	187	1.0
107	193	1.0
108	108	455.0
108	109	4.0
108	110	4.0
108	111	8.0
108	112	15.0
108	113	13.0
108	114	1.0
108	124	2.0
108	125	2.0
108	139	1.0
108	140	3.0
108	156	2.0
108	159	1.0
108	160	15.0
108	161	3.0
108	162	10.0
108	163	7.0
108	164	17.0
108	165	1.0
108	166	6.0
108	168	3.0
108	169	6.0
108	184	5.0
108	185	3.0
108	187	1.0
108	188	1.0
109	109	380.0
109	110	18.0
109	111	29.0
109	112	2.0
109	113	1.0
109	114	3.0
109	121	7.0
109	136	1.0
109	137	7.0
109	138	8.0
109	139	2.0
109	154	1.0
109	155	1.0
109	156	1.0
109	161	1.0
109	162	2.0
109	163	8.0
109	164	5.0
109	166	2.0
110	110	391.0
110	111	27.0
110	112	2.0
110	116	3.0
110	131	1.0
110	137	7.0
110	138	14.0
110	139	3.0
110	140	3.0
110	154	5.0
110	156	1.0
110	158	2.0
110	160	8.0
110	161	2.0
110	162	5.0
110	163	2.0
111	111	464.0
111	112	9.0
111	116	2.0
111	117	2.0
111	121	4.0
111	130	1.0
111	137	2.0
111	138	6.0
111	139	2.0
111	154	3.0
111	156	1.0
111	159	3.0
111	160	7.0
111	162	13.0
111	163	2.0
111	164	2.0
111	166	5.0
111	183	1.0
111	184	1.0
111	188	2.0
112	112	405.0
112	113	11.0
112	114	4.0
112	115	4.0
112	117	15.0
112	134	3.0
112	135	3.0
112	136	3.0
112	164	5.0
112	165	1.0
112	167	1.0
112	168	1.0
112	178	1.0
113	113	424.0
113	114	16.0
113	137	2.0
113	140	3.0
113	149	1.0
113	151	2.0
113	152	1.0
113	160	1.0
113	161	3.0
113	162	2.0
113	163	7.0
113	165	1.0
113	193	1.0
114	114	414.0
114	115	9.0
114	116	6.0
114	117	2.0
114	120	1.0
114	122	1.0
114	123	1.0
114	135	2.0
114	136	12.0
114	137	15.0
114	138	2.0
114	140	8.0
114	145	1.0
114	147	1.0
114	151	1.0
114	152	6.0
114	161	3.0
114	163	1.0
114	164	6.0
114	179	1.0
115	115	388.0
115	116	19.0
115	117	5.0
115	118	5.0
115	119	10.0
115	120	1.0
115	125	1.0
115	126	4.0
115	127	2.0
115	131	1.0
115	132	2.0
115	133	7.0
115	134	6.0
115	135	9.0
115	136	10.0
115	137	2.0
115	138	2.0
115	152	9.0
115	153	5.0
115	162	1.0
115	165	1.0
115	167	2.0
115	169	2.0
115	194	1.0
116	116	469.0
116	117	36.0
116	125	10.0
116	127	4.0
116	134	7.0
116	135	1.0
116	136	3.0
116	145	1.0
116	167	5.0
116	173	1.0
116	180	1.0
116	181	1.0
116	184	2.0
116	194	4.0
116	195	2.0
117	117	411.0
117	118	2.0
117	119	12.0
117	123	3.0
117	125	2.0
117	131	1.0
117	133	5.0
117	134	22.0
117	135	8.0
117	136	5.0
117	139	1.0
117	143	3.0
117	165	2.0
117	166	4.0
117	167	1.0
117	168	1.0
117	173	1.0
117	183	1.0
117	188	1.0
117	194	11.0
117	195	1.0
118	118	414.0
118	119	28.0
118	120	2.0
118	122	6.0
118	126	5.0
118	127	3.0
118	131	3.0
118	133	4.0
118	134	13.0
118	135	13.0
118	136	1.0
118	137	1.0
118	152	1.0
118	153	7.0
118	154	1.0
118	170	3.0
118	175	2.0
118	184	1.0
118	187	1.0
118	189	1.0
118	190	1.0
119	119	515.0
119	120	19.0
119	122	5.0
119	126	1.0
119	130	1.0
119	134	8.0
119	135	3.0
119	137	1.0
119	138	2.0
119	152	2.0
119	165	3.0
119	168	2.0
119	170	1.0
120	120	424.0
120	121	7.0
120	122	9.0
120	134	4.0
120	136	1.0
120	144	1.0
120	150	1.0
120	152	1.0
120	163	1.0
120	166	1.0
120	167	4.0
120	168	4.0
120	177	1.0
121	121	449.0
121	122	24.0
121	123	1.0
121	124	1.0
121	132	1.0
121	135	3.0
121	138	12.0
121	152	2.0
121	158	1.0
122	122	462.0
122	123	2.0
122	131	1.0
122	132	2.0
122	134	2.0
122	135	2.0
122	138	4.0
122	167	1.0
122	173	1.0
122	174	6.0
122	175	4.0
123	123	545.0
123	125	2.0
123	126	1.0
123	127	1.0
123	135	4.0
123	164	1.0
123	174	2.0
123	175	6.0
123	176	8.0
123	177	6.0
123	181	21.0
123	197	4.0
124	124	507.0
124	125	5.0
124	135	1.0
124	162	1.0
124	168	1.0
124	170	2.0
124	171	3.0
124	172	5.0
124	173	2.0
124	174	5.0
124	175	4.0
124	180	7.0
124	181	14.0
124	182	12.0
124	184	2.0
124	185	3.0
124	195	2.0
124	197	14.0
125	125	463.0
125	126	4.0
125	127	2.0
125	128	6.0
125	129	5.0
125	131	1.0
125	133	1.0
125	134	3.0
125	145	1.0
125	146	2.0
125	164	1.0
125	170	1.0
125	172	1.0
125	174	3.0
125	179	2.0
125	180	7.0
125	182	1.0
125	183	15.0
125	184	11.0
125	189	1.0
125	190	2.0
125	193	3.0
125	195	4.0
125	196	1.0
125	197	1.0
126	126	484.0
126	127	27.0
126	128	18.0
126	134	3.0
126	135	1.0
126	140	1.0
126	142	7.0
126	174	8.0
126	175	1.0
126	178	1.0
126	179	6.0
126	180	1.0
126	182	1.0
126	189	10.0
126	190	4.0
126	191	2.0
126	192	4.0
126	193	9.0
126	194	2.0
127	127	526.0
127	128	5.0
127	134	5.0
127	135	2.0
127	140	3.0
127	142	4.0
127	149	2.0
127	174	5.0
127	177	1.0
127	179	9.0
127	180	3.0
127	189	4.0
127	190	4.0
127	193	5.0
127	194	1.0
128	128	524.0
128	129	4.0
128	130	3.0
128	131	1.0
128	140	1.0
128	143	1.0
128	146	1.0
128	147	1.0
128	149	2.0
128	177	1.0
128	179	10.0
128	180	2.0
128	183	9.0
128	188	2.0
129	129	476.0
129	130	9.0
129	131	2.0
129	132	3.0
129	139	3.0
129	155	2.0
129	170	2.0
129	176	2.0
129	190	1.0
129	194	1.0
129	195	1.0
130	130	423.0
130	131	9.0
130	132	9.0
130	134	1.0
130	136	1.0
130	138	9.0
130	151	1.0
130	152	5.0
130	153	2.0
130	154	2.0
130	155	14.0
130	170	3.0
130	171	13.0
130	172	1.0
130	194	1.0
130	197	1.0
131	131	468.0
131	132	11.0
131	133	9.0
131	134	7.0
131	137	1.0
131	145	1.0
131	154	4.0
131	169	1.0
131	170	1.0
131	171	1.0
131	175	1.0
131	176	3.0
131	178	1.0
132	132	434.0
132	133	19.0
132	134	7.0
132	135	3.0
132	136	3.0
132	143	1.0
132	144	1.0
132	151	3.0
132	152	6.0
132	153	5.0
132	154	11.0
132	155	4.0
132	162	1.0
132	177	1.0
132	187	1.0
133	133	486.0
133	134	16.0
133	135	1.0
133	138	1.0
133	147	1.0
133	153	2.0
133	155	11.0
133	157	1.0
133	162	1.0
133	169	3.0
133	170	8.0
133	171	2.0
133	173	3.0
133	174	1.0
133	175	3.0
133	176	2.0
133	191	1.0
133	192	1.0
133	197	1.0
134	134	484.0
134	135	9.0
134	140	1.0
134	153	9.0
134	154	2.0
134	159	1.0
134	164	1.0
134	168	2.0
134	169	1.0
134	170	2.0
134	173	3.0
134	175	1.0
134	176	2.0
134	191	3.0
134	192	2.0
135	135	454.0
135	136	30.0
135	137	5.0
135	138	8.0
135	151	1.0
135	152	5.0
135	153	9.0
135	154	4.0
135	155	1.0
135	165	1.0
135	169	1.0
135	172	1.0
135	173	9.0
135	175	5.0
135	176	2.0
135	178	1.0
135	181	3.0
135	192	1.0
136	136	447.0
136	137	3.0
136	138	2.0
136	139	3.0
136	140	2.0
136	152	3.0
136	154	1.0
136	155	3.0
136	156	6.0
136	158	5.0
136	161	1.0
136	163	6.0
136	164	9.0
136	165	3.0
136	166	1.0
137	137	440.0
137	138	11.0
137	139	14.0
137	140	8.0
137	151	1.0
137	152	3.0
137	153	1.0
137	154	3.0
137	155	2.0
137	156	1.0
137	157	6.0
137	158	3.0
137	159	2.0
137	161	10.0
137	162	12.0
137	163	10.0
137	164	1.0
137	170	1.0
137	175	1.0
137	189	2.0
138	138	467.0
138	139	8.0
138	145	1.0
138	152	12.0
138	153	6.0
138	154	4.0
138	155	2.0
138	158	2.0
138	159	2.0
138	160	11.0
138	161	2.0
138	162	1.0
138	164	1.0
138	185	1.0
139	139	485.0
139	140	22.0
139	143	1.0
139	145	2.0
139	146	2.0
139	152	7.0
139	153	2.0
139	155	1.0
139	158	4.0
139	159	8.0
139	160	2.0
139	161	1.0
139	162	13.0
139	163	6.0
139	179	1.0
140	140	455.0
140	141	4.0
140	142	17.0
140	143	5.0
140	144	5.0
140	145	3.0
140	146	3.0
140	151	4.0
140	156	1.0
140	157	1.0
140	158	2.0
140	159	3.0
140	160	1.0
140	161	5.0
140	162	2.0
140	163	5.0
140	164	1.0
140	189	1.0
140	195	1.0
141	141	479.0
141	142	18.0
141	144	2.0
141	147	7.0
141	148	10.0
141	151	8.0
141	161	1.0
141	162	3.0
141	189	1.0
142	142	413.0
142	143	19.0
142	144	5.0
142	145	2.0
142	146	11.0
142	147	3.0
142	148	4.0
142	164	4.0
142	165	3.0
142	166	1.0
142	167	3.0
142	168	1.0
142	169	2.0
142	170	1.0
142	185	1.0
142	194	1.0
142	195	1.0
143	143	443.0
143	144	27.0
143	145	26.0
143	146	8.0
143	155	1.0
143	164	2.0
143	165	4.0
143	167	13.0
144	144	366.0
144	145	25.0
144	146	7.0
144	167	2.0
145	145	426.0
145	146	16.0
145	150	1.0
145	165	9.0
145	167	3.0
145	174	1.0
146	146	364.0
146	147	20.0
146	148	13.0
146	149	1.0
146	150	2.0
146	151	3.0
146	152	1.0
146	153	2.0
146	155	1.0
146	156	1.0
146	157	2.0
146	161	2.0
146	165	12.0
146	167	5.0
146	168	2.0
146	169	4.0
147	147	399.0
147	148	18.0
147	150	1.0
147	151	5.0
147	154	10.0
147	155	1.0
147	156	7.0
147	157	3.0
147	163	1.0
147	167	3.0
147	168	5.0
147	184	1.0
147	185	2.0
147	186	1.0
147	196	1.0
148	148	438.0
148	149	8.0
148	150	7.0
148	151	10.0
148	154	2.0
148	161	2.0
148	164	1.0
148	166	1.0
148	167	5.0
148	168	5.0
148	169	1.0
148	185	3.0
149	149	418.0
149	150	18.0
149	151	2.0
149	152	2.0
149	153	7.0
149	154	4.0
149	155	4.0
149	156	9.0
149	161	11.0
149	168	1.0
149	184	1.0
149	185	7.0
149	186	11.0
149	190	3.0
149	191	7.0
149	192	1.0
150	150	411.0
150	151	20.0
150	152	9.0
150	153	11.0
150	154	1.0
150	190	1.0
150	191	1.0
150	192	4.0
150	194	1.0
151	151	432.0
151	152	11.0
151	153	3.0
151	155	1.0
151	159	1.0
152	152	442.0
152	153	27.0
152	154	4.0
152	155	16.0
152	156	3.0
152	157	8.0
152	158	2.0
152	159	1.0
152	161	2.0
152	166	1.0
152	167	1.0
152	185	2.0
152	186	1.0
153	153	408.0
153	154	6.0
153	155	5.0
153	156	1.0
153	157	6.0
153	159	2.0
153	161	1.0
153	170	1.0
153	186	7.0
153	190	2.0
153	191	2.0
154	154	417.0
154	155	13.0
154	156	8.0
154	157	13.0
154	161	3.0
154	162	2.0
154	163	4.0
154	167	2.0
154	168	5.0
154	169	5.0
154	170	1.0
154	171	1.0
154	184	2.0
154	185	1.0
154	186	11.0
154	190	4.0
155	155	463.0
155	156	18.0
155	157	21.0
155	158	16.0
155	159	8.0
155	161	3.0
155	162	3.0
155	164	1.0
155	168	5.0
155	195	1.0
155	196	1.0
156	156	458.0
156	157	14.0
156	158	6.0
156	159	11.0
156	160	1.0
156	161	3.0
156	162	2.0
156	163	1.0
156	165	1.0
156	167	1.0
156	168	3.0
156	185	1.0
156	186	8.0
156	187	4.0
156	188	1.0
156	189	1.0
157	157	417.0
157	158	19.0
157	159	9.0
157	161	3.0
157	162	4.0
157	163	3.0
157	186	5.0
157	187	4.0
157	188	1.0
157	189	13.0
158	158	403.0
158	159	22.0
158	160	28.0
158	161	10.0
158	162	1.0
158	164	1.0
158	168	1.0
158	180	1.0
158	187	2.0
158	188	1.0
158	189	8.0
158	193	8.0
158	194	2.0
159	159	480.0
159	160	26.0
159	161	4.0
159	162	3.0
159	174	1.0
159	187	3.0
159	188	2.0
159	193	7.0
160	160	441.0
160	161	4.0
160	162	3.0
160	163	2.0
160	164	2.0
160	166	1.0
160	169	1.0
160	183	1.0
160	184	6.0
160	185	2.0
160	187	1.0
160	188	5.0
160	189	2.0
160	193	4.0
160	194	1.0
161	161	421.0
161	162	17.0
161	163	8.0
161	164	9.0
161	166	8.0
161	167	2.0
161	168	4.0
161	169	6.0
161	170	1.0
161	183	1.0
161	184	7.0
161	185	7.0
161	186	3.0
161	187	3.0
161	188	9.0
161	194	1.0
161	197	1.0
162	162	390.0
162	163	18.0
162	164	4.0
162	168	1.0
162	180	2.0
162	185	2.0
162	187	2.0
162	188	1.0
162	197	1.0
163	163	410.0
163	164	12.0
163	165	4.0
163	166	15.0
163	167	8.0
163	168	10.0
163	169	6.0
163	184	4.0
163	186	3.0
163	187	5.0
163	188	2.0
163	189	1.0
164	164	412.0
164	165	14.0
164	166	11.0
164	169	8.0
164	172	1.0
164	184	2.0
164	185	1.0
164	187	4.0
164	188	1.0
164	189	1.0
165	165	349.0
165	166	16.0
165	167	25.0
165	168	2.0
165	169	2.0
165	183	1.0
165	184	1.0
165	188	1.0
165	191	2.0
166	166	378.0
166	167	10.0
166	168	5.0
166	169	7.0
166	170	1.0
166	184	10.0
166	185	1.0
166	188	2.0
167	167	435.0
167	168	17.0
167	170	8.0
168	168	396.0
168	169	16.0
168	170	5.0
168	176	1.0
168	183	1.0
168	187	2.0
168	188	2.0
169	169	406.0
169	170	8.0
169	173	1.0
169	174	1.0
169	184	2.0
169	185	1.0
170	170	447.0
170	171	29.0
170	172	10.0
170	173	3.0
170	174	2.0
170	175	2.0
170	176	1.0
170	179	2.0
170	185	1.0
170	190	1.0
171	171	446.0
171	172	16.0
171	174	1.0
171	176	1.0
171	177	3.0
171	178	5.0
171	181	1.0
171	183	1.0
171	185	1.0
171	188	1.0
171	190	3.0
171	191	1.0
171	192	2.0
172	172	460.0
172	173	7.0
172	174	4.0
172	175	2.0
172	176	2.0
172	177	2.0
172	178	7.0
172	179	1.0
172	180	1.0
172	183	1.0
172	190	2.0
172	195	1.0
173	173	401.0
173	174	18.0
173	175	6.0
173	176	8.0
173	177	4.0
173	178	7.0
173	179	2.0
173	180	1.0
173	182	3.0
173	183	8.0
173	184	1.0
173	188	1.0
173	190	1.0
173	191	3.0
173	195	2.0
173	196	1.0
173	197	1.0
174	174	357.0
174	175	29.0
174	176	5.0
174	177	4.0
174	178	2.0
174	179	8.0
174	180	15.0
174	182	11.0
174	185	2.0
174	189	3.0
174	190	5.0
174	192	1.0
174	196	5.0
175	175	386.0
175	176	17.0
175	177	4.0
175	181	8.0
175	182	2.0
175	183	1.0
175	187	1.0
175	189	4.0
175	190	4.0
175	192	1.0
176	176	417.0
176	177	52.0
176	178	19.0
176	182	1.0
176	187	3.0
176	189	2.0
176	190	3.0
176	191	4.0
176	192	4.0
177	177	463.0
177	178	26.0
177	180	2.0
177	185	1.0
177	187	9.0
177	188	2.0
177	189	1.0
177	191	2.0
178	178	417.0
178	179	13.0
178	180	1.0
178	185	1.0
178	187	6.0
178	188	1.0
178	189	4.0
178	190	3.0
178	191	1.0
178	192	2.0
178	193	4.0
178	194	3.0
179	179	453.0
179	180	21.0
179	182	1.0
179	183	10.0
179	185	1.0
179	187	1.0
179	189	7.0
179	191	7.0
179	192	2.0
179	193	7.0
179	195	4.0
179	197	4.0
180	180	397.0
180	181	6.0
180	182	11.0
180	183	23.0
180	184	10.0
180	185	1.0
180	189	1.0
180	195	5.0
180	196	3.0
180	197	7.0
181	181	472.0
181	182	29.0
181	183	4.0
181	187	1.0
181	195	5.0
181	196	5.0
181	197	13.0
182	182	434.0
182	183	11.0
182	184	9.0
182	185	2.0
182	195	6.0
182	196	16.0
182	197	11.0
183	183	502.0
183	184	13.0
183	185	1.0
183	193	2.0
183	195	13.0
183	196	6.0
183	197	5.0
184	184	513.0
184	185	8.0
184	188	5.0
184	193	4.0
184	194	1.0
184	196	1.0
184	197	1.0
185	185	470.0
185	186	16.0
185	187	14.0
185	188	7.0
185	192	3.0
186	186	462.0
186	187	2.0
186	188	4.0
186	189	3.0
186	190	9.0
186	192	1.0
187	187	500.0
187	188	18.0
187	189	28.0
187	190	16.0
187	191	7.0
188	188	433.0
188	189	19.0
188	190	8.0
188	191	2.0
188	193	1.0
189	189	470.0
189	190	7.0
189	191	13.0
189	192	4.0
189	193	12.0
189	194	1.0
190	190	428.0
190	191	9.0
190	192	1.0
190	193	2.0
190	194	3.0
191	191	423.0
191	192	21.0
191	193	5.0
191	194	1.0
192	192	394.0
192	193	9.0
192	194	6.0
193	193	528.0
193	194	12.0
194	194	527.0
195	195	464.0
195	196	18.0
195	197	13.0
196	196	487.0
196	197	15.0
197	197	417.0
199	1	14.0
199	2	34.0
199	3	13.0
199	4	2.0
199	8	2.0
199	16	4.0
199	19	1.0
199	20	2.0
199	21	3.0
199	22	10.0
199	23	12.0
199	24	1.0
199	25	1.0
199	27	4.0
199	28	3.0
199	29	2.0
199	30	7.0
199	31	4.0
199	34	3.0
199	36	9.0
199	37	8.0
199	39	2.0
199	40	1.0
199	41	6.0
199	42	1.0
199	65	1.0
199	71	1.0
199	75	1.0
199	111	1.0
199	115	1.0
199	118	1.0
199	122	1.0
199	129	1.0
199	145	1.0
199	169	2.0
199	199	339.0
