1	1	596.0
1	2	27.0
1	3	1.0
1	4	12.0
1	5	2.0
1	11	1.0
1	25	1.0
1	42	1.0
1	45	1.0
1	46	1.0
1	69	1.0
1	75	1.0
1	76	4.0
1	77	1.0
1	82	1.0
1	86	1.0
1	95	1.0
1	98	2.0
1	110	4.0
1	111	5.0
1	113	1.0
1	114	1.0
1	115	1.0
1	116	1.0
1	117	8.0
1	126	4.0
1	127	2.0
1	131	6.0
1	132	2.0
1	133	4.0
2	2	584.0
2	3	7.0
2	4	8.0
2	5	20.0
2	6	8.0
2	8	2.0
2	9	1.0
2	10	2.0
2	11	6.0
2	15	1.0
2	25	1.0
2	26	1.0
2	30	1.0
2	48	1.0
2	68	1.0
2	76	2.0
2	99	1.0
2	106	1.0
2	109	1.0
2	110	1.0
2	116	2.0
2	117	9.0
2	118	16.0
2	119	1.0
2	124	1.0
2	131	6.0
2	132	1.0
2	133	1.0
3	3	619.0
3	4	17.0
3	5	21.0
3	6	7.0
3	8	5.0
3	9	5.0
3	16	1.0
3	30	1.0
3	31	1.0
3	42	1.0
3	45	1.0
3	54	1.0
3	56	1.0
3	58	1.0
3	98	1.0
3	110	6.0
3	112	1.0
3	114	1.0
3	116	2.0
3	117	3.0
3	118	5.0
3	119	1.0
4	4	627.0
4	5	24.0
4	6	1.0
4	8	2.0
4	50	1.0
4	54	1.0
4	61	1.0
4	68	1.0
4	77	2.0
4	105	1.0
4	108	1.0
4	110	6.0
4	111	2.0
4	113	1.0
4	114	2.0
4	116	19.0
4	117	24.0
4	118	2.0
4	119	7.0
4	126	1.0
4	130	4.0
4	131	7.0
4	132	2.0
5	5	648.0
5	6	6.0
5	7	3.0
5	8	1.0
5	9	7.0
5	20	1.0
5	57	5.0
5	65	1.0
5	85	1.0
5	87	1.0
5	93	1.0
5	110	2.0
5	113	1.0
5	114	10.0
5	116	9.0
5	117	10.0
5	118	2.0
5	128	1.0
5	129	3.0
5	130	7.0
5	131	14.0
6	6	612.0
6	7	5.0
6	9	3.0
6	20	1.0
6	30	1.0
6	31	1.0
6	45	1.0
6	104	4.0
6	105	4.0
6	106	1.0
6	107	1.0
6	108	4.0
6	109	7.0
6	117	4.0
6	118	7.0
6	119	2.0
6	122	1.0
6	125	1.0
6	129	1.0
6	130	1.0
6	131	5.0
7	7	493.0
7	8	15.0
7	9	27.0
7	13	6.0
7	14	8.0
7	17	3.0
7	25	2.0
7	26	12.0
7	33	9.0
7	34	6.0
7	38	1.0
7	42	1.0
7	44	1.0
7	52	5.0
7	53	1.0
7	56	1.0
7	57	4.0
7	58	3.0
7	62	1.0
7	64	1.0
7	66	1.0
7	67	1.0
7	76	1.0
7	105	1.0
7	110	1.0
7	111	1.0
7	131	16.0
8	8	388.0
8	9	24.0
8	10	4.0
8	13	2.0
8	14	4.0
8	26	1.0
8	33	1.0
8	52	5.0
8	53	2.0
8	58	2.0
8	73	1.0
8	77	1.0
8	87	2.0
8	117	1.0
8	131	2.0
9	9	465.0
9	10	12.0
9	11	2.0
9	12	9.0
9	13	4.0
9	14	5.0
9	16	1.0
9	31	3.0
9	55	1.0
9	69	2.0
9	80	1.0
9	100	1.0
9	122	4.0
9	129	2.0
9	130	1.0
9	131	17.0
10	10	496.0
10	11	28.0
10	12	5.0
10	13	3.0
10	15	9.0
10	16	4.0
10	17	2.0
10	30	1.0
10	46	1.0
10	53	1.0
10	57	1.0
10	87	8.0
10	88	4.0
10	94	1.0
10	97	1.0
10	98	3.0
10	99	5.0
10	100	1.0
10	101	1.0
10	102	1.0
10	103	1.0
10	128	1.0
10	131	13.0
10	132	6.0
11	11	533.0
11	12	28.0
11	15	8.0
11	16	7.0
11	17	14.0
11	29	1.0
11	47	1.0
11	48	1.0
11	56	1.0
11	57	1.0
11	64	1.0
11	75	1.0
11	77	1.0
11	78	2.0
11	79	1.0
11	86	3.0
11	87	6.0
11	88	7.0
11	92	1.0
11	94	1.0
11	98	5.0
11	99	11.0
11	100	1.0
11	102	2.0
11	103	2.0
11	110	1.0
11	131	2.0
12	12	644.0
12	13	20.0
12	14	5.0
12	15	21.0
12	17	1.0
12	23	1.0
12	24	1.0
12	27	1.0
12	33	2.0
12	38	3.0
12	41	1.0
12	42	1.0
12	44	1.0
12	48	3.0
12	54	3.0
12	56	1.0
12	71	2.0
12	78	1.0
12	84	1.0
12	89	1.0
12	94	1.0
12	98	1.0
12	99	6.0
12	100	1.0
12	102	1.0
12	108	1.0
12	109	1.0
12	115	1.0
12	118	1.0
12	123	1.0
12	132	1.0
13	13	559.0
13	14	25.0
13	15	2.0
13	16	2.0
13	17	6.0
13	18	1.0
13	23	2.0
13	24	3.0
13	25	2.0
13	26	1.0
13	27	15.0
13	28	1.0
13	32	1.0
13	33	3.0
13	38	4.0
13	39	11.0
13	40	3.0
13	42	6.0
13	47	1.0
13	48	6.0
13	54	29.0
13	55	8.0
13	56	1.0
13	63	1.0
13	68	1.0
13	99	4.0
13	100	11.0
13	120	1.0
13	121	1.0
14	14	576.0
14	15	24.0
14	21	1.0
14	22	1.0
14	23	1.0
14	40	7.0
14	41	14.0
14	42	3.0
14	54	6.0
14	55	1.0
14	82	1.0
14	88	1.0
14	100	4.0
14	120	1.0
14	122	1.0
15	15	545.0
15	16	15.0
15	17	3.0
15	18	1.0
15	21	1.0
15	23	5.0
15	24	10.0
15	32	1.0
15	38	3.0
15	39	1.0
15	40	15.0
15	41	8.0
15	42	1.0
15	54	3.0
15	58	1.0
15	60	1.0
15	62	2.0
15	63	1.0
15	65	3.0
15	66	2.0
15	77	10.0
15	78	6.0
15	79	2.0
15	80	16.0
15	81	9.0
15	86	2.0
15	87	2.0
15	98	3.0
15	99	7.0
15	100	5.0
15	102	3.0
15	107	2.0
15	113	1.0
16	16	546.0
16	17	16.0
16	18	5.0
16	23	17.0
16	24	15.0
16	25	2.0
16	32	7.0
16	34	1.0
16	37	1.0
16	38	12.0
16	39	16.0
16	40	8.0
16	42	2.0
16	43	14.0
16	45	4.0
16	47	7.0
16	52	1.0
16	55	1.0
16	62	3.0
16	64	4.0
16	66	2.0
16	67	1.0
16	74	1.0
16	76	1.0
16	77	5.0
16	78	19.0
16	79	12.0
16	80	7.0
16	81	8.0
16	86	10.0
16	87	10.0
16	88	10.0
16	96	3.0
16	97	1.0
16	99	5.0
16	100	2.0
16	101	1.0
16	102	19.0
16	103	2.0
16	111	1.0
17	17	519.0
17	18	5.0
17	19	6.0
17	23	4.0
17	24	2.0
17	25	5.0
17	27	1.0
17	33	8.0
17	34	2.0
17	38	7.0
17	39	3.0
17	40	1.0
17	43	9.0
17	44	1.0
17	45	5.0
17	46	2.0
17	47	2.0
17	48	4.0
17	49	7.0
17	50	1.0
17	56	1.0
17	59	7.0
17	60	1.0
17	61	4.0
17	62	13.0
17	63	1.0
17	66	8.0
17	67	4.0
17	68	4.0
17	72	3.0
17	73	7.0
17	74	3.0
17	75	1.0
17	77	7.0
17	78	1.0
17	79	21.0
17	80	2.0
17	81	4.0
17	82	1.0
17	84	4.0
17	86	13.0
17	87	1.0
17	90	1.0
17	95	1.0
17	96	2.0
17	99	2.0
17	100	4.0
17	102	6.0
17	103	3.0
17	106	1.0
17	108	1.0
17	124	1.0
17	131	1.0
18	18	509.0
18	19	26.0
18	21	1.0
18	22	4.0
18	28	7.0
18	29	5.0
18	30	3.0
18	31	17.0
18	32	1.0
18	34	7.0
18	37	2.0
18	38	5.0
18	39	2.0
18	40	3.0
18	43	1.0
18	45	4.0
18	46	7.0
18	47	13.0
18	48	4.0
18	49	12.0
18	57	1.0
18	58	1.0
18	65	2.0
18	66	2.0
18	67	11.0
18	68	19.0
18	69	1.0
18	71	2.0
18	74	8.0
18	75	15.0
18	77	2.0
18	80	2.0
18	81	1.0
18	82	3.0
18	83	5.0
18	84	18.0
18	85	12.0
18	86	1.0
18	96	1.0
18	99	1.0
18	103	1.0
18	115	1.0
19	19	514.0
19	20	18.0
19	21	12.0
19	22	7.0
19	23	2.0
19	27	7.0
19	28	19.0
19	29	4.0
19	30	10.0
19	41	1.0
19	46	3.0
19	47	1.0
19	48	2.0
19	49	2.0
19	50	4.0
19	51	1.0
19	59	1.0
19	67	18.0
19	68	4.0
19	71	4.0
19	74	3.0
19	75	8.0
19	77	11.0
19	83	3.0
19	85	1.0
19	119	1.0
19	120	1.0
19	125	1.0
20	20	513.0
20	21	48.0
20	22	16.0
20	23	8.0
20	24	4.0
20	25	10.0
20	27	7.0
20	28	3.0
20	29	6.0
20	30	1.0
20	31	7.0
20	32	2.0
20	47	1.0
20	67	4.0
20	71	3.0
20	89	1.0
20	118	1.0
21	21	492.0
21	22	45.0
21	23	2.0
21	24	3.0
21	25	1.0
21	26	2.0
21	27	3.0
21	28	20.0
21	29	1.0
21	32	6.0
21	41	5.0
21	42	3.0
21	46	1.0
21	50	1.0
21	51	3.0
21	58	1.0
21	65	2.0
21	67	7.0
21	71	6.0
21	75	2.0
21	77	1.0
21	81	1.0
21	85	1.0
21	94	1.0
21	119	1.0
21	132	1.0
22	22	479.0
22	23	13.0
22	24	3.0
22	25	4.0
22	27	1.0
22	28	6.0
22	32	1.0
22	41	7.0
22	42	7.0
22	43	1.0
22	46	20.0
22	49	5.0
22	51	6.0
22	55	4.0
22	67	8.0
22	68	1.0
22	71	2.0
22	94	1.0
22	95	1.0
23	23	489.0
23	24	47.0
23	25	13.0
23	27	2.0
23	38	6.0
23	39	17.0
23	40	6.0
23	41	6.0
23	42	2.0
23	45	1.0
23	50	3.0
23	51	1.0
23	55	9.0
23	91	1.0
23	121	2.0
24	24	507.0
24	25	27.0
24	26	4.0
24	27	2.0
24	29	1.0
24	32	1.0
24	37	5.0
24	38	6.0
24	39	10.0
24	40	1.0
24	45	2.0
24	46	1.0
24	49	1.0
24	50	1.0
24	54	1.0
24	61	1.0
24	67	2.0
24	70	1.0
24	78	1.0
24	110	1.0
24	118	1.0
24	133	2.0
25	25	524.0
25	26	19.0
25	27	14.0
25	33	3.0
25	34	1.0
25	37	7.0
25	38	2.0
25	39	3.0
25	45	11.0
25	46	6.0
25	64	1.0
25	67	13.0
25	68	3.0
25	69	1.0
25	70	1.0
25	78	1.0
25	93	1.0
25	101	1.0
25	106	1.0
25	116	1.0
25	120	1.0
26	26	510.0
26	27	16.0
26	32	1.0
26	33	9.0
26	34	22.0
26	38	1.0
26	45	9.0
26	46	8.0
26	47	2.0
26	48	4.0
26	52	1.0
26	54	2.0
26	58	7.0
26	67	14.0
26	68	29.0
26	69	8.0
26	71	1.0
26	72	9.0
26	73	5.0
26	75	1.0
26	76	1.0
26	122	1.0
26	123	2.0
26	132	2.0
27	27	513.0
27	28	4.0
27	29	3.0
27	31	2.0
27	32	16.0
27	33	4.0
27	34	1.0
27	38	2.0
27	39	4.0
27	40	4.0
27	41	4.0
27	42	9.0
27	45	4.0
27	46	1.0
27	47	1.0
27	50	1.0
27	52	1.0
27	53	5.0
27	54	1.0
27	56	2.0
27	67	8.0
27	68	6.0
27	70	11.0
27	71	8.0
27	72	21.0
27	73	8.0
27	74	5.0
27	75	4.0
27	107	1.0
27	131	1.0
28	28	505.0
28	29	26.0
28	30	4.0
28	31	15.0
28	32	4.0
28	38	1.0
28	39	1.0
28	41	4.0
28	55	1.0
28	56	1.0
28	59	1.0
28	67	3.0
28	71	2.0
28	74	17.0
28	75	21.0
28	86	1.0
28	96	1.0
28	99	1.0
29	29	517.0
29	30	24.0
29	31	23.0
29	32	11.0
29	34	1.0
29	41	2.0
29	45	1.0
29	50	1.0
29	53	1.0
29	71	2.0
29	74	1.0
29	75	10.0
29	79	1.0
29	83	3.0
29	85	1.0
29	102	1.0
29	110	1.0
29	118	1.0
30	30	520.0
30	31	14.0
30	42	1.0
30	75	3.0
30	81	1.0
30	86	1.0
30	93	1.0
31	31	523.0
31	32	18.0
31	34	2.0
31	38	1.0
31	39	2.0
31	40	2.0
31	43	1.0
31	53	1.0
31	57	3.0
31	74	2.0
31	75	6.0
31	82	2.0
31	83	9.0
31	84	4.0
31	85	19.0
31	86	11.0
31	89	1.0
31	107	1.0
31	118	1.0
32	32	488.0
32	33	10.0
32	34	4.0
32	38	3.0
32	41	6.0
32	42	10.0
32	48	1.0
32	51	1.0
32	53	1.0
32	54	3.0
32	55	3.0
32	56	2.0
32	70	1.0
32	71	1.0
32	76	1.0
32	77	1.0
32	79	3.0
32	81	1.0
32	82	20.0
32	83	4.0
32	84	2.0
32	85	11.0
32	86	7.0
32	87	1.0
32	92	3.0
32	93	1.0
32	94	2.0
32	95	7.0
32	96	14.0
32	98	2.0
32	113	2.0
32	127	1.0
32	128	1.0
33	33	482.0
33	34	32.0
33	38	1.0
33	45	1.0
33	47	4.0
33	52	2.0
33	53	5.0
33	67	2.0
33	78	1.0
33	79	4.0
33	80	1.0
33	82	4.0
33	84	7.0
33	87	3.0
33	93	3.0
33	94	5.0
33	95	9.0
33	96	24.0
33	97	1.0
33	128	1.0
34	34	483.0
34	37	1.0
34	38	25.0
34	39	1.0
34	45	1.0
34	47	4.0
34	51	1.0
34	52	13.0
34	53	3.0
34	54	1.0
34	56	3.0
34	57	5.0
34	58	10.0
34	60	1.0
34	62	1.0
34	63	4.0
34	64	1.0
34	66	2.0
34	67	5.0
34	75	1.0
34	81	7.0
34	82	9.0
34	84	9.0
34	85	9.0
34	86	14.0
34	95	1.0
34	96	13.0
34	99	1.0
34	105	1.0
34	107	1.0
34	130	1.0
37	37	47.0
37	38	4.0
37	39	1.0
37	40	1.0
37	65	1.0
37	77	1.0
37	80	1.0
38	38	579.0
38	39	27.0
38	40	18.0
38	43	6.0
38	44	3.0
38	45	14.0
38	46	1.0
38	47	10.0
38	48	1.0
38	51	3.0
38	52	4.0
38	53	2.0
38	54	2.0
38	55	2.0
38	60	1.0
38	65	3.0
38	66	7.0
38	67	4.0
38	70	2.0
38	71	5.0
38	72	4.0
38	73	1.0
38	76	5.0
38	77	6.0
38	82	1.0
38	83	5.0
38	84	6.0
38	85	1.0
38	87	1.0
38	100	1.0
38	102	1.0
38	114	1.0
38	128	1.0
38	129	1.0
39	39	485.0
39	40	22.0
39	42	6.0
39	43	7.0
39	44	1.0
39	45	6.0
39	46	9.0
39	47	12.0
39	48	2.0
39	54	2.0
39	55	3.0
39	59	1.0
39	64	1.0
39	66	5.0
39	68	1.0
39	70	11.0
39	71	5.0
39	72	6.0
39	73	10.0
39	75	7.0
39	77	1.0
39	83	2.0
39	84	11.0
39	85	5.0
39	91	1.0
39	96	1.0
39	110	1.0
40	40	493.0
40	41	13.0
40	42	11.0
40	43	7.0
40	44	3.0
40	45	1.0
40	47	2.0
40	49	2.0
40	50	1.0
40	54	5.0
40	55	11.0
40	58	8.0
40	59	4.0
40	60	13.0
40	61	2.0
40	62	1.0
40	63	4.0
40	65	8.0
40	66	7.0
40	67	2.0
40	70	11.0
40	71	11.0
40	72	8.0
40	74	3.0
40	75	1.0
40	83	4.0
40	84	3.0
40	85	9.0
40	96	1.0
40	105	1.0
41	41	500.0
41	42	24.0
41	44	3.0
41	46	1.0
41	48	1.0
41	49	4.0
41	50	1.0
41	54	5.0
41	55	8.0
41	56	4.0
41	57	15.0
41	58	23.0
41	59	13.0
41	60	5.0
41	62	1.0
41	63	3.0
41	64	4.0
41	72	1.0
41	76	2.0
41	92	1.0
41	120	1.0
41	128	1.0
42	42	495.0
42	43	5.0
42	44	18.0
42	45	3.0
42	46	11.0
42	47	10.0
42	49	1.0
42	50	1.0
42	54	13.0
42	55	8.0
42	56	7.0
42	57	7.0
42	58	12.0
42	59	2.0
42	60	10.0
42	61	1.0
42	62	9.0
42	63	10.0
42	65	1.0
42	66	8.0
42	67	2.0
42	69	6.0
42	70	4.0
42	71	1.0
42	77	1.0
42	92	1.0
42	99	3.0
42	105	1.0
42	107	1.0
43	43	578.0
43	44	30.0
43	45	15.0
43	46	2.0
43	47	5.0
43	48	3.0
43	49	8.0
43	50	2.0
43	58	11.0
43	59	6.0
43	60	5.0
43	61	1.0
43	62	18.0
43	65	4.0
43	66	22.0
43	67	22.0
43	69	6.0
43	72	9.0
43	74	2.0
43	78	1.0
43	89	1.0
43	97	4.0
43	99	1.0
43	100	1.0
43	101	1.0
43	106	1.0
43	110	1.0
43	127	2.0
44	44	526.0
44	45	18.0
44	46	6.0
44	47	9.0
44	48	5.0
44	49	14.0
44	50	11.0
44	55	1.0
44	56	1.0
44	58	16.0
44	59	12.0
44	60	3.0
44	62	21.0
44	63	4.0
44	64	3.0
44	65	5.0
44	66	12.0
44	67	15.0
44	69	14.0
44	70	1.0
44	72	11.0
44	73	7.0
44	74	3.0
44	75	1.0
44	82	1.0
44	91	1.0
44	96	9.0
44	97	6.0
44	99	6.0
44	100	1.0
44	108	1.0
44	132	1.0
45	45	487.0
45	46	17.0
45	47	22.0
45	48	13.0
45	49	7.0
45	50	3.0
45	60	1.0
45	64	2.0
45	65	17.0
45	66	15.0
45	67	10.0
45	68	4.0
45	69	6.0
45	70	3.0
45	71	5.0
45	72	1.0
45	73	1.0
45	75	3.0
45	77	6.0
45	78	4.0
45	81	2.0
45	92	1.0
45	101	2.0
45	109	3.0
45	111	1.0
45	120	1.0
46	46	535.0
46	47	19.0
46	48	5.0
46	49	17.0
46	50	12.0
46	54	1.0
46	55	6.0
46	56	1.0
46	64	1.0
46	65	2.0
46	67	12.0
46	68	12.0
46	69	33.0
46	70	1.0
46	73	13.0
46	101	1.0
46	108	1.0
46	110	1.0
46	114	1.0
46	127	1.0
47	47	499.0
47	48	22.0
47	50	1.0
47	51	2.0
47	52	3.0
47	54	1.0
47	55	4.0
47	56	6.0
47	58	1.0
47	64	3.0
47	65	10.0
47	66	10.0
47	67	4.0
47	69	7.0
47	91	1.0
47	99	1.0
47	102	1.0
47	103	3.0
47	105	1.0
47	106	1.0
47	111	1.0
47	120	1.0
48	48	562.0
48	49	20.0
48	50	18.0
48	52	3.0
48	53	4.0
48	54	6.0
48	56	8.0
48	64	1.0
48	65	9.0
48	66	8.0
48	67	1.0
48	69	3.0
48	70	1.0
48	71	2.0
48	76	1.0
48	77	11.0
48	78	3.0
48	79	4.0
48	80	1.0
48	84	2.0
48	92	1.0
48	105	1.0
48	106	1.0
49	49	630.0
49	50	23.0
49	53	1.0
49	57	8.0
49	58	3.0
49	62	1.0
49	64	1.0
49	66	2.0
49	67	3.0
49	68	12.0
49	69	6.0
49	72	1.0
49	77	1.0
49	79	2.0
49	83	4.0
49	95	1.0
49	106	3.0
49	107	1.0
49	109	2.0
49	113	1.0
49	115	1.0
49	116	1.0
49	123	1.0
49	125	1.0
49	132	1.0
50	50	593.0
50	51	42.0
50	52	1.0
50	56	2.0
50	57	4.0
50	64	2.0
50	65	3.0
50	66	7.0
50	68	2.0
50	69	9.0
50	70	5.0
50	71	12.0
50	72	2.0
50	85	1.0
50	88	1.0
50	96	1.0
50	101	2.0
50	105	1.0
50	113	1.0
50	115	1.0
50	116	1.0
50	118	1.0
51	51	603.0
51	52	7.0
51	54	13.0
51	55	6.0
51	56	6.0
51	58	2.0
51	64	1.0
51	65	1.0
51	66	3.0
51	69	20.0
51	70	4.0
51	71	11.0
51	113	8.0
51	114	2.0
51	115	5.0
51	117	3.0
51	125	1.0
51	127	1.0
51	132	1.0
52	52	678.0
52	53	25.0
52	54	4.0
52	56	12.0
52	57	5.0
52	58	7.0
52	64	8.0
52	65	4.0
52	66	4.0
52	67	1.0
52	69	2.0
52	70	1.0
52	95	1.0
52	103	1.0
52	116	1.0
52	117	1.0
52	119	1.0
52	129	1.0
52	131	2.0
53	53	606.0
53	54	12.0
53	55	4.0
53	56	13.0
53	57	1.0
53	58	12.0
53	71	1.0
53	72	1.0
53	93	1.0
53	114	2.0
53	125	2.0
53	126	1.0
53	127	4.0
53	131	4.0
54	54	600.0
54	55	21.0
54	56	16.0
54	62	1.0
54	71	2.0
54	89	2.0
54	97	1.0
54	102	1.0
55	55	512.0
55	56	20.0
55	61	1.0
55	64	1.0
55	70	1.0
55	84	1.0
55	122	1.0
56	56	609.0
56	57	12.0
56	58	2.0
56	59	1.0
56	63	7.0
56	64	5.0
56	65	1.0
56	69	2.0
56	71	3.0
56	74	1.0
56	84	1.0
56	98	1.0
56	103	1.0
56	107	1.0
56	112	1.0
56	115	1.0
56	116	2.0
56	117	3.0
56	132	1.0
57	57	610.0
57	58	17.0
57	63	7.0
57	73	1.0
57	79	1.0
57	95	1.0
57	111	1.0
57	112	9.0
57	120	1.0
57	121	2.0
57	123	1.0
57	126	3.0
57	128	3.0
57	131	2.0
58	58	515.0
58	59	18.0
58	60	16.0
58	61	6.0
58	62	18.0
58	63	11.0
58	64	1.0
58	66	1.0
58	70	1.0
58	71	1.0
58	91	1.0
58	96	1.0
58	97	5.0
58	100	1.0
58	101	1.0
58	114	1.0
58	118	1.0
58	126	5.0
58	127	5.0
58	131	1.0
58	132	1.0
59	59	507.0
59	60	40.0
59	61	15.0
59	62	16.0
59	63	24.0
59	64	1.0
59	65	2.0
59	66	3.0
59	67	1.0
59	75	2.0
59	92	4.0
59	96	4.0
59	97	4.0
59	98	2.0
59	99	12.0
59	100	2.0
59	110	3.0
59	111	1.0
59	125	2.0
59	126	3.0
60	60	483.0
60	61	42.0
60	62	16.0
60	63	10.0
60	65	14.0
60	66	9.0
60	67	10.0
60	69	1.0
60	73	1.0
60	97	15.0
60	98	2.0
60	99	3.0
60	100	2.0
60	109	2.0
60	122	2.0
60	125	2.0
60	126	9.0
60	127	7.0
60	128	1.0
60	130	2.0
61	61	515.0
61	62	33.0
61	63	12.0
61	64	6.0
61	65	31.0
61	66	8.0
61	76	3.0
61	80	9.0
61	97	8.0
61	98	8.0
61	110	1.0
61	115	1.0
61	125	7.0
61	126	4.0
61	127	9.0
61	129	7.0
61	130	4.0
62	62	477.0
62	63	38.0
62	64	5.0
62	65	15.0
62	66	6.0
62	69	3.0
62	72	3.0
62	73	2.0
62	74	3.0
62	76	13.0
62	78	2.0
62	80	4.0
62	81	4.0
62	92	1.0
62	93	2.0
62	95	1.0
62	97	3.0
62	99	2.0
62	100	5.0
62	115	1.0
62	119	1.0
62	120	2.0
62	126	6.0
62	127	1.0
63	63	538.0
63	64	48.0
63	65	10.0
63	66	3.0
63	74	1.0
63	76	9.0
63	80	2.0
63	92	2.0
63	93	1.0
63	94	1.0
63	95	1.0
63	96	3.0
63	97	1.0
63	104	1.0
63	110	5.0
63	112	1.0
63	119	16.0
63	120	1.0
63	126	6.0
63	131	1.0
64	64	538.0
64	65	8.0
64	66	21.0
64	69	3.0
64	72	4.0
64	74	2.0
64	75	2.0
64	76	1.0
64	77	1.0
64	80	4.0
64	88	1.0
64	95	1.0
64	96	4.0
64	99	1.0
64	102	2.0
64	109	2.0
64	110	1.0
64	112	1.0
64	113	6.0
64	116	5.0
64	117	2.0
64	118	3.0
64	119	3.0
64	120	1.0
64	126	2.0
65	65	587.0
65	66	55.0
65	67	9.0
65	71	1.0
65	72	6.0
65	75	1.0
65	76	2.0
65	78	4.0
65	80	5.0
65	81	2.0
65	83	1.0
65	87	1.0
65	94	1.0
65	95	1.0
65	101	2.0
65	102	3.0
65	103	1.0
65	110	2.0
65	114	1.0
65	116	1.0
65	125	1.0
66	66	518.0
66	67	18.0
66	69	2.0
66	70	10.0
66	71	2.0
66	72	8.0
66	73	4.0
66	74	3.0
66	75	1.0
66	77	3.0
66	78	5.0
66	80	2.0
66	81	3.0
66	82	1.0
66	84	1.0
66	91	1.0
66	108	1.0
66	122	1.0
66	123	4.0
67	67	568.0
67	68	37.0
67	69	7.0
67	70	2.0
67	71	2.0
67	72	12.0
67	73	21.0
67	74	6.0
67	79	3.0
67	84	5.0
67	124	2.0
68	68	541.0
68	69	17.0
68	70	10.0
68	71	9.0
68	72	19.0
68	73	9.0
68	74	1.0
68	75	1.0
68	76	4.0
68	77	1.0
68	78	1.0
68	79	7.0
68	80	3.0
68	83	11.0
68	84	30.0
68	95	1.0
68	100	1.0
68	111	1.0
68	112	1.0
68	122	1.0
68	132	2.0
69	69	563.0
69	70	22.0
69	71	10.0
69	72	5.0
69	73	1.0
69	76	1.0
69	77	1.0
69	79	1.0
69	82	2.0
69	84	2.0
69	88	1.0
69	93	1.0
69	101	2.0
69	105	1.0
69	107	1.0
69	108	1.0
69	113	8.0
69	114	3.0
69	116	8.0
69	117	13.0
69	118	6.0
70	70	542.0
70	71	64.0
70	72	15.0
70	73	1.0
70	74	2.0
70	75	1.0
70	76	2.0
70	81	1.0
70	83	5.0
70	84	1.0
70	85	1.0
70	89	1.0
70	109	1.0
70	113	3.0
71	71	556.0
71	72	20.0
71	73	6.0
71	74	15.0
71	75	17.0
71	76	2.0
71	94	1.0
71	100	1.0
71	105	1.0
71	106	1.0
71	107	1.0
71	109	1.0
71	113	3.0
71	114	1.0
71	115	1.0
72	72	526.0
72	73	23.0
72	74	21.0
72	75	8.0
72	78	17.0
72	83	2.0
72	85	1.0
72	90	1.0
72	91	1.0
72	96	2.0
72	99	1.0
72	116	2.0
72	117	3.0
73	73	458.0
73	74	30.0
73	75	10.0
73	76	4.0
73	77	2.0
73	78	4.0
73	86	3.0
73	90	7.0
73	91	1.0
73	96	14.0
73	97	6.0
73	101	3.0
73	105	1.0
74	74	503.0
74	75	54.0
74	76	5.0
74	77	1.0
74	78	2.0
74	84	1.0
74	89	1.0
74	90	14.0
74	91	1.0
74	95	3.0
74	96	19.0
74	97	1.0
74	100	2.0
74	101	11.0
74	107	2.0
74	120	2.0
74	132	1.0
75	75	460.0
75	76	34.0
75	77	28.0
75	78	7.0
75	79	7.0
75	81	1.0
75	82	1.0
75	84	1.0
75	85	7.0
75	89	1.0
75	90	8.0
75	91	1.0
75	96	2.0
75	101	3.0
75	110	5.0
75	124	1.0
76	76	511.0
76	77	34.0
76	78	9.0
76	79	1.0
76	80	3.0
76	81	16.0
76	82	5.0
76	83	12.0
76	84	2.0
76	85	18.0
76	86	6.0
76	87	1.0
76	89	1.0
76	90	5.0
76	93	1.0
76	94	1.0
76	95	4.0
76	96	5.0
76	101	7.0
76	102	4.0
76	110	5.0
76	115	1.0
76	116	1.0
76	122	2.0
76	132	1.0
77	77	555.0
77	78	17.0
77	79	11.0
77	80	12.0
77	81	15.0
77	82	3.0
77	83	10.0
77	84	6.0
77	86	1.0
77	87	1.0
77	96	2.0
77	99	6.0
77	101	1.0
77	102	3.0
77	108	1.0
77	114	1.0
77	129	1.0
78	78	580.0
78	79	59.0
78	80	9.0
78	81	9.0
78	82	2.0
78	84	1.0
78	85	5.0
78	86	2.0
78	87	12.0
78	88	4.0
78	94	8.0
78	95	14.0
78	96	4.0
78	97	2.0
78	98	8.0
78	99	7.0
78	108	4.0
78	109	8.0
78	133	1.0
79	79	516.0
79	80	12.0
79	81	17.0
79	82	14.0
79	83	1.0
79	84	5.0
79	85	6.0
79	86	9.0
79	87	6.0
79	88	6.0
79	94	11.0
79	95	14.0
79	96	10.0
79	97	4.0
79	98	4.0
79	99	1.0
79	101	2.0
79	102	4.0
79	103	6.0
79	104	1.0
79	105	2.0
79	107	1.0
79	108	11.0
79	109	11.0
79	111	1.0
79	125	1.0
80	80	489.0
80	81	17.0
80	82	15.0
80	83	3.0
80	84	5.0
80	85	6.0
80	86	1.0
80	87	1.0
80	89	1.0
80	95	1.0
80	96	4.0
80	97	1.0
80	99	1.0
80	100	1.0
80	102	7.0
80	104	3.0
80	105	12.0
80	107	7.0
80	108	8.0
80	109	6.0
80	114	1.0
81	81	458.0
81	82	17.0
81	83	4.0
81	84	7.0
81	85	15.0
81	86	1.0
81	94	7.0
81	95	15.0
81	96	7.0
81	99	1.0
81	101	2.0
81	102	2.0
81	103	1.0
81	104	6.0
81	108	28.0
81	109	15.0
81	110	3.0
81	113	1.0
81	115	3.0
81	116	2.0
82	82	486.0
82	83	20.0
82	84	31.0
82	85	29.0
82	86	10.0
82	94	2.0
82	96	3.0
82	97	1.0
82	101	3.0
82	103	2.0
82	104	4.0
82	105	1.0
82	107	4.0
82	108	3.0
82	109	8.0
82	113	1.0
82	115	1.0
82	118	1.0
83	83	531.0
83	84	31.0
83	85	18.0
83	86	1.0
83	109	4.0
83	111	2.0
83	113	3.0
83	115	1.0
83	127	1.0
84	84	480.0
84	85	20.0
84	86	9.0
84	90	1.0
84	92	1.0
84	96	2.0
84	109	1.0
84	119	1.0
84	120	2.0
84	130	1.0
85	85	437.0
85	86	15.0
85	89	2.0
85	90	2.0
85	91	1.0
85	93	2.0
85	96	2.0
85	101	5.0
85	102	9.0
85	103	14.0
85	104	6.0
85	109	5.0
86	86	418.0
86	87	3.0
86	88	9.0
86	89	12.0
86	90	7.0
86	91	9.0
86	93	26.0
86	96	7.0
86	98	4.0
86	101	2.0
86	102	20.0
86	103	13.0
86	107	1.0
86	109	2.0
86	110	1.0
87	87	454.0
87	88	40.0
87	89	8.0
87	92	5.0
87	93	4.0
87	94	22.0
87	95	13.0
87	97	3.0
87	98	17.0
87	99	3.0
87	102	2.0
87	103	1.0
87	119	1.0
87	131	1.0
88	88	465.0
88	89	39.0
88	90	2.0
88	91	7.0
88	92	12.0
88	93	12.0
88	94	11.0
88	95	11.0
88	98	11.0
88	99	2.0
88	103	1.0
88	133	1.0
89	89	546.0
89	90	26.0
89	91	24.0
89	92	6.0
89	93	8.0
89	94	3.0
89	95	13.0
89	96	2.0
89	97	2.0
89	99	2.0
89	105	1.0
89	110	3.0
90	90	506.0
90	91	38.0
90	92	2.0
90	93	1.0
90	95	8.0
90	96	22.0
90	100	7.0
90	101	3.0
90	109	1.0
90	110	5.0
91	91	476.0
91	92	60.0
91	93	6.0
91	94	1.0
91	95	9.0
91	96	6.0
91	97	2.0
91	98	1.0
91	99	6.0
91	100	2.0
91	101	3.0
91	103	1.0
92	92	562.0
92	93	21.0
92	94	7.0
92	95	1.0
92	97	6.0
92	98	5.0
92	99	11.0
92	100	7.0
92	110	1.0
92	114	1.0
92	119	2.0
92	122	1.0
93	93	569.0
93	94	30.0
93	95	17.0
93	96	16.0
93	97	7.0
93	98	20.0
93	100	2.0
93	101	6.0
93	102	6.0
93	103	1.0
93	109	5.0
93	110	4.0
94	94	514.0
94	95	49.0
94	96	3.0
94	97	11.0
94	98	4.0
94	99	1.0
94	104	1.0
94	110	1.0
94	114	1.0
94	117	1.0
94	125	2.0
95	95	565.0
95	96	19.0
95	97	5.0
95	98	3.0
95	100	2.0
95	101	2.0
95	102	1.0
95	103	1.0
95	106	2.0
95	109	8.0
95	110	3.0
95	114	3.0
95	119	2.0
95	120	1.0
96	96	587.0
96	97	15.0
96	98	8.0
96	99	3.0
96	100	6.0
96	101	15.0
96	102	1.0
96	110	6.0
96	117	3.0
97	97	538.0
97	98	23.0
97	99	13.0
97	100	19.0
97	114	1.0
97	121	2.0
97	125	4.0
97	126	6.0
97	127	6.0
97	129	4.0
97	130	2.0
98	98	575.0
98	99	7.0
98	100	2.0
98	122	5.0
98	124	2.0
98	125	1.0
98	126	14.0
98	127	6.0
98	128	6.0
98	129	20.0
98	130	12.0
99	99	527.0
99	100	51.0
99	101	2.0
99	102	14.0
99	119	2.0
99	126	1.0
99	129	1.0
99	133	1.0
100	100	519.0
100	101	21.0
100	102	1.0
100	104	1.0
100	109	6.0
100	120	4.0
100	126	3.0
101	101	522.0
101	102	13.0
101	103	11.0
101	104	9.0
101	105	4.0
101	106	3.0
101	108	2.0
101	109	15.0
101	110	3.0
101	117	1.0
101	130	1.0
102	102	561.0
102	103	35.0
102	105	4.0
102	106	4.0
102	109	2.0
102	110	3.0
102	116	1.0
102	130	1.0
103	103	571.0
103	104	11.0
103	105	2.0
103	106	5.0
103	109	1.0
103	110	3.0
103	116	1.0
103	129	1.0
104	104	559.0
104	105	36.0
104	106	6.0
104	107	16.0
104	108	17.0
104	109	15.0
104	110	2.0
104	125	1.0
105	105	600.0
105	106	12.0
105	107	26.0
105	108	7.0
105	109	2.0
105	110	2.0
105	113	1.0
105	128	1.0
105	131	1.0
105	132	2.0
106	106	616.0
106	107	22.0
106	108	8.0
106	109	2.0
106	113	2.0
106	117	4.0
106	118	1.0
106	120	1.0
107	107	606.0
107	108	30.0
107	109	1.0
107	111	2.0
107	112	1.0
107	116	5.0
107	117	3.0
107	119	1.0
107	123	1.0
107	126	1.0
108	108	637.0
108	109	15.0
108	110	1.0
108	128	1.0
109	109	579.0
109	110	13.0
109	122	1.0
110	110	639.0
110	111	12.0
110	114	2.0
110	115	2.0
110	116	13.0
110	117	2.0
110	118	5.0
110	119	17.0
110	120	5.0
110	121	13.0
110	122	1.0
110	126	1.0
111	111	599.0
111	112	23.0
111	113	15.0
111	114	2.0
111	115	32.0
111	116	7.0
111	117	10.0
111	118	3.0
111	119	3.0
111	120	5.0
111	121	8.0
111	122	2.0
111	123	3.0
111	126	3.0
111	130	6.0
111	131	4.0
111	132	1.0
111	133	1.0
112	112	544.0
112	113	34.0
112	114	3.0
112	115	11.0
112	116	2.0
112	117	8.0
112	118	18.0
112	119	2.0
112	120	23.0
112	121	2.0
112	123	2.0
112	124	3.0
112	125	1.0
112	126	2.0
112	130	2.0
112	131	1.0
112	133	1.0
113	113	558.0
113	114	35.0
113	115	42.0
113	116	16.0
113	117	6.0
113	118	25.0
113	119	13.0
113	120	5.0
113	121	1.0
113	123	1.0
113	124	1.0
113	126	1.0
113	127	2.0
113	130	5.0
113	131	5.0
113	132	5.0
114	114	615.0
114	115	17.0
114	116	27.0
114	117	24.0
114	118	29.0
114	119	34.0
114	120	1.0
114	127	1.0
114	131	9.0
114	132	5.0
115	115	559.0
115	116	22.0
115	117	1.0
115	118	19.0
115	119	6.0
115	120	5.0
115	121	1.0
115	122	5.0
115	123	2.0
115	124	6.0
115	125	2.0
115	128	4.0
115	130	6.0
115	131	4.0
115	133	5.0
116	116	551.0
116	117	28.0
116	118	3.0
116	119	10.0
116	121	3.0
116	125	3.0
116	131	1.0
116	132	1.0
117	117	581.0
117	118	34.0
117	119	8.0
117	120	7.0
117	121	4.0
117	131	1.0
118	118	579.0
118	119	31.0
118	120	7.0
118	121	6.0
118	124	1.0
118	125	1.0
118	126	1.0
119	119	601.0
119	120	6.0
119	121	5.0
119	124	2.0
119	128	1.0
119	131	21.0
119	132	3.0
119	133	1.0
120	120	622.0
120	121	18.0
120	122	4.0
120	123	6.0
120	125	11.0
120	127	8.0
120	128	15.0
120	129	4.0
120	130	6.0
120	131	5.0
120	132	6.0
120	133	13.0
121	121	610.0
121	122	33.0
121	123	5.0
121	127	4.0
121	128	9.0
121	130	2.0
122	122	517.0
122	123	30.0
122	124	26.0
122	125	11.0
122	130	1.0
122	131	8.0
122	132	1.0
122	133	2.0
123	123	604.0
123	124	50.0
123	125	5.0
123	131	11.0
123	132	11.0
124	124	621.0
124	125	29.0
124	127	2.0
124	130	1.0
124	131	3.0
124	132	2.0
125	125	642.0
125	126	32.0
125	127	24.0
125	128	11.0
125	129	13.0
125	130	5.0
125	131	3.0
125	132	1.0
126	126	538.0
126	127	31.0
126	128	4.0
126	129	16.0
126	130	24.0
126	131	4.0
126	132	3.0
126	133	1.0
127	127	553.0
127	128	38.0
127	129	32.0
127	130	13.0
127	133	3.0
128	128	589.0
128	129	33.0
128	130	24.0
128	131	2.0
128	133	2.0
129	129	573.0
129	130	34.0
130	130	622.0
130	131	6.0
130	132	2.0
130	133	12.0
131	131	618.0
131	132	24.0
131	133	2.0
132	132	550.0
132	133	8.0
133	133	436.0
134	1	6.0
134	2	4.0
134	3	1.0
134	4	9.0
134	6	1.0
134	9	1.0
134	10	3.0
134	12	1.0
134	14	1.0
134	19	1.0
134	24	1.0
134	50	1.0
134	76	1.0
134	78	1.0
134	82	1.0
134	95	1.0
134	110	7.0
134	111	8.0
134	112	1.0
134	113	2.0
134	114	1.0
134	115	2.0
134	116	20.0
134	117	18.0
134	118	6.0
134	119	3.0
134	131	2.0
134	134	538.0
