1	1	592.0
1	2	26.0
1	3	1.0
1	5	2.0
1	6	11.0
1	7	6.0
1	8	1.0
1	9	1.0
1	10	1.0
1	11	7.0
1	12	1.0
1	13	3.0
1	14	5.0
1	15	15.0
1	17	1.0
1	32	1.0
1	33	1.0
1	47	1.0
1	48	6.0
1	49	5.0
1	53	4.0
1	54	4.0
1	64	1.0
1	67	13.0
1	68	3.0
1	69	1.0
1	89	1.0
1	99	2.0
1	105	1.0
1	107	1.0
1	108	2.0
1	110	3.0
1	119	1.0
1	127	2.0
1	131	7.0
1	132	3.0
1	133	3.0
2	2	663.0
2	3	30.0
2	4	19.0
2	5	22.0
2	6	13.0
2	7	37.0
2	9	4.0
2	10	5.0
2	11	11.0
2	12	4.0
2	13	8.0
2	15	9.0
2	32	1.0
2	41	1.0
2	48	18.0
2	49	8.0
2	53	1.0
2	57	1.0
2	64	3.0
2	65	3.0
2	66	2.0
2	67	5.0
2	68	1.0
2	87	1.0
2	105	1.0
2	107	1.0
2	109	1.0
2	110	1.0
2	114	4.0
2	116	4.0
2	117	1.0
2	118	2.0
2	119	3.0
2	127	1.0
2	128	1.0
2	130	1.0
2	131	6.0
2	132	12.0
2	133	2.0
3	3	584.0
3	4	38.0
3	5	26.0
3	6	38.0
3	7	21.0
3	12	1.0
3	13	14.0
3	25	1.0
3	27	2.0
3	28	6.0
3	29	2.0
3	30	2.0
3	31	2.0
3	32	1.0
3	44	1.0
3	48	1.0
3	49	3.0
3	52	1.0
3	56	2.0
3	63	7.0
3	65	1.0
3	66	3.0
3	99	1.0
3	106	1.0
3	107	1.0
3	113	7.0
3	114	5.0
3	116	16.0
3	117	14.0
3	118	2.0
3	119	4.0
3	120	1.0
3	121	3.0
3	128	1.0
3	131	3.0
3	132	4.0
3	133	8.0
4	4	592.0
4	5	22.0
4	6	13.0
4	7	10.0
4	11	1.0
4	13	1.0
4	20	2.0
4	23	4.0
4	24	5.0
4	25	10.0
4	27	1.0
4	28	10.0
4	29	3.0
4	30	1.0
4	31	2.0
4	32	2.0
4	39	4.0
4	47	1.0
4	48	5.0
4	49	11.0
4	52	3.0
4	53	1.0
4	55	2.0
4	56	11.0
4	57	2.0
4	62	2.0
4	63	20.0
4	64	2.0
4	66	3.0
4	73	2.0
4	74	1.0
4	77	2.0
4	87	1.0
4	106	2.0
4	107	13.0
4	108	4.0
4	112	1.0
4	114	9.0
4	115	1.0
4	116	1.0
4	117	6.0
4	118	4.0
4	119	13.0
4	120	2.0
4	122	1.0
4	128	3.0
4	131	1.0
4	132	5.0
4	133	5.0
5	5	572.0
5	6	6.0
5	7	23.0
5	8	6.0
5	9	4.0
5	10	23.0
5	11	6.0
5	12	5.0
5	13	4.0
5	14	11.0
5	15	6.0
5	16	1.0
5	20	3.0
5	24	4.0
5	27	1.0
5	28	9.0
5	31	2.0
5	32	4.0
5	34	1.0
5	48	2.0
5	49	1.0
5	63	4.0
5	64	1.0
5	65	2.0
5	66	11.0
5	67	7.0
5	81	1.0
5	87	2.0
5	99	3.0
5	105	3.0
5	107	2.0
5	108	4.0
5	113	4.0
5	114	8.0
5	116	5.0
5	118	15.0
5	119	14.0
5	121	1.0
5	123	1.0
5	128	1.0
5	130	1.0
5	131	3.0
5	132	3.0
5	133	1.0
6	6	650.0
6	7	12.0
6	10	1.0
6	11	1.0
6	12	2.0
6	13	10.0
6	14	1.0
6	22	1.0
6	28	3.0
6	29	1.0
6	31	1.0
6	32	6.0
6	39	1.0
6	41	1.0
6	48	3.0
6	49	11.0
6	52	1.0
6	53	2.0
6	56	1.0
6	64	2.0
6	66	3.0
6	67	6.0
6	91	1.0
6	93	1.0
6	96	1.0
6	99	2.0
6	101	1.0
6	102	1.0
6	105	1.0
6	107	1.0
6	112	1.0
6	114	7.0
6	115	5.0
6	116	1.0
6	117	3.0
6	118	6.0
6	119	5.0
6	123	1.0
6	127	1.0
6	128	1.0
6	130	1.0
6	131	12.0
6	132	21.0
7	7	512.0
7	8	6.0
7	9	5.0
7	10	9.0
7	11	4.0
7	12	3.0
7	13	18.0
7	14	3.0
7	15	5.0
7	24	1.0
7	28	4.0
7	48	4.0
7	49	19.0
7	53	1.0
7	59	1.0
7	64	2.0
7	65	5.0
7	66	2.0
7	67	9.0
7	68	2.0
7	69	7.0
7	70	2.0
7	91	1.0
7	102	1.0
7	104	3.0
7	107	2.0
7	114	2.0
7	116	1.0
7	117	3.0
7	119	9.0
7	131	1.0
7	132	6.0
7	133	1.0
8	8	459.0
8	9	15.0
8	12	4.0
8	13	28.0
8	14	16.0
8	15	7.0
8	16	6.0
8	17	3.0
8	19	2.0
8	24	2.0
8	25	1.0
8	26	1.0
8	31	3.0
8	32	5.0
8	34	1.0
8	40	1.0
8	43	2.0
8	45	8.0
8	46	7.0
8	47	9.0
8	48	1.0
8	49	1.0
8	50	1.0
8	54	1.0
8	55	10.0
8	63	2.0
8	64	6.0
8	65	1.0
8	66	1.0
8	69	5.0
8	70	1.0
8	71	2.0
8	81	2.0
8	87	2.0
8	89	15.0
8	90	9.0
8	91	18.0
8	92	12.0
8	93	9.0
8	97	1.0
8	98	1.0
8	99	1.0
8	103	1.0
8	104	2.0
8	105	5.0
8	107	1.0
8	108	2.0
8	118	3.0
8	119	5.0
8	130	1.0
9	9	480.0
9	10	22.0
9	11	8.0
9	12	13.0
9	13	26.0
9	14	14.0
9	15	2.0
9	16	4.0
9	17	10.0
9	18	1.0
9	19	1.0
9	22	5.0
9	24	4.0
9	31	6.0
9	32	2.0
9	34	2.0
9	38	1.0
9	54	3.0
9	55	3.0
9	63	1.0
9	64	7.0
9	65	15.0
9	66	5.0
9	67	6.0
9	68	6.0
9	69	6.0
9	70	2.0
9	77	1.0
9	91	4.0
9	94	1.0
9	103	1.0
9	104	2.0
9	107	3.0
9	118	1.0
9	119	10.0
9	120	1.0
9	126	2.0
9	131	4.0
9	133	1.0
10	10	549.0
10	11	18.0
10	12	18.0
10	13	10.0
10	14	3.0
10	15	2.0
10	16	6.0
10	17	2.0
10	18	2.0
10	22	2.0
10	32	3.0
10	34	4.0
10	48	1.0
10	49	11.0
10	55	1.0
10	59	2.0
10	65	7.0
10	67	8.0
10	68	3.0
10	69	3.0
10	70	1.0
10	71	1.0
10	74	1.0
10	85	1.0
10	91	1.0
10	92	1.0
10	93	1.0
10	107	1.0
10	119	1.0
10	130	1.0
10	131	1.0
10	133	1.0
11	11	523.0
11	12	39.0
11	13	7.0
11	14	6.0
11	15	31.0
11	16	4.0
11	17	6.0
11	18	9.0
11	19	1.0
11	21	4.0
11	22	10.0
11	23	3.0
11	27	1.0
11	38	1.0
11	39	3.0
11	47	1.0
11	48	1.0
11	49	6.0
11	53	2.0
11	60	1.0
11	64	1.0
11	65	5.0
11	68	10.0
11	69	4.0
11	71	12.0
11	72	2.0
11	73	1.0
11	80	1.0
11	89	3.0
11	90	1.0
11	91	2.0
11	106	3.0
11	119	2.0
11	125	1.0
12	12	601.0
12	13	10.0
12	14	4.0
12	15	7.0
12	16	6.0
12	18	1.0
12	22	3.0
12	40	1.0
12	45	1.0
12	48	3.0
12	49	2.0
12	52	1.0
12	54	1.0
12	59	1.0
12	64	3.0
12	65	18.0
12	67	2.0
12	68	11.0
12	71	12.0
12	72	1.0
12	86	1.0
12	89	1.0
12	90	1.0
12	93	1.0
12	106	2.0
12	110	1.0
12	119	1.0
12	128	1.0
12	133	1.0
13	13	598.0
13	14	14.0
13	15	9.0
13	16	4.0
13	17	5.0
13	18	2.0
13	21	1.0
13	23	1.0
13	32	1.0
13	45	1.0
13	46	3.0
13	47	1.0
13	49	13.0
13	64	4.0
13	65	4.0
13	71	3.0
13	89	2.0
13	90	9.0
13	91	13.0
13	92	6.0
13	93	1.0
13	110	2.0
13	128	1.0
13	131	1.0
13	132	3.0
14	14	539.0
14	15	24.0
14	16	4.0
14	17	20.0
14	21	7.0
14	23	2.0
14	28	1.0
14	31	1.0
14	32	3.0
14	46	4.0
14	47	3.0
14	57	2.0
14	63	1.0
14	64	5.0
14	65	10.0
14	83	1.0
14	89	2.0
14	94	1.0
14	97	11.0
14	98	1.0
14	99	4.0
14	118	2.0
14	119	2.0
14	122	1.0
14	128	1.0
14	133	1.0
15	15	545.0
15	16	10.0
15	17	5.0
15	19	4.0
15	20	10.0
15	21	3.0
15	22	2.0
15	33	5.0
15	43	10.0
15	44	11.0
15	45	3.0
15	46	7.0
15	47	13.0
15	48	8.0
15	49	2.0
15	53	1.0
15	58	1.0
15	64	1.0
15	65	6.0
15	71	1.0
15	85	2.0
15	86	3.0
15	89	1.0
15	91	5.0
15	92	1.0
15	97	4.0
15	98	5.0
15	106	4.0
15	110	1.0
15	119	3.0
16	16	489.0
16	17	2.0
16	18	10.0
16	19	9.0
16	20	15.0
16	21	7.0
16	22	1.0
16	44	4.0
16	45	4.0
16	47	3.0
16	48	1.0
16	51	1.0
16	68	8.0
16	70	1.0
16	71	6.0
16	85	1.0
16	86	3.0
16	87	15.0
16	88	8.0
16	89	1.0
16	90	2.0
16	91	18.0
16	92	1.0
16	96	7.0
16	97	11.0
16	98	11.0
16	99	5.0
16	100	3.0
16	114	1.0
17	17	548.0
17	18	24.0
17	19	15.0
17	20	1.0
17	21	3.0
17	22	15.0
17	23	8.0
17	32	1.0
17	34	3.0
17	39	8.0
17	44	7.0
17	45	4.0
17	46	2.0
17	47	1.0
17	64	2.0
17	68	1.0
17	69	3.0
17	71	9.0
17	72	2.0
17	76	7.0
17	77	1.0
17	79	4.0
17	82	1.0
17	91	4.0
17	93	4.0
17	96	3.0
17	97	5.0
17	98	15.0
17	101	1.0
17	104	1.0
17	120	1.0
18	18	514.0
18	19	12.0
18	20	14.0
18	21	6.0
18	22	12.0
18	23	3.0
18	38	1.0
18	39	3.0
18	44	7.0
18	45	2.0
18	55	1.0
18	64	3.0
18	68	7.0
18	71	11.0
18	72	1.0
18	76	4.0
18	79	2.0
18	82	16.0
18	83	3.0
18	84	4.0
18	85	6.0
18	91	3.0
18	92	4.0
18	93	8.0
18	96	3.0
18	99	1.0
18	100	1.0
18	124	1.0
18	125	1.0
19	19	460.0
19	20	6.0
19	23	4.0
19	24	3.0
19	28	1.0
19	32	2.0
19	34	4.0
19	38	1.0
19	39	2.0
19	44	2.0
19	46	1.0
19	47	3.0
19	64	1.0
19	68	2.0
19	70	1.0
19	71	3.0
19	72	2.0
19	73	1.0
19	76	1.0
19	77	2.0
19	78	1.0
19	79	1.0
19	86	1.0
19	87	12.0
19	88	2.0
19	89	1.0
19	90	4.0
19	91	13.0
19	92	22.0
19	93	5.0
19	95	6.0
19	96	2.0
19	98	2.0
19	99	4.0
19	102	5.0
19	103	8.0
19	104	1.0
19	105	3.0
19	106	12.0
19	107	1.0
19	108	2.0
19	109	1.0
19	115	2.0
19	117	6.0
19	118	4.0
20	20	494.0
20	21	16.0
20	31	9.0
20	32	10.0
20	33	6.0
20	44	15.0
20	45	13.0
20	46	4.0
20	47	6.0
20	48	1.0
20	54	1.0
20	74	1.0
20	85	6.0
20	86	11.0
20	87	9.0
20	88	14.0
20	89	3.0
20	90	2.0
20	91	10.0
20	96	14.0
20	97	9.0
20	98	23.0
20	99	21.0
20	102	6.0
20	103	2.0
20	105	11.0
20	117	3.0
20	118	8.0
20	128	1.0
21	21	482.0
21	22	53.0
21	23	5.0
21	32	1.0
21	33	15.0
21	34	2.0
21	39	1.0
21	41	1.0
21	44	10.0
21	46	1.0
21	68	1.0
21	69	3.0
21	70	1.0
21	71	11.0
21	79	2.0
21	80	2.0
21	81	2.0
21	83	3.0
21	85	32.0
21	86	4.0
21	87	8.0
21	88	14.0
21	96	4.0
21	97	2.0
21	98	1.0
21	104	4.0
21	106	1.0
21	128	1.0
22	22	521.0
22	23	5.0
22	32	6.0
22	34	2.0
22	40	3.0
22	42	4.0
22	43	1.0
22	44	8.0
22	45	1.0
22	46	1.0
22	64	3.0
22	68	2.0
22	69	1.0
22	71	12.0
22	72	2.0
22	78	2.0
22	80	1.0
22	85	2.0
22	86	8.0
22	87	4.0
22	88	6.0
22	89	3.0
22	90	2.0
22	93	2.0
22	94	6.0
22	97	3.0
22	98	2.0
22	104	6.0
22	105	2.0
22	106	11.0
23	23	495.0
23	24	32.0
23	25	7.0
23	27	1.0
23	28	3.0
23	33	3.0
23	34	8.0
23	37	1.0
23	38	1.0
23	39	1.0
23	41	7.0
23	54	16.0
23	63	2.0
23	64	9.0
23	65	1.0
23	69	2.0
23	71	2.0
23	72	3.0
23	73	3.0
23	78	2.0
23	79	9.0
23	86	2.0
23	87	3.0
23	88	3.0
23	89	7.0
23	93	1.0
23	96	12.0
23	97	11.0
23	98	5.0
23	102	3.0
23	103	24.0
23	104	7.0
23	105	5.0
23	106	11.0
23	107	7.0
23	108	3.0
23	109	2.0
23	111	11.0
23	117	5.0
23	119	4.0
23	128	2.0
24	24	535.0
24	25	13.0
24	26	1.0
24	28	1.0
24	29	4.0
24	32	1.0
24	33	13.0
24	34	13.0
24	38	7.0
24	39	5.0
24	48	1.0
24	50	1.0
24	54	11.0
24	61	4.0
24	64	4.0
24	72	6.0
24	73	2.0
24	75	1.0
24	77	1.0
24	79	1.0
24	81	1.0
24	86	1.0
24	95	1.0
24	96	18.0
24	97	15.0
24	98	2.0
24	99	7.0
24	101	1.0
24	102	5.0
24	103	14.0
24	104	9.0
24	106	1.0
24	107	6.0
24	111	6.0
24	113	1.0
24	117	3.0
24	119	8.0
24	123	1.0
24	127	1.0
24	128	1.0
24	133	1.0
25	25	503.0
25	26	22.0
25	27	1.0
25	28	8.0
25	29	1.0
25	34	3.0
25	38	3.0
25	39	12.0
25	40	14.0
25	41	10.0
25	42	8.0
25	45	2.0
25	54	3.0
25	57	12.0
25	60	1.0
25	61	6.0
25	62	15.0
25	63	7.0
25	64	1.0
25	72	9.0
25	73	6.0
25	74	2.0
25	77	9.0
25	79	2.0
25	87	2.0
25	90	1.0
25	93	1.0
25	94	3.0
25	95	9.0
25	96	14.0
25	97	1.0
25	98	1.0
25	99	1.0
25	100	5.0
25	102	1.0
25	103	9.0
25	104	9.0
25	105	2.0
25	107	10.0
25	112	1.0
25	125	1.0
25	128	3.0
26	26	596.0
26	27	13.0
26	28	21.0
26	29	6.0
26	30	4.0
26	32	1.0
26	40	1.0
26	41	8.0
26	42	7.0
26	47	1.0
26	51	1.0
26	56	4.0
26	57	13.0
26	60	4.0
26	61	11.0
26	62	6.0
26	63	4.0
26	69	2.0
26	72	1.0
26	73	2.0
26	74	4.0
26	75	7.0
26	77	1.0
26	79	3.0
26	86	1.0
26	93	2.0
26	94	7.0
26	95	5.0
26	97	1.0
26	100	1.0
26	102	4.0
26	103	2.0
26	104	1.0
26	107	1.0
26	110	1.0
26	133	4.0
27	27	533.0
27	28	17.0
27	29	5.0
27	30	14.0
27	31	10.0
27	32	9.0
27	34	2.0
27	41	3.0
27	51	2.0
27	54	1.0
27	57	9.0
27	63	3.0
27	65	1.0
27	73	1.0
27	77	2.0
27	78	1.0
27	79	4.0
27	93	1.0
27	94	3.0
27	97	1.0
27	104	2.0
27	106	1.0
27	107	3.0
27	108	9.0
27	111	12.0
27	112	2.0
27	113	4.0
27	116	1.0
27	123	1.0
27	133	4.0
28	28	474.0
28	29	20.0
28	30	15.0
28	31	6.0
28	32	3.0
28	39	1.0
28	40	3.0
28	41	5.0
28	42	8.0
28	43	1.0
28	53	1.0
28	62	1.0
28	91	1.0
28	92	2.0
28	94	7.0
28	95	18.0
28	96	2.0
28	98	2.0
28	100	2.0
28	102	3.0
28	103	6.0
28	104	6.0
28	105	2.0
28	106	4.0
28	107	2.0
28	108	14.0
28	111	2.0
28	113	15.0
28	114	1.0
28	115	6.0
28	116	1.0
28	117	2.0
28	118	5.0
29	29	502.0
29	30	44.0
29	31	1.0
29	39	1.0
29	40	2.0
29	44	2.0
29	45	1.0
29	74	1.0
29	77	6.0
29	78	10.0
29	79	5.0
29	80	9.0
29	82	1.0
29	85	1.0
29	89	1.0
29	94	1.0
29	95	1.0
29	96	1.0
29	98	8.0
29	99	1.0
29	100	2.0
29	101	2.0
29	102	9.0
29	103	1.0
29	104	1.0
29	105	6.0
29	106	7.0
29	107	1.0
29	108	4.0
29	109	1.0
29	111	1.0
29	112	4.0
29	114	2.0
29	115	14.0
29	116	1.0
29	117	1.0
29	132	1.0
30	30	470.0
30	31	8.0
30	32	8.0
30	42	1.0
30	77	3.0
30	78	12.0
30	79	8.0
30	80	4.0
30	81	3.0
30	82	2.0
30	84	3.0
30	85	7.0
30	98	2.0
30	100	6.0
30	102	7.0
30	103	1.0
30	104	4.0
30	105	1.0
30	106	14.0
30	107	5.0
30	108	9.0
30	111	5.0
30	112	6.0
30	114	10.0
30	115	20.0
30	133	1.0
31	31	508.0
31	32	22.0
31	34	5.0
31	40	1.0
31	51	1.0
31	64	2.0
31	68	1.0
31	77	2.0
31	86	3.0
31	90	1.0
31	91	2.0
31	93	1.0
31	97	1.0
31	99	2.0
31	102	2.0
31	103	2.0
31	104	8.0
31	105	6.0
31	106	6.0
31	107	15.0
31	108	5.0
31	111	3.0
31	113	5.0
31	114	2.0
31	115	2.0
31	117	14.0
31	118	2.0
31	119	1.0
31	132	1.0
32	32	540.0
32	34	11.0
32	38	1.0
32	39	1.0
32	41	4.0
32	42	2.0
32	44	2.0
32	46	1.0
32	47	1.0
32	64	4.0
32	80	2.0
32	84	1.0
32	86	1.0
32	87	1.0
32	88	1.0
32	90	4.0
32	91	4.0
32	92	1.0
32	93	8.0
32	94	1.0
32	96	2.0
32	97	5.0
32	102	5.0
32	104	5.0
32	105	10.0
32	108	6.0
32	117	1.0
32	118	10.0
32	119	2.0
33	33	481.0
33	34	13.0
33	38	3.0
33	40	4.0
33	41	10.0
33	42	11.0
33	43	12.0
33	44	5.0
33	45	1.0
33	85	1.0
33	86	11.0
33	87	8.0
33	89	3.0
33	90	4.0
33	91	23.0
33	92	20.0
33	93	10.0
33	97	7.0
33	99	2.0
33	102	6.0
33	103	20.0
33	104	2.0
33	105	7.0
33	109	1.0
33	120	1.0
34	34	512.0
34	37	1.0
34	38	27.0
34	39	4.0
34	40	3.0
34	41	11.0
34	43	3.0
34	44	2.0
34	48	1.0
34	54	1.0
34	58	1.0
34	64	4.0
34	69	1.0
34	72	4.0
34	73	5.0
34	85	2.0
34	87	3.0
34	92	9.0
34	93	2.0
34	96	2.0
34	98	2.0
34	102	1.0
34	103	5.0
34	104	12.0
34	105	3.0
34	107	1.0
34	118	5.0
34	129	1.0
37	37	58.0
37	38	3.0
37	67	6.0
37	72	2.0
37	102	4.0
37	103	2.0
37	104	1.0
38	38	551.0
38	39	16.0
38	40	3.0
38	41	1.0
38	61	3.0
38	62	1.0
38	63	1.0
38	64	2.0
38	65	1.0
38	66	4.0
38	67	8.0
38	68	7.0
38	69	4.0
38	70	2.0
38	71	3.0
38	72	6.0
38	74	1.0
38	75	9.0
38	76	10.0
38	77	3.0
38	81	3.0
38	102	1.0
38	111	1.0
38	113	1.0
39	39	477.0
39	40	14.0
39	43	1.0
39	45	1.0
39	54	8.0
39	56	1.0
39	57	2.0
39	62	1.0
39	63	1.0
39	64	1.0
39	65	1.0
39	66	1.0
39	68	6.0
39	69	13.0
39	70	2.0
39	71	1.0
39	72	15.0
39	75	7.0
39	76	17.0
39	77	16.0
39	81	9.0
39	82	1.0
39	94	2.0
39	95	8.0
39	96	2.0
39	104	2.0
39	106	2.0
39	120	1.0
39	128	1.0
39	131	1.0
40	40	472.0
40	41	16.0
40	42	10.0
40	43	21.0
40	44	5.0
40	45	4.0
40	46	5.0
40	47	2.0
40	48	3.0
40	49	12.0
40	53	2.0
40	58	1.0
40	61	1.0
40	62	7.0
40	65	1.0
40	67	2.0
40	69	6.0
40	71	3.0
40	72	4.0
40	73	4.0
40	75	1.0
40	77	6.0
40	78	1.0
40	79	2.0
40	80	4.0
40	81	4.0
40	84	1.0
40	87	1.0
40	88	5.0
40	89	6.0
40	90	7.0
40	91	1.0
40	92	2.0
40	93	4.0
40	96	1.0
40	98	8.0
40	103	9.0
40	104	5.0
40	105	12.0
40	106	3.0
41	41	513.0
41	42	29.0
41	43	14.0
41	44	8.0
41	49	4.0
41	50	1.0
41	80	8.0
41	81	2.0
41	83	10.0
41	84	1.0
41	86	2.0
41	87	4.0
41	88	7.0
41	89	1.0
41	92	3.0
41	93	6.0
41	95	10.0
41	98	4.0
41	106	1.0
41	112	1.0
41	116	1.0
42	42	527.0
42	43	18.0
42	44	3.0
42	45	4.0
42	47	1.0
42	48	2.0
42	49	7.0
42	50	1.0
42	54	1.0
42	57	2.0
42	58	2.0
42	60	10.0
42	70	1.0
42	77	1.0
42	80	2.0
42	83	5.0
42	84	1.0
42	85	1.0
42	87	3.0
42	89	1.0
42	90	11.0
42	92	12.0
42	93	8.0
42	94	1.0
42	95	2.0
42	104	2.0
42	106	1.0
43	43	500.0
43	44	9.0
43	45	11.0
43	46	6.0
43	47	5.0
43	48	12.0
43	49	7.0
43	50	4.0
43	57	1.0
43	58	3.0
43	60	7.0
43	66	1.0
43	86	4.0
43	87	6.0
43	88	5.0
43	89	7.0
43	90	7.0
43	91	16.0
43	92	6.0
43	93	4.0
43	94	22.0
43	95	2.0
43	97	1.0
43	98	5.0
43	104	4.0
43	105	6.0
43	106	7.0
43	114	1.0
43	117	1.0
44	44	530.0
44	45	24.0
44	46	3.0
44	47	1.0
44	48	2.0
44	57	24.0
44	58	1.0
44	59	3.0
44	60	1.0
44	61	4.0
44	62	2.0
44	73	3.0
44	74	10.0
44	75	1.0
44	77	4.0
44	78	17.0
44	79	2.0
44	80	4.0
44	81	1.0
44	82	10.0
44	83	2.0
44	84	8.0
44	85	17.0
44	88	5.0
44	89	6.0
44	91	2.0
44	92	4.0
44	93	2.0
44	96	1.0
44	99	1.0
44	101	1.0
44	112	1.0
44	118	1.0
44	122	1.0
45	45	542.0
45	46	28.0
45	47	20.0
45	48	15.0
45	49	5.0
45	57	1.0
45	58	7.0
45	59	5.0
45	60	15.0
45	62	2.0
45	77	1.0
45	78	3.0
45	79	2.0
45	80	2.0
45	81	5.0
45	82	2.0
45	84	1.0
45	85	10.0
45	88	8.0
45	89	11.0
45	90	2.0
45	91	3.0
45	93	3.0
45	97	1.0
45	109	1.0
45	117	1.0
45	121	1.0
46	46	579.0
46	47	58.0
46	48	19.0
46	49	8.0
46	50	6.0
46	68	1.0
46	89	18.0
46	90	8.0
46	91	5.0
46	92	5.0
46	98	3.0
46	106	6.0
46	114	1.0
47	47	558.0
47	48	19.0
47	50	3.0
47	53	1.0
47	58	8.0
47	60	4.0
47	71	1.0
47	81	2.0
47	85	4.0
47	87	3.0
47	88	2.0
47	89	3.0
47	90	1.0
47	91	4.0
47	92	2.0
47	97	14.0
47	98	16.0
47	99	3.0
47	110	1.0
47	119	1.0
48	48	604.0
48	49	23.0
48	50	21.0
48	53	1.0
48	58	7.0
48	60	4.0
48	82	1.0
48	102	1.0
48	106	2.0
48	110	1.0
48	114	1.0
49	49	632.0
49	50	35.0
49	60	1.0
49	65	1.0
49	68	1.0
49	77	1.0
49	93	1.0
49	96	1.0
49	110	1.0
49	114	1.0
49	117	4.0
49	121	1.0
49	128	1.0
50	50	652.0
50	51	22.0
50	57	1.0
50	58	2.0
50	60	1.0
50	116	1.0
50	123	5.0
51	51	566.0
51	52	17.0
51	53	8.0
51	54	5.0
51	56	5.0
51	65	1.0
51	77	1.0
51	109	1.0
51	110	1.0
51	121	7.0
51	122	1.0
51	123	41.0
51	124	18.0
51	125	2.0
51	130	1.0
51	132	5.0
51	133	1.0
52	52	667.0
52	53	27.0
52	54	1.0
52	55	2.0
52	56	5.0
52	59	1.0
52	63	6.0
52	66	5.0
52	67	1.0
52	71	1.0
52	87	1.0
52	107	5.0
52	108	8.0
52	109	10.0
52	113	1.0
52	118	1.0
52	119	6.0
52	120	23.0
52	121	4.0
52	122	9.0
52	123	3.0
52	124	4.0
52	125	3.0
52	126	13.0
52	127	4.0
52	128	7.0
52	129	9.0
52	130	10.0
52	131	15.0
52	132	13.0
52	133	7.0
53	53	629.0
53	54	5.0
53	56	3.0
53	58	1.0
53	62	1.0
53	63	2.0
53	64	1.0
53	66	2.0
53	84	1.0
53	89	1.0
53	91	1.0
53	94	2.0
53	95	3.0
53	104	1.0
53	105	3.0
53	106	6.0
53	107	15.0
53	109	1.0
53	110	7.0
53	119	1.0
53	120	14.0
53	121	2.0
53	123	4.0
53	124	5.0
53	125	1.0
53	126	4.0
53	127	7.0
53	128	6.0
53	129	18.0
53	130	18.0
53	131	11.0
53	132	6.0
53	133	1.0
54	54	696.0
54	55	7.0
54	63	1.0
54	64	1.0
54	65	5.0
54	66	4.0
54	67	3.0
54	68	4.0
54	69	2.0
54	70	9.0
54	93	1.0
54	94	2.0
54	95	3.0
54	96	13.0
54	97	3.0
54	99	1.0
54	104	6.0
54	105	1.0
54	111	22.0
54	112	1.0
54	124	9.0
54	125	4.0
54	126	4.0
54	127	2.0
54	128	6.0
54	129	18.0
54	130	5.0
55	55	478.0
55	56	13.0
55	65	13.0
55	66	6.0
55	67	1.0
55	68	6.0
55	69	11.0
55	70	11.0
55	71	10.0
55	77	1.0
55	88	1.0
55	97	10.0
55	104	1.0
55	106	1.0
55	110	1.0
55	111	17.0
55	120	4.0
55	122	2.0
55	125	4.0
55	126	10.0
55	127	7.0
55	128	7.0
55	130	2.0
56	56	608.0
56	57	13.0
56	58	16.0
56	59	3.0
56	60	2.0
56	61	1.0
56	62	4.0
56	63	5.0
56	64	4.0
56	65	6.0
56	69	8.0
56	70	1.0
56	71	4.0
56	73	1.0
56	76	3.0
56	77	2.0
56	83	1.0
56	105	1.0
56	109	2.0
56	111	10.0
56	112	2.0
56	114	1.0
56	120	22.0
56	121	15.0
56	122	1.0
56	123	4.0
56	126	2.0
56	127	1.0
56	128	6.0
56	133	7.0
57	57	611.0
57	58	14.0
57	59	2.0
57	60	6.0
57	61	6.0
57	62	5.0
57	63	3.0
57	71	1.0
57	72	4.0
57	74	9.0
57	75	5.0
57	77	2.0
57	78	4.0
57	79	1.0
57	82	1.0
57	88	1.0
57	107	5.0
57	111	5.0
57	112	1.0
57	123	2.0
57	131	1.0
57	133	5.0
58	58	581.0
58	59	22.0
58	60	15.0
58	61	5.0
58	62	5.0
58	64	1.0
58	65	10.0
58	96	1.0
58	128	1.0
59	59	494.0
59	60	24.0
59	61	11.0
59	62	4.0
59	63	6.0
59	64	2.0
59	65	1.0
59	66	3.0
59	74	1.0
59	75	1.0
59	90	1.0
59	103	1.0
59	113	1.0
59	120	1.0
59	128	1.0
60	60	459.0
60	61	46.0
60	62	10.0
60	63	6.0
60	64	6.0
60	65	8.0
60	66	3.0
60	69	1.0
60	73	1.0
60	74	10.0
60	75	6.0
60	83	1.0
60	101	1.0
60	106	1.0
61	61	513.0
61	62	22.0
61	63	12.0
61	64	11.0
61	65	10.0
61	66	13.0
61	68	2.0
61	72	1.0
61	73	3.0
61	74	19.0
61	75	1.0
61	77	6.0
61	97	1.0
61	98	2.0
61	99	1.0
61	107	1.0
61	111	2.0
61	121	1.0
61	133	2.0
62	62	518.0
62	63	43.0
62	64	6.0
62	65	7.0
62	66	13.0
62	67	5.0
62	68	1.0
62	72	5.0
62	73	10.0
62	74	10.0
62	75	2.0
62	77	2.0
62	101	2.0
62	104	1.0
62	107	2.0
62	112	1.0
62	118	1.0
62	120	1.0
62	128	1.0
63	63	538.0
63	64	10.0
63	65	5.0
63	66	23.0
63	67	4.0
63	68	1.0
63	69	2.0
63	98	1.0
63	107	2.0
63	115	1.0
63	119	12.0
63	120	7.0
63	121	10.0
63	127	1.0
63	128	3.0
63	132	1.0
63	133	4.0
64	64	462.0
64	65	26.0
64	66	8.0
64	67	1.0
64	68	6.0
64	69	24.0
64	70	3.0
64	71	8.0
64	72	1.0
64	77	1.0
64	83	1.0
64	100	1.0
64	104	3.0
64	111	6.0
64	112	2.0
64	118	1.0
64	119	4.0
64	120	3.0
64	128	2.0
64	132	1.0
65	65	599.0
65	66	18.0
65	67	14.0
65	68	23.0
65	69	6.0
65	70	6.0
65	71	1.0
65	94	1.0
65	112	2.0
65	126	2.0
65	127	11.0
65	128	11.0
65	130	2.0
65	132	1.0
66	66	545.0
66	67	23.0
66	68	7.0
66	69	9.0
66	70	2.0
66	80	1.0
66	81	1.0
66	119	10.0
66	125	1.0
66	126	2.0
66	127	10.0
66	128	10.0
66	129	1.0
66	130	1.0
66	131	6.0
66	132	3.0
67	67	589.0
67	68	25.0
67	69	3.0
67	70	11.0
67	72	1.0
67	73	1.0
67	74	10.0
67	79	1.0
67	81	1.0
67	92	1.0
67	112	2.0
67	116	1.0
67	119	2.0
67	127	7.0
67	128	6.0
67	130	5.0
67	131	1.0
67	132	6.0
67	133	3.0
68	68	527.0
68	69	40.0
68	70	18.0
68	71	12.0
68	72	8.0
68	74	8.0
68	76	2.0
68	94	1.0
68	127	5.0
68	128	1.0
68	130	1.0
69	69	531.0
69	70	28.0
69	71	17.0
69	72	10.0
69	76	6.0
69	77	6.0
69	81	15.0
69	89	1.0
69	105	2.0
69	107	1.0
69	108	2.0
69	118	1.0
69	119	1.0
69	120	1.0
69	123	1.0
69	131	1.0
70	70	570.0
70	71	30.0
70	72	2.0
70	77	1.0
70	80	5.0
70	81	7.0
70	87	1.0
70	94	1.0
70	106	1.0
70	122	1.0
70	125	3.0
70	126	5.0
70	127	3.0
70	132	1.0
71	71	528.0
71	72	20.0
71	74	1.0
71	76	3.0
71	80	8.0
71	81	12.0
71	86	15.0
71	87	6.0
71	88	3.0
71	90	1.0
71	104	4.0
71	105	11.0
71	106	8.0
71	120	2.0
71	122	1.0
71	125	2.0
71	126	11.0
71	130	1.0
72	72	521.0
72	73	20.0
72	74	16.0
72	75	5.0
72	76	5.0
72	77	7.0
72	78	3.0
72	80	35.0
72	81	11.0
72	82	7.0
72	85	1.0
72	86	4.0
72	87	3.0
72	103	1.0
72	104	1.0
72	105	1.0
72	107	7.0
72	113	1.0
72	127	1.0
72	128	1.0
73	73	496.0
73	74	15.0
73	75	2.0
73	77	6.0
73	78	4.0
73	79	30.0
73	80	11.0
73	81	22.0
73	82	12.0
73	84	2.0
73	85	2.0
73	103	2.0
73	104	2.0
73	106	1.0
73	107	6.0
73	118	2.0
74	74	546.0
74	75	15.0
74	76	1.0
74	77	7.0
74	78	2.0
74	79	7.0
74	80	9.0
74	81	3.0
74	82	3.0
74	94	1.0
74	95	1.0
74	133	3.0
75	75	487.0
75	76	30.0
75	77	2.0
75	80	4.0
75	81	1.0
75	120	1.0
76	76	564.0
76	77	8.0
76	121	1.0
77	77	596.0
77	78	32.0
77	79	12.0
77	80	2.0
77	81	1.0
77	84	2.0
77	93	3.0
77	104	4.0
77	107	1.0
77	108	2.0
77	112	1.0
77	116	2.0
77	120	1.0
77	128	2.0
78	78	491.0
78	79	27.0
78	80	3.0
78	81	2.0
78	83	12.0
78	84	6.0
78	86	2.0
78	89	2.0
78	93	2.0
78	95	3.0
78	96	1.0
78	103	1.0
78	106	6.0
78	111	1.0
78	112	1.0
78	113	1.0
78	115	2.0
79	79	463.0
79	80	32.0
79	81	3.0
79	82	9.0
79	83	1.0
79	84	15.0
79	85	3.0
79	86	2.0
79	93	2.0
79	96	1.0
79	102	2.0
79	103	12.0
79	104	1.0
79	106	5.0
79	107	10.0
79	108	1.0
79	109	1.0
79	111	1.0
79	112	3.0
79	114	4.0
79	115	1.0
79	126	2.0
80	80	530.0
80	81	40.0
80	82	3.0
80	83	6.0
80	84	11.0
80	85	15.0
80	86	3.0
80	87	1.0
80	88	1.0
80	89	4.0
80	101	8.0
80	108	1.0
80	112	3.0
80	114	1.0
81	81	473.0
81	82	12.0
81	83	3.0
81	84	11.0
81	85	13.0
81	89	2.0
81	104	1.0
81	105	2.0
81	111	1.0
81	118	1.0
82	82	466.0
82	83	17.0
82	84	28.0
82	85	16.0
82	96	2.0
82	103	1.0
82	105	1.0
82	111	1.0
83	83	527.0
83	84	42.0
83	85	13.0
83	93	2.0
83	95	2.0
83	96	9.0
83	112	1.0
83	122	1.0
84	84	464.0
84	85	24.0
84	86	1.0
84	90	1.0
84	91	1.0
84	92	3.0
84	93	4.0
84	95	2.0
84	96	15.0
84	121	1.0
85	85	503.0
85	86	10.0
85	87	6.0
85	88	3.0
85	89	25.0
85	90	2.0
85	96	2.0
85	97	3.0
85	100	2.0
85	101	1.0
85	102	1.0
85	103	2.0
85	105	2.0
85	114	1.0
85	122	1.0
85	127	1.0
86	86	477.0
86	87	34.0
86	88	19.0
86	89	12.0
86	90	6.0
86	97	2.0
86	99	1.0
86	102	15.0
86	103	7.0
86	104	8.0
86	105	13.0
86	106	4.0
86	117	2.0
86	118	2.0
87	87	410.0
87	88	45.0
87	89	19.0
87	90	5.0
87	91	8.0
87	92	5.0
87	96	1.0
87	97	6.0
87	98	10.0
87	99	8.0
87	100	3.0
87	102	1.0
87	103	6.0
87	104	7.0
87	105	7.0
87	106	1.0
88	88	498.0
88	89	14.0
88	90	15.0
88	91	8.0
88	92	12.0
88	95	1.0
88	96	2.0
88	98	12.0
88	99	13.0
88	100	23.0
88	101	14.0
88	102	2.0
88	103	1.0
88	104	6.0
88	105	4.0
88	106	5.0
88	111	1.0
88	112	1.0
88	113	1.0
88	130	1.0
89	89	540.0
89	90	14.0
89	91	5.0
89	92	9.0
89	93	5.0
89	98	1.0
89	99	7.0
89	100	8.0
89	101	11.0
89	102	6.0
89	103	2.0
89	104	1.0
89	105	3.0
89	106	12.0
89	107	6.0
89	115	2.0
89	117	1.0
89	118	1.0
90	90	520.0
90	91	32.0
90	92	25.0
90	93	34.0
90	94	3.0
90	96	3.0
90	99	2.0
90	100	11.0
90	101	2.0
90	102	2.0
90	104	2.0
90	105	7.0
90	106	9.0
90	112	1.0
90	113	1.0
90	117	2.0
90	118	1.0
90	125	1.0
91	91	506.0
91	92	23.0
91	93	17.0
91	94	1.0
91	96	17.0
91	97	3.0
91	98	1.0
91	99	2.0
91	100	6.0
91	102	4.0
91	105	2.0
91	118	2.0
92	92	529.0
92	93	20.0
92	94	3.0
92	98	1.0
92	99	4.0
92	100	25.0
93	93	528.0
93	94	29.0
93	95	14.0
93	96	10.0
93	101	1.0
93	102	2.0
93	104	1.0
93	105	2.0
93	106	3.0
94	94	532.0
94	95	43.0
94	100	1.0
94	101	14.0
94	104	13.0
94	105	10.0
94	106	10.0
94	111	2.0
94	119	1.0
94	131	1.0
95	95	531.0
95	96	9.0
95	101	3.0
95	102	2.0
95	103	5.0
95	104	16.0
95	110	2.0
95	111	3.0
95	130	1.0
95	131	1.0
96	96	532.0
96	97	21.0
96	98	2.0
96	99	20.0
96	101	1.0
96	102	5.0
96	103	6.0
96	104	5.0
96	105	1.0
96	111	7.0
96	123	1.0
97	97	552.0
97	98	34.0
97	99	20.0
97	101	6.0
97	102	4.0
97	103	2.0
97	104	7.0
97	105	5.0
97	111	2.0
98	98	511.0
98	99	29.0
98	100	1.0
98	101	3.0
98	102	12.0
98	103	10.0
98	104	1.0
99	99	580.0
99	100	20.0
99	101	8.0
99	102	7.0
99	103	16.0
99	104	1.0
99	105	4.0
99	106	1.0
99	111	1.0
99	113	2.0
99	118	1.0
99	128	1.0
100	100	521.0
100	101	37.0
100	102	19.0
100	103	3.0
101	101	576.0
101	102	15.0
101	103	3.0
101	111	1.0
101	116	2.0
102	102	559.0
102	103	18.0
102	104	1.0
102	105	2.0
102	106	1.0
102	108	1.0
102	118	2.0
103	103	572.0
103	104	9.0
103	105	2.0
103	106	9.0
103	107	4.0
103	108	2.0
103	113	1.0
103	114	1.0
103	117	3.0
103	118	1.0
103	122	1.0
103	124	1.0
104	104	543.0
104	105	14.0
104	106	26.0
104	107	11.0
104	108	6.0
104	114	1.0
104	115	4.0
104	117	8.0
104	118	2.0
104	119	4.0
104	128	4.0
105	105	515.0
105	106	14.0
105	107	4.0
105	108	11.0
105	114	1.0
105	117	7.0
105	118	17.0
105	119	3.0
106	106	608.0
106	107	27.0
106	108	2.0
106	111	1.0
106	112	1.0
106	113	1.0
106	114	1.0
106	115	13.0
106	117	8.0
106	118	3.0
106	132	2.0
107	107	567.0
107	108	23.0
107	109	1.0
107	110	1.0
107	113	2.0
107	115	1.0
107	118	5.0
107	119	10.0
107	120	1.0
107	122	1.0
107	128	5.0
107	131	1.0
107	132	1.0
107	133	2.0
108	108	593.0
108	109	7.0
108	111	23.0
108	112	3.0
108	113	20.0
108	114	4.0
108	115	6.0
108	116	9.0
108	117	8.0
108	118	12.0
108	119	6.0
108	122	1.0
108	124	1.0
108	126	3.0
108	127	1.0
108	128	1.0
108	129	16.0
108	130	3.0
108	131	12.0
108	133	2.0
109	109	574.0
109	110	39.0
109	111	18.0
109	112	13.0
109	113	7.0
109	114	4.0
109	115	3.0
109	117	1.0
109	118	7.0
109	119	1.0
109	120	1.0
109	122	20.0
109	123	4.0
109	127	1.0
109	128	6.0
109	129	1.0
109	130	1.0
109	131	8.0
109	133	2.0
110	110	659.0
110	111	13.0
110	112	14.0
110	123	1.0
110	128	3.0
110	131	1.0
110	133	6.0
111	111	651.0
111	112	11.0
111	113	20.0
111	114	2.0
111	115	6.0
111	116	3.0
111	129	1.0
112	112	580.0
112	113	5.0
112	115	5.0
113	113	610.0
113	114	14.0
113	115	15.0
113	116	26.0
113	117	8.0
113	129	6.0
113	130	6.0
113	131	5.0
113	133	1.0
114	114	671.0
114	115	17.0
114	116	22.0
114	117	4.0
114	118	6.0
114	127	1.0
114	129	1.0
114	130	20.0
115	115	579.0
115	116	28.0
115	117	10.0
115	120	1.0
115	128	1.0
115	130	3.0
116	116	578.0
116	117	22.0
116	118	1.0
116	121	2.0
116	125	1.0
116	127	2.0
116	131	1.0
116	132	1.0
117	117	636.0
117	118	35.0
117	119	2.0
117	120	1.0
117	121	7.0
117	122	3.0
117	127	1.0
118	118	519.0
118	119	12.0
118	120	1.0
118	121	7.0
118	122	13.0
118	127	1.0
118	128	1.0
118	130	3.0
118	131	2.0
119	119	585.0
119	120	5.0
119	121	4.0
119	122	7.0
119	123	15.0
119	124	2.0
119	127	4.0
119	128	13.0
119	129	3.0
119	130	2.0
119	131	4.0
119	132	17.0
119	133	6.0
120	120	570.0
120	121	42.0
120	122	5.0
120	123	14.0
120	125	2.0
120	126	6.0
120	127	4.0
120	128	4.0
120	129	1.0
120	131	5.0
120	132	3.0
120	133	4.0
121	121	605.0
121	122	49.0
121	123	15.0
121	124	1.0
121	125	20.0
121	126	3.0
121	127	6.0
121	128	6.0
121	130	2.0
121	131	3.0
122	122	604.0
122	123	17.0
122	124	1.0
122	125	20.0
122	126	13.0
122	127	1.0
122	128	4.0
122	131	2.0
122	132	5.0
123	123	566.0
123	124	23.0
123	125	7.0
123	126	11.0
123	127	5.0
123	128	4.0
123	129	8.0
123	131	5.0
123	132	3.0
123	133	1.0
124	124	644.0
124	125	58.0
124	126	13.0
124	128	2.0
124	129	9.0
124	130	8.0
125	125	653.0
125	126	45.0
125	127	13.0
125	128	1.0
125	129	1.0
125	130	2.0
126	126	578.0
126	127	43.0
126	128	18.0
126	129	10.0
126	130	4.0
127	127	477.0
127	128	29.0
127	129	17.0
127	130	14.0
127	131	5.0
127	132	4.0
128	128	570.0
128	129	9.0
128	130	35.0
128	131	23.0
128	132	14.0
128	133	4.0
129	129	599.0
129	130	43.0
129	131	18.0
129	132	5.0
129	133	1.0
130	130	622.0
130	131	17.0
130	132	13.0
131	131	566.0
131	132	32.0
131	133	5.0
132	132	579.0
132	133	4.0
133	133	429.0
134	1	16.0
134	6	2.0
134	7	5.0
134	20	1.0
134	53	4.0
134	67	1.0
134	101	1.0
134	107	10.0
134	115	1.0
134	119	1.0
134	123	2.0
134	129	2.0
134	131	9.0
134	133	2.0
134	134	538.0
