1	1	367.0
1	2	18.0
1	3	2.0
1	44	1.0
1	59	1.0
1	61	3.0
1	62	2.0
2	2	392.0
2	3	3.0
2	29	1.0
2	31	1.0
2	35	1.0
2	62	6.0
3	3	390.0
3	4	8.0
3	7	4.0
3	23	2.0
3	24	4.0
3	25	1.0
3	39	1.0
3	52	1.0
3	60	4.0
3	61	1.0
3	62	3.0
4	4	326.0
4	5	3.0
4	6	8.0
4	7	8.0
4	8	2.0
4	21	1.0
4	22	6.0
4	23	10.0
4	24	5.0
4	25	5.0
4	54	1.0
5	5	349.0
5	6	8.0
5	7	5.0
5	8	4.0
5	10	1.0
5	11	2.0
5	17	1.0
5	18	8.0
5	21	1.0
5	25	1.0
6	6	337.0
6	7	11.0
6	8	15.0
6	18	2.0
7	7	326.0
7	8	13.0
8	8	327.0
8	9	8.0
8	10	5.0
8	11	1.0
8	13	6.0
8	14	1.0
8	15	2.0
8	18	8.0
9	9	327.0
9	10	16.0
9	11	8.0
9	12	4.0
9	13	1.0
9	15	3.0
9	16	1.0
9	18	3.0
10	10	352.0
10	11	18.0
10	12	13.0
10	13	1.0
10	18	10.0
10	44	1.0
11	11	331.0
11	12	29.0
11	13	1.0
11	15	4.0
11	18	5.0
11	19	10.0
11	38	1.0
12	12	311.0
12	13	9.0
12	15	1.0
12	18	4.0
12	19	3.0
12	21	4.0
12	29	1.0
12	34	1.0
12	46	1.0
12	58	1.0
13	13	319.0
13	14	6.0
13	15	11.0
13	16	5.0
13	17	7.0
13	19	7.0
13	20	6.0
13	21	12.0
13	26	7.0
13	38	1.0
13	46	1.0
14	14	332.0
14	15	14.0
14	16	16.0
14	17	6.0
14	21	5.0
14	22	3.0
14	24	2.0
14	25	3.0
14	26	2.0
14	38	1.0
14	39	5.0
14	40	2.0
14	41	7.0
14	47	1.0
15	15	308.0
15	16	21.0
15	17	6.0
15	20	2.0
15	22	2.0
15	40	3.0
15	41	3.0
16	16	392.0
16	17	17.0
16	18	1.0
16	20	6.0
16	21	3.0
16	40	1.0
17	17	375.0
17	18	7.0
17	45	1.0
17	53	1.0
18	18	352.0
18	19	2.0
18	20	2.0
18	22	1.0
18	48	3.0
18	51	7.0
18	52	1.0
18	53	3.0
18	54	2.0
19	19	369.0
19	20	6.0
19	21	3.0
19	25	2.0
19	26	4.0
19	48	3.0
19	49	6.0
19	50	7.0
19	52	1.0
19	53	6.0
20	20	388.0
20	21	26.0
20	22	7.0
20	35	1.0
20	39	6.0
20	40	1.0
20	42	1.0
20	43	5.0
20	44	1.0
20	47	5.0
20	49	9.0
20	56	1.0
20	61	2.0
21	21	377.0
21	22	12.0
21	25	3.0
21	26	2.0
21	39	1.0
21	40	1.0
21	41	1.0
21	50	1.0
22	22	352.0
22	23	7.0
22	25	1.0
22	26	1.0
22	40	1.0
22	43	1.0
22	50	4.0
22	55	1.0
22	57	2.0
22	60	1.0
22	62	1.0
23	23	352.0
23	24	10.0
23	25	8.0
23	26	3.0
23	37	3.0
23	38	3.0
23	40	10.0
23	41	2.0
23	42	5.0
23	54	1.0
23	58	4.0
23	59	9.0
23	60	4.0
24	24	380.0
24	25	16.0
24	37	1.0
24	38	9.0
24	39	3.0
24	40	3.0
24	41	8.0
24	43	4.0
24	46	5.0
24	47	3.0
24	51	2.0
24	52	6.0
24	54	2.0
24	59	2.0
24	62	1.0
25	25	312.0
25	26	5.0
25	29	3.0
25	58	1.0
25	59	1.0
26	26	67.0
26	56	1.0
29	29	135.0
29	30	3.0
29	37	1.0
29	40	2.0
29	50	3.0
29	51	1.0
29	52	1.0
29	53	2.0
29	61	1.0
30	30	381.0
30	31	2.0
30	32	5.0
30	35	2.0
30	36	5.0
30	45	3.0
30	48	1.0
30	50	4.0
30	52	1.0
30	53	7.0
30	54	5.0
30	55	4.0
31	31	397.0
31	32	11.0
31	35	1.0
31	37	13.0
31	38	4.0
31	39	13.0
31	44	2.0
31	45	2.0
31	46	2.0
31	48	3.0
31	54	5.0
31	55	6.0
31	56	1.0
32	32	300.0
32	33	18.0
32	34	3.0
32	35	8.0
32	36	1.0
32	37	4.0
32	39	1.0
32	42	1.0
32	43	13.0
32	44	1.0
32	56	2.0
33	33	374.0
33	34	10.0
33	35	5.0
33	36	2.0
33	37	11.0
33	43	2.0
34	34	374.0
34	35	12.0
34	36	8.0
35	35	389.0
35	36	3.0
35	42	1.0
35	48	1.0
36	36	414.0
36	37	7.0
36	43	1.0
36	55	1.0
36	59	1.0
36	60	2.0
37	37	376.0
37	38	6.0
37	39	7.0
37	40	1.0
37	41	1.0
37	42	5.0
37	43	5.0
37	44	1.0
37	45	3.0
37	48	2.0
37	49	1.0
37	54	2.0
37	55	5.0
37	56	7.0
37	57	1.0
37	58	9.0
37	59	3.0
38	38	328.0
38	39	20.0
38	40	4.0
38	41	3.0
38	42	14.0
38	43	9.0
38	44	2.0
38	45	5.0
38	46	20.0
38	47	2.0
38	48	4.0
38	49	4.0
38	51	1.0
38	55	1.0
38	56	2.0
38	58	6.0
38	59	4.0
38	60	1.0
39	39	421.0
39	40	1.0
39	41	11.0
39	42	1.0
39	44	4.0
39	45	8.0
39	46	3.0
39	47	13.0
39	48	2.0
39	49	1.0
40	40	360.0
40	41	8.0
40	42	2.0
40	45	4.0
40	47	1.0
40	49	1.0
40	51	2.0
40	52	1.0
40	54	1.0
40	55	13.0
40	56	2.0
40	59	12.0
40	60	4.0
41	41	367.0
41	42	1.0
41	43	2.0
41	45	2.0
41	46	1.0
41	47	5.0
41	49	9.0
41	51	6.0
41	52	3.0
41	54	5.0
41	55	2.0
41	56	1.0
42	42	359.0
42	43	9.0
42	44	6.0
42	45	3.0
42	46	1.0
42	47	3.0
42	48	3.0
42	49	3.0
42	50	2.0
42	51	4.0
42	54	1.0
42	55	10.0
42	56	5.0
42	57	4.0
42	58	2.0
42	60	1.0
42	61	1.0
43	43	358.0
43	44	10.0
43	45	1.0
43	46	6.0
43	50	1.0
43	51	1.0
43	52	2.0
43	58	4.0
43	59	2.0
44	44	383.0
44	45	11.0
44	46	1.0
44	47	10.0
44	55	4.0
44	56	2.0
44	57	1.0
45	45	380.0
45	46	15.0
45	47	1.0
45	48	4.0
45	51	1.0
45	55	4.0
46	46	343.0
46	47	20.0
46	48	1.0
46	50	1.0
46	51	1.0
46	55	1.0
47	47	402.0
47	48	2.0
47	49	1.0
47	54	3.0
47	55	1.0
48	48	404.0
48	49	10.0
48	50	6.0
48	54	1.0
48	55	3.0
48	58	1.0
49	49	378.0
49	50	6.0
49	51	3.0
49	52	1.0
49	55	4.0
49	62	1.0
50	50	370.0
50	51	3.0
50	52	8.0
50	53	6.0
50	54	2.0
50	55	3.0
51	51	358.0
51	52	20.0
51	53	14.0
51	54	1.0
51	55	2.0
51	59	1.0
52	52	313.0
52	53	7.0
52	54	2.0
52	55	1.0
52	61	2.0
53	53	318.0
53	54	9.0
53	57	1.0
54	54	333.0
54	55	6.0
55	55	391.0
55	56	11.0
55	58	1.0
55	59	1.0
56	56	415.0
56	57	23.0
56	58	9.0
56	59	2.0
56	60	4.0
56	61	1.0
56	62	1.0
57	57	423.0
57	58	2.0
57	60	9.0
58	58	362.0
58	59	22.0
58	60	28.0
59	59	409.0
59	60	4.0
59	61	3.0
60	60	422.0
60	61	5.0
60	62	7.0
61	61	439.0
61	62	13.0
62	62	435.0
64	1	11.0
64	2	1.0
64	3	1.0
64	5	1.0
64	9	1.0
64	11	1.0
64	24	1.0
64	61	1.0
64	64	354.0
