1	1	492.0
1	2	11.0
1	3	6.0
1	5	8.0
1	6	12.0
1	7	7.0
1	9	2.0
1	10	2.0
1	11	3.0
1	12	4.0
1	19	6.0
1	21	1.0
1	22	9.0
1	23	1.0
1	24	1.0
1	28	2.0
1	29	3.0
1	31	2.0
1	35	1.0
1	40	1.0
1	56	2.0
1	78	1.0
1	82	1.0
1	83	1.0
1	93	2.0
1	94	1.0
1	100	3.0
1	102	1.0
1	115	6.0
1	116	9.0
1	117	13.0
1	118	2.0
1	144	1.0
2	2	485.0
2	3	29.0
2	4	3.0
2	5	6.0
2	6	10.0
2	7	5.0
2	9	9.0
2	10	2.0
2	12	6.0
2	13	3.0
2	20	2.0
2	22	4.0
2	23	3.0
2	24	7.0
2	26	4.0
2	27	3.0
2	28	6.0
2	30	1.0
2	39	3.0
2	40	1.0
2	68	1.0
2	98	1.0
2	99	1.0
2	100	2.0
2	105	3.0
2	115	1.0
2	118	2.0
2	142	2.0
2	143	3.0
2	144	5.0
2	175	1.0
2	180	1.0
3	3	478.0
3	4	22.0
3	5	12.0
3	7	3.0
3	9	3.0
3	10	2.0
3	11	3.0
3	13	9.0
3	14	3.0
3	16	2.0
3	23	1.0
3	24	6.0
3	26	1.0
3	27	9.0
3	32	4.0
3	36	1.0
3	39	5.0
3	40	8.0
3	92	1.0
3	105	4.0
3	108	1.0
3	110	1.0
3	142	3.0
3	143	3.0
3	150	1.0
3	152	1.0
3	167	2.0
4	4	422.0
4	5	15.0
4	6	2.0
4	7	2.0
4	12	1.0
4	13	10.0
4	14	12.0
4	16	1.0
4	27	3.0
4	32	3.0
4	39	1.0
4	40	5.0
4	43	5.0
4	73	9.0
4	105	4.0
4	140	4.0
4	141	1.0
4	142	9.0
4	143	2.0
4	144	3.0
4	145	4.0
4	147	1.0
4	150	1.0
4	169	1.0
4	170	4.0
4	175	3.0
4	176	1.0
4	177	1.0
4	180	5.0
5	5	459.0
5	6	26.0
5	7	10.0
5	8	1.0
5	9	2.0
5	23	3.0
5	26	1.0
5	27	1.0
5	29	3.0
5	32	1.0
5	33	1.0
5	40	1.0
5	43	9.0
5	44	3.0
5	65	1.0
5	101	1.0
5	142	2.0
5	150	1.0
5	180	3.0
6	6	531.0
6	7	20.0
6	9	2.0
6	23	1.0
6	25	3.0
6	29	8.0
6	32	3.0
6	33	3.0
6	34	6.0
6	35	10.0
6	37	1.0
6	43	2.0
6	79	1.0
6	90	1.0
6	108	2.0
6	178	1.0
7	7	432.0
7	8	12.0
7	9	20.0
7	10	1.0
7	11	6.0
7	19	2.0
7	23	1.0
7	24	1.0
7	25	5.0
7	26	2.0
7	27	4.0
7	28	2.0
7	31	1.0
7	32	2.0
7	33	4.0
7	35	5.0
7	39	1.0
7	43	3.0
7	45	6.0
7	63	1.0
7	64	1.0
7	80	1.0
7	87	1.0
7	102	1.0
7	155	2.0
7	180	12.0
8	8	405.0
8	9	9.0
8	10	6.0
8	11	7.0
8	15	5.0
8	19	1.0
8	21	1.0
8	22	7.0
8	23	3.0
8	24	1.0
8	29	1.0
8	32	1.0
8	34	1.0
8	35	6.0
8	46	1.0
8	84	1.0
8	112	1.0
8	117	7.0
8	141	1.0
8	156	1.0
8	180	1.0
9	9	496.0
9	10	18.0
9	11	9.0
9	12	5.0
9	15	4.0
9	16	2.0
9	17	2.0
9	19	4.0
9	20	4.0
9	21	3.0
9	22	2.0
9	23	2.0
9	24	2.0
9	26	2.0
9	28	2.0
9	34	1.0
9	35	3.0
9	36	1.0
9	38	1.0
9	39	1.0
9	44	1.0
9	73	1.0
9	82	2.0
9	100	2.0
9	105	7.0
9	106	1.0
9	114	1.0
9	115	1.0
9	117	7.0
9	118	1.0
9	145	2.0
9	175	4.0
9	180	3.0
10	10	466.0
10	11	22.0
10	12	2.0
10	13	1.0
10	19	1.0
10	20	6.0
10	21	3.0
10	22	13.0
10	23	6.0
10	26	1.0
10	32	6.0
10	34	1.0
10	35	6.0
10	36	2.0
10	37	3.0
10	38	2.0
10	39	1.0
10	40	2.0
10	42	2.0
10	51	1.0
10	60	1.0
10	75	1.0
10	76	1.0
10	77	5.0
10	80	2.0
10	83	1.0
10	100	1.0
10	103	1.0
10	104	1.0
10	105	5.0
10	107	1.0
10	112	1.0
10	115	3.0
10	116	15.0
10	117	1.0
10	118	4.0
10	128	2.0
10	155	1.0
10	179	1.0
10	180	2.0
11	11	412.0
11	12	2.0
11	14	1.0
11	15	4.0
11	18	1.0
11	19	2.0
11	20	4.0
11	22	10.0
11	38	3.0
11	39	22.0
11	40	2.0
11	96	1.0
11	112	1.0
11	115	9.0
11	116	10.0
11	117	1.0
11	136	1.0
11	140	1.0
11	144	1.0
11	167	1.0
11	177	1.0
11	179	3.0
12	12	394.0
12	13	24.0
12	14	8.0
12	15	1.0
12	16	21.0
12	17	10.0
12	18	3.0
12	19	4.0
12	20	4.0
12	22	10.0
12	23	5.0
12	25	5.0
12	26	4.0
12	28	2.0
12	37	1.0
12	39	9.0
12	40	8.0
12	41	6.0
12	42	10.0
12	44	1.0
12	50	2.0
12	56	1.0
12	73	2.0
12	100	4.0
12	103	2.0
12	104	1.0
12	105	5.0
12	106	4.0
12	108	1.0
12	118	1.0
12	164	1.0
12	175	1.0
13	13	378.0
13	14	15.0
13	15	3.0
13	16	18.0
13	17	11.0
13	18	1.0
13	20	3.0
13	23	15.0
13	24	3.0
13	26	6.0
13	27	1.0
13	31	2.0
13	40	1.0
13	41	1.0
13	42	1.0
13	50	5.0
13	51	1.0
13	52	3.0
13	53	3.0
13	59	1.0
13	73	3.0
13	75	1.0
13	90	1.0
13	94	1.0
13	96	1.0
13	99	1.0
13	100	1.0
13	103	1.0
13	104	10.0
13	105	4.0
13	106	5.0
13	114	1.0
13	124	1.0
13	128	1.0
13	142	2.0
13	143	1.0
13	144	1.0
13	154	1.0
13	155	1.0
13	170	2.0
13	175	1.0
14	14	465.0
14	15	20.0
14	16	11.0
14	17	1.0
14	18	3.0
14	19	2.0
14	20	1.0
14	26	1.0
14	35	1.0
14	39	13.0
14	40	10.0
14	41	5.0
14	42	1.0
14	44	1.0
14	73	4.0
14	74	1.0
14	80	1.0
14	102	1.0
14	103	2.0
14	105	11.0
14	106	3.0
14	107	2.0
14	108	4.0
14	111	8.0
14	112	12.0
14	115	3.0
14	126	1.0
14	139	2.0
14	144	1.0
14	150	3.0
14	161	1.0
14	173	1.0
14	179	1.0
14	180	1.0
15	15	457.0
15	16	13.0
15	19	6.0
15	21	1.0
15	23	3.0
15	30	1.0
15	40	1.0
15	73	5.0
15	105	1.0
15	106	3.0
15	111	6.0
15	112	6.0
15	115	4.0
15	116	2.0
15	117	2.0
15	123	1.0
15	124	1.0
15	154	1.0
15	162	1.0
15	163	1.0
15	179	2.0
15	180	1.0
16	16	418.0
16	17	8.0
16	18	3.0
16	19	1.0
16	22	2.0
16	23	5.0
16	32	1.0
16	37	1.0
16	39	1.0
16	41	6.0
16	42	1.0
16	50	1.0
16	52	1.0
16	55	1.0
16	73	8.0
16	74	6.0
16	75	2.0
16	90	1.0
16	100	1.0
16	103	2.0
16	105	8.0
16	112	5.0
16	117	1.0
16	123	1.0
16	157	1.0
16	169	1.0
16	174	2.0
16	175	1.0
17	17	399.0
17	18	18.0
17	19	3.0
17	20	1.0
17	22	12.0
17	23	4.0
17	35	1.0
17	37	3.0
17	38	3.0
17	40	4.0
17	41	9.0
17	42	4.0
17	43	2.0
17	51	3.0
17	52	2.0
17	73	2.0
17	74	2.0
17	100	1.0
17	103	6.0
17	104	8.0
17	109	2.0
17	112	2.0
17	113	1.0
17	115	1.0
17	150	1.0
18	18	368.0
18	19	20.0
18	20	1.0
18	21	2.0
18	22	4.0
18	29	1.0
18	36	2.0
18	37	6.0
18	38	6.0
18	39	1.0
18	40	3.0
18	41	2.0
18	42	5.0
18	51	4.0
18	73	2.0
18	74	3.0
18	80	1.0
18	84	1.0
18	98	1.0
18	99	3.0
18	103	4.0
18	104	1.0
18	106	1.0
18	107	2.0
18	108	9.0
18	109	3.0
18	110	1.0
18	111	3.0
18	113	5.0
18	114	2.0
18	144	1.0
18	153	3.0
18	154	7.0
18	172	9.0
19	19	355.0
19	20	11.0
19	22	11.0
19	28	1.0
19	36	2.0
19	37	5.0
19	38	3.0
19	39	9.0
19	40	2.0
19	41	2.0
19	43	1.0
19	97	1.0
19	98	4.0
19	99	1.0
19	100	2.0
19	101	1.0
19	103	4.0
19	104	2.0
19	105	2.0
19	111	4.0
19	112	5.0
19	113	13.0
19	114	3.0
19	115	10.0
19	116	1.0
19	117	1.0
19	118	1.0
19	126	1.0
19	138	1.0
19	139	1.0
19	145	1.0
19	161	1.0
19	173	1.0
20	20	352.0
20	21	11.0
20	22	3.0
20	24	5.0
20	26	2.0
20	27	2.0
20	28	4.0
20	31	1.0
20	33	1.0
20	34	2.0
20	36	9.0
20	37	3.0
20	39	1.0
20	52	1.0
20	56	1.0
20	73	1.0
20	78	1.0
20	84	1.0
20	97	6.0
20	99	5.0
20	100	9.0
20	104	2.0
20	113	2.0
20	114	1.0
20	115	1.0
20	116	1.0
20	117	1.0
20	119	2.0
20	120	3.0
20	121	1.0
20	132	1.0
20	141	1.0
20	149	4.0
20	175	1.0
21	21	331.0
21	22	3.0
21	27	6.0
21	28	1.0
21	31	3.0
21	33	3.0
21	34	3.0
21	36	8.0
21	37	16.0
21	38	2.0
21	43	2.0
21	44	5.0
21	88	1.0
21	94	1.0
21	95	1.0
21	99	9.0
21	100	1.0
21	101	1.0
21	108	3.0
21	110	2.0
21	113	1.0
21	116	1.0
21	117	2.0
21	118	7.0
21	119	12.0
21	128	1.0
21	133	1.0
21	140	1.0
21	150	1.0
21	151	1.0
21	161	2.0
21	177	1.0
22	22	326.0
22	23	6.0
22	24	2.0
22	25	3.0
22	27	4.0
22	28	9.0
22	29	1.0
22	32	1.0
22	36	4.0
22	38	5.0
22	39	13.0
22	40	1.0
22	41	9.0
22	42	4.0
22	43	1.0
22	46	2.0
22	50	3.0
22	51	1.0
22	52	6.0
22	56	1.0
22	70	3.0
22	82	1.0
22	100	1.0
22	115	4.0
22	117	6.0
22	118	10.0
22	177	1.0
23	23	384.0
23	24	9.0
23	25	6.0
23	26	5.0
23	28	3.0
23	29	5.0
23	30	1.0
23	31	6.0
23	32	8.0
23	33	1.0
23	34	2.0
23	35	8.0
23	41	8.0
23	43	1.0
23	50	2.0
23	51	8.0
23	52	9.0
23	53	4.0
23	108	1.0
23	114	1.0
23	116	2.0
23	149	1.0
23	180	1.0
24	24	386.0
24	25	15.0
24	26	4.0
24	27	8.0
24	28	3.0
24	29	5.0
24	30	6.0
24	31	8.0
24	32	2.0
24	33	4.0
24	35	4.0
24	46	1.0
24	49	6.0
24	50	2.0
24	54	3.0
24	55	1.0
24	73	6.0
24	80	3.0
24	81	1.0
24	89	1.0
24	92	6.0
24	100	1.0
24	110	3.0
24	111	6.0
24	113	3.0
24	114	4.0
24	118	4.0
25	25	389.0
25	26	7.0
25	28	5.0
25	30	2.0
25	31	1.0
25	36	1.0
25	39	2.0
25	40	3.0
25	42	5.0
25	44	9.0
25	49	2.0
25	58	2.0
25	79	3.0
25	91	4.0
25	92	9.0
25	101	1.0
25	102	1.0
25	109	7.0
25	110	6.0
25	111	11.0
25	112	1.0
25	113	1.0
25	126	1.0
25	137	3.0
25	156	1.0
25	163	1.0
25	169	1.0
26	26	349.0
26	27	12.0
26	28	14.0
26	29	1.0
26	30	5.0
26	31	1.0
26	36	2.0
26	39	2.0
26	40	3.0
26	42	1.0
26	43	1.0
26	44	2.0
26	54	6.0
26	55	6.0
26	61	1.0
26	65	1.0
26	66	3.0
26	68	1.0
26	71	1.0
26	72	1.0
26	79	1.0
26	80	4.0
26	85	1.0
26	103	1.0
26	105	1.0
26	106	2.0
26	109	2.0
26	111	1.0
26	119	4.0
26	120	6.0
26	121	13.0
26	122	2.0
26	124	1.0
26	125	2.0
26	126	1.0
27	27	346.0
27	28	21.0
27	29	5.0
27	30	1.0
27	32	1.0
27	33	3.0
27	36	1.0
27	39	1.0
27	45	1.0
27	46	3.0
27	49	5.0
27	50	2.0
27	51	1.0
27	53	1.0
27	56	1.0
27	57	5.0
27	58	3.0
27	68	2.0
27	79	3.0
27	81	1.0
27	82	1.0
27	94	9.0
27	100	1.0
27	105	1.0
27	115	1.0
27	116	1.0
27	118	9.0
27	119	5.0
27	120	7.0
27	124	1.0
27	126	1.0
27	171	1.0
28	28	342.0
28	29	3.0
28	30	2.0
28	33	7.0
28	35	2.0
28	37	1.0
28	38	1.0
28	46	2.0
28	49	3.0
28	50	1.0
28	53	1.0
28	54	5.0
28	55	6.0
28	56	1.0
28	57	2.0
28	58	1.0
28	75	1.0
28	80	2.0
28	99	1.0
28	100	3.0
28	111	5.0
28	114	1.0
28	117	2.0
28	119	1.0
28	120	1.0
28	121	14.0
28	124	1.0
28	125	4.0
28	126	1.0
28	135	1.0
28	161	2.0
28	171	1.0
29	29	423.0
29	30	3.0
29	31	8.0
29	32	1.0
29	33	4.0
29	35	10.0
29	36	2.0
29	37	1.0
29	39	2.0
29	45	2.0
29	50	10.0
29	51	5.0
29	52	3.0
29	53	2.0
29	54	4.0
29	55	3.0
29	56	1.0
29	57	14.0
29	58	4.0
29	63	3.0
29	65	1.0
29	73	4.0
29	105	2.0
29	120	8.0
29	140	3.0
30	30	360.0
30	31	21.0
30	32	1.0
30	33	4.0
30	34	1.0
30	35	1.0
30	36	9.0
30	37	4.0
30	38	1.0
30	42	10.0
30	43	3.0
30	44	8.0
30	45	5.0
30	49	2.0
30	51	1.0
30	52	2.0
30	54	9.0
30	62	15.0
30	72	5.0
30	73	2.0
30	74	1.0
30	88	1.0
30	94	1.0
30	96	1.0
30	98	1.0
30	109	8.0
30	110	1.0
30	126	1.0
30	171	1.0
31	31	429.0
31	32	9.0
31	33	4.0
31	35	16.0
31	36	9.0
31	37	2.0
31	43	6.0
31	45	7.0
31	46	3.0
31	50	1.0
31	54	5.0
31	73	17.0
31	79	1.0
31	80	5.0
31	82	1.0
31	84	5.0
31	93	1.0
31	108	12.0
31	109	3.0
31	110	2.0
31	116	1.0
31	138	2.0
31	140	1.0
32	32	415.0
32	33	5.0
32	34	15.0
32	35	15.0
32	36	2.0
32	46	3.0
32	60	1.0
32	77	1.0
32	81	3.0
32	82	1.0
32	83	6.0
32	84	1.0
32	85	1.0
32	86	6.0
32	88	7.0
32	89	1.0
32	99	1.0
32	102	1.0
32	141	1.0
32	142	1.0
32	172	1.0
33	33	459.0
33	34	6.0
33	35	2.0
33	37	15.0
33	38	5.0
33	39	1.0
33	41	1.0
33	42	2.0
33	45	1.0
33	52	1.0
33	62	1.0
33	65	1.0
33	78	1.0
33	84	2.0
33	88	1.0
33	99	2.0
33	130	1.0
33	154	1.0
33	156	1.0
33	174	1.0
34	34	329.0
34	35	10.0
34	36	1.0
34	37	3.0
34	39	2.0
34	40	2.0
34	41	1.0
34	43	3.0
34	44	3.0
34	81	2.0
34	82	2.0
34	85	1.0
34	88	1.0
34	98	1.0
34	99	1.0
34	111	1.0
34	155	1.0
34	164	1.0
35	35	391.0
35	36	6.0
35	37	2.0
35	43	1.0
35	59	1.0
35	80	2.0
35	110	1.0
35	113	1.0
35	171	1.0
35	177	1.0
36	36	394.0
36	37	15.0
36	42	1.0
36	45	1.0
36	51	1.0
36	52	14.0
36	53	4.0
36	62	6.0
36	63	2.0
36	64	1.0
36	73	2.0
36	74	8.0
36	160	1.0
36	164	1.0
37	37	411.0
37	38	15.0
37	39	8.0
37	41	3.0
37	42	7.0
37	43	2.0
37	44	2.0
37	45	7.0
37	53	1.0
37	62	2.0
37	95	2.0
37	108	2.0
38	38	403.0
38	39	12.0
38	40	3.0
38	41	22.0
38	42	21.0
38	43	6.0
38	44	3.0
38	51	3.0
38	53	1.0
38	54	2.0
38	55	10.0
38	56	1.0
38	57	1.0
38	62	3.0
38	63	1.0
38	64	1.0
38	65	1.0
38	81	1.0
38	94	1.0
38	157	1.0
39	39	355.0
39	40	24.0
39	41	6.0
39	42	4.0
39	43	3.0
39	44	12.0
39	45	1.0
39	52	1.0
39	96	1.0
39	103	1.0
39	110	1.0
39	126	1.0
40	40	399.0
40	41	12.0
40	42	14.0
40	43	6.0
40	44	4.0
40	103	1.0
40	156	2.0
40	158	1.0
41	41	400.0
41	42	18.0
41	43	8.0
41	51	1.0
41	52	2.0
41	53	3.0
41	55	16.0
41	56	5.0
41	62	4.0
41	63	10.0
41	65	3.0
41	148	1.0
42	42	351.0
42	43	10.0
42	44	3.0
42	51	2.0
42	53	1.0
42	54	3.0
42	55	4.0
42	56	1.0
42	57	2.0
42	64	1.0
42	75	1.0
42	79	1.0
42	80	1.0
42	83	1.0
42	90	1.0
42	133	1.0
42	138	1.0
42	177	1.0
43	43	421.0
43	44	12.0
43	50	2.0
43	51	6.0
43	52	2.0
43	54	4.0
43	56	1.0
43	57	2.0
43	63	1.0
43	72	1.0
43	80	1.0
43	102	1.0
43	109	7.0
43	111	1.0
43	135	1.0
43	161	1.0
44	44	406.0
44	45	3.0
44	46	3.0
44	66	1.0
44	68	2.0
44	75	1.0
44	78	1.0
44	81	4.0
44	82	10.0
44	90	1.0
44	91	5.0
44	92	2.0
44	99	1.0
44	105	2.0
44	107	3.0
44	108	3.0
44	109	5.0
44	110	5.0
44	157	1.0
44	160	2.0
45	45	414.0
45	46	1.0
45	49	1.0
45	62	1.0
45	72	1.0
45	73	8.0
45	74	1.0
45	76	1.0
45	81	2.0
45	82	8.0
45	83	2.0
45	84	1.0
45	85	1.0
45	86	1.0
45	89	1.0
45	90	8.0
45	91	13.0
45	92	5.0
45	93	4.0
45	94	5.0
45	105	1.0
45	107	2.0
45	108	4.0
45	110	1.0
45	113	4.0
45	114	2.0
45	127	1.0
45	133	1.0
45	139	1.0
45	160	4.0
46	46	192.0
46	49	16.0
46	50	1.0
46	82	1.0
46	91	1.0
46	95	1.0
46	97	1.0
46	108	3.0
46	116	1.0
46	118	2.0
46	141	1.0
49	49	212.0
49	50	5.0
49	51	9.0
49	53	2.0
49	61	1.0
49	74	1.0
49	75	11.0
49	109	3.0
49	110	2.0
49	111	3.0
49	139	1.0
49	145	1.0
50	50	399.0
50	51	21.0
50	52	9.0
50	53	3.0
50	54	3.0
50	55	1.0
50	58	2.0
50	70	2.0
50	76	1.0
50	83	1.0
50	86	7.0
50	88	2.0
50	89	2.0
50	91	6.0
50	92	12.0
50	173	1.0
51	51	362.0
51	52	9.0
51	53	5.0
51	54	2.0
51	55	5.0
51	58	4.0
51	71	1.0
51	72	1.0
51	75	2.0
51	76	4.0
51	81	2.0
51	86	4.0
51	91	4.0
51	92	2.0
51	102	1.0
51	168	1.0
51	169	1.0
51	180	1.0
52	52	422.0
52	53	20.0
52	54	7.0
52	55	2.0
52	56	3.0
52	57	1.0
52	59	1.0
52	60	1.0
52	61	1.0
52	62	2.0
52	63	2.0
52	66	1.0
52	71	7.0
52	72	11.0
52	74	11.0
52	75	6.0
52	76	4.0
52	92	5.0
52	124	1.0
52	135	1.0
52	140	1.0
52	166	1.0
52	171	2.0
53	53	446.0
53	54	18.0
53	55	3.0
53	56	3.0
53	58	2.0
53	62	6.0
53	64	2.0
53	68	2.0
53	71	8.0
53	72	3.0
53	73	2.0
53	74	7.0
53	79	5.0
53	80	2.0
53	88	1.0
53	120	2.0
53	124	1.0
53	125	1.0
53	126	1.0
53	145	1.0
53	171	1.0
53	173	1.0
54	54	467.0
54	55	17.0
54	56	6.0
54	58	4.0
54	59	4.0
54	62	5.0
54	63	6.0
54	64	6.0
54	68	1.0
54	70	1.0
54	71	5.0
54	74	4.0
54	80	5.0
54	87	1.0
54	93	1.0
54	120	6.0
54	121	1.0
54	125	1.0
54	145	1.0
54	160	1.0
55	55	443.0
55	56	21.0
55	57	5.0
55	58	1.0
55	59	4.0
55	63	14.0
55	64	1.0
55	65	2.0
55	68	7.0
55	79	3.0
55	120	1.0
55	122	1.0
55	123	6.0
55	125	5.0
55	126	1.0
55	139	1.0
55	141	1.0
56	56	409.0
56	57	26.0
56	58	4.0
56	63	3.0
56	64	1.0
56	65	4.0
56	68	8.0
56	78	1.0
56	81	1.0
56	96	1.0
56	120	8.0
56	121	1.0
56	123	3.0
56	124	6.0
56	125	1.0
56	134	1.0
57	57	376.0
57	58	9.0
57	62	1.0
57	63	14.0
57	64	4.0
57	65	10.0
57	66	1.0
57	68	3.0
57	92	1.0
57	97	1.0
57	100	1.0
57	120	1.0
57	124	2.0
57	163	1.0
57	175	1.0
58	58	404.0
58	59	8.0
58	60	3.0
58	61	5.0
58	62	5.0
58	63	7.0
58	64	4.0
58	65	1.0
58	81	1.0
58	109	1.0
58	120	1.0
58	129	1.0
58	130	1.0
58	164	1.0
58	170	1.0
58	171	2.0
59	59	444.0
59	60	11.0
59	61	24.0
59	62	19.0
59	63	12.0
59	64	9.0
59	70	2.0
59	75	1.0
59	108	1.0
60	60	435.0
60	61	31.0
60	64	3.0
60	70	7.0
60	74	5.0
60	75	2.0
60	76	1.0
60	110	1.0
60	111	1.0
60	141	1.0
60	175	1.0
61	61	447.0
61	62	3.0
61	63	2.0
61	64	1.0
61	70	10.0
61	74	4.0
61	75	6.0
61	77	1.0
61	81	1.0
61	97	1.0
61	116	1.0
61	123	2.0
62	62	406.0
62	63	9.0
62	64	3.0
62	65	1.0
62	67	1.0
62	71	4.0
62	73	4.0
62	86	1.0
62	117	2.0
62	150	1.0
62	158	1.0
63	63	385.0
63	64	7.0
63	65	10.0
63	66	1.0
63	67	3.0
63	70	2.0
63	74	3.0
63	118	1.0
63	123	2.0
63	151	1.0
64	64	419.0
64	65	6.0
64	66	2.0
64	67	16.0
64	68	5.0
64	70	1.0
64	71	4.0
64	74	1.0
64	99	1.0
64	120	1.0
65	65	435.0
65	66	12.0
65	67	8.0
65	68	11.0
65	108	1.0
65	118	1.0
65	119	1.0
65	120	6.0
65	123	8.0
65	124	4.0
65	126	2.0
65	145	1.0
66	66	414.0
66	67	21.0
66	68	13.0
66	76	1.0
66	110	2.0
66	111	4.0
66	114	2.0
66	116	7.0
66	117	3.0
66	118	3.0
66	119	6.0
66	120	9.0
66	121	8.0
66	122	3.0
66	123	3.0
66	128	1.0
66	167	1.0
67	67	456.0
67	68	15.0
67	104	1.0
67	115	3.0
67	116	1.0
67	117	5.0
67	118	2.0
67	123	4.0
67	128	1.0
67	130	1.0
68	68	368.0
68	72	1.0
68	75	1.0
68	84	1.0
68	115	1.0
68	116	3.0
68	118	1.0
68	119	6.0
68	120	3.0
68	122	5.0
68	123	6.0
68	124	11.0
68	125	3.0
68	139	1.0
68	160	1.0
68	171	2.0
68	176	1.0
69	69	3.0
69	116	2.0
69	122	2.0
70	70	116.0
70	71	3.0
70	73	1.0
70	85	1.0
70	116	1.0
70	122	1.0
70	147	2.0
70	179	2.0
71	71	483.0
71	72	4.0
71	73	1.0
71	74	6.0
71	75	2.0
71	76	6.0
71	81	1.0
71	82	2.0
71	83	1.0
71	86	1.0
71	92	14.0
71	93	2.0
71	119	1.0
71	150	3.0
71	151	1.0
71	176	1.0
72	72	480.0
72	73	17.0
72	74	3.0
72	75	2.0
72	81	3.0
72	83	2.0
72	84	1.0
72	86	1.0
72	92	4.0
72	93	10.0
72	101	1.0
72	102	1.0
72	103	2.0
72	104	1.0
72	106	4.0
72	107	9.0
72	108	1.0
72	109	5.0
72	110	1.0
72	113	1.0
72	140	1.0
72	145	1.0
72	146	1.0
72	149	1.0
72	150	3.0
72	151	8.0
72	152	1.0
72	153	6.0
72	154	1.0
72	156	1.0
73	73	452.0
73	74	7.0
73	76	1.0
73	78	1.0
73	93	6.0
73	94	2.0
73	101	1.0
73	102	3.0
73	103	2.0
73	104	4.0
73	105	2.0
73	138	1.0
73	140	2.0
73	145	6.0
73	147	1.0
73	161	1.0
73	169	4.0
73	170	3.0
73	174	8.0
73	175	7.0
74	74	348.0
74	75	15.0
74	80	1.0
74	81	1.0
74	89	1.0
74	103	10.0
74	104	1.0
74	106	1.0
74	107	6.0
74	110	1.0
74	133	1.0
74	150	1.0
74	151	1.0
74	152	1.0
74	153	1.0
74	154	6.0
74	160	1.0
74	179	1.0
75	75	370.0
75	76	3.0
75	86	2.0
75	92	3.0
75	95	1.0
75	99	1.0
75	104	2.0
75	107	6.0
75	110	8.0
75	112	1.0
75	128	1.0
75	137	1.0
75	150	4.0
75	151	1.0
75	152	1.0
75	157	1.0
75	173	1.0
76	76	421.0
76	77	6.0
76	78	7.0
76	79	4.0
76	80	5.0
76	81	3.0
76	82	1.0
76	83	3.0
76	88	4.0
76	89	1.0
76	90	5.0
76	92	9.0
76	93	1.0
76	94	1.0
76	103	1.0
76	104	6.0
76	106	2.0
76	111	1.0
76	112	4.0
76	122	1.0
76	127	7.0
76	128	1.0
76	132	1.0
76	135	1.0
76	136	3.0
76	137	1.0
76	141	2.0
76	145	4.0
76	146	2.0
76	147	1.0
76	151	2.0
76	153	5.0
76	154	2.0
76	155	3.0
76	157	3.0
76	158	1.0
76	159	1.0
76	166	1.0
76	172	4.0
76	173	6.0
77	77	410.0
77	78	27.0
77	80	5.0
77	103	1.0
77	126	1.0
77	127	6.0
77	128	1.0
77	129	2.0
77	130	2.0
77	132	3.0
77	133	3.0
77	141	2.0
77	146	3.0
77	151	1.0
77	157	3.0
77	172	7.0
77	173	2.0
78	78	393.0
78	79	9.0
78	80	7.0
78	81	3.0
78	82	1.0
78	88	1.0
78	93	1.0
78	107	2.0
78	110	1.0
78	111	1.0
78	112	8.0
78	118	1.0
78	127	2.0
78	128	8.0
78	129	4.0
78	132	3.0
78	133	1.0
78	145	3.0
78	146	14.0
78	153	1.0
78	154	1.0
78	156	9.0
78	157	4.0
78	158	1.0
78	159	1.0
78	160	6.0
78	172	5.0
78	173	1.0
78	176	1.0
79	79	460.0
79	80	31.0
79	81	3.0
79	103	1.0
79	106	2.0
79	110	5.0
79	111	7.0
79	112	7.0
79	113	4.0
79	124	3.0
79	137	2.0
79	146	3.0
79	156	2.0
80	80	397.0
80	81	5.0
80	97	1.0
80	107	4.0
80	109	8.0
80	110	11.0
80	116	1.0
80	126	1.0
80	135	1.0
81	81	434.0
81	82	22.0
81	83	2.0
81	84	1.0
81	86	4.0
81	87	1.0
81	88	3.0
81	90	8.0
81	91	3.0
81	92	5.0
81	93	6.0
81	102	1.0
81	105	2.0
81	106	2.0
81	107	6.0
81	108	8.0
81	109	1.0
81	110	1.0
81	111	1.0
81	118	2.0
81	121	1.0
81	127	1.0
81	128	2.0
81	131	1.0
81	132	1.0
81	146	4.0
81	149	1.0
81	172	6.0
81	173	1.0
82	82	434.0
82	83	4.0
82	84	3.0
82	85	6.0
82	86	17.0
82	88	8.0
82	90	3.0
82	93	2.0
82	94	2.0
82	95	1.0
82	99	1.0
82	100	1.0
82	102	1.0
82	106	4.0
82	116	1.0
82	127	1.0
82	135	1.0
82	138	1.0
82	143	1.0
82	147	1.0
82	171	3.0
83	83	417.0
83	84	17.0
83	85	7.0
83	86	8.0
83	87	1.0
83	88	10.0
83	89	3.0
83	90	1.0
83	91	3.0
83	92	1.0
83	95	1.0
83	99	1.0
83	174	1.0
84	84	381.0
84	85	16.0
84	86	2.0
84	87	2.0
84	88	6.0
84	90	3.0
84	94	4.0
84	95	14.0
84	99	4.0
84	107	1.0
84	108	2.0
84	111	1.0
84	120	1.0
84	164	2.0
84	176	1.0
85	85	360.0
85	86	6.0
85	87	6.0
85	88	12.0
85	89	3.0
85	90	2.0
85	91	1.0
85	94	4.0
85	95	8.0
85	96	2.0
85	97	13.0
85	98	7.0
85	99	8.0
85	100	13.0
85	113	1.0
85	118	1.0
85	119	4.0
85	120	2.0
85	123	1.0
85	162	1.0
85	163	2.0
85	164	12.0
85	166	1.0
85	170	1.0
85	172	1.0
85	178	1.0
86	86	367.0
86	87	23.0
86	88	14.0
86	89	1.0
86	91	4.0
86	97	2.0
86	99	3.0
86	102	1.0
86	105	1.0
86	118	1.0
86	135	1.0
86	137	1.0
86	170	1.0
86	172	3.0
86	173	1.0
87	87	424.0
87	88	16.0
87	89	6.0
87	90	1.0
87	92	1.0
87	93	1.0
87	96	4.0
87	97	2.0
87	98	2.0
87	132	1.0
87	162	1.0
87	172	1.0
88	88	409.0
88	89	20.0
88	90	11.0
88	91	11.0
88	92	1.0
88	96	1.0
88	97	1.0
88	99	7.0
88	100	1.0
88	147	1.0
88	165	1.0
89	89	420.0
89	90	9.0
89	91	9.0
89	93	1.0
89	94	4.0
89	95	3.0
89	96	2.0
89	97	3.0
89	98	6.0
89	99	1.0
89	100	4.0
89	105	1.0
89	132	1.0
89	137	1.0
89	162	1.0
89	163	5.0
89	165	2.0
89	171	2.0
90	90	420.0
90	91	11.0
90	93	4.0
90	94	8.0
90	99	1.0
90	101	1.0
90	105	5.0
90	106	2.0
90	107	1.0
90	108	3.0
90	127	2.0
90	147	2.0
90	160	4.0
90	165	4.0
90	166	1.0
90	171	2.0
90	172	2.0
90	173	2.0
91	91	344.0
91	92	15.0
91	93	6.0
91	94	2.0
91	96	2.0
91	101	1.0
91	103	1.0
91	105	4.0
91	106	5.0
91	108	1.0
91	113	1.0
91	160	1.0
91	180	1.0
92	92	414.0
92	93	8.0
92	94	2.0
92	99	1.0
92	100	1.0
92	106	1.0
92	107	7.0
92	109	4.0
92	110	5.0
92	113	3.0
92	121	1.0
92	135	1.0
92	140	1.0
92	146	4.0
92	160	2.0
93	93	428.0
93	94	10.0
93	105	6.0
93	106	5.0
93	107	7.0
93	127	1.0
93	129	2.0
93	145	1.0
93	146	1.0
93	151	1.0
93	152	5.0
93	157	1.0
93	160	10.0
93	161	3.0
93	164	2.0
93	165	5.0
94	94	396.0
94	95	17.0
94	97	1.0
94	101	3.0
94	102	3.0
94	105	1.0
94	106	4.0
94	118	7.0
94	119	7.0
94	120	2.0
94	129	3.0
94	147	1.0
94	156	1.0
94	157	1.0
94	160	1.0
94	161	2.0
94	162	8.0
94	163	4.0
94	164	1.0
94	165	8.0
94	166	2.0
94	170	2.0
94	171	3.0
94	173	1.0
94	174	3.0
95	95	452.0
95	96	10.0
95	97	3.0
95	100	3.0
95	101	5.0
95	113	1.0
95	118	2.0
95	119	2.0
95	120	2.0
95	121	1.0
95	143	1.0
95	162	3.0
95	163	4.0
95	164	1.0
95	166	2.0
95	170	2.0
95	171	1.0
95	173	1.0
95	179	3.0
96	96	383.0
96	97	16.0
96	98	24.0
96	99	10.0
96	100	7.0
96	101	4.0
96	113	2.0
96	122	11.0
96	123	1.0
96	127	1.0
96	144	1.0
96	162	3.0
96	163	6.0
96	164	3.0
96	166	3.0
96	167	3.0
96	171	3.0
97	97	368.0
97	98	20.0
97	99	5.0
97	100	4.0
97	101	3.0
97	107	1.0
97	113	10.0
97	114	1.0
97	115	1.0
97	118	3.0
97	163	1.0
97	164	2.0
97	171	1.0
97	172	1.0
98	98	342.0
98	99	13.0
98	100	4.0
98	101	2.0
98	102	5.0
98	103	2.0
98	104	3.0
98	105	1.0
98	109	2.0
98	111	3.0
98	113	1.0
98	114	5.0
98	120	1.0
98	122	1.0
98	139	1.0
98	163	2.0
98	164	1.0
98	166	6.0
98	167	3.0
98	171	2.0
98	172	3.0
98	179	1.0
99	99	341.0
99	100	36.0
99	101	1.0
99	103	2.0
99	104	2.0
99	105	2.0
99	106	2.0
99	113	3.0
99	116	1.0
99	117	1.0
99	121	1.0
99	134	1.0
99	149	1.0
99	152	1.0
99	160	1.0
99	162	1.0
99	163	1.0
99	164	1.0
99	165	1.0
100	100	348.0
100	101	1.0
100	103	2.0
100	105	1.0
100	106	4.0
100	113	3.0
100	116	4.0
100	117	3.0
100	121	1.0
100	162	3.0
100	166	3.0
100	171	3.0
100	173	1.0
101	101	398.0
101	102	6.0
101	103	1.0
101	105	6.0
101	106	1.0
101	107	1.0
101	108	2.0
101	109	1.0
101	110	6.0
101	113	4.0
101	114	5.0
101	127	1.0
101	146	1.0
101	148	5.0
101	150	1.0
101	151	2.0
101	152	8.0
101	153	5.0
101	160	1.0
101	161	7.0
101	162	4.0
101	163	24.0
101	164	8.0
101	165	4.0
101	166	11.0
101	170	4.0
101	171	1.0
101	174	2.0
102	102	372.0
102	103	9.0
102	104	4.0
102	107	4.0
102	108	5.0
102	109	1.0
102	110	5.0
102	111	1.0
102	114	5.0
102	116	1.0
102	123	2.0
102	125	1.0
102	127	1.0
102	137	1.0
102	146	1.0
102	147	2.0
102	148	20.0
102	150	6.0
102	153	1.0
102	154	1.0
102	155	1.0
102	161	3.0
102	162	2.0
102	163	1.0
102	164	12.0
102	166	6.0
102	167	3.0
102	168	4.0
102	169	7.0
102	170	6.0
102	171	21.0
102	172	1.0
102	173	3.0
102	174	1.0
103	103	384.0
103	104	10.0
103	105	1.0
103	106	6.0
103	108	1.0
103	109	8.0
103	110	3.0
103	111	2.0
103	112	3.0
103	114	1.0
103	149	3.0
103	150	10.0
103	151	7.0
103	152	4.0
103	153	4.0
103	154	5.0
103	159	1.0
103	166	3.0
103	169	4.0
104	104	370.0
104	105	5.0
104	106	10.0
104	107	3.0
104	109	13.0
104	110	1.0
104	111	7.0
104	112	3.0
104	113	3.0
104	128	1.0
104	135	1.0
104	145	1.0
104	150	4.0
104	151	9.0
104	152	10.0
104	154	6.0
104	160	2.0
104	165	1.0
104	173	1.0
105	105	336.0
105	106	14.0
105	112	5.0
105	115	3.0
105	127	1.0
105	137	1.0
105	141	1.0
105	145	1.0
105	147	1.0
105	149	1.0
105	152	7.0
105	153	3.0
105	154	1.0
105	155	1.0
105	157	1.0
105	158	1.0
105	161	5.0
105	165	6.0
105	171	1.0
105	174	2.0
105	176	1.0
106	106	402.0
106	107	7.0
106	108	1.0
106	109	7.0
106	110	4.0
106	111	4.0
106	112	6.0
106	113	4.0
106	114	3.0
106	115	1.0
106	135	1.0
106	136	1.0
106	144	1.0
106	147	5.0
106	150	1.0
106	151	3.0
106	152	9.0
106	153	8.0
106	155	1.0
106	160	1.0
106	161	3.0
106	162	1.0
106	164	4.0
106	165	6.0
106	166	1.0
106	168	1.0
106	169	2.0
106	171	9.0
106	172	1.0
106	178	2.0
106	179	1.0
107	107	446.0
107	108	2.0
107	109	2.0
107	110	3.0
107	111	1.0
107	112	8.0
107	113	3.0
107	114	5.0
107	125	2.0
107	128	1.0
107	132	1.0
107	135	2.0
107	144	1.0
107	146	2.0
107	149	2.0
107	150	1.0
107	152	6.0
107	153	8.0
107	154	2.0
107	156	2.0
107	158	1.0
107	160	3.0
107	169	1.0
107	172	9.0
107	173	1.0
107	177	1.0
108	108	369.0
108	109	4.0
108	110	3.0
108	111	2.0
108	113	3.0
108	123	2.0
108	130	1.0
108	132	2.0
108	152	1.0
108	153	9.0
108	154	4.0
108	158	1.0
108	168	1.0
108	169	2.0
108	172	3.0
108	179	1.0
109	109	460.0
109	110	20.0
109	126	2.0
109	152	2.0
109	153	6.0
109	157	1.0
109	172	2.0
110	110	438.0
110	111	20.0
110	112	3.0
110	113	3.0
110	114	7.0
110	121	1.0
110	125	1.0
110	126	1.0
110	136	1.0
110	146	3.0
110	150	1.0
110	151	2.0
110	152	1.0
110	153	13.0
110	161	2.0
110	163	2.0
110	168	1.0
110	170	1.0
111	111	400.0
111	112	5.0
111	113	2.0
111	114	8.0
111	115	10.0
111	118	1.0
111	121	1.0
111	125	2.0
111	136	5.0
111	137	1.0
111	142	1.0
111	152	2.0
111	153	12.0
111	154	1.0
111	161	1.0
111	167	1.0
111	168	1.0
111	169	1.0
111	171	2.0
112	112	418.0
112	113	15.0
112	114	11.0
112	115	4.0
112	122	1.0
112	135	2.0
112	136	1.0
112	137	1.0
112	140	1.0
112	145	1.0
112	151	2.0
112	153	2.0
112	158	1.0
112	171	2.0
112	172	4.0
113	113	422.0
113	114	10.0
113	116	1.0
113	117	3.0
113	119	4.0
113	122	1.0
113	135	1.0
113	148	1.0
113	151	6.0
113	154	1.0
113	158	1.0
113	160	1.0
113	161	1.0
113	163	1.0
113	166	2.0
113	172	1.0
113	179	1.0
114	114	437.0
114	115	21.0
114	118	2.0
114	120	2.0
114	121	1.0
114	122	2.0
114	125	1.0
114	138	3.0
114	140	1.0
114	146	1.0
114	158	4.0
114	164	1.0
114	166	2.0
114	172	5.0
114	179	2.0
115	115	434.0
115	116	34.0
115	117	25.0
115	118	29.0
115	119	3.0
115	134	1.0
115	135	1.0
115	153	1.0
115	166	1.0
115	171	1.0
115	175	1.0
116	116	389.0
116	117	19.0
116	118	8.0
116	119	7.0
116	120	1.0
116	121	1.0
116	122	9.0
116	123	3.0
116	128	2.0
116	141	1.0
116	152	1.0
117	117	359.0
117	118	19.0
117	119	1.0
117	122	1.0
117	123	1.0
117	159	2.0
117	180	5.0
118	118	410.0
118	119	11.0
118	120	2.0
118	130	1.0
118	132	1.0
118	175	2.0
119	119	390.0
119	120	11.0
119	121	10.0
119	122	6.0
119	123	13.0
119	130	1.0
119	161	1.0
119	166	1.0
120	120	359.0
120	121	26.0
120	122	2.0
120	123	1.0
120	125	2.0
120	150	1.0
120	163	2.0
120	164	1.0
120	171	2.0
121	121	415.0
121	122	5.0
121	123	4.0
121	125	5.0
121	127	5.0
121	134	1.0
121	139	1.0
121	150	1.0
121	164	2.0
121	165	2.0
122	122	409.0
122	123	6.0
122	124	1.0
122	125	12.0
122	126	8.0
122	127	10.0
122	128	2.0
122	143	1.0
122	166	5.0
122	167	16.0
122	169	1.0
122	171	6.0
123	123	434.0
123	124	19.0
123	125	11.0
123	126	6.0
123	128	3.0
123	131	1.0
123	141	1.0
123	146	3.0
123	152	1.0
123	161	1.0
123	165	1.0
123	167	1.0
123	168	10.0
123	169	9.0
123	171	2.0
123	172	2.0
123	173	1.0
123	175	1.0
123	179	1.0
124	124	411.0
124	125	18.0
124	126	14.0
124	128	4.0
124	136	1.0
124	141	1.0
124	147	1.0
124	148	1.0
124	154	3.0
124	155	1.0
124	156	2.0
124	159	2.0
124	165	1.0
124	167	1.0
124	168	6.0
124	169	1.0
124	171	1.0
124	173	5.0
124	174	1.0
125	125	414.0
125	126	20.0
125	128	1.0
125	130	2.0
125	148	1.0
125	159	4.0
125	160	6.0
125	161	2.0
125	162	6.0
125	167	2.0
125	168	8.0
125	169	11.0
125	170	1.0
125	179	1.0
126	126	419.0
126	127	8.0
126	128	5.0
126	132	2.0
126	146	9.0
126	154	1.0
126	156	1.0
126	159	2.0
126	161	1.0
126	166	1.0
126	167	2.0
126	168	3.0
126	169	8.0
126	170	1.0
126	171	2.0
126	173	2.0
127	127	384.0
127	128	24.0
127	129	1.0
127	130	3.0
127	131	4.0
127	132	6.0
127	133	1.0
127	135	1.0
127	146	1.0
127	149	1.0
127	156	3.0
127	157	3.0
127	159	3.0
127	161	4.0
127	163	3.0
127	165	2.0
127	166	2.0
127	167	7.0
127	169	2.0
127	170	1.0
127	171	5.0
127	172	1.0
128	128	398.0
128	129	15.0
128	130	7.0
128	131	1.0
128	132	1.0
128	133	4.0
128	134	2.0
128	135	2.0
128	146	4.0
128	155	6.0
128	156	8.0
128	157	6.0
128	158	5.0
128	159	9.0
128	160	5.0
128	165	1.0
128	167	3.0
128	168	6.0
128	173	2.0
128	174	8.0
128	175	1.0
128	178	1.0
129	129	419.0
129	130	16.0
129	131	7.0
129	132	11.0
129	133	10.0
129	135	3.0
129	136	13.0
129	137	2.0
129	154	1.0
129	155	5.0
129	156	8.0
129	157	14.0
129	158	4.0
129	159	3.0
129	160	1.0
129	161	3.0
129	165	1.0
129	172	1.0
129	173	11.0
130	130	395.0
130	131	13.0
130	132	3.0
130	133	5.0
130	135	6.0
130	136	2.0
130	144	6.0
130	145	1.0
130	147	1.0
130	155	8.0
130	157	4.0
130	158	3.0
130	161	1.0
130	173	1.0
131	131	452.0
131	132	11.0
131	133	11.0
131	134	3.0
131	136	6.0
131	137	5.0
131	140	1.0
131	141	2.0
131	144	2.0
131	154	1.0
131	155	7.0
131	156	8.0
131	157	6.0
131	158	2.0
131	159	1.0
131	164	1.0
131	173	3.0
132	132	448.0
132	133	19.0
132	134	12.0
132	135	2.0
132	140	2.0
132	149	1.0
132	153	2.0
132	155	2.0
132	156	7.0
132	157	1.0
132	159	2.0
132	160	3.0
132	172	2.0
132	173	1.0
132	178	1.0
133	133	523.0
133	134	15.0
133	135	1.0
133	143	2.0
133	150	1.0
133	155	1.0
133	156	3.0
133	157	2.0
133	158	2.0
133	159	2.0
133	173	2.0
133	177	2.0
133	178	1.0
133	180	1.0
134	134	473.0
134	135	5.0
134	139	3.0
134	140	5.0
134	147	3.0
134	148	8.0
134	149	9.0
134	153	1.0
134	154	1.0
134	156	1.0
134	157	1.0
134	158	5.0
134	159	6.0
134	160	1.0
134	161	1.0
134	162	1.0
134	170	3.0
134	171	3.0
134	174	4.0
134	176	1.0
134	177	2.0
134	178	11.0
134	179	3.0
134	180	4.0
135	135	422.0
135	136	15.0
135	137	4.0
135	138	2.0
135	139	11.0
135	140	12.0
135	142	2.0
135	143	1.0
135	144	5.0
135	146	2.0
135	147	5.0
135	149	13.0
135	154	2.0
135	155	6.0
135	157	19.0
135	158	7.0
135	159	9.0
135	165	1.0
135	175	1.0
135	176	8.0
135	177	6.0
135	178	3.0
135	179	9.0
135	180	1.0
136	136	455.0
136	137	12.0
136	140	3.0
136	144	3.0
136	145	4.0
136	146	3.0
136	147	1.0
136	149	4.0
136	153	1.0
136	154	3.0
136	155	10.0
136	156	1.0
136	157	6.0
136	158	1.0
136	159	4.0
136	170	1.0
136	177	18.0
136	178	2.0
137	137	490.0
137	138	28.0
137	139	5.0
137	140	2.0
137	144	1.0
137	145	1.0
137	146	2.0
137	147	2.0
137	149	3.0
137	153	5.0
137	155	5.0
137	156	7.0
137	157	1.0
137	158	1.0
137	159	4.0
137	175	1.0
137	176	1.0
138	138	430.0
138	139	37.0
138	140	3.0
138	146	1.0
138	149	4.0
138	154	2.0
138	156	1.0
138	159	5.0
138	177	1.0
138	178	2.0
139	139	516.0
139	140	4.0
139	143	1.0
139	148	1.0
139	149	5.0
139	174	1.0
139	176	1.0
139	177	8.0
139	178	3.0
139	179	4.0
140	140	453.0
140	141	18.0
140	142	2.0
140	143	3.0
140	144	1.0
140	145	1.0
140	147	2.0
140	154	2.0
140	155	2.0
140	156	3.0
140	157	1.0
140	166	2.0
140	167	2.0
140	168	5.0
140	170	3.0
140	174	4.0
140	175	2.0
140	176	6.0
140	177	3.0
140	178	2.0
140	179	9.0
140	180	9.0
141	141	481.0
141	142	11.0
141	143	18.0
141	144	9.0
141	145	4.0
141	146	7.0
141	150	1.0
141	154	1.0
141	155	5.0
141	156	5.0
141	164	2.0
141	167	10.0
141	168	1.0
141	170	2.0
141	172	3.0
141	173	1.0
141	174	1.0
141	175	11.0
141	176	12.0
141	178	7.0
141	180	8.0
142	142	472.0
142	143	13.0
142	144	17.0
142	145	7.0
142	146	4.0
142	147	4.0
142	149	3.0
142	150	4.0
142	156	2.0
142	157	3.0
142	168	1.0
142	172	3.0
142	176	1.0
142	177	1.0
142	178	9.0
142	179	1.0
142	180	10.0
143	143	436.0
143	144	16.0
143	145	13.0
143	146	4.0
143	147	3.0
143	148	3.0
143	150	3.0
143	155	1.0
143	157	1.0
143	158	6.0
143	161	1.0
143	166	3.0
143	167	4.0
143	168	3.0
143	169	1.0
143	170	3.0
143	175	5.0
143	176	5.0
143	177	4.0
143	178	11.0
143	180	2.0
144	144	450.0
144	145	14.0
144	146	11.0
144	147	2.0
144	148	3.0
144	154	2.0
144	155	1.0
144	157	8.0
144	158	9.0
144	159	2.0
144	166	5.0
144	167	3.0
144	168	3.0
144	169	2.0
144	170	2.0
144	172	1.0
144	174	3.0
144	175	2.0
144	176	3.0
144	177	1.0
144	178	2.0
145	145	412.0
145	146	7.0
145	147	12.0
145	148	8.0
145	149	22.0
145	150	4.0
145	152	2.0
145	153	9.0
145	154	6.0
145	157	2.0
145	158	5.0
145	159	1.0
145	168	1.0
145	170	1.0
145	173	1.0
145	174	2.0
145	175	3.0
145	176	10.0
145	177	3.0
145	178	3.0
145	180	6.0
146	146	435.0
146	147	2.0
146	148	2.0
146	153	1.0
146	154	2.0
146	156	7.0
146	157	1.0
146	158	4.0
146	159	6.0
146	167	4.0
146	168	6.0
146	169	2.0
146	172	8.0
146	173	1.0
146	176	2.0
146	177	1.0
146	178	3.0
147	147	370.0
147	148	18.0
147	149	8.0
147	150	16.0
147	152	2.0
147	154	2.0
147	158	7.0
147	161	8.0
147	162	1.0
147	165	1.0
147	168	1.0
147	169	2.0
147	170	1.0
147	171	3.0
147	172	2.0
147	173	1.0
147	174	4.0
147	175	1.0
147	176	2.0
147	178	2.0
147	180	2.0
148	148	475.0
148	149	4.0
148	150	9.0
148	152	1.0
148	153	2.0
148	154	2.0
148	155	2.0
148	158	3.0
148	159	1.0
148	162	2.0
148	163	1.0
148	166	2.0
148	168	4.0
148	169	10.0
148	170	2.0
148	173	3.0
148	174	5.0
148	175	1.0
148	176	1.0
148	178	3.0
148	179	1.0
148	180	4.0
149	149	526.0
149	150	18.0
149	151	2.0
149	152	4.0
149	153	2.0
149	154	6.0
149	158	1.0
149	159	4.0
149	166	1.0
149	168	2.0
149	172	1.0
149	174	1.0
149	176	5.0
149	177	3.0
149	178	3.0
149	180	1.0
150	150	500.0
150	151	5.0
150	152	20.0
150	153	7.0
150	154	3.0
150	158	1.0
150	166	9.0
150	169	1.0
150	174	1.0
150	175	1.0
150	176	3.0
150	179	1.0
150	180	9.0
151	151	456.0
151	152	9.0
151	154	2.0
151	158	1.0
151	160	1.0
151	172	1.0
151	176	1.0
152	152	393.0
152	153	10.0
152	154	4.0
152	156	1.0
152	161	4.0
152	162	1.0
152	166	2.0
152	172	1.0
152	174	1.0
152	178	1.0
153	153	427.0
153	154	5.0
153	156	1.0
153	158	9.0
153	159	5.0
153	161	3.0
153	174	4.0
153	177	2.0
153	178	1.0
153	179	1.0
154	154	417.0
154	155	4.0
154	156	10.0
154	158	7.0
154	159	1.0
154	167	3.0
154	168	4.0
154	170	1.0
154	171	1.0
154	172	3.0
154	173	10.0
154	174	4.0
154	175	11.0
154	176	3.0
154	177	2.0
154	178	4.0
154	180	2.0
155	155	405.0
155	156	28.0
155	157	14.0
155	158	7.0
155	159	3.0
155	160	1.0
155	168	8.0
155	174	2.0
155	175	1.0
155	177	1.0
155	178	8.0
156	156	421.0
156	157	17.0
156	160	2.0
156	167	2.0
156	168	3.0
156	173	1.0
156	174	10.0
156	178	3.0
157	157	427.0
157	158	6.0
157	159	2.0
157	160	5.0
157	161	3.0
157	174	2.0
157	178	1.0
158	158	445.0
158	159	22.0
158	160	4.0
158	168	3.0
158	171	1.0
158	175	1.0
158	177	1.0
158	178	5.0
159	159	490.0
159	160	1.0
159	161	7.0
159	162	1.0
159	165	5.0
159	166	1.0
159	167	1.0
159	168	4.0
159	169	2.0
159	170	2.0
159	173	1.0
159	174	1.0
159	178	6.0
159	179	4.0
160	160	403.0
160	161	8.0
160	162	7.0
160	169	3.0
160	170	5.0
160	171	11.0
160	172	7.0
160	173	7.0
160	179	2.0
161	161	337.0
161	162	21.0
161	163	12.0
161	164	3.0
161	165	14.0
161	166	7.0
161	170	20.0
161	171	6.0
161	173	4.0
161	174	4.0
162	162	376.0
162	163	12.0
162	164	3.0
162	165	16.0
162	166	9.0
162	167	1.0
162	168	1.0
162	169	1.0
162	170	4.0
162	171	8.0
162	172	5.0
162	173	3.0
162	174	1.0
163	163	409.0
163	164	25.0
163	165	4.0
163	166	17.0
163	168	1.0
163	169	1.0
163	171	6.0
163	172	1.0
163	174	1.0
164	164	414.0
164	165	12.0
164	166	15.0
164	168	3.0
164	169	1.0
164	170	6.0
164	171	3.0
164	174	8.0
165	165	412.0
165	166	16.0
165	170	3.0
165	171	5.0
165	172	2.0
165	173	1.0
166	166	415.0
166	167	8.0
166	168	4.0
166	169	5.0
166	170	1.0
166	171	1.0
166	174	4.0
167	167	437.0
167	168	25.0
167	169	9.0
167	170	5.0
167	171	4.0
167	172	3.0
167	173	2.0
167	174	5.0
167	180	2.0
168	168	477.0
168	169	18.0
168	170	1.0
168	172	6.0
168	173	1.0
168	174	10.0
168	175	2.0
168	176	1.0
169	169	508.0
169	170	11.0
169	171	8.0
169	174	9.0
170	170	418.0
170	171	3.0
170	173	1.0
170	174	7.0
170	175	11.0
170	180	1.0
171	171	474.0
171	172	12.0
171	173	4.0
171	177	1.0
171	179	3.0
171	180	1.0
172	172	502.0
172	173	11.0
172	176	1.0
172	178	1.0
172	179	6.0
173	173	529.0
173	174	17.0
173	175	1.0
173	176	7.0
173	178	1.0
174	174	451.0
174	175	4.0
174	176	3.0
174	180	3.0
175	175	392.0
175	176	15.0
175	177	6.0
175	180	6.0
176	176	508.0
176	177	5.0
176	178	1.0
176	179	4.0
176	180	3.0
177	177	312.0
177	178	14.0
177	179	4.0
178	178	491.0
178	179	8.0
179	179	455.0
179	180	4.0
180	180	363.0
181	1	19.0
181	2	3.0
181	5	3.0
181	6	2.0
181	7	2.0
181	8	3.0
181	9	1.0
181	10	5.0
181	11	1.0
181	19	1.0
181	22	3.0
181	32	1.0
181	35	2.0
181	38	1.0
181	56	1.0
181	82	6.0
181	111	3.0
181	113	1.0
181	114	2.0
181	115	8.0
181	116	4.0
181	117	2.0
181	118	1.0
181	149	1.0
181	172	2.0
181	181	477.0
