19	19	397.0
19	20	15.0
19	21	2.0
19	24	1.0
19	25	6.0
19	35	3.0
19	43	1.0
19	46	1.0
19	47	1.0
19	49	5.0
19	50	1.0
19	75	2.0
19	76	5.0
19	77	4.0
19	78	4.0
20	20	493.0
20	21	24.0
20	24	1.0
20	25	2.0
20	35	1.0
20	46	4.0
20	47	8.0
20	48	1.0
20	49	1.0
20	50	1.0
20	51	4.0
20	54	1.0
20	55	8.0
20	66	1.0
20	76	2.0
20	77	3.0
20	78	2.0
20	79	4.0
20	80	2.0
20	81	4.0
20	82	3.0
20	83	2.0
20	84	3.0
20	88	1.0
20	95	1.0
21	21	530.0
21	22	10.0
21	23	2.0
21	25	1.0
21	34	2.0
21	35	16.0
21	36	1.0
21	37	1.0
21	38	1.0
21	45	1.0
21	46	11.0
21	53	3.0
21	54	3.0
21	55	6.0
21	56	3.0
21	59	8.0
21	60	1.0
21	61	2.0
21	72	1.0
21	77	2.0
21	79	1.0
21	80	3.0
21	81	4.0
21	82	9.0
21	83	5.0
21	84	2.0
21	85	4.0
21	86	3.0
21	90	1.0
21	92	4.0
21	97	2.0
21	98	1.0
22	22	570.0
22	23	12.0
22	27	1.0
22	31	19.0
22	34	2.0
22	35	3.0
22	38	3.0
22	40	9.0
22	41	13.0
22	42	5.0
22	43	9.0
22	46	3.0
22	56	23.0
22	59	3.0
22	73	6.0
22	74	1.0
22	84	2.0
22	85	8.0
22	99	2.0
22	104	1.0
22	106	2.0
22	107	4.0
23	23	539.0
23	24	5.0
23	25	4.0
23	26	3.0
23	27	1.0
23	28	2.0
23	29	3.0
23	30	4.0
23	31	14.0
23	32	7.0
23	34	4.0
23	35	2.0
23	40	7.0
23	42	2.0
23	43	5.0
23	44	6.0
23	45	3.0
23	46	6.0
23	50	1.0
23	54	4.0
23	56	10.0
23	65	1.0
23	72	4.0
23	73	10.0
23	74	4.0
23	82	1.0
23	85	6.0
23	87	1.0
23	91	7.0
23	92	1.0
23	99	3.0
23	100	11.0
23	102	1.0
23	106	8.0
23	107	6.0
23	108	1.0
24	24	580.0
24	25	5.0
24	26	17.0
24	27	17.0
24	28	14.0
24	29	6.0
24	30	30.0
24	31	6.0
24	32	9.0
24	33	1.0
24	44	2.0
24	50	3.0
24	51	15.0
24	70	1.0
24	74	1.0
24	75	6.0
24	87	2.0
24	88	3.0
24	89	2.0
24	90	1.0
24	100	3.0
24	106	1.0
25	25	567.0
25	26	19.0
25	28	5.0
25	29	20.0
25	30	2.0
25	31	4.0
25	32	8.0
25	41	3.0
25	42	12.0
25	43	2.0
25	50	9.0
25	51	4.0
25	55	1.0
25	79	1.0
25	98	1.0
25	99	1.0
26	26	579.0
26	27	25.0
26	28	13.0
26	29	15.0
26	30	5.0
26	31	1.0
26	32	5.0
26	36	1.0
26	40	6.0
26	41	9.0
26	42	6.0
26	43	8.0
26	50	5.0
26	51	1.0
26	52	3.0
26	81	1.0
26	84	6.0
26	85	4.0
26	99	2.0
26	102	7.0
26	103	1.0
26	105	2.0
27	27	658.0
27	28	26.0
27	29	6.0
27	30	17.0
27	31	5.0
27	43	4.0
27	44	6.0
27	45	6.0
27	75	1.0
27	80	1.0
27	83	1.0
27	85	4.0
27	97	2.0
27	102	5.0
27	103	2.0
28	28	602.0
28	29	32.0
28	30	1.0
28	31	18.0
28	32	3.0
28	33	1.0
28	37	1.0
28	42	8.0
28	43	7.0
28	45	12.0
28	46	4.0
28	72	1.0
28	87	1.0
28	92	1.0
28	99	1.0
28	100	3.0
28	101	1.0
28	105	3.0
29	29	540.0
29	30	1.0
29	31	4.0
29	32	7.0
29	40	3.0
29	41	4.0
29	42	8.0
29	43	2.0
29	45	3.0
29	47	1.0
29	48	2.0
29	49	1.0
29	50	2.0
29	60	1.0
29	74	1.0
29	81	1.0
29	100	3.0
29	102	1.0
30	30	628.0
30	31	18.0
30	32	6.0
30	36	1.0
30	51	7.0
30	73	16.0
30	74	5.0
30	75	2.0
30	81	1.0
30	87	1.0
30	88	7.0
30	90	2.0
30	92	4.0
30	100	1.0
31	31	592.0
31	32	9.0
31	34	2.0
31	35	5.0
31	42	2.0
31	43	1.0
31	44	7.0
31	45	10.0
31	46	6.0
31	48	1.0
31	49	1.0
31	50	1.0
31	53	1.0
31	56	6.0
31	57	2.0
31	64	1.0
31	73	13.0
31	74	7.0
31	82	3.0
31	85	3.0
31	99	1.0
31	100	2.0
31	112	1.0
32	32	546.0
32	33	17.0
32	34	11.0
32	35	16.0
32	36	5.0
32	40	1.0
32	43	1.0
32	46	1.0
32	48	5.0
32	49	5.0
32	50	4.0
32	52	1.0
32	53	7.0
32	54	1.0
32	55	10.0
32	56	6.0
32	73	4.0
32	74	1.0
32	75	3.0
32	76	1.0
32	79	3.0
32	82	2.0
32	84	1.0
32	94	1.0
32	106	1.0
33	33	533.0
33	34	24.0
33	35	10.0
33	47	5.0
33	48	9.0
33	52	1.0
33	53	1.0
33	54	4.0
33	55	3.0
33	56	5.0
33	57	26.0
33	58	3.0
33	59	9.0
33	76	3.0
33	96	1.0
33	105	1.0
33	106	1.0
34	34	552.0
34	35	29.0
34	40	2.0
34	48	2.0
34	51	1.0
34	52	1.0
34	53	11.0
34	54	7.0
34	55	3.0
34	56	12.0
34	57	11.0
34	58	1.0
34	60	1.0
34	81	4.0
34	82	13.0
34	83	1.0
34	84	1.0
34	85	5.0
34	101	1.0
35	35	561.0
35	36	6.0
35	47	2.0
35	48	1.0
35	54	3.0
35	55	11.0
35	56	2.0
35	57	2.0
35	75	1.0
35	76	1.0
35	81	5.0
35	82	7.0
35	84	4.0
35	85	1.0
35	95	1.0
36	36	563.0
36	37	4.0
36	46	5.0
36	47	5.0
36	48	8.0
36	49	10.0
36	50	4.0
36	53	9.0
36	54	14.0
36	55	17.0
36	56	13.0
36	57	11.0
36	58	8.0
36	59	18.0
36	60	10.0
36	61	4.0
36	65	4.0
36	66	6.0
36	78	1.0
36	81	1.0
36	82	3.0
36	83	7.0
36	84	13.0
36	85	1.0
36	108	1.0
36	115	1.0
37	37	539.0
37	38	10.0
37	39	2.0
37	40	7.0
37	43	2.0
37	44	10.0
37	45	7.0
37	46	8.0
37	47	9.0
37	48	5.0
37	49	1.0
37	52	1.0
37	53	2.0
37	54	2.0
37	55	2.0
37	57	4.0
37	60	5.0
37	61	1.0
37	62	2.0
37	67	2.0
37	70	2.0
37	75	2.0
37	76	12.0
37	77	7.0
37	80	6.0
37	81	1.0
37	82	2.0
37	85	1.0
37	86	10.0
37	87	1.0
37	88	1.0
37	108	16.0
37	109	4.0
37	113	1.0
38	38	486.0
38	39	27.0
38	40	11.0
38	41	8.0
38	42	1.0
38	43	11.0
38	44	6.0
38	45	9.0
38	54	2.0
38	60	1.0
38	63	1.0
38	68	2.0
38	70	1.0
38	75	8.0
38	76	20.0
38	77	5.0
38	79	1.0
38	80	9.0
38	85	3.0
38	87	3.0
38	88	1.0
38	89	16.0
38	90	5.0
38	91	2.0
38	103	1.0
38	104	6.0
38	105	4.0
38	106	3.0
38	107	8.0
38	108	4.0
38	112	1.0
39	39	448.0
39	40	21.0
39	41	8.0
39	43	16.0
39	44	10.0
39	45	4.0
39	48	1.0
39	49	8.0
39	50	4.0
39	60	1.0
39	61	1.0
39	62	3.0
39	66	2.0
39	67	2.0
39	74	1.0
39	81	4.0
39	83	2.0
39	84	1.0
39	85	3.0
39	86	2.0
39	87	2.0
39	89	4.0
39	90	4.0
39	91	15.0
39	92	1.0
39	100	3.0
39	101	10.0
39	104	4.0
39	107	2.0
39	108	20.0
39	109	2.0
39	112	1.0
40	40	542.0
40	41	37.0
40	42	11.0
40	43	16.0
40	44	2.0
40	45	3.0
40	47	1.0
40	50	4.0
40	51	9.0
40	52	1.0
40	57	2.0
40	80	3.0
40	81	3.0
40	86	1.0
40	96	1.0
40	99	5.0
40	100	5.0
40	101	12.0
40	102	5.0
40	106	2.0
40	107	4.0
40	108	4.0
40	109	1.0
41	41	563.0
41	42	37.0
41	43	10.0
41	44	1.0
41	45	2.0
41	50	7.0
41	68	1.0
41	80	1.0
41	94	2.0
41	98	1.0
41	99	11.0
41	101	14.0
41	102	7.0
41	106	3.0
41	107	1.0
42	42	577.0
42	43	22.0
42	45	4.0
42	48	2.0
42	49	3.0
42	50	6.0
42	51	3.0
42	63	1.0
42	80	1.0
42	81	1.0
42	91	2.0
42	100	3.0
42	101	4.0
42	106	1.0
42	111	1.0
42	112	1.0
43	43	569.0
43	44	11.0
43	45	8.0
43	46	1.0
43	54	1.0
43	71	1.0
43	80	3.0
43	81	1.0
43	83	2.0
43	87	1.0
43	90	1.0
43	99	4.0
43	100	12.0
43	101	7.0
43	103	5.0
43	104	1.0
43	105	15.0
43	106	1.0
43	108	4.0
43	109	3.0
43	111	1.0
43	114	1.0
44	44	547.0
44	45	28.0
44	46	13.0
44	50	1.0
44	62	1.0
44	73	2.0
44	80	1.0
44	81	1.0
44	82	2.0
44	83	2.0
44	84	1.0
44	100	3.0
44	101	2.0
44	104	5.0
44	105	4.0
44	106	19.0
44	107	8.0
44	108	3.0
44	110	4.0
44	111	3.0
44	112	1.0
44	113	1.0
44	114	2.0
45	45	570.0
45	46	20.0
45	54	1.0
45	55	1.0
45	58	2.0
45	74	1.0
45	79	1.0
45	80	6.0
45	81	3.0
45	82	1.0
45	84	1.0
45	85	1.0
45	88	1.0
45	99	1.0
45	100	2.0
45	101	1.0
45	102	3.0
45	103	6.0
45	104	2.0
45	105	2.0
45	106	5.0
45	107	1.0
45	108	4.0
45	113	1.0
46	46	562.0
46	47	6.0
46	48	3.0
46	49	10.0
46	50	1.0
46	54	6.0
46	55	21.0
46	56	2.0
46	57	13.0
46	61	8.0
46	68	1.0
46	76	1.0
46	81	2.0
46	82	3.0
46	83	25.0
46	84	1.0
46	85	1.0
46	99	1.0
46	100	6.0
46	104	4.0
46	105	9.0
46	106	8.0
46	112	1.0
47	47	563.0
47	48	36.0
47	49	5.0
47	50	1.0
47	51	9.0
47	52	13.0
47	53	11.0
47	54	7.0
47	55	7.0
47	59	2.0
47	63	1.0
47	66	2.0
47	70	1.0
47	76	6.0
47	77	10.0
47	78	4.0
47	79	5.0
47	80	2.0
47	81	1.0
47	83	1.0
47	85	2.0
47	86	1.0
47	87	3.0
47	100	4.0
47	102	1.0
47	105	6.0
48	48	471.0
48	49	13.0
48	50	2.0
48	51	1.0
48	52	17.0
48	53	12.0
48	55	2.0
48	59	1.0
48	60	1.0
48	63	1.0
48	79	5.0
48	81	3.0
48	86	1.0
48	87	2.0
48	91	1.0
48	100	4.0
48	101	1.0
49	49	564.0
49	50	16.0
49	51	12.0
49	52	2.0
49	54	4.0
49	55	2.0
49	65	1.0
49	73	1.0
49	76	9.0
49	77	3.0
49	78	1.0
49	81	1.0
49	85	8.0
49	87	1.0
49	91	1.0
49	94	1.0
49	100	9.0
49	101	7.0
49	104	1.0
50	50	510.0
50	51	36.0
50	52	20.0
50	53	2.0
50	54	4.0
50	56	1.0
50	66	1.0
50	75	1.0
50	76	11.0
50	77	3.0
50	79	5.0
50	81	1.0
50	90	1.0
50	101	3.0
50	111	1.0
51	51	550.0
51	52	30.0
51	75	1.0
51	76	6.0
51	77	3.0
51	78	2.0
51	79	4.0
51	84	4.0
51	95	1.0
51	101	3.0
52	52	535.0
52	53	19.0
52	54	2.0
52	58	6.0
52	59	3.0
52	60	7.0
52	76	1.0
52	77	1.0
52	79	4.0
52	86	7.0
52	87	7.0
52	98	1.0
52	103	1.0
52	113	1.0
53	53	532.0
53	54	16.0
53	55	3.0
53	58	4.0
53	59	1.0
53	64	2.0
53	76	4.0
53	77	3.0
53	79	4.0
53	81	6.0
53	82	10.0
53	84	6.0
53	100	4.0
53	111	1.0
54	54	514.0
54	55	15.0
54	56	4.0
54	57	12.0
54	58	12.0
54	59	11.0
54	77	2.0
54	78	1.0
54	79	7.0
54	80	9.0
54	81	10.0
54	82	2.0
54	99	2.0
54	100	4.0
54	101	1.0
54	105	2.0
54	108	1.0
55	55	531.0
55	56	18.0
55	57	14.0
55	58	6.0
55	60	3.0
55	61	1.0
55	65	1.0
55	78	1.0
55	80	2.0
55	81	8.0
55	82	8.0
55	83	3.0
55	84	6.0
55	85	2.0
55	92	2.0
55	93	1.0
55	100	2.0
55	110	1.0
56	56	458.0
56	57	34.0
56	58	1.0
56	59	1.0
56	60	3.0
56	61	2.0
56	73	2.0
56	79	1.0
56	81	4.0
56	82	5.0
56	84	7.0
56	85	3.0
56	88	1.0
57	57	445.0
57	58	16.0
57	59	16.0
57	60	11.0
57	61	23.0
57	62	1.0
57	65	8.0
57	66	1.0
57	71	2.0
57	77	1.0
57	82	3.0
57	84	1.0
57	85	1.0
57	94	1.0
57	96	1.0
57	104	1.0
57	108	2.0
57	109	3.0
58	58	480.0
58	59	38.0
58	60	10.0
58	61	14.0
58	65	5.0
58	66	7.0
58	67	1.0
58	71	7.0
58	82	1.0
58	85	2.0
58	87	3.0
58	93	3.0
58	94	2.0
58	96	5.0
58	101	1.0
58	103	2.0
59	59	447.0
59	60	15.0
59	61	18.0
59	63	1.0
59	65	1.0
59	66	4.0
59	71	1.0
59	72	2.0
59	83	5.0
59	84	3.0
59	85	9.0
59	86	1.0
59	87	5.0
59	100	1.0
60	60	538.0
60	61	8.0
60	64	4.0
60	65	1.0
60	66	1.0
60	67	1.0
60	69	1.0
60	86	3.0
60	87	3.0
60	108	5.0
61	61	525.0
61	62	16.0
61	63	1.0
61	64	2.0
61	65	1.0
61	67	1.0
61	69	3.0
61	71	5.0
61	76	1.0
61	80	2.0
61	82	1.0
61	83	5.0
61	85	1.0
61	94	2.0
61	96	6.0
61	97	1.0
61	98	1.0
62	62	448.0
62	63	2.0
62	64	19.0
62	65	18.0
62	66	8.0
62	67	10.0
62	68	4.0
62	69	2.0
62	70	6.0
62	71	1.0
62	73	1.0
62	80	1.0
62	83	4.0
62	97	2.0
62	107	1.0
62	108	9.0
62	109	8.0
63	63	524.0
63	64	30.0
63	68	23.0
63	69	33.0
63	70	4.0
63	76	2.0
63	77	3.0
63	82	10.0
63	83	3.0
63	84	2.0
63	86	2.0
63	100	1.0
63	101	2.0
63	102	2.0
63	104	1.0
63	105	9.0
63	107	6.0
63	109	1.0
63	110	5.0
63	111	12.0
63	112	4.0
63	114	1.0
64	64	410.0
64	65	3.0
64	66	6.0
64	67	4.0
64	68	28.0
64	69	14.0
64	70	8.0
64	71	1.0
64	78	1.0
64	83	11.0
64	84	2.0
64	109	4.0
64	110	1.0
64	111	4.0
64	112	1.0
65	65	506.0
65	66	33.0
65	67	11.0
65	68	15.0
65	69	11.0
65	70	9.0
65	71	2.0
65	77	2.0
65	92	1.0
65	93	2.0
65	94	4.0
65	96	4.0
65	110	1.0
66	66	445.0
66	67	20.0
66	68	3.0
66	69	9.0
66	70	3.0
66	71	5.0
66	74	3.0
66	76	2.0
66	97	1.0
66	99	2.0
66	105	1.0
66	108	3.0
66	111	4.0
66	113	2.0
67	67	445.0
67	68	3.0
67	69	8.0
67	70	15.0
67	71	1.0
67	74	1.0
67	79	1.0
67	87	1.0
67	97	1.0
67	109	1.0
67	111	4.0
67	113	1.0
68	68	428.0
68	69	18.0
68	70	8.0
68	71	6.0
68	72	15.0
68	74	3.0
68	75	1.0
68	80	1.0
68	82	2.0
68	83	1.0
68	84	1.0
68	97	1.0
68	99	1.0
68	100	6.0
68	102	1.0
68	104	7.0
68	105	9.0
68	107	2.0
68	109	3.0
68	110	8.0
68	111	2.0
68	112	6.0
68	113	1.0
68	114	1.0
69	69	448.0
69	70	29.0
69	71	4.0
69	72	4.0
69	75	1.0
69	76	4.0
69	77	3.0
69	94	4.0
69	95	4.0
69	96	1.0
69	97	2.0
69	99	5.0
69	102	5.0
69	104	2.0
69	105	1.0
69	108	1.0
69	109	19.0
69	110	2.0
69	111	7.0
69	112	6.0
69	113	1.0
69	114	1.0
70	70	497.0
70	71	15.0
70	72	6.0
70	74	1.0
70	77	3.0
70	95	3.0
70	98	1.0
70	102	2.0
70	109	6.0
70	110	3.0
70	111	4.0
71	71	474.0
71	72	17.0
71	73	6.0
71	74	3.0
71	75	7.0
71	85	1.0
71	88	1.0
71	89	1.0
71	92	3.0
71	93	2.0
71	94	11.0
71	95	5.0
71	96	3.0
71	104	1.0
71	108	1.0
71	110	2.0
71	111	3.0
71	112	3.0
72	72	507.0
72	73	5.0
72	74	7.0
72	75	8.0
72	76	8.0
72	77	3.0
72	85	6.0
72	86	5.0
72	87	1.0
72	88	3.0
72	89	3.0
72	91	2.0
72	92	3.0
73	73	534.0
73	74	36.0
73	75	8.0
73	91	4.0
73	92	8.0
73	108	1.0
73	111	1.0
74	74	524.0
74	75	11.0
74	76	1.0
74	77	4.0
74	78	1.0
74	79	14.0
74	81	2.0
74	84	1.0
74	86	1.0
74	87	2.0
74	88	8.0
74	89	2.0
74	90	6.0
74	91	1.0
74	92	2.0
75	75	519.0
75	76	5.0
75	77	8.0
75	78	13.0
75	88	7.0
75	89	5.0
75	90	6.0
75	94	1.0
76	76	528.0
76	77	30.0
76	78	6.0
76	79	3.0
76	85	8.0
76	86	3.0
76	89	7.0
76	90	3.0
77	77	574.0
77	78	27.0
77	79	3.0
77	82	1.0
77	83	1.0
77	87	3.0
77	89	2.0
77	90	9.0
77	92	1.0
78	78	542.0
78	79	17.0
78	80	4.0
78	88	16.0
78	90	9.0
78	91	2.0
78	92	2.0
78	93	3.0
78	99	1.0
79	79	535.0
79	80	18.0
79	81	5.0
79	87	3.0
79	88	7.0
79	90	2.0
79	91	6.0
79	92	8.0
79	93	9.0
79	94	1.0
79	97	8.0
79	110	1.0
79	113	1.0
80	80	551.0
80	81	20.0
80	83	1.0
80	84	1.0
80	85	3.0
80	87	3.0
80	89	1.0
80	90	2.0
80	91	11.0
80	92	12.0
80	94	1.0
80	99	4.0
80	100	5.0
80	101	9.0
80	102	2.0
81	81	512.0
81	82	23.0
81	83	6.0
81	84	19.0
81	85	7.0
81	87	1.0
81	89	3.0
81	90	2.0
81	91	5.0
81	98	1.0
81	100	1.0
81	102	9.0
81	103	5.0
81	104	11.0
81	105	4.0
81	106	2.0
81	108	4.0
82	82	429.0
82	83	24.0
82	84	30.0
82	85	5.0
82	102	3.0
82	103	9.0
82	104	17.0
82	105	13.0
82	107	10.0
83	83	545.0
83	84	22.0
83	85	1.0
83	94	1.0
83	98	1.0
83	104	3.0
83	107	4.0
83	108	5.0
83	109	8.0
83	111	2.0
83	113	3.0
84	84	461.0
84	85	13.0
84	95	1.0
84	102	3.0
84	103	12.0
84	104	10.0
84	105	14.0
84	107	3.0
84	109	1.0
85	85	498.0
85	86	19.0
85	90	6.0
85	91	9.0
85	92	3.0
85	99	2.0
85	100	2.0
85	102	11.0
85	103	1.0
85	105	2.0
85	113	1.0
86	86	386.0
86	87	11.0
86	90	4.0
86	91	6.0
86	92	1.0
87	87	424.0
87	88	17.0
87	89	8.0
87	90	20.0
87	91	19.0
87	92	2.0
88	88	498.0
88	89	26.0
88	90	22.0
88	91	1.0
89	89	436.0
89	90	22.0
89	91	2.0
90	90	507.0
90	91	6.0
90	92	1.0
90	106	2.0
91	91	505.0
91	92	19.0
91	93	1.0
91	94	4.0
91	98	1.0
91	100	1.0
91	101	2.0
92	92	477.0
92	93	17.0
92	94	25.0
92	95	10.0
92	96	9.0
92	97	13.0
92	98	19.0
92	100	2.0
92	101	7.0
92	102	1.0
93	93	517.0
93	94	50.0
93	96	9.0
93	97	16.0
93	98	24.0
93	99	2.0
93	102	1.0
93	111	1.0
94	94	541.0
94	95	17.0
94	96	16.0
94	97	27.0
94	98	15.0
94	99	4.0
94	103	5.0
94	113	1.0
95	95	514.0
95	96	30.0
95	97	24.0
95	98	4.0
95	99	12.0
95	100	2.0
95	101	1.0
95	102	3.0
95	103	19.0
95	104	1.0
95	106	1.0
95	107	3.0
95	108	1.0
95	109	3.0
95	111	5.0
95	112	3.0
95	113	3.0
95	114	5.0
96	96	558.0
96	97	26.0
96	98	4.0
96	99	11.0
96	102	8.0
96	103	8.0
96	104	2.0
96	105	5.0
96	107	1.0
96	111	2.0
96	112	1.0
96	113	1.0
96	114	1.0
97	97	568.0
97	98	23.0
97	99	15.0
97	101	2.0
97	103	5.0
97	104	2.0
97	111	3.0
97	112	2.0
98	98	553.0
98	99	25.0
98	101	5.0
98	102	11.0
98	103	3.0
98	113	1.0
98	115	2.0
99	99	591.0
99	100	3.0
99	101	13.0
99	102	4.0
99	103	21.0
99	105	6.0
99	106	2.0
99	111	9.0
99	112	3.0
99	113	2.0
99	114	6.0
99	115	5.0
100	100	609.0
100	101	17.0
100	102	13.0
100	104	6.0
100	105	6.0
100	106	9.0
100	107	9.0
100	108	8.0
100	109	12.0
100	110	6.0
100	111	14.0
100	112	3.0
100	113	1.0
100	114	3.0
101	101	549.0
101	102	13.0
101	103	2.0
101	106	6.0
101	108	2.0
101	110	7.0
101	111	7.0
101	113	1.0
102	102	563.0
102	103	19.0
102	104	19.0
102	105	2.0
102	106	1.0
102	107	9.0
102	108	8.0
102	109	8.0
102	110	4.0
102	111	5.0
103	103	567.0
103	104	23.0
103	105	7.0
103	106	13.0
103	107	15.0
103	108	2.0
104	104	561.0
104	105	19.0
104	106	23.0
104	107	25.0
104	109	2.0
104	110	7.0
105	105	451.0
105	106	14.0
105	107	21.0
106	106	508.0
106	107	9.0
106	108	1.0
106	110	8.0
106	111	1.0
106	113	1.0
107	107	578.0
107	108	21.0
107	109	5.0
107	110	4.0
108	108	555.0
108	109	17.0
108	110	13.0
108	111	3.0
108	112	1.0
108	113	1.0
108	114	1.0
109	109	541.0
109	110	45.0
109	111	2.0
109	112	2.0
109	114	1.0
110	110	538.0
110	111	17.0
110	112	26.0
110	113	20.0
110	114	16.0
110	115	1.0
111	111	593.0
111	112	23.0
111	113	10.0
111	114	22.0
112	112	507.0
112	113	49.0
112	114	44.0
113	113	645.0
113	114	32.0
113	115	1.0
114	114	472.0
114	115	4.0
115	115	75.0
