1	1	412.0
1	2	17.0
1	3	5.0
1	4	3.0
1	5	1.0
1	6	13.0
1	7	11.0
1	9	1.0
1	10	5.0
1	19	1.0
1	24	3.0
1	29	4.0
1	50	1.0
1	51	1.0
1	61	1.0
1	63	4.0
1	64	7.0
1	65	3.0
1	66	1.0
1	87	2.0
1	177	2.0
1	178	1.0
1	179	1.0
1	180	6.0
2	2	416.0
2	3	35.0
2	4	29.0
2	5	6.0
2	6	6.0
2	7	6.0
2	9	1.0
2	11	1.0
2	27	1.0
2	50	3.0
2	51	2.0
2	54	1.0
2	56	2.0
2	59	1.0
2	62	1.0
2	64	2.0
2	66	1.0
2	82	1.0
2	139	1.0
2	177	1.0
2	179	1.0
3	3	363.0
3	4	17.0
3	5	2.0
3	6	7.0
3	7	10.0
3	8	1.0
3	25	6.0
3	29	2.0
3	50	5.0
3	51	3.0
3	55	1.0
3	56	2.0
3	61	4.0
3	62	1.0
3	63	4.0
3	64	2.0
3	73	1.0
3	87	1.0
3	102	1.0
3	171	1.0
4	4	369.0
4	5	7.0
4	6	5.0
4	7	15.0
4	8	3.0
4	15	1.0
4	27	1.0
4	29	6.0
4	31	1.0
4	60	1.0
4	61	1.0
4	63	4.0
4	64	14.0
4	72	1.0
4	85	1.0
4	87	1.0
4	101	1.0
4	120	1.0
4	160	1.0
5	5	333.0
5	6	24.0
5	7	11.0
5	8	7.0
5	9	2.0
5	10	7.0
5	11	2.0
5	12	10.0
5	18	2.0
5	22	2.0
5	23	2.0
5	24	3.0
5	25	2.0
5	26	20.0
5	27	11.0
5	28	7.0
5	29	4.0
5	31	3.0
5	56	1.0
5	63	1.0
5	64	1.0
5	87	1.0
5	97	1.0
5	151	1.0
5	160	1.0
5	170	1.0
6	6	370.0
6	7	18.0
6	8	15.0
6	9	14.0
6	10	3.0
6	12	5.0
6	24	1.0
6	25	1.0
6	27	6.0
6	28	10.0
6	29	3.0
6	30	4.0
6	31	6.0
6	50	3.0
6	51	1.0
6	58	1.0
6	61	1.0
6	64	11.0
6	82	1.0
6	83	1.0
6	87	2.0
6	89	1.0
6	98	1.0
6	113	1.0
6	117	1.0
6	157	1.0
6	163	1.0
7	7	333.0
7	8	9.0
7	9	7.0
7	10	2.0
7	11	1.0
7	12	1.0
7	13	1.0
7	14	10.0
7	16	10.0
7	19	1.0
7	23	3.0
7	24	3.0
7	25	2.0
7	26	1.0
7	27	2.0
7	29	2.0
7	37	6.0
7	50	1.0
7	63	1.0
7	65	1.0
7	66	1.0
7	67	2.0
7	136	1.0
7	167	1.0
7	169	1.0
7	175	1.0
7	180	1.0
8	8	347.0
8	9	28.0
8	10	1.0
8	11	4.0
8	12	5.0
8	13	12.0
8	14	3.0
8	24	2.0
8	25	1.0
8	43	1.0
8	54	1.0
8	62	1.0
8	111	1.0
8	150	1.0
9	9	336.0
9	10	20.0
9	11	9.0
9	12	20.0
9	13	6.0
9	14	5.0
9	16	2.0
9	18	5.0
9	19	4.0
9	20	2.0
9	21	2.0
9	23	8.0
9	24	7.0
9	25	4.0
9	26	1.0
9	31	1.0
9	50	10.0
9	51	7.0
9	56	3.0
9	57	1.0
9	74	3.0
9	104	1.0
10	10	352.0
10	11	35.0
10	12	13.0
10	14	1.0
10	16	5.0
10	17	1.0
10	18	10.0
10	19	1.0
10	20	5.0
10	21	1.0
10	22	3.0
10	23	2.0
10	24	2.0
10	25	5.0
10	26	7.0
10	27	3.0
10	28	1.0
10	30	2.0
10	31	4.0
10	32	2.0
10	39	3.0
10	42	1.0
10	50	3.0
10	56	2.0
10	57	1.0
10	61	1.0
10	103	1.0
10	167	1.0
11	11	367.0
11	12	14.0
11	13	1.0
11	14	1.0
11	16	1.0
11	17	1.0
11	18	2.0
11	19	5.0
11	20	7.0
11	21	5.0
11	22	1.0
11	24	1.0
11	25	4.0
11	27	12.0
11	28	7.0
11	30	1.0
11	31	3.0
11	32	5.0
11	34	6.0
11	39	1.0
11	54	2.0
11	56	4.0
11	71	1.0
11	82	4.0
11	87	1.0
11	88	1.0
11	94	1.0
11	95	3.0
11	97	1.0
11	138	1.0
11	139	1.0
11	157	1.0
11	161	1.0
11	165	1.0
11	167	1.0
11	175	1.0
12	12	300.0
12	13	5.0
12	14	5.0
12	16	4.0
12	17	3.0
12	18	7.0
12	19	2.0
12	20	9.0
12	21	1.0
12	24	2.0
12	25	8.0
12	26	11.0
12	27	5.0
12	28	5.0
12	30	1.0
12	55	1.0
12	56	1.0
12	57	1.0
12	65	3.0
12	87	4.0
12	93	1.0
12	108	1.0
12	119	1.0
12	140	1.0
13	13	328.0
13	14	14.0
13	15	11.0
13	16	12.0
13	17	10.0
13	18	8.0
13	19	4.0
13	22	3.0
13	23	18.0
13	24	13.0
13	25	1.0
13	26	1.0
13	134	1.0
13	135	1.0
13	166	1.0
14	14	406.0
14	15	17.0
14	16	4.0
14	17	12.0
14	18	4.0
14	19	14.0
14	20	2.0
14	21	2.0
14	22	2.0
14	23	9.0
14	24	7.0
14	25	3.0
14	39	1.0
14	40	2.0
14	41	6.0
14	42	1.0
14	43	1.0
14	56	1.0
14	66	1.0
14	71	1.0
14	74	7.0
14	75	3.0
14	138	1.0
14	140	2.0
14	145	1.0
15	15	339.0
15	16	14.0
15	17	1.0
15	18	1.0
15	19	2.0
15	24	12.0
15	25	15.0
15	26	1.0
15	34	1.0
15	39	6.0
15	41	4.0
15	74	1.0
15	75	2.0
15	171	1.0
16	16	341.0
16	17	17.0
16	18	7.0
16	19	8.0
16	22	1.0
16	23	16.0
16	24	3.0
16	25	3.0
16	36	1.0
16	37	3.0
16	38	2.0
16	39	4.0
16	40	3.0
16	74	2.0
16	75	1.0
16	109	1.0
16	110	1.0
16	121	1.0
16	122	1.0
16	131	1.0
16	133	3.0
17	17	321.0
17	18	23.0
17	19	6.0
17	20	4.0
17	21	10.0
17	22	15.0
17	23	7.0
17	24	3.0
17	25	1.0
17	26	2.0
17	29	1.0
17	38	6.0
17	39	8.0
17	40	8.0
17	45	6.0
17	55	1.0
17	68	1.0
17	72	1.0
17	85	1.0
17	122	2.0
17	167	2.0
18	18	318.0
18	19	14.0
18	20	2.0
18	21	1.0
18	22	10.0
18	23	8.0
18	24	6.0
18	25	11.0
18	26	6.0
18	34	1.0
18	39	3.0
18	40	1.0
18	41	1.0
18	64	1.0
18	77	1.0
18	94	1.0
18	95	1.0
18	100	1.0
18	107	2.0
18	116	1.0
18	131	1.0
18	141	1.0
18	143	1.0
18	152	1.0
18	156	1.0
18	160	1.0
18	162	1.0
19	19	295.0
19	20	3.0
19	21	28.0
19	22	10.0
19	23	6.0
19	24	1.0
19	25	4.0
19	26	2.0
19	31	2.0
19	34	7.0
19	39	2.0
19	40	4.0
19	41	2.0
19	45	6.0
19	53	1.0
19	85	1.0
19	87	1.0
19	95	1.0
19	109	1.0
19	125	1.0
19	132	1.0
19	160	1.0
19	162	1.0
20	20	283.0
20	21	18.0
20	22	10.0
20	25	8.0
20	26	3.0
20	34	14.0
20	35	1.0
20	36	2.0
20	41	15.0
20	42	8.0
20	45	4.0
20	50	5.0
20	54	5.0
20	56	2.0
20	57	3.0
20	69	1.0
20	71	1.0
20	75	1.0
20	78	1.0
20	88	1.0
20	113	1.0
21	21	256.0
21	22	19.0
21	23	2.0
21	34	7.0
21	35	6.0
21	40	1.0
21	41	3.0
21	42	6.0
21	45	11.0
21	52	1.0
21	57	1.0
21	61	1.0
21	94	1.0
21	95	7.0
21	96	1.0
21	114	1.0
21	116	2.0
21	131	2.0
21	132	1.0
22	22	287.0
22	23	5.0
22	24	2.0
22	25	1.0
22	26	13.0
22	31	1.0
22	41	3.0
22	44	1.0
22	45	1.0
22	54	1.0
22	61	1.0
22	96	1.0
22	97	1.0
22	105	1.0
22	125	1.0
22	131	1.0
22	133	2.0
22	135	1.0
23	23	314.0
23	24	23.0
23	25	8.0
23	26	2.0
23	38	1.0
23	41	1.0
23	50	1.0
23	71	1.0
23	112	1.0
23	131	1.0
24	24	294.0
24	25	9.0
24	26	5.0
24	27	4.0
24	28	8.0
24	37	1.0
24	41	12.0
24	42	9.0
24	43	1.0
24	60	1.0
24	71	3.0
24	72	1.0
24	73	2.0
24	74	3.0
24	75	6.0
24	117	1.0
24	124	1.0
25	25	303.0
25	26	19.0
25	27	4.0
25	28	1.0
25	29	3.0
25	30	2.0
25	31	3.0
25	32	1.0
25	33	12.0
25	34	7.0
25	37	1.0
25	38	1.0
25	40	8.0
25	41	4.0
25	42	1.0
25	43	2.0
25	45	1.0
25	74	1.0
25	75	2.0
25	94	1.0
25	96	1.0
25	117	1.0
25	119	1.0
26	26	297.0
26	27	19.0
26	28	7.0
26	30	1.0
26	33	1.0
26	34	1.0
26	37	5.0
26	38	1.0
26	39	3.0
26	40	5.0
26	41	1.0
26	43	2.0
26	44	1.0
26	45	1.0
26	71	1.0
26	73	3.0
26	74	1.0
26	75	3.0
26	76	1.0
26	87	1.0
26	102	1.0
26	103	1.0
26	119	2.0
27	27	295.0
27	28	15.0
27	29	1.0
27	30	9.0
27	31	9.0
27	32	9.0
27	34	1.0
27	37	8.0
27	38	2.0
27	39	4.0
27	40	5.0
27	41	2.0
27	43	2.0
27	45	6.0
27	53	1.0
27	55	1.0
27	64	1.0
27	67	1.0
27	72	5.0
27	73	9.0
27	75	7.0
27	76	3.0
27	80	1.0
27	88	1.0
27	96	3.0
27	97	11.0
27	102	4.0
28	28	326.0
28	29	5.0
28	30	4.0
28	31	4.0
28	32	1.0
28	33	6.0
28	36	6.0
28	37	5.0
28	38	4.0
28	42	2.0
28	43	8.0
28	44	3.0
28	45	1.0
28	46	1.0
28	54	1.0
28	64	2.0
28	71	3.0
28	72	9.0
28	73	15.0
28	75	4.0
28	78	1.0
28	81	1.0
28	82	5.0
28	85	1.0
28	87	1.0
28	88	4.0
28	104	2.0
28	117	1.0
28	119	2.0
28	120	2.0
28	130	2.0
29	29	330.0
29	30	27.0
29	31	13.0
29	32	2.0
29	33	7.0
29	34	5.0
29	37	2.0
29	40	2.0
29	43	6.0
29	44	11.0
29	63	6.0
29	64	4.0
29	74	1.0
29	86	1.0
29	87	3.0
29	88	7.0
29	89	2.0
29	90	1.0
29	117	4.0
29	119	2.0
29	120	9.0
29	121	3.0
29	122	2.0
29	133	2.0
29	137	1.0
29	144	1.0
30	30	314.0
30	31	24.0
30	32	2.0
30	33	1.0
30	34	4.0
30	39	3.0
30	40	3.0
30	41	3.0
30	42	4.0
30	43	3.0
30	44	3.0
30	45	1.0
30	49	1.0
30	52	1.0
30	58	1.0
30	64	2.0
30	86	2.0
30	88	8.0
30	89	6.0
30	114	1.0
30	117	1.0
30	118	3.0
30	120	1.0
30	122	2.0
30	133	1.0
30	156	1.0
31	31	353.0
31	32	13.0
31	33	7.0
31	34	11.0
31	37	1.0
31	39	3.0
31	40	9.0
31	43	11.0
31	44	7.0
31	83	1.0
31	85	1.0
31	86	3.0
31	88	7.0
31	91	1.0
31	97	6.0
31	105	1.0
31	113	2.0
31	114	1.0
31	118	1.0
31	172	1.0
32	32	335.0
32	33	8.0
32	36	8.0
32	37	4.0
32	38	3.0
32	39	2.0
32	40	1.0
32	43	5.0
32	44	2.0
32	45	8.0
32	68	1.0
32	70	2.0
32	71	6.0
32	72	4.0
32	73	6.0
32	74	3.0
32	75	1.0
32	80	1.0
32	86	1.0
32	88	2.0
32	95	1.0
32	96	15.0
32	97	12.0
32	102	4.0
32	107	1.0
32	117	1.0
32	133	1.0
32	134	1.0
32	151	2.0
32	170	1.0
32	175	3.0
32	180	1.0
33	33	371.0
33	34	11.0
33	35	14.0
33	36	9.0
33	37	1.0
33	38	3.0
33	39	3.0
33	43	2.0
33	44	10.0
33	45	8.0
33	73	8.0
33	75	3.0
33	76	1.0
33	81	2.0
33	88	1.0
33	94	1.0
33	95	5.0
33	96	8.0
33	98	2.0
33	102	3.0
33	111	1.0
33	115	2.0
33	116	1.0
33	117	3.0
33	119	2.0
33	126	1.0
33	132	1.0
33	141	6.0
33	160	5.0
33	161	7.0
33	162	1.0
33	163	1.0
33	165	1.0
34	34	326.0
34	35	6.0
34	36	20.0
34	37	3.0
34	38	3.0
34	42	1.0
34	45	2.0
34	50	1.0
34	57	1.0
34	74	1.0
34	96	7.0
34	104	1.0
34	105	1.0
34	108	2.0
34	114	1.0
34	115	1.0
34	117	1.0
34	118	5.0
34	119	5.0
34	122	1.0
34	126	4.0
34	130	3.0
34	132	4.0
34	140	1.0
34	161	1.0
35	35	354.0
35	36	11.0
35	38	1.0
35	45	14.0
35	78	1.0
35	112	3.0
35	114	12.0
35	115	3.0
35	117	4.0
35	118	6.0
35	119	1.0
35	122	1.0
35	125	2.0
35	126	8.0
35	127	1.0
35	129	5.0
35	130	6.0
35	131	4.0
35	132	1.0
35	134	5.0
35	135	2.0
35	141	4.0
35	147	1.0
35	151	1.0
35	152	1.0
35	153	1.0
35	154	1.0
35	155	4.0
35	156	1.0
35	159	1.0
35	160	2.0
35	161	4.0
36	36	345.0
36	37	12.0
36	38	5.0
36	39	1.0
36	41	2.0
36	42	1.0
36	43	6.0
36	44	2.0
36	45	6.0
36	71	3.0
36	72	3.0
36	73	2.0
36	74	1.0
36	75	4.0
36	76	1.0
36	111	1.0
36	113	1.0
36	114	9.0
36	115	5.0
36	116	4.0
36	117	4.0
36	118	5.0
36	119	6.0
36	122	3.0
36	126	7.0
36	129	2.0
36	130	4.0
36	131	6.0
36	132	5.0
36	133	8.0
36	134	7.0
36	141	1.0
36	153	2.0
37	37	361.0
37	38	16.0
37	39	4.0
37	40	1.0
37	42	7.0
37	43	4.0
37	44	4.0
37	57	1.0
37	60	1.0
37	71	1.0
37	72	2.0
37	73	1.0
37	76	5.0
37	97	1.0
37	104	1.0
37	110	1.0
37	111	5.0
37	117	1.0
37	119	3.0
37	120	1.0
37	122	3.0
37	125	5.0
37	126	1.0
37	132	2.0
37	133	1.0
37	148	1.0
37	151	3.0
37	174	2.0
37	175	1.0
38	38	388.0
38	39	7.0
38	40	3.0
38	42	6.0
38	43	11.0
38	44	4.0
38	45	1.0
38	51	1.0
38	74	5.0
38	75	2.0
38	107	1.0
38	110	1.0
38	119	1.0
38	120	1.0
38	126	1.0
38	127	3.0
38	130	1.0
38	131	1.0
38	132	2.0
38	136	1.0
38	144	1.0
38	166	1.0
39	39	348.0
39	40	24.0
39	41	2.0
39	42	8.0
39	44	3.0
39	53	2.0
39	55	1.0
39	73	1.0
39	74	9.0
39	75	12.0
39	96	1.0
39	101	1.0
39	106	1.0
39	122	4.0
39	133	3.0
39	134	1.0
39	178	1.0
40	40	340.0
40	41	7.0
40	42	4.0
40	44	2.0
40	122	1.0
40	134	1.0
41	41	331.0
41	42	26.0
41	44	7.0
41	45	4.0
41	52	1.0
41	53	3.0
41	54	4.0
41	57	4.0
41	71	2.0
41	72	6.0
41	75	13.0
41	116	1.0
41	122	3.0
41	127	1.0
41	131	1.0
41	132	1.0
41	133	7.0
41	154	1.0
42	42	335.0
42	43	5.0
42	44	1.0
42	45	1.0
42	52	8.0
42	53	10.0
42	54	4.0
42	57	4.0
42	58	1.0
42	62	1.0
42	71	9.0
42	72	4.0
42	73	1.0
42	75	2.0
42	78	1.0
42	92	1.0
42	97	1.0
42	98	1.0
42	122	1.0
42	129	1.0
42	133	1.0
42	134	1.0
43	43	317.0
43	44	25.0
43	53	1.0
43	54	4.0
43	71	8.0
43	72	4.0
43	73	5.0
43	102	1.0
43	109	1.0
43	110	2.0
43	111	1.0
43	119	4.0
43	120	3.0
43	134	3.0
43	140	1.0
44	44	331.0
44	45	15.0
44	92	1.0
44	101	1.0
44	102	1.0
44	106	1.0
44	110	1.0
44	111	16.0
44	120	2.0
44	121	4.0
44	122	1.0
44	131	2.0
44	133	5.0
44	143	2.0
44	156	1.0
44	161	1.0
44	162	1.0
45	45	306.0
45	46	4.0
45	61	2.0
45	73	12.0
45	76	4.0
45	81	1.0
45	85	1.0
45	92	2.0
45	95	1.0
45	96	4.0
45	97	5.0
45	100	1.0
45	101	7.0
45	102	14.0
45	103	5.0
45	104	1.0
45	110	1.0
45	114	5.0
45	115	2.0
45	116	2.0
45	122	1.0
45	123	1.0
45	139	1.0
45	156	2.0
45	159	1.0
46	46	180.0
46	49	15.0
46	53	2.0
46	54	2.0
46	58	1.0
46	59	1.0
46	76	2.0
46	81	2.0
46	90	2.0
46	98	2.0
46	99	1.0
46	102	1.0
46	103	1.0
46	114	1.0
46	124	1.0
46	167	1.0
46	170	1.0
46	174	1.0
49	49	176.0
49	50	9.0
49	51	2.0
49	58	4.0
49	59	8.0
49	60	2.0
49	61	3.0
49	62	1.0
49	82	2.0
49	84	1.0
49	90	3.0
49	91	1.0
49	98	1.0
49	101	1.0
49	104	1.0
49	107	1.0
49	115	1.0
49	142	1.0
49	169	5.0
49	170	3.0
49	171	9.0
50	50	359.0
50	51	39.0
50	54	1.0
50	55	5.0
50	56	7.0
50	57	10.0
50	58	1.0
50	59	4.0
50	64	1.0
50	83	2.0
50	84	1.0
50	85	2.0
50	89	1.0
50	162	1.0
50	170	4.0
50	171	5.0
51	51	341.0
51	52	10.0
51	53	4.0
51	54	16.0
51	55	4.0
51	58	9.0
51	59	9.0
51	61	3.0
51	63	1.0
51	64	1.0
51	85	1.0
51	86	5.0
51	89	1.0
51	90	1.0
51	101	1.0
51	125	1.0
51	152	1.0
51	180	1.0
52	52	319.0
52	53	24.0
52	54	20.0
52	55	14.0
52	56	19.0
52	57	13.0
52	58	6.0
52	61	1.0
52	70	2.0
52	71	6.0
52	72	1.0
52	75	1.0
52	82	1.0
52	103	2.0
52	140	1.0
53	53	338.0
53	54	19.0
53	55	11.0
53	56	5.0
53	57	11.0
53	58	11.0
53	59	4.0
53	60	7.0
53	61	6.0
53	63	1.0
53	71	5.0
53	72	9.0
53	75	1.0
53	92	1.0
53	104	1.0
53	121	1.0
53	177	1.0
54	54	359.0
54	55	4.0
54	56	6.0
54	57	3.0
54	58	9.0
54	59	9.0
54	60	2.0
54	61	2.0
54	64	2.0
54	65	1.0
54	70	2.0
54	71	1.0
54	72	5.0
54	73	3.0
54	102	2.0
54	107	1.0
54	110	1.0
54	113	1.0
54	138	1.0
54	157	1.0
55	55	364.0
55	56	18.0
55	57	13.0
55	58	7.0
55	59	4.0
55	60	1.0
55	61	4.0
55	65	1.0
55	86	1.0
55	119	1.0
55	131	1.0
56	56	328.0
56	57	19.0
56	58	2.0
56	72	2.0
56	73	1.0
56	81	1.0
56	98	1.0
56	149	1.0
56	158	1.0
56	165	1.0
56	175	1.0
57	57	304.0
57	58	8.0
57	65	1.0
57	72	2.0
57	176	1.0
58	58	335.0
58	59	18.0
58	60	5.0
58	78	1.0
58	86	8.0
58	89	8.0
58	95	1.0
58	97	1.0
58	124	1.0
58	169	1.0
58	172	1.0
59	59	328.0
59	60	4.0
59	61	13.0
59	63	1.0
59	66	1.0
59	81	5.0
59	82	9.0
59	86	8.0
59	88	3.0
59	89	9.0
60	60	395.0
60	61	19.0
60	63	1.0
60	65	1.0
60	67	1.0
60	68	2.0
60	71	2.0
60	72	6.0
60	76	4.0
60	77	1.0
60	82	4.0
60	83	5.0
60	86	1.0
60	87	9.0
60	89	1.0
60	97	2.0
60	100	1.0
60	102	5.0
60	103	4.0
60	104	1.0
60	171	3.0
61	61	339.0
61	62	4.0
61	63	1.0
61	64	2.0
61	67	1.0
61	71	1.0
61	72	4.0
61	73	1.0
61	81	1.0
61	82	4.0
61	86	2.0
61	87	8.0
61	88	10.0
61	89	7.0
61	104	1.0
61	128	1.0
61	130	1.0
61	146	1.0
61	158	1.0
62	62	337.0
62	63	18.0
62	64	8.0
62	86	1.0
62	88	19.0
62	89	3.0
62	138	1.0
63	63	319.0
63	64	7.0
63	72	1.0
63	87	1.0
63	88	7.0
63	173	1.0
63	178	1.0
64	64	330.0
64	65	1.0
64	82	2.0
64	85	1.0
64	86	1.0
64	87	7.0
64	88	5.0
64	89	1.0
64	120	1.0
64	159	1.0
64	170	1.0
65	65	340.0
65	66	15.0
65	67	5.0
65	68	3.0
65	72	8.0
65	80	1.0
65	87	1.0
65	136	1.0
65	139	1.0
65	148	1.0
65	156	1.0
65	167	1.0
65	170	1.0
65	174	13.0
65	175	5.0
65	176	1.0
65	177	7.0
65	180	4.0
66	66	367.0
66	67	31.0
66	68	15.0
66	71	2.0
66	72	3.0
66	73	1.0
66	75	1.0
66	80	1.0
66	83	1.0
66	86	1.0
66	90	1.0
66	95	2.0
66	157	1.0
66	173	1.0
66	180	3.0
67	67	379.0
67	68	26.0
67	71	1.0
67	72	1.0
67	74	4.0
67	75	1.0
67	77	1.0
67	78	1.0
67	80	1.0
67	92	1.0
67	97	1.0
67	102	2.0
67	103	1.0
67	111	1.0
67	112	1.0
67	125	1.0
67	148	1.0
67	170	1.0
67	173	7.0
67	174	5.0
68	68	241.0
68	70	2.0
68	71	2.0
68	72	1.0
68	73	1.0
68	74	2.0
68	75	4.0
68	80	2.0
68	82	2.0
68	96	2.0
68	97	9.0
68	149	1.0
68	171	1.0
68	173	5.0
68	174	2.0
68	175	4.0
69	69	3.0
69	70	1.0
70	70	107.0
70	71	6.0
70	72	1.0
70	74	1.0
70	92	1.0
70	151	1.0
71	71	386.0
71	72	16.0
71	73	2.0
71	74	6.0
71	75	2.0
71	76	1.0
71	95	1.0
71	102	1.0
71	112	1.0
71	130	2.0
71	166	1.0
72	72	368.0
72	73	19.0
72	74	1.0
72	75	2.0
72	76	12.0
72	77	2.0
72	106	1.0
72	135	6.0
72	136	3.0
72	137	4.0
72	138	2.0
72	140	1.0
72	144	1.0
72	150	1.0
72	178	1.0
72	179	1.0
73	73	355.0
73	74	1.0
73	75	7.0
73	76	10.0
73	85	1.0
73	97	1.0
73	101	2.0
73	102	5.0
73	111	1.0
73	112	1.0
73	126	1.0
73	135	2.0
73	136	6.0
73	156	2.0
73	177	1.0
74	74	326.0
74	75	18.0
74	101	1.0
74	110	1.0
74	111	1.0
74	119	1.0
74	124	1.0
74	126	3.0
74	127	1.0
75	75	331.0
75	96	1.0
75	119	1.0
75	126	1.0
75	130	1.0
75	132	1.0
76	76	358.0
76	77	10.0
76	80	2.0
76	81	1.0
76	87	1.0
76	96	2.0
76	97	4.0
76	100	3.0
76	101	2.0
76	102	18.0
76	103	6.0
76	106	1.0
76	108	1.0
76	111	1.0
76	122	1.0
76	125	2.0
76	135	6.0
76	136	8.0
76	137	2.0
76	138	1.0
76	139	1.0
76	140	2.0
76	142	3.0
76	144	1.0
76	145	1.0
76	146	1.0
76	150	1.0
76	156	3.0
76	157	1.0
76	179	1.0
77	77	341.0
77	78	6.0
77	79	1.0
77	80	4.0
77	81	2.0
77	82	5.0
77	90	3.0
77	96	4.0
77	98	2.0
77	99	1.0
77	100	2.0
77	102	2.0
77	103	5.0
77	108	1.0
77	135	1.0
77	136	3.0
77	137	1.0
77	138	2.0
77	139	2.0
77	144	4.0
77	145	1.0
77	148	10.0
77	150	10.0
77	173	7.0
77	174	1.0
77	175	3.0
77	177	1.0
78	78	297.0
78	79	30.0
78	80	6.0
78	91	1.0
78	92	2.0
78	96	2.0
78	113	1.0
78	115	3.0
78	127	1.0
78	133	1.0
78	136	1.0
78	138	1.0
78	146	7.0
78	147	2.0
78	148	5.0
78	149	1.0
78	150	2.0
78	151	3.0
78	154	1.0
78	155	1.0
78	167	1.0
78	168	6.0
78	169	1.0
78	172	11.0
78	173	15.0
78	175	1.0
79	79	329.0
79	80	4.0
79	103	1.0
79	115	2.0
79	118	1.0
79	123	2.0
79	137	3.0
79	145	2.0
79	146	2.0
79	147	9.0
79	148	1.0
79	149	8.0
79	150	1.0
79	153	1.0
79	155	1.0
79	168	2.0
79	170	6.0
79	171	5.0
79	172	6.0
79	174	3.0
79	177	1.0
80	80	323.0
80	81	12.0
80	82	7.0
80	90	4.0
80	91	4.0
80	92	3.0
80	95	3.0
80	96	1.0
80	99	2.0
80	100	2.0
80	101	3.0
80	102	1.0
80	108	1.0
80	115	1.0
80	116	1.0
80	118	2.0
80	123	2.0
80	126	1.0
80	127	3.0
80	137	7.0
80	138	3.0
80	139	7.0
80	140	1.0
80	145	9.0
80	146	1.0
80	148	5.0
80	151	2.0
80	153	2.0
80	154	1.0
80	156	3.0
80	158	1.0
80	166	1.0
80	170	1.0
80	171	1.0
80	172	2.0
80	173	5.0
81	81	351.0
81	82	19.0
81	83	5.0
81	84	2.0
81	85	3.0
81	86	5.0
81	87	2.0
81	88	7.0
81	89	10.0
81	90	7.0
81	91	4.0
81	92	1.0
81	93	5.0
81	95	9.0
81	96	10.0
81	97	2.0
81	98	2.0
81	99	2.0
81	100	6.0
81	101	4.0
81	104	6.0
81	105	2.0
81	116	2.0
81	118	1.0
81	122	1.0
81	133	1.0
81	137	5.0
81	139	6.0
81	142	1.0
81	145	2.0
81	155	1.0
81	156	1.0
81	160	1.0
81	161	1.0
81	162	1.0
81	171	2.0
82	82	335.0
82	83	4.0
82	84	9.0
82	85	3.0
82	86	9.0
82	87	12.0
82	88	9.0
82	89	10.0
82	90	7.0
82	92	1.0
82	95	4.0
82	96	1.0
82	104	4.0
82	124	1.0
82	139	2.0
82	145	2.0
82	155	2.0
82	163	1.0
82	169	1.0
82	170	2.0
82	171	5.0
83	83	282.0
83	84	25.0
83	85	22.0
83	86	17.0
83	87	2.0
83	88	5.0
83	89	4.0
83	90	2.0
83	91	1.0
83	93	3.0
83	97	3.0
83	98	3.0
83	105	1.0
83	110	1.0
83	137	1.0
83	170	1.0
83	171	5.0
84	84	313.0
84	85	32.0
84	86	13.0
84	87	4.0
84	88	1.0
84	89	4.0
84	90	1.0
84	98	11.0
84	99	3.0
84	169	3.0
84	170	9.0
84	171	6.0
85	85	300.0
85	86	14.0
85	88	2.0
85	89	11.0
85	90	7.0
85	95	1.0
85	97	13.0
85	98	10.0
85	99	1.0
85	104	1.0
85	141	1.0
85	143	1.0
85	155	1.0
85	170	3.0
85	171	4.0
86	86	341.0
86	87	11.0
86	88	15.0
86	89	30.0
86	90	1.0
86	96	4.0
86	97	1.0
86	126	1.0
86	135	1.0
86	139	1.0
86	142	1.0
86	173	1.0
87	87	337.0
87	88	13.0
87	89	6.0
87	146	1.0
87	151	1.0
87	156	1.0
87	159	1.0
87	162	1.0
87	180	1.0
88	88	346.0
88	89	27.0
88	95	3.0
88	157	1.0
88	166	1.0
89	89	332.0
89	90	10.0
89	97	2.0
89	101	3.0
89	104	1.0
89	126	1.0
89	159	1.0
89	173	1.0
90	90	331.0
90	91	25.0
90	92	3.0
90	95	1.0
90	96	5.0
90	97	1.0
90	98	1.0
90	99	9.0
90	100	1.0
90	101	6.0
90	103	1.0
90	104	17.0
90	144	1.0
90	145	3.0
90	158	1.0
90	163	1.0
90	166	1.0
90	167	6.0
90	168	1.0
90	169	2.0
90	170	4.0
90	171	7.0
90	172	1.0
91	91	304.0
91	92	13.0
91	93	2.0
91	94	11.0
91	95	6.0
91	96	3.0
91	98	3.0
91	99	25.0
91	100	14.0
91	101	12.0
91	104	3.0
91	105	2.0
91	107	1.0
91	108	4.0
91	109	1.0
91	110	1.0
91	117	1.0
91	124	1.0
91	137	1.0
91	144	4.0
91	145	2.0
91	156	1.0
91	159	2.0
91	163	1.0
91	164	1.0
91	165	2.0
91	166	7.0
91	167	11.0
91	168	1.0
91	169	2.0
91	170	1.0
91	171	1.0
91	174	1.0
91	180	1.0
92	92	346.0
92	93	22.0
92	94	11.0
92	99	1.0
92	112	1.0
92	114	1.0
92	115	4.0
92	116	12.0
92	117	14.0
92	136	1.0
92	137	7.0
92	138	7.0
92	139	3.0
92	145	12.0
92	146	9.0
92	156	1.0
92	166	1.0
92	167	6.0
92	168	4.0
92	169	4.0
92	170	4.0
92	172	1.0
92	180	1.0
93	93	330.0
93	94	22.0
93	95	7.0
93	100	9.0
93	109	1.0
93	113	2.0
93	114	1.0
93	115	2.0
93	116	6.0
93	117	8.0
93	142	1.0
93	143	1.0
93	144	6.0
93	145	5.0
93	146	1.0
93	155	2.0
93	156	1.0
93	159	8.0
93	165	1.0
93	166	1.0
93	167	7.0
93	168	3.0
93	169	2.0
93	170	4.0
93	172	1.0
94	94	358.0
94	95	20.0
94	96	2.0
94	100	4.0
94	108	3.0
94	109	9.0
94	110	1.0
94	113	2.0
94	116	6.0
94	117	10.0
94	141	3.0
94	142	4.0
94	143	11.0
94	144	15.0
94	152	1.0
94	154	2.0
94	156	2.0
94	157	1.0
94	159	3.0
94	160	3.0
94	161	3.0
94	162	1.0
94	163	5.0
94	164	2.0
94	166	3.0
94	168	2.0
94	171	3.0
95	95	340.0
95	96	15.0
95	97	1.0
95	99	4.0
95	100	13.0
95	101	3.0
95	107	4.0
95	108	3.0
95	109	8.0
95	116	4.0
95	117	1.0
95	131	1.0
95	132	1.0
95	141	5.0
95	142	1.0
95	153	1.0
95	160	2.0
95	166	1.0
95	169	1.0
95	171	1.0
95	172	1.0
95	176	1.0
96	96	350.0
96	97	23.0
96	98	9.0
96	99	1.0
96	100	4.0
96	101	4.0
96	102	1.0
96	103	2.0
96	104	2.0
96	107	1.0
96	108	2.0
96	109	1.0
96	117	1.0
96	141	1.0
96	152	1.0
96	157	1.0
96	159	1.0
96	163	1.0
96	171	5.0
97	97	329.0
97	98	13.0
97	101	3.0
97	102	3.0
97	103	5.0
97	104	4.0
97	105	7.0
97	106	2.0
97	112	2.0
97	124	2.0
97	151	2.0
97	174	2.0
98	98	279.0
98	99	22.0
98	100	3.0
98	101	2.0
98	102	1.0
98	103	2.0
98	104	5.0
98	105	6.0
98	106	4.0
98	107	5.0
98	108	4.0
98	109	7.0
98	110	6.0
98	112	3.0
98	120	3.0
98	122	2.0
98	123	1.0
98	124	3.0
98	125	1.0
98	126	1.0
98	128	1.0
98	129	4.0
98	130	3.0
98	131	6.0
98	158	1.0
98	162	3.0
98	163	1.0
98	169	2.0
98	170	3.0
98	173	1.0
99	99	287.0
99	100	7.0
99	101	4.0
99	102	2.0
99	105	2.0
99	106	1.0
99	107	10.0
99	108	2.0
99	109	5.0
99	110	4.0
99	111	1.0
99	117	1.0
99	120	2.0
99	125	1.0
99	147	2.0
99	153	1.0
99	158	2.0
99	163	3.0
99	164	6.0
99	166	3.0
99	167	5.0
99	168	4.0
99	169	9.0
99	170	5.0
99	171	3.0
100	100	305.0
100	101	11.0
100	102	1.0
100	103	2.0
100	105	3.0
100	107	3.0
100	108	2.0
100	109	2.0
100	112	1.0
100	116	1.0
100	117	2.0
100	119	1.0
100	120	5.0
100	121	2.0
100	129	1.0
100	144	1.0
100	145	11.0
100	146	12.0
100	150	1.0
100	157	1.0
100	158	5.0
100	159	1.0
100	160	2.0
100	161	3.0
100	163	1.0
100	164	13.0
100	165	13.0
100	166	1.0
100	167	2.0
100	168	5.0
100	169	1.0
100	170	1.0
100	171	1.0
100	173	1.0
100	174	1.0
100	175	1.0
100	176	1.0
101	101	313.0
101	102	7.0
101	104	5.0
101	105	6.0
101	106	3.0
101	107	3.0
101	108	3.0
101	109	9.0
101	110	7.0
101	111	3.0
101	117	1.0
101	142	2.0
101	143	4.0
101	145	1.0
101	147	2.0
101	154	2.0
101	156	2.0
101	157	1.0
101	158	1.0
101	159	1.0
101	163	13.0
101	164	4.0
101	165	7.0
101	166	4.0
101	167	3.0
101	168	13.0
101	169	3.0
101	171	1.0
101	173	4.0
102	102	364.0
102	103	10.0
102	104	1.0
102	105	2.0
102	106	1.0
102	111	7.0
102	112	2.0
102	120	3.0
102	121	1.0
102	122	1.0
102	124	1.0
102	126	1.0
102	131	4.0
102	133	2.0
102	142	1.0
102	144	1.0
102	145	8.0
102	146	3.0
102	147	1.0
102	153	10.0
102	156	4.0
102	157	3.0
102	158	3.0
102	159	2.0
102	160	2.0
102	161	10.0
102	162	3.0
102	164	10.0
102	165	4.0
102	168	2.0
102	173	3.0
102	174	1.0
103	103	336.0
103	104	13.0
103	105	3.0
103	107	1.0
103	108	5.0
103	109	4.0
103	110	1.0
103	111	5.0
103	114	1.0
103	115	2.0
103	119	1.0
103	120	3.0
103	121	7.0
103	122	7.0
103	124	7.0
103	125	2.0
103	126	8.0
103	128	5.0
103	129	4.0
103	130	8.0
103	133	2.0
103	134	1.0
103	153	1.0
103	154	3.0
103	156	1.0
103	157	1.0
103	160	1.0
103	163	1.0
104	104	286.0
104	105	10.0
104	106	1.0
104	107	5.0
104	108	10.0
104	109	10.0
104	110	2.0
104	114	1.0
104	115	1.0
104	119	4.0
104	121	4.0
104	122	2.0
104	124	2.0
104	125	3.0
104	126	5.0
104	127	3.0
104	128	5.0
104	129	9.0
104	130	8.0
104	131	6.0
104	132	2.0
104	133	7.0
104	156	1.0
104	157	1.0
104	160	1.0
104	161	1.0
104	170	1.0
105	105	338.0
105	106	25.0
105	107	1.0
105	109	3.0
105	110	2.0
105	112	2.0
105	116	1.0
105	122	1.0
105	123	1.0
105	124	2.0
105	125	1.0
105	128	3.0
105	129	2.0
105	130	7.0
105	132	15.0
105	133	8.0
105	143	1.0
105	146	1.0
105	156	5.0
105	157	4.0
105	160	1.0
105	165	1.0
105	166	1.0
106	106	292.0
106	107	5.0
106	110	4.0
106	111	2.0
106	112	5.0
106	113	8.0
106	114	3.0
106	121	3.0
106	123	1.0
106	124	1.0
106	125	4.0
106	129	7.0
106	132	11.0
106	133	2.0
106	138	3.0
106	140	3.0
106	141	1.0
106	143	1.0
106	147	1.0
106	156	4.0
106	157	4.0
106	158	7.0
106	159	2.0
106	161	9.0
106	162	5.0
107	107	356.0
107	108	10.0
107	109	16.0
107	110	21.0
107	112	6.0
107	113	2.0
107	114	2.0
107	115	2.0
107	118	6.0
107	119	3.0
107	120	6.0
107	121	3.0
107	122	1.0
107	124	1.0
107	125	5.0
107	126	3.0
107	127	2.0
107	128	3.0
107	129	4.0
107	131	3.0
107	132	2.0
107	133	1.0
107	146	1.0
107	151	1.0
107	156	3.0
107	158	14.0
107	162	3.0
108	108	340.0
108	109	16.0
108	110	7.0
108	114	4.0
108	126	2.0
108	131	2.0
108	133	3.0
108	140	1.0
108	148	1.0
108	158	8.0
108	159	5.0
108	164	3.0
108	165	3.0
108	168	1.0
108	171	4.0
108	172	2.0
109	109	379.0
109	110	3.0
109	119	1.0
109	120	2.0
109	121	2.0
109	123	2.0
109	125	1.0
109	126	1.0
109	129	8.0
109	130	1.0
109	131	7.0
109	132	2.0
109	133	1.0
109	134	2.0
109	159	1.0
109	165	1.0
109	166	1.0
109	171	4.0
109	172	2.0
110	110	327.0
110	111	29.0
110	112	14.0
110	113	6.0
110	118	2.0
110	119	19.0
110	120	14.0
110	121	15.0
110	122	5.0
110	124	2.0
110	125	2.0
110	128	1.0
110	131	1.0
110	143	1.0
110	148	1.0
110	156	6.0
110	157	13.0
110	158	9.0
110	162	1.0
110	164	1.0
110	166	2.0
111	111	332.0
111	112	17.0
111	113	1.0
111	118	2.0
111	119	6.0
111	120	19.0
111	121	3.0
111	122	5.0
111	124	2.0
111	129	1.0
111	130	1.0
111	131	2.0
111	138	1.0
111	152	1.0
111	155	1.0
111	156	1.0
111	157	3.0
111	158	4.0
111	159	19.0
111	165	6.0
111	166	2.0
111	169	3.0
111	171	1.0
111	172	1.0
112	112	377.0
112	113	11.0
112	114	3.0
112	115	3.0
112	116	3.0
112	118	6.0
112	119	7.0
112	120	7.0
112	121	9.0
112	122	2.0
112	123	1.0
112	124	5.0
112	125	3.0
112	126	2.0
112	131	1.0
112	140	4.0
112	141	3.0
112	155	1.0
112	156	2.0
112	157	7.0
112	158	1.0
112	159	1.0
112	161	5.0
112	162	2.0
112	165	4.0
112	166	11.0
112	167	6.0
112	168	8.0
112	169	4.0
113	113	377.0
113	114	36.0
113	115	10.0
113	116	6.0
113	117	10.0
113	118	9.0
113	119	12.0
113	120	8.0
113	121	16.0
113	122	5.0
113	140	2.0
113	141	3.0
113	148	1.0
113	152	1.0
113	159	1.0
113	167	1.0
113	168	2.0
114	114	328.0
114	115	12.0
114	116	5.0
114	117	12.0
114	118	3.0
114	119	6.0
114	120	2.0
114	121	9.0
114	122	1.0
114	126	4.0
114	127	1.0
114	131	1.0
114	133	1.0
114	140	2.0
114	141	1.0
114	164	1.0
115	115	323.0
115	116	29.0
115	117	21.0
115	118	19.0
115	119	3.0
115	120	2.0
115	121	6.0
115	122	1.0
115	123	7.0
115	125	5.0
115	127	7.0
115	128	1.0
115	131	1.0
115	132	1.0
115	133	1.0
115	140	1.0
115	141	5.0
115	156	4.0
115	157	2.0
115	159	1.0
115	166	1.0
115	167	1.0
115	172	4.0
116	116	332.0
116	117	24.0
116	118	10.0
116	123	3.0
116	132	5.0
116	133	7.0
116	139	1.0
116	140	7.0
116	141	2.0
116	153	8.0
116	156	3.0
116	167	3.0
116	168	1.0
116	169	1.0
117	117	294.0
117	118	11.0
117	119	5.0
117	120	1.0
117	121	6.0
117	122	5.0
117	125	2.0
117	126	4.0
117	129	1.0
117	132	7.0
117	133	4.0
117	134	2.0
117	135	2.0
117	138	1.0
117	140	1.0
117	145	1.0
117	153	2.0
117	156	2.0
117	157	1.0
117	166	1.0
117	167	1.0
118	118	330.0
118	119	18.0
118	120	2.0
118	121	7.0
118	122	3.0
118	124	1.0
118	126	9.0
118	127	1.0
118	130	2.0
118	131	2.0
118	132	1.0
118	133	1.0
118	135	5.0
118	140	2.0
118	142	1.0
118	153	3.0
118	156	3.0
118	159	1.0
118	165	1.0
118	173	1.0
119	119	329.0
119	120	22.0
119	121	11.0
119	122	9.0
119	124	1.0
119	131	7.0
119	132	1.0
119	143	1.0
119	159	1.0
119	165	2.0
119	166	3.0
120	120	311.0
120	121	17.0
120	122	7.0
120	129	2.0
120	130	3.0
120	131	3.0
120	133	2.0
120	159	1.0
120	161	2.0
120	164	2.0
120	165	17.0
120	177	1.0
121	121	339.0
121	122	8.0
121	124	1.0
121	128	1.0
121	129	9.0
121	131	6.0
121	132	1.0
121	133	12.0
121	140	1.0
121	155	1.0
121	157	5.0
121	160	1.0
121	165	1.0
122	122	336.0
122	123	1.0
122	124	7.0
122	125	3.0
122	126	4.0
122	127	5.0
122	128	7.0
122	129	15.0
122	130	1.0
122	131	11.0
122	133	13.0
122	139	1.0
122	154	3.0
122	156	1.0
122	159	1.0
122	160	1.0
122	161	1.0
123	123	352.0
123	124	31.0
123	125	22.0
123	134	2.0
123	135	3.0
123	136	1.0
123	137	6.0
123	140	5.0
123	141	2.0
123	142	1.0
123	147	7.0
123	153	2.0
123	154	1.0
123	156	2.0
123	157	1.0
123	159	2.0
123	161	2.0
123	165	1.0
123	168	1.0
123	170	2.0
123	180	1.0
124	124	340.0
124	125	22.0
124	128	3.0
124	130	8.0
124	136	5.0
124	137	1.0
124	140	3.0
124	146	1.0
124	147	1.0
124	151	4.0
124	153	7.0
124	156	2.0
124	157	5.0
124	160	1.0
124	161	1.0
124	164	1.0
124	170	1.0
124	174	4.0
124	176	1.0
125	125	344.0
125	126	6.0
125	128	1.0
125	130	4.0
125	132	1.0
125	133	3.0
125	134	1.0
125	135	1.0
125	140	4.0
125	141	1.0
125	151	2.0
125	156	1.0
125	157	4.0
125	158	4.0
125	160	2.0
125	161	2.0
125	162	5.0
125	164	1.0
125	171	2.0
125	178	1.0
126	126	327.0
126	127	16.0
126	128	5.0
126	129	2.0
126	130	5.0
126	131	8.0
126	133	2.0
126	135	6.0
126	149	1.0
126	150	1.0
126	151	6.0
126	153	1.0
126	154	4.0
126	155	1.0
126	156	3.0
126	174	1.0
127	127	335.0
127	128	35.0
127	129	10.0
127	130	4.0
127	131	5.0
127	135	3.0
127	138	1.0
127	149	1.0
127	150	2.0
127	151	8.0
127	154	1.0
127	155	1.0
127	161	2.0
127	166	1.0
127	172	1.0
128	128	304.0
128	129	24.0
128	130	6.0
128	131	8.0
128	133	5.0
128	134	1.0
128	150	1.0
128	152	4.0
128	155	1.0
128	162	1.0
129	129	292.0
129	130	18.0
129	131	8.0
129	132	4.0
129	133	1.0
129	134	8.0
129	135	1.0
129	136	1.0
129	140	1.0
129	151	3.0
129	152	1.0
129	154	2.0
129	155	12.0
129	161	1.0
130	130	320.0
130	131	15.0
130	132	6.0
130	133	12.0
130	134	2.0
130	135	3.0
130	149	1.0
130	151	4.0
130	152	2.0
130	153	2.0
130	155	3.0
130	160	1.0
130	161	4.0
130	175	1.0
131	131	366.0
131	132	6.0
131	133	6.0
131	134	8.0
131	135	7.0
131	139	6.0
131	150	2.0
131	151	2.0
131	153	2.0
131	155	1.0
131	165	1.0
131	171	1.0
132	132	384.0
132	133	18.0
132	134	9.0
132	136	1.0
132	146	1.0
132	153	2.0
133	133	395.0
133	134	12.0
133	140	1.0
133	153	5.0
133	154	4.0
133	175	2.0
134	134	375.0
134	135	7.0
134	139	1.0
134	140	4.0
134	144	5.0
134	149	2.0
134	152	5.0
134	153	4.0
134	154	2.0
134	155	12.0
134	161	1.0
134	174	3.0
134	175	7.0
135	135	352.0
135	136	26.0
135	137	1.0
135	138	5.0
135	139	7.0
135	140	8.0
135	142	1.0
135	144	4.0
135	146	2.0
135	150	15.0
135	151	1.0
135	152	3.0
135	153	6.0
135	154	6.0
135	155	5.0
135	156	2.0
135	175	1.0
135	176	2.0
135	179	3.0
136	136	403.0
136	137	11.0
136	138	9.0
136	139	3.0
136	146	2.0
136	147	2.0
136	148	1.0
136	150	6.0
136	151	4.0
136	152	1.0
136	153	14.0
136	173	1.0
136	175	1.0
136	176	1.0
137	137	425.0
137	138	13.0
137	139	16.0
137	140	11.0
137	146	6.0
137	151	1.0
137	153	7.0
137	154	2.0
137	155	1.0
137	156	2.0
137	176	1.0
138	138	363.0
138	139	16.0
138	146	3.0
138	148	1.0
138	151	1.0
138	153	2.0
138	154	9.0
138	156	1.0
138	173	1.0
139	139	390.0
139	140	13.0
139	141	1.0
139	144	3.0
139	148	5.0
139	153	3.0
139	154	12.0
139	155	4.0
139	156	7.0
139	162	1.0
139	171	1.0
139	173	1.0
140	140	394.0
140	141	3.0
140	143	1.0
140	144	2.0
140	145	1.0
140	148	1.0
140	151	2.0
140	152	1.0
140	153	15.0
140	154	1.0
140	173	1.0
140	176	1.0
141	141	408.0
141	142	19.0
141	143	10.0
141	145	5.0
141	160	8.0
141	161	3.0
141	162	2.0
141	163	1.0
141	170	1.0
141	172	6.0
141	173	1.0
141	176	6.0
142	142	358.0
142	143	30.0
142	144	5.0
142	145	1.0
142	154	1.0
142	159	5.0
142	160	10.0
142	161	6.0
142	163	13.0
142	164	10.0
142	167	4.0
142	172	5.0
142	173	7.0
142	176	3.0
143	143	341.0
143	144	9.0
143	145	8.0
143	147	4.0
143	148	4.0
143	155	2.0
143	157	2.0
143	158	2.0
143	159	11.0
143	160	1.0
143	161	1.0
143	162	1.0
143	163	9.0
143	164	2.0
143	165	4.0
143	166	5.0
143	167	3.0
143	168	5.0
143	169	4.0
143	170	2.0
143	171	2.0
143	172	11.0
143	174	1.0
143	176	3.0
143	180	1.0
144	144	324.0
144	145	2.0
144	147	1.0
144	148	8.0
144	149	5.0
144	150	3.0
144	152	1.0
144	153	1.0
144	155	3.0
144	159	12.0
144	161	5.0
144	164	14.0
144	165	4.0
144	166	9.0
144	167	4.0
144	170	2.0
144	173	1.0
144	175	5.0
145	145	364.0
145	146	11.0
145	147	13.0
145	148	3.0
145	155	1.0
145	160	3.0
145	162	1.0
145	163	2.0
145	164	4.0
145	165	1.0
145	167	7.0
145	168	6.0
145	170	5.0
145	171	1.0
145	173	7.0
145	176	1.0
146	146	331.0
146	147	5.0
146	150	1.0
146	152	1.0
146	156	1.0
146	157	2.0
146	158	2.0
146	159	2.0
146	160	3.0
146	161	4.0
146	162	7.0
146	164	1.0
146	169	1.0
146	172	2.0
146	173	5.0
146	174	1.0
146	175	7.0
147	147	350.0
147	148	17.0
147	150	1.0
147	157	2.0
147	158	6.0
147	162	1.0
147	163	8.0
147	164	2.0
147	165	1.0
147	167	2.0
147	168	3.0
147	170	1.0
147	171	3.0
147	173	27.0
147	174	6.0
147	175	3.0
147	176	1.0
148	148	390.0
148	149	12.0
148	150	8.0
148	151	2.0
148	153	1.0
148	154	5.0
148	155	5.0
148	158	1.0
148	168	1.0
148	171	1.0
148	172	12.0
148	173	12.0
148	174	9.0
148	175	18.0
149	149	445.0
149	150	14.0
149	151	6.0
149	152	4.0
149	153	5.0
149	168	1.0
149	172	6.0
149	173	8.0
149	174	8.0
149	175	6.0
149	177	3.0
150	150	330.0
150	151	10.0
150	152	2.0
150	154	1.0
150	157	3.0
150	158	1.0
150	172	1.0
150	173	1.0
150	174	7.0
150	175	8.0
150	176	2.0
150	178	1.0
150	179	12.0
150	180	1.0
151	151	376.0
151	152	30.0
151	153	9.0
151	154	8.0
151	155	13.0
151	156	1.0
151	157	4.0
151	158	1.0
151	172	2.0
151	173	1.0
151	174	7.0
151	175	1.0
151	179	1.0
152	152	322.0
152	153	14.0
152	154	7.0
152	155	8.0
152	156	2.0
152	157	2.0
152	168	1.0
152	172	2.0
152	174	9.0
152	175	4.0
153	153	361.0
153	154	17.0
153	155	7.0
153	156	8.0
153	158	4.0
153	159	3.0
153	160	5.0
153	161	3.0
153	165	3.0
153	169	2.0
153	173	1.0
153	174	8.0
153	175	2.0
154	154	368.0
154	155	13.0
154	156	15.0
154	157	3.0
154	158	4.0
154	159	3.0
154	169	1.0
154	171	2.0
154	172	5.0
154	174	1.0
155	155	310.0
155	156	18.0
155	157	6.0
155	158	1.0
155	159	4.0
155	164	1.0
155	165	2.0
155	166	4.0
155	167	2.0
155	168	2.0
155	169	1.0
155	170	3.0
155	171	1.0
155	174	3.0
155	175	1.0
156	156	306.0
156	157	12.0
156	158	4.0
156	159	10.0
156	164	1.0
156	165	1.0
156	168	3.0
156	169	1.0
156	170	1.0
156	171	3.0
156	172	3.0
156	173	1.0
156	174	4.0
157	157	377.0
157	158	14.0
157	162	8.0
157	165	2.0
157	166	3.0
157	167	2.0
157	168	9.0
157	169	3.0
157	170	2.0
157	172	3.0
157	173	9.0
157	175	2.0
158	158	363.0
158	159	17.0
158	161	5.0
158	162	12.0
158	163	1.0
158	164	8.0
158	165	3.0
158	166	1.0
158	167	4.0
158	168	3.0
158	169	1.0
158	171	2.0
158	173	9.0
158	174	4.0
159	159	374.0
159	160	17.0
159	161	4.0
159	162	5.0
159	163	5.0
159	164	12.0
159	165	10.0
159	166	8.0
159	167	10.0
159	169	3.0
159	170	9.0
159	171	3.0
159	173	1.0
159	174	5.0
160	160	343.0
160	161	29.0
160	162	9.0
160	163	12.0
160	165	1.0
161	161	347.0
161	162	25.0
161	163	8.0
161	164	11.0
161	165	13.0
162	162	341.0
162	163	16.0
162	164	1.0
162	165	1.0
162	168	1.0
162	173	4.0
163	163	344.0
163	164	4.0
163	165	10.0
163	166	9.0
163	167	10.0
163	168	4.0
163	173	2.0
164	164	336.0
164	165	24.0
164	166	14.0
164	167	3.0
164	168	12.0
164	169	1.0
164	170	7.0
164	171	2.0
164	172	2.0
165	165	360.0
165	166	37.0
165	167	7.0
165	168	5.0
165	169	4.0
165	170	2.0
165	171	3.0
166	166	306.0
166	167	21.0
166	168	6.0
166	169	22.0
166	170	4.0
166	172	1.0
166	174	1.0
166	179	1.0
167	167	357.0
167	168	30.0
167	169	22.0
167	170	3.0
167	172	2.0
167	173	4.0
167	174	1.0
167	178	1.0
168	168	378.0
168	169	23.0
168	170	6.0
168	171	5.0
168	172	2.0
168	173	4.0
169	169	370.0
169	170	29.0
169	171	5.0
169	172	8.0
169	174	6.0
170	170	342.0
170	171	17.0
170	172	10.0
170	174	6.0
171	171	367.0
171	172	6.0
171	173	5.0
171	174	4.0
171	179	1.0
172	172	391.0
172	173	7.0
172	176	1.0
172	179	1.0
173	173	389.0
173	174	12.0
173	175	6.0
173	176	1.0
173	177	2.0
174	174	368.0
174	175	11.0
174	177	1.0
175	175	309.0
175	176	4.0
175	177	14.0
175	178	3.0
175	179	7.0
176	176	435.0
176	177	1.0
176	178	19.0
176	179	6.0
177	177	246.0
177	178	9.0
177	180	1.0
178	178	367.0
178	179	7.0
178	180	2.0
179	179	381.0
179	180	7.0
180	180	262.0
181	1	17.0
181	2	7.0
181	3	3.0
181	4	4.0
181	5	4.0
181	6	4.0
181	7	2.0
181	9	1.0
181	10	3.0
181	11	2.0
181	13	1.0
181	17	1.0
181	49	1.0
181	55	1.0
181	64	3.0
181	65	2.0
181	73	1.0
181	88	2.0
181	110	1.0
181	176	3.0
181	177	8.0
181	178	8.0
181	179	7.0
181	181	386.0
