1	1	562.0
1	2	39.0
1	3	2.0
1	4	2.0
1	5	3.0
1	6	3.0
1	8	1.0
1	9	1.0
1	13	1.0
1	14	1.0
1	16	1.0
1	17	4.0
1	18	4.0
1	19	3.0
1	22	6.0
1	23	1.0
1	24	6.0
1	25	6.0
1	26	1.0
1	27	7.0
1	40	1.0
1	41	12.0
1	42	3.0
1	47	2.0
1	64	1.0
1	107	1.0
1	114	1.0
1	120	1.0
2	2	594.0
2	3	12.0
2	4	13.0
2	5	2.0
2	10	2.0
2	11	2.0
2	12	1.0
2	13	10.0
2	17	1.0
2	18	1.0
2	19	1.0
2	21	5.0
2	22	2.0
2	24	8.0
2	41	7.0
2	42	1.0
2	46	2.0
2	47	1.0
2	68	1.0
2	85	2.0
2	113	1.0
2	124	1.0
2	149	2.0
3	3	612.0
3	4	16.0
3	16	1.0
3	20	1.0
3	26	1.0
3	42	1.0
3	57	2.0
3	66	1.0
3	73	1.0
3	94	1.0
3	103	1.0
3	108	2.0
3	109	2.0
3	111	2.0
3	112	7.0
3	113	2.0
3	151	1.0
3	161	12.0
3	162	11.0
3	163	1.0
3	164	11.0
3	165	1.0
3	167	9.0
3	168	7.0
4	4	571.0
4	5	19.0
4	6	7.0
4	8	2.0
4	12	1.0
4	14	3.0
4	15	2.0
4	16	1.0
4	57	1.0
4	58	1.0
4	72	1.0
4	88	2.0
4	108	1.0
4	111	2.0
4	112	3.0
4	115	7.0
4	116	18.0
4	123	2.0
4	124	1.0
4	141	1.0
4	149	1.0
4	151	2.0
4	160	1.0
4	161	10.0
4	162	1.0
4	168	1.0
5	5	576.0
5	6	27.0
5	7	7.0
5	8	2.0
5	9	6.0
5	10	4.0
5	12	6.0
5	13	2.0
5	14	1.0
5	15	4.0
5	16	6.0
5	48	1.0
5	64	1.0
5	76	1.0
5	85	1.0
5	115	1.0
5	116	12.0
5	117	4.0
5	118	1.0
5	123	1.0
5	124	3.0
5	125	6.0
5	126	3.0
5	127	1.0
5	128	3.0
5	130	2.0
5	138	2.0
5	139	2.0
5	140	1.0
5	141	22.0
5	145	1.0
5	152	3.0
6	6	557.0
6	7	22.0
6	8	14.0
6	9	17.0
6	10	7.0
6	11	2.0
6	12	4.0
6	14	5.0
6	15	10.0
6	48	3.0
6	49	5.0
6	50	2.0
6	57	2.0
6	58	1.0
6	62	1.0
6	63	2.0
6	64	1.0
6	76	2.0
6	78	2.0
6	84	1.0
6	94	1.0
6	100	1.0
6	103	2.0
6	104	4.0
6	105	1.0
6	116	16.0
6	117	3.0
6	119	1.0
6	122	3.0
6	123	2.0
6	124	9.0
6	125	2.0
6	126	4.0
6	127	1.0
6	133	1.0
6	137	3.0
6	138	2.0
6	139	2.0
6	140	15.0
6	141	7.0
6	146	1.0
6	166	1.0
7	7	531.0
7	8	18.0
7	9	8.0
7	10	21.0
7	11	11.0
7	12	5.0
7	14	3.0
7	15	5.0
7	48	2.0
7	49	1.0
7	50	1.0
7	63	1.0
7	75	1.0
7	76	6.0
7	77	8.0
7	96	1.0
7	97	1.0
7	100	1.0
7	101	3.0
7	103	2.0
7	104	1.0
7	105	6.0
7	113	1.0
7	116	6.0
7	117	2.0
7	123	1.0
7	125	7.0
7	126	2.0
7	127	8.0
7	132	1.0
7	133	9.0
7	137	3.0
7	138	13.0
7	139	1.0
7	145	15.0
7	146	5.0
7	159	1.0
8	8	550.0
8	9	11.0
8	10	11.0
8	11	18.0
8	12	24.0
8	13	1.0
8	14	3.0
8	22	1.0
8	47	2.0
8	48	7.0
8	50	4.0
8	52	1.0
8	61	1.0
8	62	3.0
8	63	6.0
8	68	1.0
8	76	1.0
8	78	1.0
8	79	1.0
8	84	5.0
8	85	2.0
8	103	1.0
8	104	8.0
8	117	1.0
8	124	5.0
8	125	5.0
8	127	8.0
8	130	6.0
8	131	3.0
8	139	2.0
8	140	9.0
8	141	5.0
8	143	1.0
8	145	2.0
8	146	6.0
8	162	1.0
9	9	557.0
9	10	27.0
9	11	1.0
9	12	5.0
9	48	1.0
9	49	1.0
9	50	1.0
9	58	7.0
9	76	2.0
9	94	1.0
9	104	3.0
9	114	1.0
9	116	1.0
9	117	1.0
9	125	1.0
9	126	1.0
9	127	5.0
9	139	10.0
9	140	20.0
9	141	11.0
9	146	1.0
10	10	612.0
10	11	30.0
10	12	6.0
10	13	1.0
10	15	5.0
10	17	1.0
10	30	1.0
10	34	1.0
10	47	1.0
10	48	1.0
10	49	1.0
10	57	1.0
10	70	1.0
10	83	1.0
10	84	6.0
10	85	1.0
10	87	1.0
10	101	2.0
10	104	1.0
10	105	1.0
10	107	2.0
10	125	2.0
10	126	1.0
10	127	4.0
10	129	1.0
10	130	1.0
10	131	1.0
10	132	8.0
10	133	4.0
10	134	5.0
10	137	3.0
10	138	1.0
10	139	6.0
10	140	8.0
10	141	4.0
10	142	1.0
10	144	1.0
10	147	1.0
10	151	1.0
11	11	594.0
11	12	21.0
11	13	2.0
11	14	13.0
11	15	3.0
11	17	4.0
11	47	4.0
11	49	1.0
11	52	1.0
11	71	2.0
11	78	2.0
11	84	13.0
11	85	4.0
11	100	4.0
11	101	1.0
11	103	1.0
11	104	3.0
11	105	4.0
11	107	1.0
11	121	1.0
11	130	3.0
11	131	1.0
11	132	4.0
11	133	12.0
11	134	1.0
11	135	3.0
11	136	1.0
11	137	1.0
11	139	5.0
11	144	1.0
11	154	1.0
11	162	1.0
12	12	545.0
12	13	16.0
12	14	14.0
12	15	1.0
12	16	9.0
12	17	2.0
12	21	1.0
12	23	1.0
12	43	1.0
12	47	8.0
12	48	10.0
12	49	1.0
12	63	6.0
12	64	2.0
12	71	1.0
12	77	3.0
12	82	1.0
12	83	1.0
12	84	2.0
12	85	9.0
12	86	1.0
12	90	7.0
12	91	2.0
12	95	2.0
12	97	3.0
12	98	1.0
12	99	2.0
12	101	1.0
12	103	2.0
12	104	2.0
12	106	1.0
12	124	1.0
12	125	1.0
12	130	1.0
12	134	1.0
12	137	1.0
12	153	1.0
13	13	555.0
13	14	6.0
13	15	8.0
13	16	5.0
13	17	4.0
13	33	2.0
13	38	2.0
13	46	1.0
13	47	4.0
13	49	1.0
13	51	1.0
13	68	1.0
13	79	2.0
13	80	2.0
13	82	4.0
13	83	3.0
13	84	3.0
13	89	1.0
13	91	1.0
13	95	1.0
13	97	10.0
13	99	4.0
13	111	1.0
13	116	1.0
13	134	1.0
13	142	1.0
14	14	560.0
14	15	44.0
14	16	6.0
14	17	2.0
14	18	5.0
14	20	1.0
14	47	7.0
14	48	6.0
14	49	7.0
14	50	2.0
14	51	4.0
14	53	6.0
14	54	1.0
14	75	1.0
14	77	1.0
14	79	1.0
14	80	1.0
14	82	2.0
14	83	6.0
14	87	3.0
14	88	2.0
14	89	1.0
14	95	3.0
14	96	1.0
14	100	4.0
14	101	5.0
14	116	5.0
14	142	1.0
15	15	609.0
15	16	19.0
15	20	2.0
15	47	2.0
15	48	1.0
15	49	2.0
15	50	2.0
15	51	6.0
15	53	13.0
15	56	1.0
15	57	2.0
15	58	1.0
15	62	7.0
15	64	1.0
15	66	1.0
15	68	1.0
15	71	2.0
15	73	1.0
15	79	3.0
15	80	12.0
15	82	1.0
15	83	4.0
15	84	1.0
15	86	4.0
15	101	1.0
15	116	8.0
16	16	517.0
16	17	13.0
16	18	14.0
16	20	10.0
16	21	12.0
16	22	2.0
16	23	2.0
16	26	1.0
16	29	1.0
16	31	4.0
16	41	1.0
16	47	3.0
16	48	5.0
16	49	9.0
16	50	1.0
16	51	5.0
16	53	1.0
16	57	7.0
16	63	1.0
16	64	3.0
16	66	4.0
16	67	1.0
16	69	1.0
16	73	2.0
16	76	5.0
16	79	3.0
16	80	4.0
16	85	1.0
16	88	1.0
16	113	1.0
16	116	4.0
16	131	2.0
16	132	1.0
16	136	1.0
16	142	1.0
16	150	1.0
17	17	527.0
17	18	26.0
17	19	15.0
17	20	8.0
17	21	3.0
17	22	14.0
17	23	2.0
17	24	18.0
17	25	6.0
17	33	1.0
17	41	1.0
17	42	1.0
17	47	3.0
17	48	5.0
17	49	7.0
17	52	3.0
17	57	2.0
17	64	1.0
17	65	1.0
17	66	5.0
17	67	2.0
17	68	2.0
17	76	6.0
17	85	1.0
17	140	1.0
17	171	1.0
18	18	571.0
18	19	19.0
18	20	12.0
18	21	6.0
18	22	5.0
18	23	17.0
18	24	13.0
18	25	10.0
18	27	2.0
18	29	2.0
18	30	1.0
18	31	1.0
18	36	1.0
18	46	8.0
18	47	2.0
18	48	1.0
18	49	1.0
18	51	1.0
18	52	4.0
18	63	1.0
18	64	1.0
18	70	1.0
18	76	5.0
18	79	1.0
18	88	2.0
18	118	2.0
18	145	1.0
19	19	513.0
19	20	12.0
19	21	12.0
19	22	12.0
19	23	15.0
19	24	20.0
19	25	19.0
19	26	2.0
19	27	3.0
19	28	1.0
19	29	7.0
19	31	2.0
19	37	1.0
19	38	1.0
19	40	4.0
19	44	6.0
19	45	14.0
19	46	6.0
19	57	1.0
19	64	1.0
19	72	2.0
19	76	2.0
19	83	1.0
19	105	1.0
20	20	548.0
20	21	14.0
20	22	9.0
20	23	6.0
20	24	2.0
20	25	5.0
20	27	1.0
20	29	3.0
20	31	10.0
20	34	1.0
20	36	3.0
20	37	2.0
20	40	2.0
20	41	3.0
20	45	4.0
20	52	1.0
20	63	1.0
20	64	5.0
20	66	4.0
20	67	2.0
20	71	4.0
20	74	2.0
20	76	3.0
20	77	3.0
20	78	4.0
20	79	2.0
20	96	2.0
20	97	3.0
20	119	1.0
20	130	4.0
20	131	3.0
21	21	544.0
21	22	22.0
21	23	17.0
21	24	15.0
21	25	6.0
21	27	6.0
21	29	5.0
21	30	1.0
21	31	1.0
21	32	2.0
21	33	3.0
21	40	1.0
21	41	5.0
21	46	5.0
21	47	1.0
21	57	6.0
21	64	12.0
21	77	2.0
21	78	3.0
21	79	12.0
21	87	1.0
21	102	1.0
21	126	1.0
21	127	1.0
21	130	2.0
21	131	4.0
21	132	1.0
21	137	1.0
21	148	1.0
21	164	1.0
22	22	553.0
22	23	32.0
22	24	5.0
22	25	1.0
22	27	1.0
22	29	14.0
22	31	7.0
22	46	4.0
22	47	1.0
22	64	3.0
22	66	4.0
22	71	1.0
22	76	2.0
22	77	5.0
22	78	2.0
22	79	4.0
22	97	1.0
22	132	1.0
23	23	487.0
23	24	2.0
23	25	5.0
23	27	2.0
23	28	1.0
23	29	8.0
23	30	2.0
23	31	13.0
23	36	2.0
23	46	11.0
23	47	11.0
23	57	6.0
23	62	3.0
23	63	1.0
23	64	1.0
23	66	2.0
23	77	1.0
23	78	8.0
23	79	3.0
23	85	1.0
23	96	2.0
23	112	1.0
23	130	3.0
23	131	1.0
23	154	1.0
24	24	527.0
24	25	13.0
24	26	1.0
24	27	5.0
24	28	1.0
24	29	12.0
24	30	2.0
24	31	7.0
24	32	2.0
24	41	6.0
24	46	4.0
24	47	2.0
24	56	1.0
24	57	5.0
24	65	1.0
24	66	1.0
24	73	1.0
24	127	1.0
24	168	1.0
25	25	520.0
25	26	7.0
25	27	6.0
25	28	1.0
25	29	7.0
25	30	2.0
25	31	3.0
25	37	4.0
25	39	1.0
25	40	10.0
25	41	5.0
25	42	8.0
25	44	2.0
25	45	2.0
25	46	3.0
25	58	1.0
25	76	4.0
25	105	1.0
25	131	1.0
25	132	1.0
25	139	1.0
26	26	434.0
26	27	15.0
26	28	8.0
26	29	1.0
26	30	3.0
26	32	4.0
26	48	3.0
26	49	2.0
26	56	3.0
26	57	10.0
26	58	5.0
26	75	1.0
26	105	1.0
26	131	1.0
26	146	1.0
26	150	1.0
26	170	2.0
27	27	545.0
27	28	17.0
27	29	6.0
27	30	15.0
27	31	2.0
27	35	1.0
27	40	1.0
27	44	7.0
27	46	2.0
27	47	1.0
27	48	6.0
27	49	4.0
27	53	1.0
27	56	2.0
27	57	3.0
27	58	6.0
27	102	1.0
27	127	1.0
27	162	1.0
28	28	561.0
28	29	19.0
28	30	13.0
28	31	4.0
28	36	5.0
28	38	1.0
28	39	4.0
28	40	9.0
28	42	4.0
28	43	3.0
28	44	7.0
28	45	6.0
28	48	9.0
28	49	10.0
28	56	4.0
28	57	1.0
28	58	5.0
28	62	1.0
28	74	1.0
28	77	1.0
28	110	1.0
28	111	1.0
28	114	1.0
29	29	609.0
29	30	9.0
29	31	6.0
29	32	2.0
29	39	6.0
29	40	9.0
29	42	10.0
29	43	1.0
29	44	9.0
29	45	1.0
29	57	3.0
29	58	2.0
29	72	1.0
29	78	6.0
29	79	3.0
29	82	1.0
29	90	1.0
29	104	1.0
29	130	3.0
29	131	13.0
30	30	632.0
30	31	18.0
30	32	1.0
30	33	1.0
30	35	1.0
30	36	1.0
30	39	1.0
30	40	4.0
30	43	5.0
30	44	10.0
30	48	1.0
30	49	2.0
30	52	1.0
30	56	1.0
30	57	1.0
30	58	1.0
30	63	2.0
30	70	1.0
30	73	1.0
30	76	1.0
30	78	1.0
30	108	2.0
30	114	2.0
30	155	1.0
31	31	544.0
31	32	10.0
31	33	15.0
31	34	3.0
31	35	5.0
31	40	2.0
31	42	1.0
31	43	2.0
31	44	3.0
31	51	1.0
31	57	3.0
31	58	1.0
31	77	1.0
31	78	2.0
31	79	2.0
31	109	1.0
31	130	1.0
31	131	2.0
31	132	1.0
32	32	510.0
32	33	12.0
32	34	14.0
32	37	1.0
32	39	1.0
32	40	1.0
32	43	7.0
32	44	7.0
32	46	3.0
32	47	8.0
32	49	1.0
32	58	3.0
32	76	1.0
32	79	1.0
32	111	1.0
32	119	1.0
32	128	12.0
32	130	1.0
32	131	2.0
32	135	2.0
33	33	653.0
33	34	7.0
33	35	8.0
33	36	2.0
33	40	4.0
33	41	2.0
33	42	1.0
33	43	13.0
33	44	7.0
33	46	1.0
33	47	3.0
33	56	1.0
33	86	1.0
33	116	1.0
33	118	1.0
33	138	1.0
33	146	1.0
33	159	1.0
34	34	562.0
34	35	28.0
34	36	5.0
34	37	8.0
34	38	1.0
34	42	11.0
34	43	4.0
34	74	1.0
34	76	1.0
34	77	1.0
34	115	1.0
34	116	1.0
34	157	1.0
35	35	595.0
35	36	23.0
35	37	7.0
35	38	12.0
35	40	13.0
35	41	1.0
35	43	8.0
35	58	1.0
35	125	1.0
35	135	1.0
35	167	3.0
36	36	609.0
36	37	22.0
36	38	29.0
36	40	2.0
36	44	4.0
36	45	2.0
36	56	1.0
36	62	1.0
36	82	1.0
36	104	1.0
36	128	1.0
36	161	1.0
37	37	586.0
37	38	45.0
37	39	12.0
37	40	5.0
37	41	2.0
37	54	1.0
37	79	2.0
37	84	1.0
37	89	1.0
37	169	1.0
38	38	560.0
38	39	7.0
38	40	4.0
38	41	12.0
38	45	6.0
38	129	1.0
38	133	1.0
38	139	1.0
38	149	1.0
38	157	1.0
38	167	1.0
39	39	629.0
39	40	28.0
39	41	4.0
39	42	10.0
39	43	3.0
39	44	5.0
39	45	2.0
39	58	1.0
39	73	1.0
39	74	1.0
39	78	1.0
39	102	1.0
39	137	1.0
39	163	1.0
40	40	570.0
40	41	13.0
40	42	5.0
40	43	12.0
40	44	3.0
40	45	1.0
40	76	1.0
40	93	1.0
40	126	1.0
40	140	1.0
40	161	1.0
41	41	660.0
41	42	8.0
41	43	4.0
41	54	1.0
41	87	1.0
41	125	1.0
41	134	1.0
42	42	610.0
42	43	16.0
42	44	2.0
42	73	1.0
42	109	1.0
42	128	1.0
42	139	1.0
42	162	1.0
42	170	1.0
43	43	622.0
43	44	16.0
43	45	3.0
43	46	13.0
43	56	1.0
43	57	1.0
43	91	1.0
43	97	1.0
43	104	1.0
43	108	1.0
43	109	1.0
43	114	1.0
43	116	1.0
43	134	1.0
44	44	623.0
44	45	13.0
44	46	17.0
44	47	1.0
44	65	1.0
44	106	1.0
44	116	1.0
44	118	1.0
44	128	2.0
45	45	555.0
45	46	5.0
45	47	1.0
45	58	1.0
45	73	1.0
45	78	1.0
45	118	1.0
45	126	1.0
45	129	11.0
45	130	1.0
46	46	544.0
46	47	8.0
46	52	1.0
46	76	1.0
46	91	1.0
46	110	1.0
46	113	1.0
46	128	2.0
46	131	1.0
46	155	1.0
47	47	535.0
47	48	21.0
47	49	24.0
47	50	6.0
47	51	2.0
47	52	3.0
47	54	4.0
47	55	6.0
47	56	6.0
47	58	2.0
47	65	2.0
47	81	1.0
47	128	1.0
47	132	1.0
47	134	1.0
48	48	521.0
48	49	46.0
48	50	14.0
48	51	8.0
48	52	5.0
48	55	2.0
48	56	2.0
48	57	2.0
48	58	2.0
48	64	1.0
48	101	1.0
48	121	1.0
48	136	1.0
48	158	1.0
49	49	503.0
49	50	26.0
49	51	1.0
49	52	3.0
49	53	1.0
49	55	1.0
49	56	1.0
49	57	7.0
49	58	2.0
49	66	1.0
49	101	1.0
49	109	1.0
50	50	541.0
50	51	22.0
50	52	4.0
50	53	1.0
50	54	9.0
50	55	1.0
50	57	2.0
50	62	1.0
50	91	2.0
50	135	1.0
51	51	528.0
51	52	15.0
51	53	13.0
51	54	23.0
51	55	12.0
51	56	2.0
51	57	4.0
51	58	1.0
51	62	1.0
51	96	1.0
51	103	1.0
51	116	1.0
51	128	1.0
51	145	1.0
51	147	1.0
51	154	1.0
52	52	516.0
52	53	38.0
52	54	20.0
52	55	1.0
52	56	1.0
52	154	1.0
52	160	1.0
53	53	532.0
53	54	6.0
53	56	12.0
53	57	3.0
53	58	6.0
53	62	2.0
53	63	1.0
53	64	2.0
53	67	2.0
53	69	2.0
53	79	1.0
53	116	1.0
53	125	1.0
53	151	1.0
53	164	1.0
54	54	546.0
54	55	22.0
54	56	4.0
54	57	3.0
54	58	1.0
54	62	1.0
54	125	1.0
54	137	1.0
55	55	500.0
55	56	7.0
55	57	3.0
55	58	7.0
55	70	1.0
55	71	1.0
55	86	1.0
56	56	570.0
56	57	5.0
56	58	6.0
56	62	8.0
56	63	4.0
56	69	2.0
56	93	1.0
56	116	5.0
56	131	1.0
56	134	1.0
57	57	717.0
57	58	19.0
57	61	2.0
57	62	20.0
57	63	17.0
57	64	14.0
57	65	12.0
57	66	4.0
57	67	10.0
57	68	6.0
57	69	4.0
57	70	13.0
57	71	11.0
57	72	1.0
57	73	1.0
57	74	4.0
57	75	1.0
57	76	1.0
57	77	4.0
57	78	2.0
57	79	1.0
57	83	1.0
57	85	5.0
57	89	1.0
57	92	1.0
57	96	1.0
57	97	3.0
57	99	2.0
57	100	4.0
57	102	2.0
57	103	1.0
57	104	7.0
57	108	1.0
57	109	2.0
57	116	7.0
57	126	1.0
57	130	4.0
57	131	3.0
57	132	2.0
57	133	1.0
57	135	8.0
58	58	1764.0
58	61	26.0
58	62	13.0
58	63	19.0
58	69	8.0
58	70	1.0
58	77	3.0
58	85	2.0
58	86	1.0
58	96	1.0
58	100	2.0
58	102	1.0
58	104	3.0
58	109	1.0
58	126	1.0
58	129	1.0
58	131	2.0
58	132	1.0
58	134	1.0
58	139	1.0
58	140	2.0
58	141	7.0
58	155	1.0
58	170	1.0
61	61	53.0
61	62	6.0
61	64	3.0
61	69	2.0
61	70	2.0
61	103	2.0
61	130	1.0
62	62	474.0
62	63	29.0
62	64	2.0
62	65	3.0
62	69	3.0
62	71	8.0
62	73	6.0
62	74	1.0
62	75	10.0
62	77	17.0
62	78	10.0
62	85	3.0
62	96	4.0
62	97	1.0
62	103	2.0
62	104	5.0
62	116	3.0
62	123	1.0
62	131	2.0
62	140	2.0
62	161	1.0
63	63	504.0
63	64	2.0
63	69	4.0
63	71	4.0
63	76	1.0
63	77	3.0
63	79	2.0
63	81	1.0
63	84	3.0
63	85	8.0
63	87	5.0
63	95	1.0
63	96	2.0
63	97	2.0
63	99	1.0
63	100	1.0
63	101	2.0
63	102	4.0
63	103	4.0
63	104	3.0
63	105	2.0
63	116	1.0
63	141	1.0
63	143	1.0
63	145	1.0
64	64	481.0
64	65	11.0
64	66	4.0
64	67	2.0
64	68	9.0
64	69	1.0
64	70	15.0
64	71	19.0
64	72	1.0
64	73	4.0
64	74	2.0
64	77	6.0
64	78	6.0
64	79	4.0
64	80	2.0
64	83	5.0
64	84	2.0
64	85	5.0
64	86	6.0
64	100	1.0
64	105	1.0
64	108	4.0
64	130	3.0
64	131	1.0
64	132	1.0
64	133	1.0
64	135	3.0
64	140	1.0
64	145	1.0
65	65	485.0
65	66	20.0
65	67	24.0
65	68	9.0
65	69	1.0
65	70	10.0
65	71	6.0
65	72	1.0
65	74	6.0
65	75	4.0
65	76	7.0
65	77	1.0
65	78	3.0
65	79	8.0
65	80	6.0
65	86	1.0
65	87	1.0
65	97	1.0
65	105	1.0
65	108	3.0
65	109	8.0
65	114	1.0
65	120	2.0
65	122	1.0
65	131	9.0
65	132	1.0
65	135	1.0
65	159	1.0
66	66	455.0
66	67	15.0
66	68	17.0
66	70	4.0
66	71	1.0
66	72	9.0
66	73	4.0
66	74	11.0
66	75	11.0
66	76	11.0
66	77	10.0
66	78	4.0
66	79	1.0
66	107	4.0
66	108	5.0
66	116	1.0
66	131	2.0
66	133	1.0
66	159	1.0
66	169	1.0
67	67	450.0
67	68	13.0
67	69	9.0
67	70	2.0
67	71	1.0
67	72	8.0
67	73	1.0
67	74	5.0
67	75	10.0
67	76	2.0
67	77	1.0
67	78	5.0
67	79	13.0
67	80	6.0
67	81	1.0
67	83	3.0
67	85	1.0
67	86	9.0
67	96	7.0
67	103	1.0
67	108	2.0
67	110	1.0
67	119	2.0
67	120	2.0
67	121	5.0
67	122	4.0
67	124	1.0
67	131	3.0
67	132	6.0
67	134	1.0
67	135	8.0
68	68	455.0
68	69	8.0
68	70	21.0
68	71	5.0
68	72	4.0
68	73	1.0
68	74	2.0
68	75	2.0
68	76	3.0
68	77	1.0
68	81	1.0
68	83	1.0
68	86	1.0
68	87	1.0
68	89	2.0
68	111	2.0
68	131	1.0
68	132	3.0
68	133	8.0
68	134	12.0
68	135	3.0
68	136	1.0
68	162	1.0
69	69	476.0
69	70	31.0
69	71	4.0
69	72	9.0
69	73	1.0
69	74	9.0
69	75	7.0
69	81	3.0
69	82	1.0
69	86	8.0
69	91	1.0
69	96	5.0
69	116	1.0
69	134	3.0
69	135	2.0
69	142	1.0
69	143	1.0
70	70	531.0
70	71	9.0
70	72	12.0
70	73	1.0
70	74	5.0
70	75	2.0
70	76	1.0
70	83	3.0
70	86	2.0
70	95	1.0
70	99	1.0
70	101	6.0
70	109	1.0
70	133	1.0
70	134	8.0
70	135	9.0
70	146	1.0
70	154	1.0
71	71	519.0
71	72	9.0
71	73	23.0
71	75	2.0
71	76	2.0
71	77	4.0
71	80	4.0
71	82	1.0
71	83	3.0
71	84	1.0
71	85	4.0
71	86	7.0
71	87	1.0
71	97	4.0
71	108	8.0
71	109	3.0
71	118	1.0
71	133	1.0
71	135	1.0
71	148	2.0
71	160	1.0
72	72	491.0
72	73	33.0
72	74	7.0
72	75	15.0
72	76	7.0
72	77	6.0
72	79	7.0
72	80	1.0
72	81	15.0
72	82	1.0
72	83	11.0
72	86	3.0
72	89	1.0
72	96	8.0
72	97	3.0
72	101	1.0
72	103	1.0
72	108	7.0
72	109	4.0
72	116	1.0
72	118	3.0
72	135	1.0
72	167	1.0
73	73	491.0
73	74	9.0
73	75	2.0
73	76	4.0
73	80	7.0
73	81	22.0
73	82	7.0
73	83	2.0
73	91	6.0
73	96	5.0
73	98	10.0
73	102	1.0
73	104	2.0
73	108	1.0
73	109	1.0
73	116	1.0
73	118	3.0
73	129	1.0
74	74	509.0
74	75	21.0
74	76	6.0
74	77	4.0
74	78	5.0
74	79	2.0
74	81	2.0
74	86	3.0
74	87	1.0
74	98	1.0
74	101	2.0
74	102	4.0
74	104	3.0
74	105	4.0
74	106	3.0
74	107	7.0
74	108	5.0
74	117	6.0
74	118	4.0
74	119	3.0
74	125	1.0
74	134	1.0
74	159	1.0
75	75	509.0
75	76	7.0
75	77	9.0
75	78	9.0
75	81	7.0
75	82	5.0
75	86	10.0
75	87	1.0
75	96	1.0
75	99	1.0
75	102	2.0
75	103	2.0
75	105	4.0
75	106	8.0
75	107	7.0
75	117	11.0
75	118	17.0
75	123	1.0
75	169	2.0
76	76	495.0
76	77	6.0
76	86	1.0
76	90	2.0
76	102	3.0
76	104	2.0
76	107	2.0
76	109	2.0
76	116	6.0
76	117	4.0
76	118	5.0
76	119	6.0
76	137	1.0
77	77	444.0
77	78	12.0
77	79	9.0
77	84	2.0
77	85	3.0
77	87	1.0
77	97	3.0
77	100	1.0
77	103	1.0
77	104	1.0
77	105	3.0
77	108	2.0
77	110	1.0
77	117	10.0
77	118	16.0
77	125	1.0
77	133	2.0
77	138	1.0
77	165	1.0
78	78	499.0
78	79	12.0
78	84	1.0
78	86	2.0
78	87	1.0
78	89	1.0
78	96	3.0
78	97	1.0
78	100	7.0
78	104	5.0
78	105	2.0
78	106	10.0
78	107	3.0
78	108	2.0
78	118	2.0
78	119	8.0
78	120	4.0
78	125	1.0
78	126	1.0
78	130	6.0
78	131	4.0
78	132	2.0
78	133	2.0
78	138	1.0
78	157	1.0
79	79	531.0
79	80	18.0
79	83	1.0
79	84	6.0
79	85	3.0
79	86	1.0
79	89	1.0
79	96	1.0
79	100	2.0
79	107	12.0
79	108	6.0
79	119	1.0
79	120	2.0
79	122	6.0
79	130	2.0
79	131	3.0
79	132	1.0
79	135	1.0
79	149	1.0
80	80	513.0
80	81	18.0
80	82	10.0
80	83	1.0
80	84	2.0
80	85	1.0
80	86	1.0
80	90	2.0
80	91	10.0
80	92	2.0
80	96	5.0
80	97	1.0
80	98	8.0
80	99	3.0
80	100	1.0
80	105	1.0
80	107	2.0
80	108	7.0
80	109	9.0
80	113	1.0
80	121	1.0
80	122	1.0
80	131	4.0
80	132	3.0
80	135	1.0
80	136	2.0
80	139	2.0
80	148	5.0
80	149	1.0
80	150	3.0
80	151	3.0
81	81	487.0
81	82	26.0
81	83	16.0
81	84	1.0
81	85	1.0
81	86	2.0
81	91	8.0
81	92	4.0
81	97	1.0
81	98	4.0
81	102	5.0
81	138	2.0
81	140	1.0
81	149	9.0
81	150	9.0
81	151	1.0
81	152	1.0
81	154	1.0
82	82	452.0
82	83	9.0
82	84	11.0
82	86	3.0
82	87	2.0
82	89	3.0
82	90	22.0
82	92	2.0
82	95	1.0
82	96	3.0
82	97	3.0
82	99	3.0
82	101	5.0
82	102	6.0
82	103	4.0
82	106	3.0
82	120	1.0
82	122	1.0
82	127	1.0
82	130	1.0
82	135	1.0
82	146	1.0
82	148	8.0
82	149	2.0
82	150	15.0
82	157	1.0
82	164	1.0
83	83	487.0
83	84	18.0
83	86	4.0
83	87	2.0
83	89	2.0
83	90	3.0
83	92	2.0
83	94	3.0
83	95	2.0
83	96	9.0
83	97	5.0
83	98	1.0
83	99	4.0
83	100	4.0
83	101	5.0
83	102	10.0
83	103	7.0
83	104	5.0
83	106	1.0
83	120	2.0
83	133	1.0
83	138	3.0
83	148	2.0
83	150	15.0
84	84	519.0
84	85	19.0
84	86	12.0
84	87	1.0
84	89	1.0
84	91	1.0
84	93	2.0
84	94	3.0
84	96	2.0
84	100	11.0
84	101	12.0
84	103	5.0
84	104	6.0
84	105	9.0
84	106	1.0
84	115	2.0
84	119	6.0
84	120	10.0
84	123	2.0
84	128	2.0
84	130	21.0
84	131	2.0
84	132	12.0
84	133	3.0
84	139	2.0
84	140	2.0
84	150	8.0
85	85	516.0
85	86	15.0
85	87	10.0
85	89	1.0
85	90	7.0
85	91	1.0
85	92	2.0
85	97	2.0
85	100	3.0
85	101	1.0
85	102	16.0
85	103	7.0
85	104	2.0
85	105	4.0
85	106	8.0
85	107	4.0
85	119	3.0
85	120	18.0
85	130	1.0
85	133	1.0
85	139	1.0
85	144	1.0
85	146	1.0
85	160	1.0
85	162	1.0
86	86	512.0
86	87	5.0
86	90	1.0
86	96	5.0
86	101	3.0
86	102	1.0
86	103	5.0
86	104	3.0
86	105	5.0
86	106	7.0
86	107	10.0
86	119	8.0
86	120	5.0
86	122	2.0
86	126	1.0
86	127	2.0
86	138	1.0
86	150	1.0
87	87	495.0
87	88	23.0
87	89	22.0
87	90	7.0
87	91	2.0
87	94	4.0
87	96	1.0
87	97	4.0
87	98	2.0
87	99	1.0
87	100	10.0
87	101	13.0
87	102	22.0
87	103	16.0
87	104	13.0
87	105	13.0
87	106	18.0
87	108	1.0
87	119	2.0
87	120	2.0
87	128	2.0
87	139	1.0
87	144	1.0
87	149	1.0
87	154	3.0
87	158	3.0
87	161	1.0
87	163	1.0
88	88	532.0
88	89	29.0
88	90	6.0
88	91	3.0
88	92	2.0
88	93	1.0
88	94	13.0
88	95	1.0
88	96	1.0
88	97	3.0
88	98	5.0
88	99	1.0
88	100	10.0
88	101	3.0
88	102	3.0
88	103	4.0
88	104	2.0
88	105	2.0
88	106	6.0
88	107	4.0
88	118	1.0
88	143	1.0
88	144	1.0
88	145	3.0
88	153	6.0
88	154	10.0
88	158	3.0
89	89	534.0
89	90	26.0
89	91	2.0
89	92	3.0
89	93	7.0
89	94	4.0
89	95	5.0
89	98	2.0
89	100	6.0
89	101	6.0
89	102	3.0
89	103	14.0
89	104	6.0
89	105	5.0
89	106	19.0
89	133	1.0
89	142	1.0
89	144	8.0
89	145	7.0
89	150	1.0
89	161	1.0
90	90	598.0
90	91	26.0
90	92	8.0
90	94	3.0
90	95	4.0
90	97	3.0
90	98	6.0
90	99	4.0
90	100	3.0
90	101	1.0
90	102	11.0
90	103	7.0
90	104	6.0
90	106	6.0
90	109	1.0
90	110	2.0
90	114	1.0
90	120	1.0
90	150	1.0
90	151	1.0
90	159	2.0
91	91	583.0
91	92	22.0
91	93	13.0
91	94	6.0
91	95	7.0
91	98	10.0
91	99	8.0
91	100	1.0
91	101	1.0
91	102	6.0
91	103	5.0
91	104	3.0
91	105	2.0
91	112	1.0
91	135	1.0
91	161	2.0
92	92	533.0
92	93	20.0
92	94	18.0
92	95	14.0
92	97	5.0
92	104	7.0
92	145	1.0
92	150	6.0
92	154	1.0
93	93	523.0
93	94	12.0
93	95	14.0
93	96	8.0
93	97	6.0
93	98	3.0
93	100	1.0
93	104	1.0
93	115	1.0
93	152	1.0
93	154	7.0
93	157	1.0
94	94	471.0
94	95	31.0
94	96	9.0
94	97	13.0
94	98	7.0
94	99	1.0
94	100	11.0
94	103	2.0
94	104	4.0
94	108	1.0
94	120	2.0
94	150	1.0
94	154	1.0
95	95	401.0
95	96	19.0
95	97	27.0
95	98	11.0
95	99	4.0
95	100	2.0
95	101	2.0
95	106	1.0
95	154	1.0
95	155	1.0
95	157	1.0
96	96	475.0
96	97	11.0
96	98	4.0
96	99	13.0
96	100	5.0
96	116	1.0
96	130	5.0
96	131	1.0
96	162	1.0
97	97	540.0
97	98	12.0
97	99	13.0
97	100	1.0
97	101	5.0
97	102	10.0
97	103	1.0
98	98	466.0
98	99	55.0
98	100	18.0
98	102	1.0
98	103	1.0
98	110	1.0
98	116	1.0
98	119	2.0
99	99	549.0
99	100	15.0
99	101	14.0
99	102	4.0
99	103	1.0
99	118	1.0
99	126	1.0
99	145	1.0
99	154	1.0
99	171	1.0
100	100	526.0
100	101	25.0
100	102	5.0
100	103	7.0
100	104	3.0
100	105	3.0
100	107	2.0
100	115	1.0
100	130	8.0
100	131	3.0
100	132	3.0
100	133	1.0
100	137	1.0
100	143	1.0
100	145	2.0
100	150	1.0
101	101	485.0
101	102	20.0
101	103	12.0
101	104	4.0
101	105	8.0
101	106	10.0
101	107	4.0
101	132	1.0
101	133	1.0
101	140	1.0
101	156	1.0
101	171	3.0
102	102	473.0
102	103	8.0
102	104	11.0
102	105	13.0
102	106	5.0
102	107	1.0
102	115	1.0
102	132	1.0
102	135	1.0
102	139	1.0
102	158	1.0
103	103	501.0
103	104	23.0
103	105	10.0
103	106	4.0
103	140	3.0
103	143	1.0
103	146	4.0
103	150	1.0
104	104	514.0
104	105	5.0
104	106	4.0
104	116	1.0
104	119	1.0
104	127	1.0
104	130	2.0
104	131	5.0
104	133	6.0
104	138	1.0
104	150	1.0
104	155	1.0
104	158	1.0
104	167	1.0
105	105	574.0
105	106	26.0
105	107	9.0
105	114	2.0
105	117	1.0
105	118	8.0
105	119	2.0
105	120	2.0
105	132	2.0
105	133	2.0
105	137	1.0
105	144	12.0
105	145	12.0
105	146	4.0
105	150	1.0
105	153	1.0
105	160	1.0
105	169	1.0
106	106	542.0
106	107	4.0
106	118	5.0
106	119	5.0
106	122	1.0
106	138	1.0
106	143	2.0
106	144	3.0
106	145	3.0
107	107	547.0
107	108	15.0
107	114	1.0
107	116	8.0
107	117	7.0
107	118	18.0
107	119	21.0
107	120	2.0
107	121	3.0
107	122	1.0
107	131	1.0
107	143	1.0
107	144	9.0
107	145	4.0
107	147	7.0
107	151	1.0
107	152	1.0
107	156	5.0
107	157	8.0
107	158	2.0
107	169	1.0
108	108	586.0
108	109	33.0
108	110	1.0
108	111	1.0
108	112	6.0
108	113	6.0
108	114	4.0
108	115	2.0
108	116	4.0
108	117	12.0
108	118	5.0
108	119	3.0
108	122	1.0
108	136	1.0
108	137	1.0
108	147	3.0
108	151	1.0
108	152	1.0
108	155	4.0
108	156	13.0
108	157	4.0
109	109	555.0
109	110	8.0
109	111	2.0
109	112	3.0
109	114	3.0
109	118	7.0
109	119	1.0
109	130	1.0
109	131	1.0
109	132	1.0
109	133	1.0
109	135	1.0
109	142	1.0
109	148	1.0
109	154	1.0
109	155	1.0
109	156	2.0
109	157	1.0
109	158	1.0
109	160	2.0
109	169	2.0
110	110	533.0
110	111	40.0
110	112	9.0
110	113	3.0
110	114	5.0
110	144	1.0
110	146	1.0
110	154	1.0
110	160	8.0
110	161	5.0
110	167	3.0
110	168	2.0
110	169	9.0
110	170	1.0
111	111	552.0
111	112	24.0
111	113	1.0
111	114	3.0
111	115	7.0
111	125	1.0
111	143	1.0
111	155	1.0
111	156	3.0
111	158	2.0
111	159	6.0
111	160	9.0
111	161	1.0
111	168	11.0
111	169	15.0
112	112	544.0
112	113	21.0
112	114	9.0
112	115	5.0
112	116	2.0
112	121	1.0
112	155	9.0
112	156	9.0
112	157	2.0
112	158	2.0
112	159	2.0
112	160	1.0
112	161	8.0
112	166	4.0
112	167	11.0
112	168	8.0
112	169	13.0
113	113	508.0
113	114	27.0
113	115	10.0
113	116	13.0
113	117	8.0
113	131	1.0
113	141	1.0
113	147	1.0
113	150	1.0
113	152	1.0
113	154	3.0
113	155	7.0
113	156	9.0
113	157	1.0
113	158	10.0
113	159	1.0
113	160	1.0
113	161	13.0
113	165	1.0
113	167	1.0
113	168	1.0
114	114	532.0
114	115	34.0
114	116	14.0
114	131	1.0
114	134	1.0
114	154	1.0
114	155	2.0
114	156	6.0
114	157	1.0
114	158	5.0
114	159	4.0
114	160	5.0
114	161	11.0
114	165	7.0
114	166	3.0
114	167	7.0
114	169	4.0
115	115	525.0
115	116	4.0
115	134	1.0
115	137	4.0
115	138	8.0
115	144	1.0
115	154	1.0
115	156	6.0
115	158	5.0
115	159	10.0
115	160	9.0
115	161	8.0
115	164	6.0
115	165	7.0
115	166	1.0
115	167	5.0
115	169	6.0
116	116	517.0
116	117	4.0
116	119	1.0
116	120	1.0
116	122	1.0
116	157	2.0
116	160	8.0
116	166	4.0
116	167	4.0
116	169	1.0
117	117	501.0
117	118	15.0
117	119	4.0
117	120	10.0
117	121	8.0
117	122	4.0
117	147	6.0
117	152	1.0
117	153	3.0
117	154	1.0
117	157	7.0
117	158	1.0
118	118	537.0
118	119	20.0
118	121	1.0
118	132	1.0
118	143	2.0
118	147	1.0
118	157	5.0
119	119	557.0
119	120	27.0
119	121	4.0
119	122	8.0
119	147	1.0
119	153	1.0
119	156	3.0
119	157	2.0
119	170	1.0
120	120	534.0
120	121	6.0
120	122	15.0
120	125	1.0
120	135	1.0
120	137	1.0
120	140	1.0
120	145	2.0
120	147	2.0
120	148	12.0
120	149	4.0
120	150	1.0
120	153	1.0
120	155	1.0
120	170	2.0
121	121	462.0
121	122	21.0
121	123	6.0
121	129	2.0
121	131	3.0
121	132	3.0
121	135	7.0
121	137	1.0
121	138	1.0
121	140	1.0
121	143	2.0
121	146	6.0
121	147	25.0
121	148	13.0
121	149	4.0
121	152	5.0
121	153	5.0
121	157	1.0
121	158	1.0
121	170	2.0
122	122	519.0
122	123	8.0
122	128	1.0
122	129	1.0
122	132	3.0
122	133	3.0
122	135	14.0
122	136	1.0
122	142	2.0
122	143	1.0
122	147	12.0
122	148	13.0
122	149	4.0
122	150	4.0
122	152	10.0
122	153	1.0
123	123	526.0
123	124	21.0
123	125	5.0
123	128	2.0
123	129	10.0
123	130	3.0
123	131	3.0
123	132	1.0
123	133	2.0
123	135	2.0
123	136	12.0
123	137	9.0
123	138	9.0
123	140	2.0
123	141	1.0
123	142	10.0
123	147	12.0
123	148	6.0
123	149	5.0
123	150	9.0
123	151	13.0
123	152	1.0
123	158	1.0
124	124	523.0
124	125	33.0
124	126	12.0
124	127	2.0
124	128	8.0
124	129	5.0
124	130	3.0
124	131	6.0
124	138	2.0
124	139	10.0
124	140	2.0
124	141	4.0
124	142	8.0
124	151	12.0
124	157	1.0
125	125	539.0
125	126	32.0
125	127	13.0
125	128	2.0
125	129	2.0
125	130	1.0
125	132	3.0
125	134	1.0
125	135	2.0
125	136	1.0
125	138	10.0
125	139	23.0
125	140	4.0
125	141	5.0
125	142	16.0
125	146	5.0
125	147	4.0
125	148	1.0
125	151	2.0
125	169	1.0
126	126	536.0
126	127	23.0
126	130	1.0
126	138	6.0
126	139	2.0
126	140	7.0
126	141	14.0
126	142	7.0
126	143	1.0
126	145	4.0
126	150	1.0
127	127	486.0
127	129	4.0
127	130	2.0
127	135	1.0
127	138	1.0
127	139	10.0
127	140	5.0
127	141	11.0
127	142	6.0
127	145	1.0
127	146	10.0
127	153	1.0
128	128	572.0
128	129	41.0
128	130	9.0
128	132	4.0
128	134	1.0
128	138	1.0
128	140	1.0
129	129	487.0
129	130	27.0
129	131	6.0
129	132	4.0
129	133	1.0
129	136	4.0
129	138	1.0
129	140	3.0
129	141	1.0
129	161	1.0
130	130	531.0
130	131	25.0
130	132	10.0
130	136	7.0
130	137	1.0
130	138	2.0
130	139	9.0
130	152	1.0
131	131	570.0
131	132	25.0
131	133	9.0
131	135	14.0
131	136	14.0
131	137	1.0
131	145	1.0
131	157	1.0
132	132	521.0
132	133	19.0
132	134	1.0
132	135	16.0
132	136	10.0
132	137	4.0
132	138	8.0
132	139	14.0
132	147	1.0
132	148	3.0
132	149	1.0
132	159	1.0
133	133	518.0
133	134	10.0
133	135	9.0
133	136	30.0
133	137	8.0
133	138	3.0
133	139	1.0
133	149	2.0
134	134	561.0
134	135	22.0
134	136	13.0
134	137	6.0
134	138	1.0
135	135	556.0
135	136	35.0
135	137	18.0
135	138	5.0
135	139	5.0
135	148	2.0
135	151	2.0
135	153	1.0
135	163	1.0
135	164	2.0
135	166	1.0
136	136	536.0
136	137	17.0
136	138	7.0
136	139	5.0
136	147	2.0
136	148	1.0
136	153	1.0
136	158	3.0
136	166	3.0
136	167	1.0
136	169	2.0
137	137	523.0
137	138	27.0
137	139	2.0
137	140	8.0
137	141	1.0
137	142	1.0
137	146	26.0
137	147	5.0
137	149	11.0
137	166	7.0
137	170	2.0
138	138	566.0
138	139	10.0
138	140	13.0
138	141	3.0
138	142	1.0
138	143	8.0
138	145	1.0
138	146	15.0
138	147	10.0
138	159	5.0
138	160	2.0
138	166	7.0
138	167	2.0
138	170	1.0
139	139	500.0
139	140	23.0
139	141	24.0
139	142	10.0
139	146	4.0
139	160	1.0
140	140	561.0
140	141	6.0
140	142	5.0
140	143	4.0
140	146	7.0
140	147	8.0
141	141	536.0
141	142	17.0
141	145	2.0
141	146	2.0
141	164	1.0
141	169	1.0
142	142	520.0
142	143	20.0
142	144	1.0
142	145	36.0
142	146	8.0
142	147	6.0
142	148	5.0
142	150	2.0
142	152	1.0
142	158	1.0
143	143	593.0
143	144	23.0
143	145	22.0
143	146	2.0
143	147	13.0
143	148	3.0
143	153	8.0
143	157	14.0
143	158	11.0
144	144	559.0
144	145	39.0
144	146	11.0
144	152	1.0
144	156	1.0
144	157	5.0
144	158	2.0
145	145	583.0
145	146	31.0
146	146	500.0
146	147	12.0
146	149	1.0
146	151	1.0
146	170	1.0
147	147	591.0
147	148	27.0
147	149	16.0
147	150	3.0
147	152	2.0
147	156	1.0
148	148	595.0
148	149	45.0
148	150	13.0
148	151	5.0
148	152	1.0
148	170	5.0
149	149	530.0
149	150	29.0
149	151	21.0
149	152	5.0
149	158	1.0
149	166	2.0
149	170	1.0
150	150	558.0
150	151	13.0
150	152	4.0
150	162	1.0
150	164	1.0
150	169	1.0
151	151	526.0
151	152	20.0
151	153	2.0
151	154	8.0
152	152	557.0
152	153	17.0
152	154	14.0
152	157	2.0
152	158	1.0
153	153	535.0
153	154	25.0
153	155	1.0
153	157	5.0
153	158	4.0
153	161	2.0
154	154	548.0
154	155	11.0
154	156	1.0
154	157	3.0
154	158	1.0
154	166	4.0
155	155	533.0
155	156	10.0
155	157	20.0
155	158	9.0
155	159	5.0
155	160	2.0
155	168	2.0
155	169	1.0
156	156	492.0
156	157	23.0
156	158	7.0
156	159	1.0
156	165	1.0
156	167	1.0
156	169	5.0
157	157	485.0
157	158	7.0
157	168	3.0
158	158	567.0
158	159	29.0
158	160	16.0
158	168	1.0
158	170	5.0
159	159	554.0
159	160	27.0
159	161	7.0
159	162	1.0
159	163	1.0
159	164	2.0
159	165	30.0
159	166	5.0
159	168	1.0
159	169	8.0
159	170	5.0
160	160	555.0
160	161	8.0
160	165	2.0
160	166	2.0
160	167	2.0
160	169	29.0
160	170	5.0
161	161	554.0
161	162	17.0
161	163	3.0
161	164	7.0
161	165	8.0
161	166	3.0
161	167	5.0
161	168	4.0
161	169	2.0
161	170	2.0
162	162	528.0
162	163	16.0
162	164	29.0
162	165	12.0
162	166	2.0
162	167	8.0
162	168	1.0
162	169	1.0
162	170	2.0
163	163	593.0
163	164	34.0
163	165	12.0
163	166	7.0
163	168	3.0
163	169	6.0
163	170	3.0
164	164	579.0
164	165	40.0
164	166	8.0
164	167	8.0
164	168	7.0
164	169	4.0
164	170	1.0
165	165	555.0
165	166	17.0
165	167	9.0
165	168	4.0
165	170	1.0
166	166	621.0
166	167	22.0
166	168	9.0
166	169	1.0
167	167	517.0
167	168	24.0
167	169	3.0
168	168	594.0
168	169	28.0
168	170	7.0
169	169	571.0
169	170	34.0
170	170	562.0
171	171	1.0
172	1	15.0
172	2	13.0
172	3	1.0
172	10	1.0
172	18	1.0
172	19	5.0
172	24	7.0
172	25	5.0
172	27	5.0
172	40	7.0
172	41	17.0
172	42	1.0
172	44	1.0
172	45	2.0
172	141	1.0
172	146	1.0
172	148	1.0
172	168	1.0
172	172	503.0
