1	1	559.0
1	2	26.0
1	8	1.0
1	9	9.0
1	10	10.0
1	16	1.0
1	19	1.0
1	20	1.0
1	22	1.0
2	2	582.0
2	3	29.0
2	5	5.0
2	8	2.0
2	9	4.0
2	10	3.0
2	12	2.0
2	13	4.0
2	15	1.0
2	17	1.0
2	44	1.0
2	52	1.0
3	3	554.0
3	4	12.0
3	5	13.0
3	6	3.0
3	7	1.0
3	9	13.0
3	11	4.0
3	12	7.0
3	13	2.0
3	16	3.0
3	17	1.0
3	18	8.0
3	19	2.0
3	41	1.0
3	45	6.0
3	46	4.0
3	47	3.0
3	48	1.0
3	55	1.0
3	56	1.0
4	4	536.0
4	5	25.0
4	6	3.0
4	7	1.0
4	10	1.0
4	11	1.0
4	13	4.0
4	16	2.0
4	17	3.0
4	18	4.0
4	19	21.0
4	34	1.0
4	40	1.0
4	41	7.0
4	43	2.0
4	45	2.0
4	46	3.0
4	48	7.0
4	49	9.0
4	50	1.0
4	51	6.0
4	56	1.0
5	5	527.0
5	6	49.0
5	7	1.0
5	8	1.0
5	9	4.0
5	11	1.0
5	12	5.0
5	13	3.0
5	14	4.0
5	16	4.0
5	17	10.0
5	18	1.0
5	19	17.0
5	33	1.0
5	40	4.0
5	41	2.0
5	42	1.0
5	45	2.0
5	46	1.0
5	51	5.0
5	56	3.0
6	6	495.0
6	7	10.0
6	8	9.0
6	9	5.0
6	11	1.0
6	12	5.0
6	13	3.0
6	16	3.0
6	17	2.0
6	19	5.0
6	38	1.0
6	39	1.0
6	46	3.0
6	47	2.0
6	48	8.0
6	49	2.0
7	7	457.0
7	8	13.0
7	9	5.0
7	10	2.0
7	11	4.0
7	13	3.0
7	16	1.0
7	19	3.0
7	20	12.0
7	22	1.0
7	23	2.0
7	32	1.0
7	46	10.0
8	8	521.0
8	9	12.0
8	10	2.0
8	11	8.0
8	12	7.0
8	15	2.0
8	17	1.0
8	19	5.0
8	20	13.0
8	22	1.0
8	23	2.0
8	24	2.0
8	40	1.0
8	45	1.0
8	46	1.0
8	47	2.0
8	48	4.0
8	58	1.0
9	9	505.0
9	10	11.0
9	11	20.0
9	12	26.0
9	20	8.0
9	21	2.0
9	22	4.0
9	23	14.0
9	24	2.0
9	27	1.0
9	28	2.0
9	33	1.0
9	45	1.0
9	48	5.0
9	49	1.0
9	57	2.0
10	10	575.0
10	11	18.0
10	12	1.0
10	18	1.0
10	20	3.0
10	21	2.0
10	22	5.0
10	27	1.0
10	28	8.0
10	29	1.0
10	31	1.0
10	34	2.0
10	36	1.0
10	38	1.0
10	39	1.0
10	46	1.0
10	53	2.0
11	11	600.0
11	12	26.0
11	13	2.0
11	20	9.0
11	21	1.0
11	22	3.0
11	23	3.0
12	12	504.0
12	13	7.0
12	19	2.0
12	20	8.0
12	21	2.0
12	22	3.0
12	23	9.0
12	24	8.0
12	28	1.0
12	43	1.0
12	45	1.0
12	47	3.0
12	49	1.0
13	13	565.0
13	14	14.0
13	15	5.0
13	16	23.0
13	17	13.0
13	18	7.0
13	19	5.0
13	20	1.0
13	21	18.0
13	22	8.0
13	23	2.0
13	24	1.0
13	27	5.0
13	28	17.0
13	29	5.0
13	31	1.0
13	32	2.0
13	34	1.0
13	35	1.0
13	55	3.0
14	14	496.0
14	15	30.0
14	16	9.0
14	17	15.0
14	18	11.0
14	19	12.0
14	21	5.0
14	23	1.0
14	28	1.0
14	29	2.0
14	35	4.0
14	38	4.0
14	39	5.0
14	40	2.0
14	42	1.0
14	47	1.0
14	51	1.0
14	53	1.0
14	54	1.0
14	56	1.0
15	15	548.0
15	16	20.0
15	17	21.0
15	18	12.0
15	19	3.0
15	34	1.0
15	35	1.0
15	38	8.0
15	39	18.0
15	40	2.0
15	46	1.0
15	51	2.0
15	54	1.0
16	16	563.0
16	17	31.0
16	18	26.0
16	19	12.0
16	28	1.0
16	34	1.0
16	39	5.0
16	48	1.0
17	17	534.0
17	18	30.0
17	21	1.0
17	38	2.0
17	39	4.0
17	45	1.0
17	51	3.0
17	53	1.0
17	56	2.0
18	18	561.0
18	19	6.0
18	31	1.0
18	38	1.0
18	46	1.0
18	48	1.0
18	53	1.0
19	19	554.0
19	20	13.0
19	22	1.0
19	23	2.0
19	28	1.0
19	30	1.0
19	34	1.0
19	38	1.0
19	39	6.0
19	40	1.0
19	45	1.0
19	55	2.0
19	58	1.0
20	20	389.0
20	21	22.0
20	22	17.0
20	23	2.0
20	24	7.0
20	34	1.0
20	39	1.0
20	54	1.0
21	21	471.0
21	22	15.0
21	23	9.0
21	24	5.0
21	27	1.0
21	28	1.0
21	29	4.0
21	30	3.0
21	34	1.0
21	35	1.0
21	38	1.0
21	41	1.0
21	42	1.0
22	22	456.0
22	23	18.0
22	24	13.0
22	27	4.0
22	28	4.0
22	38	1.0
23	23	426.0
23	24	11.0
23	27	1.0
23	28	11.0
23	31	1.0
23	32	2.0
23	43	1.0
24	24	305.0
24	27	12.0
24	28	2.0
27	27	563.0
27	28	11.0
27	29	1.0
27	34	2.0
27	37	2.0
27	42	1.0
27	58	1.0
28	28	515.0
28	29	3.0
28	31	15.0
28	32	9.0
28	33	2.0
28	34	9.0
28	35	2.0
28	37	1.0
28	42	1.0
28	51	1.0
28	53	6.0
28	55	2.0
29	29	582.0
29	30	13.0
29	31	9.0
29	32	4.0
29	33	6.0
29	34	12.0
29	35	3.0
29	46	2.0
29	53	7.0
29	54	3.0
29	55	4.0
29	56	2.0
29	58	1.0
30	30	568.0
30	31	17.0
30	32	12.0
30	33	17.0
30	34	6.0
30	35	10.0
30	36	5.0
30	37	4.0
30	38	2.0
30	40	1.0
30	52	3.0
30	53	3.0
30	56	15.0
30	57	1.0
31	31	582.0
31	32	60.0
31	33	23.0
31	34	15.0
31	35	11.0
31	53	1.0
31	55	2.0
31	56	2.0
32	32	555.0
32	33	43.0
32	34	11.0
32	35	4.0
32	41	1.0
32	54	1.0
33	33	516.0
33	34	41.0
33	35	14.0
33	36	10.0
33	41	1.0
33	45	1.0
33	56	2.0
34	34	548.0
34	35	2.0
34	36	4.0
34	37	1.0
34	48	1.0
34	53	1.0
34	56	2.0
34	57	1.0
35	35	544.0
35	36	10.0
35	37	4.0
35	42	5.0
35	46	2.0
35	53	6.0
35	54	24.0
35	55	9.0
35	56	2.0
35	58	4.0
36	36	531.0
36	45	1.0
36	53	3.0
36	56	4.0
36	57	1.0
37	37	478.0
37	38	19.0
37	39	2.0
37	44	20.0
37	45	9.0
37	52	10.0
37	53	9.0
37	54	3.0
37	55	2.0
37	56	10.0
37	57	31.0
37	58	16.0
38	38	508.0
38	39	29.0
38	40	1.0
38	44	7.0
38	52	14.0
38	53	15.0
38	54	2.0
38	56	9.0
38	57	17.0
38	58	13.0
39	39	567.0
39	40	5.0
39	42	1.0
39	43	1.0
39	44	7.0
39	51	1.0
39	52	4.0
39	57	6.0
39	58	10.0
40	40	488.0
40	41	30.0
40	42	14.0
40	43	5.0
40	44	6.0
40	46	3.0
40	47	4.0
40	48	3.0
40	49	10.0
40	50	1.0
40	51	10.0
40	52	2.0
40	56	4.0
41	41	519.0
41	42	13.0
41	43	4.0
41	44	4.0
41	45	1.0
41	46	10.0
41	47	3.0
41	48	13.0
41	49	11.0
41	50	8.0
41	51	14.0
41	52	6.0
41	56	3.0
41	57	1.0
42	42	612.0
42	43	43.0
42	44	3.0
42	48	7.0
42	49	6.0
42	50	11.0
42	51	9.0
42	52	4.0
42	56	6.0
42	57	1.0
43	43	425.0
43	44	20.0
43	45	2.0
43	46	2.0
43	48	2.0
43	50	2.0
43	51	7.0
43	52	7.0
43	56	23.0
43	58	8.0
44	44	518.0
44	48	4.0
44	50	7.0
44	51	9.0
44	52	19.0
44	53	1.0
44	55	2.0
44	56	10.0
44	57	3.0
44	58	12.0
45	45	579.0
45	46	8.0
45	47	9.0
45	48	13.0
45	49	4.0
45	50	2.0
45	51	8.0
45	52	14.0
45	53	1.0
45	54	4.0
45	55	9.0
45	56	2.0
46	46	534.0
46	47	34.0
46	48	8.0
46	49	2.0
46	51	1.0
47	47	599.0
47	48	5.0
47	49	1.0
48	48	460.0
48	49	8.0
48	50	1.0
48	51	6.0
48	53	1.0
48	54	1.0
48	55	5.0
48	56	1.0
49	49	575.0
49	50	28.0
49	51	10.0
50	50	520.0
50	51	4.0
50	52	1.0
50	56	3.0
51	51	556.0
51	52	23.0
51	55	3.0
51	56	2.0
51	58	1.0
52	52	523.0
52	53	11.0
52	55	6.0
52	56	26.0
52	57	4.0
52	58	7.0
53	53	481.0
53	54	22.0
53	55	4.0
53	56	7.0
53	57	5.0
53	58	19.0
54	54	483.0
54	55	26.0
54	56	7.0
54	58	1.0
55	55	466.0
55	56	18.0
55	58	3.0
56	56	508.0
56	57	9.0
56	58	8.0
56	59	2.0
57	57	535.0
57	58	23.0
57	59	1.0
58	58	566.0
58	59	2.0
59	59	58.0
60	1	7.0
60	17	1.0
60	23	1.0
60	28	1.0
60	29	1.0
60	44	1.0
60	60	396.0
