1	1	184.0
1	2	1.0
1	16	1.0
1	33	1.0
1	50	1.0
1	61	1.0
1	74	1.0
1	173	1.0
1	181	2.0
2	1	2.0
2	2	186.0
2	3	3.0
2	4	2.0
2	8	1.0
2	10	3.0
2	12	1.0
2	13	2.0
2	14	2.0
2	17	4.0
2	20	2.0
2	24	1.0
2	25	2.0
2	49	1.0
2	50	1.0
2	51	1.0
2	58	3.0
3	1	2.0
3	2	7.0
3	3	197.0
3	4	1.0
3	11	1.0
3	19	1.0
3	20	2.0
3	21	1.0
3	22	1.0
3	45	2.0
3	118	1.0
4	1	1.0
4	3	1.0
4	4	217.0
4	5	1.0
4	14	1.0
4	20	1.0
4	22	3.0
4	23	4.0
4	45	3.0
4	49	3.0
4	50	1.0
4	51	1.0
4	56	1.0
4	61	1.0
5	5	195.0
5	7	1.0
5	12	1.0
5	13	2.0
5	27	2.0
5	29	1.0
5	50	1.0
5	51	1.0
5	52	1.0
5	102	1.0
5	137	1.0
6	5	3.0
6	6	205.0
6	7	5.0
6	17	1.0
6	27	1.0
6	31	3.0
6	32	1.0
6	61	1.0
6	73	1.0
6	111	1.0
6	137	1.0
7	2	1.0
7	5	1.0
7	6	2.0
7	7	193.0
7	8	4.0
7	9	2.0
7	14	1.0
7	15	2.0
7	24	4.0
7	35	1.0
7	36	1.0
7	52	1.0
7	56	1.0
7	68	1.0
7	134	1.0
7	151	1.0
8	7	1.0
8	8	194.0
8	9	1.0
8	26	1.0
8	27	1.0
8	35	2.0
8	37	4.0
8	54	1.0
8	56	1.0
8	58	1.0
8	65	2.0
8	72	1.0
9	4	1.0
9	5	1.0
9	8	5.0
9	9	193.0
9	10	7.0
9	14	1.0
9	15	3.0
9	21	1.0
9	24	1.0
9	30	2.0
9	31	1.0
9	37	1.0
9	58	1.0
9	65	1.0
9	66	1.0
9	69	1.0
10	2	2.0
10	8	4.0
10	9	1.0
10	10	182.0
10	13	1.0
10	14	1.0
10	26	1.0
10	49	3.0
10	60	1.0
11	5	1.0
11	10	1.0
11	11	205.0
11	14	1.0
11	27	1.0
11	28	1.0
11	49	1.0
11	57	1.0
11	63	1.0
11	68	1.0
11	69	1.0
11	79	1.0
12	2	4.0
12	11	2.0
12	12	162.0
12	13	3.0
12	14	1.0
12	16	1.0
12	17	1.0
12	26	2.0
12	27	1.0
12	28	2.0
12	33	3.0
12	34	1.0
12	41	1.0
12	63	1.0
12	101	3.0
12	167	1.0
13	2	1.0
13	4	1.0
13	12	5.0
13	13	205.0
13	25	1.0
13	26	1.0
13	28	2.0
13	31	1.0
13	37	2.0
13	41	1.0
14	7	1.0
14	8	1.0
14	9	5.0
14	10	1.0
14	11	1.0
14	12	1.0
14	14	203.0
14	15	1.0
14	24	5.0
14	25	1.0
14	26	2.0
14	59	1.0
14	62	1.0
14	77	3.0
14	90	2.0
15	9	1.0
15	10	1.0
15	12	1.0
15	14	2.0
15	15	210.0
15	16	1.0
15	18	2.0
15	24	1.0
15	36	1.0
15	40	1.0
15	41	1.0
15	60	1.0
15	61	1.0
15	63	1.0
15	65	1.0
15	181	1.0
16	3	1.0
16	16	212.0
16	17	2.0
16	18	2.0
16	20	4.0
16	21	1.0
16	24	2.0
16	31	1.0
16	64	1.0
16	65	3.0
16	73	2.0
16	172	1.0
17	13	1.0
17	16	1.0
17	17	157.0
17	18	2.0
17	20	1.0
17	25	2.0
17	33	1.0
17	37	1.0
17	62	1.0
17	63	2.0
17	64	1.0
17	86	1.0
17	101	1.0
18	12	1.0
18	16	1.0
18	17	2.0
18	18	183.0
18	19	2.0
18	92	1.0
18	101	1.0
19	12	1.0
19	16	1.0
19	18	1.0
19	19	198.0
19	20	1.0
19	29	1.0
19	30	1.0
19	41	2.0
19	61	1.0
19	99	2.0
20	3	1.0
20	17	1.0
20	19	2.0
20	20	158.0
20	21	2.0
20	24	1.0
20	27	1.0
20	29	1.0
20	32	1.0
20	34	3.0
20	37	1.0
21	4	2.0
21	16	1.0
21	19	1.0
21	20	4.0
21	21	163.0
21	23	1.0
21	27	1.0
21	37	1.0
21	61	1.0
21	170	1.0
22	4	1.0
22	15	2.0
22	21	2.0
22	22	184.0
22	23	1.0
22	24	1.0
23	4	2.0
23	21	1.0
23	22	1.0
23	23	217.0
23	24	1.0
23	27	1.0
24	8	2.0
24	9	1.0
24	24	187.0
24	29	1.0
24	30	1.0
24	60	1.0
25	3	1.0
25	15	1.0
25	16	1.0
25	17	2.0
25	18	2.0
25	19	1.0
25	20	2.0
25	24	2.0
25	25	187.0
25	26	2.0
25	30	1.0
25	44	2.0
25	45	1.0
25	59	4.0
26	9	1.0
26	11	1.0
26	12	1.0
26	24	1.0
26	25	1.0
26	26	194.0
26	27	3.0
26	28	1.0
26	42	1.0
26	43	1.0
26	44	1.0
26	58	1.0
26	59	3.0
27	9	1.0
27	14	1.0
27	26	1.0
27	27	194.0
27	28	2.0
27	29	4.0
27	166	1.0
28	10	2.0
28	12	1.0
28	13	3.0
28	26	4.0
28	27	1.0
28	28	157.0
28	29	1.0
28	40	1.0
29	18	2.0
29	19	1.0
29	20	1.0
29	21	3.0
29	29	171.0
29	30	2.0
29	37	1.0
29	38	2.0
29	41	2.0
29	55	1.0
29	62	1.0
30	12	1.0
30	13	1.0
30	14	2.0
30	15	1.0
30	29	3.0
30	30	205.0
30	31	5.0
30	34	1.0
30	61	2.0
30	62	2.0
30	63	1.0
30	66	1.0
31	6	2.0
31	11	1.0
31	13	1.0
31	29	1.0
31	30	2.0
31	31	184.0
31	32	1.0
31	36	1.0
31	67	2.0
32	17	1.0
32	18	1.0
32	31	4.0
32	32	175.0
32	34	1.0
32	35	1.0
32	54	2.0
32	74	1.0
32	75	3.0
32	90	1.0
32	92	1.0
32	102	2.0
32	134	1.0
32	176	1.0
33	1	1.0
33	12	1.0
33	13	2.0
33	32	2.0
33	33	191.0
33	34	1.0
33	35	2.0
33	42	3.0
33	44	1.0
33	50	1.0
33	60	1.0
33	62	1.0
33	74	1.0
33	89	2.0
33	93	2.0
33	102	1.0
33	103	2.0
33	162	1.0
34	6	1.0
34	21	1.0
34	30	1.0
34	32	1.0
34	33	1.0
34	34	162.0
34	35	1.0
34	45	3.0
34	51	3.0
34	55	2.0
34	56	2.0
34	57	1.0
34	101	2.0
34	102	1.0
35	7	1.0
35	12	3.0
35	33	3.0
35	34	2.0
35	35	212.0
35	42	1.0
35	45	1.0
35	55	2.0
35	67	1.0
35	72	1.0
36	11	1.0
36	12	2.0
36	13	1.0
36	15	1.0
36	33	2.0
36	36	205.0
36	39	2.0
36	42	2.0
36	52	2.0
36	65	1.0
36	66	1.0
36	72	1.0
36	89	1.0
36	158	2.0
36	159	1.0
37	8	2.0
37	15	1.0
37	17	1.0
37	20	1.0
37	21	3.0
37	26	1.0
37	27	1.0
37	29	1.0
37	37	191.0
37	38	3.0
37	39	2.0
37	41	1.0
37	65	1.0
37	131	1.0
38	18	1.0
38	21	1.0
38	25	1.0
38	29	3.0
38	38	210.0
38	39	2.0
38	40	1.0
39	20	1.0
39	36	1.0
39	39	187.0
39	40	4.0
39	41	3.0
39	160	1.0
40	18	1.0
40	19	2.0
40	20	2.0
40	38	1.0
40	39	5.0
40	40	182.0
40	59	1.0
40	65	1.0
41	9	1.0
41	36	1.0
41	39	4.0
41	41	181.0
41	42	4.0
41	43	1.0
41	44	1.0
41	60	1.0
41	61	1.0
41	62	1.0
41	63	1.0
41	100	1.0
41	110	1.0
41	129	1.0
41	143	1.0
41	160	2.0
42	15	1.0
42	36	1.0
42	41	2.0
42	42	177.0
42	43	4.0
42	44	1.0
42	58	1.0
42	60	2.0
42	61	2.0
42	162	2.0
43	23	1.0
43	33	2.0
43	34	3.0
43	35	1.0
43	41	1.0
43	42	3.0
43	43	166.0
43	44	1.0
43	58	1.0
43	156	2.0
44	24	1.0
44	25	2.0
44	26	1.0
44	33	2.0
44	35	1.0
44	41	1.0
44	44	189.0
44	57	2.0
44	58	1.0
44	59	1.0
44	66	1.0
45	26	1.0
45	34	1.0
45	44	1.0
45	45	181.0
45	46	2.0
45	54	1.0
45	56	2.0
45	57	1.0
45	58	2.0
45	59	2.0
45	147	1.0
45	153	2.0
45	154	1.0
45	159	1.0
46	46	97.0
46	49	1.0
46	63	1.0
46	154	1.0
46	158	1.0
49	9	1.0
49	10	2.0
49	45	1.0
49	49	83.0
49	50	2.0
49	57	1.0
49	170	1.0
50	2	1.0
50	4	2.0
50	5	2.0
50	45	1.0
50	50	210.0
50	51	4.0
50	101	2.0
50	119	1.0
50	144	1.0
50	172	1.0
51	6	1.0
51	7	1.0
51	28	1.0
51	31	1.0
51	34	2.0
51	50	2.0
51	51	187.0
51	52	1.0
51	142	1.0
51	149	1.0
51	174	2.0
52	1	1.0
52	41	1.0
52	51	1.0
52	52	215.0
52	53	2.0
52	55	3.0
52	83	2.0
52	84	1.0
52	99	1.0
52	120	1.0
52	122	1.0
52	135	1.0
52	171	1.0
52	174	1.0
53	53	213.0
53	85	1.0
53	134	1.0
53	135	1.0
53	149	1.0
53	172	1.0
54	53	2.0
54	54	195.0
54	55	1.0
54	57	1.0
54	134	4.0
54	173	1.0
55	7	1.0
55	15	1.0
55	18	1.0
55	29	1.0
55	32	1.0
55	34	2.0
55	55	211.0
55	56	1.0
55	137	1.0
56	4	1.0
56	32	1.0
56	34	2.0
56	35	2.0
56	51	1.0
56	54	1.0
56	55	2.0
56	56	209.0
56	57	6.0
56	59	1.0
57	34	1.0
57	44	1.0
57	45	2.0
57	53	1.0
57	56	3.0
57	57	213.0
57	58	3.0
57	97	1.0
57	135	1.0
57	153	1.0
57	155	1.0
57	156	1.0
58	3	1.0
58	4	1.0
58	10	1.0
58	11	2.0
58	26	2.0
58	41	2.0
58	42	1.0
58	43	1.0
58	54	1.0
58	55	1.0
58	57	1.0
58	58	181.0
58	59	1.0
58	60	2.0
58	155	2.0
58	157	1.0
58	161	2.0
58	162	3.0
59	11	1.0
59	25	2.0
59	26	3.0
59	42	1.0
59	43	4.0
59	44	2.0
59	45	1.0
59	58	4.0
59	59	220.0
59	60	3.0
59	61	1.0
59	62	1.0
59	154	1.0
59	161	1.0
59	163	2.0
60	23	1.0
60	26	1.0
60	41	2.0
60	42	1.0
60	44	1.0
60	58	2.0
60	59	3.0
60	60	163.0
60	61	3.0
60	67	1.0
60	143	1.0
60	161	1.0
61	7	1.0
61	16	1.0
61	30	1.0
61	37	2.0
61	41	1.0
61	42	3.0
61	45	1.0
61	58	1.0
61	59	1.0
61	60	2.0
61	61	179.0
61	62	4.0
61	65	1.0
61	66	2.0
61	159	1.0
62	6	1.0
62	11	1.0
62	12	3.0
62	14	2.0
62	16	1.0
62	17	1.0
62	18	1.0
62	19	2.0
62	30	2.0
62	31	1.0
62	33	1.0
62	59	2.0
62	62	195.0
62	63	1.0
62	159	2.0
62	163	2.0
63	12	1.0
63	13	1.0
63	19	4.0
63	30	1.0
63	38	1.0
63	59	1.0
63	60	1.0
63	63	189.0
63	64	3.0
63	99	2.0
63	115	1.0
63	152	2.0
63	163	1.0
63	178	1.0
64	17	1.0
64	18	1.0
64	25	1.0
64	38	1.0
64	64	188.0
64	65	1.0
64	86	1.0
64	108	1.0
64	131	1.0
64	157	1.0
64	158	1.0
64	176	1.0
65	12	1.0
65	16	2.0
65	30	1.0
65	36	1.0
65	37	2.0
65	41	1.0
65	59	1.0
65	63	1.0
65	64	1.0
65	65	158.0
65	66	4.0
65	67	2.0
65	68	1.0
65	158	1.0
65	162	1.0
65	174	1.0
65	178	1.0
66	30	1.0
66	31	2.0
66	33	1.0
66	36	2.0
66	37	1.0
66	59	1.0
66	61	2.0
66	63	1.0
66	65	3.0
66	66	184.0
66	67	9.0
66	68	3.0
66	73	1.0
66	175	1.0
67	11	1.0
67	16	1.0
67	65	1.0
67	66	2.0
67	67	196.0
67	68	1.0
67	73	1.0
67	75	1.0
67	134	1.0
68	11	2.0
68	66	1.0
68	67	1.0
68	68	148.0
68	168	1.0
69	69	2.0
70	8	1.0
70	22	1.0
70	68	2.0
70	70	57.0
70	83	1.0
70	147	1.0
70	173	1.0
71	9	1.0
71	68	3.0
71	70	1.0
71	71	197.0
71	72	4.0
71	81	1.0
71	86	3.0
72	7	1.0
72	36	1.0
72	68	1.0
72	70	1.0
72	71	3.0
72	72	176.0
72	73	2.0
72	78	1.0
72	141	2.0
72	146	1.0
72	147	3.0
72	179	1.0
73	16	1.0
73	67	1.0
73	72	1.0
73	73	204.0
73	76	1.0
73	90	1.0
73	119	2.0
73	128	1.0
73	129	2.0
73	150	1.0
74	73	2.0
74	74	190.0
74	75	5.0
74	77	2.0
74	79	1.0
74	80	1.0
74	89	1.0
74	93	1.0
75	14	1.0
75	68	2.0
75	74	4.0
75	75	204.0
75	76	2.0
75	81	1.0
75	126	1.0
75	147	1.0
75	148	2.0
75	176	1.0
76	16	1.0
76	29	1.0
76	61	1.0
76	64	1.0
76	74	4.0
76	75	1.0
76	76	197.0
76	77	2.0
76	78	2.0
76	79	1.0
76	160	1.0
77	74	1.0
77	75	1.0
77	76	4.0
77	77	223.0
77	78	4.0
77	79	1.0
77	81	1.0
77	83	2.0
77	86	1.0
77	90	2.0
77	98	1.0
77	164	1.0
77	176	2.0
78	68	1.0
78	74	1.0
78	75	1.0
78	78	200.0
78	81	1.0
78	105	1.0
78	114	1.0
78	148	1.0
79	78	1.0
79	79	202.0
79	80	3.0
79	81	1.0
79	83	1.0
79	84	2.0
79	90	2.0
79	96	1.0
79	114	2.0
79	151	1.0
79	159	1.0
79	162	1.0
79	163	1.0
80	72	1.0
80	80	154.0
80	81	3.0
80	83	2.0
80	84	1.0
80	85	1.0
80	86	1.0
80	132	1.0
80	147	1.0
81	80	2.0
81	81	205.0
81	84	2.0
81	86	1.0
81	87	1.0
81	90	1.0
81	91	3.0
81	137	1.0
81	158	1.0
82	81	2.0
82	82	178.0
82	83	1.0
82	91	1.0
83	52	1.0
83	71	1.0
83	77	1.0
83	82	1.0
83	83	195.0
83	84	8.0
83	86	1.0
83	114	2.0
83	133	1.0
83	138	1.0
84	53	1.0
84	77	1.0
84	80	1.0
84	81	3.0
84	83	5.0
84	84	160.0
84	85	6.0
84	86	3.0
84	88	1.0
84	90	1.0
84	113	1.0
84	114	1.0
84	159	1.0
84	161	1.0
84	162	4.0
84	167	1.0
85	52	1.0
85	53	1.0
85	80	2.0
85	81	1.0
85	83	1.0
85	84	4.0
85	85	196.0
85	86	1.0
85	88	1.0
85	90	1.0
85	91	2.0
85	99	1.0
85	162	1.0
86	17	2.0
86	52	1.0
86	64	1.0
86	83	3.0
86	85	1.0
86	86	191.0
86	88	1.0
86	89	1.0
86	90	3.0
86	98	1.0
87	78	1.0
87	79	1.0
87	81	2.0
87	82	1.0
87	84	1.0
87	87	185.0
87	88	1.0
87	89	1.0
87	91	1.0
87	108	1.0
87	114	2.0
87	162	2.0
87	164	1.0
88	77	1.0
88	82	1.0
88	85	1.0
88	86	2.0
88	87	2.0
88	88	192.0
88	89	1.0
88	90	2.0
88	91	1.0
88	92	1.0
88	113	2.0
88	162	3.0
88	163	2.0
88	164	2.0
89	34	1.0
89	78	1.0
89	86	5.0
89	88	4.0
89	89	191.0
89	90	5.0
89	91	2.0
89	92	2.0
89	94	1.0
89	99	1.0
89	104	1.0
89	106	1.0
89	113	2.0
89	118	1.0
89	164	1.0
90	33	1.0
90	77	1.0
90	79	1.0
90	86	2.0
90	88	2.0
90	89	1.0
90	90	196.0
90	91	1.0
90	92	1.0
90	94	1.0
90	98	2.0
90	99	1.0
90	142	1.0
90	166	2.0
91	81	1.0
91	87	4.0
91	88	1.0
91	91	160.0
91	92	6.0
91	93	4.0
91	103	1.0
91	104	1.0
91	106	1.0
91	109	1.0
91	163	2.0
91	165	1.0
91	166	2.0
92	75	1.0
92	90	1.0
92	91	2.0
92	92	179.0
92	93	3.0
92	94	1.0
92	102	3.0
92	164	1.0
93	14	1.0
93	32	1.0
93	33	1.0
93	75	1.0
93	77	1.0
93	91	3.0
93	92	3.0
93	93	190.0
93	94	1.0
93	95	1.0
93	101	1.0
93	163	1.0
94	73	1.0
94	89	1.0
94	91	1.0
94	92	1.0
94	93	2.0
94	94	202.0
94	95	3.0
94	96	1.0
94	97	1.0
94	114	1.0
94	116	1.0
94	117	1.0
94	158	1.0
95	78	1.0
95	94	3.0
95	95	214.0
95	96	4.0
95	97	1.0
95	116	2.0
96	78	1.0
96	94	1.0
96	95	1.0
96	96	207.0
96	97	3.0
96	107	1.0
96	112	3.0
96	113	1.0
96	114	1.0
96	115	1.0
96	157	1.0
97	83	3.0
97	92	2.0
97	93	1.0
97	94	5.0
97	96	2.0
97	97	180.0
97	99	1.0
97	112	1.0
97	114	3.0
97	115	1.0
97	118	2.0
97	158	1.0
97	174	1.0
98	17	1.0
98	37	1.0
98	77	1.0
98	86	3.0
98	89	1.0
98	97	2.0
98	98	166.0
98	99	1.0
98	118	1.0
98	142	2.0
98	143	1.0
98	144	2.0
98	145	1.0
99	12	1.0
99	17	2.0
99	33	1.0
99	52	1.0
99	64	3.0
99	83	1.0
99	86	1.0
99	90	5.0
99	92	2.0
99	94	1.0
99	98	1.0
99	99	154.0
99	100	5.0
99	118	1.0
100	19	1.0
100	29	1.0
100	64	1.0
100	94	1.0
100	99	3.0
100	100	201.0
100	118	1.0
100	143	2.0
101	5	1.0
101	12	5.0
101	50	2.0
101	62	1.0
101	94	1.0
101	100	1.0
101	101	179.0
101	102	1.0
101	103	2.0
101	104	2.0
101	112	1.0
101	113	2.0
101	117	1.0
101	143	2.0
101	175	1.0
102	5	1.0
102	33	1.0
102	50	2.0
102	100	1.0
102	101	1.0
102	102	185.0
102	104	1.0
102	106	3.0
102	107	2.0
102	111	1.0
102	123	1.0
102	128	1.0
102	155	1.0
102	170	2.0
103	34	1.0
103	92	2.0
103	102	4.0
103	103	191.0
103	105	2.0
103	121	2.0
103	125	1.0
103	169	1.0
103	175	1.0
104	103	4.0
104	104	196.0
104	105	5.0
104	106	1.0
104	113	1.0
104	120	4.0
104	121	3.0
104	151	1.0
104	165	2.0
104	167	2.0
104	168	1.0
104	169	1.0
105	58	1.0
105	89	1.0
105	103	2.0
105	104	4.0
105	105	168.0
105	107	2.0
105	110	1.0
105	120	1.0
105	121	1.0
105	125	1.0
105	132	1.0
105	164	2.0
105	168	1.0
106	103	2.0
106	104	2.0
106	105	5.0
106	106	208.0
106	107	2.0
106	108	3.0
106	109	1.0
106	123	1.0
106	125	1.0
106	164	1.0
106	167	1.0
107	1	1.0
107	33	1.0
107	34	2.0
107	94	1.0
107	96	1.0
107	106	1.0
107	107	195.0
107	109	2.0
107	112	2.0
107	150	1.0
107	163	2.0
108	23	1.0
108	106	2.0
108	107	2.0
108	108	192.0
108	109	2.0
108	168	1.0
108	170	1.0
109	105	2.0
109	106	1.0
109	107	1.0
109	108	2.0
109	109	204.0
109	110	1.0
109	120	3.0
109	126	1.0
109	139	1.0
109	142	2.0
109	144	1.0
110	38	1.0
110	101	1.0
110	107	3.0
110	109	1.0
110	110	184.0
110	113	3.0
110	117	1.0
110	124	1.0
110	125	1.0
111	99	1.0
111	101	3.0
111	102	1.0
111	107	2.0
111	109	1.0
111	110	4.0
111	111	200.0
111	112	4.0
111	113	1.0
111	114	1.0
111	118	1.0
111	120	1.0
111	125	1.0
111	129	1.0
111	146	1.0
111	149	1.0
111	170	1.0
111	173	1.0
111	174	1.0
111	179	1.0
112	34	1.0
112	89	1.0
112	101	1.0
112	103	1.0
112	107	2.0
112	110	1.0
112	111	1.0
112	112	218.0
112	114	1.0
112	150	1.0
112	157	1.0
112	167	1.0
112	169	1.0
112	174	1.0
113	55	1.0
113	88	1.0
113	89	2.0
113	101	3.0
113	102	1.0
113	105	2.0
113	107	1.0
113	110	1.0
113	113	182.0
113	114	1.0
113	117	2.0
113	151	2.0
113	164	1.0
114	78	1.0
114	80	1.0
114	87	1.0
114	94	1.0
114	97	4.0
114	98	1.0
114	102	2.0
114	111	1.0
114	113	4.0
114	114	181.0
114	115	3.0
114	116	1.0
114	118	1.0
114	158	1.0
114	174	1.0
115	87	1.0
115	93	1.0
115	96	1.0
115	97	2.0
115	101	1.0
115	112	1.0
115	114	2.0
115	115	210.0
115	116	3.0
115	166	1.0
116	37	1.0
116	94	5.0
116	95	3.0
116	111	1.0
116	115	6.0
116	116	203.0
116	117	2.0
116	126	1.0
116	136	1.0
116	145	1.0
117	94	1.0
117	97	1.0
117	100	2.0
117	101	1.0
117	114	1.0
117	115	1.0
117	116	3.0
117	117	186.0
117	118	3.0
117	119	1.0
117	127	1.0
117	144	1.0
118	91	1.0
118	92	1.0
118	94	1.0
118	97	2.0
118	101	1.0
118	117	4.0
118	118	210.0
118	119	1.0
118	142	1.0
118	143	1.0
118	158	2.0
119	51	2.0
119	111	1.0
119	118	1.0
119	119	216.0
119	120	2.0
119	126	1.0
119	127	1.0
119	143	2.0
119	144	2.0
119	147	1.0
119	152	1.0
119	175	1.0
120	14	1.0
120	104	4.0
120	105	2.0
120	109	1.0
120	111	1.0
120	119	4.0
120	120	173.0
120	121	1.0
120	139	1.0
120	141	1.0
120	144	3.0
120	168	1.0
120	174	1.0
120	177	1.0
121	103	2.0
121	104	1.0
121	111	1.0
121	120	1.0
121	121	184.0
121	122	1.0
121	123	2.0
121	137	1.0
121	139	1.0
121	165	1.0
121	169	1.0
122	71	1.0
122	104	1.0
122	105	1.0
122	120	1.0
122	122	206.0
122	123	1.0
122	124	1.0
122	165	1.0
122	167	2.0
122	169	1.0
123	102	1.0
123	105	1.0
123	107	1.0
123	111	1.0
123	121	1.0
123	122	1.0
123	123	196.0
123	124	3.0
123	125	1.0
124	67	1.0
124	105	1.0
124	110	1.0
124	123	4.0
124	124	205.0
124	125	3.0
124	139	1.0
125	105	1.0
125	110	1.0
125	122	2.0
125	123	2.0
125	124	4.0
125	125	187.0
125	126	1.0
125	140	1.0
126	106	1.0
126	110	1.0
126	116	1.0
126	126	216.0
126	127	4.0
126	128	1.0
126	129	1.0
126	130	1.0
126	135	2.0
126	140	1.0
126	144	1.0
126	146	2.0
126	153	1.0
126	178	2.0
127	119	1.0
127	120	2.0
127	123	1.0
127	127	208.0
127	135	1.0
127	136	3.0
127	143	1.0
127	145	3.0
127	179	3.0
128	117	1.0
128	124	1.0
128	127	2.0
128	128	207.0
128	129	3.0
128	136	2.0
128	144	1.0
128	146	2.0
128	148	1.0
128	180	1.0
129	127	1.0
129	128	1.0
129	129	217.0
129	130	2.0
129	135	1.0
129	138	1.0
129	141	2.0
129	145	1.0
129	147	1.0
129	148	1.0
129	174	1.0
130	72	1.0
130	73	5.0
130	118	1.0
130	129	4.0
130	130	208.0
130	131	1.0
130	147	2.0
131	64	1.0
131	67	1.0
131	83	1.0
131	95	1.0
131	109	1.0
131	117	1.0
131	130	6.0
131	131	213.0
131	132	3.0
131	134	2.0
131	137	1.0
131	144	2.0
131	148	1.0
131	180	2.0
132	131	3.0
132	132	211.0
132	133	2.0
132	154	1.0
133	86	1.0
133	131	1.0
133	132	5.0
133	133	223.0
133	134	4.0
134	1	2.0
134	2	1.0
134	31	1.0
134	54	2.0
134	67	2.0
134	68	1.0
134	130	2.0
134	131	1.0
134	132	1.0
134	134	210.0
134	180	1.0
135	6	1.0
135	51	1.0
135	53	2.0
135	54	1.0
135	55	1.0
135	57	2.0
135	72	2.0
135	74	1.0
135	79	1.0
135	102	1.0
135	126	2.0
135	129	1.0
135	135	194.0
135	136	1.0
135	141	1.0
135	168	1.0
136	52	1.0
136	53	2.0
136	55	1.0
136	57	1.0
136	126	1.0
136	127	1.0
136	129	1.0
136	131	1.0
136	136	202.0
136	137	1.0
136	147	2.0
137	55	1.0
137	112	1.0
137	136	1.0
137	137	198.0
137	138	1.0
137	139	1.0
137	140	2.0
138	128	2.0
138	129	4.0
138	137	3.0
138	138	179.0
138	139	1.0
138	148	2.0
138	169	1.0
139	27	1.0
139	78	2.0
139	111	1.0
139	121	2.0
139	137	2.0
139	139	193.0
139	140	4.0
139	143	2.0
139	146	2.0
139	148	1.0
140	49	1.0
140	57	1.0
140	78	3.0
140	109	1.0
140	121	1.0
140	126	1.0
140	131	1.0
140	139	1.0
140	140	244.0
140	141	2.0
140	170	1.0
140	174	1.0
140	177	3.0
141	114	1.0
141	126	2.0
141	129	1.0
141	135	1.0
141	140	2.0
141	141	198.0
141	142	5.0
141	149	1.0
141	164	1.0
141	177	1.0
141	178	1.0
142	71	1.0
142	108	3.0
142	120	1.0
142	140	1.0
142	141	3.0
142	142	211.0
142	145	1.0
142	172	1.0
142	173	1.0
142	174	2.0
143	86	1.0
143	112	1.0
143	118	1.0
143	120	2.0
143	143	193.0
143	144	1.0
143	169	1.0
144	50	1.0
144	51	1.0
144	101	1.0
144	118	3.0
144	128	1.0
144	143	4.0
144	144	195.0
144	145	2.0
144	147	1.0
144	174	1.0
145	71	2.0
145	100	1.0
145	118	1.0
145	119	3.0
145	128	3.0
145	130	1.0
145	134	1.0
145	137	1.0
145	138	2.0
145	142	1.0
145	143	1.0
145	145	209.0
145	179	1.0
146	72	1.0
146	85	1.0
146	111	1.0
146	124	2.0
146	127	2.0
146	128	1.0
146	135	1.0
146	136	1.0
146	144	1.0
146	145	1.0
146	146	196.0
146	160	1.0
146	169	2.0
147	71	1.0
147	80	1.0
147	97	1.0
147	111	1.0
147	127	1.0
147	129	1.0
147	130	1.0
147	143	1.0
147	146	2.0
147	147	172.0
147	148	3.0
147	150	1.0
147	157	1.0
147	173	1.0
148	74	2.0
148	75	3.0
148	78	3.0
148	81	1.0
148	127	2.0
148	129	2.0
148	131	1.0
148	137	1.0
148	138	1.0
148	144	1.0
148	147	1.0
148	148	218.0
148	158	1.0
148	173	1.0
149	112	1.0
149	138	1.0
149	140	1.0
149	141	1.0
149	147	2.0
149	148	1.0
149	149	200.0
149	169	2.0
149	173	1.0
149	174	1.0
150	64	1.0
150	73	1.0
150	127	1.0
150	149	1.0
150	150	208.0
150	151	1.0
150	157	1.0
150	158	1.0
150	164	1.0
150	170	3.0
150	173	1.0
150	174	2.0
150	177	1.0
150	179	4.0
151	104	1.0
151	113	2.0
151	115	1.0
151	118	1.0
151	146	1.0
151	151	167.0
151	152	2.0
151	153	1.0
151	158	2.0
151	167	1.0
151	168	3.0
151	169	3.0
152	45	1.0
152	63	1.0
152	66	1.0
152	119	1.0
152	123	1.0
152	151	4.0
152	152	195.0
152	153	3.0
152	156	2.0
152	158	1.0
152	159	1.0
152	160	4.0
152	166	1.0
152	169	1.0
153	45	1.0
153	152	4.0
153	153	228.0
153	154	3.0
153	155	3.0
153	158	2.0
153	169	1.0
154	45	2.0
154	46	1.0
154	75	1.0
154	120	1.0
154	152	1.0
154	153	1.0
154	154	228.0
154	155	1.0
154	156	3.0
154	158	1.0
154	163	1.0
154	164	1.0
154	166	1.0
154	167	1.0
154	168	1.0
154	177	1.0
155	43	1.0
155	58	1.0
155	153	2.0
155	155	228.0
155	156	4.0
155	172	1.0
156	44	1.0
156	45	1.0
156	57	3.0
156	58	3.0
156	79	1.0
156	152	1.0
156	154	4.0
156	155	3.0
156	156	177.0
156	157	4.0
156	161	1.0
156	164	2.0
157	57	2.0
157	63	1.0
157	75	1.0
157	95	2.0
157	114	1.0
157	118	1.0
157	119	1.0
157	125	1.0
157	150	1.0
157	152	1.0
157	154	1.0
157	156	4.0
157	157	180.0
157	158	4.0
157	160	1.0
157	174	1.0
157	177	1.0
158	28	2.0
158	54	1.0
158	62	2.0
158	63	1.0
158	87	1.0
158	116	1.0
158	148	1.0
158	153	1.0
158	154	1.0
158	157	1.0
158	158	199.0
158	159	1.0
158	160	1.0
158	165	1.0
158	173	1.0
159	81	1.0
159	82	2.0
159	152	1.0
159	158	1.0
159	159	194.0
159	161	2.0
159	162	1.0
159	163	1.0
159	165	1.0
160	39	4.0
160	40	1.0
160	42	1.0
160	43	3.0
160	61	1.0
160	62	1.0
160	66	1.0
160	103	1.0
160	152	1.0
160	153	1.0
160	156	2.0
160	160	207.0
160	161	4.0
160	162	1.0
161	61	1.0
161	62	1.0
161	66	1.0
161	88	1.0
161	153	2.0
161	156	1.0
161	160	3.0
161	161	181.0
161	162	5.0
161	164	1.0
161	173	1.0
162	33	1.0
162	43	1.0
162	44	1.0
162	58	2.0
162	81	1.0
162	87	1.0
162	88	1.0
162	90	1.0
162	113	1.0
162	147	1.0
162	156	1.0
162	159	2.0
162	160	1.0
162	161	3.0
162	162	168.0
162	163	1.0
163	62	2.0
163	63	1.0
163	78	1.0
163	87	1.0
163	89	1.0
163	91	1.0
163	108	1.0
163	113	1.0
163	148	1.0
163	153	1.0
163	159	3.0
163	162	1.0
163	163	198.0
163	164	2.0
164	87	2.0
164	103	1.0
164	105	1.0
164	142	1.0
164	163	3.0
164	164	178.0
164	166	1.0
165	88	1.0
165	91	1.0
165	104	1.0
165	121	1.0
165	122	1.0
165	154	1.0
165	158	1.0
165	164	2.0
165	165	201.0
165	166	2.0
166	84	1.0
166	93	1.0
166	104	1.0
166	115	1.0
166	118	1.0
166	150	1.0
166	151	1.0
166	159	2.0
166	163	1.0
166	164	2.0
166	165	3.0
166	166	188.0
166	167	1.0
166	169	2.0
166	170	1.0
167	92	2.0
167	93	1.0
167	104	2.0
167	106	1.0
167	120	1.0
167	122	1.0
167	141	1.0
167	151	1.0
167	167	190.0
167	168	3.0
167	171	1.0
168	73	1.0
168	78	2.0
168	104	3.0
168	107	1.0
168	114	1.0
168	153	1.0
168	165	1.0
168	167	5.0
168	168	180.0
169	51	1.0
169	120	2.0
169	121	1.0
169	122	1.0
169	137	1.0
169	138	1.0
169	146	2.0
169	149	1.0
169	150	1.0
169	153	2.0
169	167	1.0
169	169	221.0
169	170	2.0
169	173	2.0
169	174	1.0
170	50	1.0
170	65	1.0
170	77	1.0
170	79	1.0
170	102	1.0
170	141	2.0
170	150	1.0
170	157	1.0
170	164	1.0
170	169	1.0
170	170	184.0
170	171	3.0
170	173	1.0
170	174	3.0
171	49	1.0
171	50	1.0
171	52	1.0
171	58	2.0
171	65	1.0
171	108	1.0
171	119	1.0
171	141	1.0
171	143	1.0
171	150	3.0
171	152	1.0
171	167	1.0
171	168	1.0
171	169	1.0
171	170	3.0
171	171	170.0
171	172	6.0
171	173	3.0
171	174	1.0
171	175	1.0
171	176	1.0
172	45	2.0
172	51	1.0
172	57	1.0
172	83	1.0
172	111	1.0
172	117	1.0
172	141	1.0
172	171	4.0
172	172	198.0
173	35	1.0
173	150	1.0
173	158	2.0
173	170	1.0
173	171	1.0
173	172	1.0
173	173	229.0
173	174	2.0
173	178	1.0
174	109	1.0
174	120	1.0
174	140	2.0
174	142	1.0
174	143	1.0
174	145	1.0
174	146	1.0
174	149	1.0
174	150	1.0
174	151	1.0
174	169	2.0
174	170	3.0
174	171	2.0
174	174	206.0
175	73	1.0
175	103	2.0
175	112	1.0
175	119	1.0
175	143	1.0
175	163	1.0
175	175	108.0
175	176	1.0
175	177	5.0
176	64	1.0
176	73	2.0
176	78	2.0
176	112	1.0
176	121	1.0
176	149	2.0
176	150	1.0
176	151	3.0
176	152	1.0
176	171	1.0
176	174	1.0
176	176	196.0
177	72	1.0
177	114	1.0
177	118	1.0
177	139	1.0
177	141	2.0
177	158	1.0
177	163	1.0
177	174	1.0
177	175	1.0
177	177	122.0
177	178	2.0
178	64	2.0
178	67	2.0
178	73	1.0
178	109	1.0
178	111	1.0
178	132	1.0
178	169	1.0
178	170	1.0
178	171	3.0
178	176	1.0
178	178	196.0
178	179	2.0
179	5	1.0
179	68	1.0
179	127	3.0
179	137	2.0
179	150	1.0
179	174	1.0
179	178	1.0
179	179	205.0
180	130	4.0
180	180	141.0
181	20	1.0
181	25	2.0
181	181	182.0
