1	1	620.0
1	2	31.0
1	3	12.0
1	4	13.0
1	5	11.0
1	6	3.0
1	8	3.0
1	9	18.0
1	10	1.0
1	17	11.0
1	18	29.0
1	19	2.0
1	20	2.0
1	28	3.0
1	29	10.0
1	34	2.0
1	35	1.0
1	62	3.0
1	63	1.0
1	64	6.0
1	65	3.0
1	66	1.0
1	70	1.0
1	71	4.0
1	73	1.0
1	75	1.0
1	76	3.0
1	96	1.0
1	114	1.0
1	117	2.0
1	118	2.0
1	147	1.0
1	166	1.0
1	176	1.0
1	188	1.0
2	2	539.0
2	3	33.0
2	4	12.0
2	5	4.0
2	6	6.0
2	7	4.0
2	8	10.0
2	9	15.0
2	17	12.0
2	18	9.0
2	19	1.0
2	34	6.0
2	35	3.0
2	45	1.0
2	62	7.0
2	63	1.0
2	69	2.0
2	72	1.0
2	73	11.0
2	75	4.0
2	76	9.0
2	117	5.0
2	118	1.0
2	133	1.0
2	151	1.0
2	153	4.0
2	181	1.0
3	3	624.0
3	4	36.0
3	5	1.0
3	6	3.0
3	7	9.0
3	8	17.0
3	9	5.0
3	16	4.0
3	17	11.0
3	18	3.0
3	34	1.0
3	42	1.0
3	62	1.0
3	68	1.0
3	72	3.0
3	73	1.0
3	75	2.0
3	76	2.0
3	97	1.0
3	146	2.0
3	150	1.0
3	152	6.0
3	153	11.0
3	154	2.0
4	4	659.0
4	5	21.0
4	6	8.0
4	7	1.0
4	8	16.0
4	9	6.0
4	10	4.0
4	12	1.0
4	15	2.0
4	17	8.0
4	31	1.0
4	33	2.0
4	34	2.0
4	35	1.0
4	37	1.0
4	38	4.0
4	49	1.0
4	64	6.0
4	65	1.0
4	66	13.0
4	70	1.0
4	71	1.0
4	72	2.0
4	73	4.0
4	76	1.0
4	77	1.0
4	124	1.0
4	128	1.0
4	151	5.0
4	152	8.0
4	153	12.0
4	154	6.0
4	155	1.0
4	184	1.0
5	5	627.0
5	6	39.0
5	7	5.0
5	8	4.0
5	16	3.0
5	17	16.0
5	29	3.0
5	30	4.0
5	34	1.0
5	36	1.0
5	38	2.0
5	42	1.0
5	46	1.0
5	63	2.0
5	64	10.0
5	66	7.0
5	67	7.0
5	69	2.0
5	70	4.0
5	75	4.0
5	102	1.0
5	133	6.0
5	145	1.0
5	151	2.0
5	152	4.0
5	153	2.0
5	196	1.0
6	6	601.0
6	7	24.0
6	8	10.0
6	10	1.0
6	16	1.0
6	17	1.0
6	18	1.0
6	53	1.0
6	58	1.0
6	59	1.0
6	63	1.0
6	64	21.0
6	66	13.0
6	69	3.0
6	118	1.0
6	132	1.0
6	142	1.0
6	153	2.0
6	156	1.0
6	164	1.0
6	166	1.0
6	167	1.0
7	7	649.0
7	8	23.0
7	10	1.0
7	11	1.0
7	13	1.0
7	15	1.0
7	17	3.0
7	19	3.0
7	20	1.0
7	21	1.0
7	39	1.0
7	56	1.0
7	66	2.0
7	76	1.0
7	115	1.0
7	149	1.0
7	152	5.0
7	153	6.0
8	8	723.0
8	9	15.0
8	15	1.0
8	16	5.0
8	17	6.0
8	19	2.0
8	20	1.0
8	24	1.0
8	38	1.0
8	39	2.0
8	61	1.0
8	69	1.0
8	85	1.0
8	117	2.0
8	128	1.0
8	134	1.0
8	153	1.0
8	156	1.0
8	187	1.0
9	9	726.0
9	10	3.0
9	15	4.0
9	16	13.0
9	24	1.0
9	35	4.0
9	48	1.0
9	58	1.0
9	61	1.0
9	62	3.0
9	67	1.0
9	73	1.0
9	75	1.0
9	116	2.0
9	117	2.0
9	144	1.0
9	148	2.0
9	194	1.0
9	196	1.0
10	10	777.0
10	11	44.0
10	12	25.0
10	13	7.0
10	14	10.0
10	15	11.0
10	18	1.0
10	24	3.0
10	28	1.0
10	36	2.0
10	37	7.0
10	38	10.0
10	39	10.0
10	46	2.0
10	47	1.0
10	55	11.0
10	56	5.0
10	57	5.0
10	70	2.0
10	71	8.0
10	72	4.0
10	76	1.0
10	102	1.0
10	125	1.0
10	139	1.0
10	146	1.0
10	157	1.0
10	163	1.0
10	180	1.0
11	11	686.0
11	12	30.0
11	13	15.0
11	14	7.0
11	15	9.0
11	20	1.0
11	24	3.0
11	38	26.0
11	39	5.0
11	44	1.0
11	46	1.0
11	47	3.0
11	52	2.0
11	55	1.0
11	56	5.0
11	57	5.0
11	61	1.0
11	67	1.0
11	69	1.0
11	72	1.0
11	90	1.0
11	107	1.0
11	134	1.0
11	153	1.0
11	167	1.0
11	197	3.0
12	12	758.0
12	13	40.0
12	14	16.0
12	15	5.0
12	17	4.0
12	19	2.0
12	27	4.0
12	37	6.0
12	38	4.0
12	39	3.0
12	41	1.0
12	51	1.0
12	55	14.0
12	56	12.0
12	84	1.0
12	88	1.0
12	128	1.0
12	136	4.0
12	138	1.0
12	149	1.0
12	151	3.0
12	171	1.0
12	174	2.0
12	175	1.0
12	176	2.0
12	197	1.0
13	13	752.0
13	14	11.0
13	15	8.0
13	33	1.0
13	38	2.0
13	39	2.0
13	55	8.0
13	72	1.0
13	113	1.0
13	147	1.0
13	175	2.0
13	181	1.0
14	14	802.0
14	15	2.0
14	17	4.0
14	19	1.0
14	23	1.0
14	29	1.0
14	38	13.0
14	39	16.0
14	40	1.0
14	42	2.0
14	48	1.0
14	70	1.0
14	71	7.0
14	101	1.0
14	108	1.0
14	117	1.0
14	135	1.0
14	138	1.0
14	176	5.0
14	179	1.0
14	190	1.0
15	15	677.0
15	16	25.0
15	23	1.0
15	32	5.0
15	37	1.0
15	38	14.0
15	39	15.0
15	52	3.0
15	55	1.0
15	64	1.0
15	65	3.0
15	66	2.0
15	68	1.0
15	93	1.0
15	109	1.0
15	142	1.0
15	171	1.0
16	16	670.0
16	17	5.0
16	22	1.0
16	23	4.0
16	27	3.0
16	31	5.0
16	32	3.0
16	33	7.0
16	36	9.0
16	38	1.0
16	40	1.0
16	47	1.0
16	63	2.0
16	64	2.0
16	65	11.0
16	66	7.0
16	67	4.0
16	68	7.0
16	69	1.0
16	71	2.0
16	75	1.0
16	80	1.0
16	97	1.0
16	143	1.0
16	184	1.0
17	17	629.0
17	18	24.0
17	19	2.0
17	21	1.0
17	22	1.0
17	29	9.0
17	30	17.0
17	31	3.0
17	39	1.0
17	42	1.0
17	64	3.0
17	66	4.0
17	67	10.0
17	69	1.0
17	70	13.0
17	71	2.0
17	72	5.0
17	75	1.0
17	102	1.0
17	153	1.0
17	170	1.0
18	18	632.0
18	19	4.0
18	20	12.0
18	21	1.0
18	25	2.0
18	26	1.0
18	28	2.0
18	29	10.0
18	30	4.0
18	31	8.0
18	36	1.0
18	38	1.0
18	40	1.0
18	64	1.0
18	65	2.0
18	70	4.0
18	71	10.0
18	72	9.0
18	73	6.0
18	75	8.0
18	76	1.0
18	101	5.0
18	102	2.0
18	173	1.0
18	188	1.0
19	19	598.0
19	20	13.0
19	21	8.0
19	22	15.0
19	23	5.0
19	25	3.0
19	26	4.0
19	28	1.0
19	29	11.0
19	30	12.0
19	31	1.0
19	49	1.0
19	57	1.0
19	63	1.0
19	64	5.0
19	65	9.0
19	73	1.0
19	75	1.0
19	76	8.0
19	106	1.0
19	116	1.0
19	160	2.0
19	163	2.0
19	180	1.0
20	20	647.0
20	21	29.0
20	22	7.0
20	25	1.0
20	26	13.0
20	27	2.0
20	28	7.0
20	29	3.0
20	43	1.0
20	50	1.0
20	68	1.0
20	72	1.0
20	98	1.0
20	107	1.0
20	117	1.0
20	133	1.0
20	166	1.0
20	179	1.0
21	21	601.0
21	22	24.0
21	23	17.0
21	24	8.0
21	25	2.0
21	26	13.0
21	27	2.0
21	28	5.0
21	29	1.0
21	31	8.0
21	34	1.0
21	51	1.0
21	53	1.0
21	63	2.0
21	69	1.0
21	75	1.0
21	105	1.0
21	154	1.0
21	197	1.0
22	22	632.0
22	23	22.0
22	24	17.0
22	25	3.0
22	26	3.0
22	27	4.0
22	28	7.0
22	29	16.0
22	31	5.0
22	32	3.0
22	41	1.0
22	57	1.0
22	65	6.0
22	66	2.0
22	75	1.0
22	76	1.0
22	77	1.0
22	86	1.0
22	88	1.0
22	180	1.0
22	186	1.0
23	23	625.0
23	24	22.0
23	25	1.0
23	26	5.0
23	27	9.0
23	28	8.0
23	29	6.0
23	31	8.0
23	38	1.0
23	45	1.0
23	65	1.0
23	66	6.0
23	75	2.0
23	76	1.0
23	81	1.0
23	90	2.0
23	98	1.0
23	99	1.0
23	101	1.0
23	113	1.0
23	139	1.0
23	170	1.0
24	24	632.0
24	25	23.0
24	26	20.0
24	27	13.0
24	28	4.0
24	31	2.0
24	32	1.0
24	33	3.0
24	39	1.0
24	57	1.0
24	66	1.0
24	76	6.0
24	84	1.0
24	96	1.0
24	139	1.0
24	144	2.0
24	145	1.0
24	175	1.0
25	25	632.0
25	26	33.0
25	28	8.0
25	29	4.0
25	50	1.0
25	84	2.0
25	135	1.0
25	146	1.0
25	196	1.0
26	26	651.0
26	27	1.0
26	28	1.0
26	29	4.0
26	30	1.0
26	72	1.0
26	81	2.0
26	84	2.0
26	101	1.0
26	135	1.0
26	179	1.0
26	182	1.0
26	185	2.0
26	186	2.0
26	188	3.0
26	195	1.0
27	27	643.0
27	28	11.0
27	31	25.0
27	33	12.0
27	34	2.0
27	36	1.0
27	51	1.0
27	55	1.0
27	63	1.0
27	65	3.0
27	66	1.0
27	67	1.0
27	69	2.0
27	70	2.0
27	76	4.0
27	82	4.0
27	84	1.0
27	85	2.0
27	86	7.0
27	95	1.0
27	96	1.0
27	99	2.0
27	102	1.0
27	186	2.0
27	187	4.0
27	188	9.0
27	193	1.0
27	194	1.0
27	196	1.0
28	28	634.0
28	29	32.0
28	30	1.0
28	31	11.0
28	37	4.0
28	59	1.0
28	70	5.0
28	73	1.0
28	81	2.0
28	83	3.0
28	84	5.0
28	97	1.0
28	100	1.0
28	154	1.0
28	182	1.0
28	187	9.0
28	188	2.0
28	189	3.0
28	191	1.0
29	29	606.0
29	30	11.0
29	31	36.0
29	32	2.0
29	37	7.0
29	64	1.0
29	69	7.0
29	70	2.0
29	71	1.0
29	75	2.0
29	76	1.0
29	77	1.0
29	84	5.0
29	99	2.0
29	178	1.0
29	186	12.0
29	187	2.0
29	188	5.0
29	189	3.0
30	30	678.0
30	31	21.0
30	32	15.0
30	37	9.0
30	60	1.0
30	64	8.0
30	65	3.0
30	69	3.0
30	70	7.0
30	74	8.0
30	75	1.0
30	76	1.0
30	81	5.0
30	84	4.0
30	106	1.0
30	109	1.0
30	125	1.0
30	129	1.0
30	152	2.0
30	155	1.0
30	157	1.0
30	158	1.0
30	173	2.0
30	186	4.0
30	187	2.0
30	188	9.0
30	189	3.0
30	192	1.0
30	194	1.0
31	31	655.0
31	32	9.0
31	33	11.0
31	35	1.0
31	36	1.0
31	37	3.0
31	40	1.0
31	64	14.0
31	65	3.0
31	66	1.0
31	70	3.0
31	72	3.0
31	73	2.0
31	74	2.0
31	75	3.0
31	81	3.0
31	82	5.0
31	83	1.0
31	84	16.0
31	85	7.0
31	86	2.0
31	106	1.0
31	119	1.0
31	127	1.0
31	186	2.0
31	187	13.0
31	188	9.0
31	189	4.0
32	32	689.0
32	33	20.0
32	34	7.0
32	35	2.0
32	36	25.0
32	37	21.0
32	57	1.0
32	66	4.0
32	69	8.0
32	71	1.0
32	73	3.0
32	74	8.0
32	75	1.0
32	77	1.0
32	79	1.0
32	81	6.0
32	84	2.0
32	97	1.0
32	99	6.0
32	100	3.0
32	105	1.0
32	106	1.0
32	155	18.0
32	156	1.0
32	157	7.0
32	158	4.0
32	162	1.0
32	183	1.0
32	186	4.0
32	187	1.0
32	188	3.0
32	189	3.0
32	196	1.0
33	33	634.0
33	34	26.0
33	36	32.0
33	37	5.0
33	65	3.0
33	66	1.0
33	69	1.0
33	70	5.0
33	71	8.0
33	72	3.0
33	73	3.0
33	74	4.0
33	75	2.0
33	76	7.0
33	78	1.0
33	79	3.0
33	80	9.0
33	83	1.0
33	87	1.0
33	95	2.0
33	96	6.0
33	98	1.0
33	99	7.0
33	100	2.0
33	113	1.0
33	146	1.0
33	154	5.0
33	155	11.0
33	157	4.0
33	158	3.0
33	159	3.0
33	163	1.0
33	171	2.0
33	176	1.0
34	34	684.0
34	35	41.0
34	36	18.0
34	37	7.0
34	41	3.0
34	58	9.0
34	60	9.0
34	61	8.0
34	62	11.0
34	63	1.0
34	70	1.0
34	71	4.0
34	72	9.0
34	73	6.0
34	75	2.0
34	76	14.0
34	77	3.0
34	89	1.0
34	99	11.0
34	101	1.0
34	113	1.0
34	144	1.0
34	145	2.0
34	146	1.0
34	147	1.0
34	149	1.0
34	153	1.0
34	155	10.0
34	157	1.0
34	159	2.0
34	161	2.0
34	162	5.0
34	163	1.0
34	166	2.0
34	184	2.0
34	186	1.0
35	35	589.0
35	36	18.0
35	37	4.0
35	38	1.0
35	58	4.0
35	59	1.0
35	60	18.0
35	61	3.0
35	62	12.0
35	63	1.0
35	70	1.0
35	71	1.0
35	72	5.0
35	73	10.0
35	75	3.0
35	76	25.0
35	80	1.0
35	83	1.0
35	88	1.0
35	94	1.0
35	116	1.0
35	145	8.0
35	154	5.0
35	155	6.0
35	157	1.0
35	159	4.0
35	160	16.0
35	177	1.0
36	36	657.0
36	37	11.0
36	38	3.0
36	60	1.0
36	63	8.0
36	65	9.0
36	70	2.0
36	71	5.0
36	72	8.0
36	75	4.0
36	76	5.0
36	77	1.0
36	78	2.0
36	79	1.0
36	80	1.0
36	96	1.0
36	98	1.0
36	99	4.0
36	100	5.0
36	138	1.0
36	145	6.0
36	154	3.0
36	155	1.0
36	158	13.0
36	159	12.0
36	160	3.0
36	163	4.0
36	164	4.0
37	37	641.0
37	38	9.0
37	40	1.0
37	47	1.0
37	57	2.0
37	58	18.0
37	59	11.0
37	60	20.0
37	61	2.0
37	62	2.0
37	65	1.0
37	69	19.0
37	70	17.0
37	71	8.0
37	72	1.0
37	73	2.0
37	82	5.0
37	84	5.0
37	85	6.0
37	89	1.0
37	95	1.0
37	101	1.0
37	112	2.0
37	114	2.0
37	119	1.0
37	131	1.0
37	155	2.0
37	156	1.0
37	161	1.0
37	175	3.0
37	186	9.0
37	187	5.0
37	188	11.0
37	189	4.0
37	195	1.0
38	38	741.0
38	39	26.0
38	40	5.0
38	41	3.0
38	42	1.0
38	57	2.0
38	59	1.0
38	61	2.0
38	70	1.0
38	71	3.0
38	78	1.0
38	96	1.0
38	112	1.0
38	139	1.0
38	152	1.0
38	160	1.0
38	165	1.0
38	169	1.0
38	174	3.0
38	175	5.0
38	176	3.0
38	181	1.0
38	190	1.0
38	193	1.0
39	39	691.0
39	40	22.0
39	41	9.0
39	42	6.0
39	43	3.0
39	44	1.0
39	47	1.0
39	52	10.0
39	57	1.0
39	64	1.0
39	68	1.0
39	82	1.0
39	83	1.0
39	96	1.0
39	115	1.0
39	159	1.0
39	171	1.0
39	176	4.0
40	40	646.0
40	41	41.0
40	42	14.0
40	43	11.0
40	44	17.0
40	46	4.0
40	47	12.0
40	50	6.0
40	51	4.0
40	52	14.0
40	53	5.0
40	56	6.0
40	57	7.0
40	59	2.0
40	64	1.0
40	65	5.0
40	67	5.0
40	70	1.0
40	108	1.0
40	135	1.0
40	163	1.0
40	175	3.0
40	176	8.0
41	41	659.0
41	42	13.0
41	43	6.0
41	44	20.0
41	45	9.0
41	46	9.0
41	47	6.0
41	49	1.0
41	50	6.0
41	51	2.0
41	52	11.0
41	53	3.0
41	54	2.0
41	55	7.0
41	56	8.0
41	57	3.0
41	65	2.0
41	67	4.0
41	68	3.0
41	77	2.0
41	82	1.0
41	107	2.0
41	137	2.0
41	159	1.0
41	160	1.0
41	172	1.0
41	174	4.0
41	176	8.0
41	178	1.0
41	190	1.0
42	42	699.0
42	43	41.0
42	44	10.0
42	45	4.0
42	46	10.0
42	47	1.0
42	52	4.0
42	58	1.0
42	64	1.0
42	65	10.0
42	67	12.0
42	68	7.0
42	71	2.0
42	72	1.0
42	73	1.0
42	75	1.0
42	87	1.0
42	97	1.0
42	104	1.0
42	134	4.0
42	135	1.0
42	136	3.0
42	139	4.0
42	151	2.0
42	159	1.0
42	170	2.0
42	171	3.0
42	172	1.0
42	182	1.0
42	183	1.0
43	43	721.0
43	44	21.0
43	45	5.0
43	46	7.0
43	47	1.0
43	48	4.0
43	51	9.0
43	52	5.0
43	53	11.0
43	54	11.0
43	55	3.0
43	57	7.0
43	58	3.0
43	59	4.0
43	62	3.0
43	63	5.0
43	64	7.0
43	65	7.0
43	66	1.0
43	67	5.0
43	68	5.0
43	69	2.0
43	71	1.0
43	127	1.0
43	155	1.0
43	159	1.0
43	164	1.0
43	171	2.0
43	173	1.0
43	174	1.0
43	176	2.0
43	177	5.0
43	178	7.0
43	181	2.0
43	194	1.0
44	44	690.0
44	45	22.0
44	46	12.0
44	47	1.0
44	48	3.0
44	50	2.0
44	51	4.0
44	52	1.0
44	53	1.0
44	54	12.0
44	55	10.0
44	56	8.0
44	57	10.0
44	58	4.0
44	59	3.0
44	64	1.0
44	67	1.0
44	68	1.0
44	70	1.0
44	135	1.0
44	138	1.0
44	140	1.0
44	145	1.0
44	154	1.0
44	174	1.0
44	176	2.0
44	177	10.0
44	178	3.0
44	179	1.0
44	188	1.0
45	45	761.0
45	46	30.0
45	47	11.0
45	48	3.0
45	49	2.0
45	50	5.0
45	51	1.0
45	54	5.0
45	55	19.0
45	56	7.0
45	57	7.0
45	59	1.0
45	60	1.0
45	63	3.0
45	73	1.0
45	74	1.0
45	115	2.0
45	123	1.0
45	124	1.0
45	134	10.0
45	135	8.0
45	137	12.0
45	176	2.0
45	177	10.0
45	178	1.0
45	179	5.0
46	46	738.0
46	47	18.0
46	48	2.0
46	54	9.0
46	55	5.0
46	58	1.0
46	64	2.0
46	67	11.0
46	68	4.0
46	71	1.0
46	79	1.0
46	84	1.0
46	96	1.0
46	107	1.0
46	115	1.0
46	126	1.0
46	127	2.0
46	134	9.0
46	135	6.0
46	136	8.0
46	137	14.0
46	138	1.0
46	139	1.0
46	147	1.0
46	151	3.0
46	172	1.0
46	174	2.0
46	176	1.0
46	177	3.0
46	178	2.0
46	179	4.0
46	181	1.0
46	196	1.0
47	47	733.0
47	48	57.0
47	49	4.0
47	50	2.0
47	51	2.0
47	52	5.0
47	53	1.0
47	54	1.0
47	55	10.0
47	56	10.0
47	67	1.0
47	70	1.0
47	93	1.0
47	128	1.0
47	131	1.0
47	134	4.0
47	135	1.0
47	169	3.0
47	176	1.0
47	177	1.0
47	181	1.0
48	48	738.0
48	49	14.0
48	50	1.0
48	51	1.0
48	67	1.0
48	116	1.0
48	133	1.0
48	148	1.0
48	161	1.0
48	178	2.0
49	49	792.0
49	50	6.0
49	55	1.0
49	58	1.0
49	66	1.0
49	81	1.0
49	84	1.0
49	111	1.0
49	119	1.0
49	133	1.0
49	142	1.0
49	176	1.0
49	179	2.0
49	185	1.0
49	187	1.0
49	194	1.0
49	195	1.0
50	50	774.0
50	51	39.0
50	52	9.0
50	53	14.0
50	54	7.0
50	55	2.0
50	56	7.0
50	57	12.0
50	58	6.0
50	59	1.0
50	104	1.0
50	122	1.0
50	173	1.0
50	176	2.0
50	181	2.0
50	184	1.0
51	51	719.0
51	52	16.0
51	53	2.0
51	54	11.0
51	55	1.0
51	56	9.0
51	57	11.0
51	58	15.0
51	59	9.0
51	67	1.0
51	72	1.0
51	84	1.0
51	143	1.0
51	169	1.0
51	170	1.0
51	178	1.0
51	179	3.0
51	181	5.0
52	52	833.0
52	53	39.0
52	54	1.0
52	55	2.0
52	56	2.0
52	57	21.0
52	58	2.0
52	69	1.0
52	121	1.0
52	144	1.0
52	182	1.0
53	53	710.0
53	54	16.0
53	55	12.0
53	57	10.0
53	58	20.0
53	59	5.0
53	60	2.0
53	62	2.0
53	63	6.0
53	64	7.0
53	65	4.0
53	72	1.0
53	94	2.0
53	178	1.0
53	181	2.0
53	182	1.0
54	54	743.0
54	55	32.0
54	57	3.0
54	58	3.0
54	59	1.0
54	60	4.0
54	67	1.0
54	68	1.0
54	73	1.0
54	125	1.0
54	135	6.0
54	137	8.0
54	140	5.0
54	173	1.0
54	174	4.0
54	176	13.0
54	177	3.0
54	178	15.0
54	179	1.0
54	180	3.0
54	196	1.0
55	55	714.0
55	56	10.0
55	57	1.0
55	58	2.0
55	59	1.0
55	67	1.0
55	68	4.0
55	71	1.0
55	76	1.0
55	104	1.0
55	140	2.0
55	146	1.0
55	148	1.0
55	164	1.0
55	172	1.0
55	175	2.0
55	176	5.0
55	177	5.0
55	178	3.0
55	179	1.0
55	192	3.0
55	197	2.0
56	56	670.0
56	57	14.0
56	59	4.0
56	64	1.0
56	85	1.0
56	101	1.0
56	134	1.0
56	136	2.0
56	142	1.0
56	165	1.0
56	166	1.0
56	171	1.0
56	176	1.0
56	177	1.0
56	188	1.0
56	194	1.0
56	197	10.0
57	57	683.0
57	58	17.0
57	59	8.0
57	64	5.0
57	116	2.0
57	117	1.0
57	134	1.0
57	177	12.0
57	197	4.0
58	58	713.0
58	59	36.0
58	60	6.0
58	61	5.0
58	62	6.0
58	63	3.0
58	64	5.0
58	66	2.0
58	67	3.0
58	68	1.0
58	97	1.0
58	98	8.0
58	99	5.0
58	113	5.0
58	114	5.0
58	133	1.0
58	135	1.0
58	145	1.0
58	165	4.0
58	166	1.0
58	170	1.0
58	177	1.0
58	178	1.0
58	181	1.0
58	196	1.0
59	59	621.0
59	60	25.0
59	61	24.0
59	62	9.0
59	63	5.0
59	70	1.0
59	76	1.0
59	81	1.0
59	97	12.0
59	98	5.0
59	99	4.0
59	100	1.0
59	101	4.0
59	104	1.0
59	112	2.0
59	113	6.0
59	114	4.0
59	115	1.0
59	116	1.0
59	117	2.0
59	161	3.0
59	164	3.0
59	165	13.0
59	166	3.0
59	167	3.0
59	168	1.0
59	177	4.0
59	179	7.0
59	180	2.0
59	181	21.0
59	182	10.0
60	60	591.0
60	61	45.0
60	62	18.0
60	63	3.0
60	65	3.0
60	84	1.0
60	101	1.0
60	113	2.0
60	115	1.0
60	116	4.0
60	117	5.0
60	141	1.0
60	161	1.0
60	162	1.0
60	163	1.0
60	165	2.0
60	166	1.0
60	171	1.0
60	174	5.0
60	177	3.0
60	178	4.0
60	179	8.0
60	180	2.0
60	182	4.0
60	183	1.0
61	61	663.0
61	62	20.0
61	63	6.0
61	97	1.0
61	106	2.0
61	114	10.0
61	115	5.0
61	116	4.0
61	117	7.0
61	118	1.0
61	130	1.0
61	140	2.0
61	152	1.0
61	161	5.0
61	162	2.0
61	163	1.0
61	166	1.0
61	172	1.0
61	174	1.0
61	175	1.0
61	178	4.0
61	180	6.0
61	182	4.0
61	183	9.0
61	193	1.0
62	62	650.0
62	63	27.0
62	68	1.0
62	89	2.0
62	99	1.0
62	107	2.0
62	115	3.0
62	116	6.0
62	117	3.0
62	155	1.0
62	162	3.0
62	172	1.0
62	176	1.0
62	178	2.0
62	179	3.0
62	180	7.0
62	181	5.0
62	182	4.0
62	196	3.0
62	197	2.0
63	63	608.0
63	64	15.0
63	65	25.0
63	66	3.0
63	67	2.0
63	68	7.0
63	94	1.0
63	120	1.0
63	127	1.0
63	132	1.0
63	138	1.0
63	140	1.0
63	156	1.0
63	168	1.0
63	171	2.0
63	172	1.0
63	180	2.0
63	181	1.0
63	183	2.0
63	186	1.0
63	194	1.0
63	196	3.0
63	197	2.0
64	64	707.0
64	65	37.0
64	66	20.0
64	68	7.0
64	76	4.0
64	105	1.0
64	108	1.0
64	156	1.0
64	171	1.0
64	187	1.0
64	196	4.0
65	65	642.0
65	66	32.0
65	67	1.0
65	68	1.0
65	69	5.0
65	74	1.0
65	76	2.0
65	79	1.0
65	124	1.0
65	141	2.0
65	164	1.0
65	169	1.0
65	171	1.0
65	173	2.0
65	195	1.0
65	196	1.0
66	66	614.0
66	67	2.0
66	68	3.0
66	69	4.0
66	76	1.0
66	87	1.0
66	116	1.0
66	121	1.0
66	152	2.0
66	170	2.0
66	171	16.0
66	172	1.0
66	177	1.0
66	192	1.0
66	196	5.0
66	197	8.0
67	67	651.0
67	68	58.0
67	69	18.0
67	70	18.0
67	71	11.0
67	75	10.0
67	130	1.0
67	134	1.0
67	137	2.0
67	138	1.0
67	140	1.0
67	147	4.0
67	150	1.0
67	170	1.0
67	171	3.0
67	172	2.0
68	68	623.0
68	69	7.0
68	70	4.0
68	71	10.0
68	72	2.0
68	74	6.0
68	75	21.0
68	101	6.0
68	103	2.0
68	104	1.0
68	109	1.0
68	127	1.0
68	132	1.0
68	135	2.0
68	137	1.0
68	139	3.0
68	142	1.0
68	146	2.0
68	147	12.0
68	158	1.0
68	171	7.0
68	172	2.0
68	173	1.0
68	187	1.0
68	196	2.0
69	69	639.0
69	70	18.0
69	71	13.0
69	72	12.0
69	74	2.0
69	101	2.0
69	116	1.0
69	123	1.0
69	126	1.0
69	129	2.0
69	130	2.0
69	133	1.0
69	135	1.0
69	136	1.0
69	147	6.0
69	162	1.0
69	171	3.0
69	174	1.0
69	187	9.0
69	188	9.0
69	192	1.0
69	197	1.0
70	70	609.0
70	71	23.0
70	72	6.0
70	73	13.0
70	74	4.0
70	75	6.0
70	76	3.0
70	84	1.0
70	95	1.0
70	101	1.0
70	104	1.0
70	119	1.0
70	129	1.0
70	143	1.0
70	147	17.0
70	148	6.0
70	149	2.0
70	154	1.0
70	157	3.0
70	187	5.0
70	188	9.0
70	189	5.0
71	71	707.0
71	72	18.0
71	73	16.0
71	74	4.0
71	75	13.0
71	76	6.0
71	81	2.0
71	101	7.0
71	102	4.0
71	134	1.0
71	147	8.0
71	148	7.0
71	149	2.0
71	151	4.0
71	158	1.0
71	165	1.0
71	193	1.0
72	72	707.0
72	73	36.0
72	74	7.0
72	75	6.0
72	76	4.0
72	90	1.0
72	105	1.0
72	107	1.0
72	109	6.0
72	111	3.0
72	112	11.0
72	133	2.0
72	141	2.0
72	145	1.0
72	146	1.0
72	148	1.0
72	154	2.0
72	159	1.0
72	160	5.0
72	161	3.0
72	170	1.0
72	173	1.0
72	179	1.0
72	181	1.0
73	73	667.0
73	74	20.0
73	75	14.0
73	76	16.0
73	79	1.0
73	81	1.0
73	97	1.0
73	101	4.0
73	102	1.0
73	104	4.0
73	105	2.0
73	109	4.0
73	112	2.0
73	130	2.0
73	133	1.0
73	141	1.0
73	143	1.0
73	146	3.0
73	148	2.0
73	149	2.0
73	154	5.0
73	155	9.0
73	157	2.0
73	169	1.0
73	187	1.0
74	74	668.0
74	75	11.0
74	80	9.0
74	81	17.0
74	88	1.0
74	101	1.0
74	102	1.0
74	103	11.0
74	104	9.0
74	105	3.0
74	107	1.0
74	108	1.0
74	109	7.0
74	111	1.0
74	112	2.0
74	115	1.0
74	133	2.0
74	134	1.0
74	136	1.0
74	146	3.0
74	147	5.0
74	148	6.0
74	150	1.0
74	155	15.0
74	156	8.0
74	157	12.0
74	158	2.0
74	159	1.0
74	186	3.0
74	189	9.0
74	190	6.0
75	75	469.0
75	76	5.0
75	80	2.0
75	82	1.0
75	101	2.0
75	125	3.0
75	129	5.0
75	137	1.0
75	146	1.0
75	147	6.0
75	148	6.0
75	151	4.0
75	155	1.0
75	157	3.0
75	161	1.0
75	175	1.0
75	186	1.0
75	188	1.0
75	189	1.0
75	195	1.0
76	76	598.0
76	77	3.0
76	78	1.0
76	80	10.0
76	95	1.0
76	96	2.0
76	97	1.0
76	99	1.0
76	105	1.0
76	107	1.0
76	108	1.0
76	123	1.0
76	145	3.0
76	154	2.0
76	155	3.0
76	158	1.0
76	160	2.0
76	186	1.0
76	187	1.0
77	77	655.0
77	78	28.0
77	79	35.0
77	80	28.0
77	108	2.0
77	121	1.0
77	136	1.0
77	145	1.0
77	147	1.0
77	156	2.0
77	157	2.0
77	158	18.0
77	159	6.0
77	160	2.0
77	163	1.0
77	165	1.0
77	170	1.0
77	177	1.0
77	189	1.0
77	193	1.0
78	78	621.0
78	79	27.0
78	80	6.0
78	84	2.0
78	87	4.0
78	88	7.0
78	89	16.0
78	90	12.0
78	93	1.0
78	103	1.0
78	133	1.0
78	149	1.0
78	155	1.0
78	156	4.0
78	157	6.0
78	158	7.0
78	159	5.0
78	169	2.0
78	170	1.0
78	175	1.0
79	79	580.0
79	80	21.0
79	88	2.0
79	89	10.0
79	90	5.0
79	105	1.0
79	107	1.0
79	108	5.0
79	126	1.0
79	155	2.0
79	156	9.0
79	157	19.0
79	158	8.0
79	159	4.0
79	164	3.0
79	169	1.0
79	175	1.0
79	184	1.0
79	192	1.0
80	80	644.0
80	81	6.0
80	82	8.0
80	83	8.0
80	84	2.0
80	85	4.0
80	86	5.0
80	87	1.0
80	90	1.0
80	93	3.0
80	94	1.0
80	107	2.0
80	108	3.0
80	153	1.0
80	154	1.0
80	155	3.0
80	157	7.0
80	158	8.0
80	170	1.0
80	171	1.0
80	175	1.0
80	185	1.0
80	187	4.0
80	189	6.0
80	190	2.0
81	81	588.0
81	82	26.0
81	84	4.0
81	86	1.0
81	87	1.0
81	90	1.0
81	115	1.0
81	144	1.0
81	156	1.0
81	157	3.0
81	161	1.0
81	183	1.0
81	186	2.0
81	187	10.0
81	189	3.0
81	190	9.0
82	82	607.0
82	83	17.0
82	84	11.0
82	85	14.0
82	86	7.0
82	87	6.0
82	106	1.0
82	133	1.0
82	147	1.0
82	159	1.0
82	186	3.0
82	187	6.0
82	188	3.0
82	189	1.0
82	193	1.0
83	83	580.0
83	84	32.0
83	85	23.0
83	86	5.0
83	87	3.0
83	88	10.0
83	98	1.0
83	122	1.0
83	128	1.0
83	187	2.0
84	84	578.0
84	85	22.0
84	86	4.0
84	96	1.0
84	104	2.0
84	108	1.0
84	114	1.0
84	119	1.0
84	182	1.0
84	186	5.0
84	187	13.0
84	188	7.0
84	189	2.0
84	194	1.0
85	85	548.0
85	86	11.0
85	88	4.0
85	99	1.0
85	157	1.0
85	180	1.0
85	187	4.0
85	196	1.0
86	86	553.0
86	87	15.0
86	88	4.0
86	97	1.0
86	129	1.0
86	154	2.0
86	155	1.0
86	158	3.0
86	174	1.0
86	185	1.0
86	186	9.0
86	187	13.0
86	188	3.0
86	189	1.0
87	87	638.0
87	88	19.0
87	89	10.0
87	90	10.0
87	119	1.0
87	122	1.0
87	132	1.0
87	133	1.0
87	142	1.0
87	162	1.0
87	172	1.0
87	176	1.0
87	186	6.0
87	187	1.0
87	189	3.0
88	88	602.0
88	89	23.0
88	90	9.0
88	94	3.0
88	108	2.0
88	129	1.0
88	137	1.0
88	155	2.0
88	176	2.0
88	185	1.0
88	186	18.0
89	89	585.0
89	90	23.0
89	112	1.0
89	131	1.0
89	159	1.0
89	171	1.0
89	178	1.0
89	185	4.0
89	186	1.0
89	197	1.0
90	90	271.0
90	93	2.0
90	189	1.0
90	192	1.0
90	195	1.0
93	93	272.0
93	94	9.0
93	95	3.0
93	96	7.0
93	105	2.0
93	106	2.0
93	107	17.0
93	115	4.0
93	125	1.0
93	130	1.0
93	132	1.0
93	141	1.0
93	142	3.0
93	161	3.0
93	162	6.0
93	163	1.0
93	166	14.0
93	167	4.0
93	168	1.0
93	169	2.0
93	183	1.0
94	94	594.0
94	95	23.0
94	96	12.0
94	97	21.0
94	98	3.0
94	99	1.0
94	100	6.0
94	103	4.0
94	105	11.0
94	106	18.0
94	107	20.0
94	108	9.0
94	114	1.0
94	115	1.0
94	122	2.0
94	123	3.0
94	125	1.0
94	130	1.0
94	139	1.0
94	141	1.0
94	142	3.0
94	143	2.0
94	146	1.0
94	161	10.0
94	162	18.0
94	163	6.0
94	166	13.0
94	169	2.0
94	182	1.0
95	95	614.0
95	96	45.0
95	97	10.0
95	98	8.0
95	99	6.0
95	100	2.0
95	105	6.0
95	106	5.0
95	107	3.0
95	108	6.0
95	110	2.0
95	111	6.0
95	112	2.0
95	113	8.0
95	120	1.0
95	121	4.0
95	122	10.0
95	123	9.0
95	124	1.0
95	125	5.0
95	127	1.0
95	136	1.0
95	157	1.0
95	160	1.0
95	192	1.0
96	96	610.0
96	97	7.0
96	98	6.0
96	99	3.0
96	100	5.0
96	101	2.0
96	105	2.0
96	106	1.0
96	108	7.0
96	110	3.0
96	111	2.0
96	112	2.0
96	113	3.0
96	121	4.0
96	122	19.0
96	124	10.0
96	125	6.0
96	129	3.0
96	131	2.0
96	140	1.0
96	142	1.0
96	161	1.0
96	166	2.0
96	177	1.0
97	97	583.0
97	98	26.0
97	99	1.0
97	100	4.0
97	101	8.0
97	102	25.0
97	103	2.0
97	104	9.0
97	105	5.0
97	106	7.0
97	107	2.0
97	108	7.0
97	113	3.0
97	121	1.0
97	122	6.0
97	123	19.0
97	125	1.0
97	127	1.0
97	129	1.0
97	130	1.0
97	133	1.0
97	150	1.0
97	161	2.0
97	164	8.0
97	165	10.0
97	166	4.0
97	167	12.0
97	168	2.0
97	177	1.0
98	98	645.0
98	99	30.0
98	100	29.0
98	101	9.0
98	104	3.0
98	106	3.0
98	112	6.0
98	114	2.0
98	116	1.0
98	121	1.0
98	122	6.0
98	123	12.0
98	137	1.0
98	161	1.0
98	164	4.0
98	165	1.0
98	166	3.0
98	167	1.0
98	168	1.0
98	172	1.0
99	99	670.0
99	100	9.0
99	106	1.0
99	112	10.0
99	113	1.0
99	137	1.0
99	166	13.0
100	100	685.0
100	101	5.0
100	102	2.0
100	103	1.0
100	104	10.0
100	106	12.0
100	131	1.0
100	139	1.0
100	164	1.0
100	166	1.0
100	167	1.0
100	168	1.0
101	101	628.0
101	102	12.0
101	103	5.0
101	104	4.0
101	105	1.0
101	108	1.0
101	109	4.0
101	110	4.0
101	111	8.0
101	112	1.0
101	121	1.0
101	125	1.0
101	128	1.0
101	134	1.0
101	135	1.0
101	138	1.0
101	148	8.0
101	149	2.0
101	164	1.0
101	165	1.0
101	167	7.0
101	168	19.0
101	169	5.0
101	180	1.0
101	185	1.0
102	102	593.0
102	103	15.0
102	104	4.0
102	105	11.0
102	106	2.0
102	109	7.0
102	110	3.0
102	111	2.0
102	115	1.0
102	142	1.0
102	163	2.0
102	164	4.0
102	166	4.0
102	167	7.0
102	168	3.0
102	177	1.0
103	103	592.0
103	104	26.0
103	105	20.0
103	106	4.0
103	107	5.0
103	109	3.0
103	110	15.0
103	111	7.0
103	131	1.0
103	143	2.0
103	144	2.0
103	145	1.0
103	146	9.0
103	147	1.0
103	148	16.0
103	150	8.0
103	151	1.0
103	162	1.0
103	167	3.0
103	168	6.0
103	169	3.0
103	179	1.0
103	181	1.0
103	186	1.0
104	104	594.0
104	105	30.0
104	106	18.0
104	107	3.0
104	108	9.0
104	110	2.0
104	112	2.0
104	126	1.0
104	129	1.0
104	141	1.0
104	143	9.0
104	144	2.0
104	146	5.0
104	148	6.0
104	149	8.0
104	150	12.0
104	154	6.0
104	160	5.0
104	161	1.0
104	162	2.0
104	167	4.0
104	168	3.0
104	169	5.0
104	170	1.0
104	197	1.0
105	105	604.0
105	106	50.0
105	107	5.0
105	108	15.0
105	110	1.0
105	111	1.0
105	112	1.0
105	117	1.0
105	123	1.0
105	138	1.0
105	139	1.0
105	146	2.0
105	148	2.0
105	149	1.0
105	150	3.0
105	161	3.0
105	164	1.0
105	167	1.0
105	168	1.0
105	169	3.0
105	173	1.0
105	181	1.0
106	106	661.0
106	107	32.0
106	108	9.0
106	113	1.0
106	147	1.0
106	150	3.0
106	161	2.0
106	162	1.0
106	168	1.0
106	169	1.0
106	172	1.0
106	190	1.0
106	191	1.0
107	107	630.0
107	108	21.0
107	111	1.0
107	115	1.0
107	122	9.0
107	123	4.0
107	125	1.0
107	127	3.0
107	129	1.0
107	130	1.0
107	131	1.0
107	132	10.0
107	133	2.0
107	134	1.0
107	135	1.0
107	138	2.0
107	139	1.0
107	141	8.0
107	142	10.0
107	143	2.0
107	147	1.0
107	157	1.0
107	161	4.0
107	165	1.0
107	166	3.0
107	169	2.0
107	181	1.0
108	108	631.0
108	109	10.0
108	110	13.0
108	111	11.0
108	112	5.0
108	113	2.0
108	122	3.0
108	123	1.0
108	124	1.0
108	131	1.0
108	133	1.0
108	152	1.0
108	161	3.0
108	162	2.0
108	168	2.0
108	182	1.0
109	109	527.0
109	110	16.0
109	111	23.0
109	112	8.0
109	114	2.0
109	131	2.0
109	148	10.0
109	149	23.0
109	150	3.0
109	151	17.0
109	160	1.0
109	168	7.0
109	169	8.0
109	185	1.0
110	110	675.0
110	111	18.0
110	112	5.0
110	113	5.0
110	128	1.0
110	146	1.0
110	147	4.0
110	148	7.0
110	149	9.0
110	150	7.0
110	151	12.0
110	157	1.0
110	168	9.0
110	169	8.0
110	171	1.0
110	174	1.0
111	111	658.0
111	112	26.0
111	113	4.0
111	115	1.0
111	125	1.0
111	131	17.0
111	132	7.0
111	146	1.0
111	147	6.0
111	148	11.0
111	149	3.0
111	150	1.0
111	159	1.0
111	164	4.0
111	166	2.0
111	167	6.0
111	168	5.0
112	112	657.0
112	113	36.0
112	114	3.0
112	119	1.0
112	122	1.0
112	128	4.0
112	129	1.0
112	130	1.0
112	132	7.0
112	145	14.0
112	146	1.0
112	158	1.0
112	160	13.0
112	161	3.0
112	163	3.0
112	164	5.0
112	165	14.0
112	167	1.0
112	187	1.0
112	193	1.0
113	113	599.0
113	114	15.0
113	115	5.0
113	116	1.0
113	119	1.0
113	121	1.0
113	122	9.0
113	123	3.0
113	124	1.0
113	125	6.0
113	127	1.0
113	129	1.0
113	130	4.0
113	131	2.0
113	159	1.0
113	160	2.0
113	161	8.0
113	162	10.0
113	163	8.0
113	164	5.0
113	165	18.0
113	166	34.0
113	167	5.0
113	176	1.0
113	180	1.0
113	182	1.0
113	188	1.0
114	114	623.0
114	115	19.0
114	116	13.0
114	117	13.0
114	124	2.0
114	125	5.0
114	126	1.0
114	128	6.0
114	129	6.0
114	130	7.0
114	131	5.0
114	134	2.0
114	151	1.0
114	160	1.0
114	161	1.0
114	162	1.0
114	164	2.0
114	165	8.0
114	166	4.0
114	175	3.0
114	176	1.0
114	189	2.0
115	115	628.0
115	116	46.0
115	117	5.0
115	118	3.0
115	122	1.0
115	124	1.0
115	125	3.0
115	126	2.0
115	129	3.0
115	130	6.0
115	131	3.0
115	132	1.0
115	133	1.0
115	139	1.0
115	144	1.0
115	153	3.0
115	159	1.0
115	160	1.0
115	161	8.0
115	162	2.0
115	163	3.0
115	164	1.0
115	165	1.0
115	166	13.0
115	167	9.0
115	168	6.0
115	169	3.0
115	170	1.0
115	173	1.0
115	185	1.0
115	188	1.0
115	194	3.0
116	116	600.0
116	117	38.0
116	118	22.0
116	120	5.0
116	121	1.0
116	131	1.0
116	143	1.0
116	158	1.0
116	160	2.0
116	162	6.0
116	165	1.0
116	167	2.0
116	175	1.0
116	195	1.0
116	196	1.0
117	117	630.0
117	118	48.0
117	119	8.0
117	120	3.0
117	133	1.0
117	160	1.0
117	162	1.0
117	163	2.0
118	118	618.0
118	119	9.0
118	121	2.0
118	128	1.0
118	138	1.0
118	159	1.0
118	161	3.0
118	162	9.0
118	163	2.0
118	182	1.0
119	119	656.0
119	120	25.0
119	121	3.0
119	124	1.0
119	125	1.0
119	132	1.0
119	144	1.0
119	145	19.0
119	146	1.0
119	158	14.0
119	159	1.0
119	160	15.0
119	161	7.0
119	162	8.0
119	163	10.0
119	164	3.0
119	166	1.0
119	192	2.0
119	194	5.0
119	195	1.0
120	120	606.0
120	121	9.0
120	122	3.0
120	123	2.0
120	124	7.0
120	126	3.0
120	128	3.0
120	129	4.0
120	130	2.0
120	132	2.0
120	133	3.0
120	142	2.0
120	143	2.0
120	144	5.0
120	145	10.0
120	146	9.0
120	157	3.0
120	158	5.0
120	159	1.0
120	160	1.0
120	161	1.0
120	164	1.0
120	177	1.0
120	180	1.0
120	190	1.0
120	192	15.0
120	193	6.0
120	194	10.0
120	195	5.0
121	121	603.0
121	122	10.0
121	123	6.0
121	124	12.0
121	125	3.0
121	129	5.0
121	130	6.0
121	131	8.0
121	132	1.0
121	145	3.0
121	146	2.0
121	147	21.0
121	152	6.0
121	153	7.0
121	157	1.0
121	160	1.0
121	192	7.0
121	193	16.0
122	122	737.0
122	123	27.0
122	124	4.0
122	125	10.0
122	127	4.0
122	129	5.0
122	131	2.0
122	132	4.0
122	133	10.0
122	143	1.0
122	144	2.0
122	146	1.0
122	152	1.0
122	157	5.0
122	158	3.0
122	190	1.0
122	192	4.0
122	193	7.0
122	194	7.0
122	195	1.0
123	123	733.0
123	124	10.0
123	125	6.0
123	126	21.0
123	127	10.0
123	129	7.0
123	130	1.0
123	132	1.0
123	134	1.0
123	143	1.0
123	144	6.0
123	150	1.0
123	181	1.0
123	184	1.0
123	194	4.0
124	124	771.0
124	125	33.0
124	126	7.0
124	127	3.0
124	128	3.0
124	129	16.0
124	131	3.0
124	133	5.0
124	134	2.0
124	139	1.0
124	140	1.0
124	141	1.0
124	165	8.0
124	174	5.0
124	183	1.0
124	194	1.0
124	195	1.0
125	125	598.0
125	126	31.0
125	127	4.0
125	128	7.0
125	129	11.0
125	130	8.0
125	131	24.0
125	133	15.0
125	134	2.0
125	139	1.0
125	140	1.0
125	141	2.0
125	142	1.0
125	154	1.0
125	161	4.0
125	163	1.0
125	165	1.0
125	166	4.0
125	167	3.0
125	175	1.0
125	183	1.0
125	187	1.0
125	189	1.0
125	194	2.0
125	197	2.0
126	126	695.0
126	127	47.0
126	128	7.0
126	129	15.0
126	130	15.0
126	131	13.0
126	132	15.0
126	133	3.0
126	134	1.0
126	137	2.0
126	138	1.0
126	139	5.0
126	140	2.0
126	141	7.0
126	142	8.0
126	144	5.0
126	146	2.0
126	153	1.0
126	157	4.0
126	165	1.0
126	167	5.0
126	168	1.0
126	171	2.0
126	175	1.0
126	189	1.0
126	193	14.0
126	194	11.0
126	195	2.0
126	197	1.0
127	127	762.0
127	128	13.0
127	129	9.0
127	130	11.0
127	131	1.0
127	132	6.0
127	133	6.0
127	134	14.0
127	137	9.0
127	138	10.0
127	139	9.0
127	140	4.0
127	141	10.0
127	142	5.0
127	145	1.0
127	146	5.0
127	152	1.0
127	170	4.0
127	171	3.0
127	172	3.0
127	192	7.0
127	193	16.0
127	194	1.0
127	196	1.0
128	128	686.0
128	129	20.0
128	130	21.0
128	131	11.0
128	132	15.0
128	141	1.0
128	145	1.0
128	148	1.0
128	158	1.0
128	160	1.0
128	164	2.0
128	165	12.0
128	172	1.0
128	176	1.0
128	187	1.0
128	193	2.0
128	194	2.0
129	129	698.0
129	130	16.0
129	131	14.0
129	132	1.0
129	133	9.0
129	141	1.0
129	142	1.0
129	146	5.0
129	147	2.0
129	149	1.0
129	161	1.0
129	165	1.0
129	166	1.0
129	185	2.0
129	191	1.0
129	193	2.0
129	194	9.0
129	195	4.0
129	196	3.0
130	130	611.0
130	131	19.0
130	132	5.0
130	133	3.0
130	139	2.0
130	141	11.0
130	142	18.0
130	145	1.0
130	146	8.0
130	147	3.0
130	148	2.0
130	149	1.0
130	152	1.0
130	153	1.0
130	158	1.0
130	161	1.0
130	162	5.0
130	164	3.0
130	165	7.0
130	167	6.0
130	168	2.0
130	169	2.0
130	170	2.0
130	175	2.0
130	191	1.0
130	192	1.0
130	193	5.0
130	194	3.0
130	195	1.0
131	131	671.0
131	132	17.0
131	137	1.0
131	141	3.0
131	142	4.0
131	146	10.0
131	147	16.0
131	148	8.0
131	149	1.0
131	152	6.0
131	153	6.0
131	164	1.0
131	165	11.0
131	166	2.0
131	167	10.0
131	169	2.0
131	193	1.0
132	132	633.0
132	133	19.0
132	134	6.0
132	135	1.0
132	137	3.0
132	139	1.0
132	140	2.0
132	141	4.0
132	145	11.0
132	146	5.0
132	147	3.0
132	148	2.0
132	160	2.0
132	161	4.0
132	162	1.0
132	164	5.0
132	165	1.0
132	167	7.0
132	172	4.0
132	173	6.0
132	175	1.0
132	179	1.0
132	194	1.0
133	133	708.0
133	134	7.0
133	135	1.0
133	136	2.0
133	137	1.0
133	138	2.0
133	140	8.0
133	141	16.0
133	145	9.0
133	146	5.0
133	147	1.0
133	168	1.0
133	172	1.0
133	173	13.0
133	174	2.0
133	175	2.0
133	176	1.0
133	182	1.0
133	192	1.0
133	194	8.0
133	195	2.0
134	134	757.0
134	135	36.0
134	136	9.0
134	137	11.0
134	138	3.0
134	139	14.0
134	140	11.0
134	141	1.0
134	142	4.0
134	143	1.0
134	153	1.0
134	162	1.0
134	170	3.0
134	171	1.0
134	172	10.0
134	173	2.0
134	174	1.0
134	175	4.0
134	176	2.0
134	194	1.0
134	196	1.0
135	135	670.0
135	136	26.0
135	137	22.0
135	139	2.0
135	140	18.0
135	141	8.0
135	151	1.0
135	173	6.0
135	174	3.0
135	175	6.0
135	176	8.0
135	178	1.0
135	187	1.0
135	196	1.0
136	136	641.0
136	137	9.0
136	138	10.0
136	139	14.0
136	140	18.0
136	141	20.0
136	142	1.0
136	148	1.0
136	151	4.0
136	152	1.0
136	154	1.0
136	172	1.0
136	175	1.0
136	190	1.0
136	195	2.0
137	137	596.0
137	138	21.0
137	139	7.0
137	140	23.0
137	141	2.0
137	142	7.0
137	164	1.0
137	166	1.0
137	170	3.0
137	171	1.0
137	173	1.0
137	176	7.0
137	177	1.0
137	186	1.0
137	195	1.0
137	196	6.0
138	138	613.0
138	139	23.0
138	140	19.0
138	141	14.0
138	142	7.0
138	155	1.0
138	161	2.0
138	170	6.0
138	172	2.0
138	176	3.0
138	184	1.0
138	196	3.0
139	139	690.0
139	140	22.0
139	141	9.0
139	142	8.0
139	159	1.0
139	165	1.0
139	170	8.0
139	171	9.0
139	172	20.0
139	174	1.0
139	176	1.0
139	196	3.0
140	140	645.0
140	141	14.0
140	142	1.0
140	144	1.0
140	147	1.0
140	170	5.0
140	171	1.0
140	173	4.0
140	175	2.0
140	176	1.0
140	196	1.0
141	141	660.0
141	142	20.0
141	149	2.0
141	162	2.0
141	173	2.0
141	175	1.0
141	183	1.0
141	189	1.0
142	142	622.0
142	143	35.0
142	144	30.0
142	145	5.0
142	151	1.0
142	157	2.0
142	159	2.0
142	161	2.0
142	162	5.0
142	163	5.0
142	167	1.0
142	169	9.0
142	170	1.0
142	190	1.0
142	191	11.0
142	192	3.0
142	193	1.0
142	194	2.0
143	143	672.0
143	144	49.0
143	145	12.0
143	146	7.0
143	150	6.0
143	151	3.0
143	154	1.0
143	157	2.0
143	158	1.0
143	159	3.0
143	160	13.0
143	161	9.0
143	162	2.0
143	163	1.0
143	165	2.0
143	169	5.0
143	170	4.0
143	190	3.0
143	191	5.0
143	194	7.0
144	144	644.0
144	145	9.0
144	146	12.0
144	150	1.0
144	152	1.0
144	157	10.0
144	159	3.0
144	160	12.0
144	161	2.0
144	162	1.0
144	163	6.0
144	169	1.0
144	181	1.0
144	183	1.0
144	190	1.0
144	191	13.0
144	193	2.0
144	194	1.0
145	145	536.0
145	146	11.0
145	147	6.0
145	150	3.0
145	154	8.0
145	155	1.0
145	158	16.0
145	159	4.0
145	160	24.0
145	161	6.0
145	163	6.0
145	164	5.0
145	169	1.0
145	170	1.0
145	188	1.0
145	191	2.0
145	192	2.0
145	193	2.0
145	194	3.0
145	195	1.0
146	146	610.0
146	147	8.0
146	148	9.0
146	149	2.0
146	150	13.0
146	151	1.0
146	153	1.0
146	154	18.0
146	160	5.0
146	192	1.0
146	193	7.0
147	147	629.0
147	148	16.0
147	149	12.0
147	151	1.0
147	152	7.0
147	153	1.0
147	154	4.0
147	159	1.0
147	162	1.0
148	148	613.0
148	149	32.0
148	150	2.0
148	151	5.0
148	152	2.0
148	154	10.0
148	164	2.0
148	167	1.0
148	168	1.0
148	176	1.0
149	149	685.0
149	150	30.0
149	151	10.0
149	152	3.0
149	154	2.0
149	158	1.0
149	159	1.0
149	160	1.0
149	168	1.0
149	169	4.0
149	172	1.0
150	150	654.0
150	151	23.0
150	152	3.0
150	154	10.0
150	160	7.0
150	196	2.0
151	151	611.0
151	152	28.0
151	153	2.0
151	154	9.0
151	161	2.0
152	152	639.0
152	153	30.0
152	154	5.0
152	160	1.0
152	181	1.0
152	193	4.0
153	153	582.0
153	154	3.0
153	171	1.0
153	192	3.0
153	193	6.0
154	154	616.0
154	155	20.0
154	156	8.0
154	157	1.0
154	165	1.0
154	168	1.0
154	173	1.0
154	187	10.0
154	188	6.0
154	189	15.0
154	190	3.0
154	197	2.0
155	155	640.0
155	156	44.0
155	157	7.0
155	158	3.0
155	160	1.0
155	167	2.0
155	172	1.0
155	185	1.0
155	187	5.0
155	188	10.0
155	189	11.0
155	196	4.0
156	156	669.0
156	157	8.0
156	158	5.0
156	165	1.0
156	187	1.0
156	189	14.0
156	190	11.0
156	191	1.0
156	192	1.0
156	193	2.0
156	194	1.0
156	196	1.0
156	197	1.0
157	157	582.0
157	158	34.0
157	159	7.0
157	167	1.0
157	170	2.0
157	186	4.0
157	187	1.0
157	189	22.0
157	190	17.0
157	191	12.0
157	192	5.0
157	193	6.0
157	194	4.0
158	158	632.0
158	159	24.0
158	160	4.0
158	162	1.0
158	169	2.0
158	170	1.0
158	189	2.0
158	190	6.0
158	192	4.0
158	193	1.0
158	194	1.0
159	159	594.0
159	160	37.0
159	161	2.0
159	162	18.0
159	163	5.0
159	164	12.0
159	170	3.0
160	160	577.0
160	161	9.0
160	162	6.0
160	163	17.0
160	164	7.0
160	166	1.0
160	170	2.0
160	191	1.0
161	161	613.0
161	162	34.0
161	163	21.0
161	164	3.0
161	165	4.0
161	166	19.0
161	169	6.0
161	179	1.0
161	184	1.0
162	162	535.0
162	163	25.0
162	164	10.0
162	165	2.0
162	166	10.0
162	167	3.0
162	169	3.0
163	163	530.0
163	164	29.0
163	165	3.0
163	166	6.0
163	167	1.0
163	169	2.0
163	170	2.0
163	175	1.0
163	184	1.0
164	164	534.0
164	165	18.0
164	166	13.0
164	167	14.0
164	168	11.0
164	169	6.0
164	170	5.0
165	165	576.0
165	166	51.0
165	167	17.0
165	177	1.0
165	192	1.0
166	166	605.0
166	167	15.0
166	168	4.0
167	167	628.0
167	168	28.0
167	169	17.0
167	175	1.0
168	168	599.0
168	169	30.0
168	170	1.0
168	188	1.0
169	169	640.0
169	170	9.0
170	170	681.0
170	171	27.0
170	172	3.0
170	184	1.0
171	171	686.0
171	172	10.0
171	173	1.0
171	197	2.0
172	172	660.0
172	173	8.0
172	174	2.0
172	175	2.0
172	176	4.0
173	173	634.0
173	174	19.0
173	175	14.0
173	176	10.0
174	174	566.0
174	175	16.0
174	176	13.0
174	177	4.0
174	178	6.0
175	175	565.0
175	176	21.0
176	176	629.0
176	177	15.0
176	178	9.0
176	179	1.0
177	177	614.0
177	178	16.0
177	179	2.0
177	182	1.0
178	178	576.0
178	179	5.0
178	196	1.0
179	179	574.0
179	180	19.0
179	182	3.0
179	183	8.0
180	180	583.0
180	181	8.0
180	182	19.0
180	183	5.0
181	181	651.0
181	182	32.0
181	185	1.0
181	195	1.0
181	196	1.0
182	182	662.0
182	183	13.0
183	183	679.0
183	184	16.0
183	196	1.0
184	184	790.0
184	185	9.0
184	194	1.0
184	195	4.0
185	185	624.0
185	186	10.0
185	189	3.0
185	190	9.0
185	192	2.0
185	193	8.0
185	194	12.0
185	195	4.0
186	186	686.0
186	187	6.0
186	188	1.0
186	189	4.0
187	187	706.0
187	188	49.0
187	189	1.0
187	192	1.0
188	188	648.0
188	189	4.0
188	193	1.0
189	189	692.0
189	190	32.0
189	191	4.0
189	193	12.0
190	190	663.0
190	191	18.0
190	192	9.0
190	193	12.0
191	191	554.0
191	192	18.0
191	193	11.0
192	192	669.0
192	193	19.0
192	194	2.0
192	195	1.0
193	193	756.0
193	194	19.0
193	195	3.0
194	194	674.0
194	195	17.0
195	195	624.0
195	196	17.0
195	197	5.0
196	196	638.0
196	197	18.0
197	197	583.0
199	1	33.0
199	2	35.0
199	3	14.0
199	8	6.0
199	9	16.0
199	17	3.0
199	18	7.0
199	26	1.0
199	28	11.0
199	29	10.0
199	34	1.0
199	35	5.0
199	37	1.0
199	60	2.0
199	61	4.0
199	62	5.0
199	63	5.0
199	65	3.0
199	71	1.0
199	75	2.0
199	76	1.0
199	117	12.0
199	118	2.0
199	176	3.0
199	187	1.0
199	199	550.0
