19	19	86.0
19	20	1.0
19	23	1.0
19	28	1.0
19	30	1.0
19	38	1.0
19	40	1.0
19	54	2.0
19	58	1.0
20	20	224.0
20	21	9.0
20	23	1.0
20	24	2.0
20	26	1.0
20	27	1.0
20	28	4.0
20	35	2.0
20	49	1.0
20	76	2.0
20	83	2.0
20	85	1.0
21	21	326.0
21	22	19.0
21	23	13.0
21	24	4.0
21	26	1.0
21	35	1.0
21	58	1.0
21	79	2.0
21	80	4.0
21	83	2.0
21	90	1.0
21	93	1.0
22	22	326.0
22	23	16.0
22	24	7.0
22	26	10.0
22	28	3.0
22	35	3.0
22	36	2.0
22	43	1.0
22	58	1.0
22	60	1.0
22	74	1.0
22	76	1.0
22	78	1.0
23	23	347.0
23	24	10.0
23	25	3.0
23	26	5.0
23	36	3.0
23	37	5.0
23	75	2.0
23	78	1.0
23	102	1.0
24	24	332.0
24	25	10.0
24	26	4.0
24	27	1.0
24	28	1.0
24	30	1.0
24	31	1.0
24	32	1.0
24	35	15.0
24	36	4.0
24	41	1.0
24	42	3.0
24	43	8.0
24	44	2.0
24	45	2.0
24	63	1.0
24	76	1.0
24	79	2.0
24	81	1.0
24	83	1.0
24	89	1.0
24	94	1.0
24	99	2.0
25	25	306.0
25	26	17.0
25	27	8.0
25	28	4.0
25	29	2.0
25	31	1.0
25	37	1.0
25	41	1.0
25	42	2.0
25	44	10.0
25	68	2.0
25	82	5.0
25	83	4.0
25	86	1.0
25	87	1.0
25	88	1.0
26	26	312.0
26	27	18.0
26	28	8.0
26	29	1.0
26	32	1.0
26	36	2.0
26	40	1.0
26	42	2.0
26	44	6.0
26	45	1.0
26	70	1.0
26	79	1.0
26	82	3.0
26	83	7.0
26	86	1.0
26	89	1.0
26	91	2.0
26	93	1.0
26	95	1.0
27	27	263.0
27	28	18.0
27	29	8.0
27	30	6.0
27	31	2.0
27	36	2.0
27	38	4.0
27	41	1.0
27	42	5.0
27	43	8.0
27	44	12.0
27	57	3.0
27	58	2.0
27	83	2.0
27	85	1.0
27	86	1.0
28	28	260.0
28	29	16.0
28	30	4.0
28	31	2.0
28	35	1.0
28	42	4.0
28	43	1.0
28	44	4.0
28	45	3.0
28	48	1.0
28	57	1.0
28	58	1.0
28	66	1.0
28	70	1.0
28	78	2.0
28	90	1.0
29	29	305.0
29	30	13.0
29	32	6.0
29	36	5.0
29	38	1.0
29	42	5.0
29	63	1.0
29	68	1.0
29	96	1.0
30	30	293.0
30	31	7.0
30	32	4.0
30	35	1.0
30	36	1.0
30	38	3.0
30	39	1.0
30	45	1.0
30	46	1.0
30	47	1.0
30	49	1.0
30	53	1.0
30	55	1.0
30	56	5.0
30	57	1.0
30	58	2.0
30	59	1.0
30	62	1.0
30	64	1.0
30	70	2.0
30	77	1.0
30	78	3.0
30	79	2.0
31	31	272.0
31	32	11.0
31	34	3.0
31	35	3.0
31	36	2.0
31	40	1.0
31	41	1.0
31	44	1.0
31	45	1.0
31	54	1.0
31	55	6.0
31	56	3.0
31	57	6.0
31	58	6.0
31	59	4.0
31	63	1.0
31	69	1.0
31	76	3.0
31	77	3.0
31	78	7.0
31	79	5.0
31	80	5.0
31	81	1.0
31	97	1.0
32	32	310.0
32	33	22.0
32	34	5.0
32	35	2.0
32	37	1.0
32	52	5.0
32	54	1.0
32	55	2.0
32	56	5.0
32	58	1.0
32	60	2.0
32	61	1.0
32	76	2.0
32	77	2.0
32	78	8.0
32	79	8.0
32	80	1.0
32	81	6.0
32	94	1.0
32	97	2.0
33	33	304.0
33	34	17.0
33	35	2.0
33	42	1.0
33	50	1.0
33	56	5.0
33	59	1.0
33	61	2.0
33	64	6.0
33	65	2.0
33	69	1.0
33	73	1.0
33	75	1.0
33	76	2.0
33	97	1.0
34	34	316.0
34	35	12.0
34	56	2.0
34	58	1.0
34	64	9.0
34	70	1.0
34	71	7.0
34	80	2.0
34	81	3.0
34	97	1.0
34	99	1.0
34	100	12.0
35	35	307.0
35	36	4.0
35	42	1.0
35	43	1.0
35	45	3.0
35	51	1.0
35	52	3.0
35	54	1.0
35	64	2.0
35	70	2.0
35	72	2.0
35	73	4.0
35	74	4.0
35	78	1.0
35	80	2.0
35	81	3.0
35	95	1.0
36	36	328.0
36	37	19.0
36	38	8.0
36	39	3.0
36	40	3.0
36	41	1.0
36	43	2.0
36	45	6.0
36	51	1.0
36	52	3.0
36	62	7.0
36	63	4.0
36	83	5.0
36	105	1.0
37	37	310.0
37	38	10.0
37	39	5.0
37	40	2.0
37	41	6.0
37	43	1.0
37	45	4.0
37	46	3.0
37	62	9.0
37	63	3.0
37	82	1.0
37	94	1.0
38	38	327.0
38	39	17.0
38	40	20.0
38	41	3.0
38	45	11.0
38	54	5.0
38	57	1.0
38	59	4.0
38	60	5.0
38	61	1.0
38	62	2.0
38	63	1.0
38	65	1.0
38	82	2.0
38	83	1.0
39	39	288.0
39	40	13.0
39	41	8.0
39	45	4.0
39	46	4.0
39	48	1.0
39	49	3.0
39	50	5.0
39	51	1.0
39	54	7.0
39	59	5.0
39	60	8.0
39	62	2.0
39	82	2.0
39	83	1.0
39	101	1.0
40	40	293.0
40	41	20.0
40	42	3.0
40	43	11.0
40	45	9.0
40	46	2.0
40	48	1.0
40	49	3.0
40	54	5.0
40	59	5.0
40	70	1.0
40	80	1.0
40	82	2.0
41	41	273.0
41	42	10.0
41	43	11.0
41	44	17.0
41	45	10.0
41	46	4.0
41	47	1.0
41	54	1.0
41	55	3.0
41	59	12.0
41	83	1.0
41	86	1.0
42	42	270.0
42	43	13.0
42	44	13.0
42	45	5.0
42	46	7.0
42	47	4.0
42	48	3.0
42	49	8.0
42	50	2.0
42	55	1.0
42	83	2.0
42	84	1.0
43	43	284.0
43	44	6.0
43	45	10.0
43	46	3.0
43	50	4.0
43	54	1.0
43	55	6.0
43	57	1.0
43	75	1.0
43	82	3.0
43	83	2.0
44	44	281.0
44	45	13.0
44	46	3.0
44	50	2.0
44	55	12.0
44	56	7.0
44	57	3.0
44	58	2.0
44	82	4.0
44	83	5.0
44	87	2.0
44	104	1.0
44	106	1.0
45	45	305.0
45	46	1.0
45	50	1.0
45	54	5.0
45	55	8.0
45	57	6.0
45	58	1.0
45	59	4.0
45	60	1.0
45	81	1.0
45	82	3.0
45	83	7.0
46	46	302.0
46	47	13.0
46	48	20.0
46	49	7.0
46	50	2.0
46	55	2.0
46	58	1.0
46	91	1.0
47	47	292.0
47	48	34.0
47	49	11.0
47	50	6.0
47	52	1.0
47	53	13.0
47	54	1.0
47	85	1.0
47	86	4.0
47	88	8.0
47	89	1.0
47	94	1.0
48	48	269.0
48	49	15.0
48	50	4.0
48	52	6.0
48	53	2.0
48	54	1.0
48	67	1.0
48	80	1.0
48	82	1.0
48	83	2.0
48	85	1.0
48	88	10.0
48	89	1.0
49	49	308.0
49	50	8.0
49	52	1.0
49	53	2.0
49	60	1.0
49	68	1.0
49	82	2.0
49	83	1.0
49	85	2.0
49	86	5.0
49	87	12.0
49	88	12.0
49	100	1.0
49	103	1.0
50	50	316.0
50	51	6.0
50	52	4.0
50	53	19.0
50	54	17.0
50	59	2.0
50	60	4.0
50	86	1.0
50	87	1.0
50	88	2.0
50	94	1.0
50	95	1.0
50	98	1.0
51	51	321.0
51	52	18.0
51	53	3.0
51	54	1.0
51	60	7.0
51	88	3.0
51	96	1.0
51	98	2.0
51	99	6.0
51	101	2.0
52	52	288.0
52	53	8.0
52	54	6.0
52	55	3.0
52	58	1.0
52	78	1.0
52	79	5.0
52	80	1.0
52	81	4.0
52	82	2.0
52	87	1.0
52	89	1.0
52	95	1.0
52	98	1.0
52	99	2.0
52	101	1.0
52	103	2.0
53	53	317.0
53	54	15.0
53	60	1.0
53	71	1.0
53	88	2.0
53	89	1.0
53	91	1.0
53	95	6.0
53	96	7.0
53	98	1.0
53	99	1.0
54	54	315.0
54	55	4.0
54	60	9.0
54	61	2.0
54	65	1.0
54	79	2.0
54	90	1.0
54	95	6.0
54	98	1.0
54	99	4.0
54	103	2.0
55	55	311.0
55	56	19.0
55	57	12.0
55	58	10.0
55	59	6.0
55	60	1.0
55	62	1.0
55	64	1.0
55	74	1.0
55	78	2.0
55	79	1.0
55	80	1.0
55	94	3.0
55	95	1.0
55	96	1.0
55	97	3.0
55	98	4.0
55	102	9.0
55	103	1.0
56	56	349.0
56	57	18.0
56	58	2.0
56	60	2.0
56	77	1.0
56	79	1.0
56	80	5.0
56	94	2.0
56	97	7.0
56	101	1.0
56	102	6.0
57	57	319.0
57	58	9.0
57	59	2.0
57	62	2.0
57	65	2.0
57	77	2.0
57	93	1.0
57	94	3.0
57	96	1.0
57	97	1.0
57	101	1.0
57	102	5.0
57	103	2.0
58	58	317.0
58	59	2.0
58	60	4.0
58	62	1.0
58	63	1.0
58	75	5.0
58	76	9.0
58	78	1.0
58	81	1.0
58	88	1.0
58	102	1.0
58	104	2.0
58	105	4.0
58	107	2.0
59	59	339.0
59	60	18.0
59	61	2.0
59	62	1.0
59	63	4.0
59	65	2.0
59	71	1.0
59	73	1.0
59	76	2.0
59	77	2.0
59	107	2.0
60	60	339.0
60	61	3.0
60	62	1.0
60	63	1.0
60	64	3.0
60	65	6.0
60	66	10.0
60	74	1.0
60	76	2.0
60	77	3.0
60	100	1.0
61	61	321.0
61	62	23.0
61	63	13.0
61	64	2.0
61	68	6.0
61	69	6.0
61	71	3.0
61	73	2.0
61	74	3.0
61	76	1.0
61	77	3.0
61	83	1.0
61	93	1.0
61	106	1.0
62	62	322.0
62	63	15.0
62	64	3.0
62	66	2.0
62	68	2.0
62	69	1.0
62	71	4.0
62	72	18.0
62	73	1.0
62	74	8.0
62	75	2.0
62	76	5.0
62	78	1.0
62	88	1.0
62	90	1.0
62	106	3.0
62	107	2.0
63	63	275.0
63	64	5.0
63	66	1.0
63	68	1.0
63	72	6.0
63	73	3.0
63	74	3.0
63	75	12.0
63	76	1.0
63	101	1.0
63	104	1.0
63	106	4.0
63	107	1.0
64	64	296.0
64	65	10.0
64	66	7.0
64	68	1.0
64	70	1.0
64	71	2.0
64	72	8.0
64	73	8.0
64	74	6.0
64	75	8.0
64	106	3.0
65	65	332.0
65	66	27.0
65	67	2.0
65	68	6.0
65	69	4.0
65	70	2.0
65	74	2.0
65	93	1.0
65	100	3.0
65	101	1.0
66	66	323.0
66	67	12.0
66	68	15.0
66	69	8.0
66	71	1.0
66	72	3.0
66	74	1.0
66	80	1.0
67	67	281.0
67	68	9.0
67	69	2.0
67	71	1.0
67	72	3.0
67	76	1.0
67	104	1.0
68	68	344.0
68	69	13.0
68	70	4.0
68	72	8.0
68	73	4.0
68	74	4.0
68	102	1.0
68	103	1.0
68	104	2.0
69	69	354.0
69	70	6.0
69	71	1.0
69	75	1.0
69	76	4.0
69	77	1.0
69	105	2.0
70	70	304.0
70	71	11.0
70	72	1.0
70	73	5.0
70	76	6.0
70	77	1.0
70	91	1.0
70	97	1.0
71	71	323.0
71	72	22.0
71	73	3.0
71	91	1.0
71	92	1.0
71	97	1.0
71	103	1.0
71	104	4.0
72	72	272.0
72	73	7.0
72	74	8.0
72	75	1.0
72	76	3.0
72	103	1.0
72	106	5.0
72	107	2.0
73	73	348.0
73	74	13.0
73	75	18.0
73	76	3.0
73	77	1.0
73	93	1.0
73	96	1.0
73	103	1.0
73	105	1.0
73	106	1.0
73	107	1.0
74	74	357.0
74	75	11.0
74	77	1.0
74	88	1.0
75	75	357.0
75	76	14.0
75	77	7.0
75	78	1.0
75	91	1.0
75	93	1.0
75	100	1.0
75	104	5.0
75	105	1.0
75	106	2.0
76	76	326.0
76	77	11.0
76	78	2.0
76	92	1.0
76	103	1.0
76	107	1.0
77	77	377.0
77	78	25.0
77	79	11.0
77	93	1.0
77	94	3.0
77	97	1.0
77	105	1.0
78	78	307.0
78	79	16.0
78	81	2.0
78	92	1.0
78	94	1.0
78	96	1.0
78	97	3.0
79	79	320.0
79	80	18.0
79	81	12.0
79	85	1.0
79	90	1.0
79	91	4.0
79	92	1.0
79	93	1.0
79	94	4.0
79	95	1.0
79	96	1.0
79	98	4.0
79	99	3.0
79	102	1.0
80	80	278.0
80	81	29.0
80	90	1.0
80	91	4.0
80	93	1.0
80	94	1.0
81	81	315.0
81	82	12.0
81	84	1.0
81	85	1.0
81	86	3.0
81	87	2.0
81	89	2.0
81	90	7.0
81	91	2.0
81	93	3.0
81	94	4.0
81	95	1.0
82	82	322.0
82	83	37.0
82	84	11.0
82	85	1.0
82	86	2.0
82	87	18.0
82	88	1.0
82	89	2.0
82	91	2.0
82	94	1.0
83	83	287.0
83	86	1.0
83	87	4.0
83	89	1.0
84	84	265.0
84	85	23.0
84	86	14.0
84	87	14.0
84	88	13.0
84	89	10.0
84	90	2.0
84	92	2.0
84	101	1.0
85	85	340.0
85	86	22.0
85	87	3.0
85	88	4.0
85	89	6.0
85	90	4.0
85	91	1.0
86	86	287.0
86	87	8.0
86	88	18.0
86	89	12.0
86	90	11.0
86	91	1.0
86	93	4.0
86	94	2.0
86	95	2.0
86	98	1.0
86	105	1.0
87	87	289.0
87	88	23.0
87	89	10.0
88	88	317.0
88	89	12.0
88	90	6.0
88	94	2.0
88	95	3.0
88	98	2.0
88	101	1.0
89	89	321.0
89	90	28.0
89	93	3.0
89	94	6.0
89	95	2.0
89	101	1.0
90	90	332.0
90	91	22.0
90	92	1.0
90	93	12.0
90	94	12.0
90	95	7.0
91	91	363.0
91	92	11.0
91	93	15.0
91	94	5.0
91	95	9.0
91	96	3.0
91	98	2.0
92	92	351.0
92	93	9.0
92	94	1.0
92	96	5.0
92	97	4.0
92	98	6.0
92	99	6.0
93	93	340.0
93	94	7.0
93	95	10.0
93	97	5.0
93	103	5.0
94	94	351.0
94	95	28.0
94	96	3.0
94	97	3.0
94	102	8.0
94	103	11.0
94	104	1.0
95	95	396.0
95	96	10.0
95	97	2.0
95	98	1.0
95	99	1.0
95	102	6.0
95	103	9.0
95	106	1.0
96	96	330.0
96	97	20.0
96	98	3.0
96	99	9.0
96	102	4.0
96	103	4.0
97	97	334.0
97	98	9.0
97	99	8.0
97	101	6.0
97	102	9.0
97	103	2.0
98	98	349.0
98	99	27.0
98	102	6.0
98	103	1.0
98	107	2.0
99	99	387.0
99	100	10.0
99	101	1.0
99	102	2.0
99	106	2.0
100	100	405.0
100	101	20.0
100	102	5.0
101	101	388.0
101	102	9.0
102	102	368.0
102	103	18.0
103	103	341.0
103	104	8.0
103	105	8.0
104	104	332.0
104	105	26.0
104	106	5.0
104	107	2.0
105	105	328.0
105	106	1.0
106	106	306.0
106	107	7.0
107	107	88.0
