1	1	445.0
1	2	12.0
1	6	1.0
1	7	5.0
1	8	2.0
1	10	1.0
1	11	2.0
1	13	7.0
1	14	3.0
1	17	1.0
1	20	1.0
1	25	1.0
1	26	8.0
1	32	1.0
1	90	1.0
1	92	2.0
1	98	1.0
1	120	2.0
2	2	388.0
2	4	1.0
2	5	12.0
2	6	8.0
2	7	13.0
2	8	1.0
2	10	2.0
2	11	3.0
2	12	1.0
2	13	5.0
2	14	3.0
2	21	2.0
2	22	5.0
2	23	4.0
2	26	8.0
2	35	1.0
2	37	2.0
2	39	1.0
2	42	2.0
2	87	4.0
2	88	1.0
2	90	1.0
2	98	1.0
2	130	1.0
3	3	485.0
3	4	24.0
3	5	11.0
3	6	1.0
3	7	1.0
3	16	1.0
3	19	1.0
3	21	1.0
3	61	1.0
3	71	1.0
3	85	2.0
3	86	11.0
3	87	6.0
3	101	1.0
4	4	403.0
4	5	16.0
4	6	5.0
4	12	2.0
4	32	1.0
4	36	1.0
4	37	6.0
4	38	6.0
4	39	1.0
4	42	4.0
4	65	1.0
4	81	3.0
4	82	4.0
4	83	2.0
4	87	5.0
4	89	1.0
4	90	1.0
4	91	1.0
4	92	2.0
4	93	1.0
4	96	10.0
4	97	3.0
4	98	2.0
4	127	1.0
4	131	1.0
5	5	401.0
5	6	8.0
5	13	1.0
5	15	1.0
5	26	1.0
5	37	7.0
5	43	2.0
5	44	1.0
5	63	1.0
5	82	1.0
5	86	5.0
5	87	8.0
5	96	1.0
6	6	386.0
6	7	13.0
6	9	1.0
6	11	1.0
6	12	2.0
6	13	4.0
6	14	3.0
6	15	15.0
6	26	6.0
6	35	1.0
6	45	2.0
6	85	1.0
6	87	8.0
6	92	1.0
6	121	1.0
6	133	1.0
6	134	1.0
6	135	2.0
7	7	419.0
7	8	9.0
7	9	5.0
7	10	1.0
7	11	4.0
7	12	2.0
7	13	11.0
7	15	6.0
7	16	6.0
7	17	1.0
7	19	1.0
7	22	14.0
7	23	8.0
7	24	2.0
7	25	2.0
7	26	12.0
7	27	15.0
7	35	5.0
7	39	2.0
7	87	1.0
7	92	1.0
7	102	1.0
7	134	7.0
7	135	4.0
8	8	400.0
8	9	16.0
8	10	4.0
8	12	3.0
8	13	1.0
8	15	1.0
8	16	4.0
8	17	1.0
8	18	1.0
8	19	6.0
8	20	1.0
8	21	7.0
8	22	8.0
8	23	11.0
8	24	3.0
8	25	15.0
8	26	18.0
8	27	8.0
8	28	1.0
8	33	2.0
8	34	7.0
8	35	4.0
8	37	2.0
8	73	1.0
8	81	1.0
8	92	2.0
8	94	3.0
8	135	2.0
9	9	352.0
9	10	5.0
9	11	4.0
9	12	1.0
9	13	5.0
9	14	8.0
9	15	9.0
9	16	1.0
9	19	6.0
9	20	3.0
9	21	2.0
9	22	2.0
9	23	6.0
9	24	14.0
9	25	22.0
9	26	14.0
9	27	11.0
9	28	1.0
9	30	1.0
9	32	1.0
9	34	3.0
9	35	1.0
9	37	1.0
9	39	1.0
9	42	1.0
9	66	1.0
9	112	1.0
10	10	396.0
10	11	11.0
10	13	3.0
10	14	7.0
10	17	2.0
10	19	4.0
10	21	2.0
10	22	7.0
10	23	4.0
10	24	8.0
10	25	6.0
10	26	4.0
10	29	1.0
10	30	1.0
10	32	1.0
10	33	12.0
10	42	2.0
10	61	1.0
10	66	6.0
10	67	1.0
11	11	388.0
11	12	3.0
11	13	11.0
11	14	9.0
11	15	11.0
11	19	2.0
11	20	1.0
11	22	7.0
11	24	8.0
11	25	5.0
11	26	10.0
11	27	3.0
11	28	6.0
11	29	1.0
11	30	7.0
11	32	5.0
11	33	3.0
11	62	1.0
11	66	1.0
11	67	7.0
11	69	4.0
11	79	1.0
11	90	1.0
11	91	1.0
11	96	1.0
11	107	1.0
11	123	1.0
12	12	394.0
12	13	10.0
12	25	5.0
12	26	3.0
12	27	5.0
12	28	10.0
12	30	7.0
12	31	1.0
12	32	6.0
12	33	1.0
12	34	2.0
12	35	2.0
12	36	13.0
12	37	1.0
12	38	1.0
12	42	1.0
12	44	1.0
12	64	2.0
12	79	1.0
12	90	1.0
12	92	6.0
12	93	4.0
12	94	1.0
12	96	6.0
12	97	8.0
12	99	1.0
12	111	1.0
13	13	429.0
13	14	17.0
13	15	1.0
13	16	1.0
13	19	2.0
13	20	5.0
13	22	2.0
13	23	1.0
13	26	7.0
13	27	2.0
13	30	3.0
13	31	2.0
13	32	15.0
13	36	2.0
13	37	5.0
13	43	1.0
13	55	1.0
13	87	1.0
13	92	1.0
13	94	1.0
13	98	1.0
13	129	1.0
14	14	403.0
14	15	17.0
14	16	7.0
14	17	1.0
14	19	8.0
14	20	3.0
14	22	1.0
14	26	2.0
14	27	1.0
14	31	13.0
14	80	1.0
14	91	2.0
14	97	1.0
15	15	378.0
15	16	17.0
15	17	1.0
15	19	5.0
15	20	1.0
15	24	1.0
15	27	3.0
15	44	2.0
15	113	1.0
15	134	1.0
15	135	6.0
16	16	398.0
16	17	7.0
16	19	11.0
16	20	13.0
16	21	9.0
16	22	1.0
16	25	2.0
16	26	2.0
16	38	2.0
16	48	1.0
16	95	1.0
16	96	1.0
16	135	1.0
17	17	268.0
17	18	14.0
17	19	9.0
17	20	6.0
17	21	20.0
17	23	1.0
17	25	1.0
17	71	1.0
17	77	1.0
18	18	231.0
18	19	3.0
18	20	2.0
18	21	1.0
18	39	1.0
18	71	1.0
18	85	1.0
19	19	337.0
19	20	9.0
19	21	27.0
19	23	1.0
19	27	1.0
19	28	1.0
19	42	1.0
19	65	1.0
19	71	1.0
19	90	2.0
19	95	1.0
19	96	1.0
19	130	1.0
20	20	372.0
20	21	20.0
20	22	7.0
20	23	2.0
20	26	5.0
20	34	1.0
20	95	3.0
21	21	364.0
21	22	12.0
21	23	2.0
21	26	1.0
21	37	2.0
21	45	4.0
21	57	1.0
21	95	8.0
21	96	3.0
22	22	347.0
22	23	32.0
22	24	22.0
22	25	7.0
22	26	4.0
22	30	1.0
22	35	1.0
22	57	1.0
22	58	1.0
22	66	6.0
22	67	2.0
22	69	3.0
22	79	1.0
22	95	5.0
22	96	2.0
22	127	1.0
23	23	373.0
23	24	25.0
23	25	4.0
23	26	9.0
23	27	7.0
23	42	2.0
23	66	5.0
23	67	1.0
23	69	1.0
24	24	383.0
24	25	18.0
24	26	10.0
24	27	9.0
24	32	2.0
24	33	1.0
24	35	1.0
24	66	1.0
24	69	4.0
24	95	2.0
24	96	4.0
24	109	1.0
25	25	393.0
25	26	4.0
25	27	11.0
25	28	1.0
25	30	3.0
25	31	2.0
25	34	2.0
25	35	5.0
25	69	2.0
25	97	1.0
26	26	379.0
26	27	7.0
26	28	1.0
26	30	3.0
26	31	2.0
26	32	1.0
26	35	6.0
26	37	4.0
26	89	1.0
26	96	1.0
26	108	1.0
26	129	1.0
27	27	344.0
27	28	9.0
27	29	2.0
27	30	1.0
27	33	3.0
27	34	8.0
27	35	7.0
27	36	2.0
27	37	3.0
27	54	1.0
27	67	1.0
27	92	7.0
27	94	3.0
27	95	1.0
27	97	2.0
27	107	1.0
28	28	349.0
28	29	12.0
28	30	3.0
28	31	2.0
28	32	2.0
28	33	4.0
28	34	4.0
28	38	1.0
28	63	1.0
28	64	1.0
29	29	411.0
29	30	18.0
29	32	9.0
29	33	7.0
29	34	7.0
29	35	4.0
29	38	4.0
29	39	2.0
29	49	4.0
29	57	1.0
29	64	4.0
29	67	3.0
29	79	6.0
29	81	2.0
29	96	1.0
29	99	2.0
29	117	2.0
29	126	1.0
30	30	376.0
30	31	7.0
30	32	17.0
30	33	16.0
30	35	1.0
30	36	2.0
30	38	3.0
30	46	1.0
30	51	1.0
30	90	2.0
30	91	2.0
30	93	2.0
30	94	1.0
30	95	1.0
30	97	2.0
30	133	1.0
31	31	343.0
31	32	19.0
31	33	1.0
31	94	5.0
32	32	313.0
32	33	11.0
32	34	1.0
32	61	1.0
32	64	2.0
32	65	2.0
32	66	1.0
32	67	1.0
32	94	1.0
32	120	1.0
33	33	350.0
33	34	14.0
33	35	3.0
33	36	4.0
33	37	2.0
33	38	1.0
33	39	1.0
33	42	1.0
33	64	9.0
33	65	8.0
33	66	4.0
33	90	1.0
33	93	1.0
33	94	2.0
33	95	1.0
33	97	4.0
33	116	1.0
34	34	404.0
34	35	4.0
34	36	6.0
34	37	2.0
34	62	1.0
34	64	1.0
34	65	2.0
34	71	1.0
34	90	1.0
34	92	8.0
34	94	4.0
34	95	4.0
34	97	3.0
34	132	1.0
35	35	415.0
35	36	3.0
35	37	11.0
35	42	1.0
35	45	1.0
35	76	1.0
35	91	1.0
35	92	3.0
35	94	6.0
35	95	2.0
35	97	10.0
35	98	1.0
35	99	2.0
35	100	1.0
36	36	383.0
36	37	16.0
36	38	3.0
36	42	4.0
36	76	2.0
36	81	1.0
36	87	2.0
36	91	1.0
36	92	8.0
36	93	2.0
36	94	3.0
36	95	1.0
36	96	6.0
36	97	15.0
36	98	1.0
36	100	1.0
37	37	353.0
37	38	21.0
37	42	3.0
37	44	1.0
37	50	1.0
37	52	1.0
37	53	2.0
37	54	3.0
37	56	1.0
37	57	1.0
37	58	2.0
37	59	2.0
37	63	1.0
37	76	1.0
37	81	1.0
37	82	3.0
37	84	2.0
37	87	10.0
37	89	2.0
37	92	8.0
37	93	1.0
37	96	7.0
37	97	4.0
37	98	3.0
37	99	1.0
37	104	1.0
37	106	3.0
37	116	1.0
37	117	2.0
37	118	1.0
38	38	329.0
38	39	37.0
38	42	87.0
38	43	2.0
38	45	1.0
38	49	1.0
38	52	1.0
38	59	1.0
38	62	2.0
38	63	1.0
38	64	5.0
38	72	1.0
38	77	1.0
38	81	5.0
38	82	10.0
38	87	2.0
38	90	2.0
38	91	2.0
38	92	1.0
38	93	1.0
38	96	4.0
38	97	9.0
38	98	1.0
38	117	2.0
38	118	4.0
38	125	4.0
39	39	159.0
39	42	43.0
39	64	1.0
39	74	1.0
39	85	1.0
39	96	1.0
39	97	1.0
39	117	1.0
39	127	1.0
42	42	887.0
42	43	2.0
42	44	6.0
42	48	1.0
42	49	1.0
42	53	5.0
42	54	1.0
42	56	1.0
42	57	8.0
42	58	2.0
42	59	7.0
42	60	1.0
42	63	1.0
42	64	1.0
42	65	1.0
42	66	2.0
42	67	4.0
42	68	3.0
42	71	4.0
42	75	1.0
42	77	2.0
42	78	3.0
42	79	1.0
42	82	1.0
42	83	3.0
42	84	1.0
42	90	2.0
42	92	3.0
42	95	1.0
42	98	1.0
42	100	2.0
42	106	2.0
42	107	2.0
42	108	4.0
42	109	1.0
42	112	3.0
42	115	1.0
42	116	1.0
42	117	5.0
42	125	2.0
42	126	1.0
42	127	2.0
42	129	1.0
42	131	2.0
42	133	1.0
43	43	451.0
43	44	9.0
43	45	3.0
43	46	3.0
43	53	1.0
43	60	1.0
43	61	1.0
43	65	1.0
43	66	5.0
43	76	4.0
43	77	1.0
43	79	6.0
43	82	2.0
43	83	1.0
43	84	4.0
43	85	2.0
43	86	1.0
43	89	3.0
43	90	4.0
43	91	5.0
43	93	7.0
43	95	4.0
43	96	1.0
43	98	1.0
43	100	1.0
43	101	4.0
43	102	8.0
43	104	1.0
43	106	4.0
43	112	4.0
43	113	1.0
43	116	1.0
43	118	1.0
43	120	3.0
43	123	1.0
43	125	3.0
43	127	1.0
43	130	3.0
43	131	2.0
43	132	4.0
43	133	1.0
43	134	4.0
44	44	437.0
44	45	11.0
44	46	3.0
44	47	2.0
44	49	1.0
44	50	4.0
44	53	1.0
44	56	9.0
44	57	3.0
44	58	2.0
44	64	2.0
44	76	2.0
44	81	4.0
44	83	3.0
44	84	14.0
44	90	2.0
44	91	9.0
44	92	5.0
44	93	4.0
44	95	2.0
44	98	4.0
44	99	2.0
44	100	1.0
44	106	2.0
44	107	2.0
44	111	1.0
44	113	2.0
44	115	3.0
44	116	5.0
44	118	1.0
44	119	1.0
44	125	1.0
44	132	2.0
44	134	3.0
45	45	403.0
45	46	8.0
45	47	4.0
45	50	9.0
45	51	1.0
45	52	2.0
45	53	6.0
45	55	7.0
45	56	1.0
45	57	2.0
45	58	1.0
45	70	1.0
45	75	1.0
45	79	1.0
45	84	1.0
45	87	4.0
45	88	16.0
45	90	2.0
45	91	3.0
45	93	1.0
45	95	10.0
45	96	5.0
45	97	3.0
45	99	1.0
45	104	1.0
45	106	6.0
45	120	7.0
45	121	4.0
45	122	5.0
45	125	1.0
45	126	3.0
45	127	2.0
45	132	1.0
46	46	110.0
46	47	8.0
46	48	1.0
46	50	2.0
46	51	1.0
46	53	2.0
46	55	1.0
46	56	1.0
46	64	1.0
46	83	2.0
46	84	4.0
46	87	1.0
46	88	3.0
46	90	1.0
46	95	1.0
46	105	1.0
46	114	1.0
46	116	1.0
46	120	4.0
46	121	1.0
46	122	2.0
46	126	2.0
47	47	214.0
47	48	4.0
47	49	3.0
47	50	1.0
47	51	2.0
47	52	1.0
47	53	4.0
47	54	7.0
47	55	2.0
47	56	1.0
47	57	1.0
47	58	2.0
47	76	2.0
47	78	1.0
47	79	1.0
47	82	1.0
47	83	2.0
47	84	1.0
47	85	2.0
47	86	3.0
47	87	1.0
47	88	6.0
47	97	2.0
47	113	1.0
47	115	1.0
47	118	1.0
47	120	1.0
47	122	2.0
47	125	1.0
48	48	188.0
48	50	2.0
48	51	4.0
48	57	4.0
48	58	1.0
48	88	1.0
48	117	1.0
48	121	3.0
48	125	8.0
48	126	5.0
48	127	4.0
49	49	306.0
49	50	10.0
49	52	5.0
49	55	3.0
49	57	1.0
49	58	6.0
49	59	3.0
49	60	2.0
49	61	3.0
49	63	1.0
49	65	1.0
49	78	1.0
49	83	2.0
49	84	1.0
49	85	1.0
49	86	2.0
49	88	1.0
49	89	3.0
49	94	1.0
49	95	4.0
49	97	4.0
49	98	1.0
49	104	6.0
49	110	1.0
49	112	10.0
49	113	1.0
49	114	3.0
49	115	2.0
49	118	3.0
49	119	5.0
49	120	1.0
49	130	1.0
49	131	1.0
49	133	2.0
49	134	1.0
50	50	446.0
50	51	2.0
50	52	3.0
50	53	4.0
50	54	5.0
50	55	6.0
50	57	1.0
50	58	8.0
50	77	1.0
50	84	3.0
50	88	2.0
50	91	1.0
50	95	1.0
50	97	2.0
50	104	3.0
50	110	6.0
50	111	3.0
51	51	83.0
51	55	1.0
51	56	5.0
51	58	1.0
51	59	1.0
51	88	7.0
51	111	2.0
51	113	1.0
51	114	2.0
51	115	1.0
51	117	1.0
51	122	2.0
52	52	345.0
52	53	8.0
52	54	6.0
52	67	1.0
52	70	2.0
52	82	3.0
52	85	5.0
52	89	2.0
52	90	5.0
52	91	3.0
52	92	4.0
52	94	1.0
52	95	5.0
52	101	1.0
52	106	8.0
52	110	6.0
52	111	3.0
52	112	3.0
52	113	4.0
52	114	6.0
52	115	8.0
52	116	3.0
52	124	4.0
52	129	4.0
53	53	366.0
53	54	8.0
53	55	10.0
53	56	12.0
53	57	7.0
53	58	1.0
53	59	6.0
53	60	3.0
53	65	1.0
53	66	3.0
53	69	3.0
53	74	1.0
53	75	3.0
53	77	7.0
53	78	1.0
53	82	1.0
53	84	3.0
53	88	1.0
53	90	5.0
53	91	3.0
53	107	2.0
53	108	1.0
53	109	2.0
53	110	2.0
53	111	2.0
53	112	1.0
53	113	9.0
53	115	4.0
53	116	3.0
53	117	1.0
53	127	1.0
54	54	381.0
54	55	10.0
54	57	6.0
54	58	5.0
54	59	6.0
54	60	1.0
54	61	1.0
54	69	3.0
54	82	2.0
54	83	2.0
54	84	1.0
54	85	1.0
54	89	3.0
54	93	1.0
54	94	1.0
54	95	2.0
54	97	3.0
54	110	2.0
54	111	1.0
54	112	1.0
54	113	4.0
54	115	1.0
54	117	2.0
54	126	1.0
55	55	343.0
55	56	28.0
55	57	12.0
55	58	7.0
55	59	12.0
55	60	2.0
55	69	1.0
55	74	3.0
55	75	3.0
55	77	3.0
55	78	10.0
55	84	4.0
55	89	2.0
55	90	2.0
55	95	1.0
55	100	1.0
55	109	2.0
55	111	1.0
55	113	5.0
55	117	2.0
55	122	1.0
56	56	342.0
56	57	11.0
56	58	13.0
56	59	8.0
56	60	1.0
56	74	1.0
56	75	3.0
56	78	5.0
56	80	1.0
56	83	3.0
56	84	9.0
56	89	2.0
56	90	3.0
56	92	1.0
56	99	1.0
56	109	3.0
56	113	1.0
56	133	1.0
57	57	331.0
57	58	11.0
57	59	6.0
57	60	2.0
57	69	4.0
57	71	2.0
57	78	12.0
57	83	1.0
57	84	1.0
57	87	1.0
57	94	1.0
57	95	7.0
57	96	1.0
57	97	1.0
57	103	1.0
57	118	5.0
58	58	324.0
58	59	12.0
58	64	1.0
58	70	9.0
58	71	2.0
58	72	1.0
58	74	1.0
58	78	1.0
58	82	1.0
58	83	7.0
58	84	7.0
58	95	2.0
58	97	3.0
58	98	1.0
58	107	3.0
58	112	1.0
58	116	1.0
58	117	1.0
58	125	2.0
59	59	381.0
59	60	7.0
59	63	1.0
59	66	1.0
59	68	2.0
59	69	3.0
59	70	1.0
59	71	1.0
59	74	2.0
59	75	1.0
59	77	1.0
59	78	3.0
59	79	1.0
59	83	4.0
59	97	3.0
59	98	3.0
59	99	8.0
59	100	6.0
59	110	1.0
59	111	1.0
59	117	1.0
59	118	2.0
59	125	1.0
60	60	354.0
60	61	10.0
60	62	6.0
60	63	7.0
60	65	3.0
60	67	2.0
60	69	1.0
60	71	2.0
60	75	3.0
60	76	7.0
60	77	4.0
60	78	3.0
60	79	1.0
60	82	1.0
60	84	3.0
60	89	2.0
60	99	1.0
60	100	8.0
60	101	3.0
60	103	1.0
60	104	1.0
60	106	7.0
60	108	1.0
60	109	1.0
60	117	2.0
60	118	2.0
60	119	5.0
60	123	1.0
60	125	1.0
60	129	5.0
60	130	17.0
60	134	1.0
61	61	388.0
61	62	19.0
61	63	4.0
61	65	1.0
61	66	9.0
61	67	6.0
61	68	6.0
61	69	6.0
61	72	3.0
61	75	5.0
61	78	2.0
61	83	1.0
61	89	1.0
61	100	1.0
61	104	2.0
61	112	2.0
61	113	2.0
61	129	4.0
61	130	1.0
62	62	354.0
62	63	29.0
62	64	4.0
62	65	4.0
62	66	2.0
62	67	3.0
62	77	3.0
62	78	9.0
62	81	6.0
62	82	6.0
62	83	1.0
62	92	1.0
62	94	2.0
62	95	1.0
62	96	1.0
62	135	2.0
63	63	444.0
63	64	9.0
63	66	8.0
63	67	20.0
63	68	4.0
63	74	1.0
63	77	9.0
63	78	1.0
63	79	10.0
63	80	2.0
63	81	6.0
63	83	1.0
63	99	2.0
63	104	1.0
64	64	447.0
64	65	16.0
64	66	6.0
64	67	9.0
64	68	2.0
64	70	4.0
64	71	1.0
64	73	4.0
64	74	1.0
64	79	2.0
64	81	3.0
64	99	1.0
64	117	2.0
65	65	400.0
65	66	10.0
65	67	11.0
65	68	4.0
65	69	5.0
65	70	2.0
65	71	7.0
65	72	1.0
65	73	6.0
65	75	2.0
65	77	2.0
65	84	2.0
65	100	1.0
65	109	1.0
66	66	333.0
66	67	25.0
66	68	12.0
66	69	9.0
66	71	1.0
66	72	2.0
66	73	2.0
66	79	8.0
66	80	14.0
66	81	1.0
66	89	4.0
66	96	3.0
66	97	2.0
66	111	1.0
66	112	2.0
66	132	1.0
67	67	314.0
67	68	18.0
67	69	20.0
67	72	1.0
67	73	6.0
67	75	1.0
67	79	6.0
67	80	3.0
67	81	1.0
67	89	2.0
67	96	2.0
67	101	1.0
67	117	1.0
68	68	367.0
68	69	11.0
68	70	1.0
68	71	5.0
68	72	3.0
68	73	5.0
68	75	2.0
68	79	2.0
68	80	10.0
68	81	1.0
68	84	1.0
68	85	1.0
68	104	1.0
68	106	1.0
68	111	1.0
68	113	2.0
68	129	1.0
69	69	328.0
69	70	5.0
69	71	8.0
69	73	1.0
69	75	2.0
69	79	1.0
69	80	4.0
69	81	3.0
69	89	3.0
69	112	2.0
69	130	1.0
70	70	358.0
70	71	15.0
70	73	4.0
70	74	9.0
70	75	1.0
70	84	3.0
70	105	1.0
70	106	1.0
70	109	1.0
70	111	1.0
70	131	2.0
70	133	10.0
70	134	3.0
71	71	444.0
71	72	12.0
71	73	11.0
71	74	5.0
71	75	7.0
71	79	1.0
71	84	3.0
71	87	2.0
71	101	3.0
71	102	1.0
71	103	1.0
71	104	1.0
71	105	3.0
71	128	1.0
71	130	1.0
71	131	4.0
71	132	13.0
71	133	7.0
71	135	1.0
72	72	478.0
72	73	31.0
72	74	5.0
72	75	4.0
72	82	1.0
72	86	1.0
72	93	1.0
72	98	5.0
72	100	7.0
72	101	6.0
72	102	3.0
72	103	13.0
72	104	9.0
72	105	11.0
72	117	1.0
72	125	1.0
72	129	1.0
72	130	4.0
72	131	2.0
72	132	5.0
72	133	1.0
73	73	482.0
73	74	16.0
73	75	11.0
73	86	1.0
73	87	8.0
73	88	2.0
73	91	1.0
73	93	4.0
73	94	3.0
73	97	1.0
73	98	5.0
73	99	2.0
73	104	2.0
73	105	3.0
73	106	2.0
73	117	1.0
73	132	1.0
74	74	401.0
74	75	13.0
74	77	2.0
74	78	2.0
74	80	4.0
74	83	7.0
74	84	2.0
74	86	9.0
74	87	4.0
74	92	1.0
74	94	1.0
74	98	18.0
74	99	2.0
74	100	2.0
74	101	4.0
74	103	1.0
74	132	3.0
75	75	405.0
75	76	5.0
75	77	3.0
75	78	5.0
75	83	1.0
75	86	1.0
75	94	2.0
75	98	1.0
75	99	1.0
75	100	4.0
75	101	4.0
75	103	3.0
75	107	1.0
75	117	3.0
75	118	1.0
75	131	3.0
76	76	365.0
76	77	10.0
76	78	1.0
76	82	6.0
76	83	12.0
76	84	2.0
76	85	3.0
76	88	2.0
76	90	1.0
76	97	2.0
76	99	3.0
76	100	7.0
76	103	2.0
76	107	1.0
76	108	1.0
76	109	1.0
76	112	1.0
76	115	1.0
76	116	7.0
76	117	6.0
76	118	1.0
76	119	2.0
76	120	1.0
76	123	1.0
76	130	3.0
76	131	1.0
76	132	2.0
76	133	7.0
76	135	3.0
77	77	415.0
77	78	18.0
77	79	1.0
77	81	3.0
77	82	1.0
77	83	7.0
77	86	4.0
77	89	4.0
77	90	1.0
77	91	2.0
77	93	2.0
77	94	8.0
77	97	4.0
77	98	3.0
77	99	2.0
77	100	1.0
77	101	1.0
77	107	4.0
77	108	4.0
77	109	5.0
77	111	1.0
77	113	1.0
77	116	5.0
77	117	2.0
77	119	6.0
77	120	1.0
77	129	1.0
77	131	6.0
78	78	375.0
78	79	17.0
78	81	3.0
78	82	12.0
78	83	6.0
78	86	1.0
78	90	1.0
78	92	1.0
78	93	5.0
78	94	10.0
78	98	2.0
78	99	7.0
78	100	3.0
78	102	1.0
78	104	1.0
78	106	1.0
78	107	1.0
78	108	10.0
78	109	15.0
78	117	1.0
78	131	4.0
78	132	1.0
79	79	466.0
79	80	13.0
79	81	27.0
79	82	1.0
79	83	1.0
79	84	4.0
79	89	1.0
79	93	1.0
79	95	1.0
79	96	5.0
79	98	1.0
79	99	3.0
79	100	1.0
79	101	1.0
79	102	10.0
79	103	2.0
79	105	6.0
79	106	8.0
79	107	1.0
79	121	1.0
79	123	3.0
79	132	7.0
79	134	3.0
80	80	500.0
80	81	18.0
80	95	1.0
80	102	5.0
80	103	3.0
81	81	392.0
81	82	7.0
81	84	1.0
81	90	2.0
81	93	1.0
81	96	4.0
81	98	1.0
81	99	4.0
81	100	2.0
81	105	3.0
81	106	1.0
81	107	1.0
81	109	1.0
81	113	1.0
81	125	1.0
81	130	2.0
81	132	2.0
82	82	396.0
82	83	7.0
82	84	2.0
82	85	3.0
82	86	3.0
82	87	1.0
82	88	1.0
82	89	1.0
82	90	1.0
82	94	4.0
82	95	1.0
82	97	3.0
82	106	9.0
82	107	3.0
82	108	1.0
82	112	1.0
82	113	7.0
82	115	2.0
82	118	1.0
82	131	1.0
82	132	2.0
82	133	2.0
83	83	341.0
83	84	1.0
83	85	14.0
83	86	7.0
83	94	4.0
83	97	4.0
83	98	1.0
83	100	1.0
83	101	2.0
83	108	2.0
83	110	1.0
83	111	2.0
83	115	6.0
83	116	5.0
83	117	4.0
83	118	1.0
83	125	1.0
83	132	2.0
84	84	340.0
84	85	15.0
84	89	3.0
84	90	6.0
84	93	3.0
84	100	5.0
84	102	1.0
84	106	5.0
84	107	11.0
84	109	1.0
84	113	2.0
84	115	2.0
84	116	10.0
84	117	4.0
84	118	7.0
84	122	1.0
84	125	3.0
84	127	2.0
84	130	5.0
84	131	8.0
84	132	5.0
84	133	4.0
84	134	1.0
85	85	378.0
85	86	24.0
85	93	2.0
85	103	4.0
85	106	5.0
85	107	4.0
85	108	6.0
85	109	9.0
85	110	3.0
85	111	2.0
85	112	3.0
85	113	10.0
85	114	4.0
85	115	9.0
85	116	18.0
85	117	14.0
85	118	6.0
85	119	2.0
85	122	2.0
85	125	4.0
85	126	1.0
85	131	2.0
85	132	5.0
85	133	1.0
86	86	382.0
86	87	17.0
86	88	2.0
86	93	6.0
86	94	7.0
86	95	1.0
86	97	4.0
86	98	3.0
86	99	1.0
86	101	3.0
86	102	2.0
86	103	10.0
86	104	3.0
86	116	1.0
86	120	2.0
86	122	1.0
86	130	3.0
86	132	1.0
86	133	1.0
87	87	442.0
87	88	33.0
87	89	1.0
87	92	1.0
87	93	1.0
87	94	2.0
87	98	14.0
87	104	3.0
87	105	2.0
87	120	3.0
87	121	1.0
87	132	1.0
88	88	404.0
88	89	8.0
88	93	1.0
88	94	2.0
88	95	3.0
88	97	5.0
88	98	3.0
88	99	1.0
88	102	1.0
88	104	7.0
88	110	1.0
88	120	1.0
88	121	10.0
88	125	1.0
88	127	1.0
88	133	1.0
89	89	290.0
89	90	17.0
89	91	6.0
89	92	8.0
89	97	3.0
89	99	4.0
89	104	3.0
89	106	3.0
89	107	2.0
89	109	3.0
89	112	4.0
89	113	1.0
89	114	1.0
89	119	16.0
89	123	2.0
89	125	2.0
89	127	2.0
89	129	1.0
89	130	15.0
89	131	2.0
89	133	2.0
89	134	3.0
90	90	371.0
90	91	21.0
90	92	7.0
90	93	5.0
90	94	1.0
90	95	1.0
90	97	3.0
90	98	1.0
90	104	1.0
90	106	2.0
90	107	1.0
90	109	3.0
90	110	4.0
90	111	3.0
90	112	2.0
90	113	1.0
90	115	1.0
90	117	1.0
90	119	1.0
90	122	1.0
90	124	1.0
90	125	1.0
90	127	1.0
90	129	1.0
90	131	9.0
90	132	4.0
90	133	2.0
90	134	1.0
90	135	1.0
91	91	398.0
91	92	17.0
91	93	8.0
91	94	3.0
91	95	4.0
91	98	3.0
91	99	1.0
91	100	1.0
91	111	3.0
91	112	1.0
91	132	5.0
92	92	360.0
92	93	12.0
92	94	1.0
92	95	4.0
92	96	7.0
92	97	6.0
92	99	5.0
92	103	1.0
92	106	2.0
92	112	1.0
92	127	1.0
93	93	367.0
93	94	12.0
93	95	10.0
93	96	2.0
93	97	7.0
93	98	12.0
93	99	1.0
93	101	1.0
93	103	14.0
93	104	1.0
93	107	1.0
93	110	1.0
93	115	2.0
93	116	1.0
93	132	2.0
94	94	373.0
94	95	10.0
94	97	16.0
94	98	8.0
94	99	2.0
94	103	1.0
94	113	1.0
94	131	2.0
95	95	393.0
95	96	7.0
95	97	6.0
95	98	6.0
95	99	5.0
95	104	7.0
95	106	6.0
95	108	1.0
95	114	1.0
95	115	1.0
96	96	349.0
96	97	5.0
96	98	3.0
97	97	398.0
97	98	6.0
97	99	5.0
97	101	1.0
97	102	1.0
98	98	363.0
98	99	11.0
98	103	1.0
98	105	1.0
98	106	2.0
98	116	1.0
98	130	1.0
98	132	4.0
99	99	491.0
99	100	27.0
99	101	1.0
99	103	1.0
99	104	2.0
99	106	5.0
99	107	2.0
99	130	2.0
100	100	357.0
100	101	9.0
100	104	3.0
100	106	8.0
100	107	6.0
100	113	1.0
100	116	1.0
100	118	3.0
100	119	4.0
100	130	3.0
100	131	1.0
100	132	2.0
101	101	394.0
101	102	23.0
101	103	10.0
101	104	6.0
101	105	5.0
101	106	6.0
101	107	1.0
101	112	11.0
101	113	3.0
101	115	2.0
101	116	1.0
101	118	1.0
101	119	1.0
101	129	2.0
101	130	9.0
101	131	1.0
102	102	438.0
102	103	20.0
102	104	3.0
102	105	7.0
102	106	2.0
102	112	5.0
102	115	1.0
102	122	1.0
102	123	1.0
103	103	418.0
103	104	8.0
104	104	466.0
104	105	10.0
104	106	1.0
104	110	1.0
104	123	4.0
104	124	2.0
104	126	2.0
104	129	5.0
104	130	4.0
104	134	4.0
105	105	407.0
105	106	6.0
105	122	1.0
105	123	11.0
105	124	9.0
105	130	4.0
105	131	9.0
105	132	1.0
105	133	3.0
106	106	394.0
106	107	7.0
106	109	4.0
106	112	3.0
106	113	3.0
106	115	5.0
106	116	4.0
106	117	2.0
106	118	1.0
106	119	4.0
106	120	9.0
106	122	2.0
106	123	4.0
106	124	1.0
106	125	3.0
106	126	3.0
106	127	1.0
106	130	2.0
106	133	3.0
106	135	1.0
107	107	373.0
107	108	25.0
107	109	17.0
107	110	10.0
107	111	1.0
107	113	3.0
107	114	7.0
107	115	2.0
107	117	2.0
107	118	2.0
107	119	3.0
107	120	2.0
107	121	2.0
107	122	3.0
107	124	3.0
107	128	1.0
107	129	4.0
107	130	1.0
107	131	5.0
107	133	4.0
107	134	2.0
108	108	403.0
108	109	18.0
108	110	1.0
108	111	3.0
108	116	10.0
108	117	3.0
108	118	1.0
108	119	1.0
108	120	8.0
108	122	8.0
108	123	1.0
108	130	1.0
108	131	8.0
108	135	2.0
109	109	366.0
109	110	24.0
109	111	5.0
109	113	2.0
109	114	4.0
109	116	3.0
109	117	2.0
109	119	6.0
109	120	6.0
109	121	5.0
109	124	1.0
109	125	3.0
109	131	6.0
109	134	1.0
110	110	351.0
110	111	7.0
110	114	7.0
110	115	1.0
110	116	6.0
110	117	6.0
110	118	2.0
110	119	4.0
110	120	2.0
110	121	6.0
110	122	1.0
110	124	1.0
111	111	394.0
111	112	9.0
111	113	5.0
111	114	12.0
111	115	11.0
111	116	7.0
111	117	3.0
111	118	1.0
111	119	1.0
111	121	1.0
111	126	1.0
111	127	2.0
111	129	2.0
112	112	417.0
112	113	12.0
112	114	11.0
112	115	8.0
112	116	5.0
112	117	1.0
112	118	20.0
112	119	8.0
112	120	1.0
112	122	2.0
112	124	6.0
112	126	2.0
112	127	5.0
112	130	3.0
112	133	2.0
113	113	381.0
113	114	22.0
113	115	18.0
113	116	20.0
113	117	9.0
113	118	8.0
113	119	3.0
113	125	3.0
113	126	2.0
113	133	1.0
113	134	1.0
114	114	392.0
114	115	16.0
114	116	2.0
114	117	4.0
114	118	3.0
114	119	4.0
114	120	1.0
114	121	1.0
114	123	4.0
114	125	1.0
114	127	4.0
114	128	6.0
114	129	1.0
114	130	2.0
114	131	1.0
115	115	403.0
115	116	24.0
115	117	16.0
115	118	7.0
115	119	8.0
115	124	3.0
115	127	1.0
115	129	2.0
116	116	407.0
116	117	17.0
116	118	6.0
116	119	6.0
116	124	1.0
116	126	1.0
116	130	1.0
116	132	1.0
116	133	2.0
117	117	355.0
117	118	15.0
117	125	2.0
117	129	3.0
117	130	1.0
117	131	1.0
117	133	3.0
118	118	387.0
118	119	24.0
118	120	8.0
118	122	3.0
118	124	1.0
118	125	8.0
118	126	1.0
118	129	2.0
118	132	2.0
118	133	6.0
119	119	384.0
119	120	5.0
119	121	1.0
119	124	7.0
119	125	6.0
119	126	1.0
119	127	6.0
119	129	5.0
119	130	12.0
119	133	2.0
119	134	3.0
120	120	396.0
120	121	12.0
120	122	13.0
120	123	2.0
120	124	4.0
120	125	11.0
120	127	7.0
120	129	3.0
120	132	2.0
120	133	1.0
120	134	5.0
120	135	1.0
121	121	429.0
121	122	2.0
121	124	3.0
121	125	6.0
121	126	2.0
121	133	1.0
122	122	446.0
122	123	32.0
122	124	9.0
122	125	10.0
122	126	5.0
122	127	10.0
122	128	2.0
122	129	2.0
122	130	2.0
122	134	2.0
122	135	2.0
123	123	419.0
123	124	41.0
123	125	2.0
123	126	1.0
123	127	1.0
123	129	4.0
123	133	3.0
123	134	7.0
123	135	5.0
124	124	433.0
124	125	22.0
124	126	7.0
124	127	3.0
124	129	3.0
124	130	1.0
124	133	1.0
124	134	5.0
124	135	1.0
125	125	440.0
125	126	15.0
125	127	3.0
125	131	2.0
125	132	2.0
125	133	2.0
125	134	4.0
125	135	2.0
126	126	461.0
126	127	17.0
126	128	10.0
126	129	7.0
126	134	5.0
126	135	3.0
127	127	435.0
127	128	18.0
127	129	14.0
127	131	2.0
127	133	2.0
127	134	1.0
127	135	1.0
128	128	385.0
128	129	17.0
129	129	437.0
129	130	1.0
129	131	2.0
129	134	5.0
129	135	1.0
130	130	424.0
130	131	4.0
130	132	3.0
130	133	3.0
130	134	1.0
131	131	450.0
131	132	15.0
131	133	17.0
131	134	2.0
131	135	1.0
132	132	426.0
132	133	10.0
132	134	1.0
132	135	1.0
133	133	400.0
133	134	8.0
133	135	5.0
134	134	494.0
134	135	15.0
135	135	182.0
136	1	13.0
136	2	2.0
136	6	5.0
136	7	1.0
136	14	10.0
136	15	2.0
136	21	1.0
136	42	1.0
136	52	2.0
136	76	2.0
136	77	1.0
136	88	2.0
136	99	1.0
136	100	1.0
136	107	1.0
136	121	6.0
136	122	1.0
136	124	1.0
136	131	1.0
136	133	1.0
136	134	5.0
136	135	2.0
136	136	368.0
