1	1	330.0
1	2	19.0
1	3	12.0
1	5	2.0
1	7	1.0
1	9	1.0
1	20	1.0
1	30	1.0
1	33	2.0
1	45	9.0
1	46	6.0
1	47	6.0
1	61	1.0
1	63	1.0
1	71	1.0
1	85	1.0
1	86	3.0
1	87	3.0
1	95	9.0
1	100	1.0
1	112	1.0
1	118	1.0
1	123	1.0
1	126	1.0
1	131	1.0
1	236	1.0
1	239	16.0
2	2	364.0
2	3	11.0
2	4	8.0
2	11	1.0
2	19	3.0
2	20	2.0
2	21	3.0
2	23	1.0
2	25	1.0
2	32	1.0
2	33	2.0
2	45	1.0
2	46	8.0
2	53	1.0
2	54	1.0
2	61	11.0
2	62	4.0
2	63	8.0
2	64	1.0
2	70	2.0
2	71	8.0
2	72	5.0
2	73	1.0
2	75	1.0
2	85	3.0
2	86	11.0
2	87	1.0
2	95	2.0
2	100	2.0
2	101	10.0
2	103	1.0
2	105	2.0
2	109	3.0
2	110	1.0
2	167	1.0
2	228	1.0
2	233	1.0
2	238	2.0
2	239	6.0
3	3	292.0
3	4	5.0
3	5	7.0
3	7	11.0
3	8	3.0
3	18	3.0
3	19	4.0
3	31	1.0
3	45	1.0
3	46	3.0
3	47	4.0
3	50	3.0
3	54	1.0
3	55	5.0
3	58	1.0
3	59	4.0
3	60	4.0
3	61	2.0
3	70	2.0
3	71	1.0
3	72	2.0
3	85	8.0
3	86	4.0
3	88	5.0
3	105	3.0
3	106	8.0
3	109	4.0
3	110	1.0
3	127	1.0
3	189	1.0
3	190	4.0
3	191	2.0
3	192	1.0
3	202	7.0
3	203	1.0
3	232	2.0
3	239	1.0
4	4	317.0
4	5	23.0
4	6	2.0
4	11	1.0
4	17	2.0
4	18	4.0
4	35	1.0
4	36	1.0
4	53	1.0
4	54	2.0
4	59	9.0
4	60	4.0
4	86	4.0
4	88	1.0
4	101	1.0
4	103	1.0
4	105	5.0
4	106	4.0
4	107	4.0
4	109	9.0
4	110	10.0
4	111	3.0
4	116	1.0
4	124	7.0
4	125	6.0
4	126	3.0
4	127	6.0
4	137	1.0
4	138	1.0
4	140	2.0
4	144	7.0
4	146	1.0
4	147	5.0
4	156	1.0
4	186	1.0
4	188	2.0
4	189	1.0
4	190	2.0
4	192	6.0
4	194	2.0
4	195	3.0
4	196	6.0
4	239	1.0
5	5	257.0
5	6	26.0
5	7	1.0
5	9	3.0
5	10	1.0
5	11	10.0
5	12	10.0
5	13	7.0
5	18	4.0
5	19	1.0
5	25	1.0
5	30	1.0
5	58	1.0
5	59	1.0
5	76	2.0
5	87	1.0
5	95	2.0
5	105	1.0
5	106	6.0
5	107	1.0
5	109	1.0
5	110	1.0
5	112	4.0
5	121	4.0
5	124	1.0
5	126	3.0
5	127	1.0
5	132	1.0
5	134	1.0
5	142	1.0
5	144	8.0
5	145	4.0
5	147	2.0
5	178	1.0
5	181	1.0
5	188	1.0
5	190	3.0
5	191	1.0
5	192	2.0
5	194	6.0
5	195	1.0
5	196	9.0
5	197	5.0
6	6	292.0
6	7	7.0
6	8	5.0
6	11	5.0
6	12	10.0
6	15	5.0
6	16	7.0
6	18	2.0
6	19	3.0
6	20	1.0
6	27	1.0
6	47	3.0
6	48	1.0
6	49	15.0
6	50	6.0
6	58	1.0
6	74	1.0
6	87	1.0
6	106	12.0
6	107	1.0
6	109	2.0
6	110	1.0
6	126	1.0
6	134	3.0
6	135	2.0
6	136	5.0
6	144	6.0
6	145	1.0
6	151	9.0
6	160	2.0
6	167	1.0
6	168	3.0
6	169	8.0
6	179	2.0
6	180	1.0
6	182	2.0
6	191	1.0
6	192	2.0
6	193	1.0
6	194	3.0
6	195	3.0
6	196	9.0
6	207	6.0
6	233	1.0
7	7	292.0
7	8	18.0
7	9	13.0
7	10	5.0
7	11	8.0
7	12	3.0
7	14	1.0
7	20	1.0
7	41	2.0
7	50	5.0
7	66	1.0
7	71	1.0
7	85	1.0
7	96	1.0
7	106	3.0
7	107	1.0
7	126	2.0
7	127	1.0
7	144	1.0
7	145	2.0
7	150	1.0
7	151	4.0
7	156	6.0
7	157	8.0
7	158	2.0
7	159	1.0
7	160	7.0
7	165	1.0
7	167	1.0
7	173	1.0
7	182	5.0
7	183	1.0
7	185	2.0
7	186	1.0
7	187	4.0
7	192	1.0
7	193	10.0
7	194	3.0
7	195	1.0
7	196	3.0
7	197	1.0
7	207	1.0
7	208	3.0
7	218	1.0
7	232	1.0
8	8	316.0
8	9	5.0
8	10	10.0
8	11	1.0
8	13	1.0
8	20	1.0
8	23	3.0
8	24	3.0
8	25	1.0
8	33	2.0
8	40	1.0
8	58	1.0
8	62	1.0
8	69	1.0
8	71	1.0
8	113	1.0
8	127	1.0
8	136	2.0
8	151	1.0
8	156	8.0
8	157	2.0
8	158	1.0
8	159	4.0
8	160	1.0
8	168	2.0
8	170	11.0
8	176	3.0
8	178	4.0
8	179	2.0
8	181	1.0
8	182	9.0
8	186	1.0
8	187	2.0
8	188	7.0
8	189	4.0
8	192	2.0
8	193	2.0
8	194	3.0
8	196	4.0
8	197	1.0
8	198	3.0
8	207	4.0
8	213	2.0
8	216	1.0
8	217	7.0
8	218	3.0
8	239	1.0
9	9	405.0
9	10	29.0
9	11	16.0
9	12	11.0
9	13	2.0
9	14	3.0
9	15	3.0
9	34	2.0
9	47	1.0
9	58	1.0
9	72	1.0
9	95	1.0
9	119	1.0
9	153	1.0
9	156	1.0
9	157	1.0
9	158	9.0
9	159	5.0
9	183	1.0
9	185	4.0
9	187	10.0
9	189	2.0
9	193	1.0
9	206	1.0
10	10	345.0
10	11	38.0
10	12	15.0
10	13	1.0
10	16	2.0
10	20	1.0
10	22	1.0
10	24	1.0
10	29	1.0
10	35	1.0
10	47	4.0
10	58	1.0
10	103	1.0
10	197	1.0
10	206	1.0
10	208	2.0
11	11	336.0
11	12	11.0
11	13	4.0
11	15	3.0
11	20	1.0
11	47	2.0
11	49	1.0
11	50	4.0
11	71	2.0
11	75	1.0
11	89	1.0
11	91	2.0
11	95	2.0
11	106	1.0
11	112	2.0
11	130	1.0
11	136	1.0
11	172	1.0
11	187	1.0
11	189	1.0
11	209	1.0
11	214	1.0
12	12	328.0
12	13	18.0
12	14	2.0
12	15	10.0
12	16	8.0
12	17	7.0
12	18	6.0
12	42	1.0
12	47	4.0
12	49	20.0
12	50	3.0
12	73	1.0
12	90	1.0
12	96	1.0
12	106	1.0
12	108	2.0
12	109	11.0
12	113	1.0
12	185	5.0
12	186	3.0
12	187	3.0
12	191	1.0
12	228	1.0
13	13	260.0
13	14	27.0
13	15	1.0
13	16	8.0
13	17	4.0
13	18	13.0
13	47	1.0
13	48	1.0
13	49	1.0
13	50	2.0
13	51	5.0
13	57	1.0
13	58	1.0
13	60	1.0
13	68	1.0
13	71	1.0
13	74	1.0
13	76	2.0
13	77	1.0
13	80	1.0
13	85	1.0
13	87	3.0
13	89	1.0
13	103	1.0
13	106	3.0
13	107	9.0
13	108	5.0
13	109	2.0
13	184	3.0
13	185	2.0
13	187	3.0
13	193	1.0
13	198	1.0
13	211	1.0
13	227	1.0
14	14	268.0
14	15	27.0
14	16	9.0
14	17	16.0
14	18	12.0
14	19	1.0
14	48	1.0
14	49	14.0
14	50	1.0
14	54	2.0
14	56	2.0
14	75	4.0
14	77	2.0
14	80	11.0
14	81	3.0
14	88	2.0
14	91	1.0
14	106	2.0
14	107	1.0
14	108	2.0
14	122	4.0
14	123	1.0
14	158	3.0
14	185	2.0
14	186	3.0
14	187	2.0
14	193	1.0
14	194	1.0
15	15	311.0
15	16	41.0
15	17	12.0
15	19	8.0
15	20	1.0
15	47	1.0
15	48	1.0
15	49	2.0
15	53	1.0
15	54	3.0
15	55	1.0
15	56	5.0
15	57	6.0
15	58	2.0
15	59	1.0
15	68	1.0
15	70	1.0
15	74	3.0
15	75	13.0
15	76	1.0
15	80	7.0
15	81	2.0
15	88	1.0
15	151	1.0
15	158	1.0
15	185	1.0
15	186	3.0
15	187	2.0
15	188	2.0
15	189	3.0
15	192	1.0
15	193	5.0
15	194	2.0
15	235	1.0
16	16	325.0
16	17	9.0
16	19	7.0
16	20	7.0
16	27	1.0
16	49	1.0
16	50	3.0
16	55	2.0
16	56	3.0
16	57	6.0
16	58	5.0
16	61	1.0
16	68	5.0
16	69	1.0
16	70	2.0
16	74	12.0
16	75	4.0
16	76	1.0
16	78	2.0
16	89	2.0
16	120	1.0
16	149	1.0
16	153	4.0
16	161	1.0
16	164	1.0
16	179	1.0
16	180	1.0
16	184	1.0
16	188	2.0
16	193	3.0
16	200	1.0
16	236	1.0
17	17	296.0
17	18	15.0
17	19	1.0
17	48	4.0
17	49	3.0
17	56	8.0
17	57	11.0
17	58	5.0
17	59	2.0
17	60	1.0
17	69	3.0
17	74	1.0
17	76	1.0
17	79	1.0
17	80	4.0
17	81	4.0
17	89	2.0
17	108	2.0
17	122	2.0
17	186	1.0
17	188	5.0
17	189	3.0
17	190	3.0
17	191	1.0
17	192	3.0
17	193	3.0
17	194	3.0
17	195	4.0
17	198	1.0
17	202	4.0
17	217	3.0
17	218	2.0
18	18	271.0
18	19	4.0
18	20	3.0
18	22	1.0
18	49	5.0
18	50	3.0
18	55	2.0
18	56	1.0
18	57	6.0
18	58	1.0
18	59	7.0
18	60	14.0
18	68	9.0
18	69	5.0
18	74	2.0
18	76	2.0
18	77	1.0
18	80	2.0
18	105	1.0
18	106	3.0
18	107	10.0
18	108	6.0
18	109	1.0
18	110	4.0
18	125	9.0
18	126	2.0
18	139	1.0
18	142	1.0
18	146	1.0
18	151	1.0
18	154	1.0
18	181	1.0
18	188	3.0
18	189	2.0
18	190	5.0
18	191	1.0
18	192	1.0
18	193	1.0
18	197	3.0
18	201	3.0
18	202	5.0
18	216	1.0
19	19	331.0
19	20	14.0
19	21	2.0
19	22	1.0
19	44	1.0
19	47	2.0
19	49	1.0
19	50	3.0
19	57	8.0
19	58	1.0
19	59	3.0
19	61	4.0
19	62	6.0
19	63	14.0
19	68	4.0
19	69	5.0
19	71	1.0
19	72	3.0
19	73	1.0
19	74	1.0
19	75	4.0
19	76	7.0
19	84	2.0
19	85	8.0
19	86	1.0
19	88	1.0
19	89	3.0
19	91	1.0
19	106	4.0
19	115	1.0
19	137	1.0
19	191	1.0
19	193	2.0
19	202	3.0
19	203	7.0
19	215	1.0
19	229	1.0
19	238	3.0
19	239	1.0
20	20	332.0
20	21	15.0
20	23	2.0
20	24	3.0
20	30	1.0
20	32	5.0
20	33	3.0
20	38	1.0
20	47	3.0
20	49	2.0
20	50	2.0
20	56	1.0
20	61	1.0
20	62	3.0
20	63	3.0
20	70	6.0
20	71	12.0
20	72	12.0
20	74	3.0
20	76	2.0
20	106	2.0
20	119	1.0
20	143	1.0
20	144	1.0
20	161	1.0
20	165	1.0
20	172	1.0
20	208	1.0
20	230	1.0
20	237	9.0
20	238	9.0
20	239	6.0
21	21	329.0
21	22	20.0
21	23	6.0
21	24	22.0
21	25	3.0
21	31	2.0
21	32	4.0
21	33	3.0
21	34	7.0
21	35	5.0
21	36	2.0
21	38	1.0
21	40	1.0
21	41	1.0
21	46	1.0
21	61	1.0
21	69	1.0
21	75	1.0
21	84	1.0
21	103	1.0
21	128	3.0
21	145	1.0
21	170	1.0
21	198	1.0
21	199	4.0
21	200	2.0
21	205	7.0
21	206	4.0
21	207	2.0
21	208	1.0
21	237	5.0
22	22	282.0
22	23	16.0
22	24	11.0
22	25	3.0
22	29	5.0
22	30	2.0
22	31	2.0
22	32	5.0
22	33	2.0
22	34	14.0
22	35	4.0
22	36	2.0
22	37	1.0
22	38	7.0
22	40	3.0
22	41	1.0
22	47	1.0
22	84	1.0
22	96	1.0
22	99	1.0
22	129	1.0
22	130	6.0
22	131	1.0
22	132	1.0
22	136	1.0
22	201	1.0
22	202	2.0
22	203	1.0
22	204	6.0
22	205	6.0
22	206	3.0
22	207	5.0
22	229	16.0
22	237	2.0
22	240	1.0
23	23	347.0
23	24	20.0
23	25	6.0
23	28	2.0
23	30	9.0
23	31	6.0
23	34	1.0
23	36	1.0
23	40	5.0
23	41	1.0
23	43	3.0
23	44	1.0
23	45	6.0
23	46	12.0
23	47	1.0
23	130	1.0
23	198	1.0
23	202	2.0
23	207	11.0
23	208	3.0
23	228	1.0
23	229	2.0
23	236	1.0
23	237	1.0
23	238	2.0
23	239	8.0
23	240	8.0
24	24	296.0
24	25	12.0
24	27	1.0
24	30	5.0
24	31	2.0
24	32	1.0
24	33	3.0
24	34	8.0
24	35	6.0
24	36	2.0
24	38	1.0
24	39	1.0
24	44	1.0
24	46	6.0
24	86	1.0
24	128	4.0
24	134	1.0
24	135	1.0
24	184	1.0
24	199	1.0
24	200	2.0
24	202	1.0
24	206	6.0
24	207	8.0
24	208	11.0
24	238	1.0
24	239	3.0
24	240	9.0
24	241	3.0
25	25	332.0
25	26	17.0
25	27	5.0
25	28	1.0
25	33	4.0
25	35	1.0
25	38	7.0
25	39	1.0
25	43	2.0
25	44	6.0
25	45	7.0
25	46	14.0
25	47	1.0
25	75	1.0
25	77	1.0
25	83	1.0
25	89	1.0
25	149	1.0
25	150	1.0
25	207	4.0
25	208	2.0
25	215	1.0
25	220	1.0
25	227	1.0
25	235	1.0
25	240	2.0
25	241	18.0
26	26	318.0
26	27	19.0
26	42	1.0
26	54	1.0
26	61	1.0
26	86	1.0
26	113	1.0
26	144	1.0
26	166	1.0
26	197	1.0
26	201	1.0
26	203	1.0
26	220	1.0
26	230	1.0
26	234	1.0
26	241	2.0
27	27	373.0
27	28	2.0
27	29	1.0
27	30	1.0
27	33	1.0
27	35	2.0
27	36	2.0
27	43	1.0
27	86	1.0
27	88	1.0
27	91	2.0
27	95	1.0
27	97	2.0
27	99	1.0
27	108	1.0
27	139	1.0
27	182	1.0
27	194	1.0
27	203	5.0
27	204	1.0
27	224	1.0
27	226	1.0
27	227	3.0
27	228	2.0
27	230	2.0
27	237	1.0
27	240	4.0
27	241	22.0
27	242	1.0
28	28	346.0
28	29	15.0
28	30	4.0
28	31	3.0
28	33	1.0
28	39	1.0
28	40	6.0
28	41	3.0
28	42	1.0
28	43	3.0
28	44	5.0
28	52	1.0
28	60	1.0
28	68	2.0
28	81	1.0
28	116	1.0
28	171	1.0
28	180	1.0
28	228	4.0
28	230	5.0
28	232	4.0
28	234	4.0
28	239	2.0
28	240	6.0
29	29	328.0
29	30	12.0
29	31	2.0
29	34	1.0
29	35	5.0
29	36	5.0
29	39	8.0
29	40	16.0
29	41	3.0
29	42	5.0
29	67	1.0
29	98	1.0
29	138	1.0
29	176	1.0
29	192	1.0
29	198	1.0
29	202	1.0
29	204	6.0
29	207	4.0
29	208	1.0
29	228	4.0
30	30	329.0
30	31	23.0
30	32	1.0
30	33	1.0
30	37	9.0
30	40	9.0
30	41	3.0
30	42	2.0
30	43	7.0
30	197	3.0
30	199	4.0
30	202	2.0
30	203	3.0
30	204	5.0
30	207	6.0
30	232	2.0
30	233	2.0
30	234	7.0
30	235	9.0
30	236	1.0
30	238	2.0
30	239	4.0
30	240	3.0
31	31	352.0
31	32	16.0
31	33	3.0
31	34	4.0
31	36	1.0
31	37	3.0
31	41	1.0
31	43	5.0
31	44	4.0
31	50	1.0
31	91	1.0
31	92	1.0
31	114	1.0
31	144	1.0
31	158	1.0
31	197	2.0
31	201	3.0
31	202	4.0
31	204	1.0
31	223	1.0
31	232	1.0
31	233	3.0
31	234	3.0
31	235	7.0
31	236	6.0
31	237	5.0
31	238	2.0
31	239	1.0
31	240	3.0
31	241	1.0
32	32	314.0
32	33	20.0
32	34	4.0
32	36	1.0
32	37	7.0
32	71	3.0
32	86	1.0
32	188	1.0
32	197	7.0
32	198	1.0
32	201	3.0
32	224	1.0
32	236	9.0
32	237	13.0
32	238	2.0
33	33	330.0
33	34	19.0
33	35	6.0
33	36	12.0
33	38	1.0
33	43	1.0
33	46	1.0
33	47	2.0
33	57	1.0
33	58	1.0
33	60	1.0
33	66	2.0
33	69	2.0
33	70	9.0
33	71	8.0
33	72	6.0
33	73	12.0
33	74	1.0
33	79	1.0
33	88	1.0
33	89	1.0
33	107	1.0
33	115	1.0
33	129	1.0
33	131	1.0
33	137	2.0
33	140	2.0
33	142	1.0
33	143	1.0
33	145	1.0
33	147	1.0
33	154	2.0
33	157	1.0
33	168	1.0
33	185	2.0
33	186	1.0
33	192	2.0
33	197	1.0
33	204	1.0
33	211	1.0
33	217	1.0
33	219	1.0
33	223	3.0
33	224	1.0
33	235	1.0
33	237	2.0
33	238	1.0
33	239	1.0
33	242	1.0
34	34	272.0
34	35	13.0
34	36	7.0
34	37	1.0
34	73	1.0
34	81	1.0
34	154	1.0
35	35	284.0
35	36	16.0
35	58	1.0
35	67	6.0
35	69	3.0
35	73	3.0
35	74	2.0
35	176	1.0
35	190	1.0
35	192	2.0
35	194	1.0
35	195	5.0
35	196	1.0
35	209	4.0
35	227	1.0
35	229	1.0
36	36	325.0
36	37	8.0
36	41	2.0
36	58	3.0
36	60	1.0
36	67	4.0
36	68	5.0
36	69	16.0
36	73	4.0
36	74	1.0
36	77	1.0
36	115	1.0
36	191	1.0
36	192	2.0
36	193	6.0
36	195	1.0
36	196	1.0
36	209	1.0
36	212	2.0
36	215	1.0
36	221	1.0
37	37	306.0
37	38	9.0
37	39	2.0
37	48	1.0
37	52	1.0
37	69	1.0
37	71	2.0
37	101	1.0
37	110	1.0
37	122	1.0
37	136	1.0
37	162	1.0
37	174	3.0
37	195	1.0
37	197	12.0
37	198	5.0
37	199	8.0
37	200	2.0
37	201	2.0
37	203	3.0
37	204	3.0
37	209	1.0
37	215	1.0
37	220	1.0
37	223	1.0
37	240	1.0
38	38	313.0
38	39	14.0
38	44	5.0
38	128	1.0
38	130	1.0
38	131	3.0
38	147	1.0
38	175	3.0
38	176	1.0
38	197	1.0
38	199	3.0
38	200	5.0
38	201	2.0
38	202	4.0
38	203	1.0
38	204	8.0
38	205	9.0
38	206	3.0
38	207	1.0
38	208	2.0
38	221	1.0
38	227	1.0
38	228	7.0
38	229	5.0
38	240	1.0
38	242	1.0
39	39	328.0
39	40	11.0
39	41	5.0
39	42	4.0
39	43	10.0
39	44	9.0
39	45	13.0
39	46	2.0
39	47	2.0
39	89	1.0
39	105	1.0
39	126	1.0
39	128	1.0
39	141	1.0
39	171	1.0
39	214	1.0
39	227	1.0
40	40	258.0
40	41	11.0
40	42	2.0
40	44	6.0
40	45	6.0
40	46	5.0
40	110	1.0
40	128	3.0
40	129	5.0
40	130	2.0
40	156	1.0
40	178	1.0
40	191	1.0
40	199	1.0
40	205	1.0
40	206	2.0
40	208	1.0
40	229	3.0
40	234	3.0
40	239	1.0
40	240	1.0
41	41	294.0
41	42	1.0
41	43	2.0
41	45	8.0
41	129	5.0
41	130	1.0
41	131	2.0
41	135	8.0
41	136	2.0
41	139	1.0
41	175	1.0
41	205	1.0
41	227	1.0
41	233	1.0
41	235	4.0
42	42	323.0
42	43	26.0
42	45	2.0
42	46	1.0
42	108	1.0
42	129	1.0
42	130	2.0
42	173	1.0
42	176	1.0
42	233	1.0
42	234	6.0
43	43	314.0
43	44	4.0
43	45	3.0
43	117	1.0
43	125	1.0
43	144	1.0
43	167	1.0
43	175	1.0
43	232	6.0
43	233	2.0
43	234	1.0
43	236	1.0
43	237	1.0
43	238	1.0
43	239	1.0
43	240	2.0
44	44	297.0
44	45	17.0
44	46	8.0
44	80	1.0
44	125	1.0
44	128	3.0
44	129	1.0
44	145	1.0
44	169	1.0
44	171	1.0
44	207	4.0
44	208	1.0
44	214	2.0
44	222	1.0
44	227	1.0
44	228	3.0
44	231	2.0
44	232	1.0
44	233	1.0
44	236	1.0
44	237	1.0
44	238	1.0
44	240	4.0
44	241	2.0
45	45	303.0
45	46	12.0
45	47	4.0
45	58	1.0
45	63	1.0
45	65	2.0
45	89	1.0
45	129	1.0
45	202	1.0
45	205	2.0
45	207	2.0
45	208	4.0
45	227	5.0
45	229	5.0
45	230	1.0
45	236	3.0
45	239	1.0
46	46	353.0
46	47	19.0
46	54	2.0
46	63	5.0
46	64	1.0
46	70	2.0
46	71	2.0
46	72	5.0
46	73	5.0
46	83	1.0
46	114	1.0
46	129	1.0
46	130	3.0
46	187	1.0
46	207	3.0
46	210	1.0
46	224	1.0
46	228	1.0
46	239	2.0
46	241	1.0
47	47	367.0
47	48	11.0
47	49	5.0
47	63	1.0
47	70	1.0
47	71	1.0
47	72	6.0
47	84	1.0
47	91	1.0
47	116	1.0
47	120	7.0
47	121	1.0
47	127	1.0
47	131	1.0
47	133	1.0
47	170	1.0
47	183	1.0
47	203	1.0
47	220	1.0
48	48	302.0
48	49	2.0
48	50	10.0
48	79	8.0
48	80	10.0
48	81	1.0
48	86	1.0
48	91	1.0
48	102	1.0
48	112	1.0
48	113	1.0
48	114	1.0
48	120	2.0
48	121	5.0
48	122	9.0
48	123	6.0
48	125	1.0
48	164	1.0
48	190	1.0
48	191	1.0
48	239	1.0
49	49	290.0
49	50	5.0
49	51	2.0
49	75	1.0
49	80	2.0
49	87	1.0
49	88	1.0
49	89	1.0
49	91	2.0
49	106	9.0
49	121	1.0
49	122	2.0
49	123	2.0
49	180	1.0
49	189	1.0
50	50	306.0
50	51	15.0
50	52	3.0
50	54	7.0
50	56	1.0
50	57	2.0
50	60	3.0
50	62	1.0
50	65	1.0
50	69	1.0
50	71	1.0
50	85	7.0
50	88	2.0
50	104	1.0
50	106	6.0
50	111	1.0
50	153	1.0
50	160	1.0
50	191	1.0
51	51	275.0
51	52	22.0
51	53	18.0
51	54	10.0
51	55	1.0
51	56	6.0
51	57	1.0
51	59	2.0
51	60	5.0
51	62	1.0
51	63	1.0
51	76	1.0
51	82	2.0
51	83	2.0
51	84	6.0
51	88	2.0
51	104	3.0
51	105	2.0
51	107	1.0
51	122	1.0
51	165	1.0
51	221	1.0
52	52	276.0
52	53	18.0
52	54	4.0
52	55	1.0
52	56	12.0
52	57	4.0
52	59	2.0
52	60	2.0
52	61	1.0
52	62	8.0
52	63	2.0
52	76	2.0
52	77	4.0
52	79	1.0
52	83	1.0
52	104	2.0
52	122	1.0
52	125	1.0
52	210	1.0
53	53	295.0
53	54	21.0
53	55	3.0
53	56	3.0
53	59	3.0
53	60	3.0
53	76	5.0
53	78	10.0
53	84	1.0
53	91	1.0
53	104	27.0
53	105	15.0
54	54	327.0
54	55	14.0
54	56	2.0
54	57	1.0
54	58	1.0
54	59	1.0
54	60	2.0
54	61	1.0
54	62	9.0
54	63	2.0
54	64	2.0
54	65	1.0
54	68	1.0
54	69	1.0
54	71	2.0
54	76	5.0
54	77	1.0
54	83	1.0
54	85	3.0
54	86	4.0
54	87	1.0
54	88	1.0
54	97	1.0
54	104	2.0
54	105	2.0
54	121	1.0
54	177	1.0
54	190	1.0
54	202	3.0
54	222	1.0
55	55	321.0
55	56	7.0
55	57	3.0
55	58	3.0
55	59	6.0
55	60	1.0
55	63	2.0
55	64	1.0
55	68	2.0
55	73	1.0
55	104	1.0
55	105	2.0
55	133	1.0
55	166	1.0
55	182	1.0
55	189	2.0
55	190	1.0
55	191	4.0
55	201	2.0
55	202	10.0
55	238	1.0
56	56	284.0
56	57	23.0
56	58	6.0
56	59	15.0
56	60	6.0
56	62	6.0
56	63	3.0
56	64	1.0
56	66	2.0
56	78	3.0
56	81	3.0
56	82	1.0
56	83	6.0
56	84	5.0
56	128	1.0
56	129	1.0
56	178	1.0
56	186	1.0
56	189	5.0
56	195	1.0
56	196	2.0
57	57	212.0
57	58	17.0
57	59	11.0
57	60	5.0
57	61	1.0
57	62	2.0
57	63	4.0
57	64	2.0
57	65	1.0
57	66	1.0
57	67	1.0
57	68	1.0
57	69	4.0
57	75	2.0
57	76	3.0
57	77	2.0
57	78	1.0
57	82	2.0
57	83	1.0
57	84	3.0
57	89	2.0
57	111	1.0
57	121	1.0
57	123	1.0
57	168	1.0
57	182	1.0
57	188	2.0
57	189	10.0
57	190	1.0
57	192	1.0
57	193	1.0
57	196	2.0
57	202	9.0
57	222	1.0
57	238	1.0
58	58	267.0
58	59	9.0
58	60	1.0
58	65	2.0
58	66	3.0
58	68	5.0
58	69	18.0
58	70	1.0
58	74	10.0
58	76	4.0
58	82	1.0
58	83	1.0
58	84	3.0
58	85	2.0
58	89	2.0
58	114	1.0
58	125	1.0
58	134	1.0
58	188	4.0
58	189	19.0
58	190	5.0
58	192	10.0
58	193	2.0
58	194	1.0
58	196	1.0
58	202	1.0
59	59	286.0
59	60	48.0
59	65	4.0
59	68	2.0
59	69	7.0
59	76	4.0
59	77	1.0
59	78	1.0
59	81	5.0
59	82	1.0
59	83	3.0
59	84	16.0
59	85	7.0
59	88	2.0
59	89	4.0
59	103	1.0
59	120	1.0
59	125	1.0
59	169	1.0
59	190	1.0
59	192	2.0
59	196	2.0
59	200	1.0
59	202	1.0
59	205	1.0
59	241	1.0
60	60	325.0
60	61	1.0
60	62	2.0
60	65	5.0
60	68	2.0
60	69	3.0
60	73	1.0
60	78	7.0
60	81	1.0
60	83	1.0
60	84	12.0
60	85	7.0
60	86	4.0
60	87	1.0
60	88	3.0
60	89	3.0
60	103	1.0
60	108	1.0
60	113	1.0
60	114	1.0
60	124	3.0
60	125	12.0
60	126	3.0
60	160	1.0
60	172	1.0
60	196	2.0
60	206	1.0
60	233	2.0
60	242	1.0
61	61	316.0
61	62	22.0
61	63	2.0
61	64	6.0
61	65	10.0
61	66	8.0
61	69	3.0
61	70	1.0
61	72	1.0
61	73	2.0
61	74	1.0
61	82	9.0
61	83	8.0
61	104	1.0
61	121	1.0
61	158	1.0
61	162	1.0
61	190	4.0
61	203	1.0
61	211	1.0
61	220	1.0
62	62	332.0
62	63	7.0
62	64	3.0
62	65	2.0
62	69	3.0
62	70	2.0
62	71	1.0
62	72	5.0
62	82	4.0
62	83	6.0
62	84	3.0
62	85	1.0
62	99	2.0
62	101	2.0
62	103	1.0
62	108	1.0
62	134	1.0
62	180	2.0
62	203	3.0
62	213	2.0
62	222	1.0
62	236	1.0
62	238	1.0
63	63	283.0
63	64	23.0
63	70	1.0
63	72	8.0
63	73	4.0
63	74	2.0
63	84	2.0
63	102	1.0
63	105	2.0
63	106	1.0
63	152	1.0
63	182	1.0
63	239	1.0
64	64	317.0
64	65	10.0
64	66	3.0
64	67	6.0
64	68	1.0
64	69	1.0
64	70	6.0
64	71	1.0
64	73	5.0
64	74	5.0
64	76	3.0
64	77	2.0
64	78	5.0
64	79	11.0
64	80	2.0
64	82	5.0
64	83	3.0
64	85	2.0
64	86	1.0
64	144	1.0
64	186	1.0
64	194	1.0
64	200	1.0
64	201	2.0
64	228	1.0
64	233	1.0
65	65	298.0
65	66	23.0
65	67	10.0
65	70	2.0
65	73	1.0
65	74	7.0
65	75	14.0
65	79	6.0
65	80	3.0
65	81	5.0
65	82	3.0
65	83	8.0
65	84	8.0
65	85	3.0
65	86	4.0
65	89	1.0
65	105	4.0
65	106	1.0
65	107	2.0
65	169	1.0
65	192	1.0
65	199	1.0
65	201	1.0
65	206	1.0
65	219	1.0
65	229	1.0
66	66	320.0
66	67	19.0
66	68	10.0
66	72	1.0
66	73	1.0
66	74	2.0
66	75	3.0
66	77	1.0
66	78	1.0
66	79	7.0
66	81	11.0
66	82	10.0
66	83	12.0
66	84	6.0
66	85	1.0
66	104	4.0
66	106	5.0
66	107	3.0
66	108	7.0
66	117	1.0
66	125	1.0
66	126	3.0
66	195	1.0
66	198	1.0
66	199	3.0
66	200	9.0
66	201	13.0
66	210	1.0
66	215	1.0
67	67	270.0
67	68	18.0
67	69	3.0
67	74	5.0
67	75	14.0
67	77	4.0
67	79	6.0
67	81	10.0
67	82	4.0
67	83	5.0
67	84	4.0
67	100	1.0
67	106	1.0
67	108	10.0
67	119	1.0
67	125	7.0
67	126	1.0
67	140	1.0
67	198	3.0
67	200	4.0
67	201	6.0
67	202	1.0
67	207	1.0
67	218	1.0
68	68	272.0
68	69	10.0
68	70	1.0
68	75	6.0
68	76	4.0
68	77	5.0
68	78	6.0
68	80	1.0
68	81	7.0
68	83	2.0
68	84	7.0
68	89	3.0
68	90	1.0
68	108	5.0
68	114	5.0
68	124	7.0
68	125	4.0
68	126	6.0
68	127	5.0
68	149	1.0
68	187	2.0
68	190	5.0
68	191	9.0
68	192	2.0
68	193	10.0
68	195	2.0
68	196	2.0
68	197	14.0
68	198	3.0
68	200	2.0
68	201	8.0
68	208	3.0
69	69	302.0
69	70	29.0
69	71	3.0
69	72	3.0
69	73	3.0
69	74	4.0
69	76	7.0
69	79	1.0
69	84	4.0
69	89	2.0
69	97	1.0
69	101	1.0
69	108	1.0
69	127	3.0
69	134	1.0
69	135	1.0
69	146	1.0
69	150	1.0
69	190	12.0
69	191	9.0
69	192	6.0
69	193	3.0
69	194	3.0
69	196	3.0
69	197	6.0
69	198	1.0
69	202	2.0
69	203	3.0
69	209	1.0
69	212	2.0
69	213	4.0
69	224	1.0
70	70	331.0
70	71	13.0
70	72	6.0
70	73	30.0
70	74	8.0
70	80	1.0
70	83	1.0
70	85	1.0
70	86	5.0
70	119	1.0
70	189	1.0
70	190	4.0
70	191	1.0
70	192	1.0
70	194	4.0
70	195	1.0
70	196	1.0
70	201	1.0
70	203	4.0
71	71	359.0
71	72	27.0
71	73	15.0
71	74	4.0
71	76	1.0
71	86	4.0
71	105	1.0
71	106	1.0
71	197	3.0
71	200	1.0
71	203	1.0
71	209	1.0
72	72	325.0
72	73	32.0
72	74	7.0
72	83	3.0
72	85	2.0
72	103	1.0
72	175	1.0
72	191	1.0
72	203	5.0
73	73	345.0
73	74	40.0
73	83	4.0
73	84	3.0
73	86	5.0
73	88	1.0
73	138	1.0
73	162	1.0
73	179	1.0
73	192	2.0
73	220	1.0
73	237	2.0
74	74	369.0
74	75	13.0
74	76	2.0
74	77	1.0
74	78	2.0
74	79	8.0
74	80	7.0
74	82	1.0
74	83	3.0
74	84	5.0
74	85	2.0
74	86	7.0
74	91	1.0
74	107	1.0
74	108	1.0
74	159	1.0
74	168	1.0
74	186	1.0
74	200	1.0
74	208	1.0
74	222	1.0
74	238	1.0
75	75	307.0
75	76	3.0
75	77	12.0
75	78	5.0
75	79	16.0
75	80	23.0
75	81	7.0
75	83	9.0
75	91	1.0
75	107	10.0
75	108	1.0
75	120	3.0
75	124	3.0
75	185	1.0
75	193	3.0
75	241	1.0
76	76	275.0
76	77	23.0
76	78	6.0
76	80	1.0
76	81	2.0
76	89	2.0
76	133	1.0
76	180	1.0
76	193	7.0
76	195	3.0
76	196	1.0
76	204	1.0
76	206	1.0
76	210	1.0
76	214	1.0
76	231	1.0
77	77	276.0
77	78	22.0
77	79	26.0
77	80	1.0
77	81	3.0
77	88	4.0
77	113	1.0
77	119	1.0
77	120	1.0
77	124	6.0
77	126	1.0
77	128	1.0
77	172	1.0
77	190	1.0
77	193	5.0
77	194	3.0
77	195	2.0
77	199	1.0
77	214	1.0
78	78	283.0
78	79	9.0
78	83	1.0
78	119	3.0
78	120	1.0
78	124	1.0
78	125	2.0
78	126	1.0
78	150	3.0
78	151	3.0
78	170	1.0
78	183	1.0
78	189	1.0
78	192	5.0
78	193	7.0
78	194	8.0
78	195	5.0
78	196	4.0
78	201	1.0
79	79	336.0
79	80	27.0
79	81	13.0
79	104	2.0
79	107	4.0
79	108	1.0
79	115	4.0
79	119	5.0
79	120	5.0
79	121	13.0
79	122	7.0
79	123	6.0
79	124	13.0
79	125	1.0
79	152	1.0
79	195	1.0
79	197	1.0
79	211	1.0
79	216	1.0
80	80	335.0
80	81	28.0
80	83	13.0
80	84	3.0
80	85	2.0
80	91	2.0
80	107	1.0
80	121	3.0
80	122	5.0
80	123	4.0
80	153	2.0
80	160	1.0
80	183	1.0
81	81	269.0
81	82	4.0
81	83	7.0
81	84	6.0
81	103	1.0
81	104	2.0
81	106	3.0
81	107	7.0
81	123	1.0
81	130	1.0
81	137	1.0
81	148	1.0
81	216	1.0
82	82	274.0
82	83	17.0
82	84	11.0
82	85	1.0
82	86	2.0
82	89	3.0
82	103	3.0
82	104	1.0
82	105	1.0
82	106	6.0
82	107	5.0
82	108	1.0
82	117	1.0
82	147	1.0
82	178	1.0
82	200	1.0
82	201	1.0
82	212	1.0
83	83	300.0
83	84	10.0
83	89	1.0
83	103	2.0
83	104	2.0
83	107	11.0
83	153	1.0
83	183	1.0
83	199	1.0
83	201	1.0
84	84	278.0
84	85	17.0
84	86	5.0
84	88	2.0
84	89	2.0
84	105	1.0
84	107	1.0
84	125	1.0
84	191	1.0
84	206	1.0
84	228	1.0
85	85	344.0
85	86	7.0
85	87	2.0
85	88	9.0
85	89	4.0
85	103	2.0
85	105	5.0
85	106	7.0
85	135	1.0
85	180	1.0
85	194	1.0
85	214	1.0
86	86	317.0
86	87	7.0
86	88	4.0
86	89	1.0
86	97	1.0
86	98	2.0
86	99	1.0
86	100	1.0
86	101	2.0
86	105	3.0
86	106	12.0
86	107	2.0
86	116	1.0
86	117	5.0
86	118	2.0
86	128	1.0
86	160	1.0
86	183	1.0
86	199	1.0
86	200	4.0
86	201	3.0
86	238	1.0
86	242	1.0
87	87	50.0
87	88	3.0
87	90	1.0
87	91	2.0
87	98	2.0
87	100	1.0
87	101	2.0
87	104	1.0
87	106	2.0
87	107	2.0
87	108	2.0
87	109	1.0
87	112	8.0
87	113	1.0
87	116	1.0
87	117	1.0
87	119	1.0
87	128	1.0
87	199	2.0
87	201	3.0
87	230	1.0
88	88	181.0
88	89	5.0
88	90	1.0
88	91	1.0
88	98	1.0
88	100	5.0
88	101	9.0
88	102	10.0
88	103	4.0
88	104	2.0
88	105	3.0
88	106	8.0
88	107	2.0
88	110	3.0
88	111	1.0
88	112	1.0
88	119	1.0
88	123	1.0
88	161	1.0
88	169	1.0
89	89	186.0
89	90	7.0
89	91	2.0
89	92	2.0
89	96	1.0
89	100	2.0
89	102	4.0
89	103	3.0
89	104	4.0
89	105	3.0
89	107	2.0
89	108	1.0
89	110	1.0
89	113	2.0
89	116	2.0
89	118	4.0
89	131	1.0
89	133	1.0
89	159	1.0
89	169	1.0
89	193	1.0
90	90	46.0
90	91	5.0
90	92	1.0
90	100	1.0
90	103	2.0
90	104	1.0
90	105	1.0
90	109	1.0
90	116	1.0
90	119	1.0
90	124	1.0
90	150	2.0
91	91	107.0
91	92	4.0
91	98	1.0
91	100	6.0
91	102	1.0
91	109	1.0
91	110	1.0
91	111	1.0
91	116	1.0
91	119	2.0
91	122	1.0
91	123	1.0
91	132	1.0
91	195	1.0
91	234	1.0
91	236	1.0
92	92	260.0
92	95	2.0
92	111	1.0
92	118	5.0
92	119	5.0
92	132	9.0
92	232	1.0
92	237	1.0
95	95	179.0
95	96	20.0
95	99	5.0
95	197	2.0
96	96	237.0
96	97	18.0
96	98	4.0
96	99	4.0
96	110	1.0
96	197	1.0
96	235	1.0
97	97	259.0
97	98	8.0
97	99	3.0
97	100	3.0
97	101	1.0
97	106	1.0
97	111	3.0
97	113	2.0
97	129	1.0
97	167	1.0
97	172	1.0
97	186	1.0
97	195	1.0
97	197	1.0
97	236	1.0
97	240	1.0
98	98	261.0
98	99	17.0
98	100	12.0
98	101	7.0
98	102	6.0
98	113	11.0
98	114	2.0
98	199	2.0
98	230	1.0
99	99	322.0
99	100	13.0
99	101	3.0
99	102	5.0
99	106	1.0
99	110	4.0
99	111	1.0
99	112	8.0
99	113	21.0
99	119	2.0
99	120	3.0
99	122	1.0
99	141	1.0
99	195	1.0
99	211	1.0
100	100	295.0
100	101	11.0
100	102	2.0
100	103	1.0
100	104	2.0
100	105	2.0
100	109	1.0
100	111	5.0
100	112	4.0
100	113	7.0
100	114	3.0
100	119	6.0
100	194	1.0
100	204	3.0
101	101	318.0
101	102	19.0
101	103	3.0
101	104	3.0
101	110	1.0
101	117	1.0
101	118	2.0
101	148	1.0
101	160	1.0
101	219	1.0
102	102	328.0
102	103	6.0
102	104	3.0
102	116	1.0
102	117	1.0
102	118	4.0
102	139	1.0
102	156	1.0
102	194	1.0
102	209	2.0
102	236	1.0
103	103	304.0
103	104	12.0
103	105	10.0
103	106	3.0
103	107	14.0
103	108	8.0
103	110	3.0
103	111	10.0
103	112	1.0
103	113	1.0
103	118	1.0
103	181	1.0
103	209	1.0
104	104	286.0
104	105	12.0
104	106	12.0
104	107	15.0
104	108	2.0
104	117	3.0
104	118	3.0
104	199	1.0
104	200	3.0
104	215	1.0
105	105	296.0
105	106	9.0
105	107	7.0
105	108	2.0
105	110	2.0
105	111	2.0
105	118	2.0
105	169	2.0
105	213	1.0
106	106	359.0
106	107	5.0
106	109	1.0
106	115	1.0
106	117	2.0
106	118	1.0
106	125	1.0
106	132	1.0
106	199	2.0
106	201	2.0
106	203	1.0
106	214	1.0
106	227	1.0
106	237	2.0
107	107	292.0
107	108	19.0
107	110	6.0
107	117	4.0
107	118	3.0
107	146	1.0
107	200	2.0
107	201	5.0
107	214	2.0
108	108	266.0
108	109	6.0
108	110	4.0
108	114	12.0
108	115	5.0
108	116	1.0
108	117	2.0
108	119	1.0
108	120	1.0
108	123	5.0
108	124	21.0
108	125	3.0
108	127	2.0
108	128	2.0
108	139	1.0
108	171	1.0
108	198	2.0
108	199	1.0
108	200	5.0
108	201	3.0
108	227	1.0
109	109	296.0
109	110	10.0
109	111	4.0
109	112	4.0
109	114	3.0
109	115	1.0
109	116	6.0
109	119	3.0
109	120	7.0
109	122	4.0
109	123	9.0
109	124	2.0
109	128	1.0
109	157	1.0
110	110	149.0
110	111	9.0
110	112	3.0
110	113	2.0
110	114	2.0
110	119	4.0
110	120	2.0
110	122	1.0
110	203	1.0
111	111	193.0
111	112	1.0
111	138	1.0
112	112	181.0
112	113	17.0
112	114	5.0
112	115	7.0
112	116	1.0
112	119	1.0
112	120	4.0
112	122	3.0
112	124	3.0
112	158	1.0
112	181	1.0
112	188	1.0
113	113	283.0
113	114	10.0
113	115	3.0
113	118	1.0
113	119	14.0
113	120	2.0
113	122	2.0
113	142	1.0
113	197	1.0
113	198	1.0
114	114	253.0
114	115	29.0
114	116	5.0
114	117	1.0
114	119	17.0
114	120	2.0
114	122	17.0
114	123	4.0
114	124	11.0
114	126	1.0
114	127	3.0
114	128	9.0
114	131	1.0
114	133	1.0
114	139	1.0
114	145	2.0
114	146	2.0
114	167	1.0
114	221	1.0
114	235	1.0
115	115	342.0
115	116	12.0
115	118	1.0
115	119	4.0
115	120	14.0
115	121	3.0
115	122	19.0
115	123	14.0
115	124	10.0
115	125	5.0
115	127	1.0
115	132	1.0
115	140	6.0
115	141	6.0
115	144	1.0
115	145	8.0
115	146	2.0
115	212	1.0
116	116	274.0
116	117	12.0
116	118	15.0
116	119	3.0
116	122	3.0
116	123	18.0
116	124	1.0
116	130	1.0
116	136	4.0
116	137	2.0
116	140	7.0
116	141	1.0
116	145	1.0
116	150	1.0
116	151	1.0
116	152	9.0
116	153	1.0
116	154	6.0
116	155	10.0
116	157	2.0
116	189	1.0
116	193	1.0
116	196	1.0
116	199	1.0
116	200	1.0
116	235	2.0
117	117	288.0
117	118	7.0
117	119	4.0
117	124	2.0
117	136	2.0
117	150	1.0
117	151	3.0
117	152	5.0
117	153	10.0
117	154	12.0
117	155	6.0
117	172	1.0
117	177	1.0
117	199	9.0
117	200	3.0
117	201	5.0
117	202	1.0
117	221	1.0
117	225	1.0
118	118	295.0
118	119	17.0
118	120	4.0
118	122	3.0
118	124	6.0
118	140	1.0
118	148	1.0
118	149	2.0
118	150	13.0
118	151	14.0
118	152	7.0
118	153	7.0
118	154	2.0
118	178	1.0
118	188	1.0
118	193	1.0
118	199	1.0
118	200	2.0
118	201	1.0
118	217	1.0
118	221	1.0
119	119	313.0
119	120	13.0
119	121	3.0
119	122	2.0
119	124	11.0
119	125	3.0
119	150	3.0
119	151	2.0
119	152	1.0
119	153	2.0
119	155	1.0
119	181	1.0
119	192	4.0
119	197	1.0
119	210	1.0
119	222	1.0
119	225	2.0
119	227	1.0
120	120	337.0
120	121	12.0
120	122	4.0
120	125	4.0
120	127	5.0
120	128	3.0
120	129	1.0
120	141	2.0
120	158	1.0
120	207	1.0
121	121	360.0
121	122	14.0
121	123	4.0
121	124	5.0
121	125	4.0
121	126	3.0
121	127	1.0
121	128	1.0
121	129	3.0
121	130	3.0
121	131	1.0
121	132	6.0
121	133	3.0
121	134	1.0
121	140	1.0
121	143	4.0
121	144	5.0
121	145	5.0
121	154	1.0
121	197	1.0
122	122	343.0
122	123	21.0
122	124	2.0
122	125	4.0
122	126	1.0
122	127	2.0
122	128	2.0
122	129	1.0
122	130	3.0
122	131	2.0
122	144	1.0
122	145	2.0
122	146	4.0
122	175	1.0
122	179	1.0
122	188	1.0
122	199	1.0
122	203	1.0
122	222	1.0
122	228	1.0
123	123	262.0
123	124	4.0
123	134	1.0
123	137	3.0
123	138	2.0
123	140	3.0
123	141	4.0
123	145	1.0
123	147	1.0
123	157	1.0
123	170	1.0
123	181	1.0
123	227	1.0
124	124	286.0
124	125	10.0
124	126	10.0
124	127	7.0
124	128	4.0
124	130	1.0
124	140	2.0
124	174	1.0
124	177	1.0
124	192	1.0
124	194	3.0
124	195	1.0
124	197	1.0
124	200	1.0
125	125	266.0
125	126	36.0
125	127	20.0
125	128	4.0
125	130	1.0
125	136	1.0
125	167	1.0
125	191	1.0
125	197	5.0
125	198	2.0
125	200	2.0
125	201	2.0
125	227	1.0
126	126	269.0
126	127	56.0
126	128	2.0
126	129	1.0
126	144	2.0
126	145	6.0
126	146	3.0
126	180	1.0
126	184	1.0
126	190	1.0
126	197	9.0
126	199	1.0
126	208	1.0
126	209	1.0
127	127	308.0
127	128	10.0
127	130	2.0
127	131	1.0
127	136	1.0
127	146	1.0
127	159	1.0
127	190	2.0
127	197	5.0
127	198	5.0
127	199	2.0
127	202	1.0
128	128	324.0
128	129	10.0
128	130	6.0
128	131	4.0
128	135	4.0
128	136	3.0
128	145	1.0
128	160	1.0
128	180	1.0
128	192	1.0
128	197	3.0
128	198	11.0
128	199	2.0
128	205	5.0
128	206	6.0
128	225	1.0
129	129	341.0
129	130	18.0
129	131	8.0
129	132	2.0
129	133	15.0
129	134	8.0
129	135	7.0
129	136	5.0
129	137	1.0
129	139	1.0
129	142	1.0
129	180	3.0
129	181	1.0
129	197	3.0
129	198	1.0
129	205	1.0
129	207	1.0
129	220	1.0
129	228	1.0
129	229	1.0
129	230	1.0
129	241	1.0
130	130	257.0
130	131	6.0
130	132	5.0
130	133	14.0
130	134	2.0
130	137	1.0
130	139	1.0
130	142	3.0
130	143	5.0
130	146	5.0
130	160	1.0
130	165	1.0
130	194	1.0
130	203	1.0
130	205	5.0
130	206	12.0
130	228	1.0
130	229	2.0
130	239	1.0
131	131	226.0
131	132	2.0
131	133	4.0
131	134	3.0
131	135	15.0
131	136	1.0
131	137	1.0
131	140	1.0
131	197	2.0
131	200	1.0
131	208	1.0
131	229	1.0
131	234	1.0
132	132	188.0
132	133	14.0
132	134	9.0
132	135	6.0
132	137	3.0
132	138	7.0
132	139	2.0
132	143	1.0
132	144	2.0
132	145	2.0
132	147	1.0
132	152	1.0
132	176	1.0
132	186	1.0
132	206	4.0
132	212	1.0
133	133	316.0
133	134	30.0
133	135	9.0
133	136	5.0
133	137	5.0
133	139	3.0
133	141	2.0
133	146	2.0
133	148	1.0
133	149	2.0
133	165	1.0
133	168	1.0
133	175	1.0
133	178	1.0
133	203	2.0
133	206	1.0
133	222	1.0
134	134	331.0
134	135	18.0
134	136	5.0
134	141	2.0
134	146	1.0
134	147	1.0
134	148	1.0
134	149	9.0
134	150	5.0
134	151	1.0
134	152	11.0
134	168	2.0
134	170	3.0
134	171	2.0
134	172	3.0
134	175	1.0
134	179	4.0
134	180	1.0
134	181	1.0
134	194	3.0
134	195	3.0
134	203	2.0
134	205	1.0
134	214	1.0
134	225	2.0
134	242	1.0
135	135	307.0
135	136	10.0
135	148	5.0
135	150	5.0
135	151	1.0
135	152	6.0
135	167	6.0
135	168	9.0
135	169	6.0
135	179	6.0
135	180	5.0
135	181	1.0
135	182	2.0
135	186	1.0
135	194	1.0
135	204	1.0
135	237	1.0
136	136	282.0
136	137	7.0
136	138	1.0
136	139	5.0
136	141	5.0
136	142	1.0
136	144	2.0
136	145	2.0
136	147	3.0
136	148	4.0
136	149	6.0
136	150	1.0
136	151	1.0
136	154	6.0
136	155	6.0
136	156	4.0
136	157	9.0
136	158	2.0
136	160	2.0
136	163	1.0
136	167	2.0
136	168	2.0
136	169	4.0
136	170	1.0
136	171	1.0
136	179	7.0
136	180	3.0
136	182	1.0
136	190	1.0
136	192	4.0
136	195	1.0
136	196	1.0
136	207	12.0
136	208	1.0
136	210	1.0
136	217	4.0
136	230	1.0
136	232	1.0
136	240	1.0
137	137	274.0
137	138	42.0
137	139	8.0
137	141	2.0
137	142	2.0
137	143	16.0
137	144	5.0
137	145	6.0
137	146	8.0
137	147	10.0
137	148	12.0
137	149	3.0
137	150	1.0
137	152	1.0
137	154	3.0
137	158	1.0
137	165	1.0
137	167	1.0
137	187	1.0
137	189	3.0
137	190	1.0
137	193	1.0
137	195	1.0
137	224	1.0
138	138	301.0
138	139	44.0
138	140	6.0
138	141	4.0
138	142	12.0
138	143	27.0
138	144	1.0
138	145	2.0
138	146	7.0
138	147	5.0
138	152	3.0
138	156	3.0
138	157	15.0
138	160	1.0
138	167	1.0
138	179	1.0
138	189	1.0
138	191	1.0
139	139	294.0
139	140	17.0
139	141	12.0
139	142	8.0
139	143	16.0
139	144	3.0
139	145	1.0
139	146	8.0
139	147	3.0
139	149	1.0
139	153	1.0
139	156	1.0
139	158	1.0
139	159	1.0
139	160	2.0
139	167	3.0
139	169	2.0
139	209	1.0
139	217	1.0
139	220	1.0
140	140	275.0
140	141	25.0
140	142	10.0
140	143	15.0
140	144	1.0
140	145	7.0
140	146	21.0
140	147	2.0
140	156	1.0
140	158	2.0
140	159	1.0
140	162	4.0
140	163	6.0
140	204	1.0
141	141	230.0
141	142	10.0
141	143	5.0
141	144	8.0
141	145	2.0
141	146	5.0
141	153	1.0
141	156	1.0
141	158	1.0
141	159	2.0
141	160	2.0
141	162	7.0
141	163	8.0
141	164	1.0
141	170	1.0
141	214	1.0
141	229	2.0
142	142	298.0
142	143	16.0
142	146	8.0
142	156	1.0
142	158	6.0
142	160	1.0
142	163	7.0
142	164	8.0
142	168	2.0
142	169	1.0
142	170	1.0
142	221	1.0
143	143	257.0
143	144	8.0
143	145	6.0
143	146	11.0
143	147	6.0
143	155	1.0
143	156	6.0
143	157	2.0
143	158	1.0
143	160	1.0
143	161	2.0
143	164	1.0
143	177	1.0
143	188	1.0
143	210	1.0
143	221	1.0
144	144	282.0
144	145	32.0
144	146	20.0
144	147	15.0
144	150	1.0
144	151	1.0
144	152	1.0
144	153	1.0
144	156	7.0
144	157	3.0
144	158	1.0
144	160	1.0
144	183	2.0
144	184	1.0
144	200	1.0
144	221	1.0
144	242	1.0
145	145	259.0
145	146	29.0
145	147	5.0
145	149	2.0
145	150	4.0
145	153	1.0
145	154	1.0
145	156	4.0
145	160	1.0
145	170	2.0
145	175	1.0
145	178	2.0
145	187	1.0
145	201	1.0
145	232	1.0
145	239	1.0
146	146	253.0
146	147	19.0
146	148	7.0
146	149	3.0
146	150	1.0
146	156	1.0
146	157	1.0
146	160	1.0
146	170	9.0
146	182	1.0
146	183	6.0
146	184	12.0
146	188	1.0
146	189	1.0
146	192	2.0
146	206	1.0
146	233	1.0
147	147	275.0
147	148	21.0
147	149	8.0
147	150	3.0
147	151	6.0
147	152	4.0
147	167	8.0
147	168	1.0
147	180	2.0
147	181	1.0
147	182	4.0
147	184	6.0
147	185	1.0
147	189	4.0
147	190	2.0
147	191	1.0
147	194	1.0
147	209	2.0
147	221	1.0
147	238	1.0
148	148	310.0
148	149	15.0
148	150	12.0
148	151	9.0
148	152	17.0
148	153	1.0
148	154	1.0
148	156	1.0
148	160	1.0
148	167	21.0
148	168	6.0
148	181	3.0
148	182	6.0
148	183	3.0
148	187	4.0
148	188	2.0
148	189	8.0
148	190	2.0
148	213	1.0
149	149	259.0
149	150	27.0
149	152	7.0
149	153	2.0
149	154	2.0
149	161	1.0
149	167	4.0
149	168	1.0
149	170	1.0
149	171	1.0
149	174	2.0
149	181	2.0
149	183	2.0
149	187	13.0
149	188	2.0
149	189	4.0
149	190	2.0
149	216	1.0
149	222	2.0
150	150	274.0
150	151	24.0
150	152	21.0
150	153	7.0
150	154	10.0
150	157	1.0
150	159	1.0
150	160	6.0
150	161	1.0
150	166	10.0
150	167	4.0
150	168	8.0
150	169	4.0
150	181	4.0
150	182	1.0
150	183	2.0
150	187	1.0
150	188	1.0
150	190	2.0
150	194	1.0
150	196	3.0
150	234	1.0
151	151	306.0
151	152	33.0
151	153	3.0
151	154	2.0
151	157	7.0
151	160	8.0
151	161	1.0
151	166	4.0
151	167	14.0
151	168	5.0
151	175	1.0
151	183	1.0
151	194	16.0
151	195	1.0
151	196	7.0
151	197	3.0
151	198	1.0
151	203	1.0
151	222	1.0
152	152	270.0
152	153	15.0
152	154	17.0
152	157	6.0
152	160	3.0
152	161	7.0
152	166	2.0
152	167	13.0
152	172	1.0
152	188	2.0
152	190	2.0
152	191	1.0
152	194	3.0
152	196	2.0
152	197	1.0
153	153	298.0
153	154	33.0
153	155	9.0
153	156	6.0
153	157	1.0
153	161	5.0
153	162	1.0
153	184	1.0
153	218	1.0
154	154	280.0
154	155	15.0
154	156	6.0
154	157	3.0
154	161	8.0
154	169	1.0
154	186	1.0
154	189	1.0
154	217	1.0
154	241	1.0
155	155	294.0
155	156	23.0
155	157	3.0
155	161	10.0
155	162	4.0
155	196	1.0
155	206	1.0
155	214	1.0
156	156	265.0
156	157	12.0
156	158	6.0
156	159	7.0
156	160	2.0
156	166	3.0
156	168	1.0
156	169	3.0
156	170	2.0
156	171	1.0
156	172	1.0
156	180	1.0
156	181	3.0
156	182	2.0
156	183	1.0
156	187	3.0
156	188	3.0
156	189	1.0
156	192	1.0
156	193	4.0
156	216	1.0
157	157	268.0
157	158	5.0
157	159	7.0
157	160	11.0
157	166	6.0
157	167	4.0
157	176	1.0
157	181	1.0
157	182	2.0
157	183	2.0
157	193	1.0
157	194	2.0
157	218	1.0
158	158	274.0
158	159	25.0
158	160	6.0
158	162	1.0
158	170	1.0
158	180	1.0
158	181	1.0
158	183	1.0
158	184	3.0
158	185	1.0
158	186	13.0
158	187	4.0
158	188	1.0
158	193	9.0
158	194	1.0
159	159	260.0
159	160	10.0
159	161	3.0
159	166	1.0
159	170	11.0
159	171	1.0
159	176	1.0
159	178	9.0
159	181	3.0
159	182	2.0
159	183	7.0
159	184	4.0
159	185	1.0
159	186	1.0
159	191	1.0
159	198	1.0
159	218	1.0
159	227	1.0
160	160	322.0
160	161	18.0
160	162	3.0
160	166	19.0
160	169	1.0
160	181	5.0
160	182	6.0
160	183	8.0
160	184	1.0
160	194	1.0
160	238	3.0
160	239	2.0
161	161	334.0
161	162	8.0
161	166	2.0
161	167	2.0
161	168	1.0
161	184	1.0
161	225	1.0
162	162	309.0
162	163	5.0
162	164	14.0
162	165	3.0
162	183	2.0
162	211	1.0
162	214	1.0
162	217	1.0
162	237	1.0
163	163	273.0
163	164	17.0
163	165	25.0
163	167	3.0
163	168	8.0
163	185	1.0
164	164	298.0
164	165	29.0
164	166	3.0
164	167	7.0
164	168	7.0
164	169	1.0
164	184	3.0
164	198	1.0
164	200	1.0
164	220	1.0
165	165	259.0
165	166	6.0
165	167	13.0
165	168	9.0
165	169	12.0
165	171	1.0
165	173	1.0
165	185	1.0
166	166	285.0
166	167	6.0
166	168	4.0
166	170	1.0
166	171	7.0
166	179	1.0
166	181	2.0
166	182	3.0
166	183	4.0
166	193	1.0
166	230	1.0
167	167	291.0
167	168	20.0
167	169	7.0
167	179	1.0
167	180	1.0
167	184	1.0
167	193	1.0
167	194	2.0
167	226	1.0
168	168	313.0
168	169	12.0
168	171	2.0
168	172	2.0
168	173	1.0
168	174	1.0
168	176	1.0
168	179	4.0
168	180	1.0
168	181	9.0
168	182	7.0
168	206	1.0
168	216	1.0
169	169	320.0
169	170	9.0
169	171	2.0
169	172	1.0
169	173	7.0
169	174	2.0
169	176	9.0
169	177	10.0
169	178	7.0
169	179	5.0
169	180	4.0
169	181	3.0
169	182	2.0
169	184	4.0
169	185	1.0
169	192	1.0
169	205	3.0
169	209	2.0
169	210	2.0
169	214	1.0
169	216	1.0
169	217	1.0
170	170	250.0
170	171	12.0
170	172	4.0
170	175	2.0
170	176	20.0
170	177	10.0
170	178	11.0
170	179	2.0
170	180	4.0
170	181	7.0
170	182	12.0
170	183	7.0
170	184	9.0
170	186	3.0
170	192	1.0
170	205	1.0
170	206	2.0
170	217	2.0
170	218	3.0
170	225	1.0
171	171	285.0
171	172	38.0
171	173	9.0
171	174	2.0
171	175	1.0
171	176	4.0
171	177	3.0
171	178	2.0
171	179	6.0
171	180	2.0
171	181	7.0
171	182	4.0
171	183	1.0
171	196	1.0
171	204	1.0
171	213	1.0
171	219	5.0
171	220	4.0
171	221	4.0
171	224	2.0
171	230	1.0
172	172	269.0
172	173	6.0
172	174	10.0
172	175	6.0
172	176	8.0
172	177	4.0
172	178	1.0
172	179	9.0
172	180	2.0
172	182	1.0
172	205	1.0
172	218	1.0
172	221	2.0
172	223	1.0
172	228	1.0
173	173	270.0
173	174	10.0
173	176	6.0
173	177	1.0
173	178	3.0
173	179	4.0
173	180	10.0
173	182	1.0
173	204	3.0
173	206	8.0
173	207	7.0
173	208	1.0
173	209	3.0
173	210	3.0
173	212	1.0
173	214	1.0
173	217	4.0
173	220	5.0
173	221	5.0
173	222	4.0
173	223	11.0
173	224	1.0
173	226	1.0
174	174	298.0
174	175	18.0
174	176	10.0
174	177	14.0
174	178	3.0
174	179	1.0
174	180	3.0
174	185	1.0
174	188	1.0
174	199	1.0
174	202	1.0
174	204	6.0
174	206	2.0
174	217	2.0
174	220	3.0
174	221	1.0
174	222	1.0
174	223	5.0
174	224	5.0
175	175	309.0
175	176	14.0
175	177	2.0
175	178	2.0
175	179	2.0
175	183	1.0
175	200	3.0
175	201	1.0
175	202	3.0
175	203	3.0
175	204	2.0
175	205	7.0
175	206	7.0
175	210	4.0
175	212	11.0
175	218	2.0
175	219	1.0
175	220	6.0
175	221	1.0
175	223	2.0
175	224	2.0
175	232	1.0
176	176	309.0
176	177	6.0
176	178	6.0
176	183	1.0
176	199	1.0
176	200	1.0
176	201	2.0
176	205	8.0
176	206	2.0
176	207	1.0
176	209	1.0
176	213	1.0
176	217	1.0
176	218	2.0
176	220	5.0
176	221	3.0
176	222	6.0
177	177	283.0
177	178	20.0
177	179	8.0
177	180	1.0
177	181	12.0
177	182	6.0
177	183	4.0
177	185	9.0
177	187	1.0
177	202	1.0
177	209	2.0
177	211	1.0
177	213	1.0
177	217	3.0
177	218	4.0
177	221	2.0
177	222	1.0
178	178	308.0
178	179	5.0
178	180	4.0
178	181	17.0
178	182	8.0
178	183	3.0
178	185	5.0
178	186	4.0
178	187	5.0
178	190	4.0
178	191	4.0
178	192	1.0
178	193	1.0
178	197	1.0
178	205	2.0
178	206	2.0
178	209	1.0
178	210	2.0
178	211	2.0
178	212	1.0
178	213	8.0
178	214	1.0
178	217	1.0
178	218	1.0
178	225	1.0
178	229	1.0
178	230	1.0
179	179	295.0
179	180	38.0
179	181	10.0
179	182	2.0
179	183	7.0
179	184	1.0
179	185	7.0
179	186	3.0
179	188	1.0
179	190	1.0
179	194	1.0
179	204	1.0
179	207	3.0
179	209	2.0
179	210	1.0
179	212	1.0
179	213	2.0
179	215	1.0
179	216	2.0
179	217	7.0
179	218	5.0
179	219	1.0
180	180	295.0
180	181	10.0
180	182	3.0
180	183	2.0
180	184	4.0
180	185	10.0
180	186	2.0
180	192	2.0
180	206	1.0
180	207	4.0
180	208	3.0
180	209	1.0
180	210	1.0
180	211	3.0
180	212	4.0
180	213	5.0
180	214	5.0
180	215	4.0
180	228	1.0
180	229	1.0
180	231	1.0
181	181	292.0
181	182	17.0
181	183	5.0
181	185	8.0
181	186	13.0
181	187	4.0
181	210	5.0
181	211	1.0
181	213	2.0
181	239	1.0
182	182	244.0
182	183	12.0
182	184	12.0
182	185	4.0
182	186	8.0
182	187	4.0
182	188	2.0
182	189	9.0
182	190	3.0
182	191	1.0
182	196	4.0
182	207	3.0
182	210	3.0
182	211	1.0
182	213	3.0
182	234	1.0
183	183	261.0
183	184	14.0
183	185	4.0
183	186	7.0
183	187	5.0
183	189	4.0
183	192	1.0
183	206	1.0
184	184	244.0
184	185	35.0
184	186	4.0
184	187	9.0
184	194	1.0
185	185	247.0
185	186	12.0
185	187	9.0
185	188	2.0
185	190	1.0
185	193	3.0
185	213	2.0
185	214	1.0
185	224	1.0
185	236	1.0
186	186	291.0
186	187	16.0
186	188	3.0
186	189	6.0
186	190	3.0
186	193	8.0
186	194	3.0
186	195	2.0
186	196	1.0
186	210	6.0
186	214	1.0
187	187	300.0
187	188	15.0
187	189	9.0
187	190	12.0
187	191	1.0
187	192	3.0
187	193	11.0
187	194	2.0
187	200	1.0
187	205	1.0
187	206	1.0
187	207	1.0
187	215	3.0
188	188	265.0
188	189	13.0
188	190	16.0
188	191	5.0
188	192	4.0
188	193	13.0
188	194	8.0
188	195	6.0
188	196	3.0
188	209	4.0
188	210	1.0
188	216	1.0
189	189	289.0
189	190	8.0
189	191	2.0
189	192	4.0
189	194	5.0
189	195	5.0
189	196	9.0
189	209	5.0
189	211	1.0
189	213	3.0
189	220	1.0
189	221	1.0
190	190	275.0
190	191	12.0
190	192	11.0
190	193	1.0
190	194	6.0
190	195	5.0
190	196	16.0
190	197	3.0
190	201	4.0
190	202	16.0
190	209	5.0
190	212	1.0
190	213	1.0
191	191	316.0
191	192	11.0
191	193	1.0
191	194	5.0
191	195	3.0
191	196	7.0
191	197	11.0
191	202	12.0
191	203	2.0
191	208	1.0
191	209	10.0
191	211	1.0
191	212	3.0
191	213	4.0
191	218	1.0
192	192	293.0
192	193	10.0
192	194	10.0
192	195	16.0
192	196	17.0
192	197	1.0
192	198	1.0
192	207	4.0
192	208	1.0
192	209	4.0
192	210	2.0
192	212	9.0
192	213	3.0
192	216	1.0
192	217	2.0
192	222	2.0
192	230	1.0
193	193	256.0
193	194	7.0
193	195	10.0
193	196	15.0
193	207	1.0
193	208	3.0
193	209	3.0
193	217	5.0
194	194	215.0
194	195	22.0
194	196	13.0
194	197	1.0
194	207	2.0
194	209	1.0
194	241	2.0
195	195	286.0
195	196	40.0
195	197	2.0
195	209	10.0
195	210	1.0
196	196	282.0
196	197	12.0
196	206	1.0
196	207	2.0
196	208	8.0
196	209	5.0
196	217	1.0
196	229	1.0
197	197	307.0
197	198	25.0
197	199	3.0
197	200	3.0
197	201	6.0
197	208	4.0
197	209	1.0
197	231	1.0
198	198	308.0
198	199	12.0
198	200	9.0
198	201	1.0
198	205	2.0
198	208	10.0
198	209	5.0
198	217	1.0
198	235	1.0
198	241	1.0
199	199	293.0
199	200	41.0
199	201	17.0
199	203	1.0
199	204	4.0
199	205	10.0
199	206	3.0
199	208	5.0
199	209	1.0
199	224	2.0
199	226	1.0
199	234	1.0
199	242	1.0
200	200	270.0
200	201	19.0
200	202	2.0
200	204	2.0
200	205	7.0
200	206	4.0
200	207	2.0
200	208	1.0
200	223	1.0
200	224	2.0
201	201	275.0
201	202	11.0
201	203	1.0
201	205	7.0
201	207	3.0
201	208	6.0
201	220	1.0
201	223	1.0
201	224	1.0
201	230	1.0
202	202	315.0
202	203	13.0
202	204	2.0
202	205	8.0
202	206	6.0
202	207	5.0
202	208	1.0
202	223	1.0
202	224	3.0
202	225	2.0
202	230	1.0
202	232	1.0
203	203	276.0
203	204	28.0
203	205	5.0
203	206	4.0
203	209	1.0
203	213	2.0
203	216	5.0
203	220	3.0
203	221	3.0
203	222	4.0
203	224	6.0
203	228	4.0
203	230	3.0
203	231	1.0
203	234	1.0
204	204	281.0
204	205	8.0
204	206	3.0
204	207	6.0
204	209	3.0
204	212	1.0
204	218	1.0
204	219	6.0
204	220	14.0
204	221	2.0
204	222	2.0
204	224	1.0
204	228	3.0
204	230	9.0
204	231	2.0
204	234	1.0
204	236	1.0
205	205	283.0
205	206	27.0
205	209	2.0
205	217	1.0
205	218	8.0
205	219	9.0
205	220	1.0
205	224	4.0
205	229	1.0
205	232	1.0
206	206	283.0
206	207	5.0
206	208	1.0
206	209	6.0
206	210	2.0
206	211	1.0
206	212	3.0
206	213	1.0
206	214	6.0
206	215	1.0
206	216	1.0
206	217	2.0
206	218	1.0
206	219	2.0
206	220	2.0
206	221	1.0
206	224	1.0
206	229	3.0
207	207	287.0
207	208	17.0
207	209	8.0
207	211	2.0
207	212	1.0
207	213	1.0
207	217	5.0
207	229	3.0
207	242	1.0
208	208	318.0
208	209	6.0
208	210	1.0
208	211	8.0
208	212	1.0
208	214	1.0
208	217	3.0
208	228	1.0
209	209	271.0
209	210	13.0
209	211	1.0
209	212	1.0
209	213	9.0
209	214	6.0
209	215	1.0
209	216	4.0
209	217	4.0
209	218	2.0
209	220	2.0
209	221	2.0
209	222	2.0
209	230	1.0
210	210	254.0
210	211	24.0
210	212	14.0
210	213	18.0
210	214	8.0
210	215	4.0
210	216	1.0
210	221	6.0
210	229	1.0
211	211	290.0
211	212	29.0
211	213	22.0
211	214	5.0
211	215	2.0
211	216	7.0
211	221	1.0
212	212	282.0
212	213	8.0
212	214	2.0
212	215	5.0
212	216	2.0
212	220	1.0
212	221	3.0
212	222	1.0
212	230	1.0
213	213	277.0
213	214	13.0
213	215	2.0
213	218	1.0
213	221	3.0
214	214	279.0
214	215	28.0
214	216	24.0
214	217	2.0
214	218	1.0
214	220	2.0
214	221	1.0
214	222	2.0
214	227	1.0
214	228	4.0
214	229	1.0
215	215	278.0
215	216	40.0
215	217	12.0
215	218	7.0
215	219	5.0
215	220	1.0
215	221	4.0
215	222	1.0
215	223	1.0
215	226	1.0
215	228	2.0
215	229	5.0
215	231	1.0
216	216	305.0
216	217	17.0
216	218	7.0
216	221	9.0
216	222	3.0
217	217	334.0
217	218	39.0
217	220	2.0
217	221	1.0
217	222	5.0
217	223	3.0
218	218	395.0
218	219	13.0
218	220	2.0
218	221	5.0
218	222	3.0
218	223	2.0
218	237	1.0
218	241	1.0
219	219	314.0
219	220	13.0
219	221	12.0
219	222	6.0
219	223	2.0
219	225	1.0
219	228	2.0
219	229	1.0
219	230	9.0
220	220	346.0
220	221	10.0
220	222	8.0
220	223	7.0
220	224	3.0
220	228	3.0
220	230	4.0
220	231	7.0
221	221	282.0
221	222	13.0
221	229	1.0
221	230	2.0
222	222	272.0
222	223	7.0
222	225	3.0
222	226	3.0
222	227	1.0
222	228	6.0
222	229	9.0
222	230	4.0
222	231	3.0
223	223	298.0
223	224	11.0
223	225	5.0
223	226	1.0
223	227	1.0
223	228	3.0
223	230	2.0
223	234	1.0
224	224	286.0
224	225	12.0
224	226	5.0
224	227	9.0
224	229	1.0
224	230	1.0
224	232	1.0
224	233	2.0
225	225	334.0
225	226	17.0
225	227	2.0
225	228	6.0
225	230	5.0
225	231	6.0
225	232	3.0
225	235	1.0
226	226	272.0
226	227	26.0
226	228	2.0
226	229	1.0
226	230	3.0
226	231	21.0
227	227	294.0
227	228	10.0
227	229	6.0
227	230	8.0
227	231	1.0
228	228	314.0
228	229	16.0
228	230	6.0
228	231	3.0
228	237	1.0
229	229	297.0
229	230	11.0
229	231	10.0
229	234	1.0
229	239	1.0
229	242	1.0
230	230	317.0
230	231	15.0
230	232	2.0
230	233	1.0
231	231	355.0
231	232	14.0
232	232	314.0
232	233	23.0
232	234	2.0
232	235	5.0
232	236	3.0
232	240	1.0
233	233	350.0
233	234	21.0
233	235	7.0
233	236	11.0
233	237	1.0
233	239	6.0
234	234	353.0
234	235	13.0
234	236	19.0
234	237	4.0
234	240	1.0
234	241	1.0
235	235	352.0
235	236	10.0
235	237	1.0
235	238	7.0
235	240	1.0
236	236	370.0
236	237	4.0
236	238	3.0
236	239	1.0
237	237	342.0
237	238	19.0
237	239	10.0
237	240	4.0
238	238	344.0
238	239	14.0
238	240	4.0
239	239	343.0
239	240	2.0
240	240	379.0
240	241	4.0
241	241	395.0
241	242	14.0
242	242	382.0
242	243	3.0
243	243	9.0
244	1	22.0
244	2	1.0
244	14	1.0
244	19	1.0
244	38	1.0
244	44	1.0
244	45	3.0
244	46	3.0
244	47	2.0
244	48	1.0
244	98	3.0
244	99	5.0
244	100	1.0
244	102	3.0
244	103	1.0
244	117	1.0
244	173	1.0
244	218	1.0
244	224	1.0
244	228	1.0
244	233	1.0
244	235	1.0
244	237	1.0
244	238	1.0
244	239	2.0
244	244	321.0
