1	1	564.0
1	2	13.0
1	3	5.0
1	4	4.0
1	12	2.0
1	13	6.0
1	14	1.0
1	15	3.0
1	20	1.0
1	26	1.0
1	29	1.0
1	32	2.0
1	33	3.0
1	37	9.0
1	38	9.0
1	39	2.0
1	40	11.0
1	42	1.0
1	48	1.0
1	50	1.0
1	55	1.0
1	70	1.0
1	73	2.0
1	80	14.0
1	82	11.0
1	83	2.0
1	84	7.0
1	85	4.0
1	88	1.0
1	89	9.0
1	90	5.0
1	102	4.0
1	104	3.0
1	105	1.0
1	107	1.0
1	108	9.0
1	109	12.0
1	110	1.0
1	138	1.0
1	163	1.0
1	166	3.0
1	167	3.0
1	169	6.0
1	177	8.0
1	186	1.0
1	190	2.0
1	191	1.0
1	197	4.0
1	198	2.0
1	203	1.0
1	220	1.0
1	236	1.0
1	237	16.0
1	238	10.0
1	239	4.0
1	241	1.0
2	2	585.0
2	3	26.0
2	4	5.0
2	7	3.0
2	8	5.0
2	10	6.0
2	11	1.0
2	12	29.0
2	13	26.0
2	14	10.0
2	15	7.0
2	16	1.0
2	25	1.0
2	30	2.0
2	33	1.0
2	66	1.0
2	75	4.0
2	81	1.0
2	82	8.0
2	83	6.0
2	84	16.0
2	88	1.0
2	89	5.0
2	96	1.0
2	108	1.0
2	109	1.0
2	110	1.0
2	111	6.0
2	112	2.0
2	119	1.0
2	141	1.0
2	150	2.0
2	160	4.0
2	163	2.0
2	166	2.0
2	167	8.0
2	168	5.0
2	169	2.0
2	170	1.0
2	188	1.0
2	192	3.0
2	193	2.0
2	194	9.0
2	197	2.0
2	208	1.0
2	216	2.0
2	217	6.0
2	220	1.0
2	221	11.0
2	230	1.0
2	237	4.0
2	238	5.0
2	239	7.0
2	242	1.0
3	3	566.0
3	4	17.0
3	5	5.0
3	7	8.0
3	8	4.0
3	9	4.0
3	10	15.0
3	11	2.0
3	12	2.0
3	13	18.0
3	14	3.0
3	15	10.0
3	18	1.0
3	24	1.0
3	32	1.0
3	37	3.0
3	39	1.0
3	50	2.0
3	56	2.0
3	60	1.0
3	84	4.0
3	85	17.0
3	88	7.0
3	89	3.0
3	101	2.0
3	106	1.0
3	109	2.0
3	110	2.0
3	128	1.0
3	146	1.0
3	160	1.0
3	163	2.0
3	166	5.0
3	171	2.0
3	177	1.0
3	191	1.0
3	192	2.0
3	193	2.0
3	194	4.0
3	196	1.0
3	197	12.0
3	198	1.0
3	220	1.0
3	221	26.0
3	222	4.0
3	230	1.0
3	231	6.0
3	235	4.0
3	237	1.0
3	238	2.0
3	239	1.0
3	241	2.0
4	4	530.0
4	5	46.0
4	6	7.0
4	7	12.0
4	8	5.0
4	9	2.0
4	10	2.0
4	11	1.0
4	12	15.0
4	13	32.0
4	14	6.0
4	21	1.0
4	33	2.0
4	41	3.0
4	43	1.0
4	50	1.0
4	55	1.0
4	84	2.0
4	118	1.0
4	160	1.0
4	187	1.0
4	192	1.0
4	194	5.0
4	195	8.0
4	196	8.0
4	197	1.0
4	203	1.0
4	210	1.0
4	220	1.0
4	221	2.0
4	222	4.0
4	223	1.0
4	225	2.0
4	226	1.0
4	227	1.0
4	228	1.0
4	230	5.0
4	231	7.0
4	235	1.0
4	240	10.0
4	241	1.0
4	242	2.0
5	5	523.0
5	6	19.0
5	7	2.0
5	8	3.0
5	10	1.0
5	11	1.0
5	12	2.0
5	13	2.0
5	33	1.0
5	40	5.0
5	41	10.0
5	42	6.0
5	45	1.0
5	58	1.0
5	162	2.0
5	183	2.0
5	194	3.0
5	195	8.0
5	196	7.0
5	199	1.0
5	214	5.0
5	215	1.0
5	220	3.0
5	222	17.0
5	223	3.0
5	227	1.0
5	230	8.0
5	231	3.0
5	232	1.0
5	233	1.0
5	234	6.0
5	235	1.0
5	240	13.0
5	241	11.0
6	6	628.0
6	7	17.0
6	8	3.0
6	11	1.0
6	12	1.0
6	28	1.0
6	30	1.0
6	34	3.0
6	39	3.0
6	40	12.0
6	41	2.0
6	42	9.0
6	54	1.0
6	64	1.0
6	104	1.0
6	118	1.0
6	126	1.0
6	127	1.0
6	143	1.0
6	211	1.0
6	218	1.0
6	220	2.0
6	222	3.0
6	223	11.0
6	224	2.0
6	233	2.0
6	234	3.0
6	240	30.0
6	241	3.0
7	7	588.0
7	8	22.0
7	9	3.0
7	10	10.0
7	11	16.0
7	12	5.0
7	13	15.0
7	14	1.0
7	16	1.0
7	21	1.0
7	32	1.0
7	33	2.0
7	34	7.0
7	37	5.0
7	38	7.0
7	40	6.0
7	41	12.0
7	42	7.0
7	56	1.0
7	59	1.0
7	65	1.0
7	77	1.0
7	81	1.0
7	84	3.0
7	109	1.0
7	189	1.0
7	191	1.0
7	194	3.0
7	201	7.0
7	203	1.0
7	206	2.0
7	207	2.0
7	210	7.0
7	211	1.0
7	213	3.0
7	214	5.0
7	216	1.0
7	220	1.0
7	222	2.0
7	223	13.0
7	224	9.0
7	225	2.0
7	231	1.0
7	238	1.0
8	8	578.0
8	9	20.0
8	10	4.0
8	11	10.0
8	12	10.0
8	13	3.0
8	14	2.0
8	20	8.0
8	26	4.0
8	27	2.0
8	32	2.0
8	33	1.0
8	34	6.0
8	36	12.0
8	37	1.0
8	39	9.0
8	41	1.0
8	42	3.0
8	73	2.0
8	84	5.0
8	85	1.0
8	86	1.0
8	89	1.0
8	109	4.0
8	128	1.0
8	142	1.0
8	197	1.0
8	201	9.0
8	203	2.0
8	204	3.0
8	214	2.0
8	224	1.0
8	234	1.0
9	9	629.0
9	10	45.0
9	11	14.0
9	12	12.0
9	13	1.0
9	15	2.0
9	21	7.0
9	22	7.0
9	26	11.0
9	33	1.0
9	34	1.0
9	35	6.0
9	36	7.0
9	37	2.0
9	74	1.0
9	77	1.0
9	84	2.0
9	85	1.0
9	100	1.0
9	122	1.0
9	124	1.0
9	129	1.0
9	130	1.0
9	138	1.0
9	208	5.0
9	229	1.0
9	233	9.0
9	234	4.0
9	242	1.0
10	10	657.0
10	11	20.0
10	12	9.0
10	14	4.0
10	15	1.0
10	17	1.0
10	22	4.0
10	23	1.0
10	24	8.0
10	33	1.0
10	35	1.0
10	64	1.0
10	75	7.0
10	82	1.0
10	84	10.0
10	85	6.0
10	110	1.0
10	136	1.0
10	143	1.0
10	144	1.0
10	198	1.0
10	199	1.0
10	204	1.0
10	213	1.0
10	221	1.0
10	238	1.0
11	11	585.0
11	12	15.0
11	13	17.0
11	14	6.0
11	15	12.0
11	16	22.0
11	17	3.0
11	20	3.0
11	23	1.0
11	25	1.0
11	26	4.0
11	33	1.0
11	48	1.0
11	50	1.0
11	71	1.0
11	73	1.0
11	74	2.0
11	75	12.0
11	77	1.0
11	79	1.0
11	85	4.0
11	102	1.0
11	104	1.0
11	138	1.0
11	154	1.0
11	195	1.0
11	197	1.0
11	218	1.0
12	12	554.0
12	13	22.0
12	14	1.0
12	15	10.0
12	16	23.0
12	18	2.0
12	20	2.0
12	21	4.0
12	22	4.0
12	23	5.0
12	26	5.0
12	33	1.0
12	39	2.0
12	49	1.0
12	52	1.0
12	57	1.0
12	71	1.0
12	75	2.0
12	77	1.0
12	82	9.0
12	83	5.0
12	84	11.0
12	103	1.0
12	125	1.0
12	153	1.0
12	157	1.0
12	161	1.0
12	171	1.0
12	202	3.0
12	203	4.0
12	222	1.0
13	13	465.0
13	14	19.0
13	15	9.0
13	16	8.0
13	17	1.0
13	20	4.0
13	23	7.0
13	28	1.0
13	33	2.0
13	58	1.0
13	97	1.0
13	98	1.0
13	134	1.0
13	158	2.0
13	166	2.0
13	186	1.0
13	202	4.0
13	203	2.0
13	206	1.0
13	207	1.0
13	210	2.0
13	216	1.0
13	219	1.0
13	229	1.0
14	14	556.0
14	15	29.0
14	16	11.0
14	17	13.0
14	18	3.0
14	19	6.0
14	22	4.0
14	23	3.0
14	36	2.0
14	56	1.0
14	73	1.0
14	80	1.0
14	81	2.0
14	89	13.0
14	90	2.0
14	91	10.0
14	92	1.0
14	97	2.0
14	101	1.0
14	104	2.0
14	109	1.0
14	134	1.0
14	139	1.0
14	159	1.0
14	242	2.0
15	15	640.0
15	16	35.0
15	17	11.0
15	19	2.0
15	20	1.0
15	23	2.0
15	27	1.0
15	36	3.0
15	37	3.0
15	61	2.0
15	82	1.0
15	84	1.0
15	88	3.0
15	89	11.0
15	91	1.0
15	98	1.0
15	99	1.0
15	101	6.0
15	102	8.0
15	104	1.0
15	108	2.0
15	109	1.0
15	110	7.0
15	123	1.0
15	124	3.0
15	131	1.0
15	156	2.0
15	165	2.0
15	193	1.0
15	202	1.0
15	203	8.0
15	216	1.0
15	224	1.0
16	16	615.0
16	17	18.0
16	18	1.0
16	20	2.0
16	21	2.0
16	23	1.0
16	31	1.0
16	32	2.0
16	34	2.0
16	35	16.0
16	36	17.0
16	37	19.0
16	46	1.0
16	49	1.0
16	70	1.0
16	87	1.0
16	89	3.0
16	91	3.0
16	101	2.0
16	102	12.0
16	104	1.0
16	109	6.0
16	110	5.0
16	113	1.0
16	121	1.0
16	127	1.0
16	128	1.0
16	137	1.0
16	158	2.0
16	169	1.0
16	185	1.0
16	194	1.0
16	202	1.0
16	203	2.0
16	205	1.0
16	208	1.0
16	229	2.0
16	234	1.0
16	236	1.0
16	242	1.0
17	17	573.0
17	18	20.0
17	19	18.0
17	20	3.0
17	21	2.0
17	24	13.0
17	25	3.0
17	32	11.0
17	33	6.0
17	35	2.0
17	36	8.0
17	37	4.0
17	54	2.0
17	78	1.0
17	88	1.0
17	131	1.0
17	176	1.0
17	187	1.0
17	208	2.0
17	212	1.0
17	231	2.0
17	238	1.0
18	18	589.0
18	19	40.0
18	20	6.0
18	24	4.0
18	25	1.0
18	27	1.0
18	31	2.0
18	32	6.0
18	33	3.0
18	35	1.0
18	55	3.0
18	75	1.0
18	79	1.0
18	88	13.0
18	107	1.0
18	108	1.0
18	110	2.0
18	113	1.0
18	123	1.0
18	146	1.0
18	207	3.0
19	19	582.0
19	20	16.0
19	24	6.0
19	25	7.0
19	26	1.0
19	30	6.0
19	31	3.0
19	32	10.0
19	33	4.0
19	36	4.0
19	43	1.0
19	44	1.0
19	55	1.0
19	61	1.0
19	78	1.0
19	87	2.0
19	88	5.0
19	137	1.0
19	167	1.0
19	172	1.0
19	188	1.0
19	237	1.0
20	20	625.0
20	21	22.0
20	22	3.0
20	24	5.0
20	26	5.0
20	30	2.0
20	31	17.0
20	32	15.0
20	33	9.0
20	34	1.0
20	36	4.0
20	39	5.0
20	42	2.0
20	54	7.0
20	77	1.0
20	78	1.0
20	86	20.0
20	87	7.0
20	88	6.0
20	99	1.0
20	105	1.0
20	116	1.0
20	124	1.0
20	129	1.0
20	131	1.0
20	139	1.0
20	153	1.0
20	154	1.0
20	163	1.0
20	201	2.0
20	202	6.0
20	203	10.0
20	204	2.0
20	205	1.0
20	208	1.0
20	209	1.0
20	213	6.0
20	214	3.0
20	215	3.0
20	220	2.0
20	226	1.0
20	239	2.0
20	240	10.0
21	21	585.0
21	22	22.0
21	23	3.0
21	24	9.0
21	26	2.0
21	28	7.0
21	29	2.0
21	30	14.0
21	31	4.0
21	36	2.0
21	45	1.0
21	52	1.0
21	54	1.0
21	55	2.0
21	58	1.0
21	73	1.0
21	81	1.0
21	86	17.0
21	87	4.0
21	88	4.0
21	112	1.0
21	124	2.0
21	133	3.0
21	159	1.0
21	200	1.0
21	202	6.0
21	203	6.0
21	204	5.0
21	208	5.0
21	209	2.0
21	214	2.0
21	223	1.0
21	233	2.0
21	236	1.0
21	239	7.0
21	240	5.0
22	22	518.0
22	23	24.0
22	24	11.0
22	26	4.0
22	29	11.0
22	33	1.0
22	50	1.0
22	54	6.0
22	55	9.0
22	56	1.0
22	86	1.0
22	88	1.0
22	100	1.0
22	102	1.0
22	122	1.0
22	189	1.0
22	210	1.0
22	222	1.0
22	239	9.0
23	23	641.0
23	24	18.0
23	25	11.0
23	26	5.0
23	27	1.0
23	28	4.0
23	29	7.0
23	38	1.0
23	50	1.0
23	54	3.0
23	86	2.0
23	100	1.0
23	101	1.0
23	129	1.0
23	135	1.0
23	145	1.0
23	146	1.0
23	153	1.0
23	169	1.0
23	174	1.0
23	182	1.0
23	186	1.0
23	198	1.0
23	202	14.0
23	203	4.0
23	204	2.0
23	206	1.0
23	207	11.0
23	208	1.0
23	209	3.0
23	212	1.0
23	234	1.0
23	237	3.0
23	238	6.0
23	239	5.0
23	240	2.0
24	24	560.0
24	25	29.0
24	26	3.0
24	35	1.0
24	36	1.0
24	54	7.0
24	55	6.0
24	66	9.0
24	70	1.0
24	71	3.0
24	86	1.0
24	122	1.0
24	130	1.0
24	135	1.0
24	208	15.0
24	216	1.0
24	225	1.0
24	231	1.0
24	238	5.0
24	239	3.0
24	240	3.0
25	25	672.0
25	26	12.0
25	27	4.0
25	33	1.0
25	34	1.0
25	53	1.0
25	54	12.0
25	55	2.0
25	56	1.0
25	69	1.0
25	74	1.0
25	96	2.0
25	120	1.0
25	128	1.0
25	153	1.0
25	199	1.0
25	210	1.0
25	212	1.0
25	215	2.0
25	217	1.0
25	238	2.0
25	239	1.0
26	26	590.0
26	27	16.0
26	28	7.0
26	33	3.0
26	34	2.0
26	35	4.0
26	36	3.0
26	37	6.0
26	38	1.0
26	39	3.0
26	51	1.0
26	52	2.0
26	53	1.0
26	54	4.0
26	55	5.0
26	71	2.0
26	72	1.0
26	107	1.0
26	111	1.0
26	130	1.0
26	150	1.0
26	173	1.0
26	177	1.0
26	179	1.0
26	190	2.0
26	191	2.0
26	199	1.0
26	201	1.0
26	202	1.0
26	204	1.0
26	205	2.0
26	208	6.0
26	209	7.0
26	219	1.0
26	235	2.0
26	239	1.0
27	27	652.0
27	28	7.0
27	29	1.0
27	30	1.0
27	31	1.0
27	32	2.0
27	34	7.0
27	35	3.0
27	36	2.0
27	37	4.0
27	38	8.0
27	42	3.0
27	53	4.0
27	54	3.0
27	55	16.0
27	56	1.0
27	62	1.0
27	70	7.0
27	71	2.0
27	78	1.0
27	107	1.0
27	116	1.0
27	146	1.0
27	161	1.0
27	171	1.0
27	177	1.0
27	184	1.0
27	186	1.0
27	204	4.0
27	206	1.0
27	208	1.0
27	211	1.0
27	214	1.0
27	223	1.0
27	225	2.0
27	226	6.0
27	227	1.0
27	235	1.0
28	28	650.0
28	29	39.0
28	30	16.0
28	32	6.0
28	33	1.0
28	42	3.0
28	43	1.0
28	48	3.0
28	51	1.0
28	53	1.0
28	55	9.0
28	70	25.0
28	71	2.0
28	87	1.0
28	88	2.0
28	96	1.0
28	116	2.0
28	121	2.0
28	139	2.0
28	147	1.0
28	149	1.0
28	152	1.0
28	154	1.0
28	159	1.0
28	163	1.0
28	171	1.0
28	177	1.0
28	190	1.0
28	198	2.0
28	199	3.0
28	200	3.0
28	201	1.0
28	221	1.0
28	225	2.0
28	226	1.0
28	227	6.0
28	228	6.0
28	229	34.0
28	230	1.0
28	232	2.0
28	239	2.0
28	240	2.0
29	29	612.0
29	30	25.0
29	31	20.0
29	32	3.0
29	33	2.0
29	44	1.0
29	45	1.0
29	55	3.0
29	70	4.0
29	71	5.0
29	77	5.0
29	87	3.0
29	88	8.0
29	89	1.0
29	103	1.0
29	104	3.0
29	111	1.0
29	118	1.0
29	136	2.0
29	156	1.0
29	168	1.0
29	183	1.0
29	188	2.0
29	189	29.0
29	190	3.0
29	191	13.0
29	194	1.0
29	198	6.0
29	199	6.0
29	205	2.0
29	223	3.0
29	229	5.0
29	236	1.0
29	239	7.0
29	240	2.0
30	30	650.0
30	31	31.0
30	32	1.0
30	42	1.0
30	43	2.0
30	44	7.0
30	45	7.0
30	49	1.0
30	54	1.0
30	55	3.0
30	60	1.0
30	65	1.0
30	67	1.0
30	69	2.0
30	70	12.0
30	71	23.0
30	73	4.0
30	74	1.0
30	87	3.0
30	88	1.0
30	110	1.0
30	125	1.0
30	133	1.0
30	140	1.0
30	175	2.0
30	184	1.0
30	187	2.0
30	188	4.0
30	189	8.0
30	190	6.0
30	191	1.0
30	198	1.0
30	199	3.0
30	201	2.0
30	204	1.0
30	227	1.0
30	229	12.0
30	237	1.0
30	240	1.0
31	31	658.0
31	32	12.0
31	33	5.0
31	42	1.0
31	43	2.0
31	44	3.0
31	45	10.0
31	48	7.0
31	49	10.0
31	55	1.0
31	59	1.0
31	67	5.0
31	70	2.0
31	71	14.0
31	72	8.0
31	75	9.0
31	76	3.0
31	87	2.0
31	88	12.0
31	97	1.0
31	103	1.0
31	104	5.0
31	110	1.0
31	125	1.0
31	129	1.0
31	142	1.0
31	172	1.0
31	175	1.0
31	179	1.0
31	187	1.0
31	188	8.0
31	189	15.0
31	190	3.0
31	191	2.0
31	192	1.0
31	193	1.0
31	199	1.0
31	202	1.0
31	219	1.0
31	224	1.0
31	227	2.0
31	229	4.0
31	241	1.0
32	32	568.0
32	33	25.0
32	36	3.0
32	37	6.0
32	38	1.0
32	39	1.0
32	42	3.0
32	43	1.0
32	44	1.0
32	47	6.0
32	48	11.0
32	70	7.0
32	71	1.0
32	85	3.0
32	86	5.0
32	88	8.0
32	101	3.0
32	104	1.0
32	110	9.0
32	121	1.0
32	159	1.0
32	162	1.0
32	187	2.0
32	188	1.0
32	190	2.0
32	192	6.0
32	211	1.0
32	214	1.0
32	219	1.0
32	223	4.0
32	225	4.0
32	226	11.0
32	227	4.0
32	228	9.0
32	229	6.0
32	231	1.0
32	233	1.0
32	240	4.0
33	33	718.0
33	34	23.0
33	35	11.0
33	36	7.0
33	37	1.0
33	42	2.0
33	45	1.0
33	47	2.0
33	50	3.0
33	51	1.0
33	57	1.0
33	58	1.0
33	60	1.0
33	62	2.0
33	63	1.0
33	65	1.0
33	69	2.0
33	71	2.0
33	72	2.0
33	74	1.0
33	79	2.0
33	86	3.0
33	87	2.0
33	89	2.0
33	95	1.0
33	96	2.0
33	98	2.0
33	99	2.0
33	101	1.0
33	104	1.0
33	107	1.0
33	109	1.0
33	111	1.0
33	113	1.0
33	115	1.0
33	116	1.0
33	119	1.0
33	122	4.0
33	125	1.0
33	126	1.0
33	128	1.0
33	130	1.0
33	131	1.0
33	138	3.0
33	140	1.0
33	143	1.0
33	146	2.0
33	148	1.0
33	149	1.0
33	154	3.0
33	155	2.0
33	159	1.0
33	173	1.0
33	179	1.0
33	180	1.0
33	183	3.0
33	189	1.0
33	197	1.0
33	199	1.0
33	201	1.0
33	204	1.0
33	207	1.0
33	208	3.0
33	209	1.0
33	210	2.0
33	214	2.0
33	216	1.0
33	217	3.0
33	218	2.0
33	220	2.0
33	223	19.0
33	224	3.0
33	227	1.0
33	228	1.0
33	230	2.0
33	231	2.0
33	232	2.0
33	233	1.0
33	234	1.0
33	239	1.0
33	241	3.0
33	242	2.0
34	34	530.0
34	35	27.0
34	36	33.0
34	39	3.0
34	40	1.0
34	41	3.0
34	42	4.0
34	81	1.0
34	86	1.0
34	105	2.0
34	119	1.0
34	125	1.0
34	126	2.0
34	127	1.0
34	128	1.0
34	143	1.0
34	155	1.0
34	175	1.0
34	188	1.0
34	195	1.0
34	214	1.0
34	219	2.0
34	233	1.0
34	237	1.0
34	238	1.0
34	240	1.0
35	35	477.0
35	36	32.0
35	39	1.0
35	40	1.0
35	101	2.0
35	104	1.0
35	120	1.0
35	124	2.0
35	125	9.0
35	126	15.0
35	127	15.0
35	128	13.0
35	135	1.0
35	159	1.0
35	168	1.0
35	188	1.0
35	192	1.0
35	208	2.0
35	214	1.0
35	223	1.0
35	224	1.0
35	233	2.0
35	234	6.0
36	36	561.0
36	37	1.0
36	38	1.0
36	39	15.0
36	41	1.0
36	42	2.0
36	44	1.0
36	50	1.0
36	52	1.0
36	67	1.0
36	81	1.0
36	88	2.0
36	91	1.0
36	96	1.0
36	126	13.0
36	127	3.0
36	128	1.0
36	132	1.0
36	135	1.0
36	136	3.0
36	149	1.0
36	157	1.0
36	158	4.0
36	159	4.0
36	164	3.0
36	183	1.0
36	199	2.0
36	202	1.0
36	204	2.0
36	206	1.0
36	208	2.0
36	214	1.0
36	216	1.0
36	224	1.0
36	233	12.0
36	234	10.0
37	37	606.0
37	38	33.0
37	39	1.0
37	40	2.0
37	42	3.0
37	72	2.0
37	74	1.0
37	76	1.0
37	84	2.0
37	85	9.0
37	89	4.0
37	90	3.0
37	97	2.0
37	99	1.0
37	103	1.0
37	104	1.0
37	107	1.0
37	108	5.0
37	109	13.0
37	110	1.0
37	113	11.0
37	158	1.0
37	207	5.0
37	208	13.0
37	214	1.0
37	217	1.0
37	223	6.0
37	224	2.0
37	240	1.0
38	38	580.0
38	39	11.0
38	40	8.0
38	41	2.0
38	42	11.0
38	43	4.0
38	50	1.0
38	74	3.0
38	78	1.0
38	79	8.0
38	80	17.0
38	81	1.0
38	82	7.0
38	83	6.0
38	84	4.0
38	90	3.0
38	104	7.0
38	105	1.0
38	106	1.0
38	108	3.0
38	109	1.0
38	117	1.0
38	123	1.0
38	131	1.0
38	140	1.0
38	194	1.0
38	195	3.0
38	203	6.0
38	204	2.0
38	206	1.0
38	207	9.0
38	208	9.0
38	209	2.0
38	214	6.0
38	217	1.0
38	223	6.0
38	224	11.0
38	233	1.0
38	240	1.0
39	39	570.0
39	40	17.0
39	41	4.0
39	42	13.0
39	43	4.0
39	64	2.0
39	80	8.0
39	81	6.0
39	87	1.0
39	88	1.0
39	89	1.0
39	90	1.0
39	96	6.0
39	100	2.0
39	103	5.0
39	104	19.0
39	105	27.0
39	114	1.0
39	117	1.0
39	118	2.0
39	119	3.0
39	120	3.0
39	166	1.0
39	175	1.0
39	189	1.0
39	201	3.0
39	208	1.0
39	215	2.0
39	226	1.0
39	233	2.0
39	234	7.0
39	240	1.0
39	242	3.0
40	40	563.0
40	41	24.0
40	42	24.0
40	43	3.0
40	71	1.0
40	80	4.0
40	81	19.0
40	90	4.0
40	96	1.0
40	103	13.0
40	104	6.0
40	105	2.0
40	117	2.0
40	118	1.0
40	190	1.0
40	194	1.0
40	195	5.0
40	201	3.0
40	211	2.0
40	212	2.0
40	213	4.0
40	214	6.0
40	215	2.0
40	220	5.0
40	222	2.0
40	224	4.0
40	225	1.0
40	226	2.0
40	227	1.0
40	232	1.0
40	234	3.0
41	41	540.0
41	42	5.0
41	43	4.0
41	68	1.0
41	75	1.0
41	80	9.0
41	81	20.0
41	87	1.0
41	89	1.0
41	90	1.0
41	91	1.0
41	95	2.0
41	100	1.0
41	102	1.0
41	104	2.0
41	113	1.0
41	117	3.0
41	118	1.0
41	119	3.0
41	126	1.0
41	133	1.0
41	134	1.0
41	158	1.0
41	160	1.0
41	175	2.0
41	183	1.0
41	194	3.0
41	195	11.0
41	196	1.0
41	199	3.0
41	200	1.0
41	201	4.0
41	206	1.0
41	211	2.0
41	214	5.0
41	220	2.0
41	222	11.0
41	223	4.0
41	224	4.0
41	226	1.0
41	227	1.0
41	230	2.0
41	231	4.0
41	233	1.0
41	240	1.0
41	241	2.0
42	42	602.0
42	43	13.0
42	44	1.0
42	45	2.0
42	47	3.0
42	48	1.0
42	49	1.0
42	50	3.0
42	62	1.0
42	69	1.0
42	70	3.0
42	71	3.0
42	74	1.0
42	78	1.0
42	80	7.0
42	81	4.0
42	83	1.0
42	85	2.0
42	90	2.0
42	91	1.0
42	95	1.0
42	96	3.0
42	100	1.0
42	104	12.0
42	105	4.0
42	108	1.0
42	113	2.0
42	118	2.0
42	119	2.0
42	120	1.0
42	145	1.0
42	153	1.0
42	161	1.0
42	164	1.0
42	170	2.0
42	188	1.0
42	195	2.0
42	209	1.0
42	212	5.0
42	213	1.0
42	214	4.0
42	215	8.0
42	217	1.0
42	223	5.0
42	224	4.0
42	225	3.0
42	226	7.0
42	227	3.0
42	229	3.0
42	230	1.0
42	231	1.0
42	233	1.0
42	238	1.0
42	242	9.0
42	243	5.0
43	43	576.0
43	44	17.0
43	45	1.0
43	47	18.0
43	48	4.0
43	49	5.0
43	57	1.0
43	65	1.0
43	67	1.0
43	68	1.0
43	69	3.0
43	71	2.0
43	73	4.0
43	74	4.0
43	77	1.0
43	81	6.0
43	85	2.0
43	86	4.0
43	88	1.0
43	91	2.0
43	95	3.0
43	103	5.0
43	109	1.0
43	111	2.0
43	122	1.0
43	152	3.0
43	166	1.0
43	188	8.0
43	189	5.0
43	211	2.0
43	218	1.0
43	223	1.0
43	229	1.0
43	242	4.0
44	44	572.0
44	45	31.0
44	46	1.0
44	47	19.0
44	48	25.0
44	50	1.0
44	51	1.0
44	52	7.0
44	57	1.0
44	61	1.0
44	67	1.0
44	68	1.0
44	69	11.0
44	70	11.0
44	71	3.0
44	73	7.0
44	74	9.0
44	77	3.0
44	79	2.0
44	80	6.0
44	81	3.0
44	82	2.0
44	83	1.0
44	84	2.0
44	86	1.0
44	88	1.0
44	103	2.0
44	105	2.0
44	136	1.0
44	183	1.0
44	186	1.0
44	187	5.0
44	188	4.0
44	189	2.0
44	190	4.0
44	191	5.0
44	225	1.0
44	229	6.0
44	237	1.0
44	239	1.0
44	240	1.0
45	45	621.0
45	46	6.0
45	47	8.0
45	48	15.0
45	49	3.0
45	51	6.0
45	52	16.0
45	53	13.0
45	55	1.0
45	62	3.0
45	63	12.0
45	65	1.0
45	66	3.0
45	67	4.0
45	68	3.0
45	69	3.0
45	70	4.0
45	71	2.0
45	72	8.0
45	73	2.0
45	76	3.0
45	77	2.0
45	78	9.0
45	79	1.0
45	85	2.0
45	96	1.0
45	97	3.0
45	101	2.0
45	103	2.0
45	104	5.0
45	105	4.0
45	106	1.0
45	117	1.0
45	144	1.0
45	160	1.0
45	181	1.0
45	187	5.0
45	188	7.0
45	189	4.0
45	190	5.0
45	191	1.0
45	193	1.0
45	206	1.0
45	210	1.0
45	211	1.0
45	242	2.0
46	46	604.0
46	47	12.0
46	48	3.0
46	49	2.0
46	50	2.0
46	51	2.0
46	52	11.0
46	53	1.0
46	54	1.0
46	55	10.0
46	56	8.0
46	57	6.0
46	58	13.0
46	59	12.0
46	60	5.0
46	61	8.0
46	63	24.0
46	64	6.0
46	65	2.0
46	66	1.0
46	67	5.0
46	72	2.0
46	74	15.0
46	79	1.0
46	80	1.0
46	81	1.0
46	85	10.0
46	88	12.0
46	96	2.0
46	97	5.0
46	103	2.0
46	104	6.0
46	105	1.0
46	111	1.0
46	134	1.0
46	136	1.0
46	146	1.0
46	160	1.0
46	189	1.0
46	225	1.0
46	238	1.0
46	239	1.0
47	47	640.0
47	48	12.0
47	52	3.0
47	54	1.0
47	55	5.0
47	61	2.0
47	62	2.0
47	63	4.0
47	64	5.0
47	68	1.0
47	69	1.0
47	70	1.0
47	81	1.0
47	85	5.0
47	86	7.0
47	88	2.0
47	97	2.0
47	111	1.0
47	156	1.0
47	181	1.0
47	187	4.0
47	188	1.0
47	192	2.0
47	198	2.0
47	200	1.0
47	228	1.0
47	229	8.0
48	48	595.0
48	49	19.0
48	50	8.0
48	51	7.0
48	52	9.0
48	55	1.0
48	62	23.0
48	64	1.0
48	65	1.0
48	67	1.0
48	68	12.0
48	69	4.0
48	70	11.0
48	73	1.0
48	78	1.0
48	82	1.0
48	89	1.0
48	90	2.0
48	103	1.0
48	104	1.0
48	105	1.0
48	129	1.0
48	178	1.0
48	187	3.0
48	188	8.0
48	189	1.0
48	190	2.0
48	191	2.0
48	192	1.0
48	197	6.0
48	198	6.0
48	199	1.0
48	219	1.0
48	221	1.0
48	223	1.0
48	226	2.0
48	228	2.0
48	229	5.0
48	235	1.0
48	238	2.0
49	49	534.0
49	50	26.0
49	51	10.0
49	52	14.0
49	53	5.0
49	56	2.0
49	57	3.0
49	60	8.0
49	61	2.0
49	62	6.0
49	63	2.0
49	64	4.0
49	65	13.0
49	66	14.0
49	67	2.0
49	68	19.0
49	69	4.0
49	71	1.0
49	72	2.0
49	74	2.0
49	75	3.0
49	76	2.0
49	83	1.0
49	85	1.0
49	100	10.0
49	103	7.0
49	104	4.0
49	120	3.0
49	180	2.0
49	188	7.0
49	189	4.0
49	190	2.0
49	197	1.0
49	236	1.0
49	237	1.0
49	238	1.0
50	50	557.0
50	51	28.0
50	52	3.0
50	54	2.0
50	55	4.0
50	56	1.0
50	57	5.0
50	58	4.0
50	61	4.0
50	62	5.0
50	64	2.0
50	65	5.0
50	66	16.0
50	67	5.0
50	69	1.0
50	71	4.0
50	73	1.0
50	74	4.0
50	75	1.0
50	78	1.0
50	80	1.0
50	95	7.0
50	96	3.0
50	97	2.0
50	98	1.0
50	99	10.0
50	100	1.0
50	102	5.0
50	103	1.0
50	112	1.0
50	120	1.0
50	125	1.0
50	131	1.0
50	153	1.0
50	163	1.0
50	210	1.0
50	222	1.0
51	51	554.0
51	52	7.0
51	53	12.0
51	54	1.0
51	55	4.0
51	60	1.0
51	62	2.0
51	65	2.0
51	66	4.0
51	68	1.0
51	69	1.0
51	73	2.0
51	80	1.0
51	89	1.0
51	95	7.0
51	96	2.0
51	97	1.0
51	98	7.0
51	99	5.0
51	100	13.0
51	101	1.0
51	102	1.0
51	104	2.0
51	105	1.0
51	107	1.0
51	113	1.0
51	143	2.0
51	161	2.0
51	212	1.0
51	229	1.0
51	230	1.0
51	235	2.0
51	241	1.0
52	52	522.0
52	53	9.0
52	54	7.0
52	55	11.0
52	57	3.0
52	58	1.0
52	61	1.0
52	63	4.0
52	65	3.0
52	66	12.0
52	67	3.0
52	68	6.0
52	69	12.0
52	70	1.0
52	71	1.0
52	72	2.0
52	73	2.0
52	74	3.0
52	76	1.0
52	88	5.0
52	89	1.0
52	92	1.0
52	96	8.0
52	97	4.0
52	98	2.0
52	99	1.0
52	100	9.0
52	102	1.0
52	103	5.0
52	104	1.0
52	125	1.0
52	151	2.0
52	178	1.0
52	181	1.0
52	192	1.0
52	193	1.0
52	232	1.0
52	235	2.0
53	53	535.0
53	54	1.0
53	55	24.0
53	56	5.0
53	57	6.0
53	58	7.0
53	60	1.0
53	63	8.0
53	65	1.0
53	66	1.0
53	67	4.0
53	68	6.0
53	71	10.0
53	72	24.0
53	73	1.0
53	80	1.0
53	95	2.0
53	96	1.0
53	98	1.0
53	99	1.0
53	100	7.0
53	143	1.0
53	149	1.0
53	154	2.0
53	163	1.0
53	182	1.0
53	234	1.0
54	54	601.0
54	55	51.0
54	58	4.0
54	65	5.0
54	68	4.0
54	71	1.0
54	73	6.0
54	74	14.0
54	86	1.0
54	88	7.0
54	96	2.0
54	97	1.0
54	98	1.0
54	99	1.0
54	100	5.0
54	102	2.0
54	103	3.0
54	112	1.0
54	114	1.0
54	122	1.0
54	131	1.0
54	133	1.0
54	221	1.0
54	236	2.0
54	239	4.0
54	240	3.0
55	55	583.0
55	56	9.0
55	57	16.0
55	58	19.0
55	59	2.0
55	60	3.0
55	61	1.0
55	69	3.0
55	71	4.0
55	72	2.0
55	73	1.0
55	74	1.0
55	88	2.0
55	95	2.0
55	96	2.0
55	97	1.0
55	100	2.0
55	121	1.0
55	124	1.0
55	131	1.0
55	148	1.0
55	152	2.0
55	236	2.0
55	240	3.0
56	56	583.0
56	57	21.0
56	58	20.0
56	59	4.0
56	60	12.0
56	61	2.0
56	63	3.0
56	64	6.0
56	65	5.0
56	66	9.0
56	67	18.0
56	68	5.0
56	74	1.0
56	90	1.0
56	91	1.0
56	92	1.0
56	95	1.0
56	97	1.0
56	106	1.0
56	185	1.0
56	206	1.0
57	57	529.0
57	58	37.0
57	59	30.0
57	60	18.0
57	61	9.0
57	63	1.0
57	64	1.0
57	66	1.0
57	67	1.0
57	68	3.0
57	69	1.0
57	72	3.0
57	78	1.0
57	88	1.0
57	89	1.0
57	91	1.0
57	92	4.0
57	100	1.0
57	103	1.0
57	105	1.0
57	137	1.0
57	148	1.0
57	189	1.0
57	194	1.0
57	216	1.0
57	225	1.0
57	236	3.0
58	58	599.0
58	59	8.0
58	60	9.0
58	61	6.0
58	63	2.0
58	65	1.0
58	66	3.0
58	67	4.0
58	68	4.0
58	72	9.0
58	73	3.0
58	92	3.0
58	95	1.0
58	96	4.0
58	100	3.0
58	101	2.0
58	147	1.0
58	152	1.0
58	177	1.0
58	191	1.0
58	199	1.0
58	206	1.0
58	208	1.0
58	236	1.0
58	238	1.0
58	239	1.0
59	59	590.0
59	60	41.0
59	61	4.0
59	63	3.0
59	64	6.0
59	65	4.0
59	68	8.0
59	91	1.0
59	92	3.0
59	95	2.0
59	96	2.0
59	163	1.0
59	173	1.0
59	176	1.0
59	191	1.0
59	204	1.0
59	228	1.0
59	234	1.0
60	60	607.0
60	61	18.0
60	62	1.0
60	64	6.0
60	65	8.0
60	68	4.0
60	79	1.0
60	83	1.0
60	87	2.0
60	89	1.0
60	92	4.0
60	95	1.0
60	96	3.0
60	128	1.0
60	140	1.0
60	145	1.0
60	194	1.0
60	197	1.0
60	204	1.0
60	214	1.0
60	220	1.0
61	61	593.0
61	62	28.0
61	63	9.0
61	64	12.0
61	65	5.0
61	68	1.0
61	91	2.0
61	92	5.0
61	102	1.0
61	103	1.0
61	107	1.0
61	134	1.0
61	141	1.0
61	150	1.0
61	158	1.0
61	176	1.0
61	186	1.0
61	192	1.0
61	197	1.0
61	238	1.0
61	242	1.0
62	62	599.0
62	63	24.0
62	64	7.0
62	67	3.0
62	68	8.0
62	80	1.0
62	81	1.0
62	84	1.0
62	126	1.0
62	128	1.0
62	135	1.0
62	143	1.0
62	156	1.0
62	170	1.0
62	181	1.0
62	209	1.0
62	220	1.0
62	225	1.0
62	238	2.0
62	239	2.0
63	63	542.0
63	64	9.0
63	67	13.0
63	68	1.0
63	69	6.0
63	73	1.0
63	112	1.0
63	117	1.0
63	138	1.0
63	172	1.0
63	180	1.0
63	185	1.0
63	211	1.0
63	226	1.0
64	64	648.0
64	65	11.0
64	66	2.0
64	67	4.0
64	68	23.0
64	69	1.0
64	73	1.0
64	76	1.0
64	100	1.0
64	107	1.0
64	136	1.0
64	164	1.0
64	167	1.0
64	198	1.0
65	65	612.0
65	66	36.0
65	67	33.0
65	68	29.0
65	69	15.0
65	70	1.0
65	71	5.0
65	73	4.0
65	74	6.0
65	88	3.0
65	100	3.0
65	102	3.0
65	103	9.0
65	112	1.0
65	120	1.0
65	123	1.0
65	125	1.0
65	133	1.0
65	139	1.0
65	153	2.0
65	161	1.0
65	164	1.0
65	175	1.0
65	200	1.0
65	219	2.0
66	66	578.0
66	67	40.0
66	68	24.0
66	69	19.0
66	71	11.0
66	72	22.0
66	73	2.0
66	74	3.0
66	75	10.0
66	80	1.0
66	84	1.0
66	96	1.0
66	97	1.0
66	99	1.0
66	100	7.0
66	102	1.0
66	103	2.0
66	108	1.0
66	109	1.0
66	150	1.0
66	181	1.0
66	184	3.0
66	189	1.0
66	201	1.0
66	206	2.0
66	213	1.0
66	218	1.0
66	235	1.0
67	67	618.0
67	68	30.0
67	69	27.0
67	72	11.0
67	73	3.0
67	75	13.0
67	96	3.0
67	102	3.0
67	103	4.0
67	104	1.0
67	135	1.0
67	174	2.0
67	188	1.0
67	189	2.0
67	197	1.0
67	198	1.0
67	229	2.0
68	68	547.0
68	69	25.0
68	70	1.0
68	72	5.0
68	73	5.0
68	74	2.0
68	75	4.0
68	100	1.0
68	102	1.0
68	103	2.0
68	104	1.0
68	117	1.0
68	153	1.0
68	165	1.0
68	174	1.0
68	175	1.0
68	177	1.0
69	69	589.0
69	70	23.0
69	71	11.0
69	72	8.0
69	73	22.0
69	74	4.0
69	75	5.0
69	109	2.0
69	138	1.0
69	147	1.0
69	158	1.0
69	159	1.0
69	169	1.0
69	194	1.0
69	197	1.0
69	234	1.0
70	70	554.0
70	71	18.0
70	72	1.0
70	73	17.0
70	74	7.0
70	77	1.0
70	78	1.0
70	79	1.0
70	113	1.0
70	119	1.0
70	146	2.0
70	154	1.0
70	171	1.0
70	174	1.0
70	197	2.0
70	199	2.0
70	222	1.0
70	223	1.0
70	226	1.0
70	227	4.0
70	228	3.0
70	229	7.0
70	242	1.0
71	71	653.0
71	72	27.0
71	73	22.0
71	74	5.0
71	75	11.0
71	78	2.0
71	79	2.0
71	87	1.0
71	100	1.0
71	104	2.0
71	126	2.0
71	152	1.0
71	178	2.0
71	189	2.0
71	205	1.0
71	223	4.0
71	225	4.0
71	229	1.0
71	231	1.0
71	240	1.0
72	72	608.0
72	73	28.0
72	75	20.0
72	76	3.0
72	81	1.0
72	105	4.0
72	146	1.0
72	200	1.0
72	209	1.0
72	234	1.0
72	240	1.0
73	73	563.0
73	74	14.0
73	75	14.0
73	76	4.0
73	77	1.0
73	78	2.0
73	79	2.0
73	85	1.0
73	86	3.0
73	88	3.0
73	89	5.0
73	96	1.0
73	97	2.0
73	98	1.0
73	100	6.0
73	101	2.0
73	102	5.0
73	103	2.0
73	104	3.0
73	105	9.0
73	116	1.0
73	121	1.0
73	148	1.0
73	159	1.0
73	161	1.0
73	189	1.0
73	202	1.0
73	205	1.0
73	227	1.0
73	233	2.0
73	242	1.0
74	74	639.0
74	75	18.0
74	76	3.0
74	77	11.0
74	78	5.0
74	79	10.0
74	80	5.0
74	82	2.0
74	83	10.0
74	85	5.0
74	88	14.0
74	89	3.0
74	96	1.0
74	102	2.0
74	103	6.0
74	104	3.0
74	112	1.0
74	117	1.0
74	162	1.0
74	171	1.0
74	207	1.0
74	242	2.0
75	75	605.0
75	76	22.0
75	77	3.0
75	78	3.0
75	79	2.0
75	82	7.0
75	83	11.0
75	84	6.0
75	85	1.0
75	89	2.0
75	96	1.0
75	97	1.0
75	98	2.0
75	99	1.0
75	101	3.0
75	102	2.0
75	103	3.0
75	104	11.0
75	105	8.0
75	106	1.0
75	142	1.0
75	144	1.0
75	188	1.0
75	189	4.0
75	215	1.0
75	230	1.0
75	241	1.0
76	76	557.0
76	77	26.0
76	78	27.0
76	79	8.0
76	83	1.0
76	89	11.0
76	96	1.0
76	97	3.0
76	103	9.0
76	104	18.0
76	105	3.0
76	121	1.0
76	135	1.0
76	149	1.0
76	162	1.0
76	188	1.0
76	189	2.0
76	191	1.0
76	213	1.0
76	235	1.0
77	77	448.0
77	78	23.0
77	79	15.0
77	80	1.0
77	81	1.0
77	83	2.0
77	89	2.0
77	96	1.0
77	103	9.0
77	104	8.0
77	105	13.0
77	111	1.0
77	112	2.0
77	113	1.0
77	114	1.0
77	125	2.0
77	134	9.0
77	153	3.0
77	160	1.0
77	162	1.0
77	163	1.0
77	166	3.0
77	189	2.0
77	190	2.0
77	191	10.0
77	198	1.0
77	204	1.0
77	230	5.0
77	237	1.0
77	242	1.0
78	78	471.0
78	79	21.0
78	83	1.0
78	89	3.0
78	97	1.0
78	98	1.0
78	102	2.0
78	103	1.0
78	104	11.0
78	105	10.0
78	133	1.0
78	144	2.0
78	145	2.0
78	154	1.0
78	178	3.0
78	188	1.0
78	193	1.0
78	200	1.0
78	212	1.0
78	231	1.0
78	238	2.0
78	241	1.0
79	79	535.0
79	80	44.0
79	81	5.0
79	82	11.0
79	83	19.0
79	84	9.0
79	88	2.0
79	89	4.0
79	97	1.0
79	98	2.0
79	101	1.0
79	103	2.0
79	104	5.0
79	105	11.0
79	106	7.0
79	118	2.0
79	144	5.0
79	145	16.0
79	146	1.0
79	147	1.0
79	148	7.0
79	149	4.0
79	163	1.0
79	174	1.0
79	189	3.0
79	196	2.0
79	220	1.0
79	228	1.0
79	242	2.0
80	80	559.0
80	81	19.0
80	82	16.0
80	83	16.0
80	84	5.0
80	85	5.0
80	91	2.0
80	92	1.0
80	95	1.0
80	98	1.0
80	99	1.0
80	101	1.0
80	104	10.0
80	106	9.0
80	114	1.0
80	131	1.0
80	138	1.0
80	140	1.0
80	144	3.0
80	145	3.0
80	146	2.0
80	147	3.0
80	148	7.0
80	149	11.0
80	164	1.0
80	197	1.0
80	225	1.0
80	228	1.0
80	234	3.0
80	242	1.0
81	81	510.0
81	82	14.0
81	83	26.0
81	84	13.0
81	90	2.0
81	95	2.0
81	96	2.0
81	101	1.0
81	106	10.0
81	110	1.0
81	117	1.0
81	119	1.0
81	133	1.0
81	147	4.0
81	162	1.0
81	211	1.0
81	229	2.0
81	237	1.0
82	82	522.0
82	83	27.0
82	84	35.0
82	85	4.0
82	100	2.0
82	104	1.0
82	106	12.0
82	110	2.0
82	115	1.0
82	117	1.0
82	118	1.0
82	142	1.0
82	143	1.0
82	144	10.0
82	147	7.0
82	154	1.0
82	179	1.0
82	187	5.0
82	227	2.0
83	83	512.0
83	84	40.0
83	85	3.0
83	89	2.0
83	97	1.0
83	99	1.0
83	106	3.0
83	108	3.0
83	109	3.0
83	110	2.0
83	111	1.0
83	120	1.0
83	125	2.0
83	137	1.0
83	144	5.0
83	146	13.0
83	147	6.0
83	148	2.0
83	149	5.0
83	151	4.0
83	159	1.0
83	160	1.0
83	163	1.0
83	174	1.0
83	175	1.0
83	187	2.0
83	208	1.0
83	216	1.0
83	241	1.0
84	84	533.0
84	85	11.0
84	90	1.0
84	97	3.0
84	98	1.0
84	106	3.0
84	108	1.0
84	109	8.0
84	110	1.0
84	132	1.0
84	134	1.0
84	144	5.0
84	145	6.0
84	146	8.0
84	147	1.0
84	187	6.0
84	195	1.0
84	227	1.0
85	85	610.0
85	86	30.0
85	88	4.0
85	89	1.0
85	96	1.0
85	98	1.0
85	101	2.0
85	103	2.0
85	106	3.0
85	108	2.0
85	109	13.0
85	113	1.0
85	116	1.0
85	120	2.0
85	129	1.0
85	148	1.0
85	150	1.0
85	191	2.0
85	193	1.0
85	221	1.0
85	223	1.0
85	225	1.0
86	86	622.0
86	87	10.0
86	88	15.0
86	97	2.0
86	98	1.0
86	101	1.0
86	109	3.0
86	110	2.0
86	113	2.0
86	120	3.0
86	121	3.0
86	136	1.0
86	138	1.0
86	151	1.0
86	158	1.0
86	217	1.0
86	234	1.0
86	235	1.0
86	237	1.0
86	240	7.0
86	241	1.0
87	87	98.0
87	88	7.0
87	90	8.0
87	96	1.0
87	107	2.0
87	112	14.0
87	149	1.0
87	188	1.0
87	220	1.0
87	221	1.0
87	240	1.0
88	88	409.0
88	89	1.0
88	96	2.0
88	97	1.0
88	102	3.0
88	103	4.0
88	105	1.0
88	109	2.0
88	110	2.0
88	111	1.0
88	113	2.0
88	121	1.0
88	132	1.0
88	147	1.0
88	151	2.0
88	173	1.0
88	225	1.0
89	89	333.0
89	90	9.0
89	91	3.0
89	92	4.0
89	96	13.0
89	97	2.0
89	98	2.0
89	101	1.0
89	102	6.0
89	104	5.0
89	105	5.0
89	107	2.0
89	108	1.0
89	109	10.0
89	113	1.0
89	114	2.0
89	121	1.0
89	129	1.0
89	134	1.0
89	143	1.0
89	155	1.0
89	159	3.0
89	165	1.0
89	169	2.0
89	171	1.0
89	178	1.0
89	179	1.0
89	186	1.0
89	198	1.0
89	209	1.0
89	211	1.0
89	219	1.0
89	229	1.0
89	242	1.0
90	90	80.0
90	91	17.0
90	92	2.0
90	95	1.0
90	96	1.0
90	102	1.0
90	107	1.0
90	108	5.0
90	109	2.0
90	132	1.0
90	154	1.0
90	203	1.0
91	91	219.0
91	92	1.0
91	95	5.0
91	96	3.0
91	98	1.0
91	99	4.0
91	107	7.0
91	108	3.0
91	109	2.0
91	125	1.0
91	139	1.0
91	141	1.0
91	145	1.0
91	156	1.0
91	205	1.0
92	92	552.0
92	95	2.0
92	96	1.0
92	97	1.0
92	108	1.0
92	113	1.0
92	132	14.0
92	133	14.0
92	148	1.0
92	151	1.0
92	159	1.0
92	165	1.0
92	176	1.0
92	186	2.0
92	203	1.0
92	237	1.0
95	95	363.0
95	96	3.0
95	99	2.0
95	108	1.0
95	193	1.0
95	223	1.0
95	242	3.0
96	96	434.0
96	97	20.0
96	98	4.0
96	102	1.0
96	104	5.0
96	105	5.0
96	106	2.0
96	108	1.0
96	109	1.0
96	113	1.0
96	114	1.0
96	119	3.0
96	120	8.0
96	121	4.0
96	125	1.0
96	131	2.0
96	137	1.0
96	187	1.0
96	201	1.0
96	203	1.0
96	209	1.0
96	229	1.0
96	241	3.0
96	242	3.0
97	97	508.0
97	98	20.0
97	99	3.0
97	100	4.0
97	101	13.0
97	102	15.0
97	105	3.0
97	109	1.0
97	111	1.0
97	112	1.0
97	113	10.0
97	115	3.0
97	116	2.0
97	120	11.0
97	121	8.0
97	127	1.0
97	136	1.0
97	138	1.0
97	145	1.0
97	159	1.0
97	180	1.0
97	187	1.0
97	211	1.0
97	241	10.0
97	242	15.0
98	98	545.0
98	99	25.0
98	100	3.0
98	101	1.0
98	102	2.0
98	104	1.0
98	105	8.0
98	106	8.0
98	111	8.0
98	112	1.0
98	113	2.0
98	115	1.0
98	120	6.0
98	121	9.0
98	122	2.0
98	123	4.0
98	129	1.0
98	130	4.0
98	131	3.0
98	138	6.0
98	141	1.0
98	142	2.0
98	152	1.0
98	171	1.0
98	195	1.0
98	228	1.0
98	241	7.0
98	242	6.0
99	99	560.0
99	100	3.0
99	101	1.0
99	102	5.0
99	111	15.0
99	114	3.0
99	115	1.0
99	120	4.0
99	121	20.0
99	122	4.0
99	129	1.0
99	134	1.0
99	139	1.0
99	140	1.0
99	146	1.0
99	148	1.0
99	150	1.0
99	152	1.0
99	153	16.0
99	196	1.0
99	225	1.0
99	241	4.0
99	242	5.0
100	100	585.0
100	101	25.0
100	102	5.0
100	103	2.0
100	104	9.0
100	106	1.0
100	111	2.0
100	112	2.0
100	113	2.0
100	114	4.0
100	120	1.0
100	121	7.0
100	122	26.0
100	123	27.0
100	125	1.0
100	129	10.0
100	130	7.0
100	131	7.0
100	132	1.0
100	133	5.0
100	134	2.0
100	136	1.0
100	137	6.0
100	147	1.0
100	153	1.0
100	156	1.0
100	157	7.0
100	184	3.0
100	199	2.0
100	223	1.0
101	101	564.0
101	102	52.0
101	103	3.0
101	104	1.0
101	107	5.0
101	108	11.0
101	109	4.0
101	110	2.0
101	112	1.0
101	113	3.0
101	118	2.0
101	119	6.0
101	121	10.0
101	122	1.0
101	123	7.0
101	124	4.0
101	125	2.0
101	126	1.0
101	127	9.0
101	128	3.0
101	131	5.0
101	132	4.0
101	148	1.0
101	159	1.0
101	172	1.0
101	206	1.0
101	237	1.0
101	241	2.0
102	102	634.0
102	103	12.0
102	104	8.0
102	105	18.0
102	106	1.0
102	107	14.0
102	108	17.0
102	109	3.0
102	110	3.0
102	112	1.0
102	113	2.0
102	118	1.0
102	119	5.0
102	121	3.0
102	124	5.0
102	125	8.0
102	126	1.0
102	131	3.0
102	132	2.0
102	144	1.0
102	148	2.0
102	149	1.0
102	170	1.0
102	171	1.0
102	176	1.0
102	177	1.0
102	194	1.0
102	198	2.0
102	215	1.0
102	235	1.0
103	103	539.0
103	104	37.0
103	105	9.0
103	107	14.0
103	108	5.0
103	109	8.0
103	110	5.0
103	111	1.0
103	113	3.0
103	116	1.0
103	117	1.0
103	118	19.0
103	119	4.0
103	120	2.0
103	122	1.0
103	123	1.0
103	124	6.0
103	125	1.0
103	126	5.0
103	129	1.0
103	132	3.0
103	155	1.0
103	160	1.0
103	166	1.0
103	172	1.0
103	187	2.0
103	189	8.0
103	190	1.0
103	191	11.0
103	193	4.0
103	198	1.0
103	200	2.0
103	211	1.0
103	217	1.0
103	219	1.0
103	230	2.0
104	104	576.0
104	105	28.0
104	109	1.0
104	116	2.0
104	117	3.0
104	118	4.0
104	119	5.0
104	120	7.0
104	128	1.0
104	137	1.0
104	144	1.0
104	145	1.0
104	148	1.0
104	168	1.0
104	188	2.0
104	189	15.0
104	198	1.0
104	211	1.0
104	220	1.0
104	225	1.0
105	105	585.0
105	106	20.0
105	107	2.0
105	111	1.0
105	113	1.0
105	114	2.0
105	115	7.0
105	116	1.0
105	118	6.0
105	119	4.0
105	120	5.0
105	125	1.0
105	129	2.0
105	131	2.0
105	138	1.0
105	141	2.0
105	148	1.0
105	155	1.0
105	167	1.0
105	170	1.0
105	181	1.0
105	186	2.0
105	187	2.0
105	191	3.0
105	193	1.0
105	213	1.0
105	216	1.0
105	239	1.0
105	241	1.0
105	242	5.0
106	106	566.0
106	107	12.0
106	108	3.0
106	111	8.0
106	112	2.0
106	113	5.0
106	114	4.0
106	115	2.0
106	116	18.0
106	118	2.0
106	119	1.0
106	120	1.0
106	121	2.0
106	122	7.0
106	123	4.0
106	129	5.0
106	130	13.0
106	131	5.0
106	138	1.0
106	141	1.0
106	145	1.0
106	146	3.0
106	147	8.0
106	148	6.0
106	149	1.0
106	150	2.0
106	152	4.0
106	162	1.0
106	172	1.0
106	192	1.0
106	219	1.0
106	232	1.0
106	241	6.0
106	242	1.0
106	243	1.0
107	107	531.0
107	108	28.0
107	109	8.0
107	110	3.0
107	111	5.0
107	114	5.0
107	117	1.0
107	118	2.0
107	119	6.0
107	123	5.0
107	124	20.0
107	125	2.0
107	126	1.0
107	130	5.0
107	131	1.0
107	143	1.0
107	144	1.0
107	145	1.0
107	146	4.0
107	147	14.0
107	148	15.0
107	151	1.0
107	159	1.0
107	187	2.0
107	214	1.0
107	221	1.0
107	222	1.0
107	224	1.0
107	242	2.0
108	108	522.0
108	109	10.0
108	112	2.0
108	113	6.0
108	114	3.0
108	116	2.0
108	118	9.0
108	119	26.0
108	120	3.0
108	121	3.0
108	123	2.0
108	124	12.0
108	131	1.0
108	139	1.0
108	146	1.0
108	148	2.0
108	149	6.0
108	150	23.0
108	151	11.0
108	152	2.0
108	153	2.0
108	172	1.0
108	179	1.0
108	188	1.0
108	242	1.0
109	109	551.0
109	110	10.0
109	111	1.0
109	113	23.0
109	114	6.0
109	115	1.0
109	118	1.0
109	120	2.0
109	122	1.0
109	123	4.0
109	124	5.0
109	126	1.0
109	127	6.0
109	128	4.0
109	129	1.0
109	130	1.0
109	131	5.0
109	133	1.0
109	134	2.0
109	145	1.0
109	152	9.0
109	153	10.0
109	154	11.0
109	157	3.0
109	158	2.0
109	159	3.0
109	208	1.0
109	229	3.0
109	230	2.0
110	110	293.0
110	111	1.0
110	112	4.0
110	113	10.0
110	114	1.0
110	118	2.0
110	128	2.0
110	131	7.0
110	132	4.0
110	133	7.0
110	135	1.0
110	159	3.0
110	218	1.0
110	219	2.0
110	222	1.0
110	228	4.0
110	229	9.0
110	230	7.0
110	231	2.0
110	232	1.0
110	241	1.0
111	111	392.0
111	112	4.0
111	113	2.0
111	114	3.0
111	115	6.0
111	116	5.0
111	117	1.0
111	119	1.0
111	120	7.0
111	121	9.0
111	123	2.0
111	128	5.0
111	129	4.0
111	131	4.0
111	132	11.0
111	133	7.0
111	134	2.0
111	135	4.0
111	160	1.0
111	170	2.0
111	191	1.0
111	193	1.0
111	198	1.0
111	201	1.0
111	215	1.0
111	216	2.0
111	220	2.0
111	221	6.0
111	228	2.0
111	230	3.0
111	231	3.0
111	234	1.0
111	241	2.0
112	112	351.0
112	113	21.0
112	119	1.0
112	120	10.0
112	121	7.0
112	122	14.0
112	125	2.0
112	127	1.0
112	128	1.0
112	129	4.0
112	131	2.0
112	132	3.0
112	133	4.0
112	134	1.0
112	135	1.0
112	150	1.0
112	153	1.0
112	159	1.0
112	160	1.0
112	170	1.0
112	172	1.0
112	187	1.0
112	188	1.0
112	191	1.0
112	197	1.0
112	206	1.0
112	214	2.0
112	218	2.0
112	219	2.0
112	220	5.0
112	221	6.0
112	222	2.0
112	227	1.0
112	228	9.0
112	229	5.0
112	230	8.0
112	231	5.0
112	234	1.0
112	235	1.0
112	240	5.0
112	241	10.0
113	113	572.0
113	114	17.0
113	118	5.0
113	120	2.0
113	121	3.0
113	122	2.0
113	123	2.0
113	124	3.0
113	126	3.0
113	127	1.0
113	128	1.0
113	129	1.0
113	130	2.0
113	131	15.0
113	132	2.0
113	134	14.0
113	135	1.0
113	152	3.0
113	153	2.0
113	156	1.0
113	166	2.0
113	214	1.0
113	216	1.0
113	219	4.0
113	220	2.0
113	221	1.0
113	223	1.0
113	228	1.0
113	229	9.0
113	230	5.0
113	235	1.0
113	241	7.0
113	242	2.0
113	243	3.0
114	114	450.0
114	115	19.0
114	116	1.0
114	119	2.0
114	120	1.0
114	121	2.0
114	123	5.0
114	128	5.0
114	129	2.0
114	130	2.0
114	131	7.0
114	133	1.0
114	137	5.0
114	138	6.0
114	139	17.0
114	140	14.0
114	141	6.0
114	142	3.0
114	144	1.0
114	151	1.0
114	152	8.0
114	153	12.0
114	156	1.0
114	157	5.0
114	158	17.0
114	159	1.0
114	161	1.0
114	162	9.0
114	163	5.0
114	164	2.0
114	166	1.0
114	170	1.0
114	171	8.0
114	182	1.0
114	206	1.0
114	222	1.0
114	229	1.0
114	242	2.0
115	115	582.0
115	116	30.0
115	117	3.0
115	118	8.0
115	119	3.0
115	120	3.0
115	122	1.0
115	125	7.0
115	130	2.0
115	131	8.0
115	137	4.0
115	138	43.0
115	139	16.0
115	140	1.0
115	141	7.0
115	142	2.0
115	143	2.0
115	152	6.0
115	155	3.0
115	156	1.0
115	157	2.0
115	158	9.0
115	160	1.0
115	161	1.0
115	163	1.0
115	171	4.0
115	178	2.0
115	213	1.0
115	217	1.0
115	229	1.0
115	241	2.0
115	242	3.0
116	116	525.0
116	117	19.0
116	118	27.0
116	119	7.0
116	120	4.0
116	122	1.0
116	123	1.0
116	124	9.0
116	133	1.0
116	137	1.0
116	138	2.0
116	139	1.0
116	141	1.0
116	142	3.0
116	143	3.0
116	144	3.0
116	145	4.0
116	146	4.0
116	149	5.0
116	150	4.0
116	151	10.0
116	152	3.0
116	153	7.0
116	154	7.0
116	155	5.0
116	156	3.0
116	157	7.0
116	158	8.0
116	159	1.0
116	169	2.0
116	185	1.0
116	190	1.0
116	196	1.0
116	206	1.0
116	241	10.0
116	242	3.0
117	117	558.0
117	118	46.0
117	119	4.0
117	120	1.0
117	123	2.0
117	126	1.0
117	139	2.0
117	143	13.0
117	144	9.0
117	145	1.0
117	147	1.0
117	150	1.0
117	151	17.0
117	154	2.0
117	155	1.0
117	156	1.0
117	157	1.0
117	167	1.0
117	184	1.0
117	187	1.0
117	194	1.0
117	195	4.0
118	118	558.0
118	119	18.0
118	120	8.0
118	121	1.0
118	123	6.0
118	124	1.0
118	131	3.0
118	137	7.0
118	138	6.0
118	141	1.0
118	142	1.0
118	143	3.0
118	144	1.0
118	145	1.0
118	146	2.0
118	148	1.0
118	150	3.0
118	151	10.0
118	152	2.0
118	153	1.0
118	154	1.0
118	155	5.0
118	157	1.0
118	173	1.0
118	187	1.0
118	226	1.0
118	241	1.0
118	242	3.0
119	119	594.0
119	120	20.0
119	121	7.0
119	123	9.0
119	124	25.0
119	126	2.0
119	130	1.0
119	131	4.0
119	132	2.0
119	134	3.0
119	137	1.0
119	143	1.0
119	149	6.0
119	150	9.0
119	151	2.0
119	152	1.0
119	157	1.0
119	191	1.0
119	241	1.0
119	242	2.0
120	120	593.0
120	121	60.0
120	122	3.0
120	123	1.0
120	124	2.0
120	131	16.0
120	136	2.0
120	149	3.0
120	150	9.0
120	151	4.0
120	152	4.0
120	158	1.0
120	165	2.0
120	175	1.0
120	188	1.0
120	207	1.0
120	223	1.0
120	234	3.0
120	241	21.0
120	242	10.0
121	121	676.0
121	122	23.0
121	123	1.0
121	124	13.0
121	125	2.0
121	126	3.0
121	128	3.0
121	129	2.0
121	130	15.0
121	131	5.0
121	137	1.0
121	151	1.0
121	152	6.0
121	153	4.0
121	155	1.0
121	189	1.0
121	194	1.0
121	203	1.0
121	211	2.0
121	222	1.0
121	223	1.0
121	225	1.0
121	232	2.0
121	241	15.0
121	242	8.0
122	122	601.0
122	123	20.0
122	124	10.0
122	125	5.0
122	127	1.0
122	128	2.0
122	129	12.0
122	130	18.0
122	131	9.0
122	132	1.0
122	133	15.0
122	134	7.0
122	136	1.0
122	137	5.0
122	141	1.0
122	150	1.0
122	151	1.0
122	152	12.0
122	156	17.0
122	157	16.0
122	171	1.0
122	172	1.0
122	174	1.0
122	186	1.0
122	189	1.0
122	191	2.0
122	196	2.0
122	198	1.0
122	203	1.0
122	204	1.0
122	214	2.0
122	220	1.0
122	227	1.0
122	235	1.0
122	236	1.0
122	239	2.0
122	240	2.0
122	241	6.0
123	123	567.0
123	124	16.0
123	125	22.0
123	126	9.0
123	127	9.0
123	128	5.0
123	129	14.0
123	130	12.0
123	131	6.0
123	132	1.0
123	136	2.0
123	137	2.0
123	143	1.0
123	152	7.0
123	153	1.0
123	154	4.0
123	155	3.0
123	156	4.0
123	157	7.0
123	158	7.0
123	159	4.0
123	171	2.0
123	242	1.0
124	124	542.0
124	125	23.0
124	126	15.0
124	127	8.0
124	129	5.0
124	130	18.0
124	132	5.0
124	133	2.0
124	135	3.0
124	137	4.0
124	141	1.0
124	146	1.0
124	147	1.0
124	150	2.0
124	151	7.0
124	152	23.0
124	154	6.0
124	155	1.0
124	157	8.0
124	158	1.0
124	161	1.0
124	184	1.0
124	198	1.0
124	215	1.0
124	234	1.0
125	125	591.0
125	126	59.0
125	127	22.0
125	128	7.0
125	129	3.0
125	130	4.0
125	131	7.0
125	132	7.0
125	135	4.0
125	137	3.0
125	139	1.0
125	156	7.0
125	157	6.0
125	158	1.0
125	159	3.0
125	161	2.0
125	165	2.0
125	180	1.0
125	193	1.0
125	199	1.0
125	209	1.0
126	126	537.0
126	127	21.0
126	128	5.0
126	129	13.0
126	130	5.0
126	131	6.0
126	132	8.0
126	142	1.0
126	143	2.0
126	144	1.0
126	150	1.0
126	156	4.0
126	158	6.0
126	187	1.0
126	197	1.0
126	213	1.0
126	219	1.0
127	127	615.0
127	128	25.0
127	129	24.0
127	130	1.0
127	131	11.0
127	132	13.0
127	135	3.0
127	157	2.0
127	158	4.0
127	159	1.0
127	164	2.0
127	165	5.0
127	174	1.0
127	198	1.0
128	128	642.0
128	129	8.0
128	131	6.0
128	132	18.0
128	133	15.0
128	134	1.0
128	136	2.0
128	139	1.0
128	152	1.0
128	156	5.0
128	157	4.0
128	158	19.0
128	159	14.0
128	160	1.0
128	164	2.0
128	165	1.0
128	178	1.0
128	197	2.0
128	198	1.0
128	220	1.0
128	228	1.0
128	229	6.0
128	231	5.0
128	240	2.0
128	241	6.0
129	129	636.0
129	130	22.0
129	131	6.0
129	132	5.0
129	133	18.0
129	135	2.0
129	136	4.0
129	137	11.0
129	153	1.0
129	157	2.0
129	165	1.0
129	179	1.0
129	182	1.0
129	191	5.0
129	197	1.0
129	198	1.0
129	199	1.0
129	229	1.0
129	230	1.0
129	238	1.0
130	130	496.0
130	131	6.0
130	132	3.0
130	135	1.0
130	137	11.0
130	139	1.0
130	142	1.0
130	150	4.0
130	151	5.0
130	152	13.0
130	153	1.0
130	154	2.0
130	155	5.0
130	157	12.0
130	233	1.0
131	131	359.0
131	132	2.0
131	133	1.0
131	137	3.0
131	138	1.0
131	145	1.0
131	151	1.0
131	152	2.0
131	155	1.0
131	156	1.0
131	159	1.0
131	170	1.0
131	219	3.0
131	228	6.0
131	229	1.0
131	231	5.0
131	241	5.0
131	242	5.0
131	243	1.0
132	132	342.0
132	133	6.0
132	134	2.0
132	135	6.0
132	136	2.0
132	148	1.0
132	150	1.0
132	157	4.0
132	158	2.0
132	164	3.0
132	165	1.0
132	177	1.0
132	194	1.0
132	195	1.0
132	202	1.0
132	208	1.0
132	215	2.0
132	218	2.0
132	220	6.0
132	221	2.0
132	222	3.0
132	230	4.0
132	231	8.0
132	236	1.0
132	241	1.0
133	133	617.0
133	134	24.0
133	135	7.0
133	136	14.0
133	142	2.0
133	146	1.0
133	148	1.0
133	152	1.0
133	153	1.0
133	156	3.0
133	158	6.0
133	159	10.0
133	160	24.0
133	169	1.0
133	175	1.0
133	176	1.0
133	179	1.0
133	183	1.0
133	191	6.0
133	193	1.0
133	194	2.0
133	196	1.0
133	197	2.0
133	198	2.0
133	216	1.0
133	229	12.0
133	230	11.0
133	231	1.0
133	236	3.0
133	239	1.0
134	134	606.0
134	135	18.0
134	136	2.0
134	143	2.0
134	144	3.0
134	146	1.0
134	149	1.0
134	154	1.0
134	155	5.0
134	156	7.0
134	157	1.0
134	159	1.0
134	160	5.0
134	166	1.0
134	169	1.0
134	177	1.0
134	191	8.0
134	193	2.0
134	194	8.0
134	196	3.0
134	197	14.0
134	205	1.0
134	207	1.0
134	219	1.0
134	223	1.0
134	229	3.0
134	230	6.0
134	236	2.0
134	238	1.0
134	240	2.0
134	241	3.0
134	242	2.0
135	135	551.0
135	136	42.0
135	137	4.0
135	154	9.0
135	155	13.0
135	156	19.0
135	157	18.0
135	158	9.0
135	159	2.0
135	160	7.0
135	161	2.0
135	162	9.0
135	163	4.0
135	164	12.0
135	165	3.0
135	166	1.0
135	170	1.0
135	175	1.0
135	177	1.0
135	188	1.0
135	194	1.0
135	197	1.0
135	210	3.0
135	212	1.0
135	215	3.0
135	217	1.0
135	220	3.0
135	221	7.0
135	222	8.0
135	223	2.0
135	226	9.0
135	227	10.0
135	230	1.0
136	136	540.0
136	137	4.0
136	139	1.0
136	146	1.0
136	154	2.0
136	155	2.0
136	156	9.0
136	157	15.0
136	158	6.0
136	159	4.0
136	160	16.0
136	161	4.0
136	162	15.0
136	163	13.0
136	164	9.0
136	165	12.0
136	166	9.0
136	167	2.0
136	169	4.0
136	170	16.0
136	171	1.0
136	173	1.0
136	177	1.0
136	178	1.0
136	186	1.0
136	188	1.0
136	191	1.0
136	197	1.0
136	199	1.0
136	203	1.0
136	219	1.0
137	137	580.0
137	138	29.0
137	139	7.0
137	140	1.0
137	141	1.0
137	150	2.0
137	151	4.0
137	152	11.0
137	154	1.0
137	155	6.0
137	156	5.0
137	157	26.0
137	158	2.0
137	161	4.0
137	162	2.0
137	163	1.0
137	164	5.0
137	171	1.0
137	173	2.0
137	184	1.0
137	209	1.0
137	211	1.0
137	212	1.0
137	215	1.0
138	138	528.0
138	139	53.0
138	140	2.0
138	141	16.0
138	143	1.0
138	152	1.0
138	155	1.0
138	161	9.0
138	162	1.0
138	171	2.0
138	174	3.0
138	176	4.0
138	178	1.0
138	179	2.0
138	182	2.0
138	183	6.0
138	185	1.0
138	204	1.0
138	213	1.0
138	242	1.0
139	139	504.0
139	140	54.0
139	141	11.0
139	142	5.0
139	143	2.0
139	149	2.0
139	151	2.0
139	152	1.0
139	156	1.0
139	157	1.0
139	158	1.0
139	161	10.0
139	162	1.0
139	163	1.0
139	171	3.0
139	180	3.0
139	183	5.0
139	184	2.0
139	185	1.0
139	203	1.0
139	242	1.0
140	140	574.0
140	141	43.0
140	142	18.0
140	143	21.0
140	148	5.0
140	149	5.0
140	150	3.0
140	151	2.0
140	152	7.0
140	153	1.0
140	155	3.0
140	162	1.0
140	163	1.0
140	165	1.0
140	176	9.0
140	179	4.0
140	180	1.0
140	182	1.0
140	183	5.0
140	184	9.0
140	185	3.0
140	202	1.0
140	208	1.0
140	223	1.0
140	224	1.0
140	226	1.0
140	242	1.0
141	141	539.0
141	142	41.0
141	143	14.0
141	144	2.0
141	148	1.0
141	149	8.0
141	152	2.0
141	153	14.0
141	155	13.0
141	156	2.0
141	157	3.0
141	158	1.0
141	172	1.0
141	181	1.0
141	182	1.0
141	183	7.0
141	184	2.0
141	185	6.0
141	242	2.0
142	142	575.0
142	143	14.0
142	145	1.0
142	149	12.0
142	150	1.0
142	153	9.0
142	155	9.0
142	157	1.0
142	158	4.0
142	171	1.0
142	180	1.0
142	183	2.0
142	198	2.0
142	220	1.0
142	242	1.0
143	143	523.0
143	144	9.0
143	145	14.0
143	146	12.0
143	147	6.0
143	148	8.0
143	149	12.0
143	150	2.0
143	152	1.0
143	153	5.0
143	154	4.0
143	155	7.0
143	157	4.0
143	159	1.0
143	171	2.0
143	181	1.0
143	185	2.0
143	187	3.0
143	199	1.0
143	201	1.0
143	211	1.0
143	213	1.0
143	223	1.0
143	233	1.0
143	242	1.0
144	144	538.0
144	145	54.0
144	146	30.0
144	147	22.0
144	148	22.0
144	149	11.0
144	150	4.0
144	151	5.0
144	152	2.0
144	153	5.0
144	154	3.0
144	156	2.0
144	178	1.0
144	179	1.0
144	186	1.0
144	187	11.0
144	192	5.0
144	193	8.0
144	194	1.0
144	195	3.0
144	196	4.0
145	145	596.0
145	146	26.0
145	147	3.0
145	148	3.0
145	149	21.0
145	150	7.0
145	151	7.0
145	152	2.0
145	153	13.0
145	154	1.0
145	156	2.0
145	159	1.0
145	166	1.0
145	181	3.0
145	185	1.0
145	192	3.0
145	196	15.0
145	209	1.0
145	235	2.0
145	241	1.0
145	242	2.0
146	146	543.0
146	147	25.0
146	148	5.0
146	149	10.0
146	150	6.0
146	151	6.0
146	152	3.0
146	153	8.0
146	154	2.0
146	155	5.0
146	176	1.0
146	187	2.0
146	192	2.0
146	193	2.0
146	194	5.0
146	195	6.0
146	196	11.0
146	218	1.0
146	242	1.0
147	147	540.0
147	148	27.0
147	149	6.0
147	150	6.0
147	151	10.0
147	153	5.0
147	156	1.0
147	162	1.0
147	184	1.0
147	193	5.0
147	196	3.0
147	219	1.0
147	231	1.0
147	242	6.0
147	243	2.0
148	148	609.0
148	149	33.0
148	150	25.0
148	151	6.0
148	153	2.0
148	154	2.0
148	193	5.0
148	194	1.0
148	196	1.0
148	214	1.0
148	242	1.0
148	243	1.0
149	149	477.0
149	150	51.0
149	151	6.0
149	152	10.0
149	153	16.0
149	166	1.0
149	170	1.0
149	242	8.0
149	243	1.0
150	150	565.0
150	151	44.0
150	152	21.0
150	153	20.0
150	154	5.0
150	155	5.0
150	156	1.0
150	171	1.0
150	175	1.0
150	179	1.0
150	187	1.0
150	195	2.0
150	196	1.0
150	212	3.0
150	242	5.0
151	151	598.0
151	152	20.0
151	153	6.0
151	154	16.0
151	155	8.0
151	156	9.0
151	186	1.0
151	187	3.0
151	194	1.0
151	195	6.0
151	204	1.0
151	238	1.0
151	242	7.0
152	152	513.0
152	153	26.0
152	154	10.0
152	156	5.0
152	157	2.0
152	159	3.0
152	175	2.0
152	176	1.0
152	179	1.0
152	185	1.0
152	207	1.0
152	219	1.0
152	233	2.0
152	242	3.0
153	153	529.0
153	154	13.0
153	155	8.0
153	156	7.0
153	157	6.0
153	158	18.0
153	159	9.0
153	176	1.0
153	194	1.0
153	195	3.0
153	196	1.0
153	203	2.0
153	204	1.0
153	216	1.0
153	230	2.0
153	241	1.0
153	242	8.0
154	154	546.0
154	155	30.0
154	156	25.0
154	157	9.0
154	158	5.0
154	159	17.0
154	160	3.0
154	161	1.0
154	162	2.0
154	170	1.0
154	171	1.0
154	180	1.0
154	181	1.0
154	184	3.0
154	188	5.0
154	189	3.0
154	190	4.0
154	193	3.0
154	194	16.0
154	195	7.0
154	197	3.0
154	218	1.0
154	242	3.0
155	155	507.0
155	156	44.0
155	157	26.0
155	158	5.0
155	159	6.0
155	160	3.0
155	162	2.0
155	170	1.0
155	181	1.0
155	192	1.0
155	193	2.0
155	194	1.0
155	195	1.0
155	242	2.0
156	156	527.0
156	157	44.0
156	158	17.0
156	159	6.0
156	160	2.0
156	161	1.0
156	167	1.0
156	172	1.0
156	192	1.0
156	194	5.0
156	242	1.0
157	157	506.0
157	158	22.0
157	159	6.0
157	161	4.0
157	162	11.0
157	164	2.0
157	165	3.0
157	166	1.0
157	167	1.0
157	179	1.0
157	183	1.0
157	201	1.0
157	206	1.0
157	242	1.0
158	158	589.0
158	159	25.0
158	160	7.0
158	162	3.0
158	164	6.0
158	169	1.0
158	196	1.0
158	206	1.0
158	207	1.0
158	238	1.0
158	242	1.0
159	159	600.0
159	160	11.0
159	161	13.0
159	162	10.0
159	164	13.0
159	169	6.0
159	170	4.0
159	171	1.0
159	172	1.0
159	178	1.0
159	188	1.0
159	189	1.0
159	229	1.0
159	230	1.0
159	240	1.0
160	160	503.0
160	161	27.0
160	162	3.0
160	163	17.0
160	165	13.0
160	166	5.0
160	167	8.0
160	169	23.0
160	170	10.0
160	171	2.0
160	173	4.0
160	179	2.0
160	184	4.0
160	185	1.0
160	188	2.0
160	189	1.0
160	190	3.0
160	193	1.0
160	203	1.0
160	204	1.0
160	208	3.0
160	217	1.0
160	230	1.0
161	161	561.0
161	162	48.0
161	163	11.0
161	164	6.0
161	165	12.0
161	167	4.0
161	168	2.0
161	169	26.0
161	170	2.0
161	171	5.0
161	172	3.0
161	173	18.0
161	175	1.0
161	176	1.0
161	179	9.0
161	182	2.0
161	183	1.0
161	184	6.0
161	185	1.0
161	189	5.0
161	196	2.0
161	213	1.0
162	162	558.0
162	163	17.0
162	164	9.0
162	165	9.0
162	166	3.0
162	167	8.0
162	169	9.0
162	170	5.0
162	171	13.0
162	172	2.0
162	173	7.0
162	174	12.0
162	175	5.0
162	176	3.0
162	179	4.0
162	180	1.0
162	183	1.0
162	184	8.0
162	185	1.0
162	189	11.0
162	190	2.0
162	206	1.0
162	222	1.0
162	226	1.0
162	238	1.0
162	242	4.0
163	163	531.0
163	164	9.0
163	165	29.0
163	166	21.0
163	167	23.0
163	168	9.0
163	169	2.0
163	170	9.0
163	171	9.0
163	173	1.0
163	175	1.0
163	177	1.0
163	178	1.0
163	183	4.0
163	185	4.0
163	189	3.0
163	193	1.0
163	194	1.0
163	204	1.0
163	212	1.0
163	214	1.0
164	164	583.0
164	165	22.0
164	166	3.0
164	167	2.0
164	168	1.0
164	169	6.0
164	170	3.0
164	171	2.0
164	173	1.0
164	212	1.0
164	217	1.0
164	230	1.0
164	234	2.0
165	165	555.0
165	166	12.0
165	167	23.0
165	168	9.0
165	169	4.0
165	170	14.0
165	171	2.0
165	174	5.0
165	175	2.0
165	176	5.0
165	177	1.0
165	178	2.0
165	181	1.0
165	183	7.0
165	201	2.0
165	241	1.0
165	242	5.0
166	166	536.0
166	167	10.0
166	168	3.0
166	169	7.0
166	170	5.0
166	171	11.0
166	174	1.0
166	175	1.0
166	176	6.0
166	177	6.0
166	178	14.0
166	181	1.0
166	190	3.0
166	191	4.0
166	193	12.0
166	194	1.0
166	197	2.0
166	208	1.0
166	241	7.0
166	242	8.0
167	167	530.0
167	168	33.0
167	169	16.0
167	170	11.0
167	173	3.0
167	175	5.0
167	176	1.0
167	177	2.0
167	178	4.0
167	181	2.0
167	182	1.0
167	183	3.0
167	184	2.0
167	187	1.0
167	189	6.0
167	190	2.0
167	193	3.0
167	194	1.0
167	197	1.0
167	207	3.0
167	209	1.0
167	211	2.0
167	216	10.0
167	221	12.0
167	225	1.0
167	237	7.0
167	242	1.0
168	168	532.0
168	169	13.0
168	170	10.0
168	172	2.0
168	177	2.0
168	178	1.0
168	182	2.0
168	183	14.0
168	184	4.0
168	187	3.0
168	189	4.0
168	190	3.0
168	192	1.0
168	193	10.0
168	194	3.0
168	197	2.0
168	200	1.0
168	205	1.0
168	211	1.0
168	216	5.0
168	217	2.0
168	218	1.0
168	221	2.0
168	237	2.0
168	241	1.0
169	169	560.0
169	170	19.0
169	172	2.0
169	174	9.0
169	175	4.0
169	176	1.0
169	177	5.0
169	183	2.0
169	184	2.0
169	185	1.0
169	188	1.0
169	189	1.0
169	190	1.0
169	204	1.0
169	212	1.0
169	215	6.0
169	233	1.0
169	237	10.0
169	239	1.0
169	241	2.0
169	242	1.0
170	170	509.0
170	171	13.0
170	174	2.0
170	175	1.0
170	176	1.0
170	177	8.0
170	178	5.0
170	179	1.0
170	182	2.0
170	183	6.0
170	184	5.0
170	185	6.0
170	189	8.0
170	190	2.0
170	191	3.0
170	193	1.0
170	197	1.0
170	198	5.0
170	199	7.0
170	204	3.0
170	220	1.0
170	242	8.0
171	171	561.0
171	172	14.0
171	173	7.0
171	174	14.0
171	176	1.0
171	178	2.0
171	179	7.0
171	194	1.0
171	198	7.0
171	199	7.0
171	200	1.0
171	201	1.0
171	202	6.0
171	204	13.0
171	205	3.0
171	206	1.0
171	210	3.0
171	218	2.0
171	231	1.0
171	232	1.0
171	235	5.0
171	236	4.0
171	237	2.0
171	242	7.0
172	172	526.0
172	173	17.0
172	174	20.0
172	175	1.0
172	176	1.0
172	179	16.0
172	197	1.0
172	199	1.0
172	200	9.0
172	201	9.0
172	203	1.0
172	205	2.0
172	209	2.0
172	210	4.0
172	223	1.0
172	234	4.0
172	235	15.0
173	173	571.0
173	174	32.0
173	175	2.0
173	176	1.0
173	178	1.0
173	179	19.0
173	182	1.0
173	183	1.0
173	200	10.0
173	201	2.0
173	204	1.0
173	218	1.0
173	219	1.0
173	221	1.0
173	226	1.0
173	230	1.0
173	234	3.0
173	235	12.0
174	174	637.0
174	175	10.0
174	176	12.0
174	177	3.0
174	178	10.0
174	179	16.0
174	182	1.0
174	183	4.0
174	184	1.0
174	198	1.0
174	199	5.0
174	200	3.0
174	201	7.0
174	204	15.0
174	205	5.0
174	227	1.0
174	235	9.0
174	237	1.0
174	242	7.0
175	175	568.0
175	176	29.0
175	177	21.0
175	178	33.0
175	179	3.0
175	180	12.0
175	181	2.0
175	182	3.0
175	183	21.0
175	184	1.0
175	186	2.0
175	187	13.0
175	188	3.0
175	191	5.0
175	192	1.0
175	197	5.0
175	198	6.0
175	199	4.0
175	200	4.0
175	202	6.0
175	203	10.0
175	204	1.0
175	217	1.0
175	240	1.0
175	241	1.0
175	242	9.0
176	176	521.0
176	177	13.0
176	178	19.0
176	179	7.0
176	180	18.0
176	181	3.0
176	182	6.0
176	183	12.0
176	184	4.0
176	185	4.0
176	186	1.0
176	187	4.0
176	188	2.0
176	202	2.0
176	239	1.0
176	241	5.0
176	242	11.0
177	177	629.0
177	178	33.0
177	179	8.0
177	180	18.0
177	182	4.0
177	183	1.0
177	185	1.0
177	186	5.0
177	188	1.0
177	190	1.0
177	193	2.0
177	194	1.0
177	196	2.0
177	197	3.0
177	198	1.0
177	202	1.0
177	231	1.0
177	232	1.0
177	237	2.0
177	241	16.0
178	178	518.0
178	179	10.0
178	180	4.0
178	181	2.0
178	182	8.0
178	183	7.0
178	185	1.0
178	186	1.0
178	191	2.0
178	193	11.0
178	197	10.0
178	198	14.0
178	199	3.0
178	200	1.0
178	202	16.0
178	203	8.0
178	204	2.0
178	207	1.0
178	217	1.0
178	241	11.0
178	242	15.0
179	179	591.0
179	180	19.0
179	182	7.0
179	183	6.0
179	184	7.0
179	185	9.0
179	186	16.0
179	197	2.0
179	198	4.0
179	199	4.0
179	200	6.0
179	202	10.0
179	203	1.0
179	204	2.0
179	205	1.0
179	216	1.0
179	223	2.0
180	180	577.0
180	181	1.0
180	182	27.0
180	183	1.0
180	184	4.0
180	185	11.0
180	186	16.0
180	187	3.0
180	188	1.0
180	200	3.0
180	202	2.0
180	213	1.0
180	242	1.0
181	181	562.0
181	182	12.0
181	183	11.0
181	184	11.0
181	185	16.0
181	186	17.0
181	187	11.0
181	188	6.0
181	189	4.0
181	190	16.0
181	191	3.0
181	193	1.0
181	242	2.0
182	182	514.0
182	183	18.0
182	184	24.0
182	185	14.0
182	186	22.0
182	187	9.0
182	189	3.0
182	191	1.0
182	193	2.0
182	197	1.0
182	198	2.0
182	199	1.0
182	200	1.0
182	202	2.0
182	203	1.0
182	212	1.0
182	213	1.0
182	219	1.0
183	183	555.0
183	184	15.0
183	185	16.0
183	186	3.0
183	187	2.0
183	189	2.0
183	190	3.0
183	191	1.0
183	198	2.0
183	199	1.0
183	202	1.0
183	203	2.0
183	218	2.0
184	184	491.0
184	185	41.0
184	186	3.0
184	187	1.0
184	188	6.0
184	189	22.0
184	190	18.0
184	191	2.0
184	202	1.0
184	206	1.0
184	242	1.0
185	185	478.0
185	186	18.0
185	187	4.0
185	189	5.0
185	190	6.0
185	191	1.0
185	193	1.0
185	200	3.0
185	202	1.0
185	222	1.0
185	241	1.0
186	186	546.0
186	187	22.0
186	189	1.0
186	191	1.0
186	202	1.0
186	233	1.0
187	187	485.0
187	188	24.0
187	189	4.0
187	190	14.0
187	191	18.0
187	192	1.0
187	194	1.0
187	197	1.0
187	202	1.0
187	203	3.0
187	205	1.0
187	217	1.0
187	219	1.0
187	226	1.0
187	229	1.0
188	188	500.0
188	189	22.0
188	190	31.0
188	191	19.0
188	192	13.0
188	193	1.0
188	194	1.0
188	195	1.0
188	197	2.0
188	198	2.0
188	201	1.0
188	203	13.0
188	221	1.0
188	226	1.0
189	189	582.0
189	190	17.0
189	191	10.0
189	192	9.0
189	193	2.0
189	194	12.0
189	197	1.0
189	198	3.0
189	199	6.0
189	201	1.0
189	204	1.0
189	209	1.0
189	236	1.0
190	190	530.0
190	191	30.0
190	192	3.0
190	193	2.0
190	194	2.0
190	196	1.0
190	197	13.0
190	198	11.0
190	200	1.0
190	201	3.0
190	203	2.0
190	205	1.0
190	229	5.0
190	230	1.0
190	234	1.0
191	191	558.0
191	192	8.0
191	193	9.0
191	194	9.0
191	195	1.0
191	196	3.0
191	197	16.0
191	198	25.0
191	199	1.0
191	200	6.0
191	202	2.0
191	203	9.0
191	217	1.0
191	226	1.0
191	229	2.0
191	237	2.0
191	241	1.0
192	192	605.0
192	193	18.0
192	194	21.0
192	195	13.0
192	196	31.0
192	197	37.0
192	198	6.0
192	199	6.0
192	200	1.0
192	201	2.0
192	203	15.0
192	205	5.0
192	213	1.0
192	220	2.0
192	221	1.0
192	227	10.0
192	228	16.0
192	229	1.0
192	230	6.0
192	236	1.0
192	239	1.0
193	193	492.0
193	194	16.0
193	195	38.0
193	196	13.0
193	197	5.0
193	199	1.0
193	201	3.0
193	203	1.0
193	205	2.0
193	211	2.0
193	216	6.0
193	221	5.0
193	226	1.0
193	227	1.0
193	230	1.0
193	238	1.0
193	241	6.0
193	242	2.0
194	194	484.0
194	195	11.0
194	196	8.0
194	197	20.0
194	199	4.0
194	201	2.0
194	203	1.0
194	205	8.0
194	206	5.0
194	211	5.0
194	212	1.0
194	213	4.0
194	215	2.0
194	216	10.0
194	217	3.0
194	220	1.0
194	221	7.0
194	222	5.0
194	225	6.0
194	226	1.0
194	231	1.0
194	233	1.0
194	234	2.0
194	235	10.0
194	241	1.0
195	195	484.0
195	196	16.0
195	197	2.0
195	199	14.0
195	201	2.0
195	205	2.0
195	206	6.0
195	211	8.0
195	212	1.0
195	213	1.0
195	214	1.0
195	215	5.0
195	216	10.0
195	217	1.0
195	218	1.0
195	220	7.0
195	221	3.0
195	222	5.0
195	224	2.0
195	225	6.0
195	226	3.0
195	227	3.0
195	228	2.0
195	230	3.0
195	231	3.0
195	232	2.0
195	234	1.0
195	235	2.0
196	196	549.0
196	197	14.0
196	198	5.0
196	199	1.0
196	200	2.0
196	201	1.0
196	205	1.0
196	215	1.0
196	221	5.0
196	222	4.0
196	225	5.0
196	227	8.0
196	228	6.0
196	230	7.0
196	231	6.0
196	234	1.0
196	236	1.0
196	241	4.0
197	197	552.0
197	198	30.0
197	201	1.0
197	202	2.0
197	203	5.0
197	204	4.0
197	211	4.0
197	220	1.0
197	221	4.0
197	241	3.0
198	198	553.0
198	199	14.0
198	200	11.0
198	201	7.0
198	202	13.0
198	203	3.0
198	204	7.0
198	205	6.0
198	217	1.0
198	227	1.0
198	228	4.0
199	199	500.0
199	200	28.0
199	201	9.0
199	202	3.0
199	204	10.0
199	205	24.0
199	210	2.0
199	211	2.0
199	213	1.0
199	216	1.0
199	218	1.0
199	220	7.0
199	222	2.0
199	225	10.0
199	226	3.0
199	227	3.0
199	228	8.0
199	229	2.0
199	230	4.0
199	231	4.0
200	200	577.0
200	201	20.0
200	202	8.0
200	203	10.0
200	204	9.0
200	205	27.0
200	216	1.0
200	218	2.0
200	221	1.0
200	225	3.0
200	226	1.0
200	227	1.0
200	228	12.0
200	229	10.0
200	230	5.0
200	231	3.0
200	234	1.0
200	235	12.0
201	201	559.0
201	202	7.0
201	204	9.0
201	205	12.0
201	206	3.0
201	207	1.0
201	208	1.0
201	209	1.0
201	210	4.0
201	211	5.0
201	212	4.0
201	213	8.0
201	214	8.0
201	215	3.0
201	218	4.0
201	224	6.0
201	225	4.0
201	226	2.0
201	227	2.0
201	228	1.0
201	229	3.0
201	230	2.0
201	231	2.0
201	234	2.0
201	235	13.0
201	236	2.0
201	241	1.0
202	202	621.0
202	203	34.0
202	204	8.0
202	205	5.0
202	209	8.0
202	210	20.0
202	213	4.0
202	225	1.0
202	233	2.0
203	203	514.0
203	204	16.0
203	206	5.0
203	207	2.0
203	208	7.0
203	209	22.0
203	214	6.0
203	217	1.0
203	233	1.0
203	235	1.0
204	204	570.0
204	205	17.0
204	206	15.0
204	207	9.0
204	208	2.0
204	209	11.0
204	210	16.0
204	214	1.0
204	224	1.0
204	225	5.0
204	230	1.0
204	231	2.0
204	233	2.0
204	235	6.0
204	236	1.0
205	205	544.0
205	206	9.0
205	207	1.0
205	209	1.0
205	210	1.0
205	211	7.0
205	213	2.0
205	218	1.0
205	220	1.0
205	221	1.0
205	224	9.0
205	225	19.0
205	226	11.0
205	227	5.0
205	229	1.0
205	230	1.0
205	231	3.0
205	232	1.0
205	233	1.0
205	235	3.0
205	237	2.0
205	238	1.0
206	206	572.0
206	207	18.0
206	208	10.0
206	209	5.0
206	210	16.0
206	211	15.0
206	213	1.0
206	221	1.0
206	224	3.0
206	225	9.0
206	226	2.0
206	231	3.0
206	233	1.0
206	235	4.0
206	236	2.0
206	237	14.0
206	238	15.0
207	207	624.0
207	208	16.0
207	209	10.0
207	210	4.0
207	211	9.0
207	214	6.0
207	215	1.0
207	217	1.0
207	224	1.0
207	225	2.0
207	229	1.0
207	231	1.0
207	233	1.0
207	234	1.0
207	236	1.0
208	208	581.0
208	209	24.0
208	210	10.0
208	211	9.0
208	216	1.0
208	218	1.0
208	224	2.0
208	229	1.0
208	233	1.0
208	236	7.0
208	237	13.0
208	238	1.0
209	209	520.0
209	210	6.0
209	214	3.0
209	220	1.0
209	224	1.0
209	227	1.0
209	236	1.0
209	237	26.0
209	238	3.0
210	210	511.0
210	211	24.0
210	212	4.0
210	213	10.0
210	214	4.0
210	215	1.0
210	222	3.0
210	223	4.0
210	224	2.0
210	225	16.0
210	226	2.0
210	227	3.0
210	234	2.0
210	235	11.0
210	236	6.0
210	237	2.0
210	238	1.0
211	211	532.0
211	212	34.0
211	213	21.0
211	214	2.0
211	215	6.0
211	216	13.0
211	218	1.0
211	219	1.0
211	220	5.0
211	222	3.0
211	223	7.0
211	224	9.0
211	225	4.0
211	226	4.0
211	227	2.0
211	232	3.0
211	233	1.0
211	235	3.0
211	237	3.0
211	238	3.0
212	212	485.0
212	213	58.0
212	214	18.0
212	215	9.0
212	216	18.0
212	217	5.0
212	218	5.0
212	220	3.0
212	221	1.0
212	222	12.0
212	223	12.0
212	224	5.0
212	225	1.0
212	226	1.0
212	227	2.0
212	231	1.0
212	232	3.0
212	233	3.0
212	234	1.0
212	235	2.0
212	237	1.0
213	213	515.0
213	214	29.0
213	215	10.0
213	216	7.0
213	217	6.0
213	218	1.0
213	219	3.0
213	220	4.0
213	221	5.0
213	222	3.0
213	223	1.0
213	226	1.0
213	233	4.0
213	234	5.0
214	214	524.0
214	215	28.0
214	216	19.0
214	217	15.0
214	218	2.0
214	220	3.0
214	221	4.0
214	222	11.0
214	223	12.0
214	224	3.0
214	233	1.0
214	235	1.0
215	215	573.0
215	216	22.0
215	217	12.0
215	220	9.0
215	221	11.0
215	222	9.0
215	223	10.0
215	224	2.0
215	226	3.0
215	232	7.0
215	233	1.0
215	234	3.0
215	235	2.0
216	216	573.0
216	217	36.0
216	218	7.0
216	220	15.0
216	221	15.0
216	222	2.0
216	224	2.0
216	226	1.0
216	227	2.0
216	228	1.0
216	232	9.0
216	233	5.0
216	234	2.0
217	217	638.0
217	218	52.0
217	219	3.0
217	220	19.0
217	221	7.0
217	222	2.0
217	223	1.0
217	224	1.0
217	229	1.0
217	231	13.0
217	232	9.0
217	233	9.0
217	234	12.0
217	235	3.0
217	242	1.0
218	218	644.0
218	219	13.0
218	220	6.0
218	221	1.0
218	223	1.0
218	224	7.0
218	228	5.0
218	229	4.0
218	230	4.0
218	231	12.0
218	232	3.0
218	233	1.0
218	234	42.0
218	239	1.0
219	219	640.0
219	220	28.0
219	224	4.0
219	228	4.0
219	229	7.0
219	230	2.0
219	231	1.0
219	232	7.0
219	234	15.0
219	242	1.0
220	220	640.0
220	221	15.0
220	222	17.0
220	224	1.0
220	226	4.0
220	227	4.0
220	228	11.0
220	229	4.0
220	230	1.0
220	231	5.0
220	232	10.0
220	233	6.0
220	234	13.0
220	235	8.0
220	237	1.0
220	238	1.0
220	239	8.0
220	240	3.0
220	241	1.0
221	221	577.0
221	222	23.0
221	223	6.0
221	224	2.0
221	226	1.0
221	227	2.0
221	228	1.0
221	230	2.0
221	231	6.0
221	232	8.0
221	235	3.0
221	236	1.0
221	237	5.0
221	238	6.0
221	239	1.0
222	222	604.0
222	223	31.0
222	224	4.0
222	225	1.0
222	226	16.0
222	227	11.0
222	228	9.0
222	230	10.0
222	231	5.0
222	232	1.0
222	233	4.0
222	234	8.0
222	235	6.0
222	236	1.0
222	240	2.0
222	241	4.0
223	223	594.0
223	224	19.0
223	226	9.0
223	227	4.0
223	230	2.0
223	231	3.0
223	235	2.0
223	240	3.0
223	241	2.0
224	224	545.0
224	225	38.0
224	226	12.0
224	227	6.0
224	230	4.0
224	231	13.0
224	235	3.0
224	236	1.0
225	225	561.0
225	226	22.0
225	227	10.0
225	228	13.0
225	229	1.0
225	230	2.0
225	231	12.0
225	232	1.0
226	226	539.0
226	227	42.0
226	228	9.0
226	230	2.0
226	238	2.0
227	227	578.0
227	228	29.0
227	229	3.0
227	230	10.0
227	232	1.0
228	228	549.0
228	229	27.0
228	230	18.0
228	231	11.0
228	232	4.0
228	235	1.0
228	241	1.0
229	229	581.0
229	230	18.0
229	231	6.0
229	232	1.0
230	230	554.0
230	231	7.0
230	232	1.0
230	234	2.0
231	231	585.0
231	232	7.0
231	234	4.0
231	236	1.0
231	238	1.0
231	239	3.0
231	240	2.0
231	241	4.0
232	232	652.0
232	233	19.0
232	234	11.0
232	235	23.0
232	236	4.0
232	240	10.0
232	241	2.0
233	233	644.0
233	234	28.0
233	235	2.0
233	236	3.0
233	237	2.0
233	238	1.0
233	239	2.0
233	240	10.0
233	241	3.0
234	234	569.0
234	235	19.0
234	240	4.0
234	241	1.0
235	235	624.0
235	236	14.0
235	238	8.0
235	239	5.0
235	240	8.0
235	241	1.0
236	236	641.0
236	237	24.0
236	238	14.0
236	239	19.0
236	240	4.0
237	237	608.0
237	238	16.0
237	239	7.0
237	241	1.0
238	238	599.0
238	239	17.0
238	240	1.0
239	239	612.0
239	240	19.0
239	241	1.0
240	240	672.0
240	241	20.0
241	241	671.0
241	242	5.0
242	242	671.0
242	243	1.0
243	243	29.0
244	1	9.0
244	3	15.0
244	7	1.0
244	11	1.0
244	25	1.0
244	35	1.0
244	37	1.0
244	38	9.0
244	39	6.0
244	40	1.0
244	41	2.0
244	42	6.0
244	43	22.0
244	44	2.0
244	51	1.0
244	79	1.0
244	80	4.0
244	81	8.0
244	90	2.0
244	92	1.0
244	95	8.0
244	109	2.0
244	130	1.0
244	146	1.0
244	159	1.0
244	167	1.0
244	177	2.0
244	178	1.0
244	188	1.0
244	192	2.0
244	194	3.0
244	196	3.0
244	197	1.0
244	198	1.0
244	221	9.0
244	223	1.0
244	227	1.0
244	231	1.0
244	235	1.0
244	237	15.0
244	239	4.0
244	241	4.0
244	242	1.0
244	244	580.0
