20	20	272.0
20	21	6.0
20	22	9.0
20	23	7.0
20	24	3.0
20	25	1.0
20	26	1.0
20	27	6.0
20	40	3.0
20	58	6.0
20	67	1.0
20	95	3.0
21	21	45.0
21	22	5.0
21	25	1.0
21	26	3.0
21	27	1.0
22	22	267.0
22	23	10.0
22	24	10.0
22	26	7.0
22	27	1.0
22	32	1.0
22	33	1.0
22	41	1.0
22	44	1.0
22	45	3.0
22	58	3.0
23	23	205.0
23	24	14.0
23	25	2.0
23	26	2.0
23	30	1.0
23	33	8.0
23	36	1.0
23	38	1.0
23	40	1.0
23	67	1.0
23	87	1.0
23	97	3.0
24	24	355.0
24	25	4.0
24	26	8.0
24	27	8.0
24	39	1.0
24	40	2.0
24	50	2.0
24	58	1.0
24	72	1.0
24	84	1.0
24	92	1.0
25	25	468.0
25	26	17.0
25	27	12.0
25	28	3.0
25	30	1.0
25	32	1.0
25	33	1.0
25	39	1.0
25	40	1.0
25	65	1.0
25	73	1.0
25	79	2.0
26	26	487.0
26	27	19.0
26	28	7.0
26	29	3.0
26	30	1.0
26	39	1.0
26	40	1.0
26	86	1.0
27	27	455.0
27	28	9.0
27	30	1.0
27	31	2.0
27	33	1.0
27	39	17.0
27	40	1.0
27	45	1.0
27	58	4.0
27	60	5.0
28	28	227.0
28	29	7.0
28	30	1.0
28	31	5.0
28	33	10.0
28	34	2.0
28	39	2.0
28	45	1.0
28	58	1.0
28	65	1.0
28	78	1.0
28	94	1.0
28	98	1.0
28	101	4.0
29	29	408.0
29	30	13.0
29	31	8.0
29	33	10.0
29	34	10.0
29	44	6.0
29	45	4.0
29	60	1.0
29	63	1.0
29	72	1.0
29	83	1.0
29	94	2.0
29	100	2.0
29	101	4.0
29	102	1.0
30	30	201.0
30	31	21.0
30	32	7.0
30	33	6.0
30	34	4.0
30	38	5.0
30	39	2.0
30	40	1.0
30	45	1.0
31	31	460.0
31	32	19.0
31	33	1.0
31	34	1.0
31	41	4.0
31	54	1.0
31	59	1.0
31	69	2.0
32	32	254.0
32	33	10.0
32	34	4.0
32	36	1.0
32	38	3.0
32	40	1.0
32	41	6.0
32	44	1.0
32	61	1.0
32	69	2.0
32	70	1.0
32	71	1.0
33	33	445.0
33	34	9.0
33	38	2.0
33	39	9.0
33	40	4.0
33	41	7.0
33	45	2.0
33	47	1.0
33	57	1.0
33	58	1.0
33	60	6.0
33	67	3.0
33	100	1.0
33	101	2.0
34	34	366.0
34	35	10.0
34	36	5.0
34	40	3.0
34	41	5.0
34	50	2.0
34	51	1.0
34	59	1.0
34	60	4.0
34	61	1.0
34	79	2.0
34	80	2.0
34	92	1.0
34	94	3.0
34	95	2.0
34	97	3.0
34	100	3.0
34	101	1.0
34	102	4.0
35	35	444.0
35	36	14.0
35	41	1.0
35	44	5.0
35	45	1.0
35	55	1.0
35	59	3.0
35	65	1.0
35	66	2.0
35	72	1.0
35	75	6.0
35	76	4.0
35	77	3.0
35	78	1.0
35	79	5.0
35	80	1.0
35	81	3.0
35	83	1.0
35	93	4.0
35	94	8.0
35	96	2.0
35	97	3.0
35	100	1.0
36	36	420.0
36	37	9.0
36	38	3.0
36	41	1.0
36	43	1.0
36	44	6.0
36	45	3.0
36	52	1.0
36	54	1.0
36	56	2.0
36	57	1.0
36	60	4.0
36	61	6.0
36	67	9.0
36	71	2.0
36	74	1.0
36	78	2.0
36	84	6.0
36	93	3.0
37	37	394.0
37	38	9.0
37	39	8.0
37	44	1.0
37	45	4.0
37	55	1.0
37	56	1.0
37	61	11.0
37	62	2.0
37	63	2.0
37	65	1.0
37	66	1.0
37	67	3.0
37	68	1.0
37	69	6.0
37	71	2.0
37	78	9.0
37	84	3.0
37	86	1.0
37	88	1.0
37	89	1.0
37	90	3.0
37	93	13.0
37	94	3.0
37	96	3.0
37	97	1.0
38	38	411.0
38	39	12.0
38	45	1.0
38	51	6.0
38	61	12.0
38	67	5.0
38	68	8.0
38	69	6.0
38	71	6.0
38	72	7.0
38	81	4.0
38	85	1.0
38	88	1.0
38	93	6.0
38	95	1.0
38	96	5.0
39	39	453.0
39	40	11.0
39	41	1.0
39	50	1.0
39	55	3.0
39	56	1.0
39	58	1.0
39	59	1.0
39	60	1.0
39	71	1.0
39	81	8.0
39	94	1.0
39	96	1.0
40	40	469.0
40	41	11.0
40	43	2.0
40	44	2.0
40	58	7.0
40	59	7.0
40	60	1.0
40	73	1.0
40	74	6.0
40	75	3.0
40	77	2.0
40	78	7.0
40	79	5.0
40	80	17.0
40	81	4.0
40	82	1.0
40	83	6.0
40	84	1.0
40	85	1.0
40	91	2.0
40	97	4.0
41	41	459.0
41	42	14.0
41	44	2.0
41	49	1.0
41	56	1.0
41	59	2.0
41	60	1.0
41	62	4.0
41	63	7.0
41	65	1.0
41	67	4.0
41	68	1.0
41	69	1.0
41	72	9.0
41	73	7.0
41	76	1.0
41	78	1.0
41	79	3.0
41	80	1.0
41	92	1.0
42	42	486.0
42	43	3.0
42	44	8.0
42	57	1.0
42	91	2.0
43	43	404.0
43	44	2.0
43	50	1.0
43	51	1.0
44	44	401.0
44	45	15.0
44	69	3.0
44	71	1.0
44	78	3.0
44	86	1.0
44	94	1.0
44	99	2.0
44	100	2.0
44	102	1.0
45	45	412.0
45	46	5.0
45	47	9.0
45	49	8.0
45	52	3.0
45	53	1.0
45	56	4.0
45	61	2.0
45	71	1.0
45	75	2.0
45	76	3.0
45	77	2.0
45	78	1.0
45	79	4.0
45	80	4.0
45	81	7.0
45	82	1.0
45	83	1.0
45	84	7.0
45	86	2.0
45	93	1.0
45	94	2.0
45	96	1.0
45	98	3.0
45	99	6.0
46	46	429.0
46	47	30.0
46	48	10.0
46	50	4.0
46	59	1.0
46	64	2.0
46	80	2.0
46	81	4.0
46	84	1.0
46	95	2.0
46	97	1.0
46	98	4.0
47	47	413.0
47	48	20.0
47	49	2.0
47	52	1.0
47	57	1.0
47	61	1.0
47	80	2.0
47	81	4.0
47	82	5.0
47	91	1.0
47	98	2.0
48	48	426.0
48	49	9.0
48	50	6.0
48	81	2.0
48	82	1.0
48	86	1.0
48	98	2.0
48	101	1.0
49	49	395.0
49	50	36.0
49	52	2.0
49	56	1.0
49	86	2.0
49	89	1.0
49	93	3.0
49	96	3.0
49	98	3.0
49	99	3.0
49	100	11.0
50	50	414.0
50	51	6.0
50	52	3.0
50	53	2.0
50	55	1.0
50	64	1.0
50	74	2.0
50	87	1.0
50	90	1.0
50	93	4.0
50	94	6.0
50	98	4.0
50	99	2.0
50	100	16.0
50	102	1.0
51	51	472.0
51	52	23.0
51	53	1.0
51	54	2.0
51	55	1.0
51	58	1.0
51	67	2.0
51	86	1.0
51	87	10.0
51	88	11.0
51	89	1.0
51	90	3.0
51	93	23.0
51	94	6.0
51	95	1.0
51	96	1.0
51	98	2.0
51	100	2.0
51	102	4.0
52	52	459.0
52	53	6.0
52	54	3.0
52	55	1.0
52	63	1.0
52	67	10.0
52	68	1.0
52	70	1.0
52	76	1.0
52	81	1.0
52	85	3.0
52	86	4.0
52	87	3.0
52	88	6.0
52	90	8.0
52	93	9.0
52	98	1.0
52	100	5.0
52	102	4.0
53	53	458.0
53	54	7.0
53	55	3.0
53	56	1.0
53	67	1.0
53	74	1.0
53	76	2.0
53	80	1.0
53	81	9.0
53	82	1.0
53	85	1.0
53	86	7.0
53	88	3.0
53	94	8.0
53	95	1.0
53	96	2.0
53	97	1.0
53	98	8.0
54	54	442.0
54	55	17.0
54	56	1.0
54	59	2.0
54	60	1.0
54	61	1.0
54	66	1.0
54	67	19.0
54	68	9.0
54	76	1.0
54	79	10.0
54	80	8.0
54	81	1.0
54	83	1.0
54	86	2.0
54	90	1.0
54	93	1.0
54	94	1.0
54	95	1.0
54	98	5.0
55	55	373.0
55	56	16.0
55	57	3.0
55	59	3.0
55	60	3.0
55	61	4.0
55	62	3.0
55	66	2.0
55	67	8.0
55	68	7.0
55	69	1.0
55	70	2.0
55	71	1.0
55	76	1.0
55	79	2.0
55	80	3.0
55	88	1.0
55	89	3.0
55	93	1.0
55	94	1.0
55	96	2.0
55	97	6.0
55	98	1.0
55	99	1.0
56	56	376.0
56	57	17.0
56	58	8.0
56	59	2.0
56	60	3.0
56	61	11.0
56	62	12.0
56	66	9.0
56	67	8.0
56	68	2.0
56	69	1.0
56	71	1.0
56	73	2.0
56	74	1.0
56	76	4.0
56	80	3.0
56	83	1.0
56	84	1.0
56	85	1.0
56	89	5.0
56	93	2.0
56	94	4.0
56	95	3.0
56	98	4.0
57	57	432.0
57	58	8.0
57	59	14.0
57	60	6.0
57	61	7.0
57	66	4.0
57	67	10.0
57	68	1.0
57	70	3.0
57	71	2.0
57	72	1.0
57	78	1.0
57	79	4.0
57	80	1.0
57	86	7.0
57	88	1.0
57	89	3.0
57	90	1.0
57	97	6.0
58	58	488.0
58	59	11.0
58	60	6.0
58	61	3.0
58	62	5.0
58	66	3.0
58	68	2.0
58	70	2.0
58	71	5.0
58	90	1.0
58	95	1.0
59	59	389.0
59	60	13.0
59	61	1.0
59	66	14.0
59	68	2.0
59	69	2.0
59	70	5.0
59	71	3.0
59	76	1.0
59	79	1.0
59	80	2.0
59	94	1.0
59	97	6.0
60	60	415.0
60	61	15.0
60	62	5.0
60	66	6.0
60	67	3.0
60	68	7.0
60	69	2.0
60	70	7.0
60	71	12.0
60	72	2.0
60	76	1.0
60	79	1.0
60	80	2.0
60	94	3.0
61	61	471.0
61	62	12.0
61	66	4.0
61	67	10.0
61	68	10.0
61	69	1.0
61	70	11.0
61	71	8.0
61	72	2.0
61	73	2.0
61	79	1.0
61	92	1.0
61	93	5.0
62	62	499.0
62	63	11.0
62	65	5.0
62	66	9.0
62	67	4.0
62	68	2.0
62	69	7.0
62	70	6.0
62	71	4.0
62	72	1.0
62	73	2.0
62	74	7.0
62	75	6.0
62	78	1.0
62	79	1.0
62	83	5.0
62	84	4.0
62	85	1.0
62	92	1.0
63	63	503.0
63	64	18.0
63	65	23.0
63	66	5.0
63	67	1.0
63	69	10.0
63	70	8.0
63	71	5.0
63	72	12.0
63	73	1.0
63	74	13.0
63	75	4.0
63	83	10.0
63	84	2.0
63	85	1.0
63	92	8.0
64	64	489.0
64	65	25.0
64	70	4.0
64	83	4.0
64	85	3.0
65	65	484.0
65	66	17.0
65	68	1.0
65	69	1.0
65	70	7.0
65	71	3.0
65	72	1.0
65	73	1.0
65	74	8.0
65	75	6.0
65	77	1.0
65	78	7.0
65	84	1.0
66	66	477.0
66	67	3.0
66	68	4.0
66	69	23.0
66	70	12.0
66	71	3.0
66	72	1.0
66	74	1.0
66	75	1.0
66	76	7.0
66	77	1.0
66	78	6.0
66	79	7.0
66	80	3.0
66	84	4.0
66	93	1.0
66	94	3.0
66	97	3.0
66	98	2.0
67	67	411.0
67	68	12.0
67	70	2.0
67	72	1.0
67	75	1.0
67	76	3.0
67	80	2.0
67	83	1.0
67	84	1.0
67	85	1.0
67	89	1.0
67	90	1.0
67	93	5.0
67	98	2.0
68	68	473.0
68	69	9.0
68	70	2.0
68	71	21.0
68	72	4.0
68	73	3.0
68	75	1.0
68	85	3.0
68	86	7.0
68	89	4.0
68	92	1.0
68	93	2.0
68	94	3.0
68	97	1.0
69	69	501.0
69	70	31.0
69	71	15.0
69	72	11.0
69	73	4.0
69	74	2.0
69	75	1.0
69	78	1.0
69	79	2.0
69	85	1.0
69	87	1.0
69	93	1.0
70	70	529.0
70	71	18.0
70	72	16.0
70	73	12.0
70	74	4.0
70	92	1.0
71	71	451.0
71	72	20.0
71	73	11.0
71	74	4.0
71	79	1.0
71	92	3.0
71	93	4.0
71	96	1.0
71	99	1.0
71	100	1.0
72	72	467.0
72	73	2.0
72	74	1.0
72	76	1.0
72	77	2.0
72	87	1.0
72	92	9.0
73	73	485.0
73	74	9.0
73	75	4.0
73	80	1.0
73	84	1.0
73	92	8.0
74	74	522.0
74	75	14.0
74	76	16.0
74	78	7.0
74	79	2.0
74	80	4.0
74	83	1.0
74	84	4.0
74	86	8.0
74	91	4.0
74	92	1.0
75	75	531.0
75	76	17.0
75	77	6.0
75	78	3.0
75	79	2.0
75	83	1.0
75	84	1.0
75	90	1.0
75	91	3.0
75	92	19.0
75	99	1.0
76	76	424.0
76	77	5.0
76	78	6.0
76	79	1.0
76	80	1.0
76	81	2.0
76	83	3.0
76	84	3.0
76	86	3.0
76	88	9.0
76	89	2.0
76	91	9.0
76	92	2.0
76	94	4.0
76	95	3.0
76	96	3.0
76	97	3.0
76	98	1.0
77	77	475.0
77	78	17.0
77	79	1.0
77	81	1.0
77	85	2.0
77	90	5.0
77	91	9.0
77	92	7.0
77	94	1.0
77	95	4.0
77	96	5.0
77	100	1.0
78	78	503.0
78	79	15.0
78	84	6.0
78	85	19.0
79	79	469.0
79	80	23.0
79	81	6.0
79	85	3.0
79	86	2.0
79	94	1.0
79	95	1.0
79	98	2.0
80	80	444.0
80	81	8.0
80	82	3.0
80	83	2.0
80	84	2.0
80	85	4.0
80	86	2.0
80	89	3.0
80	90	1.0
80	95	1.0
80	98	1.0
81	81	448.0
81	82	23.0
81	83	7.0
81	84	1.0
81	93	3.0
81	95	1.0
81	96	2.0
81	97	1.0
81	98	3.0
82	82	257.0
82	83	1.0
82	84	1.0
82	95	1.0
82	96	6.0
83	83	359.0
83	84	18.0
83	85	1.0
83	86	2.0
83	90	8.0
83	94	3.0
83	95	1.0
84	84	371.0
84	93	2.0
84	94	4.0
85	85	455.0
85	86	9.0
85	87	1.0
85	88	1.0
85	89	5.0
85	90	4.0
85	93	5.0
86	86	452.0
86	87	16.0
86	88	26.0
86	89	9.0
86	90	1.0
86	94	1.0
86	98	5.0
86	100	1.0
87	87	411.0
87	88	22.0
87	89	11.0
87	90	9.0
87	91	2.0
87	94	1.0
87	102	1.0
88	88	484.0
88	89	13.0
88	90	20.0
88	91	2.0
88	92	1.0
89	89	484.0
89	90	17.0
89	93	2.0
90	90	467.0
90	91	17.0
90	93	1.0
90	94	5.0
90	95	1.0
90	98	1.0
90	100	1.0
91	91	458.0
91	92	10.0
91	93	1.0
91	100	1.0
91	101	12.0
91	102	2.0
92	92	482.0
92	93	1.0
93	93	499.0
93	94	19.0
93	96	2.0
93	99	1.0
93	101	2.0
94	94	386.0
94	95	5.0
94	96	4.0
94	97	5.0
94	98	1.0
94	99	8.0
94	100	15.0
94	101	9.0
94	102	2.0
95	95	426.0
95	96	34.0
95	97	19.0
95	98	6.0
95	99	1.0
95	100	3.0
95	102	1.0
96	96	426.0
96	97	11.0
96	98	4.0
97	97	415.0
97	98	3.0
97	99	1.0
97	102	2.0
98	98	430.0
98	99	4.0
99	99	494.0
99	100	21.0
99	101	8.0
100	100	450.0
100	101	13.0
100	102	4.0
101	101	495.0
101	102	14.0
102	102	184.0
