1	1	485.0
1	2	21.0
1	14	6.0
1	15	3.0
1	16	1.0
1	19	3.0
1	21	6.0
1	22	1.0
1	36	1.0
1	37	2.0
1	40	2.0
1	42	1.0
1	43	4.0
1	44	1.0
1	45	1.0
1	46	9.0
1	127	1.0
1	169	3.0
2	2	498.0
2	3	2.0
2	11	1.0
2	13	1.0
2	14	4.0
2	15	3.0
2	21	4.0
2	22	2.0
2	23	3.0
2	28	1.0
2	36	11.0
2	40	10.0
2	42	12.0
2	43	14.0
2	44	7.0
2	45	2.0
2	46	1.0
2	96	1.0
2	156	1.0
3	3	479.0
3	4	23.0
3	21	1.0
3	22	13.0
3	23	5.0
3	45	1.0
3	46	1.0
3	47	1.0
3	49	1.0
3	52	4.0
3	53	7.0
3	54	3.0
3	55	1.0
3	56	1.0
3	66	1.0
3	67	1.0
3	68	10.0
3	69	1.0
3	83	1.0
3	96	1.0
3	131	1.0
4	4	458.0
4	5	16.0
4	6	2.0
4	7	1.0
4	52	3.0
4	54	1.0
4	67	1.0
4	68	4.0
4	93	1.0
4	159	1.0
5	5	496.0
5	6	25.0
5	7	12.0
5	8	1.0
5	9	1.0
5	16	1.0
5	26	1.0
5	68	6.0
5	71	2.0
5	72	4.0
5	138	1.0
5	157	1.0
6	6	461.0
6	7	17.0
6	8	12.0
6	9	1.0
6	27	1.0
6	47	1.0
6	50	2.0
6	51	5.0
6	52	12.0
6	67	2.0
6	68	10.0
6	69	3.0
6	70	2.0
6	71	2.0
6	72	2.0
6	112	1.0
6	149	1.0
7	7	454.0
7	8	13.0
7	9	7.0
7	10	13.0
7	11	1.0
7	12	1.0
7	13	5.0
7	15	1.0
7	18	1.0
7	44	1.0
7	48	1.0
7	49	1.0
7	50	5.0
7	51	17.0
7	52	3.0
7	55	3.0
7	67	17.0
7	69	11.0
7	70	4.0
7	72	4.0
7	103	1.0
7	111	1.0
7	129	1.0
7	133	1.0
7	147	1.0
7	167	1.0
8	8	415.0
8	9	14.0
8	10	36.0
8	11	6.0
8	12	3.0
8	13	7.0
8	15	1.0
8	16	4.0
8	17	11.0
8	18	1.0
8	47	1.0
8	48	1.0
8	50	8.0
8	51	2.0
8	55	16.0
8	56	2.0
8	58	1.0
8	62	2.0
8	64	5.0
8	67	2.0
8	69	5.0
8	70	9.0
8	71	1.0
8	77	1.0
8	84	1.0
8	102	3.0
8	112	5.0
8	113	4.0
8	138	1.0
8	151	9.0
9	9	387.0
9	10	21.0
9	11	2.0
9	12	1.0
9	13	2.0
9	14	5.0
9	15	2.0
9	16	6.0
9	17	1.0
9	19	1.0
9	47	2.0
9	48	9.0
9	49	7.0
9	50	8.0
9	51	1.0
9	55	4.0
9	62	1.0
9	63	1.0
9	66	1.0
9	67	1.0
9	69	2.0
9	70	4.0
9	71	4.0
9	77	1.0
9	86	3.0
9	87	1.0
9	112	9.0
9	113	5.0
9	124	1.0
9	150	1.0
9	151	6.0
10	10	462.0
10	11	14.0
10	12	5.0
10	13	4.0
10	16	1.0
10	30	1.0
10	38	1.0
10	42	1.0
10	44	1.0
10	47	1.0
10	48	3.0
10	49	6.0
10	50	4.0
10	51	4.0
10	55	2.0
10	56	1.0
10	66	1.0
10	67	1.0
10	69	1.0
10	70	7.0
10	71	2.0
10	77	1.0
10	87	1.0
10	105	1.0
10	107	1.0
10	112	4.0
10	113	1.0
10	118	1.0
10	129	1.0
10	151	4.0
10	152	2.0
11	11	477.0
11	12	34.0
11	13	16.0
11	14	1.0
11	15	13.0
11	17	1.0
11	18	2.0
11	27	1.0
11	41	2.0
11	45	2.0
11	47	4.0
11	48	4.0
11	49	3.0
11	51	1.0
11	55	1.0
11	58	1.0
11	69	2.0
11	70	2.0
11	103	4.0
11	104	6.0
11	105	2.0
11	106	1.0
11	110	1.0
11	135	1.0
11	136	4.0
11	145	1.0
11	151	1.0
11	152	6.0
11	158	1.0
11	170	1.0
12	12	423.0
12	13	16.0
12	15	7.0
12	16	3.0
12	17	1.0
12	18	1.0
12	23	1.0
12	28	1.0
12	38	1.0
12	46	1.0
12	47	1.0
12	49	1.0
12	50	1.0
12	55	1.0
12	58	1.0
12	67	1.0
12	70	2.0
12	94	1.0
12	100	4.0
12	101	5.0
12	102	1.0
12	105	1.0
12	106	1.0
12	136	3.0
12	137	1.0
12	138	1.0
12	146	1.0
12	150	13.0
12	151	4.0
12	152	10.0
12	166	1.0
13	13	449.0
13	14	6.0
13	15	4.0
13	16	1.0
13	18	7.0
13	19	1.0
13	20	1.0
13	21	1.0
13	40	2.0
13	44	2.0
13	45	16.0
13	47	3.0
13	48	1.0
13	50	1.0
13	51	1.0
13	69	6.0
13	70	12.0
13	139	1.0
13	152	1.0
14	14	491.0
14	15	40.0
14	16	6.0
14	17	1.0
14	18	2.0
14	19	3.0
14	20	7.0
14	21	15.0
14	22	1.0
14	23	3.0
14	25	8.0
14	36	1.0
14	41	1.0
14	42	1.0
14	43	4.0
14	44	3.0
14	45	1.0
14	49	2.0
14	50	9.0
14	55	1.0
14	57	1.0
14	64	3.0
14	65	5.0
14	66	4.0
14	69	3.0
14	70	2.0
14	108	1.0
14	133	1.0
15	15	476.0
15	16	23.0
15	17	8.0
15	18	6.0
15	19	6.0
15	20	5.0
15	21	6.0
15	22	1.0
15	23	7.0
15	25	5.0
15	26	1.0
15	27	2.0
15	36	1.0
15	43	3.0
15	66	3.0
15	69	3.0
15	70	3.0
15	100	1.0
15	101	1.0
15	102	1.0
15	103	1.0
15	138	1.0
15	141	1.0
15	147	2.0
16	16	421.0
16	17	28.0
16	18	12.0
16	19	22.0
16	20	8.0
16	21	1.0
16	25	9.0
16	29	1.0
16	30	1.0
16	37	6.0
16	38	4.0
16	42	2.0
16	43	2.0
16	44	1.0
16	45	2.0
16	47	1.0
16	64	1.0
16	65	1.0
16	86	1.0
16	100	2.0
16	132	2.0
16	137	2.0
16	138	5.0
17	17	432.0
17	18	26.0
17	19	7.0
17	20	1.0
17	24	5.0
17	25	2.0
17	37	8.0
17	38	2.0
17	47	1.0
17	53	1.0
17	66	1.0
17	67	2.0
17	101	3.0
17	102	1.0
17	131	1.0
17	132	1.0
17	134	1.0
17	138	9.0
17	165	1.0
18	18	427.0
18	19	26.0
18	20	6.0
18	21	1.0
18	25	4.0
18	26	1.0
18	37	4.0
18	39	1.0
18	40	1.0
18	43	1.0
18	45	2.0
18	66	10.0
18	86	1.0
18	108	1.0
18	110	1.0
18	138	2.0
18	148	1.0
19	19	413.0
19	20	14.0
19	21	4.0
19	22	2.0
19	23	1.0
19	24	3.0
19	25	4.0
19	26	1.0
19	38	4.0
19	40	2.0
19	45	3.0
19	64	1.0
19	65	11.0
19	66	13.0
19	68	2.0
20	20	461.0
20	21	26.0
20	22	8.0
20	25	1.0
20	30	1.0
20	40	7.0
20	44	5.0
20	45	1.0
20	46	1.0
20	49	1.0
20	50	5.0
20	58	4.0
20	64	3.0
20	65	10.0
20	66	5.0
20	135	1.0
20	150	1.0
20	167	1.0
21	21	437.0
21	22	10.0
21	23	10.0
21	24	1.0
21	25	3.0
21	32	1.0
21	33	1.0
21	40	3.0
21	41	1.0
21	43	2.0
21	44	8.0
21	45	10.0
21	46	2.0
21	49	4.0
21	50	8.0
21	64	1.0
21	65	7.0
21	66	1.0
21	69	1.0
21	76	1.0
21	108	1.0
21	155	1.0
22	22	416.0
22	23	30.0
22	24	5.0
22	25	2.0
22	39	5.0
22	40	12.0
22	41	6.0
22	42	1.0
22	45	5.0
22	49	1.0
22	50	3.0
22	66	3.0
22	67	5.0
22	68	8.0
22	69	3.0
22	79	1.0
23	23	432.0
23	24	20.0
23	25	4.0
23	30	1.0
23	38	1.0
23	39	1.0
23	40	6.0
23	41	7.0
23	42	4.0
23	44	2.0
23	45	3.0
23	46	1.0
23	47	2.0
23	49	2.0
23	50	2.0
23	66	5.0
23	67	13.0
23	68	5.0
23	69	2.0
23	70	3.0
23	93	1.0
23	105	2.0
23	142	1.0
23	166	1.0
24	24	442.0
24	25	15.0
24	26	6.0
24	35	1.0
24	36	3.0
24	37	1.0
24	38	1.0
24	39	1.0
24	40	3.0
24	41	12.0
24	42	3.0
24	44	7.0
24	45	12.0
24	46	6.0
24	47	1.0
24	49	11.0
24	50	1.0
24	51	13.0
24	52	2.0
24	62	4.0
24	63	1.0
24	68	2.0
24	86	1.0
24	154	1.0
24	164	1.0
25	25	499.0
25	26	4.0
25	28	3.0
25	35	1.0
25	38	2.0
25	40	2.0
25	41	1.0
25	42	4.0
25	44	6.0
25	45	2.0
25	49	1.0
25	50	6.0
25	51	8.0
25	52	13.0
25	57	6.0
25	58	3.0
25	63	8.0
25	64	3.0
25	108	1.0
25	140	1.0
26	26	379.0
26	27	11.0
26	28	15.0
26	30	1.0
26	34	8.0
26	35	2.0
26	42	2.0
26	44	2.0
26	46	1.0
26	51	2.0
26	52	3.0
26	58	1.0
26	126	1.0
26	130	1.0
27	27	459.0
27	28	16.0
27	29	6.0
27	30	4.0
27	31	8.0
27	32	2.0
27	33	1.0
27	34	3.0
27	35	1.0
27	36	1.0
27	40	1.0
27	42	4.0
27	43	15.0
27	56	1.0
27	71	2.0
27	75	3.0
27	85	1.0
27	108	1.0
27	133	1.0
27	150	1.0
28	28	505.0
28	29	15.0
28	30	13.0
28	34	18.0
28	35	12.0
28	37	1.0
28	41	11.0
28	42	1.0
28	52	1.0
28	56	1.0
28	57	1.0
28	58	5.0
28	65	2.0
28	71	1.0
28	79	1.0
28	105	1.0
28	146	1.0
28	159	1.0
28	162	4.0
28	163	1.0
28	164	6.0
28	169	1.0
29	29	424.0
29	30	13.0
29	31	4.0
29	32	4.0
29	33	10.0
29	34	6.0
29	35	11.0
29	36	2.0
29	37	9.0
29	38	5.0
29	39	1.0
29	41	18.0
29	42	1.0
29	65	1.0
29	72	1.0
29	80	2.0
29	121	1.0
29	164	1.0
29	165	1.0
30	30	545.0
30	31	21.0
30	32	2.0
30	33	9.0
30	34	11.0
30	41	2.0
30	42	3.0
30	43	5.0
30	44	3.0
30	58	3.0
30	101	1.0
30	116	1.0
30	134	1.0
30	145	1.0
30	158	1.0
31	31	563.0
31	32	8.0
31	33	4.0
31	34	7.0
31	35	6.0
31	36	4.0
31	42	2.0
31	43	3.0
31	58	1.0
31	81	2.0
31	89	1.0
31	98	1.0
31	125	1.0
31	130	1.0
31	158	1.0
32	32	448.0
32	33	20.0
32	34	11.0
32	35	5.0
32	36	2.0
32	37	5.0
32	38	8.0
32	39	7.0
32	40	1.0
32	41	2.0
32	42	4.0
32	43	2.0
32	48	1.0
32	67	1.0
32	109	1.0
32	110	2.0
32	121	1.0
32	136	1.0
32	158	1.0
33	33	541.0
33	34	25.0
33	35	5.0
33	36	1.0
33	37	3.0
33	38	1.0
33	39	1.0
33	41	1.0
33	42	3.0
33	73	1.0
33	78	1.0
33	106	1.0
33	113	1.0
33	124	1.0
33	149	1.0
33	168	1.0
34	34	443.0
34	35	11.0
34	36	4.0
34	41	2.0
34	43	3.0
34	44	3.0
34	56	1.0
34	58	3.0
34	62	1.0
34	63	2.0
34	83	1.0
34	99	1.0
34	141	2.0
35	35	513.0
35	36	36.0
35	37	4.0
35	38	3.0
35	41	12.0
35	52	1.0
35	76	1.0
35	88	2.0
35	109	1.0
35	127	1.0
35	161	1.0
36	36	504.0
36	37	21.0
36	38	14.0
36	39	8.0
36	41	7.0
36	42	3.0
36	43	1.0
36	70	1.0
36	139	2.0
36	152	1.0
37	37	523.0
37	38	43.0
37	39	2.0
37	40	3.0
37	121	1.0
38	38	499.0
38	39	6.0
38	40	1.0
38	41	1.0
38	68	1.0
38	89	1.0
38	109	1.0
38	134	1.0
39	39	519.0
39	40	35.0
39	41	5.0
39	130	1.0
39	151	1.0
39	161	1.0
40	40	561.0
40	41	7.0
40	45	2.0
40	128	2.0
40	150	2.0
41	41	510.0
41	42	9.0
41	43	1.0
41	46	1.0
41	64	1.0
41	104	1.0
41	123	1.0
41	137	1.0
42	42	451.0
42	43	22.0
42	48	1.0
42	56	1.0
42	104	1.0
42	150	1.0
42	162	1.0
43	43	567.0
43	44	14.0
43	45	1.0
43	48	1.0
43	53	3.0
43	55	1.0
43	56	3.0
43	57	2.0
43	58	1.0
43	63	2.0
43	69	1.0
43	103	1.0
43	136	1.0
43	140	1.0
43	157	1.0
43	163	1.0
44	44	463.0
44	45	39.0
44	46	21.0
44	49	8.0
44	52	8.0
44	53	1.0
44	54	1.0
44	57	1.0
44	58	1.0
44	63	9.0
44	70	1.0
44	158	1.0
45	45	442.0
45	46	29.0
45	47	5.0
45	49	5.0
45	50	6.0
45	51	7.0
45	62	1.0
45	83	1.0
45	109	1.0
45	116	2.0
45	117	1.0
45	142	2.0
45	154	1.0
46	46	428.0
46	47	10.0
46	48	8.0
46	49	3.0
46	50	1.0
46	132	1.0
46	140	1.0
46	153	1.0
47	47	433.0
47	48	21.0
47	49	13.0
47	50	1.0
47	51	1.0
47	62	1.0
47	68	1.0
47	111	1.0
47	115	1.0
47	116	1.0
47	131	1.0
47	152	1.0
47	154	1.0
47	156	1.0
48	48	412.0
48	49	14.0
48	51	1.0
48	52	6.0
48	55	1.0
48	62	7.0
48	124	3.0
48	130	1.0
48	151	1.0
48	152	1.0
49	49	369.0
49	50	2.0
49	51	8.0
49	52	9.0
49	53	4.0
49	55	4.0
49	62	4.0
49	72	1.0
49	86	1.0
49	88	1.0
49	93	1.0
49	120	1.0
49	152	1.0
49	154	1.0
49	155	1.0
50	50	427.0
50	51	26.0
50	52	5.0
50	53	1.0
50	55	8.0
50	56	3.0
50	57	1.0
50	63	9.0
50	64	3.0
50	65	1.0
50	67	8.0
50	70	1.0
50	87	1.0
50	138	1.0
51	51	424.0
51	52	11.0
51	55	2.0
51	56	1.0
51	62	2.0
51	63	3.0
51	64	1.0
51	92	1.0
51	132	1.0
51	147	1.0
52	52	497.0
52	53	4.0
52	54	1.0
52	55	3.0
52	58	5.0
52	61	1.0
52	62	15.0
52	63	3.0
52	74	1.0
52	93	1.0
52	125	1.0
53	53	416.0
53	54	17.0
53	55	4.0
53	56	9.0
53	63	4.0
53	76	1.0
53	96	1.0
53	103	1.0
53	139	1.0
53	145	1.0
54	54	353.0
54	55	9.0
54	62	4.0
54	70	1.0
54	77	1.0
54	79	2.0
54	111	1.0
54	157	1.0
55	55	407.0
55	56	25.0
55	57	2.0
55	58	2.0
55	62	8.0
55	63	4.0
55	65	1.0
55	66	1.0
55	84	1.0
55	98	1.0
55	121	1.0
55	151	2.0
55	159	1.0
56	56	496.0
56	57	16.0
56	58	1.0
56	63	7.0
56	64	13.0
56	65	6.0
56	69	1.0
56	141	1.0
56	164	1.0
56	166	1.0
57	57	546.0
57	58	19.0
57	62	9.0
57	63	20.0
57	64	5.0
57	65	8.0
57	66	10.0
57	68	1.0
57	69	3.0
57	70	2.0
57	76	1.0
57	140	1.0
57	143	1.0
57	169	1.0
58	58	1371.0
58	61	21.0
58	62	12.0
58	63	7.0
58	64	8.0
58	65	10.0
58	67	1.0
58	79	1.0
58	83	1.0
58	99	1.0
58	144	1.0
58	147	1.0
58	149	1.0
58	151	6.0
58	152	4.0
58	160	1.0
58	165	1.0
58	167	1.0
61	61	61.0
61	62	1.0
61	63	1.0
61	64	1.0
62	62	359.0
62	63	16.0
62	64	3.0
62	65	4.0
62	66	1.0
62	108	2.0
62	146	1.0
62	151	1.0
63	63	383.0
63	64	16.0
63	65	2.0
63	66	1.0
63	105	1.0
63	151	2.0
64	64	426.0
64	65	24.0
64	66	2.0
64	67	2.0
64	69	1.0
64	98	1.0
64	101	1.0
64	110	1.0
64	115	1.0
64	134	1.0
64	145	11.0
64	146	2.0
64	147	1.0
64	148	3.0
64	151	1.0
64	157	1.0
65	65	368.0
65	66	19.0
65	107	1.0
65	129	1.0
65	145	8.0
65	159	1.0
66	66	361.0
66	67	9.0
66	68	17.0
66	69	12.0
66	70	6.0
66	71	2.0
66	72	1.0
66	106	1.0
66	112	1.0
66	145	3.0
66	147	3.0
66	148	2.0
66	156	1.0
66	160	1.0
67	67	353.0
67	68	6.0
67	69	2.0
67	70	6.0
67	71	1.0
67	109	1.0
67	138	1.0
68	68	445.0
68	69	25.0
68	70	13.0
68	71	1.0
68	87	1.0
68	107	1.0
68	113	1.0
68	134	1.0
68	145	4.0
68	147	1.0
69	69	414.0
69	70	14.0
69	71	1.0
69	76	1.0
69	112	2.0
69	145	2.0
69	146	1.0
69	147	2.0
69	148	2.0
70	70	386.0
70	71	12.0
70	72	5.0
70	86	5.0
70	87	1.0
70	110	3.0
70	112	3.0
70	117	1.0
70	124	1.0
71	71	427.0
71	72	24.0
71	73	4.0
71	74	2.0
71	77	1.0
71	79	2.0
71	85	1.0
71	86	10.0
71	87	6.0
71	112	14.0
71	113	2.0
71	114	1.0
71	147	5.0
71	156	2.0
72	72	441.0
72	73	1.0
72	74	4.0
72	75	3.0
72	78	2.0
72	79	1.0
72	86	2.0
72	87	1.0
72	88	1.0
72	89	1.0
72	97	1.0
72	111	1.0
72	112	2.0
72	160	1.0
73	73	407.0
73	74	16.0
73	75	19.0
73	76	6.0
73	77	6.0
73	78	7.0
73	79	8.0
73	80	4.0
73	84	1.0
73	99	1.0
73	159	1.0
74	74	423.0
74	75	28.0
74	76	8.0
74	78	7.0
74	80	4.0
74	89	1.0
74	91	1.0
74	93	3.0
74	100	1.0
74	134	1.0
74	150	1.0
74	160	1.0
75	75	421.0
75	76	2.0
75	78	3.0
75	79	1.0
75	80	1.0
75	82	1.0
75	84	2.0
75	94	2.0
75	122	1.0
76	76	395.0
76	77	13.0
76	78	5.0
76	79	12.0
76	80	10.0
76	81	3.0
76	82	3.0
76	84	7.0
76	85	10.0
76	87	1.0
76	88	5.0
76	89	2.0
76	91	1.0
76	106	1.0
76	113	5.0
76	114	1.0
76	121	1.0
76	133	1.0
76	145	3.0
76	147	1.0
76	148	1.0
76	156	1.0
76	159	1.0
76	161	4.0
76	162	1.0
77	77	380.0
77	78	30.0
77	79	14.0
77	81	2.0
77	82	2.0
77	83	5.0
77	84	9.0
77	85	23.0
77	88	1.0
77	89	3.0
77	90	2.0
77	91	3.0
77	93	5.0
77	94	3.0
77	128	1.0
77	131	2.0
77	147	2.0
77	148	4.0
77	159	1.0
78	78	383.0
78	79	12.0
78	81	4.0
78	82	3.0
78	83	10.0
78	84	13.0
78	85	12.0
78	89	1.0
78	91	1.0
78	93	1.0
78	94	6.0
78	95	1.0
78	147	2.0
78	161	1.0
78	165	1.0
79	79	445.0
79	80	19.0
79	81	1.0
79	84	3.0
79	85	15.0
79	88	1.0
79	89	2.0
79	93	2.0
79	113	2.0
79	131	1.0
79	147	2.0
79	148	3.0
79	153	1.0
79	158	4.0
79	159	6.0
79	161	5.0
79	169	1.0
80	80	420.0
80	81	4.0
80	82	12.0
80	83	5.0
80	84	4.0
80	85	1.0
80	90	1.0
80	95	2.0
80	113	1.0
80	114	1.0
80	141	1.0
80	148	1.0
80	157	7.0
80	158	8.0
80	159	2.0
80	161	4.0
80	162	3.0
80	164	1.0
81	81	376.0
81	82	29.0
81	83	12.0
81	84	8.0
81	86	3.0
81	112	1.0
81	148	1.0
81	157	7.0
82	82	393.0
82	83	14.0
82	84	3.0
82	85	1.0
82	86	7.0
82	91	1.0
82	94	6.0
82	107	1.0
82	110	1.0
82	126	1.0
82	150	1.0
82	156	1.0
82	157	5.0
82	161	10.0
82	162	3.0
82	164	1.0
83	83	403.0
83	84	9.0
83	85	1.0
83	90	2.0
83	91	4.0
83	94	8.0
83	95	7.0
83	161	3.0
83	162	6.0
83	164	4.0
84	84	413.0
84	85	24.0
84	87	3.0
84	88	5.0
84	89	10.0
84	90	4.0
84	91	2.0
84	92	17.0
84	93	5.0
84	94	3.0
84	95	2.0
84	98	1.0
84	111	1.0
84	113	3.0
84	116	2.0
84	117	1.0
84	121	3.0
84	123	2.0
84	155	1.0
84	156	9.0
84	157	7.0
84	158	1.0
84	161	2.0
85	85	411.0
85	86	4.0
85	87	2.0
85	88	2.0
85	89	5.0
85	90	1.0
85	91	3.0
85	92	3.0
85	93	1.0
85	94	1.0
85	113	4.0
85	115	1.0
85	121	2.0
85	123	2.0
85	127	4.0
85	148	2.0
85	149	1.0
85	156	7.0
85	157	2.0
85	158	1.0
85	159	1.0
86	86	391.0
86	87	19.0
86	88	16.0
86	89	15.0
86	90	4.0
86	92	5.0
86	112	15.0
86	113	1.0
86	114	6.0
86	115	11.0
86	117	4.0
86	123	1.0
86	127	1.0
86	135	1.0
86	156	2.0
86	157	5.0
86	158	2.0
86	159	1.0
87	87	409.0
87	88	16.0
87	89	8.0
87	90	7.0
87	91	8.0
87	92	7.0
87	112	4.0
87	113	8.0
87	114	9.0
87	115	5.0
87	116	2.0
87	117	1.0
87	150	1.0
87	154	1.0
88	88	425.0
88	89	30.0
88	90	18.0
88	91	3.0
88	92	9.0
88	93	7.0
88	94	2.0
88	112	1.0
88	115	1.0
88	123	1.0
88	152	1.0
88	153	1.0
89	89	410.0
89	90	13.0
89	91	3.0
89	92	10.0
89	93	8.0
89	94	6.0
89	112	1.0
89	115	1.0
89	116	3.0
89	123	6.0
89	140	1.0
89	144	1.0
89	155	1.0
89	156	1.0
89	157	5.0
90	90	469.0
90	91	26.0
90	93	13.0
90	94	4.0
90	95	7.0
90	96	1.0
90	97	5.0
90	105	1.0
90	115	1.0
90	116	6.0
90	122	5.0
90	123	1.0
90	136	1.0
90	140	1.0
90	161	1.0
91	91	461.0
91	92	17.0
91	93	11.0
91	94	20.0
91	95	5.0
91	96	1.0
91	97	2.0
91	104	1.0
91	106	1.0
92	92	424.0
92	93	11.0
92	94	5.0
92	98	1.0
92	99	1.0
92	104	4.0
92	105	1.0
92	109	1.0
92	114	2.0
92	115	15.0
92	116	9.0
92	117	1.0
92	118	1.0
92	119	1.0
92	154	2.0
93	93	399.0
93	94	20.0
93	95	8.0
93	96	3.0
93	97	2.0
93	100	1.0
93	109	6.0
93	115	3.0
93	116	1.0
93	117	2.0
93	124	1.0
93	139	1.0
94	94	362.0
94	95	24.0
94	96	8.0
94	97	1.0
94	109	5.0
94	116	3.0
94	117	21.0
94	119	2.0
94	132	1.0
94	137	1.0
94	161	1.0
95	95	307.0
95	96	15.0
95	97	7.0
95	100	1.0
95	101	1.0
95	109	5.0
95	116	1.0
95	117	4.0
95	120	1.0
95	121	3.0
95	122	1.0
95	125	1.0
95	129	1.0
95	130	1.0
95	163	1.0
96	96	404.0
96	97	16.0
96	98	5.0
96	100	9.0
96	101	1.0
96	117	2.0
96	118	1.0
96	119	7.0
96	120	15.0
96	121	7.0
96	122	3.0
96	123	10.0
96	124	8.0
96	125	1.0
96	126	1.0
96	135	1.0
96	148	1.0
96	161	1.0
96	165	1.0
97	97	464.0
97	98	17.0
97	99	17.0
97	100	8.0
97	101	2.0
97	102	1.0
97	103	5.0
97	105	3.0
97	106	1.0
97	108	1.0
97	110	2.0
97	111	1.0
97	116	1.0
97	117	3.0
97	118	11.0
97	119	5.0
97	120	4.0
97	121	4.0
97	122	4.0
97	124	11.0
97	125	1.0
97	148	1.0
97	162	1.0
98	98	395.0
98	99	26.0
98	100	2.0
98	101	2.0
98	102	3.0
98	103	5.0
98	105	12.0
98	106	1.0
98	108	1.0
98	109	5.0
98	110	6.0
98	111	5.0
98	118	4.0
98	119	3.0
98	122	1.0
98	123	2.0
98	124	3.0
98	125	3.0
98	126	4.0
98	127	1.0
98	136	2.0
98	140	1.0
98	144	2.0
98	148	1.0
98	161	1.0
98	162	3.0
98	164	2.0
98	166	4.0
99	99	429.0
99	100	6.0
99	101	9.0
99	102	8.0
99	103	5.0
99	104	1.0
99	107	10.0
99	108	5.0
99	109	4.0
99	110	1.0
99	111	5.0
99	114	1.0
99	118	6.0
99	119	2.0
99	122	2.0
99	125	1.0
99	127	3.0
99	129	1.0
99	130	1.0
99	131	1.0
99	135	2.0
99	136	7.0
99	137	5.0
99	139	1.0
99	140	5.0
99	141	7.0
99	147	2.0
99	161	1.0
99	162	1.0
99	163	1.0
99	164	1.0
99	166	1.0
100	100	422.0
100	101	19.0
100	102	18.0
100	103	5.0
100	104	4.0
100	132	1.0
100	133	4.0
100	134	4.0
100	135	3.0
100	137	11.0
100	138	11.0
100	139	20.0
100	140	1.0
100	141	2.0
101	101	381.0
101	102	26.0
101	103	24.0
101	104	3.0
101	105	9.0
101	106	1.0
101	107	1.0
101	133	7.0
101	134	2.0
101	135	4.0
101	137	8.0
101	138	7.0
101	139	3.0
101	140	1.0
101	148	1.0
102	102	379.0
102	103	14.0
102	104	5.0
102	105	6.0
102	106	1.0
102	107	12.0
102	111	1.0
102	118	1.0
102	119	3.0
102	126	1.0
102	136	3.0
102	137	7.0
102	138	1.0
102	139	1.0
103	103	350.0
103	104	31.0
103	105	3.0
103	106	5.0
103	107	8.0
103	111	1.0
103	117	3.0
103	118	2.0
103	119	5.0
103	120	4.0
103	121	2.0
103	136	1.0
103	137	3.0
103	160	1.0
103	164	3.0
103	166	2.0
104	104	439.0
104	105	4.0
104	106	13.0
104	112	1.0
104	114	3.0
104	115	1.0
104	117	14.0
104	118	12.0
104	140	1.0
104	156	1.0
105	105	425.0
105	106	12.0
105	107	3.0
105	109	2.0
105	110	4.0
105	111	1.0
105	116	2.0
105	117	7.0
105	118	7.0
105	124	1.0
105	135	1.0
105	136	1.0
105	137	9.0
105	161	1.0
105	162	1.0
106	106	464.0
106	107	26.0
106	108	9.0
106	109	1.0
106	110	1.0
106	113	1.0
106	114	1.0
106	118	10.0
106	121	1.0
106	132	1.0
106	134	1.0
106	136	8.0
106	137	6.0
106	147	1.0
107	107	485.0
107	108	22.0
107	109	2.0
107	114	1.0
107	119	1.0
107	124	1.0
107	125	1.0
107	127	3.0
107	128	2.0
107	135	6.0
107	136	4.0
107	139	1.0
107	140	1.0
107	141	1.0
107	144	1.0
107	161	8.0
107	162	2.0
107	163	5.0
107	164	1.0
107	165	1.0
108	108	487.0
108	109	6.0
108	124	2.0
108	125	5.0
108	133	1.0
108	136	1.0
108	137	4.0
108	140	1.0
108	141	2.0
108	144	1.0
108	156	1.0
108	160	1.0
108	161	3.0
108	162	10.0
108	163	5.0
108	164	3.0
108	165	7.0
108	166	1.0
108	167	2.0
108	168	1.0
109	109	496.0
109	110	11.0
109	111	9.0
109	116	2.0
109	118	4.0
109	119	9.0
109	121	2.0
109	122	2.0
109	123	5.0
109	124	2.0
109	125	1.0
109	127	3.0
109	130	1.0
109	131	2.0
109	136	1.0
109	162	4.0
109	163	8.0
109	164	11.0
109	165	8.0
110	110	436.0
110	111	24.0
110	112	1.0
110	114	4.0
110	118	1.0
110	119	5.0
110	121	2.0
110	122	6.0
110	123	6.0
110	124	3.0
110	125	3.0
110	126	2.0
110	127	10.0
110	130	2.0
110	131	4.0
110	135	1.0
110	146	2.0
110	153	3.0
110	155	7.0
110	156	3.0
110	157	1.0
110	160	2.0
110	162	8.0
110	163	6.0
110	164	5.0
110	165	2.0
110	166	11.0
111	111	498.0
111	112	7.0
111	113	7.0
111	114	1.0
111	116	3.0
111	123	1.0
111	126	5.0
111	135	1.0
111	136	1.0
111	137	4.0
111	142	1.0
111	143	4.0
111	145	1.0
111	146	7.0
111	153	6.0
111	154	5.0
111	155	9.0
111	158	9.0
111	159	6.0
111	160	9.0
111	162	1.0
111	165	6.0
111	166	5.0
112	112	466.0
112	113	6.0
112	114	11.0
112	116	1.0
112	118	2.0
112	121	1.0
112	126	1.0
112	144	1.0
112	145	8.0
112	146	5.0
112	147	3.0
112	148	8.0
112	155	5.0
112	159	6.0
112	160	8.0
112	161	1.0
113	113	379.0
113	114	25.0
113	115	3.0
113	117	3.0
113	121	11.0
113	126	3.0
113	127	4.0
113	140	1.0
113	147	1.0
113	148	2.0
113	155	4.0
113	156	5.0
113	158	7.0
113	159	8.0
113	160	7.0
113	161	1.0
113	162	1.0
114	114	446.0
114	115	22.0
114	116	13.0
114	117	3.0
114	118	2.0
114	121	2.0
114	122	4.0
114	125	3.0
114	127	9.0
114	128	2.0
114	130	2.0
114	131	1.0
114	141	3.0
114	144	1.0
114	147	5.0
114	148	1.0
114	153	9.0
114	154	1.0
114	155	7.0
114	158	2.0
114	159	1.0
114	161	1.0
115	115	389.0
115	116	19.0
115	117	5.0
115	118	1.0
115	121	4.0
115	122	3.0
115	127	6.0
115	128	7.0
115	129	3.0
115	130	3.0
115	131	3.0
115	140	7.0
115	141	7.0
115	153	10.0
115	157	1.0
115	158	1.0
116	116	416.0
116	117	19.0
116	118	3.0
116	119	1.0
116	120	5.0
116	121	2.0
116	122	1.0
116	124	5.0
116	125	1.0
116	127	6.0
116	128	1.0
116	130	10.0
116	131	7.0
116	133	1.0
116	137	1.0
116	139	3.0
116	154	1.0
117	117	453.0
117	118	15.0
117	119	13.0
117	120	13.0
117	121	2.0
117	122	1.0
117	130	3.0
117	141	1.0
118	118	395.0
118	119	9.0
118	120	13.0
118	121	3.0
118	122	10.0
118	123	7.0
118	124	3.0
118	127	4.0
118	128	1.0
118	130	7.0
118	131	3.0
118	136	3.0
118	139	1.0
118	153	3.0
118	154	3.0
119	119	446.0
119	120	16.0
119	121	14.0
119	122	15.0
119	123	3.0
119	124	4.0
119	130	6.0
119	137	1.0
119	138	1.0
119	139	2.0
119	140	20.0
119	141	1.0
119	146	6.0
119	147	4.0
119	153	2.0
119	165	1.0
120	120	409.0
120	121	15.0
120	122	9.0
120	123	6.0
120	124	3.0
120	130	1.0
120	138	2.0
120	139	4.0
120	140	2.0
120	146	2.0
120	153	4.0
120	154	2.0
121	121	383.0
121	122	17.0
121	123	6.0
121	124	5.0
121	125	9.0
121	126	2.0
121	127	6.0
121	130	4.0
121	139	2.0
121	140	1.0
121	145	1.0
121	146	3.0
121	147	4.0
121	148	7.0
121	149	6.0
121	153	5.0
121	154	1.0
121	155	2.0
121	156	4.0
121	157	2.0
121	158	7.0
121	159	1.0
121	160	1.0
121	161	1.0
122	122	424.0
122	123	4.0
122	124	2.0
122	126	1.0
122	127	7.0
122	130	1.0
122	131	2.0
122	136	2.0
122	137	1.0
122	142	1.0
122	144	1.0
122	145	3.0
122	146	5.0
122	147	7.0
122	149	2.0
122	153	11.0
122	154	12.0
122	155	5.0
122	156	9.0
122	157	1.0
122	159	1.0
122	160	1.0
122	161	2.0
123	123	406.0
123	124	10.0
123	125	7.0
123	126	4.0
123	130	1.0
123	131	1.0
123	146	12.0
123	147	4.0
123	148	2.0
123	153	4.0
123	154	1.0
123	156	6.0
123	157	5.0
123	161	4.0
124	124	441.0
124	125	26.0
124	126	7.0
124	127	5.0
124	128	1.0
124	130	1.0
124	131	5.0
124	145	1.0
124	146	3.0
124	148	4.0
124	153	8.0
124	155	3.0
124	161	2.0
124	162	2.0
124	166	4.0
125	125	392.0
125	126	29.0
125	127	9.0
125	135	2.0
125	140	2.0
125	145	1.0
125	147	6.0
125	148	3.0
125	149	1.0
125	153	1.0
125	154	1.0
125	155	2.0
125	157	5.0
125	161	5.0
126	126	435.0
126	127	6.0
126	135	1.0
126	136	1.0
126	144	3.0
126	145	4.0
126	147	1.0
126	148	6.0
126	153	4.0
126	154	10.0
126	155	11.0
126	156	2.0
126	157	6.0
126	158	1.0
126	159	1.0
126	160	1.0
126	161	9.0
126	163	2.0
126	166	2.0
127	127	389.0
127	128	13.0
127	129	6.0
127	130	2.0
127	135	4.0
127	136	3.0
127	140	12.0
127	141	1.0
127	142	1.0
127	144	7.0
127	145	2.0
127	147	13.0
127	153	12.0
127	155	1.0
127	156	1.0
127	160	1.0
127	161	10.0
128	128	438.0
128	129	14.0
128	130	6.0
128	131	16.0
128	135	1.0
128	137	2.0
128	138	4.0
128	142	1.0
128	143	7.0
128	144	5.0
128	154	2.0
128	155	1.0
128	160	1.0
128	161	12.0
128	162	2.0
128	165	2.0
128	166	1.0
129	129	383.0
129	130	16.0
129	132	5.0
129	135	3.0
129	138	2.0
129	140	7.0
129	141	8.0
129	142	12.0
129	143	14.0
129	144	6.0
129	145	2.0
129	153	2.0
129	154	1.0
129	155	2.0
129	156	1.0
130	130	446.0
130	131	20.0
130	132	2.0
130	133	1.0
130	134	2.0
130	135	9.0
130	137	3.0
130	138	3.0
130	139	4.0
130	140	4.0
130	141	3.0
130	142	5.0
130	143	1.0
130	144	4.0
130	153	1.0
130	154	4.0
131	131	442.0
131	132	5.0
131	134	6.0
131	137	3.0
131	138	7.0
131	139	4.0
131	140	1.0
131	141	2.0
131	143	1.0
131	155	1.0
132	132	443.0
132	133	21.0
132	137	9.0
132	138	3.0
132	139	1.0
132	141	2.0
132	142	9.0
132	143	8.0
132	154	1.0
133	133	426.0
133	134	16.0
133	135	2.0
133	136	17.0
133	137	8.0
133	139	6.0
134	134	446.0
134	135	16.0
134	136	8.0
134	137	1.0
134	138	4.0
134	139	3.0
134	164	1.0
135	135	397.0
135	136	24.0
135	137	1.0
135	139	7.0
135	140	11.0
135	141	3.0
135	143	1.0
135	147	1.0
135	161	1.0
136	136	446.0
136	137	4.0
136	139	3.0
136	140	5.0
136	142	3.0
136	147	1.0
136	164	1.0
136	165	1.0
137	137	478.0
137	138	23.0
137	139	6.0
137	140	3.0
137	141	1.0
137	154	1.0
137	156	1.0
137	165	1.0
137	166	2.0
138	138	441.0
138	139	34.0
138	140	7.0
138	141	2.0
138	143	1.0
139	139	401.0
139	140	14.0
139	141	1.0
139	144	1.0
139	154	1.0
140	140	424.0
140	141	30.0
140	142	20.0
140	143	3.0
140	144	3.0
140	145	1.0
140	147	2.0
140	152	1.0
140	153	1.0
140	164	1.0
141	141	401.0
141	142	22.0
141	143	3.0
141	145	1.0
141	153	3.0
141	154	2.0
142	142	437.0
142	143	7.0
142	144	24.0
142	145	11.0
142	146	1.0
142	152	1.0
142	155	2.0
142	156	6.0
143	143	463.0
143	144	15.0
143	145	2.0
143	146	6.0
143	147	1.0
143	152	6.0
143	153	3.0
143	154	6.0
143	155	8.0
143	156	6.0
143	157	7.0
143	158	1.0
143	159	1.0
143	161	1.0
143	165	2.0
144	144	446.0
144	145	15.0
144	146	4.0
144	147	10.0
144	148	1.0
144	152	6.0
144	153	7.0
144	154	6.0
144	155	6.0
144	156	7.0
144	161	9.0
144	162	2.0
144	165	4.0
144	166	1.0
145	145	449.0
145	146	9.0
145	147	7.0
145	148	11.0
145	149	2.0
145	152	2.0
145	153	3.0
145	154	6.0
145	155	13.0
145	156	11.0
145	157	4.0
145	159	5.0
145	160	13.0
145	161	1.0
146	146	456.0
146	147	3.0
146	148	11.0
146	149	1.0
146	152	7.0
146	153	11.0
146	154	5.0
146	155	2.0
146	159	11.0
146	160	6.0
147	147	454.0
147	148	22.0
147	153	10.0
147	154	6.0
147	156	3.0
147	158	1.0
147	159	4.0
147	161	3.0
147	162	1.0
148	148	460.0
148	149	14.0
148	150	2.0
148	152	2.0
148	153	3.0
148	154	10.0
148	155	1.0
148	159	2.0
148	160	13.0
148	168	1.0
149	149	488.0
149	150	14.0
149	153	5.0
149	154	1.0
149	155	1.0
149	156	4.0
149	157	2.0
149	160	15.0
149	161	3.0
149	162	1.0
150	150	483.0
150	151	15.0
150	152	15.0
150	155	1.0
150	160	3.0
151	151	453.0
151	152	15.0
152	152	479.0
152	153	4.0
152	154	10.0
152	155	5.0
152	159	2.0
152	160	2.0
153	153	432.0
153	154	23.0
153	156	1.0
153	161	3.0
153	169	1.0
154	154	450.0
154	155	14.0
154	156	3.0
154	157	4.0
154	158	1.0
154	159	4.0
154	160	5.0
154	161	2.0
154	165	1.0
154	168	1.0
155	155	470.0
155	156	17.0
155	157	10.0
155	158	2.0
155	159	7.0
155	160	6.0
155	161	2.0
155	162	1.0
155	167	1.0
156	156	475.0
156	157	10.0
156	158	3.0
156	159	9.0
156	160	6.0
156	161	8.0
157	157	429.0
157	158	12.0
157	159	9.0
157	160	4.0
158	158	456.0
158	159	25.0
158	160	3.0
158	161	2.0
159	159	472.0
159	160	12.0
159	161	1.0
159	163	1.0
160	160	490.0
160	161	2.0
161	161	449.0
161	162	24.0
161	163	3.0
161	164	10.0
161	165	6.0
162	162	440.0
162	163	23.0
162	164	10.0
162	165	14.0
162	166	8.0
163	163	444.0
163	164	47.0
163	165	20.0
163	166	4.0
163	168	7.0
163	169	7.0
164	164	426.0
164	165	16.0
164	166	3.0
164	168	1.0
165	165	406.0
165	166	14.0
165	167	4.0
165	168	2.0
165	169	9.0
165	170	4.0
166	166	479.0
166	167	15.0
166	168	1.0
166	170	9.0
167	167	400.0
167	168	16.0
167	169	6.0
167	170	3.0
168	168	496.0
168	169	31.0
168	170	11.0
169	169	495.0
169	170	11.0
170	170	431.0
172	1	12.0
172	2	13.0
172	7	3.0
172	8	1.0
172	13	1.0
172	14	2.0
172	19	1.0
172	37	2.0
172	38	1.0
172	42	3.0
172	43	7.0
172	44	5.0
172	45	2.0
172	46	4.0
172	125	2.0
172	138	1.0
172	150	1.0
172	166	2.0
172	167	7.0
172	172	465.0
