1	1	401.0
1	2	4.0
1	83	1.0
1	91	1.0
2	1	4.0
2	2	362.0
2	3	3.0
2	5	1.0
2	22	1.0
2	83	1.0
2	89	2.0
2	90	2.0
2	91	1.0
3	1	3.0
3	3	392.0
3	4	2.0
3	5	1.0
3	6	2.0
3	11	1.0
3	20	1.0
3	24	1.0
3	28	2.0
3	57	1.0
3	68	1.0
3	87	3.0
4	4	437.0
4	5	1.0
4	31	1.0
4	91	1.0
5	2	2.0
5	3	2.0
5	5	388.0
5	6	2.0
5	21	1.0
5	28	1.0
5	86	1.0
6	3	1.0
6	5	4.0
6	6	365.0
6	8	1.0
6	9	1.0
6	12	2.0
6	48	1.0
6	87	1.0
6	88	1.0
7	5	1.0
7	6	1.0
7	7	397.0
7	8	1.0
7	9	1.0
7	11	2.0
7	12	3.0
7	13	1.0
7	14	1.0
7	20	2.0
8	3	1.0
8	7	2.0
8	8	328.0
8	9	1.0
8	10	5.0
8	11	1.0
8	19	1.0
8	56	2.0
9	6	1.0
9	9	361.0
9	10	5.0
9	11	2.0
9	17	3.0
9	19	1.0
9	20	1.0
9	55	1.0
9	57	1.0
9	86	1.0
10	3	1.0
10	5	1.0
10	6	2.0
10	7	1.0
10	8	5.0
10	9	3.0
10	10	371.0
10	11	1.0
10	14	5.0
10	22	2.0
10	56	2.0
11	6	1.0
11	7	1.0
11	11	409.0
11	14	2.0
11	16	1.0
11	17	4.0
11	18	1.0
11	27	1.0
11	28	1.0
11	53	2.0
11	56	1.0
12	6	3.0
12	12	356.0
12	13	2.0
12	18	1.0
12	19	1.0
12	24	1.0
12	26	1.0
12	53	1.0
12	54	1.0
12	55	2.0
12	74	1.0
12	85	1.0
13	6	2.0
13	7	1.0
13	8	1.0
13	11	3.0
13	12	1.0
13	13	397.0
13	21	1.0
13	23	1.0
13	52	1.0
14	10	2.0
14	14	278.0
14	16	1.0
14	55	1.0
14	56	1.0
14	80	1.0
14	82	1.0
15	3	1.0
15	8	1.0
15	14	6.0
15	15	282.0
15	16	1.0
15	17	1.0
15	23	1.0
15	56	1.0
15	57	2.0
15	70	2.0
16	9	1.0
16	11	2.0
16	14	2.0
16	15	1.0
16	16	171.0
16	17	2.0
16	27	1.0
16	86	1.0
17	8	1.0
17	9	1.0
17	10	1.0
17	14	2.0
17	15	1.0
17	16	1.0
17	17	370.0
17	18	3.0
17	19	4.0
17	20	1.0
17	53	1.0
17	55	2.0
17	75	1.0
17	76	1.0
17	77	2.0
17	81	1.0
17	86	1.0
18	15	4.0
18	16	1.0
18	17	1.0
18	18	150.0
18	19	1.0
18	20	1.0
18	21	1.0
18	50	1.0
18	53	1.0
18	54	1.0
19	9	1.0
19	16	1.0
19	17	1.0
19	18	2.0
19	19	392.0
19	20	1.0
19	21	3.0
19	23	2.0
19	25	1.0
19	54	3.0
19	55	1.0
19	65	2.0
20	3	1.0
20	6	1.0
20	7	1.0
20	12	2.0
20	17	1.0
20	18	1.0
20	19	1.0
20	20	356.0
20	21	4.0
20	47	1.0
20	55	1.0
20	68	3.0
20	77	1.0
20	80	1.0
20	87	1.0
20	88	1.0
20	89	1.0
21	12	1.0
21	15	1.0
21	19	2.0
21	20	4.0
21	21	248.0
21	22	3.0
21	23	1.0
21	25	1.0
21	26	1.0
21	29	1.0
21	50	1.0
21	56	2.0
21	87	1.0
21	88	1.0
22	2	1.0
22	5	1.0
22	10	1.0
22	13	1.0
22	19	1.0
22	20	1.0
22	21	5.0
22	22	327.0
22	23	2.0
22	25	1.0
22	27	1.0
22	28	1.0
22	31	3.0
22	33	1.0
22	49	1.0
22	50	2.0
22	88	1.0
23	13	1.0
23	15	1.0
23	16	1.0
23	19	3.0
23	21	1.0
23	23	372.0
23	24	4.0
23	25	2.0
23	26	1.0
23	27	1.0
23	28	1.0
23	30	1.0
23	32	1.0
23	50	2.0
23	55	1.0
23	58	5.0
23	85	2.0
24	7	1.0
24	21	1.0
24	23	2.0
24	24	372.0
24	25	3.0
24	26	3.0
24	27	2.0
24	28	4.0
24	29	1.0
24	50	1.0
24	51	1.0
24	52	4.0
24	53	1.0
24	55	2.0
24	56	2.0
24	57	2.0
24	64	1.0
24	65	1.0
25	16	1.0
25	19	1.0
25	22	3.0
25	23	2.0
25	24	7.0
25	25	402.0
25	26	3.0
25	27	5.0
25	29	1.0
25	31	3.0
25	32	3.0
25	58	1.0
25	64	1.0
25	66	2.0
25	69	1.0
26	19	1.0
26	21	1.0
26	23	4.0
26	24	3.0
26	25	5.0
26	26	402.0
26	28	2.0
26	29	1.0
26	32	1.0
26	50	1.0
27	16	1.0
27	21	2.0
27	24	5.0
27	25	3.0
27	26	1.0
27	27	387.0
27	28	2.0
27	29	1.0
27	31	1.0
27	57	1.0
27	82	1.0
27	88	1.0
28	22	1.0
28	26	3.0
28	27	3.0
28	28	227.0
28	29	2.0
28	57	1.0
29	19	1.0
29	22	1.0
29	26	1.0
29	27	2.0
29	28	1.0
29	29	239.0
29	30	4.0
29	31	1.0
29	32	1.0
29	81	1.0
29	88	3.0
30	15	1.0
30	16	1.0
30	18	1.0
30	25	1.0
30	29	5.0
30	30	338.0
30	31	2.0
30	76	2.0
30	81	2.0
30	82	1.0
31	27	1.0
31	30	2.0
31	31	349.0
31	59	3.0
31	63	1.0
32	21	1.0
32	25	1.0
32	27	1.0
32	32	230.0
32	46	2.0
32	55	1.0
32	64	1.0
33	22	1.0
33	25	2.0
33	27	1.0
33	32	3.0
33	33	221.0
33	34	1.0
33	35	2.0
33	46	8.0
33	55	3.0
33	63	2.0
34	33	2.0
34	34	372.0
34	35	3.0
34	46	5.0
34	59	2.0
34	63	1.0
35	34	2.0
35	35	112.0
35	63	1.0
46	33	4.0
46	34	1.0
46	35	1.0
46	46	485.0
46	47	3.0
46	50	1.0
46	51	1.0
46	54	1.0
47	20	2.0
47	47	352.0
47	48	2.0
47	49	3.0
47	52	2.0
47	65	1.0
47	66	1.0
47	69	1.0
48	46	5.0
48	47	8.0
48	48	382.0
48	49	1.0
48	50	1.0
48	58	1.0
48	68	1.0
49	25	1.0
49	32	1.0
49	47	1.0
49	48	7.0
49	49	422.0
49	50	2.0
49	65	1.0
50	19	2.0
50	24	1.0
50	25	2.0
50	32	1.0
50	48	1.0
50	49	2.0
50	50	426.0
50	51	5.0
50	53	1.0
50	55	2.0
50	57	3.0
50	58	1.0
50	68	1.0
50	75	1.0
51	46	1.0
51	50	3.0
51	51	375.0
51	52	4.0
51	53	2.0
51	54	2.0
51	55	1.0
51	56	1.0
51	65	1.0
51	79	1.0
51	81	1.0
52	47	1.0
52	51	3.0
52	52	371.0
52	54	1.0
52	55	1.0
52	65	1.0
52	74	1.0
53	12	1.0
53	51	1.0
53	53	319.0
53	54	5.0
53	55	1.0
53	58	1.0
53	62	1.0
53	71	1.0
53	79	2.0
53	81	1.0
54	17	1.0
54	51	3.0
54	53	3.0
54	54	348.0
54	55	4.0
54	58	2.0
54	62	1.0
54	65	1.0
54	80	1.0
54	81	1.0
54	86	3.0
55	11	1.0
55	12	1.0
55	14	1.0
55	17	1.0
55	18	1.0
55	19	1.0
55	26	1.0
55	33	2.0
55	50	1.0
55	53	2.0
55	54	2.0
55	55	397.0
55	56	3.0
55	65	1.0
56	7	1.0
56	8	2.0
56	10	1.0
56	14	1.0
56	15	2.0
56	30	1.0
56	32	1.0
56	50	1.0
56	55	2.0
56	56	451.0
56	57	2.0
56	66	1.0
56	67	2.0
57	3	1.0
57	9	1.0
57	14	1.0
57	15	3.0
57	20	1.0
57	22	1.0
57	23	1.0
57	24	3.0
57	26	1.0
57	32	1.0
57	56	6.0
57	57	389.0
57	58	1.0
57	67	2.0
57	69	1.0
58	19	1.0
58	23	1.0
58	24	1.0
58	27	1.0
58	46	1.0
58	48	1.0
58	50	2.0
58	54	1.0
58	55	2.0
58	56	3.0
58	58	322.0
58	59	2.0
58	60	2.0
58	62	1.0
58	63	3.0
58	64	1.0
58	65	3.0
58	66	3.0
58	83	1.0
59	32	1.0
59	34	1.0
59	58	1.0
59	59	369.0
59	60	1.0
59	63	1.0
60	13	1.0
60	35	1.0
60	46	1.0
60	59	2.0
60	60	320.0
60	61	4.0
60	62	10.0
61	58	2.0
61	60	2.0
61	61	380.0
61	62	5.0
62	46	2.0
62	53	2.0
62	58	4.0
62	60	4.0
62	61	6.0
62	62	339.0
62	63	6.0
62	65	1.0
62	66	1.0
63	23	1.0
63	25	1.0
63	32	1.0
63	33	1.0
63	34	1.0
63	46	2.0
63	54	1.0
63	56	3.0
63	58	1.0
63	60	1.0
63	61	1.0
63	62	5.0
63	63	350.0
63	64	9.0
63	65	2.0
64	53	1.0
64	55	1.0
64	59	1.0
64	63	1.0
64	64	331.0
64	65	3.0
64	69	1.0
65	19	1.0
65	20	1.0
65	24	2.0
65	29	1.0
65	32	1.0
65	33	2.0
65	46	1.0
65	51	2.0
65	52	1.0
65	53	1.0
65	54	2.0
65	55	3.0
65	59	1.0
65	63	4.0
65	64	3.0
65	65	379.0
65	66	4.0
65	67	1.0
65	71	1.0
66	19	1.0
66	20	1.0
66	24	1.0
66	25	1.0
66	47	2.0
66	48	1.0
66	50	1.0
66	56	1.0
66	58	5.0
66	60	1.0
66	62	2.0
66	63	3.0
66	65	9.0
66	66	426.0
66	67	6.0
66	68	2.0
67	20	2.0
67	50	1.0
67	51	1.0
67	56	2.0
67	66	6.0
67	67	390.0
67	68	5.0
67	69	1.0
68	20	4.0
68	32	1.0
68	63	1.0
68	64	2.0
68	66	2.0
68	67	3.0
68	68	367.0
68	69	5.0
69	56	1.0
69	64	1.0
69	67	3.0
69	68	2.0
69	69	376.0
69	71	1.0
69	73	1.0
70	15	3.0
70	69	1.0
70	70	307.0
70	71	1.0
70	74	3.0
70	82	1.0
71	71	268.0
71	72	1.0
71	80	1.0
71	83	1.0
72	71	5.0
72	72	339.0
72	73	4.0
72	74	1.0
73	70	1.0
73	71	2.0
73	72	4.0
73	73	408.0
74	52	1.0
74	53	2.0
74	70	2.0
74	72	1.0
74	74	314.0
74	75	1.0
74	78	1.0
74	81	1.0
74	84	1.0
75	17	1.0
75	25	1.0
75	70	2.0
75	74	3.0
75	75	335.0
75	76	3.0
75	77	5.0
75	82	4.0
75	85	2.0
75	87	1.0
76	75	3.0
76	76	316.0
76	77	1.0
76	78	1.0
76	81	1.0
76	86	1.0
77	15	1.0
77	17	2.0
77	30	2.0
77	75	3.0
77	76	2.0
77	77	356.0
77	78	1.0
77	80	1.0
77	82	4.0
77	83	3.0
77	86	1.0
78	71	1.0
78	74	1.0
78	75	2.0
78	78	352.0
78	79	4.0
78	80	3.0
78	83	1.0
79	30	2.0
79	57	1.0
79	77	1.0
79	78	3.0
79	79	419.0
79	80	1.0
79	81	1.0
80	11	1.0
80	14	2.0
80	17	2.0
80	27	1.0
80	53	1.0
80	54	2.0
80	55	1.0
80	78	1.0
80	79	3.0
80	80	398.0
80	81	5.0
81	17	2.0
81	18	1.0
81	53	1.0
81	54	2.0
81	75	3.0
81	77	2.0
81	80	7.0
81	81	400.0
81	82	1.0
81	86	1.0
82	9	1.0
82	14	2.0
82	15	1.0
82	17	2.0
82	25	1.0
82	74	3.0
82	76	1.0
82	77	4.0
82	79	1.0
82	82	336.0
82	83	4.0
82	86	4.0
83	1	2.0
83	27	1.0
83	74	1.0
83	77	4.0
83	82	3.0
83	83	356.0
84	1	1.0
84	76	1.0
84	78	2.0
84	80	2.0
84	82	2.0
84	83	2.0
84	84	376.0
84	85	3.0
84	91	2.0
85	5	1.0
85	9	1.0
85	23	1.0
85	75	3.0
85	76	1.0
85	80	1.0
85	81	1.0
85	82	1.0
85	84	1.0
85	85	385.0
85	86	1.0
85	87	1.0
86	10	1.0
86	16	1.0
86	18	1.0
86	20	3.0
86	54	3.0
86	85	2.0
86	86	416.0
86	87	1.0
87	6	2.0
87	22	3.0
87	62	1.0
87	77	1.0
87	85	1.0
87	86	2.0
87	87	431.0
87	88	1.0
88	20	1.0
88	27	1.0
88	29	4.0
88	87	2.0
88	88	378.0
88	89	6.0
89	2	1.0
89	5	1.0
89	6	3.0
89	12	1.0
89	22	1.0
89	58	1.0
89	88	5.0
89	89	381.0
90	22	1.0
90	89	1.0
90	90	79.0
91	1	2.0
91	2	2.0
91	14	1.0
91	83	3.0
91	84	2.0
91	89	1.0
91	91	392.0
