1	1	222.0
1	2	2.0
1	3	3.0
1	4	1.0
1	6	1.0
1	98	1.0
1	106	1.0
1	142	1.0
2	1	2.0
2	2	215.0
2	3	3.0
2	10	1.0
2	11	2.0
2	79	1.0
2	103	1.0
2	104	2.0
2	106	1.0
2	142	2.0
3	1	3.0
3	2	3.0
3	3	179.0
3	4	3.0
3	5	2.0
3	27	1.0
3	35	1.0
4	1	1.0
4	2	1.0
4	3	1.0
4	4	196.0
4	5	1.0
4	6	1.0
4	17	1.0
4	26	1.0
4	27	2.0
4	28	1.0
4	84	1.0
5	3	1.0
5	4	1.0
5	5	223.0
5	6	5.0
5	11	1.0
5	14	2.0
5	68	1.0
5	83	1.0
5	104	1.0
6	1	1.0
6	3	1.0
6	5	4.0
6	6	207.0
6	7	1.0
6	12	1.0
6	16	1.0
6	35	1.0
6	103	1.0
6	106	2.0
7	7	205.0
7	8	5.0
7	9	3.0
7	25	2.0
8	6	2.0
8	7	5.0
8	8	210.0
8	10	1.0
8	20	1.0
8	37	1.0
9	5	3.0
9	6	1.0
9	8	1.0
9	9	206.0
9	18	1.0
9	19	1.0
9	25	2.0
9	34	1.0
9	104	1.0
9	105	1.0
9	107	1.0
10	7	1.0
10	10	203.0
10	11	4.0
10	21	1.0
10	26	1.0
10	136	1.0
11	5	1.0
11	9	1.0
11	10	1.0
11	11	171.0
11	12	2.0
11	13	1.0
11	23	1.0
11	32	2.0
12	10	3.0
12	11	1.0
12	12	165.0
12	13	3.0
12	28	1.0
12	32	1.0
13	11	1.0
13	12	3.0
13	13	205.0
13	14	3.0
13	25	1.0
13	28	1.0
13	37	1.0
14	4	2.0
14	6	1.0
14	11	1.0
14	13	3.0
14	14	201.0
14	15	2.0
14	25	2.0
14	26	2.0
14	31	1.0
14	38	2.0
14	68	1.0
14	76	1.0
15	15	182.0
15	25	2.0
15	26	1.0
15	28	1.0
15	29	1.0
15	75	1.0
16	16	219.0
16	17	2.0
16	21	2.0
16	25	2.0
17	16	3.0
17	17	210.0
17	18	1.0
17	29	2.0
17	30	1.0
17	31	2.0
18	17	3.0
18	18	233.0
18	19	1.0
18	20	1.0
18	21	1.0
18	23	2.0
18	24	1.0
18	30	1.0
18	38	1.0
18	96	1.0
19	18	2.0
19	19	207.0
19	20	4.0
19	21	1.0
19	22	1.0
20	1	1.0
20	3	1.0
20	20	215.0
20	23	3.0
20	104	1.0
20	110	1.0
21	2	1.0
21	4	1.0
21	12	1.0
21	18	1.0
21	21	234.0
21	22	1.0
21	23	2.0
21	24	1.0
22	10	1.0
22	15	1.0
22	16	1.0
22	21	1.0
22	22	170.0
22	23	3.0
22	26	2.0
23	6	2.0
23	13	1.0
23	17	2.0
23	22	3.0
23	23	190.0
23	25	2.0
23	132	1.0
24	15	1.0
24	18	1.0
24	23	1.0
24	24	184.0
24	25	1.0
24	26	2.0
24	30	1.0
25	8	1.0
25	13	2.0
25	16	3.0
25	18	1.0
25	21	1.0
25	22	3.0
25	23	1.0
25	24	2.0
25	25	177.0
25	26	4.0
25	27	1.0
26	11	1.0
26	12	2.0
26	13	3.0
26	14	1.0
26	22	2.0
26	23	1.0
26	24	2.0
26	25	1.0
26	26	221.0
26	103	1.0
27	4	2.0
27	13	1.0
27	14	1.0
27	24	1.0
27	27	212.0
27	28	2.0
27	31	1.0
28	12	1.0
28	13	1.0
28	27	3.0
28	28	211.0
28	29	2.0
28	31	1.0
29	13	1.0
29	14	1.0
29	16	2.0
29	17	2.0
29	18	1.0
29	21	1.0
29	27	3.0
29	28	4.0
29	29	181.0
29	32	2.0
29	33	1.0
29	68	1.0
30	2	1.0
30	17	1.0
30	22	2.0
30	28	1.0
30	30	208.0
30	31	1.0
31	12	1.0
31	16	1.0
31	26	1.0
31	29	1.0
31	30	2.0
31	31	218.0
32	9	1.0
32	27	2.0
32	29	2.0
32	30	1.0
32	31	3.0
32	32	184.0
32	34	1.0
32	35	1.0
32	38	1.0
32	44	1.0
33	27	1.0
33	29	1.0
33	31	1.0
33	32	1.0
33	33	203.0
33	34	1.0
33	35	2.0
33	36	1.0
33	114	1.0
34	33	2.0
34	34	205.0
34	36	1.0
35	6	1.0
35	34	2.0
35	35	252.0
35	103	2.0
35	127	1.0
36	3	1.0
36	33	1.0
36	36	235.0
36	37	3.0
36	111	2.0
37	1	1.0
37	14	1.0
37	36	3.0
37	37	234.0
37	38	1.0
38	30	1.0
38	32	1.0
38	37	2.0
38	38	168.0
39	16	1.0
39	39	14.0
40	40	3.0
40	47	1.0
41	41	3.0
43	40	2.0
43	43	8.0
44	44	26.0
45	45	6.0
46	46	4.0
47	47	1.0
65	75	1.0
66	4	1.0
66	32	1.0
66	45	1.0
66	66	32.0
66	68	2.0
66	87	1.0
67	33	1.0
67	67	10.0
68	32	1.0
68	45	1.0
68	68	62.0
68	80	1.0
68	90	1.0
69	69	16.0
70	69	1.0
70	70	5.0
71	2	1.0
71	71	239.0
71	72	5.0
71	74	1.0
71	75	1.0
71	79	2.0
71	142	1.0
72	71	1.0
72	72	194.0
72	73	3.0
72	74	1.0
72	76	2.0
72	78	2.0
73	1	1.0
73	71	1.0
73	72	4.0
73	73	200.0
73	78	1.0
73	84	1.0
73	86	2.0
73	127	1.0
74	25	1.0
74	71	2.0
74	73	2.0
74	74	196.0
74	75	2.0
74	76	4.0
74	77	1.0
74	78	1.0
74	103	1.0
74	107	1.0
75	74	1.0
75	75	191.0
75	76	2.0
75	77	2.0
75	78	1.0
75	103	2.0
75	105	2.0
75	107	1.0
76	75	1.0
76	76	190.0
76	77	2.0
76	78	1.0
76	104	4.0
77	74	1.0
77	77	223.0
77	78	1.0
77	104	1.0
77	105	1.0
77	119	1.0
78	10	1.0
78	40	1.0
78	72	1.0
78	75	1.0
78	76	2.0
78	78	207.0
78	84	2.0
78	85	3.0
79	35	1.0
79	70	1.0
79	71	2.0
79	72	1.0
79	74	1.0
79	76	1.0
79	77	1.0
79	79	225.0
79	80	1.0
79	85	1.0
79	90	1.0
79	118	1.0
80	79	1.0
80	80	213.0
80	82	1.0
80	83	2.0
81	73	1.0
81	80	1.0
81	81	186.0
81	82	1.0
81	83	2.0
81	84	3.0
81	85	1.0
81	122	1.0
82	79	1.0
82	80	1.0
82	81	1.0
82	82	199.0
82	83	3.0
82	86	1.0
82	89	1.0
82	107	2.0
83	79	1.0
83	80	1.0
83	81	1.0
83	82	1.0
83	83	218.0
83	84	3.0
83	85	2.0
84	72	2.0
84	79	1.0
84	80	1.0
84	81	4.0
84	82	1.0
84	83	1.0
84	84	202.0
84	85	4.0
85	73	3.0
85	78	1.0
85	82	3.0
85	84	1.0
85	85	232.0
85	86	2.0
86	73	3.0
86	74	1.0
86	75	1.0
86	77	1.0
86	82	1.0
86	86	202.0
86	94	1.0
87	68	1.0
87	79	2.0
87	87	226.0
87	88	1.0
87	89	2.0
87	101	1.0
87	102	1.0
87	115	1.0
87	121	1.0
87	142	1.0
88	87	5.0
88	88	201.0
88	89	2.0
88	93	1.0
88	101	1.0
89	20	1.0
89	89	217.0
89	90	1.0
89	91	2.0
89	113	1.0
89	115	2.0
90	6	1.0
90	88	1.0
90	90	218.0
90	96	1.0
90	121	1.0
90	131	1.0
91	83	1.0
91	90	3.0
91	91	229.0
91	92	1.0
91	93	2.0
91	94	2.0
91	115	1.0
91	122	1.0
92	88	1.0
92	91	1.0
92	92	170.0
92	93	2.0
92	109	2.0
92	111	1.0
92	121	1.0
92	122	1.0
93	90	1.0
93	92	2.0
93	93	238.0
93	94	1.0
93	120	1.0
93	123	1.0
94	37	1.0
94	86	2.0
94	94	249.0
94	117	1.0
94	119	1.0
94	121	1.0
94	127	3.0
95	94	2.0
95	95	215.0
95	96	1.0
95	99	2.0
95	115	1.0
95	125	1.0
95	127	1.0
95	129	1.0
95	131	1.0
96	21	1.0
96	95	3.0
96	96	251.0
96	98	1.0
96	99	1.0
96	125	2.0
96	129	1.0
96	132	1.0
97	96	1.0
97	97	221.0
97	99	3.0
97	112	1.0
97	130	1.0
97	132	1.0
98	98	196.0
98	99	2.0
98	112	1.0
99	33	1.0
99	98	5.0
99	99	204.0
99	103	1.0
100	90	1.0
100	97	2.0
100	100	247.0
100	116	1.0
100	118	1.0
101	86	1.0
101	87	1.0
101	88	1.0
101	94	1.0
101	101	242.0
101	102	1.0
101	103	2.0
101	104	1.0
101	114	2.0
101	117	1.0
102	87	1.0
102	88	1.0
102	91	1.0
102	102	224.0
102	103	1.0
102	104	2.0
103	74	1.0
103	100	1.0
103	101	3.0
103	103	215.0
103	104	3.0
104	75	3.0
104	103	2.0
104	104	203.0
104	105	2.0
104	106	3.0
104	107	1.0
105	75	2.0
105	103	1.0
105	104	1.0
105	105	175.0
105	106	4.0
105	107	1.0
106	78	2.0
106	103	1.0
106	104	1.0
106	106	188.0
106	107	1.0
107	6	1.0
107	9	2.0
107	82	1.0
107	103	2.0
107	105	2.0
107	106	2.0
107	107	196.0
107	108	4.0
108	6	1.0
108	35	1.0
108	91	1.0
108	108	201.0
108	110	1.0
108	111	1.0
108	112	1.0
109	108	1.0
109	109	260.0
109	110	3.0
109	111	1.0
109	112	2.0
109	120	1.0
109	121	1.0
110	98	1.0
110	99	1.0
110	109	3.0
110	110	242.0
110	111	3.0
110	112	1.0
110	127	1.0
111	36	1.0
111	71	1.0
111	108	1.0
111	110	2.0
111	111	211.0
111	113	1.0
111	114	2.0
112	1	1.0
112	109	1.0
112	111	2.0
112	112	224.0
112	113	2.0
112	114	2.0
112	115	1.0
112	116	2.0
112	118	1.0
113	112	1.0
113	113	220.0
113	114	2.0
114	89	1.0
114	110	1.0
114	112	3.0
114	113	1.0
114	114	218.0
114	115	1.0
114	118	1.0
114	119	1.0
114	127	1.0
115	94	1.0
115	113	2.0
115	114	1.0
115	115	185.0
115	116	1.0
115	117	1.0
115	127	1.0
116	105	2.0
116	112	1.0
116	113	1.0
116	115	2.0
116	116	250.0
116	117	2.0
117	2	1.0
117	94	1.0
117	100	1.0
117	102	1.0
117	115	1.0
117	117	268.0
117	118	2.0
117	127	1.0
118	115	1.0
118	116	1.0
118	117	5.0
118	118	214.0
118	119	2.0
118	120	1.0
119	101	1.0
119	109	1.0
119	118	1.0
119	119	229.0
119	122	1.0
120	119	1.0
120	120	187.0
120	121	2.0
121	91	1.0
121	92	1.0
121	94	1.0
121	118	1.0
121	120	3.0
121	121	204.0
121	122	1.0
121	123	1.0
122	90	1.0
122	92	2.0
122	93	1.0
122	100	1.0
122	119	1.0
122	121	5.0
122	122	214.0
122	140	1.0
123	93	1.0
123	96	1.0
123	122	1.0
123	123	237.0
123	124	1.0
123	127	1.0
123	129	1.0
124	124	249.0
124	125	3.0
124	126	3.0
124	127	1.0
124	129	3.0
125	95	2.0
125	96	1.0
125	123	1.0
125	125	220.0
125	126	2.0
125	128	3.0
126	95	1.0
126	124	1.0
126	125	2.0
126	126	257.0
126	133	1.0
127	94	1.0
127	110	1.0
127	115	4.0
127	117	1.0
127	118	1.0
127	123	2.0
127	126	1.0
127	127	218.0
127	128	1.0
128	97	1.0
128	123	1.0
128	127	1.0
128	128	242.0
128	129	1.0
129	95	1.0
129	124	1.0
129	125	1.0
129	128	4.0
129	129	220.0
129	130	1.0
129	131	1.0
130	97	1.0
130	129	1.0
130	130	228.0
130	131	1.0
131	130	2.0
131	131	210.0
132	125	1.0
132	129	4.0
132	132	235.0
132	133	3.0
133	112	1.0
133	124	1.0
133	132	1.0
133	133	202.0
134	16	1.0
134	80	1.0
134	134	224.0
134	135	1.0
135	134	4.0
135	135	231.0
136	136	229.0
136	137	1.0
136	138	1.0
137	135	1.0
137	137	223.0
137	138	1.0
138	136	1.0
138	138	232.0
138	140	2.0
139	131	2.0
139	137	2.0
139	138	1.0
139	139	249.0
140	81	1.0
140	138	3.0
140	139	2.0
140	140	233.0
141	141	4.0
142	1	2.0
142	71	1.0
142	142	173.0
