20	20	198.0
20	21	2.0
20	22	13.0
20	23	1.0
20	24	3.0
20	25	1.0
20	37	1.0
20	38	3.0
20	39	4.0
20	54	10.0
20	55	2.0
20	61	1.0
20	68	2.0
20	97	1.0
20	100	3.0
21	21	40.0
21	22	4.0
21	24	6.0
21	37	1.0
21	39	1.0
21	92	1.0
22	22	309.0
22	23	10.0
22	24	3.0
22	25	3.0
22	37	1.0
22	38	1.0
22	39	4.0
22	41	2.0
22	50	1.0
22	51	1.0
22	53	1.0
22	55	1.0
22	63	1.0
22	94	1.0
22	99	2.0
23	23	217.0
23	24	11.0
23	25	15.0
23	27	2.0
23	29	2.0
23	38	9.0
23	39	6.0
23	40	6.0
23	41	3.0
23	50	2.0
23	51	7.0
23	52	1.0
23	53	1.0
23	101	1.0
24	24	329.0
24	25	20.0
24	26	2.0
24	27	1.0
24	28	6.0
24	29	12.0
24	38	2.0
24	39	3.0
24	40	6.0
24	50	1.0
24	53	3.0
24	54	8.0
24	55	11.0
24	56	5.0
24	86	1.0
24	97	4.0
24	99	1.0
24	101	1.0
25	25	457.0
25	26	27.0
25	29	6.0
25	30	3.0
25	33	1.0
25	34	7.0
25	38	1.0
25	41	3.0
25	42	1.0
25	45	1.0
25	46	1.0
25	50	2.0
25	52	3.0
25	53	3.0
25	54	8.0
25	55	15.0
25	66	1.0
25	70	1.0
25	95	4.0
25	96	6.0
25	97	8.0
25	98	4.0
26	26	452.0
26	27	13.0
26	28	1.0
26	35	1.0
26	41	1.0
26	45	1.0
26	51	2.0
26	55	1.0
26	56	8.0
26	57	6.0
26	73	1.0
26	95	1.0
26	97	6.0
27	27	465.0
27	28	11.0
27	29	13.0
27	30	3.0
27	32	3.0
27	33	5.0
27	34	2.0
27	55	2.0
27	56	14.0
27	57	3.0
27	60	4.0
27	61	1.0
27	69	1.0
27	71	1.0
27	72	1.0
27	101	1.0
28	28	239.0
28	29	8.0
28	30	8.0
28	32	1.0
28	33	2.0
28	34	1.0
28	35	2.0
28	36	4.0
28	37	4.0
28	38	1.0
28	39	3.0
28	49	1.0
28	52	2.0
28	53	5.0
28	54	1.0
28	55	2.0
28	56	14.0
28	57	5.0
28	60	1.0
28	71	1.0
28	72	2.0
28	79	1.0
29	29	376.0
29	30	8.0
29	31	6.0
29	32	12.0
29	33	1.0
29	34	2.0
29	41	7.0
29	42	1.0
29	43	1.0
29	45	1.0
29	50	1.0
29	52	15.0
29	53	4.0
29	54	10.0
29	55	11.0
29	57	1.0
29	70	2.0
29	71	8.0
29	72	14.0
29	74	4.0
30	30	188.0
30	31	13.0
30	32	3.0
30	34	1.0
30	38	2.0
30	45	7.0
30	46	1.0
30	47	1.0
30	52	1.0
30	53	9.0
30	56	1.0
30	57	1.0
30	61	1.0
30	62	1.0
30	69	1.0
30	70	6.0
30	71	3.0
30	72	5.0
30	74	5.0
30	101	1.0
31	31	431.0
31	32	19.0
31	34	3.0
31	45	9.0
31	46	10.0
31	47	2.0
31	48	9.0
31	55	1.0
31	57	1.0
31	70	2.0
31	72	3.0
31	73	2.0
31	76	2.0
31	77	3.0
31	78	1.0
31	80	1.0
31	81	7.0
32	32	210.0
32	33	5.0
32	35	1.0
32	36	2.0
32	45	1.0
32	46	1.0
32	47	2.0
32	48	12.0
32	50	1.0
32	53	1.0
32	72	14.0
32	73	4.0
32	78	1.0
32	94	2.0
32	95	1.0
32	100	1.0
33	33	447.0
33	34	12.0
33	35	15.0
33	36	1.0
33	46	3.0
33	47	5.0
33	49	4.0
33	50	1.0
33	54	14.0
33	55	2.0
33	64	1.0
33	71	1.0
33	72	1.0
33	87	6.0
33	88	3.0
33	93	2.0
33	94	13.0
33	95	17.0
33	96	10.0
33	97	3.0
33	102	1.0
34	34	410.0
34	35	9.0
34	40	1.0
34	45	4.0
34	46	3.0
34	47	1.0
34	54	4.0
34	55	1.0
34	70	6.0
34	94	3.0
34	95	2.0
34	96	10.0
34	97	8.0
34	98	1.0
34	99	3.0
34	101	1.0
35	35	403.0
35	36	20.0
35	42	1.0
35	47	2.0
35	49	4.0
35	50	12.0
35	51	5.0
35	54	1.0
35	66	3.0
35	69	1.0
35	84	1.0
35	86	2.0
35	88	2.0
35	89	3.0
35	90	1.0
35	93	2.0
35	94	8.0
35	95	4.0
35	96	12.0
35	97	5.0
35	98	7.0
36	36	389.0
36	37	15.0
36	38	4.0
36	41	3.0
36	42	1.0
36	49	2.0
36	50	16.0
36	51	2.0
36	59	1.0
36	73	1.0
36	84	1.0
36	85	1.0
36	86	2.0
36	88	3.0
36	89	2.0
36	96	1.0
36	97	6.0
36	98	11.0
36	99	2.0
36	100	3.0
37	37	418.0
37	38	7.0
37	39	11.0
37	40	8.0
37	41	3.0
37	48	1.0
37	49	5.0
37	50	2.0
37	51	1.0
37	52	1.0
37	53	2.0
37	54	6.0
37	86	1.0
37	97	2.0
37	98	10.0
37	99	6.0
37	100	2.0
38	38	428.0
38	39	18.0
38	40	3.0
38	41	2.0
38	50	2.0
38	52	3.0
38	53	6.0
38	67	1.0
38	69	1.0
38	92	1.0
38	93	1.0
38	94	1.0
38	100	3.0
39	39	435.0
39	40	23.0
39	43	1.0
39	46	2.0
39	53	3.0
39	54	8.0
39	62	1.0
39	100	5.0
39	102	1.0
40	40	461.0
40	41	5.0
40	42	2.0
40	43	1.0
40	44	14.0
40	49	7.0
40	50	13.0
40	51	4.0
40	52	2.0
40	53	2.0
40	59	1.0
40	77	1.0
40	98	1.0
40	99	4.0
40	100	3.0
40	101	1.0
40	102	1.0
41	41	443.0
41	42	40.0
41	43	22.0
41	44	8.0
41	45	6.0
41	51	14.0
41	52	18.0
41	54	1.0
41	55	5.0
41	67	1.0
41	68	2.0
41	69	1.0
41	71	1.0
41	73	5.0
41	76	2.0
41	84	1.0
41	85	3.0
41	86	3.0
41	94	1.0
41	96	1.0
42	42	518.0
42	43	38.0
42	44	6.0
42	45	1.0
42	49	1.0
42	51	1.0
42	52	6.0
42	61	1.0
42	63	1.0
42	66	1.0
42	72	2.0
42	80	1.0
42	82	2.0
42	84	5.0
42	85	17.0
42	86	3.0
42	89	2.0
42	101	2.0
43	43	402.0
43	44	2.0
43	45	3.0
43	52	2.0
43	56	1.0
43	57	3.0
43	61	1.0
43	73	2.0
43	75	1.0
43	83	6.0
43	84	10.0
43	94	1.0
43	95	1.0
44	44	397.0
44	45	21.0
44	46	10.0
44	49	5.0
44	50	4.0
44	51	2.0
44	52	1.0
44	58	1.0
44	59	1.0
44	75	1.0
44	80	2.0
44	81	2.0
44	82	5.0
44	83	3.0
44	84	7.0
44	85	9.0
44	86	1.0
44	89	1.0
44	90	1.0
45	45	393.0
45	46	26.0
45	47	2.0
45	49	3.0
45	57	8.0
45	71	10.0
45	73	1.0
45	74	1.0
45	75	1.0
45	76	2.0
45	80	2.0
45	81	3.0
45	93	2.0
45	96	2.0
46	46	459.0
46	47	18.0
46	48	1.0
46	49	6.0
46	51	4.0
46	52	5.0
46	53	1.0
46	54	14.0
46	55	7.0
46	56	7.0
46	57	3.0
46	58	1.0
46	69	4.0
46	70	6.0
46	71	8.0
46	80	3.0
46	81	6.0
46	91	1.0
46	92	1.0
46	93	3.0
46	94	1.0
46	102	1.0
47	47	382.0
47	48	10.0
47	49	13.0
47	52	5.0
47	53	2.0
47	54	6.0
47	55	3.0
47	56	4.0
47	59	1.0
47	69	3.0
47	70	7.0
47	71	2.0
47	72	1.0
47	75	1.0
47	91	2.0
47	93	11.0
47	94	2.0
47	95	3.0
47	96	7.0
48	48	428.0
48	49	12.0
48	51	1.0
48	55	1.0
48	56	1.0
48	59	1.0
48	65	1.0
48	77	1.0
48	91	7.0
48	92	3.0
49	49	438.0
49	50	18.0
49	51	4.0
49	54	1.0
49	86	1.0
49	87	1.0
49	88	5.0
49	89	3.0
49	90	4.0
49	91	9.0
49	93	16.0
49	94	13.0
50	50	425.0
50	51	17.0
50	52	2.0
50	53	1.0
50	54	1.0
50	74	1.0
50	80	2.0
50	88	20.0
50	93	6.0
50	94	3.0
50	97	3.0
50	98	6.0
51	51	472.0
51	52	20.0
51	53	4.0
51	55	1.0
51	78	1.0
51	82	2.0
51	85	1.0
51	86	1.0
51	89	2.0
51	90	1.0
51	93	2.0
51	98	2.0
52	52	459.0
52	53	23.0
52	54	1.0
52	55	11.0
52	56	6.0
52	57	1.0
52	60	1.0
52	61	1.0
52	69	2.0
52	70	3.0
52	82	1.0
52	84	2.0
52	85	2.0
52	88	1.0
52	98	1.0
53	53	413.0
53	54	26.0
53	55	13.0
53	56	3.0
53	57	14.0
53	58	3.0
53	69	8.0
53	70	3.0
53	80	5.0
53	81	2.0
53	97	3.0
54	54	407.0
54	55	20.0
54	56	2.0
54	69	1.0
54	70	6.0
54	71	4.0
54	72	1.0
54	80	1.0
54	97	3.0
54	98	1.0
55	55	401.0
55	56	11.0
55	57	8.0
55	71	1.0
55	79	1.0
55	80	1.0
55	96	1.0
55	97	17.0
55	98	3.0
56	56	435.0
56	57	28.0
56	60	2.0
56	70	4.0
56	71	2.0
57	57	494.0
57	58	14.0
57	60	8.0
57	61	1.0
57	64	1.0
57	68	1.0
57	69	10.0
57	70	3.0
57	71	1.0
57	74	1.0
57	83	1.0
57	86	1.0
58	58	470.0
58	59	27.0
58	60	18.0
58	62	6.0
58	65	7.0
58	66	5.0
58	68	1.0
58	69	20.0
58	77	2.0
58	80	6.0
58	81	18.0
58	83	3.0
58	96	1.0
59	59	386.0
59	60	9.0
59	61	1.0
59	62	5.0
59	65	1.0
59	66	2.0
59	67	1.0
59	68	5.0
59	69	4.0
59	80	1.0
59	83	4.0
59	84	13.0
60	60	421.0
60	61	9.0
60	62	11.0
60	63	2.0
60	64	1.0
60	66	5.0
60	67	3.0
60	68	1.0
60	76	1.0
60	77	2.0
60	79	7.0
60	80	7.0
60	83	2.0
60	84	3.0
60	86	6.0
60	97	1.0
61	61	446.0
61	62	28.0
61	63	24.0
61	64	3.0
61	65	1.0
61	76	1.0
61	77	2.0
61	85	8.0
61	86	8.0
61	87	9.0
61	88	3.0
61	89	1.0
61	90	4.0
61	91	7.0
61	92	20.0
61	93	5.0
61	94	8.0
61	95	1.0
61	97	3.0
61	98	2.0
62	62	447.0
62	63	27.0
62	64	2.0
62	65	2.0
62	74	2.0
62	85	3.0
62	86	3.0
62	87	10.0
62	88	5.0
62	90	1.0
62	91	6.0
62	92	2.0
62	93	8.0
62	94	8.0
62	97	1.0
63	63	449.0
63	64	32.0
63	72	1.0
63	77	2.0
63	78	1.0
63	85	3.0
63	86	7.0
63	87	3.0
63	88	15.0
63	89	2.0
63	90	7.0
63	91	1.0
63	92	1.0
63	94	3.0
63	95	1.0
63	96	1.0
64	64	434.0
64	65	9.0
64	76	1.0
64	77	2.0
64	78	12.0
64	79	1.0
64	85	1.0
64	87	7.0
64	88	12.0
64	90	7.0
64	91	1.0
64	94	1.0
64	95	1.0
64	98	2.0
65	65	456.0
65	66	8.0
65	68	6.0
65	69	4.0
65	70	3.0
65	73	2.0
65	74	2.0
65	76	7.0
65	77	7.0
65	78	10.0
65	80	3.0
65	81	1.0
65	85	4.0
65	86	2.0
65	87	1.0
65	90	1.0
65	91	1.0
65	94	5.0
65	95	2.0
65	96	1.0
65	97	2.0
66	66	485.0
66	67	29.0
66	68	12.0
66	69	2.0
66	72	1.0
66	75	1.0
66	77	16.0
66	78	1.0
66	79	10.0
66	80	1.0
66	83	1.0
66	84	4.0
66	85	9.0
66	94	1.0
66	99	1.0
67	67	431.0
67	68	11.0
67	79	1.0
67	80	10.0
67	81	8.0
67	82	5.0
67	83	3.0
67	84	2.0
68	68	477.0
68	69	16.0
68	70	2.0
68	71	3.0
68	73	3.0
68	74	3.0
68	76	2.0
68	77	1.0
68	78	7.0
68	80	17.0
68	81	4.0
68	82	4.0
68	83	3.0
68	84	1.0
68	89	1.0
69	69	460.0
69	70	30.0
69	71	13.0
69	73	2.0
69	74	1.0
69	75	11.0
69	76	1.0
69	77	1.0
69	78	2.0
69	79	4.0
69	80	2.0
69	81	3.0
70	70	505.0
70	71	13.0
70	72	4.0
70	75	5.0
70	76	6.0
70	101	4.0
71	71	447.0
71	72	6.0
71	74	4.0
71	75	15.0
71	76	7.0
71	78	1.0
71	79	2.0
71	84	1.0
71	85	1.0
71	96	1.0
72	72	457.0
72	73	9.0
72	74	23.0
72	75	11.0
72	76	7.0
72	77	1.0
72	78	2.0
72	81	3.0
72	85	1.0
73	73	443.0
73	74	13.0
73	75	12.0
73	76	4.0
73	77	7.0
73	78	8.0
73	80	1.0
74	74	492.0
74	75	15.0
74	76	1.0
74	77	1.0
74	85	2.0
75	75	453.0
75	76	2.0
75	78	1.0
75	84	1.0
75	85	1.0
75	86	3.0
75	94	1.0
76	76	424.0
76	77	10.0
76	78	9.0
76	79	13.0
76	80	20.0
76	81	13.0
76	82	1.0
76	83	3.0
76	85	4.0
76	86	3.0
76	95	9.0
76	97	2.0
76	98	9.0
77	77	438.0
77	78	13.0
77	79	6.0
77	80	4.0
77	81	1.0
77	83	2.0
77	86	1.0
77	94	1.0
77	95	6.0
77	98	1.0
78	78	441.0
78	79	15.0
78	80	6.0
78	81	3.0
78	86	1.0
78	95	1.0
79	79	463.0
79	80	25.0
79	81	2.0
79	83	4.0
79	84	2.0
80	80	436.0
80	81	37.0
80	82	3.0
80	83	5.0
80	84	1.0
80	94	2.0
80	98	1.0
81	81	478.0
81	82	19.0
81	83	9.0
81	84	1.0
81	91	1.0
81	101	1.0
82	82	255.0
82	83	3.0
82	84	7.0
83	83	346.0
83	84	13.0
83	85	1.0
84	84	395.0
84	85	5.0
85	85	379.0
85	86	6.0
85	88	1.0
85	89	1.0
85	90	7.0
85	98	1.0
85	102	1.0
86	86	394.0
86	87	24.0
86	88	17.0
86	89	10.0
86	90	2.0
86	92	8.0
86	93	5.0
86	94	5.0
86	96	2.0
87	87	456.0
87	88	31.0
87	89	1.0
87	90	16.0
87	91	7.0
87	92	8.0
87	93	4.0
87	94	7.0
87	95	1.0
87	97	2.0
88	88	475.0
88	89	18.0
88	90	6.0
88	91	2.0
88	92	6.0
88	93	9.0
88	94	5.0
88	97	1.0
88	98	1.0
89	89	487.0
89	90	14.0
89	91	1.0
89	92	5.0
89	93	1.0
90	90	429.0
90	91	17.0
90	92	5.0
90	93	3.0
90	94	11.0
90	95	10.0
91	91	455.0
91	92	13.0
91	93	23.0
91	94	5.0
91	96	11.0
91	99	1.0
92	92	465.0
92	93	7.0
92	95	1.0
92	99	1.0
93	93	452.0
93	94	15.0
93	95	2.0
93	96	4.0
93	97	2.0
93	98	1.0
94	94	421.0
94	95	27.0
94	96	7.0
94	97	13.0
94	98	1.0
94	99	2.0
95	95	418.0
95	96	31.0
95	97	12.0
95	98	1.0
96	96	438.0
96	97	11.0
96	98	2.0
97	97	414.0
97	98	24.0
98	98	444.0
98	99	23.0
98	100	3.0
98	101	3.0
98	102	1.0
99	99	457.0
99	100	15.0
100	100	414.0
100	101	17.0
100	102	5.0
101	101	474.0
101	102	14.0
102	102	184.0
