1	1	635.0
1	2	26.0
1	3	23.0
1	4	12.0
1	16	1.0
1	21	1.0
1	85	1.0
1	96	1.0
1	106	1.0
1	124	1.0
2	2	581.0
2	3	12.0
2	4	1.0
2	9	1.0
2	11	5.0
2	12	14.0
2	13	3.0
2	15	4.0
2	20	1.0
2	25	1.0
2	35	1.0
2	36	1.0
2	99	1.0
2	110	1.0
2	117	1.0
3	3	567.0
3	4	30.0
3	5	4.0
3	11	3.0
3	12	9.0
3	13	5.0
3	15	5.0
3	16	2.0
3	18	1.0
3	19	1.0
3	113	1.0
3	114	1.0
3	117	1.0
3	131	2.0
4	4	567.0
4	5	18.0
4	6	1.0
4	9	1.0
4	11	1.0
4	12	11.0
4	14	1.0
4	27	1.0
4	34	2.0
4	102	1.0
4	114	1.0
5	5	479.0
5	6	13.0
5	7	3.0
5	8	2.0
5	9	3.0
5	10	2.0
5	12	10.0
5	30	1.0
5	68	1.0
5	76	1.0
5	81	1.0
5	90	1.0
5	131	1.0
5	140	1.0
6	6	479.0
6	7	25.0
6	8	14.0
6	9	8.0
6	10	2.0
6	11	1.0
6	24	1.0
6	35	6.0
6	36	9.0
6	67	1.0
6	77	1.0
6	122	1.0
7	7	571.0
7	8	51.0
7	9	34.0
7	11	8.0
7	12	6.0
7	13	3.0
7	14	4.0
7	16	1.0
7	17	5.0
7	20	2.0
7	27	1.0
7	35	11.0
7	36	7.0
7	37	1.0
7	93	3.0
8	8	517.0
8	9	55.0
8	11	1.0
8	12	2.0
8	13	15.0
8	14	15.0
8	27	2.0
8	33	3.0
8	35	2.0
8	36	1.0
8	120	1.0
8	122	1.0
8	127	1.0
9	9	477.0
9	10	3.0
9	11	12.0
9	12	6.0
9	13	4.0
9	25	1.0
9	28	4.0
9	31	2.0
9	33	2.0
9	35	8.0
9	65	1.0
9	84	1.0
10	10	498.0
10	11	18.0
10	12	8.0
10	13	1.0
10	14	14.0
10	15	2.0
10	16	1.0
10	17	4.0
10	19	2.0
10	20	18.0
10	21	8.0
10	26	12.0
10	27	1.0
10	28	3.0
10	29	1.0
10	31	11.0
10	32	2.0
10	35	20.0
10	37	1.0
10	46	1.0
10	68	1.0
10	76	1.0
10	95	1.0
10	120	1.0
11	11	487.0
11	12	32.0
11	13	6.0
11	14	12.0
11	15	19.0
11	16	17.0
11	17	5.0
11	20	1.0
11	21	1.0
11	26	12.0
11	35	6.0
11	36	2.0
11	73	1.0
11	74	1.0
11	85	1.0
12	12	482.0
12	13	19.0
12	14	27.0
12	15	4.0
12	16	6.0
12	17	9.0
12	21	5.0
12	22	1.0
12	25	2.0
12	26	3.0
12	29	1.0
12	35	4.0
12	134	1.0
13	13	527.0
13	14	61.0
13	15	8.0
13	18	1.0
13	21	1.0
13	25	2.0
13	26	10.0
13	35	3.0
13	68	1.0
13	90	1.0
13	134	1.0
14	14	545.0
14	15	12.0
14	16	8.0
14	17	2.0
14	19	1.0
14	20	2.0
14	21	10.0
14	24	2.0
14	25	1.0
14	26	6.0
14	35	8.0
14	83	1.0
14	87	1.0
14	116	1.0
14	129	1.0
14	140	1.0
15	15	543.0
15	16	12.0
15	17	1.0
15	19	10.0
15	20	1.0
15	21	8.0
15	23	1.0
15	24	4.0
15	25	6.0
15	26	24.0
15	27	2.0
15	28	1.0
15	30	1.0
15	74	1.0
15	93	1.0
16	16	580.0
16	17	16.0
16	19	1.0
16	20	5.0
16	21	8.0
16	24	9.0
16	25	2.0
16	26	17.0
16	27	8.0
16	73	1.0
16	83	1.0
16	110	1.0
17	17	520.0
17	18	14.0
17	19	9.0
17	20	6.0
17	21	7.0
17	22	8.0
17	23	5.0
17	24	2.0
17	27	24.0
17	30	1.0
17	32	1.0
17	33	4.0
17	34	1.0
17	36	1.0
17	105	2.0
17	121	1.0
18	18	604.0
18	19	33.0
18	20	13.0
18	21	9.0
18	22	11.0
18	23	26.0
18	24	8.0
18	26	1.0
18	27	6.0
18	28	1.0
18	29	1.0
18	32	16.0
18	35	2.0
18	36	1.0
18	37	5.0
18	38	2.0
18	66	1.0
18	68	1.0
19	19	546.0
19	20	38.0
19	21	9.0
19	22	2.0
19	23	7.0
19	24	2.0
19	27	1.0
19	32	2.0
19	33	2.0
19	34	6.0
19	35	11.0
19	36	3.0
19	37	1.0
19	38	1.0
19	39	1.0
19	46	1.0
19	66	1.0
19	101	1.0
19	133	1.0
20	20	576.0
20	21	20.0
20	22	17.0
20	23	7.0
20	24	1.0
20	35	20.0
20	37	1.0
20	39	3.0
20	70	1.0
20	91	1.0
20	96	1.0
20	113	1.0
20	132	1.0
21	21	535.0
21	22	9.0
21	23	2.0
21	24	2.0
21	25	1.0
21	26	6.0
21	27	6.0
21	28	1.0
21	29	2.0
21	30	5.0
21	35	10.0
21	36	1.0
21	37	1.0
21	38	3.0
21	43	2.0
21	70	1.0
21	106	1.0
21	111	1.0
21	133	1.0
22	22	558.0
22	23	21.0
22	24	14.0
22	27	2.0
22	28	10.0
22	29	2.0
22	30	7.0
22	31	13.0
22	38	1.0
22	44	2.0
22	46	1.0
22	69	1.0
22	86	1.0
22	92	1.0
22	118	1.0
23	23	532.0
23	24	35.0
23	25	3.0
23	26	7.0
23	27	1.0
23	28	19.0
23	29	12.0
23	30	16.0
23	31	21.0
23	32	9.0
23	38	1.0
23	39	3.0
23	68	1.0
23	77	1.0
23	91	1.0
23	114	1.0
23	120	1.0
24	24	507.0
24	25	29.0
24	26	25.0
24	28	9.0
24	29	4.0
24	30	13.0
24	31	8.0
24	32	1.0
24	68	5.0
24	73	1.0
24	128	1.0
24	134	1.0
25	25	481.0
25	26	11.0
25	28	1.0
25	29	1.0
25	30	2.0
25	103	1.0
25	116	1.0
25	129	1.0
26	26	547.0
26	27	12.0
26	29	6.0
26	30	4.0
26	32	7.0
26	85	1.0
26	101	3.0
26	123	1.0
26	135	1.0
27	27	555.0
27	28	37.0
27	29	20.0
27	30	23.0
27	31	28.0
27	32	10.0
27	33	20.0
27	37	1.0
27	38	3.0
27	83	1.0
28	28	501.0
28	29	19.0
28	30	18.0
28	31	26.0
28	32	13.0
28	33	24.0
28	34	4.0
28	36	13.0
28	38	4.0
28	138	1.0
28	140	1.0
29	29	494.0
29	30	22.0
29	31	35.0
29	32	20.0
29	33	5.0
29	34	2.0
29	37	1.0
29	38	9.0
29	39	1.0
29	83	1.0
29	85	1.0
29	104	1.0
30	30	448.0
30	31	15.0
30	32	6.0
30	33	11.0
30	34	1.0
30	36	2.0
30	37	2.0
30	38	7.0
30	39	1.0
30	68	1.0
30	118	1.0
30	122	1.0
31	31	486.0
31	32	42.0
31	33	6.0
31	36	1.0
31	94	1.0
31	97	1.0
31	105	1.0
31	109	1.0
32	32	554.0
32	33	4.0
32	34	6.0
32	36	7.0
32	37	10.0
32	66	1.0
32	72	1.0
32	75	1.0
32	83	1.0
32	106	2.0
32	129	1.0
33	33	544.0
33	34	35.0
33	36	4.0
33	37	11.0
33	38	5.0
33	106	1.0
34	34	569.0
34	35	18.0
34	36	6.0
34	37	5.0
34	38	2.0
34	83	1.0
34	97	1.0
34	115	1.0
34	126	1.0
34	129	1.0
34	132	1.0
35	35	591.0
35	36	16.0
35	98	1.0
35	136	2.0
36	36	588.0
36	37	8.0
36	38	4.0
36	119	1.0
37	37	581.0
37	38	6.0
37	104	1.0
37	111	1.0
37	112	1.0
37	127	1.0
38	38	480.0
38	39	2.0
38	40	2.0
38	46	1.0
38	66	1.0
38	131	1.0
39	39	33.0
39	43	2.0
39	82	1.0
39	86	1.0
39	99	1.0
40	40	17.0
40	43	1.0
40	71	2.0
40	103	1.0
40	112	1.0
40	119	3.0
40	120	2.0
40	121	1.0
41	41	5.0
41	44	2.0
41	66	2.0
42	42	3.0
42	44	1.0
42	67	2.0
42	69	2.0
42	71	1.0
42	90	1.0
42	119	1.0
42	123	1.0
43	43	19.0
43	44	1.0
43	65	1.0
43	68	1.0
43	73	1.0
43	107	1.0
43	115	1.0
44	44	73.0
44	45	1.0
44	46	1.0
44	83	1.0
44	85	4.0
44	86	1.0
44	119	1.0
45	45	15.0
45	66	1.0
45	68	2.0
45	85	1.0
45	104	1.0
46	46	3.0
46	87	1.0
47	47	2.0
47	65	1.0
65	65	1.0
66	66	133.0
66	67	1.0
66	68	23.0
66	69	3.0
66	71	1.0
66	81	1.0
66	84	1.0
66	86	2.0
66	87	1.0
66	88	1.0
66	99	1.0
66	107	2.0
66	110	1.0
66	117	1.0
66	118	1.0
66	120	2.0
66	122	2.0
66	123	2.0
66	128	1.0
67	67	18.0
67	78	1.0
67	89	1.0
67	90	3.0
67	92	1.0
67	100	1.0
67	105	1.0
67	118	1.0
67	120	1.0
67	121	2.0
68	68	121.0
68	69	2.0
68	71	1.0
68	78	1.0
68	87	1.0
68	88	2.0
68	89	2.0
68	92	1.0
68	93	1.0
68	94	1.0
68	96	3.0
68	122	1.0
68	129	1.0
69	69	45.0
69	78	1.0
69	84	1.0
69	87	1.0
69	88	1.0
69	90	1.0
69	120	1.0
70	70	21.0
70	71	1.0
70	72	1.0
70	86	1.0
70	91	1.0
70	95	1.0
70	104	1.0
70	107	2.0
70	115	1.0
70	121	3.0
70	122	2.0
71	71	559.0
71	72	5.0
71	73	6.0
71	79	10.0
71	80	7.0
71	81	4.0
71	88	20.0
71	89	3.0
71	90	1.0
71	91	8.0
71	92	6.0
71	93	4.0
71	94	4.0
71	95	1.0
71	98	1.0
71	99	1.0
71	100	6.0
71	103	2.0
71	116	2.0
71	117	2.0
71	118	19.0
71	119	33.0
71	120	7.0
71	121	6.0
71	122	5.0
71	123	18.0
71	124	1.0
71	127	1.0
71	132	1.0
71	136	1.0
72	72	505.0
72	73	31.0
72	74	23.0
72	75	6.0
72	77	7.0
72	78	8.0
72	79	6.0
72	80	12.0
72	81	1.0
72	86	3.0
72	87	2.0
72	88	1.0
72	92	2.0
72	93	7.0
72	94	10.0
72	95	3.0
72	96	6.0
72	104	12.0
72	106	1.0
72	107	11.0
72	111	1.0
72	116	11.0
72	117	14.0
72	118	4.0
72	119	7.0
72	123	1.0
72	137	1.0
73	73	531.0
73	74	35.0
73	75	33.0
73	76	3.0
73	77	4.0
73	78	35.0
73	79	3.0
73	80	6.0
73	81	6.0
73	82	2.0
73	86	3.0
73	87	2.0
73	88	8.0
73	94	1.0
73	100	2.0
73	104	4.0
73	105	8.0
73	106	2.0
73	108	1.0
73	117	28.0
73	118	19.0
73	119	8.0
73	120	3.0
73	121	3.0
73	123	1.0
74	74	542.0
74	75	44.0
74	76	5.0
74	77	16.0
74	78	17.0
74	79	8.0
74	80	18.0
74	81	22.0
74	82	4.0
74	84	1.0
74	89	1.0
74	105	2.0
74	106	1.0
74	107	1.0
74	117	20.0
74	118	16.0
74	119	6.0
74	121	7.0
75	75	531.0
75	76	38.0
75	77	35.0
75	78	4.0
75	79	29.0
75	80	28.0
75	81	13.0
75	82	4.0
75	83	3.0
75	84	9.0
75	86	7.0
75	93	1.0
75	94	1.0
75	105	2.0
75	109	3.0
75	117	1.0
75	123	1.0
76	76	499.0
76	77	28.0
76	78	11.0
76	79	7.0
76	81	12.0
76	82	7.0
76	83	5.0
76	84	6.0
76	86	3.0
76	88	1.0
76	97	2.0
76	101	1.0
76	106	13.0
76	107	12.0
76	108	7.0
76	109	37.0
76	110	2.0
76	111	1.0
77	77	490.0
77	78	21.0
77	79	18.0
77	80	17.0
77	81	1.0
77	82	1.0
77	84	1.0
77	86	14.0
77	88	1.0
77	100	1.0
77	104	1.0
77	105	3.0
77	106	5.0
77	107	6.0
77	108	11.0
77	109	3.0
77	116	1.0
77	117	2.0
77	118	2.0
77	126	1.0
77	134	1.0
78	78	528.0
78	79	7.0
78	80	1.0
78	81	2.0
78	84	2.0
78	86	4.0
78	87	1.0
78	93	2.0
78	104	2.0
78	105	3.0
78	106	23.0
78	107	4.0
78	108	4.0
78	109	11.0
78	117	18.0
78	118	18.0
78	119	2.0
78	120	3.0
78	121	4.0
78	125	1.0
79	79	599.0
79	80	15.0
79	81	10.0
79	82	2.0
79	84	2.0
79	86	2.0
79	88	5.0
79	91	1.0
79	92	1.0
79	94	3.0
79	98	1.0
79	107	2.0
79	108	4.0
79	116	1.0
79	117	1.0
79	118	2.0
79	119	20.0
79	129	1.0
79	138	1.0
80	80	510.0
80	81	14.0
80	82	3.0
80	87	6.0
80	88	3.0
80	92	10.0
80	94	4.0
80	105	1.0
80	107	1.0
80	109	5.0
80	117	2.0
80	121	1.0
80	122	8.0
80	123	11.0
81	81	544.0
81	82	51.0
81	83	1.0
81	84	12.0
81	85	7.0
81	87	1.0
81	93	1.0
81	96	1.0
81	118	4.0
81	119	1.0
81	120	14.0
81	121	17.0
81	123	6.0
81	132	1.0
82	82	559.0
82	83	32.0
82	84	17.0
82	85	22.0
82	95	1.0
82	109	1.0
82	120	2.0
82	123	1.0
82	136	1.0
83	83	495.0
83	84	42.0
83	85	56.0
83	86	16.0
83	87	6.0
83	96	1.0
83	100	1.0
83	120	2.0
83	123	2.0
84	84	580.0
84	85	44.0
84	86	4.0
84	87	7.0
84	88	2.0
84	90	3.0
84	105	2.0
84	106	1.0
84	117	1.0
84	119	1.0
84	120	5.0
84	121	4.0
84	135	1.0
85	85	572.0
85	86	17.0
85	87	3.0
85	107	1.0
85	117	1.0
85	121	1.0
85	139	1.0
86	86	549.0
86	87	14.0
86	88	2.0
86	96	2.0
86	99	1.0
86	104	9.0
86	105	5.0
86	106	21.0
86	107	13.0
86	108	2.0
86	119	4.0
86	120	1.0
86	124	1.0
86	126	1.0
86	132	1.0
86	133	1.0
87	87	623.0
87	88	30.0
87	90	1.0
87	91	5.0
87	92	11.0
87	93	2.0
87	94	21.0
87	95	2.0
87	104	10.0
87	105	4.0
87	106	3.0
87	107	6.0
87	108	3.0
87	118	5.0
87	119	2.0
87	122	1.0
87	126	1.0
88	88	497.0
88	89	7.0
88	90	4.0
88	91	6.0
88	92	4.0
88	93	1.0
88	94	15.0
88	95	10.0
88	96	2.0
88	100	5.0
88	104	2.0
88	109	1.0
88	116	1.0
88	118	14.0
88	119	15.0
88	131	1.0
88	138	1.0
89	89	615.0
89	90	2.0
89	91	1.0
89	93	18.0
89	94	3.0
89	95	8.0
89	96	1.0
89	98	13.0
89	99	2.0
89	118	2.0
89	119	4.0
89	120	12.0
89	121	8.0
89	122	9.0
89	123	1.0
89	127	1.0
89	131	1.0
90	90	494.0
90	91	26.0
90	92	3.0
90	93	9.0
90	94	1.0
90	97	1.0
90	107	1.0
90	115	3.0
90	116	1.0
90	117	1.0
90	122	5.0
90	125	1.0
91	91	592.0
91	92	20.0
91	93	12.0
91	95	2.0
91	101	1.0
91	104	1.0
91	105	2.0
91	107	2.0
91	113	1.0
91	114	1.0
91	115	2.0
91	116	6.0
91	118	1.0
91	119	1.0
91	121	1.0
91	122	6.0
91	124	1.0
91	129	1.0
91	137	1.0
92	92	463.0
92	93	15.0
92	94	6.0
92	96	5.0
92	104	1.0
92	114	1.0
92	116	8.0
92	118	12.0
92	119	7.0
92	120	1.0
92	124	5.0
92	133	1.0
92	138	1.0
93	93	547.0
93	94	24.0
93	95	5.0
93	96	13.0
93	104	2.0
93	105	5.0
93	106	3.0
93	110	1.0
93	113	1.0
93	116	14.0
93	117	5.0
93	118	9.0
93	119	4.0
93	120	3.0
93	121	5.0
93	132	1.0
94	94	578.0
94	95	16.0
94	96	4.0
94	98	1.0
94	104	1.0
94	105	2.0
94	106	1.0
94	107	3.0
94	114	2.0
94	116	7.0
94	117	4.0
94	118	4.0
94	119	8.0
94	120	2.0
94	121	1.0
94	137	1.0
95	95	551.0
95	96	12.0
95	97	3.0
95	98	1.0
95	102	1.0
95	104	6.0
95	107	4.0
95	108	5.0
95	109	1.0
95	111	1.0
95	113	1.0
95	117	4.0
95	120	3.0
95	129	1.0
95	136	1.0
95	140	1.0
96	96	583.0
96	98	4.0
96	99	1.0
96	102	1.0
96	108	1.0
96	109	3.0
96	111	8.0
96	112	1.0
96	113	1.0
96	116	10.0
96	117	1.0
96	118	8.0
96	119	1.0
96	122	2.0
96	123	1.0
96	128	1.0
96	140	2.0
97	97	481.0
97	98	37.0
97	99	16.0
97	100	10.0
97	101	28.0
97	102	1.0
97	105	1.0
97	112	6.0
97	116	1.0
97	117	13.0
97	118	6.0
97	121	8.0
97	122	16.0
98	98	605.0
98	99	12.0
98	101	3.0
98	110	3.0
98	112	10.0
98	115	1.0
98	117	2.0
98	118	5.0
98	119	2.0
98	120	26.0
98	121	9.0
98	122	5.0
98	134	1.0
99	99	454.0
99	100	13.0
99	102	4.0
99	103	2.0
99	112	11.0
99	113	4.0
99	114	1.0
99	116	9.0
99	117	18.0
99	118	4.0
99	120	3.0
99	121	1.0
99	123	2.0
100	100	619.0
100	101	26.0
100	102	11.0
100	113	1.0
100	114	1.0
100	116	6.0
100	122	2.0
100	124	3.0
100	130	1.0
100	131	1.0
100	135	1.0
101	101	627.0
101	102	11.0
101	103	14.0
101	104	1.0
101	105	5.0
101	113	1.0
101	119	1.0
101	121	4.0
101	122	2.0
101	137	1.0
102	102	553.0
102	103	19.0
102	104	10.0
102	105	13.0
102	106	2.0
102	110	6.0
102	112	2.0
102	113	6.0
102	114	12.0
102	120	1.0
103	103	489.0
103	104	25.0
103	105	4.0
103	108	1.0
103	111	4.0
103	112	3.0
103	114	2.0
103	120	1.0
104	104	534.0
104	105	16.0
104	106	3.0
104	107	15.0
104	112	1.0
104	115	3.0
104	117	3.0
104	118	6.0
104	119	1.0
104	120	1.0
105	105	477.0
105	106	25.0
105	107	10.0
105	110	1.0
105	111	1.0
105	114	1.0
105	116	1.0
105	117	5.0
105	118	10.0
105	119	5.0
105	126	1.0
106	106	486.0
106	107	26.0
106	108	4.0
106	109	3.0
106	110	24.0
106	111	8.0
106	118	2.0
106	121	1.0
107	107	561.0
107	108	29.0
107	109	8.0
107	110	23.0
107	111	12.0
107	114	1.0
107	119	2.0
108	108	527.0
108	109	40.0
108	110	10.0
108	111	7.0
108	115	12.0
108	118	1.0
108	120	4.0
109	109	549.0
109	110	36.0
109	111	15.0
109	115	1.0
109	117	1.0
109	126	1.0
110	110	574.0
110	111	34.0
110	113	2.0
110	114	12.0
110	115	4.0
110	137	1.0
111	111	516.0
111	112	9.0
111	114	5.0
111	115	1.0
112	112	571.0
112	113	5.0
112	114	9.0
112	117	1.0
112	121	1.0
112	137	1.0
113	113	489.0
113	114	27.0
113	115	7.0
113	116	1.0
113	130	1.0
114	114	480.0
114	115	23.0
114	127	1.0
115	115	559.0
115	116	7.0
115	122	5.0
115	123	3.0
116	116	606.0
116	117	16.0
116	118	1.0
116	119	1.0
116	120	1.0
116	122	1.0
116	123	1.0
116	124	8.0
116	137	1.0
116	139	1.0
117	117	570.0
117	118	44.0
117	119	9.0
117	120	4.0
117	121	8.0
117	122	5.0
117	123	1.0
117	124	1.0
117	138	1.0
118	118	522.0
118	119	36.0
118	120	10.0
118	121	13.0
118	122	3.0
118	141	1.0
119	119	538.0
119	120	31.0
119	121	30.0
119	123	8.0
119	131	3.0
119	133	1.0
119	138	1.0
120	120	586.0
120	121	27.0
120	123	5.0
120	129	1.0
121	121	558.0
121	122	8.0
121	131	1.0
122	122	598.0
122	123	35.0
122	138	1.0
123	123	606.0
123	124	8.0
123	130	5.0
124	124	638.0
124	125	16.0
124	126	2.0
124	127	6.0
124	128	5.0
124	129	15.0
124	130	34.0
124	131	1.0
124	133	2.0
124	134	1.0
124	136	1.0
125	125	550.0
125	126	39.0
125	127	11.0
125	128	35.0
125	129	24.0
125	133	1.0
125	137	8.0
126	126	659.0
126	127	21.0
126	128	8.0
126	129	6.0
126	133	1.0
126	137	4.0
126	138	7.0
126	140	1.0
127	127	620.0
127	128	16.0
127	129	11.0
127	134	2.0
127	137	10.0
127	138	14.0
128	128	590.0
128	129	55.0
128	130	13.0
128	133	9.0
128	134	1.0
128	135	1.0
128	136	1.0
128	137	11.0
128	138	5.0
128	139	1.0
129	129	661.0
129	130	25.0
129	131	3.0
129	133	1.0
129	134	2.0
129	137	19.0
129	138	1.0
129	139	2.0
129	140	1.0
130	130	724.0
130	131	18.0
130	132	7.0
130	133	2.0
130	134	4.0
130	136	17.0
130	137	6.0
130	138	2.0
130	139	20.0
130	140	12.0
131	131	677.0
131	132	57.0
131	133	11.0
131	134	24.0
131	135	5.0
131	136	28.0
131	137	5.0
131	139	10.0
131	140	22.0
131	141	1.0
132	132	673.0
132	133	21.0
132	134	16.0
132	135	8.0
132	136	17.0
132	140	8.0
133	133	565.0
133	134	15.0
133	135	6.0
133	136	9.0
133	138	1.0
133	140	4.0
134	134	642.0
134	135	34.0
134	137	1.0
134	138	7.0
134	139	5.0
134	140	15.0
134	141	1.0
135	135	679.0
135	136	4.0
135	137	5.0
135	138	14.0
135	139	8.0
135	140	10.0
135	141	1.0
136	136	644.0
136	137	7.0
136	138	10.0
136	139	6.0
136	140	11.0
137	137	654.0
137	138	15.0
137	139	16.0
137	140	7.0
138	138	619.0
138	139	12.0
138	140	11.0
139	139	643.0
139	140	22.0
140	140	735.0
140	141	4.0
141	141	24.0
142	1	32.0
142	2	5.0
142	3	23.0
142	4	1.0
142	8	1.0
142	9	1.0
142	16	1.0
142	17	1.0
142	70	1.0
142	85	1.0
142	86	2.0
142	94	1.0
142	116	1.0
142	142	500.0
