1	1	630.0
1	2	25.0
1	3	12.0
1	4	1.0
1	6	7.0
1	9	10.0
1	10	4.0
1	17	3.0
1	20	2.0
1	21	1.0
1	30	1.0
1	38	1.0
1	109	1.0
1	115	1.0
1	129	1.0
2	2	709.0
2	3	19.0
2	6	15.0
2	8	1.0
2	9	6.0
2	10	6.0
2	13	2.0
2	16	2.0
2	17	1.0
2	25	1.0
2	60	1.0
2	61	1.0
2	70	1.0
2	73	1.0
2	99	1.0
3	3	433.0
3	4	5.0
3	6	12.0
3	8	2.0
3	9	3.0
3	12	2.0
3	13	1.0
3	16	2.0
3	17	1.0
3	18	3.0
3	20	2.0
3	21	1.0
3	23	4.0
3	24	2.0
3	28	4.0
3	30	5.0
3	31	3.0
3	32	1.0
3	43	1.0
3	56	1.0
3	67	1.0
3	102	2.0
3	104	1.0
3	106	3.0
3	125	2.0
4	4	446.0
4	5	19.0
4	13	4.0
4	14	1.0
4	15	11.0
4	16	7.0
4	17	1.0
4	18	1.0
4	23	2.0
4	24	1.0
4	30	1.0
4	31	8.0
4	32	3.0
4	33	2.0
4	34	2.0
4	44	1.0
4	55	2.0
4	58	6.0
4	71	1.0
4	90	1.0
4	100	1.0
4	102	2.0
4	103	6.0
4	104	5.0
4	105	3.0
4	106	6.0
4	107	4.0
4	108	1.0
4	109	1.0
5	5	441.0
5	6	5.0
5	9	1.0
5	12	2.0
5	14	4.0
5	15	10.0
5	17	1.0
5	18	5.0
5	21	2.0
5	23	10.0
5	24	7.0
5	25	3.0
5	26	2.0
5	27	2.0
5	28	1.0
5	29	1.0
5	30	11.0
5	31	10.0
5	32	2.0
5	37	1.0
5	57	7.0
5	58	16.0
5	104	1.0
5	105	2.0
5	106	1.0
5	116	1.0
6	6	463.0
6	7	5.0
6	8	11.0
6	9	3.0
6	10	5.0
6	20	2.0
6	23	1.0
6	27	15.0
6	28	5.0
6	29	7.0
6	30	4.0
6	31	3.0
6	32	2.0
6	33	2.0
6	34	2.0
6	45	1.0
6	46	1.0
6	47	1.0
6	56	1.0
6	57	5.0
6	58	5.0
6	59	11.0
6	71	1.0
6	83	1.0
6	101	1.0
6	103	1.0
6	110	2.0
6	111	1.0
6	115	1.0
6	121	1.0
7	7	493.0
7	8	27.0
7	9	3.0
7	10	3.0
7	14	1.0
7	22	1.0
7	27	9.0
7	28	3.0
7	29	1.0
7	33	3.0
7	45	2.0
7	55	1.0
7	56	7.0
7	57	2.0
7	58	1.0
7	63	1.0
7	79	1.0
7	89	1.0
7	120	3.0
7	121	2.0
8	8	506.0
8	9	7.0
8	10	7.0
8	27	10.0
8	29	11.0
8	43	1.0
8	44	1.0
8	55	4.0
8	56	5.0
8	57	10.0
8	67	1.0
8	70	1.0
8	100	1.0
8	104	1.0
8	107	1.0
8	122	1.0
9	9	509.0
9	10	10.0
9	11	1.0
9	20	1.0
9	22	10.0
9	27	2.0
9	28	3.0
9	31	1.0
9	57	1.0
9	64	1.0
9	122	2.0
10	10	471.0
10	11	19.0
10	12	5.0
10	13	2.0
10	17	2.0
10	19	5.0
10	20	1.0
10	21	7.0
10	22	9.0
10	24	3.0
10	33	1.0
10	82	1.0
10	100	1.0
10	116	1.0
11	11	530.0
11	12	12.0
11	13	5.0
11	17	11.0
11	19	7.0
11	22	3.0
11	24	1.0
11	26	3.0
11	27	1.0
11	44	1.0
11	48	1.0
11	58	1.0
11	66	1.0
11	68	5.0
11	79	1.0
11	113	2.0
11	115	1.0
11	118	1.0
11	131	1.0
11	132	2.0
12	12	532.0
12	13	12.0
12	17	13.0
12	18	9.0
12	19	6.0
12	20	7.0
12	24	5.0
12	25	1.0
12	26	5.0
12	27	1.0
12	43	1.0
12	94	1.0
12	115	2.0
12	130	5.0
12	131	17.0
12	132	6.0
13	13	472.0
13	14	13.0
13	17	6.0
13	18	1.0
13	23	1.0
13	24	5.0
13	25	1.0
13	64	1.0
13	82	1.0
13	85	2.0
13	97	1.0
13	98	1.0
13	114	1.0
13	116	2.0
13	120	1.0
13	131	1.0
14	14	463.0
14	15	6.0
14	17	6.0
14	23	5.0
14	24	4.0
14	29	3.0
14	104	1.0
14	122	1.0
14	123	2.0
15	15	538.0
15	16	20.0
15	19	1.0
15	29	6.0
15	30	8.0
15	31	5.0
15	32	2.0
15	41	1.0
15	59	1.0
15	85	1.0
15	98	1.0
15	104	8.0
15	105	12.0
15	106	2.0
15	107	5.0
15	109	9.0
15	111	2.0
15	123	1.0
15	124	1.0
15	129	1.0
16	16	467.0
16	17	7.0
16	20	1.0
16	21	2.0
16	22	1.0
16	31	1.0
16	32	1.0
16	33	4.0
16	34	1.0
16	43	1.0
16	44	1.0
16	56	3.0
16	86	1.0
16	104	8.0
16	105	4.0
16	106	3.0
16	107	4.0
16	108	7.0
16	109	3.0
16	111	2.0
16	113	1.0
16	117	1.0
16	121	1.0
16	124	1.0
16	128	5.0
17	17	557.0
17	18	19.0
17	19	2.0
17	20	3.0
17	21	2.0
17	22	8.0
17	23	7.0
17	24	30.0
17	25	10.0
17	26	9.0
17	27	2.0
17	28	1.0
17	34	3.0
17	47	1.0
17	58	3.0
17	73	1.0
17	74	1.0
17	114	1.0
17	122	1.0
17	124	1.0
17	128	1.0
18	18	484.0
18	19	10.0
18	20	5.0
18	21	4.0
18	22	10.0
18	23	6.0
18	24	21.0
18	25	12.0
18	26	8.0
18	27	2.0
18	32	2.0
18	33	3.0
18	34	4.0
18	56	9.0
18	57	1.0
18	58	4.0
18	66	1.0
18	81	1.0
18	102	1.0
19	19	531.0
19	20	26.0
19	21	1.0
19	22	6.0
19	24	4.0
19	25	2.0
19	26	10.0
19	33	2.0
19	34	4.0
19	54	1.0
19	56	3.0
19	57	2.0
19	86	1.0
19	88	4.0
19	90	4.0
19	101	5.0
19	111	1.0
19	112	1.0
19	122	1.0
19	126	1.0
20	20	520.0
20	21	19.0
20	22	11.0
20	26	12.0
20	27	3.0
20	28	1.0
20	29	1.0
20	31	5.0
20	32	2.0
20	41	1.0
20	56	8.0
20	84	1.0
20	99	1.0
20	107	1.0
20	110	1.0
20	116	1.0
20	124	1.0
21	21	440.0
21	22	8.0
21	23	1.0
21	26	2.0
21	28	4.0
21	29	5.0
21	30	2.0
21	31	5.0
21	32	2.0
21	92	1.0
21	129	1.0
22	22	431.0
22	23	12.0
22	24	7.0
22	26	6.0
22	27	2.0
22	33	1.0
22	49	1.0
22	57	2.0
22	58	1.0
22	81	1.0
22	86	1.0
22	87	1.0
22	90	7.0
22	92	2.0
22	95	6.0
22	97	2.0
22	100	9.0
22	101	12.0
23	23	406.0
23	24	14.0
23	25	8.0
23	26	1.0
23	27	8.0
23	32	1.0
23	57	2.0
23	58	1.0
23	94	2.0
23	95	3.0
23	96	6.0
23	97	2.0
23	100	2.0
23	101	6.0
23	122	1.0
23	123	1.0
23	125	1.0
24	24	445.0
24	25	21.0
24	26	4.0
24	58	1.0
24	78	1.0
24	90	1.0
24	94	1.0
24	97	2.0
24	101	1.0
24	121	1.0
24	126	2.0
25	25	434.0
25	26	9.0
25	48	1.0
25	57	1.0
25	94	2.0
25	96	2.0
25	100	1.0
25	102	1.0
25	117	1.0
26	26	453.0
26	27	5.0
26	28	2.0
26	29	2.0
26	30	1.0
26	42	1.0
26	48	1.0
26	57	1.0
26	58	1.0
26	74	1.0
27	27	495.0
27	28	4.0
27	29	10.0
27	40	1.0
27	46	1.0
27	56	1.0
27	57	20.0
27	58	5.0
27	60	1.0
27	86	1.0
27	122	1.0
28	28	415.0
28	29	27.0
28	30	9.0
28	32	5.0
28	35	2.0
28	36	1.0
28	43	1.0
28	45	10.0
28	46	1.0
28	47	2.0
28	55	2.0
28	56	4.0
28	57	1.0
28	59	1.0
28	60	4.0
28	73	2.0
28	89	3.0
28	93	1.0
28	111	1.0
28	116	1.0
28	130	1.0
28	133	1.0
29	29	463.0
29	30	8.0
29	32	1.0
29	40	1.0
29	55	1.0
29	56	5.0
29	57	2.0
29	58	1.0
29	59	4.0
29	60	9.0
29	63	2.0
29	84	1.0
29	90	1.0
29	111	1.0
30	30	539.0
30	31	20.0
30	32	4.0
30	33	6.0
30	34	6.0
30	35	1.0
30	45	2.0
30	47	3.0
30	59	4.0
30	60	10.0
30	70	1.0
30	82	2.0
30	83	9.0
30	84	13.0
30	85	3.0
30	88	1.0
30	89	4.0
30	93	1.0
30	104	1.0
30	109	1.0
30	110	1.0
30	116	1.0
30	123	1.0
30	126	1.0
31	31	493.0
31	32	22.0
31	40	1.0
31	43	1.0
31	56	2.0
31	61	1.0
31	82	1.0
31	83	4.0
31	84	1.0
31	85	1.0
31	88	1.0
31	102	2.0
31	104	3.0
32	32	524.0
32	33	24.0
32	35	1.0
32	36	1.0
32	37	1.0
32	49	1.0
32	55	3.0
32	56	6.0
32	57	1.0
32	58	1.0
32	59	1.0
32	81	3.0
32	83	5.0
32	84	1.0
32	93	1.0
32	96	1.0
32	98	1.0
32	102	2.0
32	109	2.0
32	110	1.0
32	111	1.0
32	133	1.0
33	33	506.0
33	34	28.0
33	35	4.0
33	36	1.0
33	38	1.0
33	43	4.0
33	44	1.0
33	45	1.0
33	46	1.0
33	47	11.0
33	55	3.0
33	56	10.0
33	57	6.0
33	58	3.0
33	59	21.0
33	60	5.0
33	61	3.0
33	88	1.0
33	96	1.0
33	102	4.0
33	106	4.0
33	110	2.0
33	117	2.0
34	34	512.0
34	35	17.0
34	36	6.0
34	45	3.0
34	46	2.0
34	47	1.0
34	48	1.0
34	49	9.0
34	50	2.0
34	55	2.0
34	56	10.0
34	57	4.0
34	58	3.0
34	59	12.0
34	60	3.0
34	61	10.0
34	63	1.0
34	102	3.0
34	107	1.0
34	117	7.0
35	35	541.0
35	36	24.0
35	38	3.0
35	43	3.0
35	46	4.0
35	47	20.0
35	48	8.0
35	49	6.0
35	50	5.0
35	56	5.0
35	57	1.0
35	58	4.0
35	60	1.0
35	61	7.0
35	67	1.0
35	81	1.0
35	83	1.0
35	84	1.0
35	87	5.0
35	89	4.0
35	98	1.0
35	102	1.0
35	108	1.0
35	110	1.0
35	111	1.0
35	117	8.0
35	121	1.0
35	126	1.0
35	134	1.0
36	36	561.0
36	37	13.0
36	38	3.0
36	39	5.0
36	40	3.0
36	43	10.0
36	46	1.0
36	47	13.0
36	49	4.0
36	50	6.0
36	51	3.0
36	55	4.0
36	56	4.0
36	57	8.0
36	58	12.0
36	61	2.0
36	77	1.0
36	78	8.0
36	79	3.0
36	80	13.0
36	81	4.0
36	89	2.0
36	91	1.0
36	102	1.0
36	114	1.0
36	117	1.0
37	37	473.0
37	38	21.0
37	39	19.0
37	40	7.0
37	41	6.0
37	42	9.0
37	43	4.0
37	44	2.0
37	50	1.0
37	51	1.0
37	57	7.0
37	58	5.0
37	59	2.0
37	61	1.0
37	79	4.0
37	80	11.0
37	94	3.0
38	38	431.0
38	39	9.0
38	40	7.0
38	41	18.0
38	42	16.0
38	50	2.0
38	51	2.0
38	54	4.0
38	55	2.0
38	57	3.0
38	58	6.0
38	60	1.0
38	68	1.0
38	79	4.0
38	98	1.0
38	105	1.0
38	106	1.0
39	39	461.0
39	40	9.0
39	41	5.0
39	50	1.0
39	51	1.0
39	55	4.0
39	56	1.0
39	58	6.0
39	69	1.0
39	77	1.0
39	80	2.0
39	92	1.0
39	94	18.0
39	95	1.0
39	96	4.0
39	97	13.0
39	98	7.0
39	99	2.0
39	104	1.0
39	105	1.0
39	118	1.0
39	129	1.0
40	40	510.0
40	41	30.0
40	42	4.0
40	43	1.0
40	48	1.0
40	58	1.0
40	59	11.0
40	60	3.0
40	75	1.0
40	76	2.0
40	77	5.0
40	79	1.0
40	94	2.0
40	95	3.0
40	102	1.0
40	103	1.0
40	104	8.0
40	105	1.0
40	106	1.0
40	126	1.0
40	132	1.0
41	41	483.0
41	42	18.0
41	43	4.0
41	50	1.0
41	59	10.0
41	60	6.0
41	77	1.0
41	94	5.0
41	103	1.0
41	104	6.0
41	105	5.0
41	106	5.0
41	108	1.0
41	110	1.0
42	42	500.0
42	43	13.0
42	44	1.0
42	58	1.0
42	59	9.0
42	60	3.0
42	79	1.0
42	100	1.0
42	110	5.0
42	111	1.0
43	43	490.0
43	44	13.0
43	45	9.0
43	47	3.0
43	50	1.0
43	54	1.0
43	56	3.0
43	57	2.0
43	58	7.0
43	59	6.0
43	61	1.0
43	67	1.0
43	76	1.0
43	78	1.0
43	80	1.0
43	87	1.0
43	91	1.0
43	110	10.0
43	111	8.0
43	115	2.0
43	129	1.0
44	44	588.0
44	45	21.0
44	46	4.0
44	47	2.0
44	55	6.0
44	59	1.0
44	61	1.0
44	62	1.0
44	106	1.0
44	107	3.0
44	108	4.0
44	109	1.0
44	110	12.0
44	111	3.0
44	113	1.0
44	133	1.0
45	45	583.0
45	46	20.0
45	47	5.0
45	49	1.0
45	55	5.0
45	56	4.0
45	59	4.0
45	61	8.0
45	62	4.0
45	66	1.0
45	89	1.0
45	98	1.0
45	110	2.0
45	111	5.0
46	46	526.0
46	47	35.0
46	60	1.0
46	61	14.0
46	62	10.0
46	63	1.0
46	89	1.0
46	111	1.0
46	117	1.0
46	121	1.0
47	47	497.0
47	48	4.0
47	57	6.0
47	59	2.0
47	60	5.0
47	61	10.0
47	62	13.0
47	75	1.0
47	82	2.0
47	84	1.0
47	89	2.0
47	90	1.0
47	117	4.0
47	119	1.0
48	48	468.0
48	49	20.0
48	50	9.0
48	51	21.0
48	54	4.0
48	55	3.0
48	57	3.0
48	71	2.0
48	78	3.0
48	83	1.0
48	89	1.0
48	91	1.0
48	106	1.0
48	114	1.0
48	123	1.0
48	134	2.0
49	49	347.0
49	50	8.0
49	55	1.0
49	57	6.0
49	58	1.0
49	77	1.0
49	78	2.0
49	88	12.0
49	89	12.0
49	99	1.0
49	102	6.0
49	114	1.0
50	50	334.0
50	51	20.0
50	54	7.0
50	55	5.0
50	56	7.0
50	57	1.0
50	58	1.0
50	61	1.0
50	66	1.0
50	77	1.0
50	78	2.0
50	79	2.0
50	80	2.0
50	81	3.0
50	91	1.0
50	98	1.0
50	99	8.0
50	102	1.0
51	51	210.0
51	54	4.0
51	55	7.0
51	57	1.0
51	58	2.0
51	80	1.0
54	54	94.0
54	55	5.0
55	55	405.0
55	56	17.0
55	57	2.0
55	58	2.0
55	59	1.0
55	63	1.0
55	64	1.0
55	81	2.0
55	91	2.0
55	92	1.0
55	102	5.0
55	106	5.0
55	107	1.0
55	109	1.0
55	110	1.0
55	125	1.0
56	56	470.0
56	57	12.0
56	58	3.0
56	69	1.0
56	79	1.0
56	91	1.0
56	102	2.0
56	107	1.0
57	57	549.0
57	58	32.0
57	63	1.0
57	84	1.0
57	96	1.0
57	102	1.0
57	110	1.0
57	125	1.0
57	128	1.0
58	58	525.0
58	59	2.0
58	60	1.0
58	82	1.0
58	102	1.0
58	110	2.0
58	111	2.0
59	59	438.0
59	60	30.0
59	61	1.0
59	79	1.0
59	84	1.0
59	87	1.0
59	89	2.0
59	106	1.0
59	110	1.0
59	126	1.0
60	60	486.0
60	61	4.0
60	84	14.0
60	87	1.0
60	88	3.0
60	89	10.0
60	104	1.0
60	108	1.0
60	117	1.0
61	61	602.0
61	62	20.0
61	63	2.0
61	64	1.0
61	70	1.0
61	71	1.0
61	84	2.0
61	88	1.0
61	90	2.0
61	101	1.0
61	108	1.0
61	117	13.0
61	118	5.0
61	125	1.0
62	62	503.0
62	63	19.0
62	64	2.0
62	66	5.0
62	67	4.0
62	68	6.0
62	69	2.0
62	70	2.0
62	71	2.0
62	72	10.0
62	73	7.0
62	94	2.0
62	106	1.0
62	119	1.0
62	126	1.0
63	63	536.0
63	64	9.0
63	66	6.0
63	68	4.0
63	69	5.0
63	70	5.0
63	72	4.0
63	74	1.0
63	129	1.0
64	64	630.0
64	65	13.0
64	66	10.0
64	67	9.0
64	68	2.0
64	69	2.0
64	70	1.0
64	71	2.0
64	77	1.0
64	100	1.0
64	113	1.0
65	65	599.0
65	66	8.0
65	67	3.0
65	68	7.0
65	95	1.0
65	108	1.0
65	118	2.0
66	66	630.0
66	67	20.0
66	68	9.0
66	69	2.0
66	71	2.0
66	72	7.0
66	106	1.0
66	112	2.0
66	120	1.0
67	67	467.0
67	68	16.0
67	69	8.0
67	70	3.0
67	71	2.0
67	72	3.0
67	73	2.0
67	95	1.0
67	110	2.0
67	133	1.0
68	68	619.0
68	69	12.0
68	70	8.0
68	71	3.0
68	72	5.0
68	81	1.0
68	87	1.0
68	122	1.0
69	69	569.0
69	70	10.0
69	71	1.0
69	72	1.0
70	70	609.0
70	71	22.0
70	72	11.0
70	73	2.0
70	76	1.0
70	77	1.0
70	110	1.0
70	118	1.0
71	71	474.0
71	72	11.0
71	73	7.0
71	74	2.0
71	75	1.0
71	76	2.0
71	118	1.0
71	122	1.0
72	72	568.0
72	73	23.0
72	80	1.0
72	83	1.0
72	97	2.0
72	115	1.0
73	73	545.0
73	74	24.0
73	75	7.0
73	76	5.0
73	102	1.0
73	110	1.0
73	111	3.0
74	74	504.0
74	75	18.0
74	76	17.0
74	88	1.0
74	96	2.0
74	102	1.0
74	110	6.0
74	111	9.0
74	125	1.0
74	131	1.0
74	132	1.0
75	75	549.0
75	76	16.0
75	77	6.0
75	80	1.0
75	85	1.0
75	111	1.0
75	113	1.0
75	133	1.0
76	76	570.0
76	77	15.0
76	78	1.0
76	90	1.0
76	94	1.0
76	100	1.0
76	109	1.0
76	118	1.0
76	133	1.0
77	77	465.0
77	78	23.0
77	79	2.0
77	83	2.0
77	84	1.0
77	85	1.0
77	86	2.0
77	91	6.0
77	92	1.0
77	93	2.0
77	94	10.0
77	95	7.0
77	97	7.0
77	102	1.0
77	112	1.0
77	125	1.0
77	133	1.0
78	78	520.0
78	79	18.0
78	80	14.0
78	81	15.0
78	82	10.0
78	83	4.0
78	84	5.0
78	85	6.0
78	86	3.0
78	90	1.0
78	91	4.0
78	92	1.0
78	93	10.0
78	94	3.0
78	95	1.0
78	97	4.0
78	98	2.0
78	99	9.0
79	79	542.0
79	80	26.0
79	81	5.0
79	82	2.0
79	83	9.0
79	84	4.0
79	88	1.0
79	91	7.0
79	93	2.0
79	97	1.0
79	98	3.0
79	99	8.0
80	80	492.0
80	81	5.0
80	82	4.0
80	83	6.0
80	84	4.0
80	85	1.0
80	90	1.0
80	91	3.0
80	93	3.0
80	94	5.0
80	98	5.0
80	99	7.0
81	81	403.0
81	82	28.0
81	83	13.0
81	84	9.0
81	85	2.0
81	86	2.0
81	87	1.0
81	90	4.0
81	92	1.0
81	93	25.0
81	94	4.0
81	95	1.0
81	96	1.0
81	97	1.0
81	98	1.0
81	99	4.0
81	100	1.0
81	102	1.0
81	109	6.0
81	120	1.0
82	82	511.0
82	83	26.0
82	84	4.0
82	85	3.0
82	90	2.0
82	93	15.0
82	94	8.0
82	95	2.0
82	96	1.0
82	97	1.0
82	99	2.0
82	100	3.0
82	101	1.0
82	102	2.0
82	105	1.0
82	109	3.0
82	110	1.0
82	112	1.0
82	117	1.0
82	125	1.0
82	130	1.0
82	134	1.0
83	83	493.0
83	84	8.0
83	85	5.0
83	86	3.0
83	90	11.0
83	92	1.0
83	93	2.0
83	104	1.0
83	116	1.0
83	117	2.0
83	130	1.0
84	84	408.0
84	85	9.0
84	86	3.0
84	87	21.0
84	88	6.0
84	89	1.0
84	90	16.0
84	91	1.0
84	92	4.0
84	93	1.0
84	94	6.0
84	100	1.0
84	101	3.0
84	115	1.0
84	120	1.0
85	85	454.0
85	86	27.0
85	87	3.0
85	88	3.0
85	90	3.0
85	91	6.0
85	92	7.0
85	93	8.0
85	94	1.0
85	97	2.0
86	86	497.0
86	87	8.0
86	88	8.0
86	89	7.0
86	90	18.0
86	91	6.0
86	92	8.0
86	95	4.0
86	99	8.0
86	100	3.0
86	101	4.0
86	106	2.0
86	108	1.0
86	111	1.0
86	128	1.0
87	87	459.0
87	88	28.0
87	89	1.0
87	90	30.0
87	91	8.0
87	92	2.0
87	94	2.0
87	96	1.0
87	100	1.0
87	101	8.0
87	102	10.0
87	113	1.0
88	88	432.0
88	89	14.0
88	90	19.0
88	91	4.0
88	92	2.0
88	93	1.0
88	99	1.0
88	100	2.0
88	101	4.0
88	102	16.0
89	89	253.0
89	90	4.0
89	91	1.0
89	95	1.0
89	99	3.0
89	100	1.0
89	102	4.0
89	103	1.0
90	90	403.0
90	91	8.0
90	92	8.0
90	93	2.0
90	94	1.0
90	95	3.0
90	99	2.0
90	100	4.0
90	102	1.0
90	104	1.0
91	91	508.0
91	92	30.0
91	93	6.0
91	97	4.0
91	99	23.0
91	100	1.0
91	101	1.0
92	92	519.0
92	93	27.0
92	95	5.0
92	97	4.0
92	98	9.0
92	100	7.0
92	102	3.0
92	112	1.0
93	93	513.0
93	94	4.0
93	95	11.0
93	96	6.0
93	97	8.0
93	98	4.0
93	99	1.0
93	100	6.0
93	102	4.0
93	107	2.0
93	109	3.0
93	110	1.0
93	115	1.0
93	134	1.0
94	94	488.0
94	95	7.0
94	96	3.0
94	97	8.0
94	98	2.0
94	99	6.0
94	100	12.0
94	101	8.0
94	102	1.0
94	104	10.0
94	105	7.0
94	106	8.0
94	107	4.0
94	108	5.0
94	109	1.0
94	123	1.0
95	95	526.0
95	96	25.0
95	97	18.0
95	98	14.0
95	99	2.0
95	100	23.0
95	101	8.0
95	102	2.0
95	107	3.0
95	108	2.0
95	109	1.0
95	114	1.0
96	96	387.0
96	97	20.0
96	98	8.0
96	99	7.0
96	100	2.0
96	102	4.0
96	106	3.0
96	107	7.0
96	108	3.0
97	97	473.0
97	98	34.0
97	99	5.0
97	100	9.0
97	101	2.0
97	102	1.0
97	104	2.0
97	107	4.0
97	121	1.0
98	98	463.0
98	99	18.0
98	100	17.0
99	99	400.0
99	100	10.0
100	100	451.0
100	101	8.0
100	102	7.0
100	107	7.0
100	108	8.0
100	109	15.0
100	110	4.0
101	101	445.0
101	102	10.0
101	103	5.0
101	105	7.0
101	107	4.0
101	108	4.0
101	109	2.0
101	110	2.0
102	102	429.0
102	103	8.0
102	105	2.0
102	106	5.0
102	107	10.0
102	108	4.0
102	109	8.0
102	110	13.0
102	111	9.0
103	103	460.0
103	104	34.0
103	105	34.0
103	106	5.0
103	107	6.0
103	108	9.0
103	109	5.0
103	126	2.0
103	128	6.0
103	129	2.0
104	104	412.0
104	105	15.0
104	106	9.0
104	107	7.0
104	108	3.0
104	111	1.0
104	112	1.0
104	126	2.0
104	127	1.0
104	128	3.0
105	105	432.0
105	106	4.0
105	107	10.0
105	108	10.0
105	120	1.0
105	123	2.0
105	128	2.0
106	106	471.0
106	107	8.0
106	108	14.0
106	109	16.0
106	110	7.0
106	111	2.0
107	107	492.0
107	108	45.0
107	109	16.0
107	110	4.0
107	111	1.0
107	126	8.0
107	127	1.0
107	128	3.0
107	129	2.0
108	108	465.0
108	109	8.0
108	110	3.0
108	111	1.0
108	126	6.0
108	128	2.0
109	109	502.0
109	110	6.0
109	124	1.0
109	133	2.0
110	110	513.0
110	111	22.0
111	111	561.0
111	112	4.0
111	113	4.0
111	116	4.0
111	117	2.0
111	118	2.0
111	122	1.0
111	128	1.0
112	112	550.0
112	113	36.0
112	114	15.0
112	115	6.0
112	116	2.0
112	117	7.0
112	121	11.0
112	122	15.0
112	133	2.0
113	113	584.0
113	114	19.0
113	115	17.0
113	116	3.0
113	117	4.0
113	118	3.0
113	119	1.0
113	120	1.0
113	121	14.0
113	122	6.0
113	133	9.0
114	114	570.0
114	115	18.0
114	116	9.0
114	118	2.0
114	119	6.0
114	120	14.0
114	121	6.0
114	125	1.0
114	129	3.0
114	132	8.0
114	133	10.0
115	115	580.0
115	116	28.0
115	117	15.0
115	118	2.0
115	120	5.0
115	121	1.0
115	127	1.0
115	128	1.0
115	129	1.0
115	132	12.0
115	133	1.0
116	116	603.0
116	117	20.0
116	118	7.0
116	119	14.0
116	120	5.0
116	129	1.0
116	132	4.0
116	133	2.0
117	117	631.0
117	118	12.0
117	119	1.0
117	120	2.0
117	127	1.0
117	132	1.0
118	118	592.0
118	119	20.0
118	121	1.0
118	129	1.0
118	131	1.0
118	132	2.0
118	133	1.0
118	134	4.0
119	119	654.0
119	120	27.0
119	121	2.0
119	123	2.0
119	128	1.0
119	132	6.0
119	133	10.0
119	134	11.0
120	120	623.0
120	121	10.0
120	122	4.0
120	123	13.0
120	127	1.0
120	129	3.0
120	131	1.0
120	132	22.0
120	133	10.0
121	121	501.0
121	122	30.0
121	123	2.0
121	124	2.0
121	129	1.0
121	133	7.0
122	122	567.0
122	123	2.0
122	124	5.0
122	129	3.0
122	133	6.0
122	134	8.0
123	123	538.0
123	124	3.0
123	127	6.0
123	128	9.0
123	129	5.0
123	134	11.0
124	124	510.0
124	125	25.0
124	126	10.0
124	127	18.0
124	128	10.0
124	129	3.0
125	125	548.0
125	126	7.0
125	127	6.0
125	128	1.0
125	129	8.0
125	131	1.0
126	126	598.0
126	127	17.0
126	128	11.0
126	131	1.0
126	132	3.0
126	133	4.0
126	134	7.0
127	127	507.0
127	128	19.0
127	129	5.0
127	130	3.0
127	131	2.0
127	132	4.0
127	133	2.0
128	128	542.0
128	129	9.0
128	132	1.0
129	129	491.0
129	130	6.0
129	131	5.0
129	132	1.0
129	133	1.0
129	134	4.0
130	130	569.0
130	131	33.0
130	132	8.0
130	133	9.0
131	131	563.0
131	132	27.0
131	133	2.0
132	132	577.0
132	133	22.0
132	134	2.0
133	133	522.0
133	134	15.0
134	134	579.0
136	1	6.0
136	2	3.0
136	16	1.0
136	17	3.0
136	18	10.0
136	19	2.0
136	20	4.0
136	21	4.0
136	22	13.0
136	23	1.0
136	24	2.0
136	71	1.0
136	79	1.0
136	89	1.0
136	118	1.0
136	122	1.0
136	127	1.0
136	132	1.0
136	133	1.0
136	134	2.0
136	136	476.0
