1	1	433.0
1	2	44.0
1	3	3.0
1	5	2.0
1	6	17.0
1	7	3.0
1	8	3.0
1	12	4.0
1	14	4.0
1	17	4.0
1	18	1.0
1	19	1.0
1	21	1.0
1	26	4.0
1	30	1.0
1	32	12.0
1	33	14.0
1	36	6.0
1	37	3.0
1	66	1.0
1	96	1.0
1	98	1.0
2	2	491.0
2	3	23.0
2	4	17.0
2	5	2.0
2	6	3.0
2	13	1.0
2	17	6.0
2	18	4.0
2	19	5.0
2	21	6.0
2	22	2.0
2	25	1.0
2	26	2.0
2	32	28.0
2	33	9.0
2	44	1.0
2	66	2.0
2	74	1.0
2	75	1.0
3	3	514.0
3	4	50.0
3	5	11.0
3	6	5.0
3	7	2.0
3	11	12.0
3	12	2.0
3	13	3.0
3	14	1.0
3	15	9.0
3	16	1.0
3	17	1.0
3	18	2.0
3	19	3.0
3	21	14.0
3	22	41.0
3	23	2.0
3	24	2.0
3	26	5.0
3	32	2.0
3	33	6.0
3	66	2.0
3	69	1.0
3	73	1.0
3	78	1.0
3	110	1.0
4	4	490.0
4	5	35.0
4	6	2.0
4	7	2.0
4	9	1.0
4	11	6.0
4	13	1.0
4	15	7.0
4	16	7.0
4	18	2.0
4	19	2.0
4	21	7.0
4	22	7.0
4	23	2.0
4	24	4.0
4	26	3.0
4	27	1.0
4	30	3.0
4	31	16.0
4	32	3.0
4	33	5.0
4	41	1.0
4	44	1.0
4	46	1.0
4	66	2.0
4	69	4.0
4	70	1.0
4	83	1.0
4	101	1.0
4	104	1.0
4	107	1.0
4	110	1.0
4	112	1.0
5	5	476.0
5	6	10.0
5	7	1.0
5	8	1.0
5	11	9.0
5	12	13.0
5	13	1.0
5	15	12.0
5	16	6.0
5	17	1.0
5	21	4.0
5	22	3.0
5	30	3.0
5	31	6.0
5	32	2.0
5	80	1.0
5	87	1.0
5	94	2.0
6	6	487.0
6	7	43.0
6	8	8.0
6	9	5.0
6	12	5.0
6	13	1.0
6	14	1.0
6	15	14.0
6	18	4.0
6	19	10.0
6	21	8.0
6	22	1.0
6	30	1.0
6	32	4.0
6	33	10.0
6	38	1.0
6	89	1.0
6	103	1.0
6	117	2.0
7	7	497.0
7	8	24.0
7	9	46.0
7	10	11.0
7	11	6.0
7	12	6.0
7	13	2.0
7	14	5.0
7	15	5.0
7	18	3.0
7	19	3.0
7	20	9.0
7	30	1.0
7	31	1.0
7	33	1.0
7	35	2.0
7	36	2.0
7	105	1.0
7	132	1.0
7	136	1.0
8	8	479.0
8	9	44.0
8	11	6.0
8	12	1.0
8	13	4.0
8	14	4.0
8	15	3.0
8	22	1.0
8	31	1.0
8	37	1.0
8	44	1.0
8	72	1.0
8	78	1.0
8	79	1.0
8	92	1.0
8	106	1.0
8	111	1.0
8	118	1.0
8	126	1.0
9	9	442.0
9	10	15.0
9	11	8.0
9	12	3.0
9	13	1.0
9	14	2.0
9	15	1.0
9	16	4.0
9	20	2.0
9	21	2.0
9	32	1.0
9	87	1.0
9	94	1.0
9	113	1.0
10	10	419.0
10	11	29.0
10	12	19.0
10	13	1.0
10	14	8.0
10	15	7.0
10	16	10.0
10	17	1.0
10	18	10.0
10	19	1.0
10	20	22.0
10	21	6.0
10	22	6.0
10	23	9.0
10	25	1.0
10	26	2.0
10	32	10.0
10	35	1.0
10	36	4.0
10	38	2.0
10	82	1.0
10	89	2.0
11	11	393.0
11	12	42.0
11	13	3.0
11	14	12.0
11	15	9.0
11	16	9.0
11	18	1.0
11	20	11.0
11	21	3.0
11	22	10.0
11	23	6.0
11	26	7.0
11	30	1.0
11	32	3.0
11	47	2.0
11	80	1.0
11	88	1.0
11	107	1.0
12	12	404.0
12	13	9.0
12	14	22.0
12	15	1.0
12	16	8.0
12	21	6.0
12	22	6.0
12	23	3.0
12	25	5.0
12	26	1.0
12	32	6.0
12	37	1.0
12	76	1.0
12	90	1.0
13	13	439.0
13	14	66.0
13	15	2.0
13	16	3.0
13	17	2.0
13	19	1.0
13	20	17.0
13	21	11.0
13	22	2.0
13	23	2.0
13	24	1.0
13	25	1.0
13	27	1.0
13	33	1.0
13	35	1.0
13	38	4.0
13	39	2.0
13	40	1.0
13	84	2.0
13	104	1.0
13	115	1.0
13	116	2.0
14	14	477.0
14	15	9.0
14	16	1.0
14	19	1.0
14	20	8.0
14	21	2.0
14	23	7.0
14	25	2.0
14	27	1.0
14	32	1.0
14	36	6.0
14	38	1.0
14	108	1.0
14	130	1.0
15	15	414.0
15	16	14.0
15	18	9.0
15	19	1.0
15	20	1.0
15	22	4.0
15	23	4.0
15	24	3.0
15	25	7.0
15	26	2.0
15	27	15.0
15	28	2.0
15	30	9.0
15	31	3.0
15	32	14.0
15	33	5.0
15	34	2.0
15	35	2.0
15	36	1.0
15	97	2.0
15	119	1.0
15	134	1.0
16	16	471.0
16	17	6.0
16	18	12.0
16	19	1.0
16	20	12.0
16	21	16.0
16	22	8.0
16	23	7.0
16	26	3.0
16	31	3.0
16	32	7.0
16	38	7.0
16	43	1.0
16	85	1.0
16	135	1.0
17	17	439.0
17	18	35.0
17	19	4.0
17	20	2.0
17	21	11.0
17	22	10.0
17	25	3.0
17	26	11.0
17	28	4.0
17	31	10.0
17	32	9.0
17	37	1.0
17	38	1.0
17	87	1.0
17	95	1.0
17	109	1.0
17	139	1.0
18	18	550.0
18	19	22.0
18	20	23.0
18	21	8.0
18	22	7.0
18	23	1.0
18	25	3.0
18	26	10.0
18	29	1.0
18	31	4.0
18	32	2.0
18	33	1.0
18	38	1.0
18	39	1.0
18	102	1.0
18	104	1.0
18	111	2.0
18	126	1.0
18	127	1.0
18	132	1.0
19	19	446.0
19	20	19.0
19	21	8.0
19	24	1.0
19	26	3.0
19	31	3.0
19	32	1.0
19	33	19.0
19	36	2.0
19	37	2.0
19	38	1.0
19	41	1.0
19	86	1.0
19	107	1.0
20	20	452.0
20	21	8.0
20	22	1.0
20	23	7.0
20	26	1.0
20	33	6.0
20	36	15.0
20	37	3.0
20	38	1.0
20	39	1.0
20	92	2.0
20	132	1.0
21	21	396.0
21	22	42.0
21	23	11.0
21	24	2.0
21	25	1.0
21	26	1.0
21	28	1.0
21	31	2.0
21	32	1.0
21	33	4.0
21	35	1.0
21	37	1.0
21	38	1.0
21	42	1.0
21	44	2.0
21	66	1.0
21	68	1.0
21	113	2.0
22	22	408.0
22	23	11.0
22	24	20.0
22	26	2.0
22	27	6.0
22	30	12.0
22	31	4.0
22	32	1.0
22	77	1.0
23	23	464.0
23	24	29.0
23	25	3.0
23	26	24.0
23	27	8.0
23	28	5.0
23	29	2.0
23	31	2.0
23	35	2.0
23	36	2.0
23	38	1.0
23	70	1.0
23	80	2.0
23	83	1.0
23	126	1.0
23	133	1.0
24	24	443.0
24	25	20.0
24	26	23.0
24	27	17.0
24	28	5.0
24	29	8.0
24	30	13.0
24	31	19.0
24	32	6.0
24	38	1.0
24	43	1.0
24	65	1.0
24	84	3.0
24	100	1.0
25	25	434.0
25	26	18.0
25	27	6.0
25	28	11.0
25	29	3.0
25	31	17.0
25	32	6.0
25	36	2.0
25	39	2.0
25	42	2.0
25	43	2.0
25	44	3.0
25	68	1.0
25	69	2.0
25	73	1.0
25	91	1.0
25	102	1.0
25	122	1.0
26	26	479.0
26	27	3.0
26	28	17.0
26	29	5.0
26	31	7.0
26	32	19.0
26	33	11.0
26	34	3.0
26	36	2.0
26	37	12.0
26	38	2.0
26	109	2.0
26	114	1.0
27	27	503.0
27	28	7.0
27	29	24.0
27	30	19.0
27	31	16.0
27	32	6.0
27	33	4.0
27	34	9.0
27	35	4.0
27	37	3.0
27	42	1.0
27	43	1.0
27	83	1.0
27	92	1.0
27	98	1.0
27	109	1.0
27	120	1.0
27	137	1.0
28	28	449.0
28	29	16.0
28	30	7.0
28	31	28.0
28	32	15.0
28	34	1.0
28	36	1.0
28	37	1.0
28	38	7.0
28	42	1.0
28	43	4.0
28	66	1.0
28	67	1.0
28	68	2.0
28	71	1.0
28	92	1.0
28	98	1.0
28	112	1.0
28	133	1.0
29	29	413.0
29	30	13.0
29	31	10.0
29	32	5.0
29	33	2.0
29	34	4.0
29	37	10.0
29	38	2.0
29	69	1.0
29	87	1.0
29	91	1.0
29	93	1.0
29	111	2.0
29	112	1.0
29	113	1.0
29	114	1.0
29	133	1.0
30	30	422.0
30	31	17.0
30	32	8.0
30	34	1.0
30	37	7.0
30	87	1.0
30	132	1.0
31	31	439.0
31	32	22.0
31	33	10.0
31	36	1.0
31	38	1.0
31	42	1.0
31	44	1.0
31	84	1.0
31	127	1.0
32	32	428.0
32	33	19.0
32	36	5.0
32	37	1.0
32	44	3.0
32	71	1.0
32	106	1.0
32	138	1.0
32	139	1.0
33	33	430.0
33	34	20.0
33	35	10.0
33	36	13.0
33	37	12.0
33	38	3.0
33	66	1.0
33	67	1.0
33	90	1.0
33	95	1.0
33	128	2.0
34	34	513.0
34	35	23.0
34	37	4.0
34	38	6.0
34	66	1.0
34	102	1.0
34	126	1.0
35	35	538.0
35	36	11.0
35	37	8.0
35	38	2.0
35	66	1.0
35	91	1.0
35	110	2.0
35	115	1.0
35	130	1.0
36	36	552.0
36	37	24.0
36	38	4.0
36	76	1.0
36	101	1.0
37	37	520.0
37	38	4.0
37	46	1.0
37	91	2.0
37	99	1.0
37	112	1.0
38	38	357.0
38	39	2.0
38	43	3.0
38	45	1.0
38	66	2.0
38	68	1.0
38	70	1.0
38	74	1.0
38	81	1.0
39	39	27.0
39	40	2.0
40	40	5.0
40	43	1.0
40	69	1.0
40	104	2.0
41	41	8.0
41	44	2.0
41	66	1.0
41	101	1.0
41	105	1.0
42	42	3.0
42	66	1.0
42	70	1.0
43	43	18.0
43	65	1.0
44	44	61.0
44	45	1.0
44	66	3.0
44	67	3.0
44	69	2.0
45	45	2.0
45	68	1.0
45	83	1.0
46	46	2.0
46	69	1.0
46	82	1.0
46	87	1.0
47	47	1.0
65	65	1.0
65	99	1.0
66	66	95.0
66	68	13.0
66	69	3.0
66	72	1.0
66	81	1.0
66	82	1.0
66	83	1.0
66	95	1.0
66	102	1.0
66	104	3.0
66	107	2.0
66	118	2.0
66	121	1.0
67	67	9.0
67	81	1.0
67	82	1.0
67	86	1.0
67	106	1.0
67	109	1.0
67	111	1.0
67	117	1.0
67	118	1.0
68	68	122.0
68	69	2.0
68	72	1.0
68	80	1.0
68	88	1.0
68	104	1.0
68	107	1.0
69	69	42.0
69	70	1.0
69	103	1.0
69	104	2.0
69	105	1.0
69	119	2.0
70	70	17.0
70	71	1.0
70	72	1.0
70	73	1.0
71	71	479.0
71	72	34.0
71	73	13.0
71	76	1.0
71	77	3.0
71	78	13.0
71	80	1.0
71	84	1.0
71	85	4.0
71	86	3.0
71	89	1.0
71	103	4.0
71	105	1.0
71	106	6.0
71	107	18.0
71	108	4.0
71	113	1.0
71	118	3.0
72	72	403.0
72	73	18.0
72	77	3.0
72	78	10.0
72	85	3.0
72	90	1.0
72	103	2.0
72	105	9.0
72	106	16.0
72	107	10.0
72	108	8.0
72	117	1.0
72	118	2.0
72	119	1.0
72	126	4.0
72	127	5.0
72	132	1.0
72	137	1.0
73	73	502.0
73	74	21.0
73	75	5.0
73	76	12.0
73	77	9.0
73	78	2.0
73	89	1.0
73	96	1.0
73	100	3.0
73	101	1.0
73	102	2.0
73	104	5.0
73	105	13.0
73	106	2.0
73	108	1.0
73	111	1.0
73	136	1.0
74	74	420.0
74	75	40.0
74	76	1.0
74	77	11.0
74	78	6.0
74	79	9.0
74	82	1.0
74	94	1.0
74	95	1.0
74	96	6.0
74	100	20.0
74	102	2.0
74	109	1.0
74	118	1.0
74	138	1.0
74	140	1.0
75	75	490.0
75	76	30.0
75	77	19.0
75	78	10.0
75	79	4.0
75	85	1.0
75	100	1.0
75	102	2.0
75	114	1.0
75	122	2.0
75	133	2.0
76	76	394.0
76	77	19.0
76	78	14.0
76	79	12.0
76	80	6.0
76	81	2.0
76	93	4.0
76	94	2.0
76	95	1.0
76	98	1.0
76	102	3.0
76	104	2.0
76	105	10.0
76	106	1.0
76	107	2.0
76	110	3.0
76	126	1.0
76	127	3.0
77	77	415.0
77	78	13.0
77	79	9.0
77	80	4.0
77	83	1.0
77	93	3.0
77	94	1.0
77	95	6.0
77	97	2.0
77	98	5.0
77	99	1.0
77	100	1.0
77	101	4.0
77	108	1.0
77	109	1.0
77	114	4.0
77	115	3.0
77	116	3.0
77	118	2.0
77	119	10.0
77	125	1.0
77	126	12.0
77	127	2.0
78	78	485.0
78	79	11.0
78	80	10.0
78	83	1.0
78	92	1.0
78	93	6.0
78	94	1.0
78	99	3.0
78	105	1.0
78	106	4.0
78	107	1.0
78	111	1.0
78	116	2.0
78	118	17.0
78	119	7.0
78	124	1.0
78	126	6.0
78	127	4.0
78	134	1.0
79	79	471.0
79	80	30.0
79	81	1.0
79	87	1.0
79	89	2.0
79	90	4.0
79	91	4.0
79	97	1.0
79	98	1.0
79	103	7.0
79	110	2.0
79	117	1.0
79	120	13.0
79	121	12.0
79	122	5.0
79	123	2.0
79	135	3.0
79	137	9.0
80	80	517.0
80	81	6.0
80	82	3.0
80	86	5.0
80	88	23.0
80	89	8.0
80	90	10.0
80	101	1.0
80	108	1.0
80	130	1.0
81	81	464.0
81	82	51.0
81	83	42.0
81	84	5.0
81	86	12.0
81	87	3.0
81	88	2.0
81	91	1.0
81	107	2.0
81	108	5.0
81	109	2.0
81	115	1.0
82	82	471.0
82	83	29.0
82	84	1.0
82	85	1.0
82	86	4.0
82	87	3.0
82	106	1.0
82	108	3.0
82	114	1.0
82	119	1.0
82	120	1.0
82	124	1.0
82	128	1.0
83	83	461.0
83	84	20.0
83	85	11.0
83	86	7.0
83	87	7.0
83	88	3.0
83	90	1.0
83	95	3.0
83	96	1.0
83	102	1.0
83	103	4.0
83	104	7.0
83	105	1.0
83	106	1.0
83	107	9.0
83	108	5.0
83	109	1.0
83	112	2.0
84	84	485.0
84	85	33.0
84	86	7.0
84	87	15.0
84	88	18.0
84	90	2.0
84	94	2.0
84	95	4.0
84	103	4.0
84	104	11.0
84	109	1.0
84	110	3.0
84	115	5.0
84	119	1.0
85	85	479.0
85	86	24.0
85	87	7.0
85	88	5.0
85	90	2.0
85	94	1.0
85	95	11.0
85	96	21.0
85	97	4.0
85	101	2.0
85	103	1.0
85	104	6.0
85	105	4.0
85	106	4.0
85	107	4.0
85	108	14.0
85	109	10.0
85	115	1.0
85	127	1.0
86	86	440.0
86	87	31.0
86	88	9.0
86	91	1.0
86	95	17.0
86	96	2.0
86	97	1.0
86	103	4.0
86	104	12.0
86	105	1.0
86	106	2.0
86	107	2.0
86	109	3.0
86	110	5.0
86	111	9.0
86	112	8.0
86	113	1.0
86	114	7.0
86	115	6.0
86	126	1.0
87	87	503.0
87	88	26.0
87	98	1.0
87	104	3.0
87	109	11.0
87	110	3.0
87	111	6.0
87	113	4.0
87	114	3.0
87	115	5.0
87	120	1.0
87	129	2.0
87	130	1.0
87	132	2.0
87	135	1.0
88	88	393.0
88	89	6.0
88	90	3.0
88	93	1.0
88	94	1.0
88	95	2.0
88	99	1.0
88	104	9.0
88	109	5.0
88	110	1.0
88	112	2.0
88	114	7.0
88	115	15.0
89	89	467.0
89	90	29.0
89	93	10.0
89	94	11.0
89	95	4.0
89	103	3.0
89	104	4.0
89	105	2.0
89	107	2.0
89	110	1.0
89	120	1.0
89	137	1.0
90	90	438.0
90	91	30.0
90	92	4.0
90	93	5.0
90	94	6.0
90	95	12.0
90	97	6.0
90	98	6.0
90	103	14.0
90	104	7.0
90	105	4.0
90	107	2.0
90	110	7.0
90	111	2.0
90	116	1.0
90	120	3.0
90	122	2.0
90	136	1.0
91	91	468.0
91	92	25.0
91	93	13.0
91	94	15.0
91	95	2.0
91	97	2.0
91	98	5.0
91	99	5.0
91	102	6.0
91	103	4.0
91	104	6.0
91	109	1.0
91	110	8.0
91	111	6.0
91	114	3.0
91	120	8.0
91	121	2.0
91	122	2.0
91	123	3.0
91	130	1.0
91	136	1.0
91	137	4.0
92	92	364.0
92	93	17.0
92	94	10.0
92	95	2.0
92	97	6.0
92	98	11.0
92	99	5.0
92	103	4.0
92	104	3.0
92	109	2.0
92	110	3.0
92	112	1.0
92	117	1.0
92	119	2.0
92	120	12.0
92	121	4.0
92	122	1.0
92	123	2.0
92	126	1.0
92	129	1.0
92	130	2.0
92	138	1.0
93	93	477.0
93	94	28.0
93	95	7.0
93	96	1.0
93	97	3.0
93	98	4.0
93	99	4.0
93	100	14.0
93	101	14.0
93	102	2.0
93	103	2.0
93	104	9.0
93	105	9.0
93	106	2.0
93	107	11.0
93	110	2.0
93	111	2.0
93	118	1.0
93	122	2.0
93	126	6.0
93	127	7.0
94	94	494.0
94	95	14.0
94	97	7.0
94	98	10.0
94	99	1.0
94	100	3.0
94	101	10.0
94	102	2.0
94	103	7.0
94	104	2.0
94	105	9.0
94	106	15.0
94	107	5.0
94	110	12.0
94	111	1.0
94	118	5.0
94	119	7.0
94	120	1.0
94	126	5.0
94	127	3.0
94	135	1.0
95	95	499.0
95	96	16.0
95	97	11.0
95	98	4.0
95	99	5.0
95	100	8.0
95	103	9.0
95	104	12.0
95	107	12.0
95	108	1.0
95	110	9.0
95	111	1.0
95	115	1.0
95	119	11.0
95	126	6.0
95	127	1.0
95	128	1.0
95	135	2.0
95	136	1.0
96	96	477.0
96	97	17.0
96	98	5.0
96	99	2.0
96	100	1.0
96	101	9.0
96	102	4.0
96	103	10.0
96	104	4.0
96	106	1.0
96	108	5.0
96	109	1.0
96	115	2.0
96	116	1.0
96	119	3.0
96	122	4.0
96	140	6.0
97	97	423.0
97	98	18.0
97	99	26.0
97	100	9.0
97	101	5.0
97	102	4.0
97	103	8.0
97	104	1.0
97	107	1.0
97	109	1.0
97	115	2.0
97	116	5.0
97	117	1.0
97	119	3.0
97	120	6.0
97	121	1.0
97	122	2.0
97	123	1.0
97	131	1.0
97	136	1.0
97	140	3.0
97	141	1.0
98	98	563.0
98	99	24.0
98	100	10.0
98	101	5.0
98	102	2.0
98	103	3.0
98	104	2.0
98	108	4.0
98	118	1.0
98	119	3.0
98	120	8.0
98	121	11.0
98	122	14.0
98	124	8.0
98	125	10.0
98	126	5.0
98	127	1.0
98	133	3.0
98	134	7.0
98	136	4.0
98	137	1.0
98	140	4.0
99	99	396.0
99	100	17.0
99	101	5.0
99	102	5.0
99	103	1.0
99	104	2.0
99	108	1.0
99	115	7.0
99	116	10.0
99	117	5.0
99	118	2.0
99	119	1.0
99	120	3.0
99	121	1.0
99	123	3.0
99	125	4.0
99	126	6.0
99	127	4.0
99	133	1.0
99	134	1.0
99	135	1.0
99	138	2.0
100	100	491.0
100	101	12.0
100	102	3.0
100	104	3.0
100	107	4.0
100	115	1.0
100	116	10.0
100	117	8.0
100	118	7.0
100	119	5.0
100	121	3.0
100	122	5.0
100	126	3.0
100	132	3.0
100	138	1.0
100	140	1.0
101	101	528.0
101	102	17.0
101	103	2.0
101	104	3.0
101	106	3.0
101	107	3.0
101	115	6.0
101	116	18.0
101	117	10.0
101	118	5.0
101	119	9.0
101	120	2.0
101	121	2.0
101	126	7.0
101	129	1.0
101	132	1.0
101	133	7.0
101	134	5.0
101	137	1.0
101	138	2.0
101	140	4.0
102	102	486.0
102	103	7.0
102	104	15.0
102	105	13.0
102	106	5.0
102	107	5.0
102	114	1.0
102	115	1.0
102	116	7.0
102	117	2.0
102	118	1.0
102	119	7.0
102	120	2.0
102	121	2.0
102	123	1.0
102	126	5.0
102	131	2.0
102	133	8.0
102	134	5.0
102	137	6.0
102	138	5.0
102	140	9.0
102	141	1.0
103	103	506.0
103	104	29.0
103	106	1.0
103	107	3.0
103	108	1.0
103	120	5.0
103	121	8.0
103	122	1.0
103	134	1.0
103	137	2.0
103	140	2.0
104	104	448.0
104	105	23.0
104	106	2.0
104	107	10.0
104	109	2.0
104	111	2.0
104	121	2.0
104	122	1.0
104	132	2.0
104	136	1.0
104	138	1.0
105	105	431.0
105	106	39.0
105	107	14.0
105	108	4.0
105	109	5.0
105	117	2.0
105	118	4.0
105	119	1.0
106	106	433.0
106	107	27.0
106	110	1.0
106	114	2.0
106	116	2.0
106	117	13.0
106	118	14.0
106	119	8.0
106	124	1.0
106	126	6.0
106	127	10.0
107	107	420.0
107	108	11.0
107	109	2.0
107	116	6.0
107	117	2.0
107	118	6.0
107	119	3.0
107	126	3.0
108	108	444.0
108	109	35.0
108	110	7.0
108	112	5.0
108	113	7.0
108	114	5.0
108	115	5.0
108	116	5.0
108	132	1.0
109	109	444.0
109	110	5.0
109	111	20.0
109	112	10.0
109	113	18.0
109	114	19.0
109	115	6.0
109	116	1.0
109	124	1.0
109	127	5.0
109	128	3.0
109	133	1.0
110	110	508.0
110	111	49.0
110	112	9.0
110	114	4.0
110	133	1.0
111	111	510.0
111	112	23.0
111	113	5.0
111	114	9.0
111	115	1.0
111	123	1.0
111	125	1.0
111	132	1.0
112	112	484.0
112	113	31.0
112	114	23.0
112	118	1.0
112	124	3.0
113	113	480.0
113	114	44.0
113	115	1.0
113	127	4.0
113	128	3.0
113	139	1.0
114	114	426.0
114	115	15.0
114	116	4.0
114	117	1.0
114	121	1.0
114	122	1.0
114	125	1.0
115	115	444.0
115	116	22.0
115	117	8.0
115	118	3.0
115	119	4.0
115	120	2.0
115	126	8.0
115	128	1.0
115	129	2.0
115	134	1.0
116	116	610.0
116	117	38.0
116	118	3.0
116	119	2.0
116	121	2.0
116	122	2.0
116	124	1.0
116	126	6.0
116	133	1.0
116	135	1.0
116	138	3.0
116	140	2.0
117	117	487.0
117	118	23.0
117	119	6.0
117	121	3.0
117	122	5.0
117	126	1.0
117	132	21.0
117	138	3.0
117	140	1.0
118	118	476.0
118	119	29.0
118	120	4.0
118	121	3.0
118	122	11.0
118	125	1.0
118	126	2.0
118	127	1.0
118	132	6.0
118	133	1.0
118	135	2.0
118	136	4.0
118	138	4.0
118	139	3.0
118	140	3.0
119	119	477.0
119	120	27.0
119	121	7.0
119	122	5.0
119	124	2.0
119	125	3.0
119	126	4.0
119	127	3.0
119	130	2.0
119	132	7.0
119	133	6.0
119	134	11.0
119	135	13.0
119	136	2.0
119	138	8.0
119	139	8.0
119	140	2.0
119	141	3.0
120	120	502.0
120	121	24.0
120	122	9.0
120	123	5.0
120	124	1.0
120	125	16.0
120	133	8.0
120	134	10.0
120	135	18.0
120	137	2.0
120	138	3.0
120	140	7.0
120	141	1.0
121	121	463.0
121	122	39.0
121	123	2.0
121	124	1.0
121	125	3.0
121	132	1.0
121	133	6.0
121	134	18.0
121	135	14.0
121	136	1.0
121	137	14.0
121	138	9.0
121	140	2.0
122	122	492.0
122	123	29.0
122	124	1.0
122	125	1.0
122	133	9.0
122	134	2.0
122	135	6.0
122	136	4.0
122	137	10.0
122	138	12.0
122	140	3.0
123	123	529.0
123	124	58.0
123	125	1.0
123	126	6.0
123	127	8.0
123	128	1.0
123	132	15.0
123	133	25.0
123	134	21.0
123	135	23.0
123	136	7.0
123	137	14.0
123	138	11.0
123	139	7.0
123	140	1.0
124	124	512.0
124	125	33.0
124	126	2.0
124	127	9.0
124	128	5.0
124	129	1.0
124	132	6.0
124	134	19.0
124	135	12.0
124	136	5.0
124	137	3.0
124	138	23.0
124	139	1.0
125	125	509.0
125	126	10.0
125	127	2.0
125	128	8.0
125	130	10.0
125	131	19.0
125	132	3.0
125	133	5.0
125	134	9.0
125	135	7.0
125	136	4.0
125	138	15.0
125	139	1.0
126	126	553.0
126	127	22.0
126	128	5.0
126	129	1.0
126	130	2.0
126	133	1.0
126	140	1.0
127	127	537.0
127	128	27.0
127	129	10.0
127	130	9.0
127	131	1.0
127	132	1.0
127	133	1.0
127	135	1.0
128	128	512.0
128	129	61.0
128	130	11.0
128	131	4.0
128	132	10.0
128	133	2.0
128	134	1.0
129	129	578.0
129	130	23.0
129	131	4.0
129	132	3.0
129	133	10.0
129	134	4.0
129	139	1.0
130	130	644.0
130	131	39.0
130	132	13.0
130	135	1.0
131	131	572.0
131	132	26.0
132	132	500.0
132	133	3.0
132	136	8.0
132	138	5.0
132	139	4.0
133	133	516.0
133	134	26.0
133	135	2.0
133	137	4.0
133	138	2.0
133	139	2.0
133	140	7.0
134	134	549.0
134	135	21.0
134	137	1.0
134	138	1.0
134	139	8.0
134	140	3.0
135	135	556.0
135	136	19.0
135	137	9.0
135	138	17.0
135	139	10.0
136	136	553.0
136	137	19.0
136	138	15.0
136	139	31.0
136	140	7.0
137	137	527.0
137	138	20.0
137	140	4.0
138	138	548.0
138	139	7.0
138	140	6.0
139	139	612.0
139	140	11.0
140	140	509.0
140	141	4.0
141	141	28.0
142	1	40.0
142	2	7.0
142	3	19.0
142	4	6.0
142	5	6.0
142	6	2.0
142	17	1.0
142	18	1.0
142	19	1.0
142	22	2.0
142	24	1.0
142	26	1.0
142	27	6.0
142	29	1.0
142	30	4.0
142	31	1.0
142	32	4.0
142	33	2.0
142	34	1.0
142	36	2.0
142	37	1.0
142	45	2.0
142	70	1.0
142	83	1.0
142	96	1.0
142	142	402.0
