1	1	418.0
1	2	46.0
1	31	1.0
1	35	2.0
1	36	15.0
1	37	4.0
1	38	2.0
1	39	9.0
1	42	2.0
1	46	1.0
1	47	1.0
2	2	407.0
2	3	6.0
2	6	1.0
2	11	1.0
2	15	1.0
2	20	1.0
2	31	7.0
2	32	2.0
2	33	1.0
2	34	7.0
2	35	11.0
2	36	9.0
2	37	5.0
2	38	2.0
2	39	7.0
2	40	1.0
2	46	2.0
2	61	3.0
2	62	1.0
3	3	413.0
3	4	21.0
3	5	5.0
3	9	2.0
3	30	7.0
3	31	4.0
3	32	7.0
3	33	11.0
3	35	6.0
3	36	4.0
3	37	1.0
3	43	3.0
3	44	1.0
3	47	1.0
3	49	1.0
3	56	1.0
3	58	10.0
3	59	1.0
3	60	1.0
3	61	1.0
3	62	3.0
4	4	410.0
4	5	15.0
4	20	1.0
4	23	1.0
4	24	11.0
4	25	5.0
4	26	1.0
4	30	3.0
4	31	1.0
4	33	1.0
4	36	7.0
4	39	1.0
4	43	1.0
4	49	1.0
4	56	4.0
4	57	15.0
4	58	3.0
5	5	391.0
5	6	2.0
5	9	11.0
5	16	1.0
5	21	1.0
5	22	4.0
5	23	4.0
5	24	6.0
5	25	16.0
5	36	4.0
5	37	1.0
5	54	1.0
6	6	318.0
6	7	28.0
6	8	21.0
6	9	7.0
6	10	2.0
6	11	14.0
6	12	5.0
6	13	7.0
6	14	3.0
6	15	4.0
6	16	15.0
6	19	6.0
6	21	2.0
6	22	2.0
6	23	1.0
6	29	2.0
6	43	1.0
6	51	1.0
7	7	370.0
7	8	17.0
7	11	5.0
7	21	8.0
7	22	1.0
7	23	1.0
7	24	4.0
7	26	1.0
7	29	7.0
7	51	6.0
8	8	352.0
8	9	12.0
8	10	4.0
8	11	17.0
8	12	11.0
8	13	3.0
8	16	5.0
8	19	4.0
8	20	4.0
8	21	1.0
8	51	1.0
8	54	4.0
8	60	1.0
9	9	359.0
9	10	17.0
9	11	7.0
9	20	16.0
9	53	3.0
9	54	1.0
9	55	1.0
9	60	7.0
9	61	1.0
10	10	420.0
10	11	34.0
10	12	1.0
10	19	1.0
10	20	23.0
10	21	2.0
10	29	1.0
10	38	1.0
10	45	1.0
10	52	3.0
10	53	5.0
10	54	1.0
10	60	8.0
11	11	387.0
11	12	28.0
11	13	2.0
11	15	6.0
11	16	3.0
11	18	1.0
11	19	3.0
11	20	7.0
11	21	1.0
11	31	2.0
11	33	2.0
11	53	1.0
12	12	399.0
12	13	12.0
12	14	1.0
12	15	11.0
12	16	3.0
12	17	2.0
12	18	2.0
12	19	13.0
12	21	1.0
12	33	1.0
12	48	1.0
12	61	1.0
13	13	372.0
13	14	8.0
13	15	26.0
13	16	29.0
13	17	23.0
13	18	8.0
13	19	4.0
13	21	3.0
13	23	1.0
14	14	370.0
14	15	46.0
14	16	12.0
14	17	2.0
14	19	2.0
14	21	1.0
15	15	368.0
15	16	11.0
15	17	2.0
15	19	3.0
15	20	2.0
15	40	1.0
15	42	1.0
16	16	442.0
16	17	12.0
16	18	9.0
16	19	8.0
16	20	2.0
16	21	6.0
16	22	7.0
17	17	415.0
17	18	22.0
17	19	8.0
17	20	1.0
17	30	4.0
17	43	1.0
17	52	1.0
18	18	344.0
18	19	9.0
18	20	11.0
18	21	1.0
18	29	1.0
18	30	1.0
18	32	1.0
18	47	1.0
18	54	1.0
18	58	2.0
19	19	399.0
19	20	12.0
19	21	5.0
19	22	2.0
19	23	9.0
19	24	9.0
19	29	2.0
19	30	1.0
19	43	1.0
20	20	398.0
20	21	28.0
20	22	3.0
20	23	2.0
20	24	2.0
20	30	11.0
20	31	3.0
20	38	1.0
20	43	4.0
20	48	1.0
20	53	3.0
20	54	1.0
20	55	1.0
20	58	1.0
20	60	7.0
20	62	1.0
21	21	346.0
21	22	31.0
21	23	6.0
21	24	10.0
21	30	17.0
21	31	4.0
21	38	1.0
21	41	3.0
21	42	1.0
21	43	6.0
21	44	2.0
21	48	1.0
21	50	1.0
21	51	2.0
21	60	2.0
21	61	1.0
22	22	400.0
22	23	30.0
22	24	8.0
22	25	5.0
22	26	1.0
22	29	4.0
22	30	3.0
22	41	1.0
22	45	1.0
22	49	1.0
22	50	2.0
22	51	4.0
22	52	6.0
22	58	4.0
23	23	344.0
23	24	30.0
23	25	7.0
23	29	2.0
23	30	1.0
23	49	4.0
23	50	9.0
23	51	1.0
23	52	2.0
23	57	4.0
23	58	8.0
24	24	408.0
24	25	16.0
24	30	6.0
24	45	1.0
24	48	3.0
24	49	3.0
24	50	5.0
24	52	5.0
24	58	1.0
25	25	373.0
25	26	2.0
25	29	6.0
25	30	2.0
25	32	1.0
25	45	1.0
25	49	3.0
25	50	1.0
25	56	2.0
25	58	1.0
26	26	100.0
26	29	2.0
26	49	3.0
26	62	1.0
29	29	158.0
29	30	1.0
29	32	1.0
29	51	1.0
29	53	1.0
29	56	1.0
30	30	390.0
30	31	28.0
30	32	2.0
30	35	7.0
30	36	3.0
30	38	14.0
30	41	2.0
30	43	13.0
30	44	8.0
30	46	3.0
30	47	2.0
30	48	21.0
30	49	4.0
30	62	2.0
31	31	431.0
31	32	15.0
31	34	2.0
31	35	7.0
31	36	7.0
31	37	5.0
31	38	9.0
31	39	3.0
31	40	3.0
31	41	1.0
31	42	1.0
31	43	14.0
31	44	1.0
31	46	4.0
31	47	7.0
31	48	12.0
31	49	1.0
31	56	1.0
31	61	4.0
31	62	4.0
32	32	382.0
32	33	30.0
32	34	6.0
32	35	3.0
32	40	6.0
32	41	6.0
32	46	1.0
32	62	3.0
33	33	422.0
33	34	21.0
33	35	10.0
33	36	1.0
33	40	6.0
33	41	1.0
33	42	1.0
33	48	3.0
33	51	1.0
33	55	2.0
33	61	2.0
33	62	10.0
34	34	415.0
34	35	27.0
34	36	4.0
34	39	12.0
34	40	5.0
34	41	2.0
34	42	2.0
34	47	1.0
34	48	1.0
34	61	3.0
34	62	6.0
35	35	414.0
35	36	11.0
35	37	6.0
35	39	5.0
35	40	4.0
35	42	2.0
35	45	1.0
35	47	3.0
35	48	8.0
35	49	2.0
35	61	1.0
36	36	421.0
36	37	18.0
36	39	4.0
36	43	3.0
36	44	8.0
36	46	2.0
36	47	4.0
36	48	6.0
36	58	3.0
36	59	1.0
36	61	2.0
36	62	4.0
37	37	399.0
37	38	26.0
37	39	13.0
37	40	1.0
37	41	5.0
37	42	1.0
37	43	3.0
37	44	1.0
38	38	385.0
38	39	12.0
38	40	8.0
38	41	22.0
38	42	3.0
38	43	2.0
38	44	1.0
38	45	6.0
38	46	6.0
38	48	1.0
38	54	3.0
38	55	1.0
39	39	450.0
39	40	20.0
39	41	13.0
39	42	11.0
39	43	1.0
39	45	1.0
39	46	6.0
39	49	1.0
39	51	3.0
39	55	1.0
39	61	3.0
39	62	7.0
40	40	416.0
40	41	31.0
40	42	18.0
40	43	3.0
40	44	3.0
40	45	8.0
40	46	1.0
40	50	1.0
40	55	2.0
40	61	9.0
40	62	4.0
41	41	444.0
41	42	10.0
41	43	5.0
41	44	5.0
41	45	6.0
41	46	10.0
41	47	1.0
41	48	2.0
41	54	5.0
41	61	4.0
41	62	7.0
42	42	322.0
42	43	15.0
42	44	9.0
42	45	7.0
42	46	6.0
42	48	1.0
42	59	1.0
42	60	1.0
42	61	17.0
42	62	9.0
43	43	405.0
43	44	18.0
43	45	2.0
43	46	1.0
43	48	17.0
43	55	1.0
43	58	2.0
43	60	2.0
43	61	8.0
43	62	4.0
44	44	408.0
44	45	12.0
44	46	10.0
44	47	6.0
44	48	16.0
44	49	2.0
44	58	4.0
44	59	9.0
44	60	12.0
44	61	6.0
44	62	7.0
45	45	367.0
45	46	8.0
45	47	9.0
45	48	4.0
45	52	1.0
45	58	3.0
45	59	14.0
45	60	16.0
45	62	2.0
46	46	392.0
46	47	26.0
46	48	6.0
46	61	1.0
46	62	6.0
47	47	394.0
47	48	22.0
47	53	1.0
47	58	2.0
47	59	4.0
47	60	5.0
47	61	1.0
47	62	3.0
48	48	419.0
48	49	2.0
48	58	1.0
48	61	4.0
49	49	448.0
49	50	19.0
49	55	3.0
49	56	14.0
49	57	1.0
49	58	1.0
49	62	2.0
50	50	349.0
50	51	2.0
50	52	9.0
50	54	1.0
50	55	3.0
50	56	14.0
50	57	5.0
50	58	16.0
50	59	4.0
51	51	387.0
51	52	17.0
51	53	4.0
51	54	1.0
51	57	9.0
51	58	3.0
51	59	2.0
52	52	359.0
52	53	23.0
52	54	6.0
52	55	3.0
52	58	4.0
52	59	8.0
52	60	7.0
53	53	352.0
53	54	17.0
53	55	32.0
53	58	3.0
53	59	17.0
53	60	5.0
54	54	337.0
54	55	16.0
54	59	2.0
55	55	443.0
55	56	8.0
55	57	1.0
55	58	2.0
55	59	12.0
55	60	13.0
56	56	429.0
56	57	17.0
56	59	10.0
56	62	1.0
57	57	448.0
57	58	20.0
57	59	6.0
58	58	405.0
58	59	11.0
58	60	10.0
58	61	4.0
58	62	1.0
59	59	405.0
59	60	9.0
59	61	3.0
60	60	480.0
60	61	10.0
60	62	2.0
61	61	484.0
61	62	15.0
62	62	420.0
64	1	19.0
64	2	13.0
64	30	1.0
64	35	3.0
64	36	10.0
64	37	5.0
64	38	4.0
64	39	5.0
64	40	11.0
64	41	2.0
64	42	3.0
64	44	2.0
64	46	2.0
64	47	2.0
64	50	1.0
64	61	1.0
64	64	424.0
