16	16	63.0
16	17	3.0
17	17	503.0
17	18	5.0
17	31	2.0
18	18	482.0
18	19	4.0
18	20	11.0
18	21	4.0
18	23	1.0
18	37	1.0
19	19	652.0
19	20	7.0
19	23	2.0
19	29	1.0
19	30	2.0
19	37	3.0
19	44	1.0
19	46	1.0
19	48	1.0
20	20	408.0
20	21	28.0
20	22	2.0
20	25	2.0
20	29	2.0
20	30	1.0
20	31	2.0
20	37	12.0
20	43	1.0
20	44	1.0
20	45	1.0
20	46	6.0
20	47	2.0
20	49	3.0
21	21	331.0
21	22	3.0
21	23	7.0
21	24	8.0
21	26	1.0
21	27	1.0
21	28	1.0
21	29	6.0
21	30	2.0
21	31	2.0
21	32	3.0
21	34	1.0
21	35	6.0
21	36	2.0
21	37	2.0
21	38	3.0
21	40	1.0
21	43	4.0
21	44	8.0
21	45	9.0
21	46	5.0
21	47	3.0
21	48	1.0
21	49	3.0
22	22	564.0
22	23	12.0
22	24	2.0
22	25	3.0
22	28	8.0
22	30	7.0
22	32	15.0
22	33	10.0
22	34	1.0
22	36	1.0
22	37	1.0
22	41	1.0
22	42	2.0
22	43	3.0
22	44	4.0
22	48	3.0
23	23	609.0
23	24	15.0
23	25	8.0
23	29	3.0
23	30	4.0
23	32	11.0
23	33	1.0
23	36	3.0
23	37	13.0
23	41	2.0
23	42	2.0
23	43	9.0
23	44	3.0
23	45	1.0
23	48	1.0
23	49	1.0
24	24	576.0
24	25	9.0
24	27	1.0
24	29	1.0
24	31	4.0
24	32	9.0
24	33	1.0
24	35	11.0
24	36	9.0
24	40	1.0
24	43	1.0
24	47	7.0
24	48	16.0
24	50	5.0
25	25	463.0
25	26	10.0
25	27	5.0
25	28	5.0
25	29	5.0
25	30	2.0
25	31	1.0
25	36	9.0
25	44	2.0
25	48	5.0
25	49	3.0
25	50	1.0
26	26	688.0
26	27	21.0
26	28	7.0
26	29	2.0
26	31	6.0
26	42	1.0
26	43	2.0
26	44	2.0
26	45	3.0
26	46	1.0
26	47	5.0
26	48	3.0
26	49	9.0
26	50	3.0
27	27	592.0
27	28	17.0
27	29	4.0
27	30	4.0
27	31	3.0
27	36	1.0
27	42	2.0
27	43	8.0
27	44	9.0
27	45	2.0
27	47	5.0
27	48	5.0
27	49	9.0
27	50	1.0
28	28	523.0
28	29	17.0
28	30	26.0
28	31	11.0
28	33	1.0
28	36	1.0
28	38	10.0
28	43	5.0
28	44	1.0
28	47	4.0
28	49	10.0
29	29	562.0
29	30	15.0
29	31	13.0
29	37	1.0
29	42	2.0
29	43	7.0
29	44	4.0
29	45	13.0
29	46	7.0
29	47	2.0
29	49	2.0
29	50	2.0
30	30	638.0
30	31	12.0
30	42	3.0
30	43	4.0
30	44	1.0
30	45	3.0
30	46	2.0
30	47	1.0
31	31	557.0
31	32	11.0
31	35	1.0
31	36	2.0
31	38	3.0
31	39	1.0
31	40	1.0
31	41	4.0
31	42	12.0
31	43	7.0
31	44	11.0
31	45	1.0
31	47	4.0
31	48	3.0
31	50	3.0
32	32	595.0
32	33	24.0
32	34	4.0
32	35	7.0
32	36	4.0
32	38	1.0
32	39	8.0
32	40	9.0
32	42	1.0
32	44	3.0
32	48	4.0
33	33	617.0
33	34	27.0
33	35	24.0
33	36	3.0
33	38	1.0
33	39	1.0
33	40	2.0
34	34	589.0
34	35	18.0
34	36	7.0
34	37	1.0
34	38	1.0
34	39	3.0
34	40	1.0
35	35	607.0
35	36	17.0
35	37	1.0
35	38	8.0
35	40	1.0
35	46	1.0
36	36	650.0
36	37	17.0
36	38	18.0
36	39	1.0
36	40	2.0
36	44	1.0
36	47	1.0
36	50	2.0
37	37	719.0
37	38	18.0
37	39	1.0
37	43	2.0
37	44	11.0
37	45	5.0
37	46	2.0
38	38	675.0
38	39	13.0
38	40	6.0
38	41	14.0
38	47	3.0
38	49	2.0
38	50	1.0
39	39	625.0
39	40	34.0
39	41	11.0
39	42	7.0
39	44	1.0
39	45	5.0
39	49	4.0
39	50	1.0
40	40	561.0
40	41	8.0
40	42	9.0
40	43	2.0
40	44	5.0
40	45	6.0
40	46	4.0
40	47	1.0
40	48	4.0
40	49	5.0
41	41	578.0
41	42	13.0
41	43	4.0
41	50	1.0
42	42	613.0
42	43	22.0
42	44	5.0
42	45	7.0
42	46	4.0
43	43	611.0
43	44	25.0
43	45	14.0
43	46	8.0
43	49	1.0
44	44	647.0
44	45	19.0
44	46	6.0
44	47	3.0
44	50	4.0
45	45	630.0
45	46	19.0
45	47	2.0
45	48	4.0
45	49	4.0
45	50	3.0
46	46	648.0
46	47	7.0
46	48	2.0
46	49	1.0
46	50	2.0
46	51	1.0
47	47	666.0
47	48	15.0
47	49	10.0
47	50	4.0
48	48	649.0
48	49	18.0
48	50	1.0
49	49	668.0
49	50	11.0
50	50	643.0
50	51	2.0
51	51	127.0
