1	1	426.0
1	2	10.0
1	3	23.0
1	4	2.0
1	5	11.0
1	9	3.0
1	12	2.0
1	20	1.0
1	48	1.0
1	55	1.0
1	64	1.0
1	67	1.0
2	2	420.0
2	3	27.0
2	4	14.0
2	5	16.0
2	7	1.0
2	9	3.0
2	12	1.0
2	13	4.0
2	14	2.0
2	19	1.0
2	26	1.0
2	38	1.0
3	3	438.0
3	4	6.0
3	5	14.0
3	8	3.0
3	9	1.0
3	11	6.0
3	12	6.0
3	14	3.0
3	18	1.0
3	20	7.0
3	21	2.0
3	27	1.0
3	29	1.0
3	31	1.0
3	39	1.0
4	4	457.0
4	5	34.0
4	6	21.0
4	7	18.0
4	8	4.0
4	9	1.0
4	10	1.0
4	11	6.0
4	12	7.0
4	13	7.0
4	14	6.0
4	18	1.0
4	30	1.0
4	31	1.0
4	48	1.0
4	61	1.0
4	68	1.0
4	77	5.0
5	5	501.0
5	6	15.0
5	7	19.0
5	8	10.0
5	9	3.0
5	10	1.0
5	11	9.0
5	12	7.0
5	13	2.0
5	14	1.0
5	18	1.0
5	21	1.0
5	36	1.0
5	65	1.0
5	77	3.0
6	6	459.0
6	7	12.0
6	8	7.0
6	9	6.0
6	10	10.0
6	11	11.0
6	12	4.0
6	13	9.0
6	15	2.0
6	18	1.0
6	20	4.0
6	21	1.0
6	25	6.0
6	27	1.0
6	36	1.0
6	48	3.0
6	50	2.0
6	72	1.0
6	75	1.0
6	77	8.0
7	7	437.0
7	8	19.0
7	9	4.0
7	10	8.0
7	14	1.0
7	24	1.0
7	31	1.0
7	77	7.0
8	8	504.0
8	9	23.0
8	10	1.0
8	11	1.0
8	12	8.0
8	13	9.0
8	15	3.0
8	23	1.0
8	31	1.0
8	33	1.0
8	49	1.0
8	74	1.0
8	77	7.0
9	9	454.0
9	10	46.0
9	11	14.0
9	12	6.0
9	13	9.0
9	14	4.0
9	30	2.0
9	45	1.0
10	10	443.0
10	11	31.0
10	12	10.0
10	13	9.0
10	14	2.0
10	18	1.0
10	19	1.0
10	32	1.0
10	36	2.0
10	39	1.0
10	77	1.0
11	11	426.0
11	12	22.0
11	13	10.0
11	14	4.0
11	19	2.0
11	20	2.0
11	42	1.0
11	48	1.0
11	61	1.0
11	65	1.0
11	71	1.0
11	74	2.0
12	12	400.0
12	13	8.0
12	14	6.0
12	18	1.0
12	20	1.0
12	33	1.0
13	13	469.0
13	14	15.0
13	19	4.0
13	21	1.0
13	51	1.0
14	14	254.0
14	15	1.0
14	18	1.0
14	19	5.0
14	24	1.0
14	25	1.0
14	63	1.0
15	15	85.0
15	19	1.0
15	36	1.0
18	18	313.0
18	19	7.0
18	20	1.0
18	43	1.0
18	54	1.0
18	59	1.0
18	67	1.0
19	19	467.0
19	20	5.0
19	36	12.0
19	37	5.0
20	20	465.0
20	21	11.0
20	24	15.0
20	25	9.0
20	28	4.0
20	29	10.0
20	30	1.0
20	31	1.0
20	35	8.0
20	36	3.0
20	37	1.0
20	57	17.0
21	21	481.0
21	22	25.0
21	23	8.0
21	25	5.0
21	26	2.0
21	29	1.0
21	31	7.0
21	32	7.0
21	35	18.0
21	59	6.0
21	60	1.0
22	22	546.0
22	23	13.0
22	24	4.0
22	26	1.0
22	28	4.0
22	29	13.0
22	30	7.0
22	31	11.0
22	32	2.0
22	35	5.0
22	57	1.0
22	58	2.0
22	59	4.0
23	23	441.0
23	24	20.0
23	25	11.0
23	26	6.0
23	27	3.0
23	28	2.0
23	29	6.0
23	30	6.0
23	31	7.0
23	32	4.0
23	41	2.0
23	47	1.0
23	48	3.0
23	49	1.0
23	54	1.0
23	56	4.0
23	57	5.0
23	58	7.0
23	59	8.0
23	60	1.0
23	61	2.0
23	62	1.0
23	67	1.0
23	70	1.0
24	24	438.0
24	25	25.0
24	26	2.0
24	27	3.0
24	28	23.0
24	29	1.0
24	31	13.0
24	32	6.0
24	33	8.0
24	35	5.0
24	44	7.0
24	45	6.0
24	47	2.0
24	48	19.0
24	49	5.0
24	50	4.0
24	57	8.0
24	59	1.0
24	76	1.0
24	77	1.0
25	25	446.0
25	26	15.0
25	27	14.0
25	28	6.0
25	31	8.0
25	32	4.0
25	35	3.0
25	37	5.0
25	44	1.0
25	47	1.0
25	49	10.0
25	50	4.0
25	54	2.0
25	56	2.0
25	57	6.0
25	59	1.0
25	77	1.0
26	26	410.0
26	27	11.0
26	28	10.0
26	30	1.0
26	31	4.0
26	32	22.0
26	34	2.0
26	38	4.0
26	44	2.0
26	48	3.0
26	49	5.0
26	50	15.0
26	52	3.0
26	54	4.0
26	55	1.0
26	56	9.0
26	57	3.0
26	66	3.0
26	67	1.0
27	27	425.0
27	28	38.0
27	30	2.0
27	31	2.0
27	32	6.0
27	33	7.0
27	37	1.0
27	38	2.0
27	42	1.0
27	48	1.0
27	49	5.0
27	52	2.0
27	53	2.0
27	54	1.0
27	57	15.0
27	58	7.0
27	59	1.0
27	67	5.0
28	28	449.0
28	29	5.0
28	30	5.0
28	31	4.0
28	32	3.0
28	33	27.0
28	42	3.0
28	44	2.0
28	45	4.0
28	48	3.0
28	49	13.0
28	50	3.0
28	51	4.0
28	52	1.0
28	54	2.0
28	55	5.0
28	56	4.0
28	57	14.0
28	58	1.0
28	59	6.0
28	76	1.0
29	29	486.0
29	30	31.0
29	33	2.0
29	34	6.0
29	35	4.0
29	36	2.0
29	37	1.0
29	38	19.0
29	39	11.0
29	42	7.0
29	43	6.0
29	44	11.0
29	45	1.0
29	46	7.0
29	49	1.0
29	50	5.0
29	51	5.0
29	52	2.0
29	53	2.0
29	55	2.0
29	56	4.0
29	57	3.0
29	58	2.0
29	59	7.0
29	71	1.0
29	73	1.0
29	75	2.0
29	76	8.0
30	30	420.0
30	31	21.0
30	32	5.0
30	35	4.0
30	38	2.0
30	39	9.0
30	42	2.0
30	43	3.0
30	44	2.0
30	46	6.0
30	48	3.0
30	49	9.0
30	50	11.0
30	51	1.0
30	54	2.0
30	57	1.0
30	58	6.0
30	59	4.0
30	60	3.0
30	61	3.0
30	75	3.0
30	76	6.0
31	31	421.0
31	32	22.0
31	33	3.0
31	34	1.0
31	40	1.0
31	44	1.0
31	48	2.0
31	49	12.0
31	50	21.0
31	53	2.0
31	58	1.0
31	59	11.0
31	60	18.0
31	61	4.0
31	62	7.0
31	74	1.0
31	76	2.0
31	77	2.0
32	32	462.0
32	33	15.0
32	34	1.0
32	43	1.0
32	44	3.0
32	45	1.0
32	47	3.0
32	60	5.0
33	33	402.0
33	34	34.0
33	43	3.0
33	44	12.0
33	45	4.0
33	46	3.0
33	47	3.0
33	48	2.0
33	49	1.0
33	50	2.0
33	51	7.0
33	55	2.0
33	59	1.0
33	76	1.0
34	34	430.0
34	35	11.0
34	36	6.0
34	37	3.0
34	38	6.0
34	41	1.0
34	42	3.0
34	43	2.0
34	44	14.0
34	45	4.0
34	46	5.0
34	47	1.0
34	48	5.0
34	49	9.0
34	50	2.0
34	51	1.0
34	53	2.0
34	54	4.0
34	63	1.0
34	72	5.0
34	73	1.0
34	75	3.0
34	76	2.0
35	35	478.0
35	36	37.0
35	37	24.0
35	38	4.0
35	42	1.0
35	46	1.0
35	51	1.0
35	52	6.0
35	53	9.0
35	54	13.0
35	55	4.0
35	57	4.0
35	58	2.0
35	59	3.0
35	61	4.0
35	62	1.0
35	63	1.0
35	72	4.0
35	73	3.0
36	36	457.0
36	37	45.0
36	38	12.0
36	39	3.0
36	41	1.0
36	49	1.0
36	51	3.0
36	52	2.0
36	53	2.0
36	54	6.0
36	61	11.0
36	66	1.0
36	72	2.0
36	73	5.0
36	75	1.0
37	37	407.0
37	38	8.0
37	39	2.0
37	41	3.0
37	51	4.0
37	52	2.0
37	53	5.0
37	54	5.0
37	61	8.0
37	70	1.0
37	73	6.0
37	75	1.0
37	76	2.0
38	38	450.0
38	39	21.0
38	40	5.0
38	41	8.0
38	42	7.0
38	43	1.0
38	47	14.0
38	48	7.0
38	49	5.0
38	50	10.0
38	51	4.0
38	52	1.0
38	66	3.0
38	67	3.0
38	70	10.0
38	71	1.0
38	73	6.0
38	75	3.0
38	76	12.0
39	39	428.0
39	40	31.0
39	41	14.0
39	42	5.0
39	43	14.0
39	44	2.0
39	46	1.0
39	47	5.0
39	48	10.0
39	49	3.0
39	50	2.0
39	51	4.0
39	53	1.0
39	55	5.0
39	66	6.0
39	67	3.0
39	68	4.0
39	70	4.0
39	71	6.0
39	73	5.0
39	75	6.0
39	76	2.0
40	40	412.0
40	41	5.0
40	42	9.0
40	43	9.0
40	44	9.0
40	47	13.0
40	48	13.0
40	49	2.0
40	50	6.0
40	51	6.0
40	54	1.0
40	55	9.0
40	56	1.0
40	65	1.0
40	66	2.0
40	67	4.0
40	68	7.0
40	71	1.0
41	41	453.0
41	42	26.0
41	43	3.0
41	44	2.0
41	45	3.0
41	47	6.0
41	48	1.0
41	54	1.0
41	63	2.0
41	64	6.0
41	66	3.0
41	67	3.0
41	69	4.0
41	70	13.0
41	71	5.0
41	72	8.0
41	73	12.0
41	75	11.0
42	42	515.0
42	43	17.0
42	44	1.0
42	45	1.0
42	47	4.0
42	50	1.0
42	51	2.0
42	52	3.0
42	53	2.0
42	54	1.0
42	58	2.0
42	60	4.0
42	61	1.0
42	62	4.0
42	63	3.0
42	64	2.0
42	66	6.0
42	67	14.0
42	69	1.0
42	70	1.0
42	71	7.0
42	72	4.0
42	73	7.0
42	75	27.0
42	76	3.0
43	43	451.0
43	44	20.0
43	46	18.0
43	47	12.0
43	48	7.0
43	50	1.0
43	51	3.0
43	52	6.0
43	53	3.0
43	54	3.0
43	55	4.0
43	66	3.0
43	67	2.0
43	68	2.0
43	69	1.0
43	70	5.0
43	71	6.0
43	72	11.0
43	73	2.0
43	75	14.0
43	76	3.0
44	44	451.0
44	45	29.0
44	46	15.0
44	47	14.0
44	48	7.0
44	49	2.0
44	50	1.0
44	51	3.0
44	53	2.0
44	55	4.0
44	66	2.0
44	67	1.0
44	68	8.0
44	69	6.0
44	70	5.0
44	71	1.0
44	72	2.0
44	73	1.0
44	76	5.0
45	45	502.0
45	46	8.0
45	47	7.0
45	48	6.0
45	49	1.0
45	50	1.0
45	51	2.0
45	54	2.0
45	55	1.0
45	58	1.0
45	63	8.0
45	64	3.0
45	65	7.0
45	66	2.0
45	68	12.0
45	69	21.0
45	70	5.0
45	71	3.0
45	72	2.0
46	46	527.0
46	47	1.0
46	48	2.0
46	50	1.0
46	64	1.0
46	68	7.0
46	70	1.0
46	71	3.0
46	72	15.0
47	47	507.0
47	48	11.0
47	52	4.0
47	53	4.0
47	54	3.0
47	55	5.0
47	63	1.0
47	66	1.0
47	67	9.0
47	68	4.0
47	70	6.0
47	71	2.0
47	72	1.0
47	76	1.0
48	48	503.0
48	49	27.0
48	50	4.0
48	55	9.0
48	68	1.0
48	71	1.0
48	72	1.0
48	76	6.0
48	77	6.0
49	49	446.0
49	50	30.0
49	51	3.0
49	52	1.0
49	55	8.0
49	56	2.0
49	57	5.0
49	66	3.0
49	67	3.0
49	75	1.0
49	76	13.0
49	77	2.0
50	50	410.0
50	51	11.0
50	52	1.0
50	54	4.0
50	55	1.0
50	56	3.0
50	61	1.0
50	66	1.0
50	67	2.0
50	76	4.0
50	77	1.0
51	51	481.0
51	52	19.0
51	54	2.0
51	55	6.0
51	61	3.0
51	63	1.0
51	67	1.0
51	71	1.0
51	76	5.0
52	52	358.0
52	53	20.0
52	54	34.0
52	55	8.0
52	56	10.0
52	57	2.0
52	58	2.0
52	59	8.0
52	60	2.0
52	61	7.0
52	62	1.0
52	67	7.0
52	76	1.0
53	53	455.0
53	54	28.0
53	55	9.0
53	56	1.0
53	58	24.0
53	59	11.0
53	61	1.0
53	62	3.0
53	63	7.0
53	66	2.0
54	54	453.0
54	55	23.0
54	56	10.0
54	57	9.0
54	58	4.0
54	59	3.0
54	61	5.0
54	62	2.0
54	63	4.0
54	65	1.0
54	69	1.0
54	70	1.0
54	73	2.0
55	55	485.0
55	56	9.0
55	57	3.0
55	59	2.0
55	66	1.0
55	67	1.0
55	71	1.0
56	56	482.0
56	57	8.0
56	58	1.0
56	59	13.0
56	66	6.0
56	67	1.0
57	57	438.0
57	58	13.0
57	59	16.0
57	60	1.0
57	61	9.0
57	62	4.0
57	63	1.0
57	67	1.0
58	58	411.0
58	59	26.0
58	60	5.0
58	61	6.0
58	62	18.0
58	63	6.0
59	59	457.0
59	60	17.0
59	61	4.0
59	62	9.0
59	67	1.0
60	60	470.0
60	61	31.0
60	62	3.0
60	63	5.0
61	61	444.0
61	62	26.0
61	63	31.0
61	64	8.0
62	62	363.0
62	63	16.0
62	64	19.0
62	65	5.0
62	66	4.0
62	67	10.0
62	70	1.0
62	74	1.0
63	63	406.0
63	64	24.0
63	65	17.0
63	66	14.0
63	69	2.0
64	64	429.0
64	65	3.0
64	66	29.0
64	67	20.0
64	69	8.0
64	70	1.0
65	65	451.0
65	66	13.0
65	67	13.0
65	68	11.0
65	69	4.0
65	70	2.0
65	71	9.0
65	72	12.0
66	66	375.0
66	67	32.0
66	68	6.0
66	69	2.0
66	70	1.0
66	71	9.0
66	72	5.0
67	67	397.0
67	68	11.0
67	69	1.0
67	70	3.0
67	71	11.0
67	72	4.0
67	75	1.0
68	68	446.0
68	69	18.0
68	70	5.0
68	71	14.0
68	72	8.0
69	69	419.0
69	70	28.0
69	71	14.0
69	72	1.0
69	77	1.0
70	70	433.0
70	71	33.0
70	74	2.0
70	75	1.0
71	71	476.0
71	72	8.0
71	73	1.0
72	72	421.0
72	73	25.0
72	74	2.0
72	75	6.0
72	76	2.0
72	77	1.0
73	73	446.0
73	74	5.0
73	75	11.0
73	76	2.0
74	74	457.0
74	75	24.0
74	76	9.0
74	77	1.0
75	75	418.0
75	76	17.0
76	76	485.0
77	77	501.0
78	78	8.0
79	3	4.0
79	4	3.0
79	9	2.0
79	10	3.0
79	11	3.0
79	12	6.0
79	18	5.0
79	19	3.0
79	33	1.0
79	37	1.0
79	79	412.0
