1	1	571.0
1	2	40.0
1	3	5.0
1	4	1.0
1	5	2.0
1	6	3.0
1	7	1.0
1	10	3.0
1	12	1.0
1	13	8.0
1	14	1.0
1	18	4.0
1	28	3.0
2	2	540.0
2	3	24.0
2	4	3.0
2	5	9.0
2	6	4.0
2	10	6.0
2	11	1.0
2	12	10.0
2	13	26.0
2	29	1.0
2	71	1.0
2	77	1.0
3	3	576.0
3	4	7.0
3	5	27.0
3	6	1.0
3	10	1.0
3	11	11.0
3	12	7.0
3	13	5.0
3	14	2.0
3	20	8.0
3	21	6.0
3	22	1.0
3	23	1.0
3	24	1.0
3	27	2.0
3	28	8.0
3	29	5.0
3	30	11.0
3	31	2.0
3	37	1.0
3	60	1.0
3	61	1.0
3	67	2.0
4	4	546.0
4	5	9.0
4	6	1.0
4	7	1.0
4	10	1.0
4	11	8.0
4	12	14.0
4	13	1.0
4	14	13.0
4	18	3.0
4	19	7.0
4	20	4.0
4	29	1.0
4	30	2.0
4	31	2.0
4	32	2.0
4	49	1.0
4	50	3.0
4	51	6.0
4	59	2.0
4	61	5.0
4	62	13.0
4	63	11.0
4	64	3.0
4	67	3.0
5	5	589.0
5	6	23.0
5	7	9.0
5	8	3.0
5	11	7.0
5	13	12.0
5	14	8.0
5	19	10.0
5	20	6.0
5	23	1.0
5	42	1.0
5	43	2.0
5	45	1.0
5	48	6.0
5	49	1.0
5	50	5.0
5	51	2.0
5	52	4.0
5	53	1.0
5	54	3.0
5	56	4.0
5	59	2.0
5	60	2.0
5	63	1.0
5	64	1.0
5	74	2.0
5	75	5.0
6	6	577.0
6	7	5.0
6	13	9.0
6	14	8.0
6	15	1.0
6	19	4.0
6	20	1.0
6	21	4.0
6	23	1.0
6	25	1.0
6	40	1.0
6	41	10.0
6	42	2.0
6	44	3.0
6	45	1.0
6	48	9.0
6	49	3.0
6	50	1.0
6	51	1.0
6	52	7.0
6	53	20.0
6	54	12.0
6	55	7.0
6	59	6.0
6	60	6.0
6	62	4.0
6	63	1.0
6	70	1.0
7	7	615.0
7	8	17.0
7	10	1.0
7	11	5.0
7	14	1.0
7	15	1.0
7	19	1.0
7	20	1.0
7	36	1.0
7	43	2.0
7	44	3.0
7	48	6.0
7	49	3.0
7	50	2.0
7	51	17.0
7	54	1.0
7	55	6.0
7	56	16.0
7	57	12.0
7	58	9.0
7	59	5.0
7	61	3.0
7	64	1.0
7	66	1.0
7	73	2.0
7	75	5.0
7	76	9.0
7	77	4.0
8	8	588.0
8	9	11.0
8	10	5.0
8	11	1.0
8	12	2.0
8	13	8.0
8	14	1.0
8	19	3.0
8	21	1.0
8	31	1.0
8	48	13.0
8	50	1.0
8	51	6.0
8	52	1.0
8	54	1.0
8	55	4.0
8	56	7.0
8	57	4.0
8	58	8.0
8	59	2.0
8	61	12.0
8	62	1.0
8	64	1.0
8	75	4.0
8	76	13.0
8	77	10.0
9	9	608.0
9	10	23.0
9	11	1.0
9	18	1.0
9	44	1.0
9	45	1.0
9	46	1.0
9	67	1.0
9	75	3.0
9	76	6.0
9	77	1.0
10	10	586.0
10	11	21.0
10	12	2.0
10	29	1.0
10	31	1.0
10	48	1.0
10	55	8.0
10	56	5.0
10	57	3.0
10	58	2.0
10	59	4.0
10	60	7.0
10	68	1.0
10	75	5.0
10	76	4.0
10	77	3.0
11	11	570.0
11	12	13.0
11	18	3.0
11	22	1.0
11	31	1.0
11	46	1.0
11	55	13.0
11	56	8.0
11	57	4.0
11	58	1.0
11	59	4.0
11	60	2.0
11	61	1.0
11	64	1.0
11	66	1.0
11	71	1.0
11	77	6.0
12	12	558.0
12	13	10.0
12	18	1.0
12	32	1.0
12	43	1.0
12	49	1.0
12	55	2.0
12	56	2.0
12	57	6.0
12	58	3.0
12	59	5.0
12	60	6.0
12	61	1.0
12	77	3.0
13	13	578.0
13	14	19.0
13	19	16.0
13	20	6.0
13	21	18.0
13	22	7.0
13	23	1.0
13	24	1.0
13	36	1.0
13	57	12.0
13	58	3.0
13	59	1.0
13	60	1.0
13	61	10.0
13	63	7.0
14	14	356.0
14	15	2.0
14	18	1.0
14	19	10.0
14	20	2.0
14	21	5.0
14	22	3.0
14	31	1.0
14	33	1.0
14	46	1.0
14	49	3.0
14	50	2.0
14	57	4.0
14	61	4.0
14	62	10.0
14	63	5.0
14	64	1.0
15	15	109.0
15	18	2.0
15	21	1.0
15	50	1.0
15	61	1.0
15	63	3.0
18	18	403.0
18	19	10.0
18	22	1.0
18	23	3.0
18	24	7.0
18	27	1.0
18	30	6.0
18	31	1.0
18	32	3.0
18	40	1.0
18	52	1.0
18	57	1.0
18	59	1.0
18	62	1.0
18	63	7.0
18	64	6.0
18	67	2.0
18	77	4.0
19	19	521.0
19	20	7.0
19	21	12.0
19	22	6.0
19	23	13.0
19	24	6.0
19	25	2.0
19	29	2.0
19	30	5.0
19	31	1.0
19	45	1.0
19	55	1.0
19	57	6.0
19	59	1.0
19	61	2.0
19	62	6.0
19	63	2.0
19	64	4.0
19	67	1.0
19	77	1.0
20	20	551.0
20	21	15.0
20	22	6.0
20	23	17.0
20	24	11.0
20	25	6.0
20	27	4.0
20	28	2.0
20	30	7.0
20	31	3.0
20	54	2.0
20	61	6.0
20	62	9.0
21	21	526.0
21	22	35.0
21	23	23.0
21	24	10.0
21	25	5.0
21	27	5.0
21	28	2.0
21	29	1.0
21	30	6.0
21	31	3.0
21	32	2.0
21	54	1.0
21	59	1.0
21	60	3.0
21	61	1.0
21	62	4.0
21	64	1.0
21	72	1.0
22	22	584.0
22	23	36.0
22	24	20.0
22	28	1.0
22	29	8.0
22	30	4.0
22	31	7.0
22	59	2.0
22	60	1.0
22	64	5.0
23	23	565.0
23	24	42.0
23	27	2.0
23	29	12.0
23	30	6.0
23	31	16.0
23	32	1.0
23	34	2.0
23	57	1.0
23	61	2.0
23	62	5.0
23	64	1.0
24	24	580.0
24	25	3.0
24	27	9.0
24	28	2.0
24	29	20.0
24	30	15.0
24	31	18.0
24	32	3.0
24	40	1.0
24	62	1.0
24	64	1.0
25	25	532.0
25	26	18.0
25	28	2.0
25	29	5.0
25	30	7.0
25	31	9.0
25	32	8.0
25	33	3.0
25	34	3.0
25	62	5.0
26	26	551.0
26	27	17.0
26	28	3.0
26	29	3.0
26	30	7.0
26	31	1.0
26	64	1.0
26	69	3.0
26	70	1.0
27	27	520.0
27	28	28.0
27	30	6.0
27	31	1.0
27	32	7.0
27	34	9.0
27	38	1.0
27	48	1.0
27	62	1.0
27	63	1.0
27	68	1.0
27	77	1.0
28	28	516.0
28	29	6.0
28	30	11.0
28	31	7.0
28	32	8.0
28	33	2.0
28	34	4.0
28	38	1.0
28	49	1.0
28	59	1.0
28	62	3.0
28	64	1.0
28	67	1.0
28	68	3.0
29	29	541.0
29	30	22.0
29	31	23.0
29	32	9.0
29	62	1.0
30	30	525.0
30	31	19.0
30	32	10.0
30	57	1.0
30	62	4.0
30	64	1.0
30	67	2.0
31	31	537.0
31	32	14.0
31	33	3.0
31	34	1.0
31	50	1.0
31	53	1.0
31	64	1.0
32	32	529.0
32	33	17.0
32	34	3.0
32	38	1.0
32	40	4.0
32	49	9.0
32	52	2.0
32	53	1.0
32	58	1.0
32	63	1.0
32	64	2.0
32	67	6.0
32	68	3.0
32	69	2.0
33	33	588.0
33	34	16.0
33	38	13.0
33	39	3.0
33	40	15.0
33	46	1.0
33	49	1.0
33	52	1.0
33	68	9.0
33	69	2.0
33	71	4.0
34	34	561.0
34	35	8.0
34	38	4.0
34	39	9.0
34	40	8.0
34	58	1.0
34	67	1.0
35	35	594.0
35	36	25.0
35	37	21.0
35	38	13.0
35	39	1.0
36	36	582.0
36	37	25.0
36	44	1.0
36	67	1.0
37	37	566.0
37	38	9.0
37	39	2.0
37	57	9.0
38	38	541.0
38	39	28.0
38	40	10.0
38	57	3.0
38	58	4.0
38	59	4.0
39	39	519.0
39	40	19.0
39	41	7.0
39	42	1.0
39	43	9.0
39	49	7.0
39	57	3.0
39	58	12.0
39	59	9.0
39	69	1.0
39	75	1.0
40	40	531.0
40	41	5.0
40	42	1.0
40	43	3.0
40	57	2.0
40	58	1.0
40	59	22.0
40	60	6.0
40	61	1.0
40	63	9.0
40	64	1.0
40	68	4.0
40	69	6.0
40	70	1.0
40	71	11.0
40	72	2.0
41	41	520.0
41	42	31.0
41	43	7.0
41	48	1.0
41	49	14.0
41	52	12.0
41	53	2.0
41	57	5.0
41	59	1.0
41	61	3.0
41	63	2.0
41	66	1.0
41	69	6.0
41	70	12.0
41	71	2.0
42	42	568.0
42	43	8.0
42	46	1.0
42	49	14.0
42	52	4.0
42	53	6.0
42	54	1.0
42	55	2.0
42	59	3.0
42	60	1.0
42	64	2.0
42	66	3.0
42	69	6.0
42	70	2.0
42	71	10.0
42	72	2.0
43	43	598.0
43	44	13.0
43	45	5.0
43	48	2.0
43	49	6.0
43	52	6.0
43	53	3.0
43	54	1.0
43	55	13.0
43	56	3.0
43	57	3.0
43	58	1.0
43	66	1.0
43	70	1.0
43	74	10.0
43	76	4.0
44	44	576.0
44	45	21.0
44	47	5.0
44	48	3.0
44	54	1.0
44	55	12.0
44	56	2.0
44	71	1.0
44	72	2.0
44	75	4.0
44	76	5.0
45	45	550.0
45	46	9.0
45	47	9.0
45	48	10.0
45	49	2.0
45	54	1.0
45	55	6.0
45	56	3.0
45	64	1.0
45	71	2.0
45	72	6.0
45	73	3.0
45	74	10.0
45	75	7.0
45	76	2.0
46	46	656.0
46	47	3.0
46	48	1.0
46	64	1.0
46	72	11.0
46	74	2.0
46	75	2.0
47	47	598.0
47	48	14.0
47	50	1.0
47	62	1.0
47	70	1.0
47	72	5.0
47	73	14.0
47	74	3.0
47	75	6.0
47	77	3.0
48	48	558.0
48	49	13.0
48	50	1.0
48	51	5.0
48	52	4.0
48	53	6.0
48	55	1.0
48	56	12.0
48	57	1.0
48	58	4.0
48	59	6.0
48	60	2.0
48	72	4.0
48	73	9.0
48	74	8.0
48	75	11.0
48	76	11.0
49	49	586.0
49	50	6.0
49	52	21.0
49	53	1.0
49	55	1.0
49	56	3.0
49	57	8.0
49	58	9.0
49	59	4.0
49	62	2.0
49	63	5.0
49	66	3.0
49	67	6.0
49	68	6.0
49	69	5.0
49	70	3.0
49	71	2.0
49	72	3.0
49	74	1.0
50	50	560.0
50	51	33.0
50	52	20.0
50	54	2.0
50	55	2.0
50	56	3.0
50	57	5.0
50	62	2.0
50	63	6.0
50	64	1.0
50	65	7.0
50	66	10.0
50	67	1.0
50	68	1.0
50	69	1.0
50	75	1.0
51	51	561.0
51	52	20.0
51	54	6.0
51	55	6.0
51	56	12.0
51	57	2.0
51	58	3.0
51	59	6.0
51	63	1.0
51	64	8.0
51	65	4.0
51	66	7.0
51	67	1.0
51	70	1.0
51	73	4.0
51	75	4.0
52	52	463.0
52	53	22.0
52	54	23.0
52	55	3.0
52	56	2.0
52	57	2.0
52	59	1.0
52	64	8.0
52	65	3.0
52	66	3.0
52	67	2.0
52	70	1.0
52	71	1.0
52	75	2.0
53	53	555.0
53	54	34.0
53	55	11.0
53	56	1.0
53	59	1.0
53	63	3.0
53	64	3.0
53	67	1.0
54	54	586.0
54	55	32.0
54	56	1.0
54	58	2.0
54	60	1.0
54	64	5.0
54	65	5.0
54	66	1.0
55	55	606.0
55	56	21.0
55	57	2.0
55	58	2.0
55	59	6.0
55	60	1.0
55	74	1.0
55	76	1.0
55	77	8.0
56	56	628.0
56	57	7.0
56	58	4.0
56	59	2.0
56	74	2.0
56	75	4.0
56	76	3.0
56	77	9.0
57	57	561.0
57	58	28.0
57	59	7.0
57	60	1.0
57	61	2.0
57	66	1.0
57	77	2.0
58	58	512.0
58	59	18.0
58	60	2.0
58	61	6.0
58	77	3.0
59	59	540.0
59	60	21.0
59	61	11.0
59	62	3.0
59	63	4.0
59	64	6.0
59	66	1.0
59	69	1.0
60	60	606.0
60	61	12.0
60	62	14.0
60	63	11.0
60	64	2.0
60	72	1.0
60	77	4.0
61	61	582.0
61	62	23.0
61	63	15.0
61	64	25.0
61	66	3.0
61	69	3.0
61	71	1.0
62	62	527.0
62	63	34.0
62	64	10.0
62	66	1.0
62	67	2.0
62	76	1.0
63	63	543.0
63	64	23.0
63	66	2.0
63	67	4.0
63	69	6.0
64	64	545.0
64	65	14.0
64	66	12.0
64	67	10.0
64	68	11.0
64	69	20.0
64	70	5.0
64	74	1.0
65	65	531.0
65	66	41.0
65	67	8.0
65	68	14.0
65	69	4.0
65	70	7.0
65	74	1.0
66	66	484.0
66	67	21.0
66	68	9.0
66	69	14.0
66	70	8.0
66	71	1.0
66	74	1.0
66	76	1.0
66	77	1.0
67	67	542.0
67	68	30.0
67	69	2.0
67	72	1.0
67	74	1.0
68	68	563.0
68	69	22.0
68	70	12.0
68	71	7.0
68	72	3.0
69	69	514.0
69	70	29.0
69	71	10.0
69	72	4.0
69	74	1.0
70	70	467.0
70	71	30.0
70	72	2.0
70	74	5.0
70	75	1.0
71	71	629.0
71	72	20.0
71	73	8.0
71	74	1.0
71	77	1.0
72	72	556.0
72	73	29.0
72	74	2.0
72	75	3.0
73	73	627.0
73	74	5.0
73	75	5.0
74	74	604.0
74	75	18.0
74	76	1.0
75	75	566.0
75	76	17.0
76	76	628.0
76	77	7.0
77	77	714.0
77	78	1.0
78	78	8.0
79	1	7.0
79	2	19.0
79	3	1.0
79	4	3.0
79	5	1.0
79	8	7.0
79	9	1.0
79	10	11.0
79	11	12.0
79	12	4.0
79	13	5.0
79	14	4.0
79	40	1.0
79	44	1.0
79	47	1.0
79	54	1.0
79	75	3.0
79	77	1.0
79	78	1.0
79	79	542.0
