1	1	969.0
1	2	63.0
1	3	3.0
1	6	1.0
1	10	1.0
1	14	2.0
1	20	1.0
1	32	1.0
1	46	3.0
1	48	1.0
1	67	1.0
1	69	1.0
1	71	5.0
1	77	1.0
1	78	2.0
1	85	1.0
1	91	1.0
1	112	1.0
1	116	1.0
1	119	2.0
2	2	1070.0
2	3	21.0
2	6	1.0
2	9	13.0
2	10	4.0
2	12	1.0
2	34	2.0
2	43	1.0
2	61	1.0
2	69	1.0
2	70	2.0
2	73	1.0
2	87	1.0
2	90	1.0
2	98	1.0
2	119	3.0
2	127	1.0
3	3	681.0
3	4	25.0
3	5	1.0
3	6	1.0
3	8	15.0
3	9	22.0
3	10	11.0
3	13	1.0
3	14	10.0
3	15	12.0
3	26	1.0
3	28	1.0
3	29	6.0
3	30	9.0
3	31	1.0
3	32	6.0
3	33	12.0
3	34	7.0
3	35	6.0
3	36	1.0
3	37	4.0
3	38	3.0
3	42	1.0
3	43	5.0
3	46	4.0
3	47	5.0
3	49	1.0
3	58	1.0
3	59	1.0
3	67	2.0
3	68	1.0
3	78	1.0
3	85	1.0
3	89	1.0
3	121	2.0
3	122	2.0
4	4	757.0
4	5	48.0
4	6	17.0
4	7	17.0
4	8	8.0
4	13	9.0
4	14	5.0
4	17	1.0
4	18	1.0
4	22	6.0
4	23	1.0
4	26	1.0
4	29	8.0
4	30	22.0
4	32	7.0
4	33	1.0
4	34	9.0
4	37	9.0
4	38	1.0
4	42	1.0
4	43	4.0
4	44	1.0
4	46	6.0
4	47	3.0
4	58	1.0
4	59	4.0
4	68	1.0
4	70	1.0
4	76	1.0
4	78	1.0
4	83	1.0
4	85	1.0
4	93	1.0
4	98	1.0
4	104	1.0
4	131	1.0
5	5	742.0
5	6	49.0
5	7	25.0
5	8	13.0
5	10	2.0
5	13	6.0
5	14	9.0
5	16	2.0
5	21	3.0
5	23	8.0
5	25	4.0
5	26	16.0
5	27	6.0
5	29	1.0
5	30	7.0
5	32	1.0
5	33	2.0
5	36	9.0
5	37	13.0
5	38	1.0
5	39	3.0
5	41	9.0
5	42	11.0
5	47	1.0
5	56	1.0
5	57	8.0
5	58	6.0
5	59	1.0
5	62	3.0
5	91	1.0
5	96	1.0
6	6	788.0
6	7	40.0
6	8	15.0
6	11	1.0
6	14	1.0
6	17	1.0
6	20	3.0
6	21	5.0
6	22	14.0
6	25	1.0
6	26	3.0
6	27	21.0
6	28	2.0
6	30	5.0
6	33	2.0
6	34	16.0
6	35	1.0
6	36	1.0
6	37	1.0
6	46	1.0
6	49	1.0
6	55	1.0
6	56	8.0
6	57	33.0
6	58	1.0
6	60	1.0
6	67	1.0
6	71	1.0
6	93	1.0
6	95	1.0
6	109	1.0
6	111	4.0
6	124	1.0
7	7	809.0
7	8	17.0
7	10	1.0
7	11	2.0
7	16	1.0
7	22	3.0
7	27	8.0
7	28	16.0
7	29	9.0
7	30	3.0
7	31	7.0
7	33	4.0
7	48	1.0
7	56	23.0
7	57	13.0
7	58	10.0
7	60	1.0
7	68	1.0
7	69	1.0
7	87	5.0
7	88	8.0
7	94	3.0
7	95	4.0
7	100	2.0
7	111	8.0
7	121	1.0
7	123	1.0
7	124	1.0
8	8	912.0
8	9	30.0
8	10	2.0
8	11	24.0
8	12	3.0
8	13	16.0
8	14	4.0
8	19	4.0
8	23	1.0
8	27	2.0
8	32	2.0
8	33	1.0
8	34	13.0
8	35	7.0
8	39	1.0
8	42	1.0
8	45	2.0
8	55	1.0
8	56	23.0
8	57	2.0
8	60	2.0
8	88	3.0
8	92	8.0
8	93	10.0
8	94	10.0
8	95	10.0
8	111	9.0
8	112	2.0
8	133	1.0
9	9	851.0
9	10	77.0
9	11	6.0
9	12	3.0
9	13	3.0
9	14	7.0
9	18	4.0
9	19	12.0
9	33	4.0
9	55	2.0
9	57	1.0
9	65	1.0
9	68	1.0
9	75	1.0
9	76	7.0
9	93	7.0
9	99	1.0
9	102	1.0
9	107	1.0
9	111	2.0
9	112	14.0
9	113	3.0
9	116	1.0
9	123	1.0
9	124	2.0
9	126	1.0
9	129	1.0
10	10	845.0
10	11	62.0
10	12	11.0
10	13	8.0
10	14	6.0
10	15	2.0
10	17	16.0
10	18	15.0
10	19	5.0
10	30	1.0
10	35	1.0
10	39	1.0
10	46	1.0
10	57	1.0
10	59	1.0
10	75	4.0
10	76	9.0
10	77	2.0
10	97	1.0
10	100	1.0
10	111	3.0
10	112	10.0
10	113	3.0
10	121	3.0
10	126	1.0
10	130	1.0
10	131	1.0
11	11	944.0
11	12	74.0
11	13	42.0
11	14	14.0
11	15	11.0
11	16	10.0
11	17	9.0
11	19	1.0
11	34	1.0
11	40	4.0
11	41	2.0
11	43	1.0
11	45	7.0
11	46	1.0
11	55	1.0
11	59	1.0
11	61	1.0
11	76	1.0
11	80	1.0
11	85	1.0
11	87	1.0
11	88	1.0
11	102	2.0
11	109	2.0
11	111	5.0
11	112	6.0
11	113	1.0
11	122	1.0
11	130	2.0
11	131	11.0
11	132	3.0
12	12	874.0
12	13	81.0
12	14	9.0
12	15	22.0
12	17	6.0
12	29	1.0
12	34	1.0
12	45	7.0
12	48	1.0
12	76	3.0
12	108	1.0
12	109	13.0
12	112	8.0
12	113	7.0
12	114	1.0
12	118	1.0
12	123	1.0
12	125	1.0
12	130	1.0
12	131	5.0
13	13	834.0
13	14	55.0
13	15	5.0
13	16	1.0
13	17	20.0
13	18	1.0
13	21	6.0
13	31	2.0
13	32	7.0
13	34	6.0
13	41	2.0
13	42	3.0
13	44	7.0
13	45	10.0
13	55	1.0
13	60	1.0
13	87	1.0
13	93	1.0
13	109	6.0
13	112	2.0
13	114	1.0
13	134	1.0
14	14	800.0
14	15	26.0
14	16	15.0
14	17	27.0
14	18	2.0
14	20	5.0
14	21	17.0
14	22	13.0
14	29	1.0
14	30	2.0
14	31	6.0
14	32	8.0
14	33	2.0
14	34	16.0
14	35	2.0
14	37	1.0
14	38	7.0
14	40	1.0
14	42	13.0
14	43	4.0
14	44	5.0
14	93	1.0
14	105	1.0
14	123	1.0
15	15	812.0
15	16	60.0
15	17	28.0
15	18	1.0
15	19	1.0
15	20	4.0
15	21	4.0
15	22	2.0
15	28	2.0
15	29	4.0
15	30	9.0
15	31	11.0
15	32	3.0
15	33	25.0
15	34	5.0
15	35	24.0
15	36	4.0
15	37	11.0
15	38	5.0
15	40	1.0
15	43	3.0
15	44	5.0
15	46	1.0
15	48	2.0
15	49	1.0
15	51	5.0
15	55	16.0
15	56	16.0
15	57	4.0
15	61	1.0
15	80	1.0
15	86	1.0
15	110	1.0
15	112	2.0
15	113	3.0
15	118	2.0
15	121	1.0
16	16	768.0
16	17	26.0
16	28	10.0
16	29	1.0
16	30	6.0
16	32	1.0
16	33	7.0
16	35	2.0
16	36	1.0
16	37	16.0
16	38	10.0
16	45	5.0
16	46	1.0
16	47	1.0
16	49	14.0
16	50	10.0
16	51	1.0
16	55	21.0
16	56	4.0
16	57	5.0
16	68	1.0
16	79	3.0
16	108	1.0
16	112	4.0
16	113	7.0
16	116	1.0
16	119	2.0
16	131	1.0
17	17	886.0
17	18	14.0
17	20	9.0
17	21	25.0
17	22	25.0
17	26	17.0
17	27	18.0
17	29	1.0
17	30	17.0
17	31	4.0
17	32	1.0
17	33	2.0
17	42	1.0
17	43	8.0
17	44	20.0
17	45	2.0
17	50	3.0
17	55	3.0
17	56	1.0
17	57	2.0
17	61	2.0
17	64	2.0
17	70	1.0
17	75	9.0
17	77	2.0
17	78	1.0
17	86	8.0
17	91	1.0
17	112	11.0
17	120	1.0
18	18	844.0
18	19	17.0
18	20	2.0
18	22	23.0
18	23	10.0
18	24	9.0
18	25	8.0
18	26	6.0
18	31	2.0
18	32	1.0
18	39	1.0
18	43	5.0
18	44	9.0
18	51	2.0
18	55	1.0
18	61	1.0
18	67	3.0
18	75	16.0
18	76	14.0
18	79	1.0
18	81	1.0
18	90	1.0
18	91	18.0
18	102	30.0
18	110	6.0
18	112	5.0
18	113	5.0
18	127	1.0
18	132	1.0
18	133	1.0
19	19	934.0
19	20	38.0
19	21	3.0
19	22	1.0
19	24	11.0
19	25	26.0
19	30	1.0
19	44	2.0
19	45	2.0
19	46	1.0
19	51	1.0
19	56	1.0
19	58	1.0
19	62	1.0
19	64	11.0
19	68	1.0
19	70	1.0
19	76	1.0
19	82	8.0
19	83	8.0
19	84	4.0
19	85	4.0
19	86	1.0
19	91	12.0
19	92	5.0
19	94	1.0
19	101	8.0
19	102	11.0
19	108	1.0
19	117	3.0
19	119	1.0
19	121	1.0
19	129	1.0
20	20	858.0
20	21	54.0
20	22	28.0
20	23	10.0
20	24	13.0
20	25	20.0
20	26	4.0
20	27	2.0
20	28	1.0
20	31	6.0
20	32	4.0
20	43	2.0
20	45	5.0
20	46	2.0
20	50	1.0
20	59	1.0
20	64	1.0
20	68	1.0
20	80	12.0
20	81	13.0
20	82	2.0
20	83	2.0
20	84	6.0
20	85	8.0
20	86	9.0
20	90	17.0
20	91	8.0
20	92	8.0
20	97	1.0
20	98	14.0
20	99	2.0
20	100	7.0
20	101	11.0
20	102	9.0
20	104	2.0
20	115	1.0
20	123	1.0
20	126	1.0
21	21	802.0
21	22	40.0
21	23	7.0
21	24	1.0
21	26	17.0
21	27	2.0
21	28	15.0
21	29	3.0
21	30	7.0
21	31	11.0
21	32	4.0
21	33	2.0
21	36	1.0
21	37	1.0
21	38	1.0
21	43	2.0
21	44	9.0
21	57	4.0
21	68	1.0
21	70	1.0
21	71	1.0
21	74	1.0
21	80	2.0
21	81	11.0
21	86	6.0
21	90	8.0
21	91	43.0
21	92	4.0
21	99	5.0
21	100	1.0
21	103	1.0
22	22	743.0
22	23	12.0
22	24	5.0
22	25	7.0
22	26	25.0
22	27	5.0
22	29	4.0
22	30	14.0
22	32	1.0
22	33	1.0
22	34	7.0
22	35	1.0
22	36	13.0
22	43	20.0
22	44	5.0
22	46	1.0
22	50	1.0
22	57	1.0
22	77	2.0
22	81	1.0
22	90	2.0
22	91	1.0
22	96	1.0
22	99	1.0
22	119	1.0
23	23	722.0
23	24	63.0
23	25	31.0
23	26	24.0
23	27	9.0
23	29	1.0
23	34	3.0
23	35	1.0
23	36	9.0
23	37	6.0
23	44	6.0
23	46	1.0
23	57	2.0
23	60	1.0
23	69	2.0
23	70	1.0
23	84	1.0
23	87	3.0
23	90	2.0
23	91	4.0
23	101	3.0
23	102	13.0
23	103	4.0
23	109	9.0
23	110	7.0
23	130	1.0
24	24	698.0
24	25	70.0
24	26	44.0
24	27	10.0
24	30	2.0
24	41	1.0
24	44	1.0
24	55	1.0
24	85	1.0
24	91	1.0
24	92	1.0
24	96	1.0
24	101	3.0
24	102	8.0
24	103	2.0
24	109	4.0
24	110	1.0
24	111	1.0
24	112	1.0
24	120	1.0
25	25	716.0
25	26	26.0
25	27	6.0
25	30	1.0
25	34	5.0
25	35	1.0
25	36	1.0
25	37	1.0
25	47	1.0
25	48	1.0
25	58	3.0
25	59	1.0
25	74	1.0
25	81	2.0
25	82	1.0
25	91	1.0
25	101	3.0
25	102	9.0
25	103	4.0
25	106	1.0
25	107	1.0
25	109	5.0
25	110	4.0
26	26	684.0
26	27	57.0
26	28	6.0
26	29	18.0
26	30	7.0
26	31	6.0
26	32	2.0
26	34	12.0
26	35	1.0
26	36	11.0
26	37	2.0
26	43	1.0
26	44	23.0
26	46	1.0
26	48	4.0
26	57	10.0
26	81	1.0
26	87	1.0
26	91	2.0
26	93	1.0
26	98	1.0
26	102	3.0
26	108	2.0
26	109	1.0
26	126	1.0
26	132	1.0
27	27	782.0
27	28	40.0
27	29	23.0
27	30	12.0
27	31	6.0
27	32	7.0
27	35	5.0
27	36	1.0
27	37	4.0
27	38	1.0
27	39	4.0
27	42	1.0
27	43	1.0
27	44	10.0
27	45	26.0
27	47	3.0
27	48	11.0
27	49	8.0
27	57	4.0
27	58	8.0
27	59	1.0
27	60	12.0
27	61	4.0
27	69	1.0
27	70	3.0
27	72	1.0
27	77	1.0
27	79	7.0
27	80	8.0
27	85	1.0
27	90	2.0
27	91	8.0
27	92	17.0
27	96	1.0
27	99	2.0
27	114	1.0
27	131	1.0
28	28	807.0
28	29	46.0
28	30	9.0
28	31	17.0
28	32	5.0
28	36	5.0
28	37	7.0
28	38	3.0
28	39	7.0
28	42	1.0
28	44	14.0
28	45	2.0
28	47	7.0
28	48	24.0
28	49	1.0
28	55	1.0
28	57	3.0
28	58	11.0
28	59	1.0
28	60	6.0
28	61	1.0
28	63	1.0
28	68	4.0
28	69	1.0
28	70	1.0
28	78	1.0
28	79	14.0
28	80	3.0
28	81	1.0
28	83	1.0
28	85	2.0
28	87	8.0
28	88	12.0
28	91	4.0
28	95	2.0
28	114	2.0
28	128	1.0
29	29	763.0
29	30	60.0
29	31	19.0
29	32	12.0
29	34	1.0
29	37	6.0
29	38	1.0
29	43	2.0
29	44	20.0
29	47	2.0
29	48	3.0
29	49	1.0
29	54	2.0
29	55	22.0
29	58	4.0
29	59	4.0
29	60	1.0
29	63	1.0
29	69	1.0
29	70	1.0
29	76	1.0
29	79	7.0
29	80	2.0
29	84	1.0
29	86	1.0
29	87	11.0
29	88	2.0
29	120	1.0
30	30	834.0
30	31	14.0
30	32	27.0
30	33	9.0
30	34	1.0
30	35	1.0
30	37	22.0
30	38	5.0
30	43	4.0
30	44	12.0
30	48	1.0
30	51	2.0
30	55	11.0
30	56	1.0
30	58	6.0
30	60	1.0
30	62	1.0
30	80	1.0
30	88	1.0
30	107	3.0
31	31	741.0
31	32	51.0
31	33	11.0
31	34	2.0
31	35	4.0
31	37	1.0
31	38	1.0
31	39	4.0
31	40	1.0
31	41	4.0
31	42	2.0
31	43	18.0
31	44	24.0
31	45	1.0
31	46	1.0
31	51	7.0
31	55	26.0
31	58	15.0
31	59	6.0
31	60	4.0
31	68	4.0
31	70	2.0
31	75	1.0
31	88	3.0
31	114	1.0
32	32	799.0
32	33	33.0
32	34	7.0
32	35	6.0
32	36	11.0
32	37	10.0
32	38	5.0
32	40	23.0
32	41	17.0
32	42	9.0
32	43	22.0
32	44	20.0
32	45	3.0
32	47	1.0
32	50	1.0
32	51	3.0
32	55	2.0
32	57	1.0
32	60	10.0
32	61	2.0
32	70	2.0
32	102	1.0
32	117	1.0
32	122	1.0
32	123	1.0
33	33	846.0
33	34	79.0
33	35	13.0
33	36	5.0
33	37	10.0
33	38	7.0
33	39	1.0
33	40	3.0
33	41	2.0
33	42	6.0
33	43	10.0
33	45	1.0
33	46	1.0
33	55	1.0
33	56	1.0
33	57	4.0
33	58	6.0
33	60	4.0
33	61	3.0
33	62	1.0
33	68	1.0
33	69	3.0
33	70	2.0
33	71	1.0
33	76	1.0
33	79	1.0
33	95	1.0
33	108	2.0
33	110	1.0
33	112	1.0
33	133	1.0
34	34	836.0
34	35	40.0
34	36	11.0
34	37	3.0
34	40	1.0
34	41	1.0
34	42	1.0
34	43	21.0
34	44	10.0
34	46	2.0
34	50	1.0
34	60	2.0
34	61	1.0
34	62	1.0
34	65	1.0
34	66	1.0
34	80	1.0
34	96	2.0
34	100	2.0
34	103	1.0
34	110	2.0
34	132	2.0
35	35	849.0
35	36	70.0
35	37	2.0
35	38	18.0
35	39	9.0
35	40	2.0
35	43	17.0
35	44	20.0
35	45	12.0
35	46	3.0
35	55	1.0
35	57	5.0
35	62	2.0
35	68	1.0
35	69	16.0
35	70	6.0
35	77	1.0
35	110	1.0
35	111	2.0
35	114	1.0
35	125	1.0
35	126	1.0
36	36	821.0
36	37	25.0
36	38	33.0
36	39	18.0
36	40	17.0
36	41	4.0
36	42	12.0
36	43	13.0
36	46	1.0
36	47	1.0
36	56	2.0
36	57	9.0
36	58	5.0
36	64	1.0
36	69	1.0
36	70	3.0
36	77	1.0
36	79	1.0
36	106	1.0
36	113	2.0
37	37	790.0
37	38	68.0
37	39	24.0
37	40	31.0
37	41	4.0
37	42	1.0
37	43	5.0
37	57	4.0
37	58	10.0
37	59	4.0
37	70	1.0
37	94	1.0
37	96	1.0
37	124	1.0
38	38	715.0
38	39	49.0
38	40	21.0
38	41	1.0
38	42	4.0
38	43	7.0
38	57	1.0
38	58	3.0
38	59	22.0
38	60	6.0
38	61	3.0
38	65	1.0
38	69	2.0
38	77	2.0
38	109	1.0
38	115	1.0
38	116	1.0
39	39	738.0
39	40	34.0
39	41	10.0
39	42	8.0
39	43	4.0
39	44	3.0
39	45	1.0
39	48	1.0
39	57	9.0
39	58	3.0
39	59	16.0
39	60	7.0
39	61	13.0
39	66	1.0
39	69	1.0
39	78	1.0
39	83	1.0
39	110	1.0
39	115	1.0
39	118	1.0
39	129	2.0
39	131	1.0
40	40	721.0
40	41	86.0
40	42	50.0
40	43	13.0
40	44	3.0
40	45	1.0
40	48	1.0
40	51	1.0
40	58	1.0
40	59	11.0
40	60	4.0
40	61	3.0
40	62	1.0
40	68	2.0
40	71	1.0
40	72	1.0
40	79	1.0
40	86	1.0
40	116	1.0
40	124	1.0
40	125	1.0
40	131	1.0
40	132	1.0
41	41	716.0
41	42	104.0
41	43	31.0
41	44	13.0
41	51	4.0
41	59	9.0
41	63	1.0
42	42	707.0
42	43	59.0
42	44	17.0
42	45	2.0
42	48	1.0
42	51	9.0
42	58	1.0
42	59	4.0
42	76	1.0
42	82	1.0
42	102	1.0
43	43	742.0
43	44	33.0
43	48	1.0
43	49	2.0
43	50	2.0
43	51	2.0
43	57	1.0
43	88	1.0
43	93	1.0
43	104	1.0
43	119	1.0
43	122	1.0
43	133	1.0
44	44	1014.0
44	45	22.0
44	46	2.0
44	48	5.0
44	49	3.0
44	57	1.0
44	59	5.0
44	60	1.0
44	61	2.0
44	64	1.0
44	68	2.0
44	79	1.0
44	82	1.0
44	91	7.0
44	102	6.0
44	103	1.0
44	110	3.0
45	45	943.0
45	46	21.0
45	47	8.0
45	48	1.0
45	59	5.0
45	60	4.0
45	61	1.0
45	62	1.0
45	64	3.0
45	67	1.0
45	68	7.0
45	69	6.0
45	78	1.0
45	79	4.0
45	88	1.0
45	91	9.0
45	92	20.0
45	110	3.0
45	119	1.0
46	46	964.0
46	47	83.0
46	48	1.0
46	49	4.0
46	50	2.0
46	56	2.0
46	57	3.0
46	59	1.0
46	62	1.0
46	64	20.0
46	65	1.0
46	110	1.0
46	119	1.0
47	47	821.0
47	48	49.0
47	49	21.0
47	50	3.0
47	58	2.0
47	60	2.0
47	61	18.0
47	65	2.0
47	75	2.0
47	79	1.0
47	82	1.0
47	83	2.0
47	88	1.0
47	91	1.0
47	106	1.0
47	120	1.0
47	123	1.0
47	132	1.0
48	48	717.0
48	49	36.0
48	50	42.0
48	51	65.0
48	54	16.0
48	55	13.0
48	56	1.0
48	57	5.0
48	58	3.0
48	59	5.0
48	60	11.0
48	61	1.0
48	63	4.0
48	64	1.0
48	66	1.0
48	70	1.0
48	73	2.0
48	79	1.0
48	82	1.0
48	85	1.0
48	88	1.0
48	89	1.0
48	90	1.0
48	105	1.0
48	106	1.0
49	49	507.0
49	50	26.0
49	51	4.0
49	54	3.0
49	55	10.0
49	56	9.0
49	57	5.0
49	58	1.0
49	59	7.0
49	60	4.0
49	61	3.0
49	74	1.0
49	82	2.0
49	83	1.0
49	88	7.0
49	89	12.0
49	91	1.0
49	93	5.0
49	95	1.0
49	100	5.0
49	101	2.0
49	106	7.0
49	107	2.0
49	115	1.0
49	117	1.0
49	130	1.0
50	50	643.0
50	51	37.0
50	54	20.0
50	55	32.0
50	56	9.0
50	59	5.0
50	60	2.0
50	73	1.0
50	78	1.0
50	81	1.0
50	91	1.0
50	105	6.0
50	106	12.0
50	110	1.0
50	122	1.0
51	51	415.0
51	54	8.0
51	55	26.0
51	56	7.0
51	57	1.0
51	77	1.0
51	79	1.0
51	87	1.0
51	117	1.0
54	54	197.0
54	55	9.0
54	56	2.0
54	58	1.0
54	59	2.0
54	60	1.0
55	55	630.0
55	56	38.0
55	57	8.0
55	58	8.0
55	59	2.0
55	60	3.0
55	62	1.0
55	64	1.0
55	81	2.0
55	82	1.0
55	84	2.0
55	87	6.0
55	89	1.0
55	90	8.0
55	91	2.0
55	92	8.0
55	93	1.0
55	94	1.0
55	95	5.0
55	96	5.0
55	97	4.0
55	101	6.0
55	103	3.0
55	104	11.0
55	105	5.0
55	106	20.0
55	107	3.0
55	125	1.0
56	56	754.0
56	57	40.0
56	58	36.0
56	59	10.0
56	60	1.0
56	81	6.0
56	82	3.0
56	88	4.0
56	90	1.0
56	92	10.0
56	93	12.0
56	94	28.0
56	95	7.0
56	96	5.0
56	97	9.0
56	99	6.0
56	100	4.0
56	101	4.0
56	106	4.0
56	108	2.0
56	110	1.0
56	122	1.0
56	129	1.0
57	57	860.0
57	58	55.0
57	59	29.0
57	60	23.0
57	61	4.0
57	69	2.0
57	78	1.0
57	82	1.0
57	84	1.0
57	89	1.0
57	93	17.0
57	94	2.0
57	95	2.0
57	96	1.0
57	99	1.0
57	115	1.0
57	117	1.0
57	126	1.0
58	58	765.0
58	59	40.0
58	60	21.0
58	68	1.0
58	69	2.0
58	70	3.0
58	72	1.0
58	74	1.0
58	82	2.0
58	85	2.0
58	93	22.0
58	94	10.0
58	96	3.0
58	99	4.0
58	103	1.0
58	116	1.0
58	117	1.0
58	131	2.0
59	59	796.0
59	60	42.0
59	61	8.0
59	65	1.0
59	72	1.0
59	73	1.0
59	76	1.0
59	84	4.0
59	85	9.0
59	93	3.0
59	97	1.0
59	98	5.0
59	100	4.0
59	109	1.0
59	112	1.0
59	116	1.0
59	133	1.0
60	60	830.0
60	61	7.0
60	68	3.0
60	69	5.0
60	70	15.0
60	85	1.0
60	93	2.0
60	127	1.0
60	133	1.0
61	61	947.0
61	62	56.0
61	63	7.0
61	64	23.0
61	68	5.0
61	69	3.0
61	72	1.0
61	92	1.0
61	116	1.0
61	121	1.0
61	124	1.0
62	62	865.0
62	63	36.0
62	64	35.0
62	65	8.0
62	66	4.0
62	67	21.0
62	68	10.0
62	70	14.0
62	71	5.0
62	81	7.0
62	85	3.0
62	86	2.0
62	107	1.0
63	63	911.0
63	64	7.0
63	65	7.0
63	66	25.0
63	67	13.0
63	72	1.0
63	83	1.0
63	85	3.0
63	104	7.0
63	105	9.0
63	106	17.0
63	107	9.0
63	108	8.0
63	109	1.0
63	111	1.0
63	116	1.0
63	118	2.0
63	119	3.0
64	64	950.0
64	65	20.0
64	66	4.0
64	67	17.0
64	68	4.0
64	70	13.0
64	71	2.0
64	74	1.0
64	75	1.0
64	78	1.0
64	82	5.0
64	83	2.0
64	84	2.0
64	85	3.0
64	92	2.0
64	102	1.0
64	104	1.0
64	105	1.0
64	119	1.0
64	120	1.0
65	65	1036.0
65	66	17.0
65	67	19.0
65	68	5.0
65	69	1.0
65	81	3.0
65	85	1.0
65	86	2.0
65	97	1.0
65	118	9.0
65	119	12.0
66	66	976.0
66	67	39.0
66	68	14.0
66	71	14.0
66	73	1.0
66	75	1.0
66	82	1.0
66	83	1.0
66	84	2.0
66	85	2.0
66	110	1.0
66	111	1.0
66	116	1.0
66	118	1.0
66	122	1.0
66	126	1.0
66	127	1.0
66	129	3.0
66	130	6.0
66	132	1.0
67	67	837.0
67	68	12.0
67	69	21.0
67	71	4.0
67	73	2.0
67	77	1.0
67	81	1.0
67	85	7.0
67	102	1.0
67	115	1.0
67	124	1.0
67	126	1.0
68	68	939.0
68	69	58.0
68	70	15.0
68	71	5.0
68	85	1.0
68	94	1.0
68	130	1.0
68	133	2.0
69	69	801.0
69	70	30.0
69	71	4.0
69	76	1.0
69	77	1.0
69	112	1.0
69	113	1.0
69	123	1.0
69	125	1.0
69	127	1.0
70	70	1047.0
70	71	33.0
70	81	1.0
70	110	1.0
70	132	1.0
71	71	772.0
71	72	33.0
71	73	4.0
71	75	4.0
71	76	8.0
71	81	7.0
71	82	4.0
71	83	5.0
71	84	5.0
71	95	1.0
71	104	1.0
71	107	4.0
71	108	1.0
71	110	1.0
71	126	1.0
71	131	1.0
71	132	1.0
72	72	903.0
72	73	53.0
72	74	3.0
72	76	8.0
72	78	1.0
72	79	2.0
72	80	10.0
72	86	1.0
72	95	1.0
72	99	1.0
72	108	4.0
72	109	1.0
72	110	2.0
72	111	6.0
72	118	2.0
72	120	1.0
72	121	1.0
72	123	1.0
72	124	1.0
72	131	1.0
73	73	854.0
73	74	57.0
73	75	1.0
73	76	1.0
73	77	5.0
73	78	17.0
73	79	5.0
73	80	19.0
73	81	1.0
73	82	6.0
73	85	1.0
73	90	1.0
73	104	1.0
73	110	2.0
73	111	36.0
73	114	1.0
73	119	1.0
73	122	2.0
73	123	1.0
73	131	1.0
74	74	838.0
74	75	18.0
74	76	6.0
74	77	2.0
74	78	10.0
74	79	11.0
74	80	26.0
74	81	4.0
74	82	3.0
74	85	4.0
74	86	1.0
74	88	1.0
74	95	2.0
74	96	2.0
74	97	2.0
74	99	1.0
74	103	3.0
74	105	2.0
74	106	2.0
74	108	5.0
74	109	7.0
74	110	2.0
74	111	6.0
74	112	2.0
74	118	1.0
74	127	1.0
74	130	1.0
75	75	986.0
75	76	42.0
75	77	4.0
75	78	1.0
75	82	1.0
75	103	1.0
75	105	5.0
75	107	5.0
75	110	3.0
75	111	1.0
75	126	1.0
76	76	855.0
76	77	21.0
76	89	1.0
76	93	1.0
76	96	2.0
76	103	1.0
76	105	3.0
76	109	1.0
76	112	2.0
76	119	1.0
76	126	2.0
76	131	1.0
77	77	532.0
77	78	18.0
77	80	8.0
77	81	1.0
77	84	1.0
77	93	2.0
77	105	1.0
77	111	1.0
78	78	585.0
78	79	27.0
78	80	9.0
78	89	1.0
78	101	4.0
78	102	7.0
78	104	3.0
78	105	11.0
78	110	1.0
78	114	1.0
79	79	548.0
79	80	39.0
79	81	2.0
79	82	3.0
79	86	1.0
79	90	6.0
79	91	1.0
79	92	12.0
79	98	4.0
79	99	2.0
79	101	2.0
79	102	1.0
79	103	1.0
79	105	1.0
79	109	4.0
79	110	4.0
79	111	6.0
79	120	1.0
79	123	2.0
80	80	501.0
80	81	9.0
80	82	13.0
80	86	5.0
80	88	1.0
80	90	8.0
80	91	15.0
80	92	6.0
80	93	1.0
80	99	4.0
80	100	6.0
80	103	1.0
80	104	1.0
80	109	19.0
80	110	4.0
80	111	10.0
80	122	1.0
81	81	477.0
81	82	12.0
81	83	4.0
81	84	12.0
81	85	22.0
81	86	4.0
81	90	7.0
81	91	3.0
81	97	1.0
81	98	7.0
81	99	6.0
81	100	10.0
81	101	28.0
81	102	3.0
81	103	3.0
81	105	7.0
81	106	4.0
81	107	4.0
81	108	17.0
81	109	2.0
81	110	5.0
82	82	553.0
82	83	36.0
82	84	24.0
82	85	13.0
82	86	8.0
82	89	1.0
82	93	9.0
82	98	4.0
82	99	1.0
82	100	17.0
82	101	10.0
82	104	2.0
82	105	8.0
82	106	1.0
82	107	2.0
83	83	592.0
83	84	40.0
83	85	8.0
83	86	14.0
83	93	4.0
83	105	6.0
83	107	1.0
83	108	8.0
83	117	1.0
84	84	502.0
84	85	24.0
84	86	7.0
84	93	4.0
84	98	12.0
84	100	7.0
84	101	15.0
84	102	2.0
84	103	2.0
84	105	12.0
84	107	22.0
84	108	1.0
84	110	1.0
84	118	1.0
85	85	512.0
85	86	24.0
85	90	1.0
85	92	1.0
85	93	8.0
85	95	3.0
85	96	8.0
85	97	3.0
85	98	8.0
85	99	2.0
85	100	3.0
85	101	11.0
85	102	1.0
85	103	2.0
85	105	5.0
85	107	2.0
85	108	2.0
85	109	3.0
85	110	4.0
85	111	2.0
85	115	1.0
85	118	1.0
85	131	1.0
86	86	526.0
86	87	2.0
86	90	3.0
86	91	3.0
86	93	19.0
86	95	1.0
86	96	1.0
86	97	1.0
86	98	5.0
86	99	7.0
86	100	12.0
86	103	4.0
86	104	2.0
86	105	10.0
86	106	12.0
86	107	4.0
86	108	11.0
86	110	8.0
86	116	1.0
87	87	481.0
87	88	16.0
87	89	14.0
87	90	12.0
87	91	1.0
87	92	13.0
87	93	9.0
87	95	1.0
87	97	2.0
87	98	2.0
87	99	7.0
87	100	2.0
87	106	1.0
87	107	8.0
87	122	1.0
88	88	503.0
88	89	19.0
88	90	2.0
88	91	1.0
88	92	4.0
88	93	2.0
88	94	2.0
88	95	14.0
88	96	20.0
88	100	1.0
88	134	1.0
89	89	270.0
89	90	8.0
89	91	13.0
89	92	3.0
89	94	1.0
89	95	12.0
89	96	23.0
89	97	7.0
89	98	2.0
89	100	1.0
89	107	2.0
89	124	1.0
90	90	464.0
90	91	41.0
90	92	17.0
90	95	1.0
90	96	34.0
90	97	30.0
90	98	20.0
90	99	10.0
90	100	6.0
90	106	1.0
90	131	1.0
90	134	1.0
91	91	552.0
91	92	32.0
91	96	5.0
91	97	2.0
91	98	1.0
91	99	4.0
91	100	1.0
91	102	15.0
91	103	3.0
91	106	18.0
91	111	1.0
91	112	1.0
91	125	1.0
92	92	486.0
92	93	18.0
92	94	23.0
92	95	12.0
92	96	23.0
92	97	10.0
92	98	3.0
92	99	7.0
92	100	1.0
92	103	1.0
92	120	1.0
92	133	1.0
93	93	565.0
93	94	28.0
93	95	6.0
93	96	3.0
93	98	3.0
93	99	14.0
93	100	3.0
93	101	2.0
93	104	2.0
93	113	1.0
93	121	2.0
94	94	557.0
94	95	26.0
94	96	6.0
94	97	1.0
94	99	2.0
94	100	1.0
94	108	1.0
94	109	1.0
94	124	1.0
94	126	1.0
94	131	1.0
95	95	589.0
95	96	36.0
95	97	7.0
95	98	1.0
95	99	8.0
95	100	3.0
95	102	1.0
95	103	7.0
95	104	2.0
95	106	2.0
95	107	1.0
95	108	2.0
95	110	1.0
95	125	1.0
95	130	2.0
96	96	384.0
96	97	14.0
96	98	13.0
96	99	6.0
96	103	2.0
96	108	1.0
96	112	1.0
96	115	1.0
96	124	1.0
96	129	1.0
97	97	528.0
97	98	45.0
97	99	36.0
97	100	9.0
97	102	6.0
97	105	1.0
97	108	1.0
97	109	2.0
97	126	1.0
97	127	1.0
98	98	529.0
98	99	36.0
98	100	25.0
98	110	2.0
98	111	1.0
99	99	449.0
99	100	21.0
99	102	2.0
99	103	5.0
99	104	1.0
99	105	2.0
99	106	10.0
99	108	1.0
99	109	2.0
99	110	6.0
99	130	1.0
100	100	538.0
100	101	21.0
100	102	25.0
100	103	13.0
100	104	23.0
100	105	19.0
100	110	6.0
100	124	1.0
100	131	1.0
100	133	1.0
101	101	576.0
101	102	20.0
101	103	7.0
101	104	16.0
101	105	10.0
101	106	4.0
101	107	4.0
101	108	3.0
101	109	1.0
101	119	1.0
102	102	581.0
102	103	16.0
102	104	20.0
102	105	4.0
102	107	1.0
102	108	1.0
102	109	3.0
102	110	9.0
102	120	1.0
102	131	1.0
102	133	1.0
103	103	756.0
103	104	79.0
103	105	38.0
103	106	9.0
103	107	14.0
103	108	4.0
103	109	1.0
103	110	15.0
103	111	10.0
104	104	648.0
104	105	70.0
104	106	7.0
104	107	8.0
104	108	12.0
104	109	5.0
104	110	2.0
104	111	2.0
104	125	1.0
105	105	734.0
105	106	46.0
105	107	20.0
105	108	12.0
105	109	5.0
105	110	3.0
105	111	1.0
105	127	1.0
106	106	676.0
106	107	44.0
106	108	3.0
107	107	655.0
107	108	41.0
107	109	10.0
107	110	13.0
107	111	4.0
107	123	1.0
107	130	1.0
108	108	822.0
108	109	68.0
108	110	31.0
108	111	20.0
108	117	1.0
108	119	1.0
108	127	1.0
108	131	1.0
109	109	754.0
109	110	39.0
109	111	28.0
110	110	784.0
110	111	63.0
110	112	1.0
110	118	1.0
110	119	1.0
110	121	1.0
110	133	3.0
111	111	882.0
111	112	20.0
111	113	14.0
111	114	7.0
111	115	2.0
111	116	4.0
111	118	1.0
111	120	1.0
111	124	1.0
111	133	3.0
112	112	939.0
112	113	76.0
112	115	2.0
112	116	4.0
112	126	1.0
112	127	1.0
112	129	1.0
112	130	4.0
112	131	1.0
113	113	998.0
113	114	35.0
113	115	37.0
113	116	18.0
113	117	3.0
113	118	2.0
113	122	1.0
113	123	1.0
113	126	6.0
113	130	21.0
114	114	922.0
114	115	94.0
114	116	4.0
114	120	4.0
114	121	9.0
114	123	1.0
114	124	1.0
114	125	8.0
114	126	1.0
114	127	14.0
114	128	6.0
114	129	18.0
114	130	10.0
115	115	908.0
115	116	56.0
115	117	1.0
115	120	11.0
115	124	7.0
115	125	13.0
115	126	8.0
115	128	13.0
115	129	10.0
115	130	2.0
116	116	978.0
116	117	35.0
116	118	11.0
116	119	2.0
116	122	3.0
116	123	1.0
116	124	6.0
116	125	25.0
116	126	6.0
116	128	21.0
116	129	14.0
117	117	1016.0
117	118	31.0
117	122	3.0
117	128	1.0
117	129	6.0
117	132	1.0
118	118	929.0
118	119	42.0
118	120	17.0
118	121	3.0
118	124	1.0
118	128	1.0
118	132	1.0
119	119	1021.0
119	120	52.0
119	121	3.0
119	122	3.0
119	125	1.0
119	126	6.0
119	127	3.0
119	133	1.0
120	120	1011.0
120	121	25.0
120	122	3.0
120	123	22.0
120	124	5.0
120	125	9.0
120	126	8.0
120	127	17.0
120	128	1.0
120	132	7.0
120	133	13.0
121	121	872.0
121	122	99.0
121	123	46.0
121	124	15.0
121	125	17.0
121	126	7.0
121	127	17.0
121	129	1.0
121	132	6.0
121	133	1.0
121	134	2.0
122	122	813.0
122	123	47.0
122	124	10.0
122	125	10.0
122	126	6.0
122	128	1.0
122	129	1.0
122	130	1.0
122	132	1.0
123	123	808.0
123	124	48.0
123	125	25.0
123	126	14.0
123	127	6.0
123	128	3.0
123	129	5.0
123	131	1.0
123	132	3.0
123	133	1.0
124	124	811.0
124	125	97.0
124	126	12.0
124	127	12.0
124	128	32.0
124	129	2.0
124	132	5.0
125	125	899.0
125	126	31.0
125	127	7.0
125	128	4.0
125	129	1.0
125	130	2.0
125	131	1.0
125	132	1.0
126	126	964.0
126	127	44.0
126	129	5.0
126	131	1.0
126	133	1.0
127	127	767.0
127	128	25.0
127	129	8.0
127	130	2.0
127	133	21.0
127	134	5.0
128	128	831.0
128	129	54.0
128	132	14.0
128	133	6.0
129	129	867.0
129	130	18.0
129	131	17.0
129	132	3.0
130	130	912.0
130	131	74.0
130	132	6.0
130	133	13.0
131	131	926.0
131	132	48.0
131	133	46.0
132	132	954.0
132	133	24.0
133	133	983.0
133	134	12.0
134	134	636.0
136	1	27.0
136	2	2.0
136	11	2.0
136	29	1.0
136	41	2.0
136	46	6.0
136	58	1.0
136	63	8.0
136	64	8.0
136	84	2.0
136	97	1.0
136	116	1.0
136	132	1.0
136	134	4.0
136	136	838.0
