1	1	349.0
1	2	23.0
1	4	17.0
1	19	5.0
1	21	10.0
1	24	2.0
1	26	5.0
1	27	1.0
1	29	3.0
1	30	17.0
1	31	1.0
1	32	2.0
1	35	4.0
1	36	1.0
1	48	1.0
1	75	4.0
2	2	421.0
2	3	9.0
2	12	1.0
2	18	1.0
2	21	10.0
2	25	12.0
2	26	8.0
2	29	15.0
2	30	1.0
2	62	1.0
3	3	445.0
3	4	6.0
3	5	19.0
3	6	1.0
3	9	1.0
3	12	4.0
3	13	10.0
3	14	3.0
3	18	5.0
3	20	4.0
3	21	9.0
3	22	3.0
3	23	1.0
3	24	1.0
3	28	1.0
3	29	2.0
3	30	5.0
3	32	1.0
3	39	1.0
3	41	1.0
3	42	1.0
3	43	1.0
3	48	3.0
3	51	1.0
3	58	2.0
3	60	1.0
3	69	1.0
3	73	1.0
3	74	1.0
3	75	3.0
3	76	8.0
4	4	404.0
4	8	1.0
4	12	1.0
4	15	4.0
4	19	1.0
4	20	1.0
4	21	3.0
4	23	3.0
4	24	1.0
4	25	3.0
4	29	4.0
4	30	12.0
4	31	16.0
4	32	6.0
4	34	10.0
4	35	3.0
4	36	10.0
4	37	2.0
4	57	1.0
4	76	8.0
4	77	1.0
5	5	407.0
5	6	33.0
5	7	5.0
5	8	12.0
5	9	4.0
5	10	4.0
5	11	5.0
5	12	4.0
5	13	4.0
5	14	4.0
5	15	1.0
5	18	1.0
5	22	3.0
5	24	2.0
5	35	1.0
5	40	1.0
5	42	5.0
5	43	2.0
5	47	13.0
5	48	7.0
5	51	1.0
5	55	1.0
5	58	13.0
5	59	4.0
5	60	7.0
6	6	372.0
6	7	24.0
6	8	11.0
6	9	1.0
6	10	19.0
6	11	14.0
6	12	7.0
6	13	1.0
6	14	9.0
6	15	2.0
6	18	1.0
6	20	2.0
6	24	6.0
6	28	1.0
6	34	2.0
6	35	1.0
6	36	1.0
6	37	17.0
6	38	1.0
6	39	2.0
6	40	5.0
6	42	1.0
6	47	12.0
6	48	9.0
6	58	1.0
6	59	5.0
6	60	4.0
6	61	2.0
6	72	1.0
6	75	1.0
6	76	2.0
6	77	6.0
7	7	394.0
7	8	21.0
7	9	3.0
7	10	2.0
7	11	7.0
7	12	1.0
7	22	2.0
7	24	1.0
7	26	1.0
7	32	4.0
7	33	2.0
7	34	8.0
7	35	11.0
7	36	4.0
7	37	11.0
7	38	10.0
7	39	14.0
7	40	7.0
7	41	3.0
7	43	12.0
7	47	3.0
7	54	1.0
7	56	5.0
7	57	1.0
7	58	1.0
7	59	1.0
7	61	2.0
7	65	1.0
7	76	1.0
7	77	3.0
8	8	432.0
8	9	11.0
8	10	18.0
8	11	11.0
8	12	5.0
8	13	1.0
8	14	1.0
8	23	6.0
8	24	2.0
8	35	1.0
8	37	12.0
8	38	1.0
8	40	5.0
8	41	4.0
8	42	6.0
8	47	4.0
8	48	2.0
8	49	1.0
8	51	1.0
8	53	2.0
8	54	4.0
8	56	11.0
8	57	7.0
8	58	3.0
8	59	6.0
8	60	3.0
8	61	9.0
8	63	1.0
8	67	1.0
8	71	12.0
8	72	6.0
8	74	2.0
8	75	2.0
8	77	2.0
8	78	1.0
9	9	407.0
9	10	11.0
9	11	5.0
9	18	1.0
9	20	5.0
9	22	1.0
9	23	4.0
9	37	1.0
9	38	4.0
9	39	1.0
9	40	5.0
9	43	13.0
9	47	2.0
9	48	5.0
9	49	1.0
9	51	2.0
9	54	4.0
9	58	2.0
9	71	2.0
9	75	7.0
9	77	2.0
10	10	388.0
10	11	26.0
10	12	1.0
10	13	1.0
10	14	1.0
10	15	1.0
10	22	9.0
10	23	5.0
10	24	1.0
10	28	1.0
10	42	10.0
10	45	1.0
10	48	4.0
10	51	9.0
10	56	4.0
10	58	4.0
10	61	6.0
10	62	5.0
10	64	4.0
10	66	1.0
10	70	3.0
10	71	3.0
10	73	2.0
10	74	3.0
10	75	7.0
10	77	4.0
11	11	373.0
11	12	6.0
11	14	2.0
11	20	2.0
11	22	2.0
11	23	7.0
11	24	8.0
11	35	4.0
11	36	2.0
11	38	3.0
11	40	1.0
11	41	1.0
11	42	1.0
11	43	9.0
11	47	8.0
11	48	12.0
11	49	1.0
11	51	3.0
11	54	4.0
11	58	8.0
11	59	1.0
11	60	4.0
11	64	5.0
11	70	1.0
11	71	4.0
11	72	1.0
11	75	1.0
11	77	1.0
12	12	363.0
12	13	21.0
12	14	5.0
12	21	3.0
12	22	3.0
12	28	1.0
12	32	1.0
12	34	13.0
12	36	3.0
12	37	1.0
12	38	1.0
12	39	1.0
12	44	1.0
12	47	7.0
12	59	1.0
12	61	2.0
12	75	5.0
12	76	3.0
12	77	23.0
12	78	1.0
13	13	445.0
13	14	11.0
13	19	10.0
13	20	18.0
13	21	8.0
13	25	1.0
13	27	1.0
13	31	2.0
13	33	2.0
13	34	11.0
13	36	3.0
13	37	1.0
13	44	1.0
13	46	2.0
13	47	11.0
13	48	1.0
13	53	1.0
13	58	1.0
13	61	1.0
13	75	1.0
13	76	2.0
13	77	4.0
14	14	238.0
14	15	3.0
14	18	1.0
14	19	2.0
14	20	15.0
14	21	2.0
14	22	1.0
14	26	3.0
14	27	3.0
14	28	8.0
14	34	1.0
14	45	1.0
14	47	1.0
14	76	1.0
15	15	68.0
15	18	3.0
15	19	2.0
15	20	4.0
15	23	1.0
15	24	1.0
15	25	1.0
15	26	1.0
15	27	1.0
15	28	1.0
15	35	1.0
15	36	2.0
15	76	1.0
18	18	343.0
18	19	13.0
18	20	2.0
18	21	6.0
18	23	1.0
18	25	1.0
18	26	8.0
18	27	4.0
18	28	1.0
18	29	6.0
18	30	1.0
18	31	1.0
18	33	1.0
18	35	2.0
18	42	1.0
18	45	1.0
18	76	1.0
18	77	1.0
19	19	414.0
19	20	8.0
19	21	14.0
19	22	7.0
19	23	1.0
19	25	1.0
19	26	5.0
19	27	8.0
19	28	6.0
19	29	2.0
19	30	1.0
19	34	2.0
19	36	2.0
19	37	2.0
19	41	1.0
19	50	1.0
19	76	5.0
19	77	1.0
20	20	398.0
20	21	3.0
20	23	1.0
20	24	3.0
20	26	4.0
20	27	7.0
20	28	1.0
20	30	2.0
20	31	2.0
20	33	1.0
20	34	6.0
20	35	3.0
20	36	4.0
20	42	1.0
20	43	1.0
20	47	3.0
20	48	2.0
20	58	3.0
20	70	1.0
20	73	1.0
20	75	6.0
20	76	9.0
21	21	425.0
21	22	25.0
21	23	9.0
21	25	9.0
21	26	4.0
21	29	6.0
21	30	7.0
21	32	3.0
21	34	2.0
21	54	3.0
21	76	13.0
22	22	431.0
22	23	24.0
22	24	10.0
22	25	10.0
22	26	2.0
22	27	3.0
22	30	3.0
22	31	1.0
22	35	7.0
22	36	1.0
22	39	1.0
22	41	2.0
22	42	30.0
22	48	2.0
22	55	1.0
22	56	1.0
22	58	9.0
22	60	1.0
22	61	1.0
22	64	1.0
22	73	1.0
22	74	2.0
22	75	2.0
22	76	1.0
22	77	1.0
23	23	389.0
23	24	21.0
23	25	12.0
23	27	2.0
23	28	1.0
23	35	2.0
23	36	1.0
23	42	4.0
23	47	5.0
23	57	1.0
23	58	8.0
23	59	1.0
23	62	4.0
23	71	16.0
23	72	3.0
23	75	2.0
24	24	381.0
24	25	24.0
24	34	1.0
24	35	12.0
24	36	5.0
24	37	5.0
24	42	2.0
24	43	1.0
24	45	1.0
24	47	9.0
24	48	2.0
24	58	10.0
24	61	1.0
24	70	1.0
24	76	2.0
25	25	380.0
25	26	6.0
25	27	2.0
25	28	1.0
25	29	9.0
25	35	2.0
25	36	4.0
25	59	1.0
25	62	1.0
25	71	1.0
25	75	1.0
25	76	3.0
26	26	304.0
26	27	15.0
26	28	4.0
26	29	12.0
26	30	1.0
26	34	6.0
26	35	2.0
26	36	2.0
26	37	2.0
26	67	2.0
26	75	6.0
26	76	8.0
27	27	371.0
27	28	30.0
27	30	3.0
27	33	1.0
27	35	8.0
27	36	1.0
27	58	1.0
27	62	1.0
27	64	1.0
27	67	7.0
27	68	4.0
27	72	2.0
27	74	1.0
27	75	1.0
27	76	5.0
28	28	373.0
28	29	3.0
28	30	3.0
28	31	7.0
28	32	1.0
28	33	4.0
28	34	1.0
28	35	1.0
28	66	1.0
28	67	5.0
28	68	5.0
28	70	2.0
28	77	1.0
29	29	391.0
29	30	18.0
29	31	12.0
29	32	1.0
29	33	1.0
29	34	6.0
29	38	1.0
29	49	1.0
29	51	1.0
29	54	1.0
29	77	5.0
30	30	367.0
30	31	10.0
30	32	1.0
30	33	5.0
30	34	6.0
30	36	1.0
30	63	1.0
30	64	2.0
30	65	1.0
30	66	1.0
30	67	3.0
30	68	1.0
30	69	2.0
30	70	1.0
30	75	6.0
30	76	4.0
31	31	397.0
31	32	22.0
31	33	8.0
31	34	14.0
31	36	1.0
31	53	1.0
31	68	1.0
31	70	1.0
31	75	1.0
31	76	7.0
31	77	11.0
32	32	382.0
32	33	30.0
32	34	26.0
32	35	1.0
32	54	1.0
32	55	3.0
32	57	1.0
32	69	3.0
32	70	3.0
32	76	3.0
32	77	11.0
33	33	412.0
33	34	15.0
33	35	3.0
33	54	2.0
33	55	1.0
33	56	3.0
33	57	1.0
33	64	1.0
33	65	1.0
33	66	1.0
33	76	5.0
33	77	6.0
34	34	457.0
34	35	5.0
34	36	6.0
34	37	6.0
34	53	3.0
34	56	4.0
34	58	1.0
34	59	1.0
34	75	1.0
34	76	8.0
34	77	18.0
35	35	404.0
35	36	21.0
35	37	24.0
35	39	10.0
35	40	1.0
35	42	1.0
35	43	5.0
35	45	1.0
35	47	5.0
35	51	1.0
35	52	2.0
35	53	6.0
35	54	10.0
35	55	2.0
35	56	3.0
35	57	8.0
35	58	4.0
35	68	3.0
35	69	4.0
35	70	1.0
35	76	3.0
35	77	2.0
36	36	438.0
36	37	16.0
36	38	4.0
36	39	4.0
36	40	3.0
36	42	6.0
36	43	6.0
36	44	10.0
36	45	2.0
36	46	1.0
36	49	7.0
36	52	3.0
36	53	4.0
36	57	9.0
36	58	8.0
36	61	7.0
36	62	1.0
36	67	1.0
36	69	1.0
36	74	1.0
36	76	5.0
36	77	1.0
37	37	366.0
37	38	30.0
37	39	22.0
37	40	5.0
37	43	7.0
37	44	2.0
37	47	3.0
37	52	3.0
37	54	1.0
37	59	1.0
37	76	4.0
37	77	8.0
38	38	357.0
38	39	23.0
38	40	17.0
38	43	5.0
38	44	16.0
38	45	3.0
38	54	6.0
38	76	1.0
39	39	408.0
39	40	45.0
39	41	3.0
39	43	23.0
39	44	2.0
39	45	3.0
39	46	3.0
39	47	11.0
39	48	4.0
39	49	4.0
39	52	1.0
39	53	1.0
39	54	1.0
39	58	1.0
39	59	4.0
39	60	2.0
39	61	3.0
40	40	407.0
40	41	11.0
40	42	1.0
40	43	12.0
40	44	8.0
40	45	4.0
40	46	4.0
40	47	12.0
40	48	2.0
40	58	1.0
40	59	7.0
40	60	6.0
40	61	1.0
40	65	1.0
40	67	1.0
40	77	3.0
41	41	366.0
41	42	24.0
41	43	11.0
41	45	8.0
41	47	9.0
41	48	8.0
41	49	6.0
41	51	2.0
41	52	2.0
41	54	1.0
41	59	1.0
41	61	7.0
41	64	2.0
41	66	1.0
41	75	1.0
42	42	430.0
42	43	7.0
42	45	2.0
42	46	11.0
42	47	9.0
42	48	15.0
42	49	3.0
42	51	6.0
42	57	1.0
42	58	7.0
42	59	1.0
42	61	8.0
42	62	2.0
42	64	1.0
42	67	1.0
43	43	454.0
43	44	11.0
43	45	2.0
43	46	6.0
43	47	1.0
43	48	1.0
43	49	1.0
43	52	1.0
43	53	2.0
43	54	6.0
43	57	4.0
43	58	4.0
43	59	4.0
43	60	4.0
43	61	1.0
43	72	4.0
43	73	1.0
44	44	429.0
44	45	19.0
44	46	8.0
44	49	8.0
44	50	2.0
44	52	5.0
44	53	2.0
44	55	2.0
44	57	9.0
44	58	2.0
44	59	4.0
44	60	13.0
44	61	2.0
44	62	1.0
44	77	2.0
45	45	422.0
45	46	13.0
45	47	10.0
45	48	19.0
45	49	7.0
45	50	3.0
45	51	2.0
45	52	4.0
45	53	2.0
45	60	2.0
45	61	2.0
45	72	1.0
46	46	478.0
46	47	8.0
46	48	10.0
46	49	7.0
46	50	6.0
46	51	7.0
46	52	2.0
46	60	5.0
46	76	1.0
46	77	6.0
47	47	414.0
47	48	21.0
47	58	4.0
47	59	2.0
47	60	3.0
47	61	2.0
47	72	3.0
47	77	5.0
48	48	469.0
48	49	9.0
48	50	1.0
48	52	1.0
48	57	1.0
48	58	8.0
48	59	3.0
48	73	1.0
48	75	1.0
49	49	394.0
49	50	21.0
49	51	11.0
49	52	10.0
49	53	3.0
49	54	2.0
49	55	6.0
49	56	4.0
49	57	23.0
49	58	5.0
49	59	1.0
49	60	1.0
49	61	4.0
49	73	8.0
49	74	3.0
49	75	1.0
50	50	419.0
50	51	15.0
50	52	13.0
50	54	2.0
50	56	7.0
50	57	9.0
50	58	2.0
50	60	4.0
50	68	4.0
50	69	1.0
50	70	1.0
50	73	14.0
50	74	5.0
50	75	1.0
51	51	353.0
51	52	10.0
51	53	2.0
51	54	1.0
51	56	1.0
51	57	8.0
51	60	1.0
51	61	4.0
51	63	4.0
51	64	4.0
51	65	1.0
51	66	1.0
51	67	3.0
51	68	2.0
51	71	1.0
51	72	8.0
51	73	8.0
51	74	3.0
51	75	3.0
51	77	2.0
52	52	341.0
52	53	25.0
52	54	5.0
52	55	7.0
52	57	15.0
52	61	1.0
52	67	5.0
52	68	3.0
52	69	1.0
52	72	1.0
52	73	3.0
53	53	402.0
53	54	35.0
53	55	11.0
53	56	7.0
53	57	9.0
53	68	1.0
53	72	5.0
53	74	1.0
53	76	2.0
54	54	390.0
54	55	14.0
54	56	5.0
54	57	9.0
54	65	2.0
54	69	7.0
54	70	1.0
54	72	1.0
54	73	2.0
54	74	1.0
54	76	2.0
54	77	1.0
55	55	377.0
55	56	10.0
55	57	5.0
55	59	2.0
55	61	9.0
55	62	1.0
55	64	1.0
55	65	1.0
55	69	6.0
55	74	3.0
55	75	3.0
55	76	12.0
56	56	405.0
56	57	9.0
56	58	1.0
56	68	1.0
56	69	3.0
56	72	1.0
56	73	2.0
56	74	4.0
56	75	4.0
56	76	8.0
56	77	5.0
57	57	379.0
57	58	16.0
57	59	11.0
57	60	5.0
57	61	8.0
57	63	1.0
57	68	5.0
57	69	4.0
57	73	6.0
57	74	9.0
57	75	1.0
58	58	376.0
58	59	18.0
58	60	10.0
58	61	5.0
58	69	1.0
58	71	1.0
58	72	1.0
58	75	1.0
58	76	2.0
59	59	369.0
59	60	22.0
59	61	9.0
59	69	1.0
59	70	2.0
59	72	2.0
59	74	1.0
60	60	379.0
60	61	31.0
60	77	4.0
61	61	400.0
61	62	19.0
61	63	8.0
61	64	11.0
61	65	3.0
61	69	8.0
61	70	3.0
61	74	3.0
61	75	1.0
61	77	3.0
62	62	340.0
62	63	11.0
62	64	4.0
62	65	7.0
62	66	7.0
62	67	2.0
62	69	8.0
62	70	7.0
62	71	17.0
62	72	1.0
62	74	5.0
62	76	2.0
63	63	348.0
63	64	23.0
63	65	8.0
63	66	13.0
63	67	6.0
63	68	3.0
63	70	16.0
63	73	12.0
63	74	12.0
63	75	1.0
64	64	355.0
64	65	12.0
64	66	10.0
64	67	2.0
64	69	1.0
64	70	8.0
64	71	14.0
64	72	3.0
64	73	2.0
64	74	19.0
64	75	4.0
64	76	1.0
65	65	355.0
65	66	32.0
65	67	3.0
65	69	1.0
65	70	7.0
65	71	1.0
65	73	2.0
65	74	11.0
65	75	6.0
65	76	9.0
66	66	359.0
66	67	16.0
66	68	1.0
66	69	1.0
66	70	1.0
66	71	2.0
66	72	1.0
66	73	1.0
66	74	6.0
66	75	8.0
66	76	12.0
67	67	375.0
67	68	7.0
67	70	7.0
67	72	1.0
67	73	5.0
67	74	1.0
68	68	391.0
68	69	6.0
68	70	9.0
68	73	10.0
69	69	328.0
69	70	5.0
69	74	1.0
69	76	3.0
70	70	349.0
70	71	8.0
70	74	1.0
70	76	3.0
71	71	404.0
71	72	19.0
71	75	4.0
72	72	413.0
72	73	16.0
72	74	8.0
72	75	2.0
73	73	383.0
73	74	8.0
73	75	5.0
74	74	469.0
74	75	34.0
75	75	377.0
75	76	24.0
75	77	1.0
76	76	453.0
76	77	2.0
77	77	495.0
77	78	1.0
78	78	5.0
79	1	13.0
79	5	1.0
79	7	1.0
79	21	1.0
79	32	2.0
79	33	3.0
79	34	2.0
79	35	1.0
79	36	2.0
79	37	9.0
79	38	1.0
79	45	4.0
79	46	1.0
79	54	1.0
79	77	19.0
79	79	371.0
