1	1	397.0
1	2	40.0
1	3	2.0
1	4	3.0
1	5	2.0
1	9	3.0
1	24	1.0
1	42	10.0
1	43	8.0
1	48	2.0
1	49	1.0
1	50	5.0
1	51	1.0
1	52	1.0
1	53	6.0
1	56	6.0
1	59	2.0
1	60	9.0
1	61	12.0
2	2	349.0
2	3	15.0
2	4	5.0
2	5	2.0
2	8	1.0
2	35	1.0
2	41	1.0
2	42	15.0
2	43	7.0
2	45	1.0
2	47	1.0
2	48	1.0
2	49	2.0
2	50	11.0
2	51	1.0
2	52	7.0
2	53	1.0
2	54	1.0
2	55	1.0
2	56	9.0
2	57	5.0
2	58	1.0
2	60	4.0
3	3	389.0
3	4	31.0
3	5	1.0
3	33	1.0
3	42	4.0
3	50	7.0
3	52	2.0
3	55	1.0
3	58	1.0
3	59	8.0
3	60	2.0
3	61	5.0
3	62	1.0
4	4	387.0
4	5	5.0
4	13	1.0
4	19	1.0
4	32	3.0
4	35	1.0
4	42	2.0
4	45	2.0
4	50	2.0
4	51	1.0
4	56	1.0
4	57	11.0
4	58	12.0
4	59	5.0
4	60	4.0
4	61	4.0
5	5	349.0
5	6	6.0
5	7	2.0
5	9	2.0
5	10	6.0
5	15	2.0
5	16	1.0
5	42	14.0
5	43	1.0
5	51	5.0
5	52	3.0
5	55	9.0
5	57	1.0
6	6	330.0
6	7	24.0
6	8	14.0
6	9	3.0
6	15	1.0
6	16	1.0
6	41	3.0
6	42	1.0
6	51	2.0
6	52	3.0
6	53	2.0
6	54	3.0
6	55	14.0
6	57	1.0
7	7	304.0
7	8	16.0
7	9	7.0
7	40	3.0
7	41	5.0
7	51	3.0
7	53	8.0
7	55	6.0
8	8	300.0
8	9	23.0
8	10	1.0
8	14	1.0
8	16	6.0
8	17	8.0
8	30	1.0
8	40	1.0
8	41	11.0
8	53	1.0
9	9	312.0
9	10	21.0
9	11	24.0
9	12	2.0
9	14	3.0
9	15	5.0
9	16	1.0
9	41	5.0
9	42	1.0
9	60	1.0
10	10	326.0
10	11	32.0
10	12	16.0
10	14	8.0
10	15	7.0
10	17	1.0
10	40	1.0
10	42	1.0
11	11	344.0
11	12	40.0
11	13	2.0
11	14	1.0
11	15	1.0
11	21	1.0
11	30	1.0
11	36	1.0
11	59	1.0
11	61	2.0
12	12	290.0
12	13	7.0
12	15	2.0
12	21	1.0
13	13	317.0
13	14	22.0
13	15	4.0
13	16	4.0
13	18	2.0
13	19	7.0
13	31	1.0
13	62	1.0
14	14	291.0
14	15	30.0
14	16	2.0
14	18	2.0
14	19	7.0
14	24	1.0
14	25	1.0
14	30	2.0
14	41	1.0
14	49	1.0
14	53	1.0
14	54	1.0
14	60	1.0
15	15	371.0
15	16	15.0
15	17	4.0
15	18	12.0
15	19	5.0
15	21	2.0
15	23	1.0
15	34	1.0
15	41	1.0
15	42	2.0
15	53	1.0
16	16	329.0
16	17	27.0
16	18	12.0
16	19	14.0
16	20	9.0
16	22	1.0
16	29	1.0
16	37	1.0
16	39	1.0
16	41	5.0
16	42	2.0
16	47	1.0
16	51	1.0
16	52	4.0
17	17	369.0
17	18	10.0
17	19	7.0
17	20	10.0
17	21	4.0
17	22	1.0
17	24	1.0
17	25	2.0
17	29	2.0
17	30	1.0
17	37	1.0
17	38	8.0
17	39	15.0
17	40	2.0
17	41	6.0
17	53	2.0
18	18	328.0
18	19	26.0
18	20	14.0
18	21	1.0
18	22	1.0
18	25	1.0
18	30	11.0
18	37	2.0
18	38	8.0
18	39	1.0
18	60	1.0
19	19	358.0
19	20	11.0
19	21	4.0
19	22	2.0
19	23	4.0
19	29	3.0
19	37	3.0
19	38	8.0
19	39	8.0
19	40	1.0
19	46	1.0
20	20	330.0
20	21	24.0
20	22	2.0
20	24	2.0
20	29	9.0
20	30	13.0
20	32	1.0
20	37	1.0
20	38	2.0
20	39	3.0
20	45	1.0
21	21	326.0
21	22	16.0
21	23	3.0
21	24	3.0
21	25	1.0
21	29	1.0
21	31	1.0
21	40	2.0
22	22	336.0
22	23	32.0
22	25	4.0
22	29	4.0
22	39	1.0
22	41	1.0
22	49	3.0
22	50	1.0
22	51	3.0
23	23	367.0
23	24	7.0
23	25	5.0
23	26	2.0
23	29	2.0
23	30	2.0
23	37	1.0
23	40	1.0
23	49	4.0
23	50	6.0
23	51	8.0
24	24	395.0
24	25	23.0
24	29	1.0
24	30	10.0
24	31	14.0
24	32	1.0
24	35	1.0
24	39	2.0
24	48	1.0
24	49	1.0
24	60	2.0
25	25	364.0
25	26	4.0
25	29	5.0
26	26	64.0
26	29	1.0
26	40	1.0
29	29	143.0
29	30	1.0
29	37	1.0
29	38	1.0
29	39	5.0
29	40	5.0
29	41	2.0
29	43	1.0
29	51	1.0
30	30	409.0
30	31	12.0
30	32	15.0
30	33	3.0
30	37	3.0
30	38	1.0
30	39	1.0
30	52	1.0
30	58	1.0
31	31	408.0
31	32	14.0
31	33	5.0
31	56	1.0
32	32	332.0
32	33	26.0
32	34	8.0
32	39	1.0
32	42	1.0
32	51	1.0
32	52	4.0
33	33	355.0
33	34	24.0
33	35	7.0
33	37	1.0
33	62	1.0
34	34	385.0
34	35	30.0
34	36	4.0
34	37	1.0
34	40	2.0
34	46	1.0
34	51	1.0
35	35	341.0
35	36	20.0
35	37	14.0
35	40	2.0
35	62	1.0
36	36	418.0
36	37	19.0
36	39	5.0
36	40	2.0
37	37	378.0
37	38	12.0
37	39	11.0
37	40	2.0
37	45	1.0
37	49	1.0
38	38	320.0
38	39	17.0
38	40	17.0
38	41	8.0
39	39	336.0
39	40	25.0
39	41	11.0
39	42	10.0
39	52	5.0
39	53	3.0
40	40	353.0
40	41	13.0
40	42	15.0
40	53	12.0
41	41	328.0
41	42	15.0
41	43	1.0
41	53	13.0
41	55	1.0
41	59	1.0
42	42	367.0
42	43	24.0
42	52	4.0
42	55	3.0
42	56	9.0
42	57	8.0
42	58	1.0
43	43	360.0
43	44	15.0
43	45	9.0
43	47	1.0
43	48	1.0
43	49	10.0
43	51	1.0
43	56	4.0
43	57	1.0
44	44	402.0
44	45	24.0
44	46	1.0
44	47	4.0
44	48	2.0
44	49	11.0
44	51	1.0
45	45	351.0
45	46	12.0
45	47	1.0
45	48	3.0
45	49	5.0
45	57	2.0
46	46	385.0
46	47	13.0
46	48	13.0
46	49	7.0
47	47	389.0
47	48	11.0
47	49	10.0
47	57	1.0
47	58	1.0
47	60	1.0
47	61	3.0
48	48	414.0
48	49	21.0
48	50	1.0
48	53	1.0
48	56	2.0
48	57	1.0
48	60	3.0
48	61	12.0
49	49	380.0
49	50	12.0
49	52	3.0
49	54	1.0
49	57	3.0
49	58	1.0
49	60	3.0
49	61	6.0
50	50	304.0
50	51	27.0
50	52	17.0
50	53	1.0
50	54	13.0
50	55	4.0
50	60	1.0
51	51	341.0
51	52	30.0
51	53	16.0
51	54	15.0
51	55	3.0
51	56	2.0
52	52	310.0
52	53	10.0
52	54	5.0
52	55	6.0
52	56	4.0
52	57	4.0
52	59	1.0
52	60	1.0
53	53	338.0
53	54	9.0
53	55	2.0
53	56	7.0
53	57	2.0
53	59	5.0
53	60	2.0
54	54	320.0
54	55	24.0
54	56	2.0
54	59	1.0
55	55	369.0
55	56	11.0
55	57	1.0
55	58	4.0
55	61	1.0
56	56	384.0
56	57	12.0
56	58	11.0
56	59	11.0
56	60	6.0
57	57	396.0
57	58	9.0
57	59	11.0
57	60	17.0
57	61	18.0
58	58	421.0
58	59	28.0
58	60	8.0
58	61	5.0
58	62	2.0
59	59	361.0
59	60	12.0
59	61	7.0
59	62	7.0
60	60	423.0
60	61	18.0
60	62	2.0
61	61	450.0
61	62	1.0
62	62	428.0
64	1	2.0
64	2	1.0
64	3	6.0
64	4	2.0
64	21	1.0
64	39	1.0
64	40	1.0
64	50	4.0
64	51	2.0
64	52	3.0
64	54	2.0
64	61	1.0
64	64	378.0
