1	1	543.0
1	2	35.0
1	3	2.0
1	4	6.0
1	9	9.0
1	10	2.0
1	15	1.0
1	16	1.0
1	18	1.0
1	19	2.0
1	20	1.0
1	21	4.0
1	25	1.0
1	27	1.0
1	28	2.0
1	29	4.0
1	35	1.0
1	38	1.0
1	52	1.0
1	53	1.0
1	58	6.0
1	80	1.0
1	99	1.0
1	135	2.0
2	2	494.0
2	3	8.0
2	4	11.0
2	5	3.0
2	7	1.0
2	8	1.0
2	9	5.0
2	14	1.0
2	15	2.0
2	17	3.0
2	18	5.0
2	19	3.0
2	21	1.0
2	22	1.0
2	27	2.0
2	30	5.0
2	31	2.0
2	32	1.0
2	48	1.0
2	52	1.0
2	62	1.0
2	143	1.0
3	3	599.0
3	4	30.0
3	5	5.0
3	6	4.0
3	10	3.0
3	13	1.0
3	14	2.0
3	15	2.0
3	16	4.0
3	17	3.0
3	20	3.0
3	21	1.0
3	24	2.0
3	32	1.0
3	52	2.0
3	98	1.0
3	127	1.0
3	129	2.0
3	134	4.0
3	135	1.0
3	138	1.0
3	154	1.0
3	159	2.0
3	160	3.0
3	169	8.0
3	170	8.0
4	4	494.0
4	5	27.0
4	6	7.0
4	9	6.0
4	10	10.0
4	15	2.0
4	16	6.0
4	17	2.0
4	18	1.0
4	19	5.0
4	24	1.0
4	37	2.0
4	43	1.0
4	48	2.0
4	49	1.0
4	56	4.0
4	57	2.0
4	58	3.0
4	62	1.0
4	63	2.0
4	67	2.0
4	75	1.0
4	86	1.0
4	90	1.0
4	104	1.0
4	106	1.0
4	117	2.0
4	123	1.0
4	131	5.0
4	132	2.0
4	133	3.0
4	154	1.0
4	155	1.0
4	159	7.0
4	163	1.0
4	168	3.0
4	169	1.0
4	170	13.0
5	5	481.0
5	6	28.0
5	7	6.0
5	8	1.0
5	10	6.0
5	15	5.0
5	16	3.0
5	18	12.0
5	19	8.0
5	30	3.0
5	34	1.0
5	35	1.0
5	36	1.0
5	37	7.0
5	38	11.0
5	41	4.0
5	42	2.0
5	43	1.0
5	45	1.0
5	53	1.0
5	55	1.0
5	57	5.0
5	58	2.0
5	70	1.0
5	90	1.0
5	91	3.0
5	102	1.0
5	106	1.0
5	124	1.0
5	132	6.0
5	133	3.0
5	138	1.0
5	159	9.0
5	161	1.0
5	166	1.0
6	6	458.0
6	7	11.0
6	8	11.0
6	9	6.0
6	10	12.0
6	11	2.0
6	12	2.0
6	14	1.0
6	17	1.0
6	18	2.0
6	19	1.0
6	36	1.0
6	37	2.0
6	38	3.0
6	40	1.0
6	41	13.0
6	42	4.0
6	44	1.0
6	45	6.0
6	48	1.0
6	55	1.0
6	57	4.0
6	58	9.0
6	62	1.0
6	64	1.0
6	65	8.0
6	66	8.0
6	74	1.0
6	82	1.0
6	101	1.0
6	136	1.0
6	149	1.0
6	156	1.0
6	159	3.0
6	160	1.0
6	167	1.0
7	7	421.0
7	8	17.0
7	9	4.0
7	10	3.0
7	11	9.0
7	14	9.0
7	17	8.0
7	18	20.0
7	22	5.0
7	41	4.0
7	42	3.0
7	57	3.0
7	58	1.0
7	62	2.0
7	64	1.0
7	65	10.0
7	66	16.0
7	67	3.0
7	68	2.0
7	70	1.0
7	71	1.0
7	98	1.0
7	99	5.0
7	113	1.0
7	133	1.0
7	136	1.0
7	151	1.0
7	160	1.0
8	8	312.0
8	9	2.0
8	10	4.0
8	11	12.0
8	12	3.0
8	13	1.0
8	14	3.0
8	15	1.0
8	17	2.0
8	18	6.0
8	19	8.0
8	20	7.0
8	21	3.0
8	22	6.0
8	24	2.0
8	41	2.0
8	45	4.0
8	52	1.0
8	54	2.0
8	58	9.0
8	62	3.0
8	65	5.0
8	66	7.0
8	67	2.0
8	69	3.0
8	84	1.0
8	98	2.0
8	99	7.0
8	115	1.0
8	119	1.0
8	131	2.0
9	9	312.0
9	10	20.0
9	11	1.0
9	12	2.0
9	14	2.0
9	17	1.0
9	18	3.0
9	19	3.0
9	20	7.0
9	21	2.0
9	22	6.0
9	23	6.0
9	24	11.0
9	25	1.0
9	28	1.0
9	29	2.0
9	39	1.0
9	47	1.0
9	48	6.0
9	52	2.0
9	53	7.0
9	54	4.0
9	55	4.0
9	57	1.0
9	58	4.0
9	61	1.0
9	64	5.0
9	66	1.0
9	84	1.0
9	113	1.0
9	114	1.0
9	121	1.0
9	128	1.0
9	154	1.0
10	10	299.0
10	11	16.0
10	12	9.0
10	13	1.0
10	16	2.0
10	17	1.0
10	18	1.0
10	19	2.0
10	20	4.0
10	21	3.0
10	24	10.0
10	34	1.0
10	48	1.0
10	51	1.0
10	52	3.0
10	55	1.0
10	58	9.0
10	65	1.0
10	66	1.0
10	69	4.0
10	71	1.0
10	72	1.0
10	80	1.0
10	84	1.0
10	90	1.0
10	91	1.0
10	99	2.0
10	109	1.0
10	111	1.0
10	113	2.0
10	114	1.0
10	116	1.0
10	131	2.0
10	138	1.0
10	150	1.0
10	155	1.0
10	158	3.0
10	159	1.0
11	11	367.0
11	12	20.0
11	13	10.0
11	14	5.0
11	19	1.0
11	22	3.0
11	23	1.0
11	24	2.0
11	25	6.0
11	26	6.0
11	29	1.0
11	31	1.0
11	35	1.0
11	44	1.0
11	46	1.0
11	57	1.0
11	58	4.0
11	61	1.0
11	62	2.0
11	63	1.0
11	65	1.0
11	66	2.0
11	67	3.0
11	69	4.0
11	87	1.0
11	98	2.0
11	99	7.0
11	105	1.0
11	108	1.0
11	109	3.0
11	113	1.0
11	122	1.0
11	129	1.0
11	131	2.0
11	137	1.0
11	146	1.0
11	149	2.0
11	158	2.0
12	12	332.0
12	13	8.0
12	18	1.0
12	20	3.0
12	22	7.0
12	24	5.0
12	25	7.0
12	26	1.0
12	28	2.0
12	30	1.0
12	31	7.0
12	44	2.0
12	45	7.0
12	47	1.0
12	51	3.0
12	57	2.0
12	58	5.0
12	66	2.0
12	97	1.0
12	99	5.0
12	106	1.0
12	109	2.0
12	119	1.0
12	130	1.0
12	135	1.0
12	137	4.0
12	138	3.0
12	149	1.0
12	150	4.0
12	151	1.0
12	152	4.0
12	153	7.0
12	158	1.0
12	169	1.0
13	13	306.0
13	14	9.0
13	25	2.0
13	26	2.0
13	27	1.0
13	30	2.0
13	32	6.0
13	42	1.0
13	57	2.0
13	58	1.0
13	64	1.0
13	65	4.0
13	66	3.0
13	67	13.0
13	68	3.0
13	69	5.0
13	70	1.0
13	71	1.0
13	88	1.0
13	98	2.0
13	99	1.0
13	100	16.0
13	103	1.0
13	105	2.0
13	106	1.0
13	108	1.0
13	109	1.0
13	116	1.0
13	123	1.0
13	138	2.0
13	160	1.0
14	14	332.0
14	15	28.0
14	16	2.0
14	18	1.0
14	19	1.0
14	20	2.0
14	24	1.0
14	32	1.0
14	34	2.0
14	36	1.0
14	44	1.0
14	45	3.0
14	47	1.0
14	65	3.0
14	66	3.0
14	67	10.0
14	68	9.0
14	69	1.0
14	70	2.0
14	74	1.0
14	88	1.0
14	97	2.0
14	99	13.0
14	100	3.0
14	160	1.0
15	15	298.0
15	16	6.0
15	18	15.0
15	19	7.0
15	20	2.0
15	23	2.0
15	30	2.0
15	31	1.0
15	44	4.0
15	45	10.0
15	52	1.0
15	58	1.0
15	99	3.0
15	110	1.0
15	119	1.0
15	124	1.0
15	132	2.0
15	166	1.0
16	16	304.0
16	17	22.0
16	18	6.0
16	19	1.0
16	26	1.0
16	30	1.0
16	32	2.0
16	52	2.0
16	53	1.0
16	56	1.0
16	72	2.0
16	76	1.0
16	87	1.0
16	109	1.0
16	113	5.0
16	127	2.0
16	128	3.0
16	129	4.0
16	130	3.0
16	131	1.0
16	132	2.0
16	133	3.0
16	137	1.0
16	152	1.0
16	158	1.0
16	160	1.0
17	17	316.0
17	18	10.0
17	19	2.0
17	20	1.0
17	22	3.0
17	23	1.0
17	24	1.0
17	39	1.0
17	45	1.0
17	52	1.0
17	53	1.0
17	63	1.0
17	111	2.0
17	112	1.0
17	113	5.0
17	127	3.0
17	128	11.0
17	129	8.0
17	130	3.0
17	131	2.0
17	132	1.0
17	133	1.0
17	137	1.0
17	166	1.0
17	168	1.0
18	18	313.0
18	19	16.0
18	20	2.0
18	21	8.0
18	22	9.0
18	23	7.0
18	24	3.0
18	32	1.0
18	39	1.0
18	44	1.0
18	45	1.0
18	58	7.0
18	88	1.0
18	97	1.0
18	100	1.0
18	124	1.0
18	128	1.0
18	132	4.0
18	133	3.0
18	152	1.0
18	155	1.0
19	19	336.0
19	20	6.0
19	21	11.0
19	22	10.0
19	23	1.0
19	24	1.0
19	29	1.0
19	30	2.0
19	32	1.0
19	35	1.0
19	38	1.0
19	44	4.0
19	45	1.0
19	48	3.0
19	50	1.0
19	54	1.0
19	55	5.0
19	58	5.0
19	61	1.0
19	132	3.0
19	162	1.0
20	20	307.0
20	21	25.0
20	22	21.0
20	23	4.0
20	24	22.0
20	32	5.0
20	33	3.0
20	36	1.0
20	44	3.0
20	45	14.0
20	54	2.0
20	55	1.0
20	56	1.0
20	58	3.0
20	98	4.0
21	21	356.0
21	22	15.0
21	23	8.0
21	24	11.0
21	25	1.0
21	29	2.0
21	32	1.0
21	43	4.0
21	44	1.0
21	45	1.0
21	51	2.0
21	55	1.0
21	56	2.0
21	80	1.0
21	81	2.0
21	94	1.0
21	109	4.0
21	110	1.0
21	111	1.0
21	141	1.0
21	145	1.0
21	168	1.0
22	22	287.0
22	23	26.0
22	24	7.0
22	25	3.0
22	27	1.0
22	28	2.0
22	29	2.0
22	30	1.0
22	43	1.0
22	44	6.0
22	45	7.0
22	48	1.0
22	51	1.0
22	58	6.0
22	66	1.0
22	68	1.0
22	76	1.0
22	85	1.0
22	89	2.0
22	95	1.0
22	125	1.0
22	134	1.0
22	140	1.0
22	163	1.0
22	165	1.0
23	23	278.0
23	24	8.0
23	25	8.0
23	26	3.0
23	27	1.0
23	29	6.0
23	30	4.0
23	32	3.0
23	45	1.0
23	48	2.0
23	52	1.0
23	53	11.0
23	54	3.0
23	90	1.0
23	144	1.0
23	168	1.0
24	24	299.0
24	25	5.0
24	29	2.0
24	30	3.0
24	32	9.0
24	33	2.0
24	43	6.0
24	44	5.0
24	45	2.0
24	46	2.0
24	48	1.0
24	52	7.0
24	53	3.0
24	54	1.0
24	55	2.0
24	89	1.0
24	94	1.0
24	111	1.0
24	125	1.0
24	134	1.0
24	137	2.0
24	138	2.0
24	149	2.0
24	158	3.0
24	161	1.0
25	25	332.0
25	26	6.0
25	27	15.0
25	28	9.0
25	29	10.0
25	30	4.0
25	32	3.0
25	33	2.0
25	37	1.0
25	40	1.0
25	64	1.0
25	104	1.0
25	125	1.0
25	150	2.0
25	152	1.0
25	153	1.0
26	26	269.0
26	27	22.0
26	28	3.0
26	29	1.0
26	30	3.0
26	31	1.0
26	48	3.0
26	52	5.0
26	53	5.0
26	83	1.0
26	117	1.0
26	150	3.0
26	161	1.0
27	27	336.0
27	28	17.0
27	29	7.0
27	30	2.0
27	31	4.0
27	32	1.0
27	44	1.0
27	52	2.0
27	53	3.0
27	78	1.0
27	126	1.0
27	130	1.0
27	148	2.0
28	28	355.0
28	29	6.0
28	30	11.0
28	31	1.0
28	32	1.0
28	42	1.0
28	48	1.0
28	54	2.0
28	58	3.0
28	65	1.0
28	74	1.0
28	86	1.0
28	87	1.0
28	91	1.0
28	136	1.0
28	138	1.0
28	165	3.0
29	29	312.0
29	30	16.0
29	31	6.0
29	32	9.0
29	33	1.0
29	38	1.0
29	43	4.0
29	44	1.0
29	50	2.0
29	86	1.0
29	89	1.0
29	103	1.0
29	108	1.0
29	110	1.0
29	112	1.0
29	116	1.0
29	125	1.0
29	141	2.0
29	162	1.0
29	163	1.0
29	165	1.0
30	30	359.0
30	31	11.0
30	32	2.0
30	33	2.0
30	38	1.0
30	43	5.0
30	44	3.0
30	126	1.0
30	128	1.0
30	132	1.0
30	133	1.0
30	137	1.0
30	138	1.0
30	151	3.0
30	160	1.0
31	31	331.0
31	32	3.0
31	39	1.0
31	43	2.0
31	151	1.0
31	152	1.0
31	158	1.0
32	32	316.0
32	33	1.0
32	35	3.0
32	36	8.0
32	38	1.0
32	39	4.0
32	40	12.0
32	41	3.0
32	42	1.0
32	43	4.0
32	44	1.0
32	71	1.0
32	86	1.0
32	155	1.0
33	33	380.0
33	34	14.0
33	35	10.0
33	36	3.0
33	37	4.0
33	38	10.0
33	39	6.0
33	40	9.0
33	41	6.0
33	43	5.0
33	44	1.0
33	53	1.0
33	67	1.0
33	70	1.0
33	99	1.0
33	115	1.0
33	168	1.0
34	34	362.0
34	35	5.0
34	36	1.0
34	38	1.0
34	39	4.0
34	40	3.0
34	41	2.0
34	46	1.0
34	51	1.0
34	89	1.0
34	111	1.0
34	116	1.0
34	141	1.0
34	159	1.0
34	162	2.0
34	164	1.0
34	165	1.0
34	166	1.0
34	167	2.0
34	168	3.0
35	35	350.0
35	36	7.0
35	37	5.0
35	38	8.0
35	40	1.0
35	41	2.0
35	43	1.0
35	65	1.0
35	88	1.0
35	90	2.0
35	113	4.0
35	132	2.0
35	144	1.0
35	158	1.0
35	162	4.0
35	167	3.0
35	168	3.0
35	169	2.0
35	170	2.0
36	36	388.0
36	37	15.0
36	38	10.0
36	39	1.0
36	40	10.0
36	41	1.0
36	42	8.0
36	43	5.0
36	83	2.0
36	89	1.0
36	92	1.0
36	130	1.0
36	141	1.0
36	149	1.0
37	37	425.0
37	38	35.0
37	39	1.0
37	40	8.0
37	41	10.0
37	42	5.0
37	49	1.0
37	56	1.0
37	70	1.0
37	94	1.0
37	96	1.0
37	110	1.0
37	111	1.0
37	129	1.0
37	159	1.0
37	163	1.0
37	167	4.0
37	168	1.0
38	38	408.0
38	39	8.0
38	40	8.0
38	41	2.0
38	43	1.0
38	86	1.0
38	104	2.0
38	111	1.0
38	113	1.0
38	149	1.0
38	159	1.0
38	161	1.0
38	162	10.0
38	165	1.0
38	167	1.0
39	39	369.0
39	40	19.0
39	41	14.0
39	69	1.0
39	79	1.0
39	94	1.0
39	98	1.0
39	117	2.0
39	166	1.0
40	40	411.0
40	41	11.0
40	42	13.0
40	43	3.0
40	56	1.0
40	75	1.0
40	88	2.0
40	163	1.0
41	41	524.0
41	42	14.0
41	43	17.0
41	62	1.0
41	63	1.0
41	71	2.0
41	99	2.0
41	127	2.0
41	138	1.0
41	141	1.0
41	149	1.0
41	154	1.0
41	160	1.0
41	165	1.0
41	166	4.0
42	42	349.0
42	43	20.0
42	45	2.0
42	58	2.0
42	74	1.0
42	81	1.0
42	106	1.0
42	117	1.0
42	123	1.0
42	152	1.0
42	161	1.0
43	43	438.0
43	44	22.0
43	45	2.0
43	64	1.0
43	99	1.0
43	108	1.0
43	109	1.0
43	123	1.0
43	131	1.0
43	134	1.0
43	151	2.0
43	152	1.0
43	153	1.0
43	166	2.0
43	169	1.0
44	44	306.0
44	45	27.0
44	46	1.0
44	49	1.0
44	58	2.0
44	83	1.0
44	124	1.0
44	131	1.0
44	133	2.0
44	135	1.0
44	138	3.0
44	145	1.0
44	149	2.0
44	150	4.0
44	151	6.0
44	152	1.0
45	45	321.0
45	46	4.0
45	51	3.0
45	54	1.0
45	58	1.0
45	94	1.0
45	113	2.0
45	130	1.0
45	137	1.0
45	138	2.0
46	46	343.0
46	47	13.0
46	48	6.0
46	49	1.0
46	50	6.0
46	51	4.0
46	52	10.0
46	53	5.0
46	54	2.0
46	62	1.0
46	64	1.0
46	88	1.0
46	89	1.0
46	124	1.0
46	127	1.0
46	131	1.0
46	139	1.0
46	154	3.0
46	155	5.0
46	159	1.0
47	47	290.0
47	48	7.0
47	49	3.0
47	50	2.0
47	51	4.0
47	52	14.0
47	53	17.0
47	54	6.0
47	55	2.0
47	56	2.0
47	62	1.0
47	63	6.0
47	64	2.0
47	100	1.0
47	112	2.0
47	140	1.0
47	142	1.0
47	154	1.0
47	155	1.0
48	48	268.0
48	49	6.0
48	50	6.0
48	51	4.0
48	52	11.0
48	53	6.0
48	54	18.0
48	55	10.0
48	56	3.0
48	57	2.0
48	58	6.0
48	62	5.0
48	63	14.0
48	64	4.0
48	82	1.0
48	113	1.0
48	120	1.0
48	132	1.0
48	138	1.0
48	139	4.0
48	142	2.0
48	154	3.0
48	155	1.0
49	49	295.0
49	50	17.0
49	51	10.0
49	53	2.0
49	57	1.0
49	89	1.0
49	93	3.0
49	99	1.0
49	106	8.0
49	107	3.0
49	108	1.0
49	112	2.0
49	130	2.0
49	136	1.0
49	138	4.0
49	139	5.0
49	142	5.0
49	143	2.0
49	144	5.0
49	145	6.0
49	147	2.0
49	148	1.0
49	152	1.0
49	153	1.0
49	155	1.0
49	156	8.0
49	157	1.0
50	50	280.0
50	51	13.0
50	52	4.0
50	53	9.0
50	54	8.0
50	55	9.0
50	58	4.0
50	63	2.0
50	93	3.0
50	107	3.0
50	119	1.0
50	128	2.0
50	130	2.0
50	138	1.0
50	139	3.0
50	142	2.0
50	143	6.0
50	154	1.0
50	155	1.0
50	156	2.0
51	51	353.0
51	52	12.0
51	53	1.0
51	54	2.0
51	55	1.0
51	57	6.0
51	58	3.0
51	63	10.0
51	64	1.0
51	66	2.0
51	87	1.0
51	106	5.0
51	107	1.0
51	109	2.0
51	135	1.0
51	136	8.0
51	138	7.0
51	139	7.0
51	140	5.0
51	141	2.0
51	142	5.0
51	147	2.0
51	148	1.0
51	152	3.0
51	153	3.0
51	154	3.0
51	155	3.0
51	156	1.0
51	157	1.0
52	52	288.0
52	53	10.0
52	54	7.0
52	55	8.0
52	56	4.0
52	57	5.0
52	58	1.0
52	63	4.0
52	64	12.0
52	77	2.0
52	92	1.0
52	95	2.0
52	110	1.0
52	146	2.0
52	155	3.0
52	158	2.0
52	159	1.0
53	53	325.0
53	54	13.0
53	55	5.0
53	58	1.0
53	97	1.0
53	127	1.0
53	154	1.0
53	160	1.0
54	54	258.0
54	55	21.0
54	56	1.0
54	57	7.0
54	58	3.0
54	63	12.0
54	68	1.0
54	101	2.0
54	121	2.0
54	142	1.0
54	156	1.0
54	158	1.0
55	55	298.0
55	57	10.0
55	58	6.0
55	62	5.0
55	63	9.0
55	64	8.0
55	65	1.0
55	76	1.0
55	113	1.0
55	114	1.0
55	115	1.0
55	117	2.0
55	139	1.0
55	140	3.0
55	144	1.0
55	154	1.0
55	157	1.0
55	166	1.0
56	56	266.0
56	57	11.0
56	58	1.0
56	61	1.0
56	62	17.0
56	63	6.0
56	64	14.0
56	66	2.0
56	81	1.0
56	91	3.0
56	112	2.0
56	113	1.0
56	114	3.0
56	118	1.0
56	119	2.0
56	123	1.0
56	124	1.0
56	131	1.0
56	152	1.0
57	57	442.0
57	58	22.0
57	62	11.0
57	63	23.0
57	64	5.0
57	65	10.0
57	66	15.0
57	68	1.0
57	81	1.0
57	89	1.0
57	97	1.0
57	103	1.0
57	118	2.0
57	119	1.0
57	124	1.0
57	132	1.0
57	146	1.0
57	154	1.0
57	169	1.0
58	58	1450.0
58	61	9.0
58	62	8.0
58	63	5.0
58	64	1.0
58	65	7.0
58	66	5.0
58	70	7.0
58	75	1.0
58	103	1.0
58	104	1.0
58	109	1.0
58	117	1.0
58	155	1.0
58	160	1.0
61	61	62.0
61	62	2.0
61	64	3.0
61	82	2.0
61	167	1.0
62	62	304.0
62	63	9.0
62	64	7.0
62	65	22.0
62	66	8.0
62	70	1.0
62	71	1.0
62	114	1.0
62	119	2.0
62	123	1.0
62	131	1.0
62	133	1.0
62	139	1.0
62	166	2.0
63	63	246.0
63	64	7.0
63	65	6.0
63	66	1.0
63	79	1.0
63	124	1.0
63	154	1.0
64	64	279.0
64	65	15.0
64	66	8.0
64	69	2.0
64	77	1.0
64	82	1.0
64	83	1.0
64	107	1.0
64	109	1.0
64	114	4.0
64	118	7.0
64	119	1.0
64	131	2.0
64	139	4.0
64	140	2.0
64	146	3.0
64	154	3.0
65	65	250.0
65	66	18.0
65	67	7.0
65	68	5.0
65	69	12.0
65	70	2.0
65	71	1.0
65	73	1.0
65	74	1.0
65	93	3.0
65	100	3.0
65	102	1.0
65	106	1.0
65	118	11.0
65	119	1.0
65	127	1.0
65	143	1.0
65	161	2.0
66	66	277.0
66	67	7.0
66	69	3.0
66	70	7.0
66	99	2.0
66	100	1.0
66	101	1.0
66	105	1.0
66	106	3.0
66	118	3.0
66	146	1.0
66	165	1.0
66	169	1.0
67	67	277.0
67	68	24.0
67	69	10.0
67	70	15.0
67	71	1.0
67	83	1.0
67	87	10.0
67	88	2.0
67	89	1.0
67	92	1.0
67	93	1.0
67	98	4.0
67	100	15.0
67	101	6.0
67	102	2.0
67	105	3.0
67	106	5.0
67	108	1.0
67	109	1.0
67	147	1.0
67	150	1.0
67	152	3.0
67	163	1.0
68	68	276.0
68	69	11.0
68	70	16.0
68	71	4.0
68	86	1.0
68	87	10.0
68	88	7.0
68	89	3.0
68	92	4.0
68	93	6.0
68	94	1.0
68	96	1.0
68	97	4.0
68	98	1.0
68	100	5.0
68	101	10.0
68	102	10.0
68	105	4.0
68	108	1.0
68	110	1.0
68	133	1.0
69	69	252.0
69	70	17.0
69	71	2.0
69	72	1.0
69	81	1.0
69	82	1.0
69	88	7.0
69	89	1.0
69	90	7.0
69	95	2.0
69	96	3.0
69	97	3.0
69	98	1.0
69	99	6.0
69	100	10.0
69	101	1.0
69	109	1.0
69	114	1.0
69	115	2.0
69	118	9.0
69	119	2.0
69	122	1.0
69	133	1.0
69	150	1.0
69	161	1.0
70	70	322.0
70	71	4.0
70	73	2.0
70	76	4.0
70	77	13.0
70	78	1.0
70	80	1.0
70	81	1.0
70	82	1.0
70	83	1.0
70	85	4.0
70	86	3.0
70	87	7.0
70	88	8.0
70	89	4.0
70	90	1.0
70	91	1.0
70	92	7.0
70	93	1.0
70	95	5.0
70	96	3.0
70	97	2.0
70	99	3.0
70	100	3.0
70	102	5.0
70	117	1.0
70	153	1.0
70	161	2.0
71	71	304.0
71	72	13.0
71	73	2.0
71	74	1.0
71	75	3.0
71	76	2.0
71	80	4.0
71	81	3.0
71	82	8.0
71	83	14.0
71	85	5.0
71	86	2.0
71	87	1.0
71	88	1.0
71	90	4.0
71	91	3.0
71	92	4.0
71	93	11.0
71	95	6.0
71	117	1.0
71	119	3.0
71	120	3.0
71	125	5.0
71	126	2.0
71	127	1.0
71	153	1.0
72	72	303.0
72	73	16.0
72	74	3.0
72	75	4.0
72	76	3.0
72	80	6.0
72	81	11.0
72	82	7.0
72	83	2.0
72	84	3.0
72	87	1.0
72	89	1.0
72	90	4.0
72	91	10.0
72	92	1.0
72	94	1.0
72	95	2.0
72	105	1.0
72	119	1.0
72	120	4.0
73	73	283.0
73	74	3.0
73	78	3.0
73	79	2.0
73	80	4.0
73	81	2.0
73	83	4.0
73	84	10.0
73	87	1.0
73	119	1.0
73	120	4.0
73	122	3.0
73	123	1.0
73	134	1.0
73	139	1.0
73	140	1.0
73	161	2.0
73	164	1.0
74	74	280.0
74	75	12.0
74	76	3.0
74	77	8.0
74	78	2.0
74	79	1.0
74	80	1.0
74	81	5.0
74	82	1.0
74	83	1.0
74	84	11.0
74	85	5.0
74	119	1.0
74	120	1.0
74	121	1.0
74	122	1.0
74	123	4.0
74	124	3.0
74	125	1.0
74	127	1.0
74	128	4.0
74	134	2.0
74	161	2.0
75	75	306.0
75	76	10.0
75	77	4.0
75	78	2.0
75	80	3.0
75	82	2.0
75	84	2.0
75	85	10.0
75	86	2.0
75	120	3.0
75	123	9.0
75	125	2.0
75	126	3.0
75	127	6.0
75	128	1.0
75	129	2.0
75	130	1.0
75	134	3.0
75	150	1.0
75	160	1.0
76	76	292.0
76	77	24.0
76	78	6.0
76	79	2.0
76	80	2.0
76	83	3.0
76	87	1.0
76	88	1.0
76	89	1.0
76	92	2.0
76	93	5.0
76	94	11.0
76	95	3.0
76	96	4.0
76	113	1.0
76	122	1.0
76	123	6.0
76	125	1.0
76	126	2.0
76	127	7.0
76	129	3.0
76	130	1.0
76	131	1.0
76	132	7.0
76	133	5.0
76	134	2.0
76	148	1.0
76	160	1.0
77	77	264.0
77	78	27.0
77	79	11.0
77	80	6.0
77	82	1.0
77	92	1.0
77	94	1.0
77	110	1.0
77	129	1.0
77	130	1.0
77	132	1.0
77	133	3.0
77	134	1.0
77	141	1.0
78	78	261.0
78	79	26.0
78	80	13.0
78	81	1.0
78	123	1.0
78	129	1.0
78	133	2.0
78	136	1.0
78	139	1.0
79	79	294.0
79	80	16.0
79	82	5.0
79	88	1.0
79	91	2.0
79	94	11.0
79	129	3.0
79	134	1.0
79	135	1.0
79	150	1.0
80	80	283.0
80	81	14.0
80	82	12.0
80	83	2.0
80	87	1.0
80	91	4.0
80	94	3.0
80	95	2.0
80	102	1.0
80	117	6.0
80	119	4.0
80	120	1.0
80	123	1.0
80	124	1.0
80	125	5.0
80	127	1.0
80	129	7.0
80	131	1.0
80	132	2.0
81	81	278.0
81	82	30.0
81	83	5.0
81	85	2.0
81	89	1.0
81	90	3.0
81	91	8.0
81	98	1.0
81	112	1.0
81	117	4.0
81	118	5.0
81	119	3.0
81	120	8.0
81	123	1.0
81	124	1.0
81	156	1.0
81	160	1.0
81	166	1.0
82	82	283.0
82	83	9.0
82	84	4.0
82	85	3.0
82	96	1.0
82	116	1.0
82	117	4.0
82	118	1.0
82	121	3.0
82	123	3.0
82	124	9.0
82	133	1.0
82	141	1.0
82	160	1.0
82	167	1.0
83	83	261.0
83	84	15.0
83	85	17.0
83	86	1.0
83	87	1.0
83	88	1.0
83	107	2.0
83	116	1.0
83	120	2.0
83	121	6.0
83	122	2.0
83	123	4.0
83	124	1.0
83	125	5.0
83	126	4.0
83	127	8.0
83	128	3.0
83	133	2.0
83	135	3.0
83	136	1.0
83	154	1.0
83	155	1.0
83	167	5.0
83	169	2.0
84	84	306.0
84	85	5.0
84	86	2.0
84	87	4.0
84	88	5.0
84	94	2.0
84	104	1.0
84	113	1.0
84	120	4.0
84	121	1.0
84	122	7.0
84	123	2.0
84	126	2.0
84	127	2.0
84	128	1.0
84	131	1.0
84	133	2.0
84	134	1.0
84	136	1.0
84	138	1.0
84	141	1.0
84	147	1.0
84	148	1.0
84	149	1.0
84	166	9.0
84	167	6.0
84	168	2.0
84	169	8.0
84	170	4.0
85	85	275.0
85	86	1.0
85	87	6.0
85	89	4.0
85	90	1.0
85	93	1.0
85	95	1.0
85	117	1.0
85	119	2.0
85	120	11.0
85	121	11.0
85	122	12.0
85	123	8.0
85	126	7.0
85	127	4.0
85	130	1.0
85	132	3.0
85	133	1.0
85	135	4.0
85	136	1.0
85	137	1.0
85	141	2.0
85	146	1.0
85	148	2.0
85	153	6.0
85	154	5.0
85	160	9.0
85	164	2.0
85	166	3.0
85	167	6.0
85	168	1.0
85	170	1.0
86	86	267.0
86	87	6.0
86	94	1.0
86	96	1.0
86	97	5.0
86	98	7.0
86	101	1.0
86	102	3.0
86	103	1.0
86	106	3.0
86	107	1.0
86	108	5.0
86	110	3.0
86	112	4.0
86	113	1.0
86	118	3.0
86	119	1.0
86	120	4.0
86	121	1.0
86	122	7.0
86	123	1.0
86	127	1.0
86	130	1.0
86	135	1.0
86	136	2.0
86	146	1.0
86	147	3.0
86	150	2.0
86	151	5.0
86	152	2.0
86	156	3.0
86	159	2.0
86	160	5.0
86	161	12.0
86	164	3.0
86	165	6.0
86	166	4.0
87	87	276.0
87	88	10.0
87	89	4.0
87	92	2.0
87	93	4.0
87	94	4.0
87	96	11.0
87	101	7.0
87	106	1.0
87	117	1.0
87	121	1.0
87	122	1.0
87	125	1.0
87	126	1.0
87	131	1.0
87	132	1.0
87	133	1.0
87	134	1.0
87	135	4.0
87	136	1.0
87	138	1.0
87	146	2.0
87	147	1.0
87	148	2.0
87	153	5.0
87	154	6.0
87	155	1.0
87	159	2.0
87	160	3.0
87	165	2.0
88	88	289.0
88	89	19.0
88	90	7.0
88	91	3.0
88	92	3.0
88	93	5.0
88	94	2.0
88	95	3.0
88	96	4.0
88	97	4.0
88	99	5.0
88	100	3.0
88	121	1.0
88	122	1.0
88	123	1.0
88	125	1.0
88	126	11.0
88	127	3.0
88	134	2.0
88	135	2.0
88	147	2.0
88	152	1.0
88	154	1.0
89	89	297.0
89	90	13.0
89	91	14.0
89	92	20.0
89	93	7.0
89	94	1.0
89	95	1.0
89	96	1.0
89	97	1.0
89	100	4.0
89	102	2.0
89	122	2.0
89	123	2.0
89	125	8.0
89	126	1.0
89	127	2.0
89	132	1.0
89	134	1.0
89	139	1.0
89	146	2.0
89	147	1.0
89	148	2.0
89	170	1.0
90	90	325.0
90	91	18.0
90	92	10.0
90	95	2.0
90	96	1.0
90	99	2.0
90	100	6.0
90	101	1.0
90	102	3.0
90	104	1.0
90	105	2.0
90	108	1.0
90	109	2.0
90	117	3.0
90	118	2.0
90	119	13.0
90	121	1.0
90	122	4.0
90	125	1.0
90	126	1.0
90	127	1.0
90	132	3.0
90	133	1.0
90	134	1.0
90	166	3.0
90	170	3.0
91	91	331.0
91	92	22.0
91	93	6.0
91	95	4.0
91	100	4.0
91	101	7.0
91	103	1.0
91	118	1.0
91	119	7.0
91	122	2.0
91	127	1.0
91	144	1.0
91	148	2.0
91	162	1.0
92	92	275.0
92	93	18.0
92	94	12.0
92	95	9.0
92	99	1.0
92	100	9.0
92	102	4.0
92	104	4.0
92	105	2.0
92	106	2.0
92	122	2.0
92	125	1.0
92	127	3.0
92	128	1.0
92	145	1.0
93	93	267.0
93	94	10.0
93	95	3.0
93	96	4.0
93	100	3.0
93	102	2.0
93	104	1.0
93	105	2.0
93	106	3.0
93	107	2.0
93	117	1.0
93	122	1.0
93	133	1.0
93	136	1.0
93	144	5.0
93	145	7.0
93	147	2.0
93	148	7.0
93	152	4.0
93	153	1.0
93	154	2.0
93	156	2.0
94	94	276.0
94	95	15.0
94	96	3.0
94	105	2.0
94	106	4.0
94	109	1.0
94	122	1.0
94	136	5.0
94	146	4.0
94	147	2.0
94	148	2.0
94	152	2.0
94	154	1.0
94	156	6.0
94	160	1.0
94	166	5.0
94	167	2.0
94	168	1.0
94	169	2.0
95	95	251.0
95	96	9.0
95	99	1.0
95	105	4.0
95	106	1.0
95	107	1.0
95	109	3.0
95	115	1.0
95	117	1.0
95	136	2.0
95	146	3.0
95	147	4.0
95	148	2.0
95	151	2.0
95	153	1.0
95	164	2.0
95	168	1.0
96	96	286.0
96	97	13.0
96	110	15.0
96	114	1.0
96	117	1.0
96	119	1.0
96	120	1.0
96	124	1.0
96	132	1.0
96	146	5.0
96	147	2.0
96	148	4.0
96	150	3.0
96	151	4.0
96	156	1.0
96	158	1.0
96	161	2.0
96	166	1.0
97	97	324.0
97	98	20.0
97	99	9.0
97	100	4.0
97	108	6.0
97	109	5.0
97	110	5.0
97	112	1.0
97	121	1.0
97	124	5.0
97	132	1.0
97	136	1.0
97	146	6.0
97	147	6.0
97	150	6.0
97	151	3.0
97	160	2.0
97	161	1.0
97	163	1.0
97	165	6.0
97	166	4.0
98	98	395.0
98	99	21.0
98	100	5.0
98	101	8.0
98	102	2.0
98	103	1.0
98	105	6.0
98	106	1.0
98	107	4.0
98	108	2.0
98	109	4.0
98	110	4.0
98	123	1.0
98	127	8.0
98	133	1.0
98	134	7.0
98	135	7.0
98	136	4.0
98	143	2.0
98	147	4.0
98	150	2.0
98	151	1.0
98	152	1.0
98	157	1.0
98	160	2.0
98	161	7.0
98	162	8.0
98	163	1.0
99	99	452.0
99	100	17.0
99	101	3.0
99	102	3.0
99	105	3.0
99	107	1.0
99	108	1.0
99	109	8.0
99	110	4.0
99	115	1.0
99	116	1.0
99	117	4.0
99	122	1.0
99	123	4.0
99	136	8.0
99	137	5.0
99	138	3.0
99	142	7.0
99	146	3.0
99	147	2.0
99	149	1.0
99	150	3.0
99	158	1.0
99	160	2.0
99	164	1.0
99	165	8.0
99	166	1.0
99	167	1.0
100	100	466.0
100	101	24.0
100	102	10.0
100	103	17.0
100	104	11.0
100	105	5.0
100	108	1.0
100	109	2.0
100	115	2.0
100	116	2.0
100	117	3.0
100	122	6.0
100	128	1.0
100	138	5.0
100	140	1.0
100	142	6.0
100	148	1.0
100	154	1.0
100	156	1.0
100	167	2.0
101	101	386.0
101	102	42.0
101	103	16.0
101	104	1.0
101	108	1.0
101	115	2.0
101	118	2.0
101	119	2.0
101	120	1.0
101	121	1.0
101	137	11.0
101	138	1.0
101	142	1.0
101	147	1.0
101	150	3.0
101	151	1.0
101	152	1.0
101	162	1.0
101	166	8.0
101	167	7.0
102	102	320.0
102	103	17.0
102	104	16.0
102	105	5.0
102	106	9.0
102	108	1.0
102	109	1.0
102	115	2.0
102	117	2.0
102	118	9.0
102	119	4.0
102	121	2.0
102	122	3.0
102	136	1.0
102	137	4.0
102	141	1.0
102	142	3.0
102	143	2.0
102	145	6.0
102	147	2.0
102	148	1.0
102	151	1.0
102	152	2.0
102	154	3.0
102	166	2.0
102	167	4.0
103	103	270.0
103	104	17.0
103	105	3.0
103	106	4.0
103	107	3.0
103	117	1.0
103	118	3.0
103	119	2.0
103	120	1.0
103	122	1.0
103	142	2.0
103	146	3.0
103	147	6.0
103	150	1.0
103	151	3.0
103	152	6.0
103	153	1.0
103	154	1.0
103	156	1.0
103	157	1.0
103	159	1.0
103	167	5.0
104	104	338.0
104	105	16.0
104	106	9.0
104	107	1.0
104	108	2.0
104	112	1.0
104	113	1.0
104	145	2.0
104	146	12.0
104	147	5.0
104	166	2.0
105	105	282.0
105	106	12.0
105	107	5.0
105	108	8.0
105	110	5.0
105	117	2.0
105	134	1.0
105	144	5.0
105	145	4.0
105	146	14.0
105	147	16.0
105	148	5.0
105	152	1.0
105	157	2.0
105	167	1.0
106	106	312.0
106	107	25.0
106	108	5.0
106	109	4.0
106	112	1.0
106	113	6.0
106	119	5.0
106	120	4.0
106	136	3.0
106	143	1.0
106	144	7.0
106	145	16.0
106	146	12.0
106	147	17.0
106	148	4.0
106	149	1.0
106	151	1.0
106	152	6.0
106	153	1.0
106	154	1.0
106	156	1.0
107	107	325.0
107	108	20.0
107	109	5.0
107	110	3.0
107	117	1.0
107	119	2.0
107	120	1.0
107	127	1.0
107	130	1.0
107	135	2.0
107	136	5.0
107	138	1.0
107	144	10.0
107	145	5.0
107	146	2.0
107	147	12.0
107	148	3.0
107	151	2.0
107	152	7.0
107	153	1.0
107	154	3.0
107	156	1.0
107	157	3.0
107	158	3.0
108	108	331.0
108	109	45.0
108	110	9.0
108	118	1.0
108	136	3.0
108	144	1.0
108	145	3.0
108	146	9.0
108	147	14.0
108	150	6.0
108	151	4.0
108	152	2.0
108	157	2.0
108	163	1.0
108	165	3.0
109	109	298.0
109	110	15.0
109	122	4.0
109	128	1.0
109	143	2.0
109	144	5.0
109	146	8.0
109	147	5.0
109	150	5.0
109	151	3.0
109	165	1.0
109	166	1.0
110	110	309.0
110	111	8.0
110	112	1.0
110	114	1.0
110	128	1.0
110	140	1.0
110	144	1.0
110	146	8.0
110	147	4.0
110	150	5.0
110	151	2.0
110	156	1.0
110	161	2.0
110	165	2.0
110	167	1.0
111	111	302.0
111	112	10.0
111	113	6.0
111	114	2.0
111	128	4.0
111	129	4.0
111	130	2.0
111	133	1.0
111	138	2.0
111	139	2.0
111	150	4.0
111	153	1.0
111	159	1.0
111	161	5.0
111	162	5.0
111	163	6.0
111	164	4.0
111	169	2.0
112	112	308.0
112	113	17.0
112	114	11.0
112	125	1.0
112	128	2.0
112	129	1.0
112	130	1.0
112	137	3.0
112	139	1.0
112	142	1.0
112	150	2.0
112	155	10.0
112	159	11.0
112	161	2.0
112	164	5.0
112	165	6.0
112	166	1.0
113	113	293.0
113	114	17.0
113	115	1.0
113	127	2.0
113	128	4.0
113	129	6.0
113	130	6.0
113	131	9.0
113	135	2.0
113	136	3.0
113	139	1.0
113	140	1.0
113	143	1.0
113	148	1.0
113	152	1.0
113	155	2.0
113	158	2.0
113	159	13.0
113	160	1.0
114	114	284.0
114	115	11.0
114	116	1.0
114	117	1.0
114	119	1.0
114	127	2.0
114	130	4.0
114	131	5.0
114	133	1.0
114	134	1.0
114	135	6.0
114	136	1.0
114	139	5.0
114	140	9.0
114	141	8.0
114	145	1.0
114	153	1.0
114	154	1.0
114	155	1.0
114	158	1.0
114	159	1.0
114	160	2.0
115	115	278.0
115	116	26.0
115	117	1.0
115	119	3.0
115	120	1.0
115	121	2.0
115	131	1.0
115	133	2.0
115	135	13.0
115	136	2.0
115	139	2.0
115	140	9.0
115	141	15.0
115	142	4.0
115	143	1.0
115	154	2.0
115	160	5.0
115	162	1.0
115	169	1.0
116	116	337.0
116	117	29.0
116	119	3.0
116	120	4.0
116	121	2.0
116	122	2.0
116	123	3.0
116	124	11.0
116	125	1.0
116	130	1.0
116	133	3.0
116	134	2.0
116	135	1.0
116	138	1.0
116	140	1.0
116	141	10.0
116	143	8.0
116	144	5.0
116	145	6.0
116	146	1.0
116	155	1.0
116	158	6.0
116	159	1.0
116	160	3.0
117	117	333.0
117	118	7.0
117	119	19.0
117	120	12.0
117	121	1.0
117	122	1.0
117	123	2.0
117	124	1.0
117	128	2.0
117	132	1.0
117	133	1.0
117	134	1.0
117	141	1.0
117	142	2.0
117	144	6.0
117	145	15.0
117	147	1.0
117	150	4.0
117	151	3.0
117	152	1.0
117	153	3.0
117	155	2.0
117	157	1.0
117	158	5.0
117	159	3.0
117	166	1.0
118	118	317.0
118	119	19.0
118	120	4.0
118	121	5.0
118	122	2.0
118	123	2.0
118	124	1.0
118	125	1.0
118	135	1.0
118	143	1.0
118	149	2.0
118	151	5.0
118	153	7.0
118	154	3.0
118	155	1.0
119	119	343.0
119	120	10.0
119	121	7.0
119	122	6.0
119	123	15.0
119	127	1.0
119	129	1.0
119	134	1.0
119	138	1.0
119	141	1.0
119	147	2.0
119	151	5.0
119	152	6.0
119	153	6.0
119	154	4.0
119	156	2.0
119	160	1.0
120	120	274.0
120	121	12.0
120	122	7.0
120	123	5.0
120	124	5.0
120	125	2.0
120	126	3.0
120	133	2.0
120	147	1.0
120	149	3.0
120	153	4.0
120	154	5.0
120	156	3.0
120	160	3.0
120	162	1.0
121	121	274.0
121	122	24.0
121	123	8.0
121	124	4.0
121	125	2.0
121	126	8.0
121	127	2.0
121	134	1.0
121	139	1.0
121	140	1.0
121	141	3.0
121	148	5.0
121	149	1.0
121	151	6.0
121	153	5.0
121	154	5.0
121	155	1.0
121	160	4.0
122	122	328.0
122	123	9.0
122	124	5.0
122	125	3.0
122	126	9.0
122	127	7.0
122	131	1.0
122	137	1.0
122	138	3.0
122	142	4.0
122	145	2.0
122	148	5.0
122	149	1.0
122	150	3.0
122	151	1.0
122	153	7.0
122	154	4.0
122	159	1.0
122	160	1.0
122	167	1.0
123	123	473.0
123	124	26.0
123	125	3.0
123	126	5.0
123	127	6.0
123	128	5.0
123	137	3.0
123	138	16.0
123	139	2.0
123	142	3.0
123	150	5.0
123	151	1.0
123	154	3.0
123	156	4.0
123	157	7.0
123	158	5.0
123	160	2.0
123	164	13.0
123	168	2.0
124	124	446.0
124	125	18.0
124	126	2.0
124	127	1.0
124	128	17.0
124	129	3.0
124	133	2.0
124	148	1.0
124	150	5.0
124	151	2.0
124	154	11.0
124	155	12.0
124	156	11.0
124	157	2.0
124	160	1.0
124	163	2.0
124	164	1.0
124	166	2.0
124	170	1.0
125	125	486.0
125	126	40.0
125	127	16.0
125	128	3.0
125	129	4.0
125	130	1.0
125	134	3.0
125	135	2.0
125	147	1.0
125	148	3.0
125	149	2.0
125	154	1.0
125	155	24.0
125	156	1.0
125	157	3.0
125	160	4.0
126	126	456.0
126	127	33.0
126	129	4.0
126	130	1.0
126	131	1.0
126	132	1.0
126	133	1.0
126	134	2.0
126	135	2.0
126	147	4.0
126	148	3.0
126	150	1.0
126	154	1.0
126	155	8.0
126	160	2.0
126	162	3.0
126	163	1.0
126	164	6.0
126	165	4.0
126	168	1.0
127	127	416.0
127	128	9.0
127	129	9.0
127	130	4.0
127	131	2.0
127	132	1.0
127	133	1.0
127	134	6.0
127	135	12.0
127	136	1.0
127	137	1.0
127	147	7.0
127	149	5.0
127	150	1.0
127	152	2.0
127	156	1.0
127	158	2.0
127	160	5.0
127	161	1.0
127	162	6.0
127	163	1.0
127	164	1.0
127	165	2.0
127	166	1.0
128	128	458.0
128	129	46.0
128	130	5.0
128	131	1.0
128	134	1.0
128	135	3.0
128	150	4.0
128	151	1.0
128	156	1.0
128	161	3.0
128	163	2.0
128	168	1.0
129	129	420.0
129	130	12.0
129	131	2.0
129	133	2.0
129	134	1.0
129	137	4.0
129	148	3.0
129	158	2.0
129	159	2.0
129	161	1.0
129	164	5.0
129	167	1.0
129	169	2.0
129	170	3.0
130	130	359.0
130	131	20.0
130	132	15.0
130	133	10.0
130	134	4.0
130	135	9.0
130	137	1.0
130	138	1.0
130	139	3.0
130	140	2.0
130	141	4.0
130	151	2.0
130	160	1.0
130	163	3.0
130	164	1.0
130	166	3.0
130	168	4.0
130	169	2.0
130	170	6.0
131	131	328.0
131	132	6.0
131	133	9.0
131	134	1.0
131	135	6.0
131	137	2.0
131	138	3.0
131	139	2.0
131	152	1.0
131	154	5.0
131	156	1.0
131	160	9.0
131	167	1.0
132	132	332.0
132	133	15.0
132	134	26.0
132	135	10.0
132	136	5.0
132	139	2.0
132	140	2.0
132	142	1.0
132	160	1.0
132	166	1.0
132	168	2.0
132	170	6.0
133	133	332.0
133	134	10.0
133	135	4.0
133	136	8.0
133	138	1.0
133	139	4.0
133	140	7.0
133	141	2.0
133	142	2.0
133	160	3.0
133	164	1.0
133	166	7.0
133	167	3.0
133	168	3.0
133	170	1.0
134	134	419.0
134	135	45.0
134	136	6.0
134	138	5.0
134	139	9.0
134	140	7.0
134	141	1.0
134	142	1.0
134	148	7.0
134	154	1.0
134	160	4.0
134	161	3.0
134	162	3.0
134	166	7.0
134	167	3.0
134	168	2.0
134	170	17.0
135	135	426.0
135	136	14.0
135	137	11.0
135	138	11.0
135	139	12.0
135	140	3.0
135	141	3.0
135	142	3.0
135	149	1.0
135	153	2.0
135	154	3.0
135	160	7.0
135	161	3.0
135	162	1.0
135	166	2.0
135	167	2.0
135	170	2.0
136	136	436.0
136	137	22.0
136	138	5.0
136	139	2.0
136	140	5.0
136	141	8.0
136	146	1.0
136	152	2.0
136	153	2.0
136	154	4.0
136	155	1.0
136	156	6.0
136	159	2.0
136	160	5.0
136	161	5.0
136	162	3.0
136	164	2.0
136	165	4.0
136	166	13.0
136	167	2.0
136	169	1.0
137	137	504.0
137	138	22.0
137	141	4.0
137	148	1.0
137	149	6.0
137	150	6.0
137	151	4.0
137	154	1.0
137	157	1.0
137	158	7.0
137	159	3.0
137	161	2.0
137	163	1.0
137	164	1.0
137	165	3.0
137	166	1.0
137	167	12.0
137	168	3.0
138	138	478.0
138	139	31.0
138	140	12.0
138	141	5.0
138	142	15.0
138	143	1.0
138	149	13.0
138	150	13.0
138	151	11.0
138	152	1.0
138	153	2.0
138	155	2.0
138	156	1.0
138	157	5.0
138	158	3.0
138	159	1.0
138	163	1.0
138	165	2.0
139	139	506.0
139	140	44.0
139	141	12.0
139	142	15.0
139	151	8.0
139	152	2.0
139	153	2.0
139	154	3.0
139	155	4.0
139	156	3.0
139	157	1.0
139	158	3.0
139	160	1.0
139	164	2.0
140	140	427.0
140	141	29.0
140	142	9.0
140	151	5.0
140	152	5.0
140	153	2.0
140	154	6.0
140	155	1.0
140	156	1.0
140	157	3.0
140	160	1.0
141	141	427.0
141	142	22.0
141	145	2.0
141	148	1.0
141	149	4.0
141	151	5.0
141	152	5.0
141	153	5.0
141	154	9.0
141	155	4.0
141	160	6.0
141	164	1.0
142	142	352.0
142	143	5.0
142	144	3.0
142	147	2.0
142	149	3.0
142	150	1.0
142	153	5.0
142	154	4.0
142	155	11.0
142	156	10.0
142	157	3.0
142	160	6.0
142	169	1.0
142	170	1.0
143	143	297.0
143	144	12.0
143	147	1.0
143	150	3.0
143	151	1.0
143	152	1.0
143	154	1.0
143	155	21.0
143	157	6.0
143	158	4.0
143	159	2.0
143	160	1.0
144	144	302.0
144	145	19.0
144	146	2.0
144	147	5.0
144	148	2.0
144	149	2.0
144	151	1.0
144	152	2.0
144	153	1.0
144	154	1.0
144	155	1.0
144	156	2.0
144	157	8.0
144	158	2.0
144	159	13.0
145	145	306.0
145	146	7.0
145	147	5.0
145	148	9.0
145	152	2.0
145	153	3.0
145	154	5.0
145	155	2.0
145	156	2.0
145	157	1.0
145	158	6.0
146	146	285.0
146	147	12.0
146	148	3.0
146	151	1.0
146	157	2.0
146	167	2.0
147	147	284.0
147	148	8.0
147	149	1.0
147	151	7.0
147	152	7.0
147	153	2.0
147	154	1.0
147	155	3.0
147	156	7.0
147	157	4.0
147	159	3.0
147	160	14.0
147	163	1.0
148	148	300.0
148	149	7.0
148	150	3.0
148	151	6.0
148	152	1.0
148	153	7.0
148	154	8.0
148	156	15.0
148	157	4.0
148	159	3.0
148	160	4.0
149	149	310.0
149	150	13.0
149	151	10.0
149	152	2.0
149	153	6.0
149	154	2.0
149	155	1.0
149	156	8.0
149	157	5.0
149	158	7.0
149	159	8.0
149	160	5.0
149	161	1.0
149	166	1.0
150	150	524.0
150	151	21.0
150	152	8.0
150	153	4.0
150	157	2.0
150	158	11.0
150	159	13.0
150	161	3.0
150	162	1.0
150	163	1.0
150	164	1.0
150	165	1.0
150	167	4.0
150	168	8.0
151	151	474.0
151	152	20.0
151	153	10.0
151	154	4.0
151	156	6.0
151	157	2.0
151	158	1.0
151	159	1.0
151	160	3.0
151	161	1.0
151	168	1.0
152	152	462.0
152	153	27.0
152	154	3.0
152	155	3.0
152	156	5.0
152	157	8.0
152	159	10.0
152	160	1.0
152	161	3.0
152	162	1.0
153	153	426.0
153	154	7.0
153	155	2.0
153	156	10.0
153	157	1.0
153	158	1.0
153	159	2.0
153	160	8.0
153	167	1.0
154	154	448.0
154	155	8.0
154	156	5.0
154	157	12.0
154	158	3.0
154	159	5.0
154	160	5.0
155	155	443.0
155	156	26.0
155	157	11.0
155	158	2.0
155	159	7.0
155	160	5.0
155	161	1.0
155	163	1.0
155	164	3.0
155	165	3.0
156	156	507.0
156	157	29.0
156	158	4.0
156	159	1.0
156	160	4.0
156	166	1.0
157	157	502.0
157	158	15.0
157	159	11.0
157	164	3.0
157	165	1.0
157	169	2.0
158	158	519.0
158	159	21.0
158	161	1.0
158	162	2.0
158	163	7.0
158	164	21.0
158	165	4.0
158	167	4.0
158	168	8.0
158	169	10.0
158	170	1.0
159	159	496.0
159	160	30.0
159	161	1.0
159	162	1.0
159	163	2.0
159	168	16.0
159	170	10.0
160	160	486.0
160	161	1.0
160	162	5.0
160	163	2.0
160	165	2.0
160	166	1.0
160	167	3.0
160	168	1.0
160	169	1.0
160	170	3.0
161	161	480.0
161	162	22.0
161	163	14.0
161	164	18.0
161	165	4.0
161	166	2.0
161	168	1.0
161	169	3.0
162	162	472.0
162	163	24.0
162	164	23.0
162	165	4.0
162	166	7.0
162	167	4.0
162	168	5.0
162	169	9.0
162	170	2.0
163	163	498.0
163	164	20.0
163	165	32.0
163	167	2.0
163	168	3.0
163	169	4.0
163	170	2.0
164	164	494.0
164	165	41.0
164	166	11.0
164	167	3.0
164	168	11.0
164	169	19.0
164	170	9.0
165	165	417.0
165	166	10.0
165	168	1.0
165	169	2.0
165	170	1.0
166	166	394.0
166	167	25.0
166	168	13.0
166	169	10.0
166	170	4.0
167	167	461.0
167	168	24.0
167	169	23.0
167	170	12.0
168	168	482.0
168	169	35.0
168	170	11.0
169	169	512.0
169	170	21.0
170	170	454.0
172	1	32.0
172	2	13.0
172	4	2.0
172	9	1.0
172	13	1.0
172	18	5.0
172	19	1.0
172	21	2.0
172	26	3.0
172	28	5.0
172	31	10.0
172	50	4.0
172	51	1.0
172	52	2.0
172	53	1.0
172	54	4.0
172	58	2.0
172	72	1.0
172	76	1.0
172	91	1.0
172	97	1.0
172	152	1.0
172	158	1.0
172	172	431.0
