2	2	37.0
2	3	2.0
2	62	1.0
3	3	121.0
4	4	153.0
4	5	2.0
5	5	162.0
6	6	140.0
7	7	140.0
7	8	1.0
7	11	3.0
7	13	1.0
8	8	160.0
8	10	1.0
8	121	1.0
9	7	1.0
9	8	1.0
9	9	162.0
9	10	3.0
10	7	1.0
10	8	1.0
10	9	1.0
10	10	147.0
11	10	1.0
11	11	155.0
11	16	3.0
11	78	1.0
12	11	1.0
12	12	147.0
12	14	1.0
13	5	1.0
13	12	1.0
13	13	156.0
14	7	1.0
14	11	1.0
14	13	1.0
14	14	147.0
14	16	1.0
15	5	1.0
15	6	1.0
15	14	1.0
15	15	162.0
15	16	3.0
15	22	1.0
16	12	2.0
16	15	1.0
16	16	142.0
16	17	1.0
16	19	1.0
16	113	1.0
17	17	155.0
17	18	1.0
17	19	1.0
17	51	1.0
18	17	2.0
18	18	139.0
18	40	1.0
19	13	1.0
19	17	1.0
19	19	158.0
19	73	1.0
19	96	1.0
20	20	172.0
20	21	3.0
20	24	3.0
20	87	1.0
20	137	1.0
21	21	153.0
21	22	1.0
21	25	2.0
21	30	1.0
21	95	1.0
22	6	1.0
22	21	1.0
22	22	149.0
22	23	2.0
23	22	1.0
23	23	137.0
23	26	1.0
23	39	2.0
24	20	4.0
24	24	175.0
24	27	1.0
24	34	2.0
24	35	1.0
24	37	1.0
25	25	173.0
25	26	1.0
25	27	1.0
25	36	1.0
26	22	1.0
26	26	158.0
26	34	2.0
26	35	1.0
26	37	3.0
26	56	1.0
26	62	1.0
27	25	1.0
27	27	173.0
27	28	1.0
27	30	3.0
27	35	1.0
27	45	1.0
27	127	1.0
28	27	1.0
28	28	130.0
28	29	1.0
28	30	1.0
29	12	1.0
29	28	5.0
29	29	176.0
29	30	2.0
29	57	1.0
30	27	1.0
30	28	2.0
30	30	128.0
31	31	163.0
31	32	1.0
32	30	1.0
32	31	1.0
32	32	147.0
32	33	1.0
33	14	1.0
33	21	1.0
33	30	1.0
33	33	144.0
33	34	1.0
34	25	2.0
34	33	1.0
34	34	129.0
34	36	3.0
34	38	1.0
35	26	1.0
35	34	2.0
35	35	149.0
35	36	2.0
35	37	5.0
35	62	1.0
36	10	1.0
36	34	2.0
36	35	1.0
36	36	173.0
36	37	1.0
36	73	1.0
37	36	2.0
37	37	165.0
37	38	2.0
38	22	1.0
38	23	1.0
38	34	1.0
38	37	1.0
38	38	164.0
38	39	1.0
38	47	1.0
38	62	2.0
39	12	1.0
39	26	1.0
39	38	2.0
39	39	157.0
39	40	3.0
39	83	1.0
39	84	1.0
40	25	1.0
40	40	142.0
40	44	1.0
40	50	3.0
40	51	1.0
40	58	1.0
41	40	1.0
41	41	161.0
41	42	1.0
41	53	1.0
41	92	1.0
42	42	121.0
42	45	1.0
42	50	1.0
43	40	1.0
43	43	147.0
43	44	1.0
43	45	2.0
44	41	1.0
44	43	6.0
44	44	148.0
44	45	2.0
44	125	1.0
45	44	1.0
45	45	166.0
45	46	1.0
46	41	2.0
46	44	2.0
46	45	1.0
46	46	158.0
46	53	2.0
46	54	1.0
47	46	1.0
47	47	124.0
47	52	1.0
48	48	153.0
48	50	2.0
48	52	1.0
48	56	1.0
48	68	1.0
48	88	1.0
48	93	1.0
49	9	1.0
49	13	1.0
49	16	1.0
49	41	1.0
49	48	2.0
49	49	122.0
49	50	1.0
49	58	1.0
49	74	1.0
50	16	1.0
50	18	1.0
50	43	1.0
50	45	1.0
50	48	1.0
50	50	152.0
50	53	2.0
50	54	1.0
50	122	1.0
51	17	3.0
51	41	1.0
51	47	1.0
51	50	1.0
51	51	121.0
51	52	2.0
51	58	1.0
52	47	2.0
52	48	1.0
52	52	49.0
52	131	1.0
53	44	2.0
53	47	1.0
53	50	2.0
53	53	139.0
53	58	1.0
54	37	1.0
54	49	1.0
54	50	2.0
54	54	153.0
54	56	1.0
54	62	1.0
54	67	1.0
54	69	1.0
54	131	1.0
55	55	129.0
55	56	2.0
55	62	2.0
56	55	1.0
56	56	140.0
56	57	4.0
56	61	1.0
56	62	1.0
56	68	1.0
57	40	1.0
57	57	151.0
57	65	2.0
57	67	1.0
58	23	1.0
58	55	1.0
58	56	1.0
58	58	91.0
61	22	1.0
61	23	1.0
61	25	1.0
61	61	82.0
62	26	1.0
62	37	1.0
62	38	1.0
62	55	1.0
62	62	120.0
62	63	2.0
63	37	2.0
63	55	1.0
63	56	3.0
63	63	158.0
63	120	1.0
63	138	1.0
64	64	147.0
64	65	2.0
64	66	2.0
64	67	1.0
64	73	1.0
64	132	1.0
65	57	1.0
65	64	10.0
65	65	142.0
65	85	1.0
65	87	1.0
66	64	1.0
66	65	1.0
66	66	150.0
66	68	1.0
66	84	1.0
66	85	3.0
66	93	1.0
67	49	1.0
67	67	135.0
67	77	1.0
67	78	1.0
67	86	1.0
68	61	1.0
68	68	140.0
68	69	3.0
68	75	2.0
68	76	1.0
68	77	1.0
68	83	2.0
68	84	3.0
69	69	149.0
69	84	3.0
70	68	1.0
70	69	1.0
70	70	141.0
70	94	1.0
71	9	1.0
71	69	1.0
71	71	126.0
71	94	2.0
71	104	1.0
72	72	126.0
72	77	1.0
73	73	138.0
73	80	1.0
74	70	1.0
74	73	1.0
74	74	131.0
74	79	2.0
74	121	1.0
75	67	1.0
75	69	1.0
75	74	1.0
75	75	162.0
75	76	1.0
75	78	1.0
75	83	1.0
75	103	1.0
76	67	2.0
76	72	1.0
76	76	145.0
76	77	1.0
76	79	2.0
76	84	1.0
76	85	1.0
77	68	1.0
77	77	137.0
77	78	3.0
77	79	1.0
77	82	1.0
77	83	2.0
77	113	1.0
78	72	2.0
78	78	133.0
78	80	1.0
78	81	1.0
79	56	1.0
79	73	1.0
79	76	2.0
79	79	180.0
80	72	1.0
80	80	143.0
80	81	1.0
81	71	1.0
81	78	2.0
81	80	3.0
81	81	120.0
81	82	1.0
82	74	1.0
82	81	5.0
82	82	153.0
82	83	2.0
83	23	1.0
83	74	1.0
83	76	2.0
83	78	1.0
83	79	2.0
83	83	148.0
83	84	2.0
84	66	1.0
84	69	3.0
84	75	1.0
84	78	1.0
84	84	141.0
84	85	3.0
85	64	1.0
85	85	129.0
85	86	2.0
85	87	1.0
85	88	1.0
85	103	1.0
86	31	1.0
86	64	2.0
86	85	3.0
86	86	141.0
86	87	2.0
86	102	1.0
86	136	1.0
87	85	1.0
87	87	153.0
87	104	1.0
87	137	1.0
88	65	1.0
88	87	1.0
88	88	94.0
88	94	1.0
88	103	2.0
88	104	1.0
88	136	1.0
89	89	59.0
89	90	1.0
89	92	1.0
89	101	1.0
89	138	1.0
90	46	1.0
90	90	93.0
90	91	1.0
90	93	1.0
91	91	62.0
91	93	1.0
92	74	1.0
92	92	109.0
92	94	1.0
92	99	1.0
92	104	1.0
93	92	4.0
93	93	165.0
93	99	4.0
93	107	1.0
93	126	1.0
93	132	1.0
94	83	1.0
94	92	1.0
94	93	2.0
94	94	141.0
95	94	2.0
95	95	141.0
95	141	1.0
96	65	1.0
96	96	165.0
96	97	1.0
96	109	1.0
97	96	3.0
97	97	149.0
97	98	1.0
98	98	148.0
99	92	1.0
99	93	5.0
99	99	157.0
99	106	1.0
99	107	2.0
99	138	1.0
100	99	1.0
100	100	167.0
100	105	1.0
101	90	2.0
101	100	1.0
101	101	96.0
101	103	1.0
101	104	2.0
101	107	1.0
102	74	1.0
102	101	1.0
102	102	129.0
102	103	2.0
103	64	1.0
103	69	1.0
103	89	1.0
103	90	1.0
103	99	1.0
103	100	1.0
103	101	1.0
103	102	1.0
103	103	138.0
103	138	1.0
104	86	1.0
104	88	3.0
104	104	167.0
104	135	1.0
104	136	3.0
104	137	2.0
104	138	1.0
105	66	1.0
105	88	1.0
105	100	3.0
105	101	1.0
105	102	1.0
105	103	1.0
105	105	153.0
105	135	1.0
106	105	1.0
106	106	171.0
106	107	1.0
106	108	6.0
106	127	1.0
107	93	1.0
107	100	2.0
107	106	2.0
107	107	157.0
107	108	1.0
107	120	1.0
107	138	1.0
108	106	1.0
108	107	2.0
108	108	142.0
108	119	2.0
108	123	1.0
109	14	1.0
109	109	157.0
109	110	1.0
109	118	2.0
110	110	140.0
110	111	2.0
111	35	1.0
111	65	1.0
111	111	138.0
111	113	1.0
112	66	1.0
112	110	1.0
112	112	138.0
112	113	1.0
113	113	130.0
113	116	2.0
113	125	1.0
113	126	3.0
113	131	2.0
114	113	1.0
114	114	126.0
114	115	3.0
114	116	1.0
114	126	1.0
115	115	138.0
115	117	2.0
115	134	1.0
115	151	2.0
116	113	1.0
116	114	1.0
116	116	142.0
116	117	2.0
116	126	1.0
117	116	2.0
117	117	157.0
117	118	3.0
117	149	1.0
118	109	1.0
118	116	3.0
118	118	154.0
118	119	1.0
118	123	1.0
118	125	3.0
118	151	2.0
119	108	2.0
119	119	127.0
119	120	1.0
119	122	1.0
119	135	1.0
120	57	1.0
120	119	2.0
120	120	119.0
120	134	1.0
120	138	1.0
121	50	1.0
121	121	145.0
121	122	1.0
121	140	3.0
121	141	1.0
121	143	2.0
121	151	2.0
122	58	1.0
122	119	2.0
122	120	1.0
122	121	2.0
122	122	144.0
122	123	1.0
122	133	1.0
122	151	1.0
123	106	1.0
123	108	2.0
123	117	2.0
123	119	3.0
123	120	1.0
123	122	1.0
123	123	172.0
123	124	5.0
123	125	3.0
123	144	1.0
124	112	3.0
124	123	4.0
124	124	145.0
124	125	1.0
125	61	1.0
125	78	1.0
125	116	1.0
125	117	1.0
125	118	2.0
125	119	1.0
125	125	146.0
126	75	1.0
126	115	1.0
126	125	2.0
126	126	131.0
127	56	1.0
127	96	1.0
127	126	1.0
127	127	143.0
127	128	1.0
127	146	1.0
128	126	1.0
128	128	150.0
128	147	1.0
128	148	2.0
128	151	1.0
129	129	159.0
129	130	3.0
129	132	2.0
129	151	1.0
130	129	4.0
130	130	138.0
130	142	1.0
130	144	1.0
130	145	1.0
130	149	3.0
130	150	1.0
131	110	1.0
131	113	1.0
131	125	1.0
131	131	146.0
131	143	1.0
131	144	2.0
131	147	1.0
131	149	1.0
131	151	2.0
132	132	195.0
132	150	2.0
133	121	1.0
133	122	2.0
133	132	1.0
133	133	128.0
133	134	2.0
133	141	1.0
134	92	1.0
134	120	2.0
134	134	133.0
134	138	1.0
135	86	1.0
135	100	1.0
135	135	155.0
135	136	2.0
135	138	1.0
135	154	1.0
136	86	1.0
136	100	1.0
136	104	5.0
136	136	172.0
136	139	1.0
136	154	2.0
137	86	1.0
137	87	3.0
137	89	4.0
137	104	1.0
137	137	144.0
137	138	4.0
138	89	2.0
138	104	2.0
138	105	1.0
138	107	1.0
138	120	3.0
138	137	1.0
138	138	136.0
138	145	1.0
139	74	1.0
139	114	1.0
139	134	1.0
139	139	139.0
139	143	1.0
140	72	1.0
140	121	1.0
140	133	2.0
140	140	117.0
140	141	1.0
140	145	1.0
141	133	1.0
141	140	1.0
141	141	126.0
141	143	2.0
142	27	1.0
142	122	1.0
142	130	1.0
142	142	142.0
142	146	2.0
143	97	1.0
143	121	2.0
143	141	3.0
143	143	125.0
143	144	2.0
143	148	1.0
144	121	1.0
144	131	2.0
144	143	7.0
144	144	147.0
144	145	1.0
144	147	2.0
144	151	2.0
145	130	2.0
145	143	1.0
145	145	153.0
145	146	1.0
146	145	1.0
146	146	157.0
146	147	2.0
147	114	1.0
147	130	1.0
147	131	1.0
147	145	1.0
147	146	1.0
147	147	159.0
147	148	3.0
147	149	3.0
148	131	1.0
148	146	1.0
148	147	1.0
148	148	111.0
149	117	1.0
149	128	1.0
149	129	3.0
149	149	157.0
150	47	1.0
150	131	3.0
150	140	1.0
150	144	1.0
150	149	1.0
150	150	165.0
150	154	1.0
151	112	1.0
151	114	1.0
151	117	1.0
151	121	2.0
151	122	1.0
151	128	1.0
151	131	1.0
151	132	3.0
151	133	1.0
151	144	2.0
151	150	1.0
151	151	155.0
152	132	1.0
152	152	123.0
152	153	3.0
153	117	1.0
153	152	2.0
153	153	127.0
154	139	1.0
154	152	2.0
154	154	133.0
