1	1	710.0
1	2	10.0
1	3	1.0
1	4	8.0
1	5	1.0
1	6	8.0
1	7	6.0
1	8	2.0
1	12	3.0
1	18	1.0
1	19	2.0
1	35	4.0
1	36	5.0
1	37	3.0
1	38	2.0
1	40	1.0
1	63	3.0
1	69	1.0
2	2	653.0
2	3	7.0
2	4	3.0
2	5	6.0
2	6	12.0
2	7	19.0
2	8	13.0
2	9	4.0
2	10	1.0
2	12	11.0
2	15	1.0
2	19	1.0
2	35	15.0
2	36	14.0
2	37	3.0
2	49	1.0
2	58	1.0
2	62	1.0
2	66	1.0
3	3	686.0
3	4	20.0
3	5	3.0
3	6	13.0
3	7	1.0
3	8	5.0
3	11	4.0
3	12	4.0
3	37	2.0
3	77	3.0
4	4	638.0
4	5	23.0
4	6	18.0
4	8	3.0
4	13	1.0
4	14	8.0
4	18	1.0
4	28	1.0
4	54	1.0
5	5	739.0
5	6	41.0
5	7	7.0
5	8	1.0
5	11	1.0
5	13	3.0
5	14	5.0
5	34	1.0
5	38	1.0
6	6	711.0
6	7	14.0
6	8	11.0
6	9	4.0
6	12	5.0
6	13	8.0
6	14	3.0
6	15	2.0
6	30	1.0
6	32	1.0
6	41	1.0
6	45	1.0
6	46	1.0
6	65	1.0
6	68	1.0
7	7	764.0
7	8	24.0
7	12	1.0
7	13	1.0
7	14	6.0
7	15	5.0
7	21	5.0
7	32	3.0
8	8	730.0
8	9	5.0
8	13	1.0
8	41	3.0
8	62	1.0
8	69	1.0
9	9	698.0
9	10	8.0
9	11	18.0
9	18	2.0
9	19	1.0
9	29	1.0
9	47	5.0
9	50	1.0
9	66	2.0
9	67	1.0
9	69	1.0
9	75	6.0
9	76	29.0
9	77	6.0
10	10	764.0
10	11	30.0
10	12	3.0
10	13	10.0
10	14	1.0
10	18	9.0
10	19	1.0
10	36	1.0
10	38	1.0
10	42	9.0
10	47	5.0
10	49	1.0
10	61	7.0
10	62	8.0
10	64	1.0
10	69	1.0
10	71	2.0
10	74	2.0
10	75	13.0
10	76	4.0
10	77	8.0
11	11	690.0
11	12	12.0
11	15	2.0
11	19	1.0
11	30	1.0
11	36	2.0
11	47	1.0
11	51	1.0
11	61	5.0
11	62	1.0
11	64	3.0
11	67	2.0
11	69	1.0
11	72	1.0
11	75	1.0
11	76	9.0
11	77	2.0
12	12	688.0
12	13	16.0
12	14	4.0
12	15	2.0
12	18	4.0
12	19	15.0
12	20	8.0
12	26	1.0
12	33	3.0
12	35	5.0
12	36	10.0
12	37	1.0
12	38	1.0
12	39	3.0
12	42	1.0
12	48	1.0
12	50	1.0
12	62	1.0
12	66	1.0
12	67	2.0
12	68	4.0
12	71	1.0
13	13	827.0
13	14	23.0
13	15	13.0
13	18	6.0
13	19	2.0
13	20	1.0
13	22	1.0
13	34	1.0
13	37	2.0
13	39	6.0
13	40	1.0
13	42	10.0
13	43	3.0
13	44	2.0
13	57	1.0
13	67	1.0
13	70	1.0
13	76	1.0
14	14	385.0
14	15	4.0
14	19	1.0
14	30	1.0
14	33	3.0
14	36	1.0
14	37	6.0
14	38	1.0
14	39	6.0
14	40	5.0
14	42	15.0
14	43	9.0
14	70	2.0
14	71	3.0
15	15	114.0
15	18	2.0
15	36	1.0
15	37	3.0
15	38	1.0
15	42	1.0
15	43	1.0
15	66	1.0
18	18	471.0
18	19	8.0
18	20	10.0
18	33	5.0
18	34	1.0
18	38	5.0
18	39	1.0
18	40	1.0
18	42	4.0
18	53	1.0
18	66	2.0
18	67	9.0
18	68	2.0
18	69	1.0
18	70	3.0
18	71	6.0
18	72	5.0
19	19	714.0
19	20	49.0
19	21	15.0
19	22	4.0
19	33	2.0
19	35	2.0
19	36	2.0
19	39	1.0
19	41	14.0
19	42	3.0
19	50	2.0
19	51	10.0
19	65	5.0
19	66	5.0
19	67	7.0
19	68	9.0
19	69	11.0
19	72	3.0
19	76	5.0
19	77	1.0
20	20	717.0
20	21	19.0
20	22	2.0
20	23	2.0
20	25	1.0
20	28	1.0
20	33	1.0
20	34	1.0
20	35	5.0
20	37	7.0
20	38	13.0
20	41	26.0
20	42	2.0
20	43	1.0
20	45	1.0
20	50	9.0
20	51	23.0
20	65	1.0
20	66	6.0
20	67	3.0
20	68	10.0
20	69	21.0
20	71	1.0
21	21	749.0
21	22	20.0
21	24	7.0
21	25	1.0
21	26	1.0
21	29	1.0
21	30	5.0
21	31	9.0
21	32	15.0
21	37	1.0
21	41	3.0
21	45	1.0
21	46	8.0
21	47	1.0
21	49	7.0
21	50	20.0
21	51	10.0
21	54	1.0
21	57	1.0
21	63	1.0
21	65	1.0
21	66	10.0
21	69	10.0
21	70	3.0
22	22	736.0
22	23	39.0
22	26	5.0
22	27	8.0
22	28	1.0
22	29	12.0
22	30	6.0
22	31	12.0
22	32	3.0
22	34	13.0
22	35	1.0
22	37	12.0
22	39	2.0
22	42	2.0
22	43	8.0
22	44	6.0
22	46	4.0
22	50	9.0
22	51	14.0
22	57	3.0
22	62	2.0
22	63	1.0
22	64	3.0
22	65	15.0
22	66	11.0
22	68	12.0
22	73	1.0
23	23	718.0
23	24	26.0
23	25	12.0
23	26	8.0
23	27	15.0
23	28	1.0
23	29	12.0
23	30	7.0
23	31	13.0
23	32	11.0
23	33	1.0
23	34	3.0
23	39	1.0
23	40	1.0
23	42	1.0
23	43	4.0
23	44	2.0
23	46	3.0
23	47	6.0
23	48	4.0
23	49	2.0
23	50	1.0
23	57	3.0
23	58	1.0
23	59	2.0
23	61	3.0
23	62	6.0
23	63	4.0
23	64	2.0
23	65	9.0
23	66	1.0
24	24	712.0
24	25	41.0
24	26	21.0
24	28	2.0
24	29	9.0
24	30	10.0
24	31	8.0
24	32	7.0
24	34	2.0
24	36	1.0
24	38	1.0
24	40	3.0
24	41	2.0
24	42	5.0
24	48	13.0
24	57	1.0
24	58	1.0
24	64	2.0
24	65	1.0
24	76	1.0
25	25	703.0
25	26	41.0
25	27	6.0
25	28	2.0
25	29	14.0
25	31	7.0
25	32	6.0
25	33	2.0
25	34	22.0
25	38	3.0
25	39	5.0
25	40	18.0
25	41	5.0
25	42	5.0
25	44	1.0
25	48	4.0
25	59	4.0
25	60	5.0
25	61	2.0
25	63	2.0
25	64	1.0
25	69	3.0
25	73	1.0
25	77	1.0
26	26	625.0
26	27	12.0
26	28	4.0
26	29	5.0
26	30	14.0
26	31	4.0
26	32	1.0
26	34	2.0
26	36	1.0
26	37	7.0
26	38	1.0
26	39	3.0
26	40	6.0
26	41	4.0
26	42	4.0
26	43	5.0
26	51	1.0
26	59	15.0
26	60	17.0
26	61	8.0
26	63	16.0
26	67	1.0
26	69	1.0
27	27	642.0
27	28	28.0
27	30	8.0
27	31	5.0
27	32	2.0
27	35	3.0
27	36	8.0
27	37	1.0
27	38	4.0
27	41	10.0
27	43	5.0
27	44	3.0
27	56	1.0
27	57	1.0
27	59	3.0
27	60	1.0
27	61	15.0
27	62	8.0
27	63	15.0
27	67	1.0
28	28	640.0
28	29	12.0
28	30	7.0
28	31	26.0
28	32	6.0
28	33	7.0
28	34	6.0
28	35	2.0
28	38	15.0
28	39	1.0
28	40	6.0
28	41	8.0
28	42	6.0
28	43	9.0
28	44	1.0
28	48	1.0
28	57	2.0
28	58	8.0
28	59	4.0
28	61	6.0
28	62	6.0
28	63	11.0
29	29	744.0
29	30	52.0
29	31	4.0
29	32	5.0
29	33	7.0
29	34	1.0
29	39	6.0
29	40	15.0
29	43	1.0
29	48	3.0
29	60	4.0
30	30	635.0
30	31	26.0
30	32	11.0
30	33	5.0
30	34	1.0
30	37	6.0
30	39	5.0
30	40	9.0
30	60	3.0
30	61	1.0
31	31	673.0
31	32	44.0
31	33	2.0
31	34	1.0
31	37	1.0
31	38	2.0
31	43	1.0
31	57	1.0
32	32	703.0
32	33	8.0
32	34	1.0
32	35	1.0
32	38	22.0
32	39	3.0
32	52	1.0
32	67	2.0
33	33	696.0
33	34	30.0
33	35	5.0
33	36	1.0
33	37	3.0
33	38	15.0
33	39	27.0
33	40	18.0
33	41	3.0
33	42	6.0
33	43	9.0
33	46	1.0
33	60	1.0
33	68	2.0
33	70	8.0
33	71	2.0
33	74	1.0
34	34	733.0
34	35	23.0
34	36	6.0
34	37	15.0
34	38	13.0
34	39	12.0
34	40	22.0
34	41	19.0
34	42	8.0
34	43	9.0
34	44	4.0
34	48	1.0
34	56	10.0
34	57	14.0
34	58	1.0
34	59	1.0
34	68	1.0
34	70	2.0
34	71	1.0
34	74	1.0
35	35	761.0
35	36	34.0
35	37	16.0
35	38	6.0
35	39	11.0
35	40	3.0
35	41	11.0
35	42	19.0
35	43	10.0
35	45	1.0
35	46	1.0
35	49	1.0
35	51	1.0
35	56	19.0
35	57	8.0
35	59	1.0
35	71	1.0
35	73	1.0
36	36	720.0
36	37	20.0
36	38	2.0
36	40	1.0
36	41	6.0
36	42	19.0
36	43	15.0
36	44	1.0
36	49	1.0
36	56	1.0
36	57	9.0
36	59	9.0
36	60	5.0
36	62	2.0
36	63	3.0
37	37	710.0
37	38	7.0
37	39	5.0
37	40	17.0
37	41	4.0
37	42	32.0
37	43	1.0
37	54	1.0
37	56	5.0
37	64	1.0
37	70	2.0
37	71	3.0
38	38	663.0
38	39	42.0
38	40	5.0
38	41	17.0
38	42	4.0
38	43	8.0
38	44	9.0
38	54	1.0
38	59	2.0
38	61	2.0
38	63	3.0
38	74	1.0
39	39	659.0
39	40	52.0
39	41	9.0
39	42	9.0
39	43	21.0
39	57	1.0
39	59	1.0
39	63	1.0
39	70	2.0
39	71	2.0
40	40	648.0
40	41	11.0
40	42	9.0
40	43	7.0
40	56	3.0
40	57	1.0
40	62	1.0
41	41	644.0
41	42	25.0
41	43	8.0
41	44	5.0
41	48	1.0
41	50	1.0
41	55	1.0
41	57	5.0
41	58	2.0
41	61	2.0
41	62	1.0
41	63	4.0
41	71	2.0
41	72	1.0
41	76	1.0
42	42	762.0
42	43	5.0
42	52	1.0
42	57	1.0
42	61	1.0
42	63	1.0
42	71	2.0
42	74	1.0
43	43	758.0
43	44	32.0
43	45	9.0
43	51	2.0
43	52	3.0
43	55	1.0
43	56	8.0
43	57	4.0
43	58	12.0
43	59	8.0
43	60	4.0
43	61	2.0
43	62	7.0
43	63	7.0
43	68	3.0
43	70	9.0
43	71	5.0
43	72	1.0
43	73	2.0
44	44	777.0
44	45	27.0
44	48	1.0
44	51	8.0
44	52	11.0
44	54	1.0
44	55	29.0
44	56	14.0
44	57	11.0
44	58	8.0
44	59	6.0
44	60	3.0
44	61	3.0
44	62	4.0
44	66	5.0
44	71	1.0
44	72	5.0
44	73	14.0
44	74	1.0
44	76	7.0
44	77	1.0
45	45	830.0
45	46	11.0
45	48	2.0
45	51	5.0
45	52	16.0
45	54	3.0
45	55	25.0
45	56	24.0
45	57	1.0
45	58	8.0
45	59	9.0
45	60	3.0
45	62	1.0
45	66	1.0
45	72	9.0
45	73	54.0
45	74	20.0
45	75	14.0
45	76	7.0
45	77	2.0
46	46	812.0
46	47	22.0
46	48	1.0
46	49	26.0
46	50	10.0
46	51	5.0
46	52	2.0
46	54	8.0
46	55	7.0
46	62	2.0
46	65	5.0
46	66	9.0
46	67	6.0
46	68	2.0
46	72	15.0
46	73	1.0
46	74	11.0
46	75	1.0
46	76	1.0
46	77	10.0
47	47	741.0
47	48	2.0
47	49	13.0
47	62	17.0
47	63	7.0
47	67	4.0
47	71	4.0
47	73	5.0
47	74	17.0
47	75	6.0
47	76	2.0
48	48	657.0
48	49	13.0
48	50	13.0
48	54	3.0
48	57	1.0
48	60	1.0
48	64	12.0
48	69	1.0
48	70	5.0
48	71	1.0
48	72	1.0
48	74	13.0
48	75	2.0
48	76	7.0
48	77	1.0
49	49	717.0
49	50	15.0
49	51	1.0
49	62	1.0
49	75	4.0
49	76	1.0
49	77	4.0
50	50	677.0
50	51	21.0
50	52	1.0
50	57	1.0
50	58	10.0
50	65	1.0
50	75	1.0
50	76	2.0
51	51	660.0
51	52	24.0
51	53	6.0
51	54	3.0
51	57	7.0
51	58	2.0
51	59	14.0
51	60	4.0
51	65	7.0
51	66	1.0
51	68	3.0
51	69	1.0
51	72	1.0
51	73	5.0
52	52	625.0
52	53	32.0
52	54	23.0
52	55	6.0
52	57	3.0
52	58	8.0
52	59	13.0
52	60	7.0
52	64	1.0
52	71	1.0
52	72	9.0
52	73	25.0
52	74	3.0
53	53	820.0
53	54	16.0
53	58	1.0
53	59	7.0
53	68	4.0
53	70	1.0
53	71	1.0
53	72	12.0
53	73	11.0
53	74	2.0
54	54	741.0
54	55	37.0
54	56	7.0
54	57	15.0
54	58	7.0
54	59	8.0
54	70	1.0
54	72	5.0
54	73	5.0
54	74	6.0
55	55	707.0
55	56	20.0
55	57	8.0
55	66	4.0
55	69	1.0
55	73	11.0
55	74	4.0
56	56	676.0
56	57	30.0
56	58	15.0
56	59	25.0
56	60	1.0
56	62	2.0
56	63	2.0
56	76	1.0
57	57	662.0
57	58	36.0
57	59	5.0
57	60	2.0
57	61	5.0
57	62	10.0
57	63	3.0
57	64	2.0
57	66	2.0
57	73	1.0
58	58	624.0
58	59	15.0
58	60	1.0
58	61	2.0
58	62	4.0
58	63	5.0
58	64	2.0
58	65	1.0
58	73	3.0
59	59	663.0
59	60	32.0
59	61	9.0
59	62	2.0
59	63	6.0
59	74	1.0
60	60	751.0
60	61	21.0
60	63	1.0
60	64	1.0
60	65	1.0
60	67	1.0
60	75	3.0
60	76	1.0
60	77	7.0
61	61	681.0
61	62	31.0
61	63	26.0
61	64	19.0
61	65	10.0
61	70	2.0
61	71	10.0
61	72	1.0
61	74	5.0
61	75	8.0
61	76	1.0
61	77	3.0
62	62	678.0
62	63	24.0
62	64	4.0
62	66	2.0
62	67	8.0
62	68	3.0
62	69	8.0
62	70	11.0
62	71	7.0
62	72	6.0
62	73	8.0
62	74	1.0
62	75	1.0
63	63	616.0
63	64	16.0
63	65	6.0
63	66	3.0
63	69	1.0
63	71	5.0
63	77	2.0
64	64	652.0
64	65	24.0
64	66	8.0
64	68	4.0
64	70	2.0
64	75	1.0
65	65	670.0
65	66	30.0
65	68	3.0
65	70	7.0
65	76	1.0
65	77	1.0
66	66	700.0
66	67	28.0
66	68	2.0
66	69	16.0
66	70	10.0
66	71	2.0
66	73	1.0
66	74	3.0
66	75	1.0
66	76	3.0
66	77	4.0
67	67	716.0
67	68	52.0
67	69	23.0
67	70	5.0
67	71	11.0
67	72	3.0
67	76	2.0
67	77	1.0
68	68	638.0
68	69	27.0
68	70	4.0
68	71	6.0
68	73	1.0
68	77	2.0
69	69	660.0
69	70	24.0
69	71	15.0
69	72	2.0
69	76	2.0
69	77	4.0
70	70	674.0
70	71	46.0
70	72	1.0
70	73	3.0
70	74	4.0
70	75	3.0
71	71	749.0
71	72	8.0
71	73	9.0
71	74	10.0
71	75	1.0
72	72	716.0
72	73	33.0
72	74	35.0
72	75	1.0
72	76	1.0
73	73	707.0
73	74	50.0
73	75	9.0
73	76	5.0
74	74	724.0
74	75	32.0
74	76	10.0
75	75	610.0
75	76	41.0
75	77	9.0
76	76	776.0
76	77	16.0
77	77	811.0
77	78	4.0
78	78	10.0
79	1	25.0
79	2	6.0
79	8	1.0
79	10	1.0
79	11	3.0
79	12	3.0
79	18	1.0
79	35	2.0
79	36	11.0
79	77	1.0
79	79	678.0
