2	2	38.0
2	3	4.0
2	10	8.0
2	50	1.0
2	54	1.0
2	107	1.0
3	3	152.0
3	4	6.0
3	5	2.0
3	6	2.0
3	7	3.0
3	8	4.0
3	9	2.0
3	10	8.0
3	11	13.0
3	12	1.0
3	50	1.0
3	54	1.0
3	149	1.0
3	150	2.0
4	4	163.0
4	6	4.0
4	7	4.0
4	8	3.0
4	11	2.0
4	12	1.0
4	44	1.0
4	49	2.0
4	50	8.0
4	57	1.0
4	106	1.0
5	5	140.0
5	6	11.0
5	7	7.0
5	8	2.0
5	9	6.0
5	10	1.0
5	11	5.0
5	14	1.0
5	15	3.0
5	16	5.0
5	40	4.0
5	49	1.0
5	50	4.0
5	56	1.0
5	79	1.0
5	146	1.0
6	6	130.0
6	7	14.0
6	8	2.0
6	9	1.0
6	10	2.0
6	11	7.0
6	12	14.0
6	13	3.0
6	14	6.0
6	15	6.0
6	40	1.0
6	53	1.0
6	61	1.0
6	68	2.0
6	76	1.0
6	96	3.0
6	97	1.0
6	151	3.0
7	7	140.0
7	8	2.0
7	9	3.0
7	11	6.0
7	12	7.0
7	14	6.0
7	15	3.0
7	18	1.0
7	44	1.0
7	50	1.0
7	55	5.0
7	96	2.0
7	151	6.0
8	8	166.0
8	9	18.0
8	10	6.0
8	39	1.0
8	40	1.0
8	49	2.0
8	50	1.0
8	56	2.0
8	57	1.0
8	58	1.0
8	84	1.0
8	151	1.0
8	152	1.0
9	9	154.0
9	10	10.0
9	11	8.0
9	21	1.0
9	40	2.0
9	49	3.0
9	50	3.0
9	104	1.0
9	150	1.0
10	10	154.0
10	11	6.0
10	150	11.0
10	151	1.0
11	11	188.0
11	14	1.0
11	82	1.0
11	107	2.0
11	151	3.0
12	12	135.0
12	13	18.0
12	14	8.0
12	30	1.0
12	49	1.0
12	87	1.0
12	96	4.0
12	101	3.0
12	105	1.0
12	129	1.0
12	151	1.0
13	13	149.0
13	14	2.0
13	15	10.0
13	16	1.0
13	18	1.0
13	44	1.0
13	45	2.0
13	55	12.0
13	56	1.0
13	95	1.0
13	96	2.0
13	101	2.0
13	140	1.0
13	143	1.0
13	148	3.0
13	149	7.0
13	150	3.0
13	151	1.0
14	14	161.0
14	15	18.0
14	24	1.0
14	26	1.0
14	28	1.0
14	39	1.0
14	96	5.0
14	97	7.0
14	143	1.0
14	149	1.0
14	150	1.0
14	151	15.0
14	152	1.0
15	15	145.0
15	16	2.0
15	44	2.0
15	47	1.0
15	50	1.0
15	53	1.0
15	54	2.0
15	55	4.0
15	56	1.0
15	61	1.0
15	96	1.0
15	97	4.0
15	102	1.0
15	149	2.0
15	150	1.0
15	151	3.0
15	152	1.0
16	16	150.0
16	17	10.0
16	38	5.0
16	39	14.0
16	40	9.0
16	53	2.0
16	54	12.0
16	55	1.0
16	56	8.0
16	64	1.0
16	105	1.0
17	17	161.0
17	18	10.0
17	19	2.0
17	24	1.0
17	25	9.0
17	26	2.0
17	27	1.0
17	39	1.0
17	40	2.0
17	41	1.0
17	43	2.0
17	66	1.0
17	106	1.0
18	18	139.0
18	19	2.0
18	20	1.0
18	24	6.0
18	25	4.0
18	26	3.0
18	40	8.0
18	41	6.0
18	43	7.0
18	44	4.0
18	53	3.0
18	55	1.0
18	62	1.0
18	80	1.0
18	99	1.0
18	100	1.0
18	119	1.0
19	19	158.0
19	20	3.0
19	24	11.0
19	25	5.0
19	26	5.0
19	31	2.0
19	33	1.0
19	34	1.0
19	41	2.0
19	43	1.0
19	44	2.0
19	64	4.0
19	67	1.0
19	68	8.0
19	71	2.0
19	72	3.0
19	80	1.0
19	90	1.0
19	128	1.0
19	145	1.0
20	20	126.0
20	21	4.0
20	22	4.0
20	23	9.0
20	24	3.0
20	25	2.0
20	26	2.0
20	27	2.0
20	31	4.0
20	32	8.0
20	33	2.0
20	34	12.0
20	35	5.0
20	37	2.0
20	43	1.0
20	44	1.0
20	58	1.0
20	68	2.0
20	87	1.0
20	118	1.0
21	21	141.0
21	22	10.0
21	23	9.0
21	28	1.0
21	32	4.0
21	34	6.0
21	35	1.0
21	36	7.0
21	37	2.0
21	38	2.0
21	44	1.0
21	51	1.0
21	54	1.0
21	80	1.0
21	98	1.0
21	114	1.0
21	121	1.0
22	22	145.0
22	23	6.0
22	33	4.0
22	34	3.0
22	36	6.0
22	139	1.0
23	23	159.0
23	31	7.0
23	32	10.0
23	33	2.0
23	34	1.0
23	66	1.0
24	24	138.0
24	25	7.0
24	27	1.0
24	28	2.0
24	30	2.0
24	31	2.0
24	44	2.0
24	66	1.0
24	67	1.0
24	68	7.0
24	69	1.0
24	70	3.0
24	72	1.0
24	73	2.0
24	75	1.0
24	77	2.0
24	118	1.0
24	153	1.0
25	25	154.0
25	26	15.0
25	27	2.0
25	31	1.0
25	38	1.0
25	41	6.0
25	43	6.0
25	68	2.0
25	145	1.0
26	26	140.0
26	27	17.0
26	30	3.0
26	31	1.0
26	32	2.0
26	41	3.0
26	43	1.0
26	63	4.0
26	68	8.0
26	69	3.0
26	71	1.0
26	76	1.0
26	83	1.0
27	27	154.0
27	28	1.0
27	29	4.0
27	30	5.0
27	31	2.0
27	33	3.0
27	35	1.0
27	41	5.0
27	62	1.0
27	63	2.0
27	68	3.0
27	74	1.0
28	28	178.0
28	29	24.0
28	30	8.0
28	73	1.0
28	100	1.0
29	29	160.0
29	30	4.0
29	115	1.0
30	30	153.0
30	31	4.0
30	38	2.0
30	63	4.0
30	64	2.0
30	66	5.0
30	67	1.0
30	68	3.0
30	108	1.0
31	31	141.0
31	32	19.0
31	33	6.0
31	34	5.0
31	37	3.0
31	42	2.0
31	63	4.0
31	66	1.0
32	32	136.0
32	33	15.0
32	34	9.0
32	35	1.0
32	37	6.0
32	42	2.0
32	43	1.0
32	45	1.0
32	55	1.0
32	63	6.0
32	144	1.0
33	33	124.0
33	34	12.0
33	35	5.0
33	41	2.0
33	53	1.0
33	62	4.0
33	63	4.0
33	64	2.0
33	67	2.0
33	69	1.0
33	79	1.0
33	121	1.0
34	34	132.0
34	35	9.0
34	36	1.0
34	42	1.0
34	43	1.0
34	62	2.0
34	63	5.0
34	69	1.0
34	79	2.0
34	118	1.0
35	35	144.0
35	36	2.0
35	37	9.0
35	41	2.0
35	42	6.0
35	43	1.0
35	44	1.0
35	46	3.0
35	51	1.0
35	61	1.0
35	62	7.0
35	79	2.0
36	36	142.0
36	37	6.0
36	42	1.0
36	45	1.0
36	46	1.0
36	51	7.0
37	37	134.0
37	38	4.0
37	42	2.0
37	46	6.0
37	51	4.0
37	54	2.0
38	38	171.0
38	39	11.0
38	41	2.0
38	43	4.0
38	44	2.0
38	46	9.0
38	47	2.0
38	48	1.0
38	53	11.0
38	54	13.0
38	55	1.0
38	56	1.0
38	57	1.0
38	71	1.0
38	130	1.0
39	39	195.0
39	40	9.0
39	41	1.0
39	49	4.0
39	50	1.0
39	54	6.0
39	55	1.0
39	56	5.0
39	107	1.0
39	122	1.0
40	40	155.0
40	41	3.0
40	43	1.0
40	44	3.0
40	49	2.0
40	50	1.0
40	53	1.0
40	54	2.0
40	55	4.0
40	56	3.0
40	57	1.0
40	80	1.0
41	41	135.0
41	42	1.0
41	43	11.0
41	44	3.0
41	53	10.0
41	54	1.0
41	68	3.0
41	69	1.0
41	71	2.0
41	76	1.0
41	109	1.0
41	117	1.0
42	42	152.0
42	43	9.0
42	44	3.0
42	45	1.0
42	46	6.0
42	52	3.0
42	56	1.0
42	58	1.0
42	62	6.0
42	69	1.0
42	71	14.0
42	79	1.0
42	80	3.0
42	81	5.0
42	82	3.0
42	98	1.0
42	108	2.0
42	138	1.0
43	43	138.0
43	44	12.0
43	46	2.0
43	53	1.0
43	56	1.0
43	62	8.0
43	69	1.0
43	71	8.0
43	79	2.0
43	80	6.0
43	99	1.0
43	103	1.0
43	147	1.0
44	44	141.0
44	45	13.0
44	46	1.0
44	53	6.0
44	55	4.0
44	56	1.0
44	58	1.0
44	61	1.0
44	62	2.0
44	80	4.0
44	81	4.0
44	82	6.0
44	87	1.0
44	94	2.0
44	95	1.0
44	98	3.0
44	99	1.0
44	102	7.0
44	135	1.0
45	45	155.0
45	46	12.0
45	52	4.0
45	54	4.0
45	55	3.0
45	56	1.0
45	58	6.0
45	61	1.0
45	62	1.0
45	74	1.0
45	80	5.0
45	81	11.0
45	82	5.0
45	95	1.0
45	98	1.0
45	101	1.0
45	102	1.0
45	153	1.0
46	46	146.0
46	47	3.0
46	51	4.0
46	52	2.0
46	53	1.0
46	54	5.0
46	57	2.0
46	58	1.0
46	61	5.0
46	62	7.0
46	133	1.0
46	145	1.0
46	148	1.0
46	154	1.0
47	47	149.0
47	48	10.0
47	49	5.0
47	51	4.0
47	54	3.0
47	57	7.0
47	144	1.0
48	48	161.0
48	49	9.0
48	54	2.0
48	57	2.0
49	49	118.0
49	50	5.0
49	57	1.0
49	70	1.0
49	98	1.0
50	50	137.0
50	56	2.0
50	57	1.0
50	61	1.0
51	51	124.0
51	52	1.0
51	57	5.0
51	61	1.0
51	62	2.0
52	52	41.0
52	53	3.0
52	54	2.0
52	58	1.0
52	87	1.0
53	53	153.0
53	54	10.0
53	56	6.0
53	58	3.0
53	78	1.0
53	102	1.0
53	123	1.0
54	54	117.0
54	55	1.0
54	56	9.0
54	57	3.0
54	58	5.0
54	61	1.0
55	55	139.0
55	56	8.0
55	58	1.0
55	61	2.0
55	78	1.0
55	80	1.0
55	81	3.0
55	96	1.0
55	99	1.0
55	101	2.0
56	56	119.0
56	57	1.0
56	58	3.0
56	80	1.0
56	81	2.0
56	118	1.0
56	149	1.0
57	57	142.0
57	58	2.0
57	61	2.0
57	62	1.0
57	65	1.0
57	107	1.0
58	58	87.0
58	61	19.0
58	62	1.0
58	67	1.0
58	82	1.0
61	61	85.0
61	62	1.0
61	69	1.0
61	80	1.0
62	62	112.0
62	66	3.0
62	68	2.0
62	69	1.0
62	71	2.0
62	72	10.0
62	76	1.0
62	79	3.0
62	83	2.0
62	90	1.0
62	92	1.0
62	99	1.0
63	63	157.0
63	64	5.0
63	65	1.0
63	66	4.0
63	67	3.0
63	68	6.0
63	69	2.0
63	72	3.0
63	79	1.0
63	99	1.0
63	118	1.0
63	124	1.0
64	64	157.0
64	65	11.0
64	66	16.0
64	67	7.0
64	68	1.0
64	79	3.0
64	90	2.0
65	65	158.0
65	66	4.0
65	67	7.0
65	79	3.0
65	87	1.0
65	90	4.0
65	92	1.0
65	152	1.0
66	66	144.0
66	67	5.0
66	68	12.0
66	76	2.0
66	79	9.0
66	80	1.0
66	83	4.0
66	84	1.0
66	90	7.0
66	92	1.0
67	67	151.0
67	78	1.0
67	85	1.0
67	90	9.0
67	91	6.0
67	93	1.0
68	68	185.0
68	69	7.0
68	70	1.0
68	71	2.0
68	72	8.0
68	73	2.0
68	75	1.0
68	76	1.0
68	77	2.0
68	79	1.0
68	80	1.0
68	83	1.0
68	118	2.0
68	132	1.0
69	69	166.0
69	71	4.0
69	72	2.0
69	73	1.0
69	76	2.0
69	78	3.0
69	79	4.0
69	80	1.0
69	83	3.0
69	84	6.0
69	85	1.0
69	86	1.0
69	88	1.0
69	89	2.0
69	91	5.0
69	92	2.0
69	103	1.0
69	119	2.0
69	120	6.0
69	121	2.0
69	138	1.0
69	146	1.0
70	70	160.0
70	71	1.0
70	73	4.0
70	74	3.0
70	75	1.0
70	78	1.0
70	85	1.0
70	86	3.0
70	88	2.0
70	89	1.0
70	92	2.0
70	93	1.0
70	105	1.0
70	106	1.0
70	107	1.0
70	109	1.0
70	117	5.0
70	118	8.0
70	119	14.0
70	120	3.0
70	121	1.0
70	123	1.0
70	131	1.0
71	71	155.0
71	72	5.0
71	75	1.0
71	76	1.0
71	77	4.0
71	78	2.0
71	79	1.0
71	80	8.0
71	81	3.0
71	83	5.0
71	98	2.0
71	99	3.0
71	100	1.0
71	103	1.0
71	107	2.0
72	72	108.0
72	73	3.0
72	75	5.0
72	76	5.0
72	78	2.0
72	79	8.0
72	80	2.0
72	83	2.0
72	84	2.0
72	85	1.0
72	90	1.0
72	99	6.0
72	102	1.0
72	118	1.0
72	139	2.0
73	73	146.0
73	74	1.0
73	75	4.0
73	76	3.0
73	77	3.0
73	78	1.0
73	84	4.0
73	85	3.0
73	103	3.0
73	106	1.0
73	107	3.0
73	108	1.0
73	118	1.0
73	119	1.0
74	74	135.0
74	75	5.0
74	76	4.0
74	77	2.0
74	84	1.0
74	88	1.0
74	93	2.0
74	103	6.0
74	105	4.0
74	106	1.0
74	107	1.0
74	108	4.0
74	118	9.0
74	119	2.0
74	120	3.0
74	128	1.0
75	75	136.0
75	76	12.0
75	77	11.0
75	78	3.0
75	79	2.0
75	83	2.0
75	84	4.0
75	85	1.0
75	88	2.0
75	99	2.0
75	108	1.0
75	118	1.0
75	119	1.0
75	148	1.0
76	76	140.0
76	77	5.0
76	78	3.0
76	79	4.0
76	80	4.0
76	83	6.0
76	84	3.0
76	90	2.0
76	99	1.0
76	118	5.0
77	77	140.0
77	78	5.0
77	79	7.0
77	80	1.0
77	85	1.0
77	94	1.0
77	99	3.0
77	100	1.0
77	103	2.0
77	105	1.0
77	107	6.0
77	108	2.0
77	109	1.0
77	118	13.0
77	145	1.0
78	78	130.0
78	79	2.0
78	80	1.0
78	83	3.0
78	84	6.0
78	85	3.0
78	86	5.0
78	87	1.0
78	88	6.0
78	90	1.0
78	91	2.0
78	92	1.0
78	93	2.0
78	99	1.0
78	103	1.0
78	114	1.0
78	118	4.0
78	119	9.0
78	120	4.0
79	79	141.0
79	80	2.0
79	83	5.0
79	90	2.0
79	94	1.0
79	99	1.0
79	107	1.0
79	118	3.0
80	80	138.0
80	81	7.0
80	82	4.0
80	83	3.0
80	98	6.0
80	99	12.0
80	100	3.0
80	110	1.0
80	133	1.0
80	141	1.0
81	81	158.0
81	82	16.0
81	83	3.0
81	94	1.0
81	95	1.0
81	98	8.0
81	101	4.0
81	142	1.0
81	144	1.0
82	82	128.0
82	83	3.0
82	97	2.0
82	98	12.0
82	99	3.0
82	100	2.0
82	101	2.0
82	102	5.0
82	127	1.0
83	83	140.0
83	84	10.0
83	90	1.0
83	92	1.0
83	98	5.0
83	109	1.0
83	138	1.0
84	84	152.0
84	85	3.0
84	86	2.0
84	88	4.0
84	90	1.0
84	92	14.0
84	93	3.0
84	103	1.0
84	104	1.0
84	117	1.0
84	118	5.0
84	119	3.0
84	120	1.0
84	121	2.0
85	85	126.0
85	86	5.0
85	87	1.0
85	92	1.0
85	119	1.0
85	120	1.0
85	121	4.0
85	122	1.0
85	123	1.0
85	125	2.0
85	126	6.0
85	127	2.0
86	86	169.0
86	87	14.0
86	88	2.0
86	89	3.0
86	91	1.0
86	92	4.0
86	93	1.0
86	111	1.0
86	119	9.0
86	120	11.0
86	121	5.0
86	122	1.0
86	123	1.0
86	126	1.0
87	87	141.0
87	109	1.0
87	119	1.0
87	120	1.0
87	121	2.0
87	122	3.0
87	123	6.0
87	125	1.0
87	126	8.0
88	88	97.0
88	89	3.0
88	91	1.0
88	92	4.0
88	93	1.0
88	103	2.0
88	105	2.0
88	111	5.0
88	118	2.0
88	120	6.0
88	121	10.0
88	122	1.0
89	89	52.0
89	90	4.0
89	91	3.0
89	92	4.0
90	90	75.0
90	91	1.0
90	92	9.0
91	91	72.0
91	92	2.0
91	93	1.0
91	119	1.0
91	120	1.0
92	92	100.0
92	93	8.0
92	104	1.0
92	106	1.0
92	118	1.0
92	143	1.0
93	93	138.0
93	94	7.0
93	103	1.0
93	104	21.0
93	105	6.0
93	106	2.0
93	108	1.0
93	110	1.0
93	111	2.0
93	112	6.0
93	113	6.0
93	115	2.0
93	120	1.0
93	130	4.0
93	133	2.0
93	134	2.0
93	148	1.0
94	94	113.0
94	95	7.0
94	96	2.0
94	97	5.0
94	98	7.0
94	99	3.0
94	100	2.0
94	101	6.0
94	102	5.0
94	103	1.0
94	104	10.0
94	105	3.0
94	106	2.0
94	107	7.0
94	108	3.0
94	110	1.0
94	112	3.0
94	113	3.0
94	115	2.0
95	95	118.0
95	96	8.0
95	97	4.0
95	98	2.0
95	100	1.0
95	101	11.0
95	102	4.0
95	103	2.0
95	109	1.0
95	129	1.0
95	131	1.0
95	133	4.0
95	136	1.0
95	139	2.0
95	147	4.0
95	148	1.0
95	149	5.0
96	96	136.0
96	97	5.0
96	101	4.0
96	102	1.0
96	124	1.0
96	147	3.0
96	148	2.0
96	149	3.0
96	151	6.0
97	97	135.0
97	98	2.0
97	101	2.0
97	102	2.0
97	133	4.0
97	135	1.0
97	139	2.0
97	142	1.0
97	143	5.0
97	144	1.0
97	147	6.0
97	148	5.0
97	149	11.0
97	151	2.0
98	98	157.0
98	99	5.0
98	100	3.0
98	101	2.0
98	102	4.0
99	99	150.0
99	100	8.0
99	102	1.0
99	103	4.0
99	107	1.0
99	108	1.0
100	100	154.0
100	101	6.0
100	102	7.0
100	103	14.0
100	107	4.0
100	108	5.0
100	109	4.0
100	133	7.0
100	136	2.0
100	148	1.0
101	101	115.0
101	102	3.0
101	103	4.0
101	108	1.0
101	133	1.0
101	137	1.0
101	149	2.0
102	102	172.0
102	103	6.0
102	111	1.0
102	133	3.0
102	148	2.0
102	149	5.0
103	103	118.0
103	104	7.0
103	106	2.0
103	107	4.0
103	108	6.0
103	119	1.0
103	133	1.0
103	135	1.0
104	104	154.0
104	105	6.0
104	106	4.0
104	107	5.0
104	108	1.0
104	110	5.0
104	111	4.0
104	112	2.0
104	113	8.0
104	115	2.0
104	116	1.0
104	117	1.0
104	118	1.0
104	119	1.0
104	120	1.0
105	105	140.0
105	106	15.0
105	107	2.0
105	108	7.0
105	110	2.0
105	111	2.0
105	112	8.0
105	114	2.0
105	115	4.0
105	116	3.0
105	117	11.0
105	118	2.0
105	120	2.0
105	122	1.0
105	130	1.0
106	106	158.0
106	107	10.0
106	108	1.0
106	109	2.0
106	110	7.0
106	111	5.0
106	112	3.0
106	113	3.0
106	115	7.0
106	116	1.0
106	117	1.0
106	118	2.0
106	120	1.0
106	121	1.0
106	131	2.0
106	133	2.0
106	134	1.0
107	107	157.0
107	108	25.0
107	109	4.0
107	110	7.0
107	112	1.0
107	113	1.0
107	118	7.0
107	121	1.0
107	131	4.0
107	134	1.0
108	108	153.0
108	109	2.0
108	110	3.0
108	118	2.0
109	109	177.0
109	110	3.0
109	112	1.0
109	115	2.0
109	129	4.0
109	130	3.0
109	132	6.0
109	133	14.0
109	134	8.0
109	135	3.0
109	136	9.0
109	147	1.0
110	110	147.0
110	111	13.0
110	112	6.0
110	113	5.0
110	115	2.0
110	116	1.0
110	117	6.0
110	119	2.0
110	122	1.0
110	130	3.0
110	131	5.0
110	132	6.0
110	133	4.0
110	134	2.0
110	153	1.0
111	111	150.0
111	112	7.0
111	117	3.0
111	118	1.0
111	120	8.0
111	121	3.0
111	122	2.0
111	130	2.0
112	112	139.0
112	113	4.0
112	114	1.0
112	115	10.0
112	116	6.0
112	117	3.0
112	118	1.0
112	128	2.0
112	129	1.0
112	131	4.0
113	113	144.0
113	114	5.0
113	115	5.0
113	116	6.0
113	117	1.0
113	124	2.0
113	125	1.0
113	130	2.0
113	136	1.0
113	142	1.0
113	143	1.0
114	114	143.0
114	116	3.0
114	117	3.0
114	118	1.0
114	124	2.0
114	125	5.0
114	128	3.0
114	129	4.0
114	140	1.0
115	115	114.0
115	116	12.0
115	117	5.0
115	130	3.0
116	116	149.0
116	117	16.0
116	119	1.0
116	122	3.0
116	123	1.0
116	125	1.0
116	128	2.0
116	129	2.0
117	117	141.0
117	119	4.0
117	120	1.0
117	121	1.0
117	122	5.0
117	123	2.0
117	125	3.0
117	128	1.0
118	118	150.0
118	119	8.0
118	120	6.0
118	131	1.0
118	132	1.0
118	152	1.0
119	119	149.0
119	120	8.0
119	123	1.0
119	128	1.0
120	120	135.0
120	121	1.0
121	121	151.0
121	122	13.0
121	123	7.0
121	124	3.0
121	125	3.0
121	126	4.0
121	128	2.0
122	122	165.0
122	123	5.0
122	124	11.0
122	125	3.0
122	126	3.0
122	128	3.0
123	123	160.0
123	124	15.0
123	125	1.0
123	126	15.0
123	127	1.0
123	128	12.0
123	150	1.0
124	124	150.0
124	125	13.0
124	126	5.0
124	127	2.0
124	128	3.0
124	136	1.0
125	125	124.0
125	126	2.0
126	126	143.0
126	127	17.0
126	128	7.0
127	127	174.0
127	128	5.0
127	143	1.0
128	128	150.0
128	129	4.0
128	131	1.0
129	129	170.0
129	130	4.0
129	131	4.0
129	132	3.0
129	136	1.0
129	137	3.0
129	145	2.0
129	146	1.0
130	130	141.0
130	131	7.0
130	132	8.0
130	133	3.0
130	134	2.0
130	136	8.0
130	137	2.0
130	138	2.0
131	131	122.0
131	132	12.0
131	133	1.0
131	134	3.0
131	135	11.0
131	136	2.0
131	137	4.0
131	138	6.0
131	145	1.0
131	146	4.0
132	132	150.0
132	133	9.0
132	134	5.0
132	135	2.0
132	136	5.0
132	137	13.0
132	138	2.0
132	146	3.0
133	133	150.0
133	134	7.0
133	136	10.0
133	138	3.0
133	148	3.0
133	149	3.0
134	134	119.0
134	135	12.0
134	136	12.0
134	138	2.0
134	144	4.0
135	135	162.0
135	136	5.0
135	138	11.0
135	141	3.0
135	145	3.0
135	146	1.0
135	151	1.0
136	136	149.0
136	137	3.0
136	138	1.0
136	154	1.0
137	137	139.0
137	138	19.0
137	139	2.0
137	140	5.0
137	141	10.0
137	144	7.0
137	145	4.0
137	146	1.0
137	148	1.0
137	150	1.0
138	138	160.0
138	139	4.0
138	140	3.0
138	141	6.0
138	145	1.0
138	146	1.0
139	139	183.0
139	140	1.0
139	141	8.0
139	142	2.0
139	144	1.0
139	147	5.0
139	148	10.0
139	149	4.0
139	150	1.0
139	152	5.0
139	153	1.0
140	140	99.0
140	141	5.0
140	142	4.0
140	143	2.0
140	144	4.0
140	148	2.0
140	149	2.0
140	150	4.0
140	152	1.0
140	153	4.0
141	141	123.0
141	142	6.0
141	143	3.0
141	144	3.0
141	145	2.0
141	146	2.0
141	147	2.0
141	148	5.0
141	149	2.0
141	152	1.0
141	153	2.0
142	142	143.0
142	143	11.0
142	144	4.0
142	145	2.0
142	146	2.0
142	147	2.0
142	148	3.0
142	150	2.0
142	151	2.0
142	152	3.0
143	143	123.0
143	144	2.0
143	146	5.0
143	147	3.0
143	148	1.0
143	149	1.0
143	150	7.0
143	151	2.0
143	152	1.0
144	144	151.0
144	145	15.0
144	146	4.0
144	152	2.0
145	145	140.0
145	146	5.0
145	152	2.0
146	146	142.0
146	147	1.0
147	147	140.0
147	148	10.0
147	149	7.0
147	151	1.0
147	152	1.0
148	148	142.0
148	149	11.0
148	151	2.0
148	152	1.0
149	149	145.0
149	150	14.0
149	152	1.0
150	150	158.0
150	151	6.0
150	152	3.0
150	153	3.0
151	151	141.0
151	152	1.0
152	152	130.0
152	153	13.0
153	153	149.0
154	154	125.0
