9	9	122.0
9	10	3.0
9	11	2.0
9	35	3.0
9	39	1.0
9	40	1.0
9	41	4.0
9	42	3.0
10	10	624.0
10	11	3.0
10	14	3.0
10	23	1.0
10	24	3.0
10	26	2.0
10	29	1.0
10	31	1.0
10	32	2.0
10	33	1.0
10	36	1.0
10	37	1.0
10	39	2.0
10	42	1.0
10	45	1.0
11	11	227.0
11	15	1.0
11	22	1.0
11	26	1.0
11	36	2.0
11	41	2.0
14	14	145.0
14	15	1.0
14	25	1.0
14	32	1.0
14	40	2.0
15	15	368.0
15	16	29.0
15	17	2.0
15	18	4.0
15	19	1.0
15	25	1.0
15	26	2.0
15	30	4.0
15	31	3.0
15	36	5.0
15	37	2.0
15	39	4.0
15	40	9.0
15	41	2.0
16	16	562.0
16	17	11.0
16	18	21.0
16	19	5.0
16	25	2.0
16	26	2.0
16	30	7.0
16	31	7.0
16	34	1.0
16	36	2.0
16	37	1.0
16	39	1.0
16	40	1.0
16	41	9.0
17	17	442.0
17	18	34.0
17	19	12.0
17	20	13.0
17	22	2.0
17	26	5.0
17	27	5.0
17	29	6.0
17	30	10.0
17	46	1.0
18	18	503.0
18	19	10.0
18	20	7.0
18	22	9.0
18	24	1.0
18	25	2.0
18	26	1.0
18	29	2.0
18	30	4.0
18	31	1.0
19	19	516.0
19	20	11.0
19	21	4.0
19	22	7.0
19	23	6.0
19	24	7.0
19	25	11.0
19	26	5.0
19	30	4.0
19	31	6.0
19	37	2.0
20	20	425.0
20	21	23.0
20	22	19.0
20	23	15.0
20	24	7.0
20	25	3.0
20	26	11.0
20	29	3.0
20	30	3.0
20	38	11.0
20	39	13.0
21	21	500.0
21	22	43.0
21	23	23.0
21	24	8.0
21	25	9.0
21	26	5.0
21	29	4.0
21	30	2.0
21	31	3.0
21	33	6.0
21	38	2.0
21	39	7.0
21	40	1.0
22	22	432.0
22	23	17.0
22	24	6.0
22	25	6.0
22	32	2.0
22	33	2.0
22	34	6.0
22	38	1.0
22	39	4.0
22	45	1.0
23	23	532.0
23	24	15.0
23	26	18.0
23	30	1.0
23	31	8.0
23	35	1.0
23	38	2.0
23	39	4.0
23	41	6.0
24	24	443.0
24	25	22.0
24	26	23.0
24	28	1.0
24	31	6.0
24	33	4.0
24	34	1.0
24	36	3.0
24	38	2.0
24	39	5.0
24	40	6.0
24	41	12.0
24	42	3.0
24	45	1.0
24	46	1.0
25	25	479.0
25	26	21.0
25	30	8.0
25	31	8.0
25	32	4.0
25	33	8.0
25	34	2.0
25	35	10.0
25	38	15.0
25	39	2.0
25	40	5.0
25	41	1.0
26	26	510.0
26	28	3.0
26	29	6.0
26	30	15.0
26	31	11.0
26	33	2.0
26	35	1.0
26	36	5.0
26	39	16.0
26	40	2.0
26	41	9.0
27	27	587.0
27	28	17.0
27	29	7.0
27	30	5.0
27	34	2.0
27	40	1.0
28	28	569.0
28	29	32.0
28	30	3.0
28	40	1.0
29	29	490.0
29	30	23.0
29	31	2.0
29	34	1.0
29	35	2.0
29	36	1.0
29	38	2.0
29	40	3.0
30	30	506.0
30	31	18.0
30	32	7.0
30	34	2.0
30	35	2.0
30	36	2.0
30	37	13.0
30	38	22.0
30	39	5.0
30	41	5.0
30	42	3.0
30	45	3.0
31	31	537.0
31	32	35.0
31	33	11.0
31	34	4.0
31	37	2.0
31	38	10.0
31	39	4.0
31	40	2.0
31	42	2.0
31	43	5.0
32	32	562.0
32	33	13.0
32	34	35.0
32	35	5.0
32	37	12.0
32	38	5.0
32	42	3.0
32	43	9.0
32	44	3.0
32	46	1.0
32	47	4.0
33	33	546.0
33	34	9.0
33	35	11.0
33	36	1.0
33	37	18.0
33	38	1.0
33	39	5.0
33	40	1.0
33	41	2.0
33	43	4.0
33	46	2.0
34	34	536.0
34	35	21.0
34	36	2.0
34	37	7.0
34	38	16.0
34	42	3.0
34	43	13.0
34	44	1.0
34	46	1.0
35	35	586.0
35	36	22.0
35	37	1.0
35	38	9.0
35	42	20.0
35	43	8.0
35	44	9.0
35	45	1.0
35	48	1.0
36	36	595.0
36	37	22.0
36	38	1.0
36	39	24.0
36	40	6.0
36	41	7.0
36	42	3.0
36	44	1.0
37	37	541.0
37	38	11.0
37	39	6.0
37	40	7.0
37	41	1.0
37	45	1.0
38	38	566.0
38	39	4.0
38	40	1.0
38	41	1.0
38	42	8.0
39	39	591.0
39	40	8.0
39	41	24.0
39	42	3.0
39	46	1.0
40	40	562.0
40	41	25.0
40	42	1.0
40	43	6.0
41	41	565.0
41	42	19.0
41	43	4.0
41	47	1.0
42	42	552.0
42	43	19.0
42	44	5.0
42	46	6.0
43	43	612.0
43	44	4.0
43	45	6.0
43	46	11.0
43	47	1.0
43	48	1.0
44	44	557.0
44	45	10.0
44	46	13.0
44	47	16.0
44	48	5.0
45	45	636.0
45	46	18.0
45	47	7.0
45	48	1.0
46	46	563.0
46	47	22.0
46	48	1.0
47	47	567.0
47	48	7.0
48	48	55.0
