bin1    bin2    count
69 69 1
137 137 2
120 129 2
108 108 1
117 117 1
16 16 1
98 98 1
99 99 1
132 151 1
82 84 2
152 152 1
122 122 1
56 56 1
106 106 1
29 29 1
137 137 1
64 64 2
46 46 1
125 125 2
3 4 1
37 37 1
114 114 1
137 137 1
72 73 1
107 107 3
120 120 1
94 96 1
94 94 2
105 105 1
83 84 1
12 12 2
146 147 1
85 85 1
52 52 1
134 148 1
107 107 1
112 141 1
83 104 1
60 100 1
95 99 1
12 12 1
117 117 1
150 150 1
91 91 1
118 151 2
102 125 1
91 91 1
130 130 1
72 72 1
6 6 1
97 133 1
133 134 1
134 134 1
146 146 1
134 134 1
18 18 2
134 134 1
141 142 1
35 50 1
59 60 2
144 144 1
62 62 1
138 138 1
102 103 1
88 88 2
14 62 1
74 74 2
143 143 1
80 122 2
143 143 2
129 130 1
149 149 1
118 149 1
53 53 2
100 100 1
60 60 2
30 30 1
26 26 1
138 138 1
125 141 1
134 134 1
125 125 2
119 150 1
109 131 1
100 100 1
105 106 1
135 135 2
49 65 1
69 72 1
50 50 1
131 131 1
118 121 1
18 18 3
134 134 1
62 62 2
131 131 1
106 107 1
52 52 1
132 132 1
133 133 1
91 93 1
116 116 2
126 126 3
99 99 1
72 76 1
67 67 1
116 116 2
109 109 3
90 90 1
98 99 1
85 85 1
73 73 2
136 136 2
29 29 1
37 37 2
65 65 1
73 73 1
148 149 1
137 137 2
137 137 1
28 28 1
69 69 1
116 116 1
54 58 1
147 148 1
113 140 1
51 51 2
84 84 2
78 78 1
107 136 1
53 53 1
58 58 3
120 126 1
3 3 1
128 128 1
108 109 1
28 30 1
63 64 1
139 141 1
98 98 1
47 47 1
64 64 1
97 97 1
79 79 1
85 88 1
31 31 1
35 38 1
35 35 1
12 67 2
108 108 2
17 17 1
97 98 1
146 146 1
96 96 1
114 114 1
74 74 1
83 83 1
57 57 1
150 150 1
71 71 1
102 103 2
69 73 1
4 5 1
17 17 1
61 61 3
138 138 1
125 125 2
126 126 2
108 108 2
96 97 1
5 5 1
90 129 1
106 119 1
54 54 1
132 133 2
64 64 1
87 87 2
84 84 2
25 25 1
84 84 1
104 104 1
121 121 1
30 30 1
52 52 1
146 146 2
105 105 2
53 54 1
98 98 2
10 10 2
31 31 1
60 60 3
62 62 1
119 119 1
96 102 3
70 70 1
28 30 1
96 96 2
122 123 2
59 61 1
127 130 1
31 31 2
114 114 1
30 30 1
134 134 2
99 99 1
38 38 1
105 105 2
81 82 2
58 86 2
56 56 2
146 146 1
103 144 1
138 138 1
125 126 1
53 99 2
103 103 2
61 61 2
102 102 1
56 58 1
10 10 1
111 111 1
26 26 4
51 51 1
108 108 2
89 89 1
115 115 1
82 82 2
83 85 1
78 80 1
128 128 2
115 116 1
28 28 1
60 60 2
18 18 1
106 106 2
52 52 1
128 128 1
79 80 1
131 131 1
113 114 1
106 106 1
16 16 1
122 126 3
119 119 1
123 123 1
127 129 1
135 149 1
63 63 1
73 73 1
85 85 3
105 105 1
6 6 2
82 82 1
64 64 2
126 126 1
146 146 1
142 142 1
139 140 1
139 139 1
47 47 1
28 28 1
121 121 1
126 127 1
71 71 1
146 146 1
104 104 2
84 84 1
89 90 1
91 93 1
117 117 1
118 118 2
133 147 1
118 118 1
57 57 1
60 60 1
15 15 2
90 91 1
80 81 2
121 121 1
141 142 1
102 126 1
123 126 1
30 30 1
68 68 2
6 37 1
4 4 1
116 117 1
97 120 1
54 54 1
116 116 1
131 131 1
76 76 1
12 12 1
125 125 1
70 70 1
101 101 1
105 105 3
80 80 1
125 125 3
144 145 2
106 106 1
64 87 1
126 126 3
82 82 2
81 81 1
108 109 1
107 111 1
77 79 1
91 91 1
112 112 1
84 105 1
147 147 1
56 56 3
107 109 1
130 131 1
136 137 1
73 74 1
68 70 1
54 97 1
10 67 1
77 77 2
144 144 1
90 90 2
95 95 2
127 142 1
142 142 2
136 136 1
65 125 2
151 151 1
131 131 1
61 121 1
49 83 1
100 100 2
46 46 1
127 128 2
56 56 1
95 95 2
108 108 2
134 135 1
60 60 2
108 108 1
77 77 1
89 89 2
126 126 1
37 37 3
139 152 1
71 74 1
144 144 1
87 87 1
27 52 1
56 56 1
108 135 2
20 20 1
146 151 1
126 138 1
135 135 1
78 79 1
26 26 1
137 137 1
113 114 2
10 14 2
38 60 1
97 97 1
13 13 1
125 125 3
127 129 1
107 107 1
66 66 1
124 124 2
83 83 1
95 95 1
140 140 1
31 31 1
56 86 1
105 105 1
55 55 1
86 86 1
112 114 1
152 152 2
14 14 1
115 115 1
56 56 1
37 37 1
64 99 1
148 148 1
144 144 1
122 123 1
59 59 1
122 122 3
48 48 1
129 129 1
4 4 1
18 18 1
125 125 1
29 29 1
128 128 2
16 16 2
150 151 1
29 29 2
112 112 1
87 87 1
111 111 2
107 107 1
147 147 1
82 82 2
127 127 2
15 15 3
93 93 1
79 79 1
132 133 1
142 142 1
130 136 1
138 138 1
56 59 2
131 131 1
74 74 1
138 139 1
4 4 1
108 108 1
129 129 1
136 136 1
12 12 1
86 92 2
115 115 2
137 137 1
53 54 2
144 144 1
148 148 2
66 66 2
89 89 2
19 19 1
117 117 2
107 151 1
124 124 1
87 87 1
149 149 1
146 146 2
68 70 1
107 107 1
64 64 1
99 99 1
93 93 1
57 60 1
79 79 1
64 99 1
87 87 1
107 107 1
112 112 1
79 79 1
64 64 3
125 125 1
57 57 1
29 29 1
147 147 2
121 122 2
72 72 1
26 28 1
36 36 1
58 86 3
89 89 1
149 152 1
96 96 1
148 148 1
35 35 1
19 25 1
78 78 1
104 126 2
76 76 1
20 20 1
140 140 1
73 73 1
82 82 2
119 137 1
48 60 1
81 85 2
149 149 1
111 111 2
84 84 1
134 134 1
101 145 1
19 20 1
121 121 1
134 134 1
68 69 2
127 127 1
90 92 1
97 97 2
18 18 1
20 20 1
80 100 2
63 69 1
78 78 2
95 95 1
76 76 1
100 127 2
134 134 1
135 152 1
3 3 1
59 88 2
87 92 1
110 110 1
97 134 2
95 96 2
19 20 1
29 29 1
121 121 1
152 152 1
37 37 2
24 24 1
97 97 1
65 124 2
55 56 1
115 115 1
57 57 1
142 142 1
84 84 2
104 104 1
19 19 1
52 52 1
64 70 2
148 149 1
149 149 1
64 64 1
74 74 1
108 108 1
28 30 1
106 106 3
81 81 1
90 90 1
99 99 1
146 146 1
102 102 1
119 119 1
139 139 1
117 117 1
109 109 1
115 115 1
12 12 2
58 58 1
90 90 2
63 63 1
26 50 1
54 97 2
142 142 1
77 77 1
10 14 1
120 120 1
136 136 1
56 56 1
78 78 1
52 53 3
140 140 1
120 120 3
13 57 1
31 31 1
61 65 1
118 118 1
138 139 2
39 65 1
125 125 2
98 98 1
58 58 1
75 76 1
118 118 1
76 77 1
88 88 2
13 98 1
121 126 1
86 86 1
26 26 1
73 73 1
30 31 1
83 83 1
38 38 1
107 107 2
3 3 1
28 28 1
128 128 2
87 87 1
99 99 1
13 14 1
57 65 1
85 85 1
84 84 1
124 141 1
106 106 1
82 82 1
132 132 2
12 89 1
103 103 3
28 28 1
108 108 2
28 28 1
108 110 1
147 147 1
112 112 2
131 131 1
95 95 1
118 118 1
142 142 1
73 73 1
81 81 1
118 140 1
54 54 1
104 130 1
105 105 1
37 60 1
76 76 1
48 48 1
97 133 1
15 60 1
136 136 2
79 79 1
118 119 1
97 97 2
72 72 1
144 145 1
74 74 1
87 88 1
63 63 1
98 99 1
3 3 1
87 87 1
89 89 1
95 95 1
149 150 1
91 91 1
73 73 1
68 69 1
147 147 1
103 103 1
83 105 1
91 91 1
141 141 3
69 69 1
53 95 2
113 113 1
127 127 1
101 144 1
126 126 1
83 83 1
98 98 1
85 85 1
59 59 1
67 69 2
4 4 1
14 68 1
138 139 1
82 82 2
78 99 1
61 61 1
31 51 1
91 91 1
110 110 1
133 133 1
122 122 1
29 29 1
109 109 2
70 70 1
135 135 1
141 141 1
19 25 1
94 94 1
51 51 1
108 108 3
119 129 1
77 77 1
102 102 1
98 98 1
124 124 1
16 16 1
106 106 1
70 70 1
127 127 1
16 86 1
151 151 1
104 128 2
139 139 1
13 13 1
69 70 1
17 17 2
119 119 1
112 112 1
151 151 2
64 69 2
130 138 1
95 95 1
107 112 1
85 85 2
90 90 1
150 151 1
98 98 2
109 151 2
27 27 1
88 89 1
84 85 1
121 121 2
94 94 1
98 98 1
47 47 1
121 121 1
144 145 2
141 141 1
57 60 1
59 59 1
88 88 1
105 105 1
138 138 1
91 91 2
149 149 1
6 6 1
124 124 2
118 118 1
144 144 1
29 29 2
63 64 1
91 93 2
27 31 2
53 90 1
68 68 1
150 150 1
114 114 1
114 117 1
52 52 1
79 98 1
122 122 1
137 137 1
55 55 2
142 142 1
34 34 2
84 85 1
62 62 1
95 95 1
116 116 1
146 147 1
90 90 1
105 107 2
26 26 1
14 68 1
116 118 1
111 112 1
38 38 1
126 126 2
16 50 1
145 145 1
72 72 1
37 37 1
128 128 1
29 29 1
18 18 1
144 144 1
76 76 1
130 130 1
135 135 2
97 97 1
61 61 1
73 73 1
84 85 1
116 116 1
87 87 2
84 84 1
143 143 1
25 25 1
71 71 1
108 109 1
141 142 2
142 142 1
142 142 1
104 104 1
91 92 1
59 59 2
52 52 1
122 122 1
82 82 1
69 69 1
88 88 2
126 126 1
137 151 2
135 135 1
136 136 1
61 64 1
50 50 1
116 118 2
59 59 1
142 142 1
95 96 1
134 135 1
110 110 1
20 20 2
85 85 1
64 69 1
30 31 2
77 77 1
105 105 1
68 70 1
129 129 1
62 66 2
6 6 1
137 137 1
18 18 1
118 118 1
144 144 1
119 119 1
71 71 1
145 145 2
46 72 1
99 99 1
53 105 1
73 73 2
55 55 1
130 130 2
120 120 1
64 101 2
100 100 1
114 114 1
54 54 1
71 71 1
111 111 3
137 137 1
151 151 1
70 79 1
118 118 2
59 59 1
87 87 2
63 63 2
47 47 1
131 131 2
73 73 1
141 141 1
79 100 1
86 87 1
129 129 1
135 135 1
17 17 1
83 85 1
141 141 2
72 72 1
12 12 1
82 82 1
12 13 2
129 129 1
36 36 2
138 138 2
135 135 1
133 133 2
53 53 2
132 132 1
73 73 1
88 88 1
149 150 2
81 82 1
99 100 2
130 130 1
112 132 1
120 120 1
144 144 1
35 35 2
63 73 1
138 139 1
30 30 1
81 81 1
55 91 1
128 128 1
118 118 1
120 120 1
144 144 1
77 124 2
87 103 1
96 96 1
139 139 1
52 52 2
36 36 2
127 127 1
120 121 1
106 106 2
142 142 1
130 138 1
57 57 1
125 138 1
50 50 1
115 115 1
31 31 1
12 12 1
84 84 1
36 36 1
114 114 1
106 106 1
151 151 2
151 152 1
31 31 1
136 136 1
53 53 1
70 71 1
101 101 2
96 96 1
80 80 1
145 145 1
61 61 1
90 91 1
72 72 1
12 12 1
79 79 1
140 140 1
28 28 2
76 76 1
146 146 1
113 136 1
103 103 2
95 96 1
4 4 1
139 139 1
61 61 1
149 149 2
121 122 1
79 102 1
124 124 3
143 143 1
83 83 3
97 98 1
73 73 2
123 123 2
139 139 1
112 112 1
120 130 1
38 38 1
124 124 1
13 13 1
65 65 2
77 77 1
81 81 1
135 135 1
103 142 1
37 37 1
74 74 1
16 57 1
86 86 3
6 6 1
56 56 1
140 140 2
51 51 1
133 133 1
50 52 1
123 123 1
47 47 1
108 108 1
64 64 1
36 36 1
138 141 1
137 151 1
134 134 1
91 92 2
89 90 1
78 78 2
139 139 1
145 145 1
63 63 1
133 133 1
63 70 1
106 106 1
68 69 2
38 38 2
120 120 1
120 130 2
135 135 1
69 73 1
131 151 1
25 25 3
28 28 2
114 114 1
14 14 1
20 20 1
100 100 2
53 53 1
141 141 1
53 53 3
48 82 1
12 98 3
30 30 1
6 6 1
108 108 1
134 148 1
107 107 1
107 112 1
133 134 2
100 100 2
46 46 1
10 57 1
28 28 1
79 79 1
140 140 3
30 30 1
111 113 1
115 116 1
65 65 2
82 82 1
134 134 1
138 139 1
10 10 2
34 34 1
85 85 2
49 49 1
79 79 3
116 118 3
78 99 1
29 29 1
108 108 2
54 95 2
69 69 1
63 63 2
60 69 1
110 130 1
103 103 1
144 144 1
142 142 1
87 87 1
133 133 1
108 108 1
51 51 1
132 132 1
54 56 2
105 107 1
144 146 2
89 89 1
31 31 1
120 120 2
148 149 1
110 110 1
116 116 1
89 89 1
68 104 1
90 90 1
103 103 3
51 51 2
13 13 2
141 141 3
127 143 1
74 74 1
51 51 3
85 85 1
139 139 1
49 63 1
24 25 1
100 100 1
10 11 1
87 89 1
117 117 1
47 59 2
77 97 1
84 84 1
89 89 1
24 56 1
128 128 1
133 133 2
4 4 1
36 36 1
110 131 1
88 88 1
53 53 1
140 140 1
116 117 1
37 37 2
91 91 1
60 100 1
85 85 1
70 71 1
74 74 1
36 36 1
38 38 1
132 132 1
117 117 1
6 6 1
76 77 1
68 70 1
47 48 1
61 61 1
112 112 1
29 29 1
25 25 4
90 90 2
108 108 1
75 75 1
35 35 1
91 91 2
146 147 1
84 93 1
151 151 3
113 113 1
131 131 1
118 142 2
128 130 1
87 88 2
50 51 2
122 123 1
126 139 1
84 84 1
90 90 1
95 95 1
134 134 1
116 116 1
121 121 1
133 134 1
128 145 1
36 36 1
112 118 1
80 82 1
137 137 1
36 36 1
142 142 1
142 142 1
141 142 1
106 106 1
3 3 1
112 112 3
117 117 1
131 131 1
123 145 2
149 150 1
87 87 2
105 105 1
118 118 1
112 112 1
90 90 1
110 110 2
127 127 1
53 53 1
146 146 1
77 101 2
26 52 3
150 150 1
80 80 1
91 92 2
59 59 1
119 121 1
35 38 1
122 122 2
47 47 1
25 25 3
98 99 1
120 120 1
116 116 2
140 140 1
73 74 1
79 79 1
91 91 2
91 91 1
106 106 2
119 132 1
107 132 1
71 71 1
150 150 1
67 67 2
4 6 1
65 65 1
29 29 1
65 65 1
55 94 1
94 94 1
84 85 1
64 64 4
149 149 2
65 78 1
31 31 2
51 51 1
55 55 3
150 150 1
118 138 1
47 47 1
35 35 1
146 146 2
96 96 1
77 77 2
99 99 1
81 81 1
128 129 1
52 52 1
57 57 1
120 130 1
92 92 1
58 58 2
133 133 3
86 86 1
79 80 1
128 128 1
101 104 1
70 74 1
59 59 1
136 136 1
89 89 1
75 105 1
20 20 1
38 38 1
77 77 1
13 13 1
105 106 1
56 68 1
37 65 1
31 36 1
54 54 1
117 117 1
35 62 1
63 63 1
49 49 1
128 128 1
127 127 1
145 146 1
90 90 1
6 6 2
49 60 2
4 4 1
143 143 1
109 109 1
144 144 1
35 35 3
67 67 1
126 126 1
30 30 3
107 107 2
107 151 2
119 120 2
54 54 1
99 99 1
76 125 2
16 64 1
53 53 2
65 65 1
151 151 2
143 145 2
80 80 1
116 116 1
142 142 1
52 53 2
18 18 1
118 118 2
73 73 2
151 151 1
141 141 1
109 109 1
77 78 1
87 87 1
16 16 1
134 134 2
30 30 1
17 34 1
70 70 1
118 118 1
52 52 1
115 115 1
68 68 1
139 152 1
12 12 1
131 131 2
135 135 2
26 26 1
50 51 1
108 108 1
29 29 1
142 142 1
27 28 1
138 138 1
127 127 1
64 64 1
47 47 2
111 141 1
26 26 1
135 146 1
62 65 1
14 14 1
16 30 1
142 143 1
147 147 4
19 25 1
74 74 1
50 86 2
95 96 1
95 95 3
116 116 1
68 68 2
52 91 2
34 85 1
152 152 1
138 138 1
88 88 1
125 125 2
87 87 1
53 53 2
109 109 1
4 5 1
30 30 1
106 106 2
114 114 2
116 116 1
37 37 2
137 137 1
84 84 1
125 125 1
142 142 1
143 143 1
20 20 1
105 105 2
132 132 1
37 37 1
36 36 1
19 19 2
115 115 1
133 133 1
17 17 1
30 30 1
64 87 1
118 118 1
28 28 1
105 106 1
112 112 1
143 143 1
131 139 1
34 84 1
138 138 1
131 136 1
91 91 1
25 31 4
35 35 1
151 151 1
127 127 1
95 95 1
50 86 1
18 18 1
35 35 1
116 116 1
3 4 1
119 119 1
13 14 1
103 103 1
31 31 1
57 86 1
132 132 2
80 98 2
50 50 2
55 55 1
139 139 1
116 118 1
150 150 1
57 57 2
48 60 2
73 76 2
53 53 1
35 37 1
131 134 1
75 75 1
61 65 1
72 76 1
18 18 1
69 69 1
53 90 1
125 125 1
133 133 1
19 19 2
90 128 1
65 65 1
6 7 1
97 97 1
107 107 1
131 131 1
106 106 2
37 37 1
107 108 1
61 61 1
110 110 1
106 135 2
64 64 2
143 145 1
139 141 1
74 74 1
25 25 2
134 134 1
108 109 1
35 38 1
51 51 2
27 27 1
147 147 2
73 73 1
90 90 1
112 127 1
65 65 2
133 133 1
60 99 2
14 94 2
109 109 1
151 151 1
10 10 1
72 72 2
37 38 1
115 115 1
115 118 1
119 119 1
106 106 1
119 119 1
74 75 1
95 96 1
129 129 1
118 141 2
90 90 1
139 139 1
99 99 1
139 139 1
152 152 1
122 122 1
117 117 1
72 99 1
10 57 1
25 25 1
117 117 1
90 90 1
53 54 1
124 124 1
108 108 1
108 135 2
105 105 1
28 35 1
148 148 1
95 95 1
79 79 1
4 4 1
140 140 1
53 100 2
35 35 1
57 57 2
95 95 1
136 136 3
125 125 1
125 125 1
80 81 1
142 142 1
103 103 1
56 86 3
90 90 1
146 151 3
96 101 1
37 37 1
99 99 1
131 131 1
63 63 1
36 36 1
47 47 2
108 108 1
4 4 1
148 148 1
115 116 1
91 91 1
136 141 1
83 128 1
132 132 2
70 70 1
63 63 1
88 88 1
55 64 1
35 35 1
141 141 1
31 31 1
73 73 2
16 16 1
38 38 1
95 96 1
95 96 2
147 147 1
77 126 1
133 133 1
29 29 1
28 28 2
38 38 1
134 134 1
110 110 1
57 64 1
88 88 1
139 139 2
107 107 1
47 47 1
149 150 1
107 107 2
51 51 1
131 133 1
128 128 1
80 97 1
111 111 1
134 148 1
101 101 1
13 31 1
114 142 1
141 141 1
27 34 1
48 48 1
114 114 2
13 13 1
151 151 1
26 26 1
81 81 1
130 130 1
75 75 3
25 25 2
114 114 1
53 91 1
133 133 2
59 59 1
58 59 1
91 91 1
59 59 3
64 64 1
98 98 1
112 140 1
11 11 1
89 90 1
20 20 1
131 131 1
122 122 1
61 61 1
110 110 1
119 119 1
34 34 1
147 147 1
82 82 1
17 17 1
151 151 2
113 135 1
116 117 1
37 37 2
16 16 1
18 28 1
104 104 1
143 143 1
19 19 1
106 106 1
130 132 1
16 78 1
152 152 1
123 123 1
92 92 1
26 26 1
148 148 1
132 136 1
58 86 1
115 116 1
62 62 1
149 149 1
96 97 2
139 139 1
49 50 1
26 52 3
109 109 1
88 88 1
38 38 1
29 29 3
123 129 2
111 111 1
129 129 1
142 142 1
130 136 1
10 11 1
4 4 1
129 130 1
127 143 3
67 67 1
30 30 1
30 30 2
117 117 1
48 70 1
96 96 1
142 142 1
110 110 1
107 112 1
143 143 1
91 91 2
20 86 1
120 120 1
91 91 1
69 69 1
108 108 1
125 125 2
20 20 1
131 131 1
76 76 1
105 105 2
31 31 1
85 85 1
82 84 1
116 116 1
128 128 1
101 123 1
121 121 2
81 85 1
149 149 2
95 95 1
57 57 1
107 107 1
15 59 1
142 142 2
105 105 1
57 57 1
5 5 2
72 73 1
127 144 1
148 148 1
144 145 1
131 131 1
6 6 1
80 99 1
138 139 1
127 128 1
29 29 2
20 20 2
112 112 1
143 143 1
131 152 2
136 151 1
35 38 1
99 100 1
121 122 1
110 110 2
131 131 1
63 63 1
68 68 1
137 137 1
148 149 1
28 28 1
65 65 1
140 140 1
77 77 1
85 85 3
37 37 2
63 64 1
91 91 2
128 128 1
96 96 1
143 146 1
144 144 1
63 63 2
49 63 2
142 145 1
25 25 1
111 111 1
56 56 1
62 69 1
136 136 1
50 50 1
6 6 2
101 103 1
27 27 1
61 61 1
50 51 1
12 87 1
57 61 1
85 85 1
135 152 1
68 68 1
102 102 1
100 100 1
118 118 1
103 103 1
136 136 1
106 137 1
73 76 1
28 28 1
96 102 1
59 59 1
72 72 1
63 99 1
19 19 1
114 114 1
91 91 1
75 75 1
3 4 1
122 123 1
128 129 1
72 72 1
117 117 1
29 29 1
111 112 4
109 135 1
119 119 2
107 107 1
93 93 1
137 137 1
108 146 1
95 96 1
149 149 1
12 12 1
73 73 1
119 119 2
148 150 1
140 140 2
124 125 2
20 20 1
133 150 1
25 25 1
72 72 1
11 57 1
74 74 1
104 104 1
77 77 1
89 89 1
19 19 1
6 6 1
105 105 2
14 14 1
138 138 1
118 118 1
10 34 1
148 148 2
89 89 1
69 69 4
126 127 1
98 99 1
86 86 1
140 140 2
25 25 3
140 140 2
122 122 3
34 34 2
86 86 1
73 75 1
106 106 1
145 145 2
48 48 1
77 77 1
65 65 2
24 24 2
117 117 1
14 14 1
73 73 1
127 127 1
137 137 2
90 90 2
47 47 1
98 99 2
142 142 1
35 35 1
67 67 1
150 150 2
85 85 1
31 31 2
119 119 4
129 129 1
56 56 1
53 53 1
51 51 1
62 62 2
89 89 1
16 19 1
71 99 1
111 113 1
109 110 1
85 85 2
63 63 1
92 92 1
60 60 1
25 25 1
117 117 1
125 126 2
92 92 1
62 62 1
49 49 1
147 147 1
73 73 1
54 54 1
72 72 2
19 19 2
83 83 1
87 87 2
147 147 4
87 87 1
134 134 2
71 71 2
130 130 2
76 76 1
133 133 1
73 74 1
103 103 3
85 85 1
61 87 2
127 127 1
124 124 1
152 152 2
138 138 1
87 87 1
119 119 1
129 129 1
121 121 1
124 124 1
109 109 1
103 103 1
46 46 1
136 136 2
5 5 1
110 131 1
144 145 1
38 38 2
31 31 1
100 100 1
46 72 1
104 104 1
60 60 1
133 133 2
53 89 1
138 138 1
123 123 2
107 107 1
10 58 2
10 10 1
84 84 3
77 77 1
126 126 1
120 125 1
4 4 1
49 77 1
31 35 1
31 36 1
37 39 1
86 91 1
34 34 2
58 58 1
107 107 1
137 137 1
57 57 1
24 63 1
57 57 1
60 79 1
68 70 1
131 137 1
76 77 1
115 115 1
128 128 2
119 119 1
146 146 1
63 103 1
132 132 2
148 148 1
86 86 1
6 6 1
105 106 1
106 109 1
82 82 1
89 89 1
131 131 1
103 103 1
148 149 1
5 5 1
66 66 2
29 29 1
140 140 1
97 97 2
63 63 1
4 4 2
64 64 1
29 29 1
81 81 1
106 106 1
13 14 1
12 64 1
100 100 1
122 122 1
103 142 1
51 51 1
54 54 1
124 124 1
150 150 1
103 103 1
145 145 2
117 117 2
58 58 1
84 84 3
104 127 1
96 97 1
123 123 1
4 4 1
58 58 1
71 80 1
102 102 1
36 36 1
47 47 1
146 146 1
152 152 1
123 129 1
87 87 1
121 137 1
84 84 1
134 134 1
137 137 1
94 102 1
6 6 1
107 152 1
145 145 1
64 99 2
137 137 1
133 133 1
135 135 1
36 38 1
148 149 1
35 38 1
143 146 2
140 140 1
74 74 2
86 86 1
38 82 1
139 140 1
73 73 1
88 88 2
125 125 1
108 108 3
13 13 2
144 145 2
119 125 1
106 106 1
141 141 2
72 99 2
112 112 1
29 29 2
140 140 2
88 97 1
120 127 1
72 72 1
140 140 1
100 100 1
124 125 1
104 104 1
97 150 1
63 63 2
64 64 2
109 109 1
124 124 1
82 84 1
112 112 1
17 25 1
50 51 1
109 147 1
119 120 1
132 146 1
13 13 1
69 75 2
144 144 2
151 151 2
98 98 1
112 112 1
128 128 1
97 97 1
125 125 2
131 131 2
125 125 1
98 99 2
141 142 2
26 27 1
90 90 1
118 118 1
109 109 1
62 94 1
97 97 1
116 118 1
97 97 1
93 96 3
105 105 1
128 137 1
114 114 1
69 69 1
18 18 2
93 93 1
111 111 1
103 103 1
81 83 1
119 136 1
112 112 1
91 100 2
88 88 1
103 103 1
64 64 1
64 64 2
138 138 1
50 50 1
137 137 1
63 63 1
15 83 1
140 140 1
27 34 1
47 71 1
140 141 1
51 51 1
101 101 1
138 138 1
104 129 2
117 117 1
117 134 1
131 131 1
28 82 1
138 138 1
152 152 2
49 49 2
119 151 1
116 116 3
149 149 2
54 54 1
52 91 1
76 76 1
52 52 1
27 57 1
147 147 1
85 85 1
76 76 1
105 106 1
81 81 1
84 84 1
61 79 2
72 72 1
119 119 1
150 150 1
140 140 1
49 49 2
31 49 4
5 67 1
50 50 1
112 112 1
117 117 1
3 3 3
65 65 1
133 146 2
141 141 2
63 63 2
75 75 1
52 90 1
36 36 1
29 29 1
145 145 1
134 134 1
60 60 1
25 25 2
152 152 1
124 124 1
90 91 1
125 125 3
3 3 1
83 83 1
126 126 2
60 60 1
109 109 2
56 56 1
96 96 1
84 84 1
129 130 2
88 88 1
61 61 2
99 99 1
26 52 1
120 120 2
88 89 1
61 61 2
108 108 1
25 25 1
85 85 2
73 77 2
63 63 1
121 121 1
91 93 1
60 75 1
55 120 1
13 13 1
88 88 1
149 149 1
30 63 1
28 31 2
24 24 2
93 93 1
78 78 1
98 98 1
126 126 1
112 112 2
95 100 1
67 67 3
91 91 1
134 134 1
34 34 1
147 147 1
73 76 1
4 6 2
106 106 2
141 141 1
95 96 1
81 82 1
47 47 2
63 99 1
59 61 1
72 72 1
90 90 1
73 73 1
126 126 2
118 119 1
89 89 2
37 37 1
63 64 1
19 19 1
93 93 2
151 151 4
137 137 1
6 6 1
131 131 3
147 147 1
25 25 1
126 126 1
70 70 1
131 131 1
138 138 1
135 135 2
4 6 2
149 149 1
58 58 1
114 114 1
97 97 2
87 87 1
52 53 1
67 67 1
138 138 2
120 120 1
127 127 1
112 118 1
106 106 1
151 151 1
68 68 1
36 36 1
114 114 2
132 143 1
4 4 1
114 114 1
123 123 1
84 95 1
123 126 1
145 146 1
97 97 1
133 133 3
118 118 1
134 135 1
104 126 1
106 106 1
30 30 1
107 107 1
80 80 1
143 144 2
57 58 1
129 129 1
107 107 1
131 131 1
52 91 1
134 134 1
62 100 2
131 132 1
59 60 1
122 129 1
126 145 1
64 64 1
58 75 1
98 98 1
4 4 1
83 83 1
6 6 1
98 98 2
129 129 1
79 101 1
29 29 1
57 57 3
25 25 1
80 80 2
79 79 1
55 68 1
83 83 1
105 105 1
25 31 1
120 145 1
64 64 2
69 70 2
70 70 1
133 134 2
72 77 2
107 107 1
70 74 1
6 6 1
102 102 1
103 103 1
31 56 1
4 4 1
56 56 1
96 96 1
55 121 1
110 127 1
127 129 1
85 85 2
36 36 1
121 121 2
77 79 1
82 82 1
63 64 2
13 13 1
92 92 1
31 31 1
47 47 1
120 120 2
97 97 2
121 121 1
87 88 2
75 75 1
28 28 1
104 125 1
10 10 2
25 25 1
75 75 1
57 57 1
91 91 1
13 54 1
28 31 1
141 141 1
128 128 1
61 61 2
124 124 1
108 108 1
116 116 1
128 128 1
107 108 1
37 37 1
107 107 2
56 56 1
119 119 2
87 88 1
64 64 2
147 149 1
118 118 3
86 86 1
72 74 1
46 47 1
77 77 1
96 96 1
90 90 2
74 74 1
126 138 1
134 134 1
133 133 1
87 87 1
71 71 1
56 56 1
73 73 1
19 19 1
128 128 1
146 149 2
24 24 1
59 72 1
149 149 1
116 116 1
52 52 1
55 55 1
126 126 1
104 104 2
119 121 1
26 28 2
80 80 2
63 63 1
118 118 1
73 73 1
10 10 1
24 60 1
4 4 1
131 131 1
106 136 1
116 117 2
30 50 2
89 89 1
144 144 1
111 131 1
107 109 1
46 46 1
90 90 1
107 107 1
76 76 1
53 53 2
75 75 2
137 137 1
71 74 1
59 59 1
119 126 1
133 147 1
97 98 1
103 103 1
71 71 2
144 144 1
143 143 2
134 134 1
31 31 1
128 128 1
37 37 1
68 71 1
12 12 1
139 140 1
78 79 1
54 54 1
149 149 1
59 59 1
71 75 3
144 144 1
134 134 2
141 141 2
6 6 1
127 128 1
13 14 3
95 95 1
14 14 1
123 136 2
140 140 1
75 76 2
107 107 1
75 75 1
122 122 3
149 149 1
64 99 1
72 89 1
135 140 1
91 91 1
14 58 1
121 121 1
65 65 1
73 76 1
148 148 1
147 147 1
134 134 1
118 141 2
47 61 1
84 93 1
109 109 1
84 96 1
77 103 1
106 106 1
88 88 1
18 18 1
76 76 1
78 78 1
16 16 1
125 125 1
107 107 1
118 118 1
60 60 1
78 78 1
103 103 1
49 49 2
117 117 1
4 4 2
97 120 1
125 141 1
151 151 1
84 85 1
53 91 1
14 14 1
17 88 2
101 102 1
146 146 1
95 95 1
60 60 1
124 124 1
35 35 1
53 53 1
134 134 1
112 112 1
11 11 1
78 78 2
69 69 2
25 25 2
37 61 2
120 120 1
127 130 1
83 83 1
13 61 1
75 75 1
112 112 3
53 53 1
150 150 2
95 95 1
115 117 2
46 46 2
30 63 1
149 150 1
6 6 1
87 89 1
146 151 1
112 148 1
32 32 1
77 77 1
53 91 1
60 60 1
15 15 3
146 146 1
18 18 1
119 127 2
29 29 1
92 93 2
84 84 1
4 4 1
56 58 1
89 89 1
146 146 1
133 133 1
13 62 1
109 109 1
108 108 1
99 99 1
124 124 1
75 75 1
47 47 1
55 55 1
47 81 2
60 68 1
72 72 1
54 98 1
137 137 2
108 133 2
127 144 1
60 64 1
138 138 1
132 134 1
91 91 1
37 37 1
88 88 1
4 4 2
26 26 1
27 27 1
57 86 1
149 149 1
138 138 2
69 69 1
118 118 1
67 67 1
76 76 1
18 56 1
131 131 1
120 120 1
120 120 1
67 67 2
12 12 1
76 76 2
31 49 1
37 37 1
104 130 1
146 149 2
97 97 1
79 101 1
6 6 1
109 109 1
53 96 3
75 75 1
87 87 2
123 123 2
109 109 2
65 65 1
133 133 1
125 125 1
65 78 1
71 71 1
53 90 1
146 146 1
24 25 1
82 85 1
108 108 1
3 3 1
104 104 1
52 52 1
100 144 1
148 148 1
38 38 1
129 129 2
149 150 1
92 92 4
88 88 1
6 6 1
6 6 1
47 78 1
76 76 2
108 108 1
36 36 1
101 101 3
104 105 1
117 125 1
105 105 1
120 120 2
82 82 2
151 151 1
37 37 1
63 63 1
103 103 1
29 29 1
86 86 1
113 113 1
97 97 1
62 62 1
75 75 1
90 90 2
149 149 1
16 64 1
137 137 2
88 88 2
85 85 1
69 69 2
60 60 1
101 101 1
129 130 1
50 50 1
124 125 1
134 150 1
112 112 1
140 140 1
99 99 1
10 13 1
106 106 1
63 69 1
121 122 1
119 119 2
69 73 1
4 4 1
86 91 1
117 117 1
6 6 1
37 37 3
85 89 1
83 83 1
59 60 1
92 92 1
104 127 1
121 126 1
146 146 1
46 46 1
117 117 2
98 98 1
151 151 1
30 30 1
64 70 1
36 38 1
53 53 2
87 87 1
131 143 1
103 103 1
49 50 2
96 96 1
78 101 2
58 59 1
96 96 1
88 88 1
146 146 1
134 134 1
63 73 1
63 64 1
3 3 1
118 118 1
141 141 1
121 121 1
108 108 2
80 96 1
118 118 2
114 114 1
110 110 2
112 118 1
35 35 1
103 103 2
108 146 1
90 90 2
88 88 1
80 80 2
36 36 1
24 57 1
36 36 1
141 141 1
129 130 1
10 10 1
78 78 1
79 79 1
146 146 1
131 131 1
24 24 1
91 91 1
105 107 1
103 142 1
70 74 1
91 91 1
146 146 1
109 109 2
87 87 1
104 104 1
82 82 2
56 56 1
72 72 1
89 89 1
112 112 1
50 50 2
14 14 1
29 29 1
60 60 2
91 93 1
61 64 1
111 111 1
94 94 1
88 88 1
80 82 1
6 6 1
137 137 2
138 138 1
121 121 1
88 88 1
13 51 1
114 114 1
28 28 1
151 151 1
85 85 1
123 126 1
58 58 1
14 14 1
131 138 1
28 28 1
118 141 2
107 107 1
148 152 1
92 129 1
147 147 1
101 101 2
19 20 2
84 95 1
123 123 1
116 116 1
59 99 1
79 80 1
78 78 1
92 93 2
4 6 1
16 16 1
70 70 1
66 66 2
64 64 2
122 122 1
146 146 1
100 100 2
63 63 1
124 124 2
36 37 1
124 124 1
75 75 1
98 98 1
128 128 1
130 130 1
83 83 1
91 91 2
102 102 1
97 98 1
19 20 1
24 24 1
47 47 1
100 121 1
14 14 1
124 124 1
64 64 2
19 19 1
84 84 1
109 141 1
149 149 1
108 147 1
37 37 1
54 54 1
152 152 1
77 77 1
81 81 1
88 89 1
31 36 2
16 16 1
106 106 1
89 89 1
38 38 1
143 144 1
28 28 1
111 112 1
36 36 1
116 116 1
147 147 1
146 146 1
95 95 1
120 120 1
18 18 1
30 63 1
134 134 1
75 75 1
56 68 1
148 148 1
38 38 1
144 144 1
120 124 1
107 107 1
99 99 1
132 150 1
100 100 1
55 56 1
89 96 2
73 73 1
95 96 1
101 101 2
100 100 2
96 96 1
104 104 1
79 79 2
11 11 1
135 135 2
77 77 1
59 59 2
95 95 1
36 39 2
31 51 1
76 76 1
37 37 1
37 38 1
124 124 1
114 115 1
77 124 1
98 98 1
29 29 1
3 6 1
107 107 3
121 121 1
124 124 1
87 87 1
13 13 2
105 105 1
24 24 1
38 38 1
142 145 1
18 18 1
70 70 1
4 4 1
112 141 3
128 128 1
137 137 1
132 132 1
130 130 1
125 138 1
103 103 2
123 123 1
124 124 1
89 89 2
64 64 1
125 125 1
37 37 1
148 148 1
116 117 2
116 117 2
35 35 1
112 112 1
30 31 1
36 36 1
55 55 1
19 19 1
29 29 1
142 142 1
104 105 1
132 132 1
136 136 1
59 59 1
87 87 1
150 150 1
107 107 1
106 137 1
14 59 2
85 85 1
28 28 2
138 139 1
73 73 1
85 85 1
148 148 1
62 65 1
136 137 1
105 105 1
7 103 1
90 90 1
116 116 1
142 144 1
51 51 2
63 87 1
59 59 1
134 134 1
83 128 1
75 75 1
25 25 1
66 66 3
76 76 2
92 92 1
47 47 1
96 96 1
99 100 2
71 71 2
50 51 1
102 102 1
78 96 2
150 150 1
112 118 1
3 3 1
124 124 1
91 91 1
49 50 1
98 98 1
31 57 1
79 79 1
101 122 1
135 135 1
124 124 1
103 103 2
116 118 2
104 104 1
117 117 2
127 143 1
91 91 1
115 115 1
99 101 1
118 118 1
110 110 2
130 131 2
98 100 1
92 92 1
6 37 1
5 5 1
147 148 2
53 53 1
68 68 1
132 132 1
50 50 1
151 151 1
75 125 2
26 26 1
100 100 1
60 100 2
14 14 1
119 119 1
127 127 1
86 94 1
46 46 1
3 3 2
4 4 1
96 96 3
146 146 1
52 52 1
112 136 1
35 35 1
142 142 1
86 86 3
29 29 1
129 129 1
74 74 1
29 29 1
129 129 1
142 142 1
20 20 1
105 105 2
136 136 1
150 150 1
97 97 1
100 100 1
86 86 2
139 141 1
10 10 1
117 117 2
83 98 1
94 94 1
6 38 1
125 126 1
57 57 1
124 125 3
63 63 2
74 74 1
131 131 1
111 111 1
138 138 1
126 145 1
16 68 1
151 151 2
27 27 1
85 85 1
78 78 2
120 120 1
19 19 1
119 151 2
35 55 1
116 116 1
84 96 2
72 72 1
67 68 2
127 127 1
80 97 2
127 127 1
105 105 1
28 28 1
95 95 1
13 13 2
76 76 1
101 101 2
64 64 1
62 100 1
139 139 1
34 87 1
52 92 1
103 103 1
28 28 1
69 69 2
132 132 1
124 141 1
99 99 1
147 150 1
77 78 1
72 75 4
35 38 2
149 149 1
91 91 1
130 130 1
101 101 1
77 77 3
131 133 1
117 117 2
110 110 1
17 34 1
105 105 1
51 53 1
81 84 1
110 110 1
116 116 1
133 135 1
59 59 1
93 93 1
129 129 1
141 141 1
108 108 2
36 36 2
91 95 2
19 25 1
117 118 1
26 26 1
139 139 1
135 135 1
120 137 1
93 93 2
68 68 1
139 139 1
147 147 1
115 115 2
4 4 1
97 97 2
30 30 1
19 19 2
30 30 1
126 126 1
26 26 1
51 52 1
20 25 2
122 122 1
141 141 1
13 13 1
100 100 1
131 131 1
4 4 1
30 30 1
19 19 1
17 17 1
118 118 1
81 81 1
29 29 1
38 38 1
139 139 2
112 118 1
30 30 1
88 88 1
37 37 1
64 99 1
116 116 1
67 67 1
12 54 1
135 135 1
37 37 1
89 90 1
34 34 1
71 71 2
101 125 3
93 99 1
120 126 1
25 26 1
54 96 1
127 127 1
98 119 1
121 121 1
116 116 1
37 37 1
78 78 1
89 90 1
60 60 1
145 146 1
144 144 1
20 20 1
117 117 1
123 125 1
95 96 1
126 126 1
90 92 1
99 99 1
147 147 1
102 102 1
56 56 2
12 14 1
150 150 1
91 91 1
31 31 2
80 80 1
95 144 2
98 99 1
60 83 2
127 128 1
145 145 1
20 20 1
46 48 1
136 136 2
28 28 1
90 90 1
141 141 1
134 147 1
38 38 1
94 142 1
54 54 1
139 152 1
6 6 1
126 126 1
105 105 1
20 20 1
35 35 1
34 58 1
134 134 1
30 30 1
65 65 1
70 70 1
57 57 1
89 89 1
109 109 1
119 119 1
16 16 2
125 125 1
47 47 2
27 27 1
97 120 1
125 125 1
61 61 2
134 134 1
133 133 1
19 19 1
85 85 1
106 106 2
17 17 1
47 47 2
87 99 1
3 3 1
120 120 1
73 73 2
103 103 3
4 5 1
30 30 1
130 130 1
88 88 1
11 11 1
136 136 1
64 75 1
38 65 1
102 102 1
118 142 1
89 89 2
89 90 2
73 73 1
53 53 1
56 86 1
122 122 2
127 127 1
105 106 1
53 107 1
91 91 1
62 62 1
134 134 1
127 127 1
137 137 1
128 137 1
56 56 1
141 141 1
94 94 1
61 61 1
24 64 2
108 132 1
143 143 1
150 151 1
35 35 1
95 96 2
68 69 1
102 102 1
133 133 1
106 106 3
108 108 1
148 148 1
60 60 1
134 134 1
119 119 2
67 67 1
13 13 1
71 71 1
141 142 1
128 129 3
144 144 1
130 130 1
151 151 2
16 16 1
86 86 1
19 19 1
124 124 1
137 137 2
116 118 1
30 51 1
123 123 1
104 104 1
98 98 1
147 147 2
52 52 1
147 147 1
61 61 1
84 84 2
88 88 1
25 25 1
127 127 1
28 28 1
95 95 1
145 145 1
80 122 1
148 148 1
107 107 1
3 4 1
76 76 2
14 14 2
72 73 2
126 126 1
132 146 1
132 134 2
131 138 3
125 125 2
74 74 1
135 135 1
102 144 1
148 148 1
62 63 1
120 120 1
148 150 1
15 15 1
108 108 2
151 151 1
15 15 1
120 120 1
82 89 1
54 54 3
99 99 1
13 13 1
131 132 2
102 102 1
116 116 1
3 4 2
83 85 2
83 83 1
74 74 2
84 85 1
120 125 1
81 83 1
122 122 1
81 81 1
149 150 1
85 85 1
109 109 1
51 51 2
89 89 1
128 129 1
117 141 2
58 66 1
31 31 3
132 133 1
73 74 1
147 148 1
84 93 1
60 60 1
63 63 1
141 141 2
118 118 1
74 74 1
116 116 1
64 64 1
64 75 1
132 132 2
118 118 2
144 144 2
102 102 1
106 106 1
102 102 2
79 79 1
117 117 1
114 114 1
118 142 1
108 108 1
30 30 2
80 80 2
116 116 2
16 50 1
26 26 1
141 141 1
121 121 1
117 117 1
101 103 1
147 147 1
103 146 1
135 136 1
115 115 1
126 126 1
53 53 3
54 54 1
107 151 1
89 89 1
53 53 1
142 143 1
81 81 1
151 151 2
105 106 1
54 54 2
54 54 2
142 142 1
88 88 1
115 118 1
148 149 2
70 70 2
70 70 1
56 57 1
20 20 1
56 68 1
137 137 1
112 136 1
143 143 1
26 26 1
71 74 1
146 146 1
123 123 2
108 108 1
47 47 1
73 73 1
79 79 1
142 142 1
107 107 2
19 19 2
105 107 1
53 53 1
113 114 1
149 150 1
81 85 1
134 148 1
105 106 2
148 150 1
88 88 1
112 141 1
60 100 1
134 134 1
62 62 1
117 117 1
56 56 1
121 121 1
139 139 1
63 87 2
47 51 1
38 38 1
59 59 2
57 57 1
83 84 2
84 85 1
134 135 1
103 127 3
138 139 1
105 105 1
106 106 1
73 74 2
103 103 1
38 38 1
134 134 3
107 135 1
64 98 1
114 114 1
115 115 1
110 110 1
137 137 1
87 87 1
129 130 3
3 4 2
147 148 1
67 67 1
129 129 1
99 121 1
114 114 3
72 72 1
132 133 1
48 48 1
61 61 2
134 134 1
11 11 1
53 91 2
106 106 1
69 69 1
131 131 1
117 117 1
24 24 1
14 62 1
32 87 1
52 53 3
99 99 1
35 35 1
151 151 2
12 12 1
142 146 3
130 137 1
53 54 1
110 110 1
97 97 2
59 61 1
47 65 1
80 80 1
114 114 1
131 131 2
142 142 1
110 110 1
25 25 1
68 68 2
59 59 2
25 31 1
60 60 1
35 35 1
107 133 1
91 134 1
86 91 2
3 3 1
77 77 1
35 61 1
57 58 2
13 13 1
53 91 1
75 75 2
97 97 1
122 123 1
19 19 2
100 100 1
99 99 1
116 116 1
35 47 1
68 69 1
35 49 1
131 131 1
105 106 1
75 75 1
88 88 1
3 3 1
123 123 1
138 138 1
114 114 1
124 124 2
121 121 1
35 38 1
10 11 1
149 149 2
116 116 1
51 51 1
74 74 1
88 88 1
109 109 2
14 14 1
20 25 1
112 112 1
92 92 2
126 138 3
37 37 1
126 127 1
75 75 2
148 148 1
138 138 1
26 26 1
129 129 1
30 30 2
149 149 2
117 117 2
13 13 1
4 6 1
75 77 1
138 138 1
122 122 1
106 106 1
136 140 1
60 60 1
114 114 1
145 145 2
73 73 1
38 38 2
56 58 2
85 85 3
60 68 2
136 150 1
132 132 2
150 150 2
85 85 1
115 115 1
59 59 1
28 29 1
138 139 1
81 81 1
81 81 3
75 76 2
121 121 1
102 102 2
129 130 1
59 59 1
98 98 1
150 151 1
148 148 1
84 102 1
62 63 1
75 75 1
122 122 1
119 119 1
56 58 1
135 135 1
25 52 1
122 122 1
137 137 2
64 70 2
55 55 1
100 100 2
50 50 1
64 64 1
138 138 1
30 87 1
54 54 1
58 58 1
98 98 1
26 52 2
49 49 1
133 133 2
5 5 1
68 71 2
73 73 1
59 59 1
63 63 1
59 59 1
31 31 1
101 101 1
97 99 1
110 110 2
132 132 1
140 140 1
134 148 1
81 81 1
87 87 1
102 102 1
79 79 1
63 103 3
49 49 1
47 47 1
85 85 3
81 81 1
136 137 1
36 36 1
124 124 1
99 102 1
144 144 1
135 135 1
138 138 1
144 144 2
140 140 1
35 36 1
136 136 1
48 48 2
99 99 2
72 72 1
18 18 1
89 89 1
145 145 1
90 90 2
87 87 1
109 109 1
73 73 1
103 103 1
19 19 2
11 11 1
119 119 1
100 100 2
80 80 1
136 136 1
61 61 1
120 120 1
47 47 1
149 149 1
17 17 1
147 147 1
93 93 1
87 87 1
24 24 1
111 111 2
127 127 2
101 125 2
89 89 2
38 38 1
121 121 1
143 143 1
16 87 1
118 123 1
30 50 1
130 131 1
18 18 1
151 151 2
102 102 1
75 75 2
76 76 1
136 151 1
112 112 1
64 64 1
120 130 1
70 70 1
75 75 1
127 127 1
112 141 1
135 135 1
4 4 2
79 80 1
34 34 1
50 50 1
77 77 1
10 10 1
107 107 1
81 81 1
14 92 1
136 137 2
133 133 1
126 126 1
109 109 1
72 72 1
146 146 1
104 128 2
24 24 2
76 106 1
131 131 1
123 124 1
143 143 1
61 64 2
138 138 1
98 98 1
104 129 1
54 54 1
109 142 3
103 103 1
75 75 3
18 18 1
112 112 2
19 56 1
64 64 1
15 15 1
54 95 2
91 91 1
60 60 1
25 25 1
101 102 2
108 108 1
131 131 1
5 5 1
145 145 4
50 50 1
19 20 2
20 25 1
19 19 1
126 127 1
83 83 1
104 104 1
10 10 1
98 98 1
69 69 1
119 119 1
71 74 2
14 14 1
79 102 1
142 142 1
138 138 2
109 109 1
97 97 1
150 150 1
109 141 1
84 85 2
16 56 1
88 88 1
121 121 2
47 47 2
73 73 1
36 36 1
71 79 1
52 52 1
5 5 1
140 140 1
15 84 1
149 149 1
112 135 1
147 147 1
93 98 1
114 114 1
54 88 1
142 142 1
103 103 1
105 105 1
137 137 1
116 116 2
109 111 1
135 140 2
139 139 2
69 72 2
6 6 2
108 132 1
89 89 1
37 37 1
76 76 1
147 147 1
148 148 1
145 145 1
75 75 1
143 143 1
89 89 1
27 27 1
107 109 2
25 25 1
91 91 1
56 58 1
103 103 1
80 122 1
139 139 1
63 70 2
72 72 1
59 59 1
111 111 1
133 134 1
93 93 1
111 111 2
127 127 1
122 122 1
55 99 2
132 132 1
74 75 1
100 101 2
134 134 1
48 48 1
151 151 1
112 112 1
105 105 2
117 118 1
68 71 1
27 27 1
71 74 2
52 53 1
116 116 1
78 79 1
146 147 2
127 127 1
128 128 1
86 86 2
120 120 2
107 109 1
30 35 1
99 100 1
151 151 2
62 68 1
11 11 1
6 6 2
20 20 2
87 98 1
73 73 1
147 149 1
81 81 1
119 119 1
105 105 1
125 141 1
53 53 1
103 103 1
141 141 1
136 150 1
151 151 2
95 95 1
143 143 1
60 60 1
29 30 2
76 76 1
132 133 2
115 115 2
85 85 1
47 47 2
130 130 1
87 88 1
48 48 1
131 138 3
109 147 1
105 105 2
3 17 1
125 127 2
47 71 1
59 61 1
29 29 1
148 150 2
120 120 1
52 53 1
30 30 1
109 109 1
105 105 1
76 76 3
143 143 1
103 103 1
100 100 1
149 150 1
52 53 1
16 17 1
126 127 1
95 95 1
4 4 1
87 129 2
144 144 1
136 136 1
59 59 1
17 68 1
119 121 1
3 3 2
80 80 1
57 57 1
84 84 3
127 142 1
150 150 2
17 17 1
98 98 1
118 136 1
144 144 1
116 116 1
108 151 1
140 140 1
104 104 1
3 3 1
114 114 1
68 70 1
81 81 1
101 145 2
144 144 1
122 129 1
128 129 1
38 38 1
131 131 1
12 89 1
101 102 1
56 57 1
85 85 2
131 136 3
147 147 2
139 139 1
80 102 1
137 137 2
147 147 1
122 122 1
58 58 1
11 56 2
112 136 1
115 117 1
116 116 1
73 73 3
107 152 1
38 38 1
75 75 2
147 147 1
74 74 1
56 56 1
98 98 1
56 88 2
109 109 1
125 126 3
141 141 2
113 113 1
146 146 3
67 67 1
53 53 1
10 57 1
70 80 2
84 84 2
83 83 1
98 99 1
87 98 1
38 38 1
123 123 1
17 20 2
90 90 1
49 77 1
151 151 1
114 114 1
138 138 3
95 99 1
119 120 1
143 143 2
125 125 1
3 3 1
6 17 1
139 139 1
26 26 1
119 119 1
86 86 1
57 57 1
85 85 1
103 103 1
130 130 1
129 129 1
5 5 1
111 111 1
89 89 2
29 29 2
127 127 2
67 67 2
102 102 1
55 55 1
68 68 1
145 145 2
100 100 1
125 125 1
98 98 1
139 139 1
64 64 2
123 123 2
104 104 1
56 56 1
83 83 1
99 99 2
149 150 1
107 135 1
4 4 1
126 126 2
4 4 1
93 94 1
105 105 4
121 144 2
117 117 2
142 142 2
152 152 1
132 132 1
71 71 1
122 122 1
57 57 2
3 3 1
74 74 1
80 144 2
132 132 1
110 110 3
134 134 1
86 86 2
141 142 1
12 99 1
30 30 2
73 73 3
104 104 1
16 17 1
92 92 1
80 99 1
84 95 1
74 74 1
133 133 1
59 59 2
59 59 1
55 99 1
98 99 1
144 144 1
94 142 1
122 123 1
136 139 1
109 109 1
86 86 1
117 138 1
77 79 1
62 100 1
94 94 2
63 64 1
63 63 2
10 10 1
133 133 1
149 149 1
84 84 1
95 95 1
117 117 2
116 116 1
63 64 1
113 113 1
104 104 1
149 149 1
63 63 1
87 87 1
69 69 1
29 29 1
131 151 1
134 134 1
107 107 2
83 83 1
73 73 1
130 137 1
13 91 1
127 127 1
109 109 3
112 141 1
107 132 1
35 36 1
108 108 2
77 77 1
143 143 1
108 108 1
64 64 1
129 129 1
147 147 1
128 128 1
80 80 1
51 51 3
118 118 1
28 28 1
98 119 1
50 50 1
63 70 1
141 142 1
149 149 2
82 82 1
6 6 2
107 135 1
17 17 1
14 14 2
134 134 1
145 145 1
84 84 1
142 142 1
28 28 1
71 71 2
61 61 1
115 115 1
63 63 1
117 117 1
14 14 1
35 35 1
70 70 1
72 72 1
100 100 1
102 102 1
3 3 1
36 36 1
131 131 1
69 69 1
75 76 1
150 150 2
63 63 1
73 73 1
119 119 1
50 79 1
84 85 1
55 55 1
100 143 1
37 38 1
127 127 1
38 38 1
102 102 1
122 122 1
115 116 1
134 148 3
29 29 1
129 129 1
133 133 1
119 119 1
145 145 1
98 98 2
117 117 1
103 103 1
150 150 2
98 98 1
119 119 1
83 85 1
19 25 1
98 98 1
92 92 1
16 16 1
77 77 1
101 102 1
131 143 2
109 141 3
84 85 1
6 7 1
132 132 1
141 141 2
135 135 1
133 133 1
47 47 1
13 38 1
130 130 2
119 151 2
127 127 1
71 71 1
47 47 2
122 145 1
37 37 1
109 109 1
129 129 1
26 26 2
118 137 2
143 143 1
120 132 1
12 12 1
26 26 1
123 123 1
147 147 1
59 86 1
147 149 2
98 98 1
13 14 1
143 143 2
104 129 2
123 123 1
78 78 2
74 74 1
106 137 1
126 126 1
72 72 1
71 71 2
53 53 2
29 29 1
49 49 1
13 13 1
128 128 2
104 104 1
142 142 3
47 47 2
143 143 1
146 146 2
116 142 1
29 29 1
31 31 1
14 66 1
63 63 1
95 95 3
140 140 2
17 20 2
51 51 1
59 60 1
30 30 1
109 109 2
136 136 1
81 81 1
36 36 1
114 114 1
108 135 1
104 104 2
53 100 1
90 90 2
102 102 1
14 14 1
134 134 1
62 62 1
131 131 1
120 120 1
32 32 1
141 142 1
35 35 1
65 65 1
100 100 1
102 144 1
139 139 1
132 137 1
25 25 2
3 3 1
131 151 1
61 101 1
85 85 2
51 51 1
112 112 1
96 96 2
6 6 1
12 64 3
81 81 1
75 75 1
38 38 1
141 141 1
4 4 1
132 146 1
106 106 1
16 87 1
71 71 2
26 57 1
16 61 1
15 15 1
125 125 2
116 117 2
89 89 1
79 79 1
29 29 2
146 146 1
107 152 1
84 84 1
140 140 1
80 81 1
60 94 2
13 13 1
135 135 1
73 74 1
140 141 1
14 14 1
105 105 2
27 27 1
118 123 1
112 136 1
129 129 1
102 104 1
127 127 1
105 106 2
131 131 2
135 135 2
51 51 2
87 87 2
133 133 2
77 77 2
119 119 1
114 114 1
108 108 1
52 53 1
104 121 1
149 149 1
119 131 1
53 106 2
31 31 1
142 142 1
31 31 1
145 145 2
146 146 1
104 104 1
117 117 1
112 112 2
81 81 2
129 129 2
142 142 1
126 126 1
46 82 1
111 114 1
62 62 1
28 28 1
129 130 1
96 96 1
80 97 1
53 53 2
128 128 2
137 137 1
88 88 2
72 72 1
127 127 2
139 139 1
48 48 1
75 75 2
4 4 1
3 4 1
88 88 1
115 115 1
108 151 1
102 102 1
115 115 1
117 118 1
108 108 5
118 118 1
145 145 4
51 51 1
59 59 1
93 93 1
101 101 1
95 95 1
126 145 1
62 63 1
100 100 1
55 55 3
128 128 1
93 94 1
131 131 1
86 91 1
6 6 1
68 68 1
19 19 1
77 77 1
19 26 1
98 100 4
137 137 1
82 82 1
134 134 2
123 123 1
115 115 1
108 135 1
56 56 1
127 127 1
87 87 1
7 7 2
101 102 1
89 97 2
109 111 1
105 106 2
118 119 1
83 83 2
117 117 1
135 135 1
76 103 1
74 74 1
12 12 1
97 97 1
141 141 1
75 76 1
94 103 1
74 74 1
88 89 1
12 63 1
150 150 2
61 121 1
108 110 1
75 75 1
132 135 1
96 120 2
112 118 2
134 134 1
56 56 1
69 69 1
102 102 2
105 105 1
63 65 1
120 121 1
106 106 2
79 79 2
53 100 2
149 149 1
80 97 1
114 114 1
119 119 1
91 91 1
4 6 1
115 115 1
76 77 1
18 18 1
28 28 1
148 149 1
120 121 1
121 121 2
147 147 1
91 91 2
107 107 1
52 53 1
116 118 1
49 49 1
63 63 1
97 97 1
110 110 1
136 136 1
96 96 1
125 125 1
38 38 2
84 84 1
131 137 2
58 68 1
69 70 1
140 140 2
76 76 1
28 28 1
122 122 2
47 81 1
31 35 2
53 53 1
12 12 2
147 147 2
92 93 1
92 92 1
81 81 1
82 82 1
77 93 2
76 124 1
87 87 1
87 87 1
98 98 1
119 133 2
19 20 1
16 31 1
139 140 1
53 90 1
87 87 1
114 114 1
67 67 2
19 19 1
112 112 1
69 70 1
14 14 1
126 127 2
90 90 1
65 125 1
121 121 1
150 150 1
64 64 1
36 36 1
95 96 1
89 89 1
56 56 1
141 141 1
74 74 1
29 30 1
72 88 1
75 75 1
139 140 2
144 146 1
38 38 1
61 61 1
147 149 1
60 60 2
107 107 1
58 59 3
95 96 1
119 119 1
119 119 1
138 138 1
70 70 1
117 117 1
140 140 1
69 69 2
143 143 1
130 131 1
115 115 1
12 12 1
120 120 3
53 53 3
119 136 1
134 134 1
118 142 1
37 65 2
65 65 1
46 46 2
53 53 1
12 65 3
38 38 1
136 141 1
105 105 2
55 55 1
4 4 1
146 146 1
49 49 3
12 100 1
35 35 1
147 152 1
105 130 1
128 128 1
105 105 2
134 152 2
102 102 1
133 133 1
109 109 1
130 130 1
141 141 2
93 93 1
146 146 1
28 28 1
147 147 1
69 72 1
122 123 1
132 132 1
139 152 1
150 150 1
35 35 1
101 101 1
91 91 1
77 77 1
148 148 2
71 74 3
151 151 1
60 60 1
97 97 1
144 144 1
147 147 1
81 84 2
142 142 1
90 99 1
81 129 1
111 111 1
111 112 1
141 141 1
16 51 1
72 72 4
97 97 2
114 141 1
29 30 1
98 100 2
127 128 1
79 102 2
104 128 1
66 68 1
143 143 1
52 52 2
4 4 1
70 71 1
103 127 1
124 141 2
78 93 1
139 140 1
148 148 1
120 120 1
107 107 1
69 72 1
81 81 1
90 96 2
118 118 1
79 98 1
119 119 2
3 4 1
140 140 2
36 36 1
118 118 2
105 105 1
120 130 1
141 141 2
78 78 3
51 51 2
30 30 3
47 74 1
87 87 1
4 4 1
75 75 4
48 70 1
114 114 1
128 128 2
103 118 1
73 76 1
134 152 1
17 20 1
29 29 1
46 80 1
19 20 3
12 12 3
131 131 1
31 31 1
3 3 1
108 112 1
139 139 1
128 132 2
74 74 1
115 139 1
122 128 1
144 144 1
140 140 2
67 68 1
100 100 2
148 148 1
71 71 1
50 52 1
82 82 1
87 87 1
84 84 2
140 140 1
111 114 2
27 27 2
47 72 2
81 81 2
150 150 1
85 85 2
28 28 1
119 119 1
132 132 1
103 103 2
6 9 1
65 65 2
98 99 1
127 127 1
122 122 2
74 74 1
139 139 1
83 84 1
91 91 1
113 117 1
86 86 2
131 136 1
147 147 2
150 150 1
95 100 1
98 98 1
149 150 2
108 108 1
81 81 1
29 29 1
105 105 1
139 139 1
107 107 1
50 50 1
143 143 2
64 69 1
62 69 1
139 141 2
139 139 1
88 89 1
121 121 1
147 147 1
84 129 1
128 128 1
145 146 1
108 133 2
127 129 2
138 138 1
71 100 1
108 108 1
107 107 1
29 29 2
74 74 1
80 81 1
12 16 2
103 143 1
76 76 1
141 141 1
95 129 2
54 54 1
140 140 1
98 98 2
107 107 1
126 126 1
132 144 1
48 48 1
137 137 2
30 31 1
88 88 3
96 144 1
134 134 1
38 38 1
71 74 1
77 78 1
94 101 2
86 86 1
72 72 1
4 4 1
128 128 2
76 77 1
60 60 1
120 120 2
139 141 1
110 110 1
38 38 1
19 19 1
52 52 1
73 75 2
138 138 1
68 68 2
129 129 1
20 86 1
144 144 1
134 134 1
140 140 1
108 109 1
98 98 1
146 146 1
127 128 1
140 140 1
130 130 1
28 28 2
88 88 1
28 28 1
24 24 1
80 80 2
141 141 1
6 6 2
138 138 2
127 128 2
148 148 1
81 81 1
69 69 1
83 83 1
81 82 3
100 100 1
121 145 2
144 144 1
141 141 1
87 87 1
88 89 1
55 60 1
103 103 1
20 20 1
85 85 1
62 100 1
92 92 1
76 109 1
143 143 1
145 145 1
19 19 2
13 13 1
58 58 1
89 89 2
53 89 1
116 117 1
61 61 2
96 96 1
107 107 1
120 120 1
89 89 1
101 129 1
15 58 2
49 78 2
80 80 1
96 96 1
117 117 2
125 125 1
114 114 1
120 121 2
12 12 2
37 37 1
17 17 1
37 37 1
119 119 1
138 139 1
19 19 1
17 17 1
114 132 2
131 131 2
112 131 1
17 17 1
103 103 1
150 150 1
85 85 1
129 130 1
121 121 1
52 53 1
114 114 1
64 64 1
139 139 2
129 129 1
51 80 1
120 120 1
63 70 1
116 116 1
131 131 1
25 25 1
53 53 1
83 83 1
117 117 1
52 52 1
78 78 1
109 109 1
27 31 1
94 143 1
74 74 1
113 113 1
52 52 1
91 93 1
38 38 1
113 113 2
75 75 2
82 85 1
61 61 2
144 144 2
130 136 1
6 6 1
87 87 1
63 63 1
147 147 1
107 107 1
50 50 1
82 82 1
137 137 2
142 142 2
60 61 1
94 100 1
29 29 2
86 87 1
147 147 1
109 109 1
30 30 1
97 97 1
125 139 1
136 146 1
150 150 1
97 97 2
48 48 1
116 116 1
59 59 1
12 12 1
126 126 1
146 146 1
99 99 1
131 151 2
114 114 1
143 143 2
92 92 1
14 14 1
57 57 1
55 55 1
63 63 1
107 107 1
148 148 1
28 28 1
70 70 1
78 99 1
133 134 1
104 104 1
100 144 1
149 149 2
53 91 1
74 74 2
118 118 1
145 145 1
111 111 1
27 27 2
30 30 1
87 87 2
10 10 1
4 4 1
89 90 2
98 98 1
93 93 1
80 80 2
100 100 1
57 57 1
72 72 1
141 141 1
54 58 1
149 149 1
98 98 1
111 112 1
149 152 1
106 110 1
117 117 1
142 142 1
82 82 1
79 79 1
107 107 1
132 133 1
118 118 1
29 29 2
117 117 1
92 93 1
29 29 1
143 144 1
105 105 1
37 37 1
70 70 1
121 121 2
118 142 1
67 67 1
103 103 2
147 147 1
72 76 1
144 144 1
95 96 1
149 149 2
56 56 3
105 106 1
133 133 1
104 104 1
55 55 1
18 18 1
97 97 1
64 64 1
55 55 1
50 50 1
121 121 1
116 116 2
112 112 1
78 100 1
84 85 2
76 76 1
88 95 2
122 123 1
28 28 1
149 150 1
88 88 1
106 106 1
86 86 1
130 130 3
142 142 1
116 116 1
29 29 1
30 31 1
123 126 1
116 116 1
91 91 1
135 140 1
25 25 1
47 72 1
38 38 1
49 63 1
140 140 1
122 122 1
104 104 1
119 119 1
20 25 1
58 58 1
139 139 1
6 6 1
103 103 3
118 118 1
121 123 1
85 85 1
14 14 3
85 85 1
30 51 2
24 58 1
59 72 1
116 116 1
101 102 1
47 71 2
78 78 1
70 70 2
37 37 1
56 56 2
97 97 1
151 151 1
15 94 1
95 95 2
119 119 2
81 81 1
24 24 2
109 147 2
114 114 1
51 51 1
137 137 1
78 78 1
63 119 1
53 53 1
25 25 2
116 116 1
105 105 1
116 116 1
28 83 1
114 140 1
115 115 1
38 38 1
124 124 1
100 100 1
104 104 2
25 25 1
129 129 1
53 92 2
26 52 1
107 107 1
126 126 1
73 76 1
47 47 1
76 76 1
61 61 1
127 127 3
109 109 1
150 150 1
137 137 1
137 137 1
38 38 2
87 87 2
30 30 2
134 134 1
13 13 1
31 31 2
54 54 1
130 130 1
129 129 1
129 129 1
118 138 1
104 130 1
152 152 1
71 75 3
107 107 1
126 127 1
111 111 1
63 64 1
136 140 2
114 114 1
116 116 1
98 102 2
103 144 1
97 97 1
98 98 1
37 37 1
17 88 1
105 105 1
128 128 1
70 70 2
92 92 1
136 136 3
117 141 1
65 65 1
51 51 1
88 88 2
31 57 1
101 127 1
60 100 2
88 89 2
26 34 1
107 107 1
100 100 1
102 102 1
52 52 1
39 39 1
132 132 1
119 145 1
71 71 1
108 147 1
108 110 2
47 47 1
118 118 2
37 37 1
58 58 1
65 68 1
79 79 1
108 108 1
17 17 2
17 17 1
105 106 1
84 93 1
105 106 1
13 62 2
125 125 2
119 119 1
3 3 1
57 86 3
107 107 1
29 29 2
147 147 1
6 6 1
150 150 1
146 146 1
112 112 2
11 11 3
120 120 1
37 38 1
37 37 1
53 91 1
11 12 1
75 124 1
93 93 1
134 148 2
139 139 1
36 36 1
89 89 2
94 101 1
26 52 1
6 12 1
64 99 1
77 77 2
74 74 1
127 128 1
122 122 1
56 60 1
47 74 1
142 143 2
112 131 1
6 6 1
125 125 2
140 140 1
104 125 1
93 93 1
106 106 1
29 29 1
85 85 1
137 137 1
47 81 1
133 133 1
57 64 2
138 138 1
116 116 2
95 95 2
105 106 1
113 113 1
78 102 1
130 130 2
146 146 1
89 89 1
141 142 1
134 134 1
116 117 1
129 130 2
63 87 1
105 106 1
117 117 2
141 141 1
62 62 1
126 126 1
119 119 1
62 62 1
100 100 1
28 28 1
141 141 1
129 130 1
90 91 1
134 134 1
116 117 1
72 72 1
93 93 2
112 112 1
28 28 1
69 70 1
79 97 1
51 51 1
98 120 1
69 69 1
130 130 1
38 38 3
105 107 1
128 128 1
131 131 3
108 108 2
85 85 1
84 89 1
109 118 1
135 135 2
97 97 1
29 29 1
18 18 1
56 56 1
37 37 2
30 86 1
56 90 1
53 89 2
134 134 1
57 58 1
139 139 1
29 29 1
150 150 1
69 69 1
119 119 1
77 77 1
57 57 1
133 133 2
89 89 2
120 120 1
150 151 1
19 19 1
96 97 1
74 74 1
131 131 1
20 20 1
28 35 1
121 121 1
30 31 2
143 143 2
64 64 1
37 37 1
128 128 1
109 109 1
24 24 1
145 145 2
113 114 1
38 38 1
15 56 2
4 4 1
7 7 1
129 129 1
97 97 1
77 77 1
97 97 1
34 34 1
24 24 1
142 142 1
129 129 1
31 35 1
134 134 2
36 36 1
73 73 1
63 70 1
69 69 1
113 113 1
119 137 2
98 120 1
150 150 1
87 88 1
82 82 1
90 91 1
123 123 1
13 14 2
107 107 1
100 100 1
152 152 2
88 88 1
104 104 1
125 141 1
51 51 1
78 78 1
139 139 1
38 65 1
120 120 1
120 129 2
94 94 2
75 75 1
18 24 1
123 123 1
100 144 1
86 93 1
12 12 1
132 136 1
139 139 1
63 70 3
30 30 1
58 59 1
99 99 1
73 74 1
117 138 1
26 26 1
121 121 1
50 51 1
141 141 2
13 59 1
120 120 1
98 98 1
133 133 1
10 10 1
72 72 2
109 111 1
121 122 2
26 26 1
35 38 1
111 111 1
134 134 1
127 127 3
69 69 1
27 34 1
150 150 1
131 131 1
53 100 1
137 137 1
97 101 2
71 72 1
81 83 1
104 127 1
52 52 1
63 63 2
114 114 1
125 125 1
50 52 2
126 126 2
112 112 2
14 56 2
88 88 2
126 126 1
103 103 1
126 126 2
142 142 1
130 136 1
19 19 1
36 36 1
86 86 1
145 145 1
87 87 1
142 145 1
86 86 1
121 121 1
138 138 2
148 148 3
109 109 2
120 120 1
86 86 1
100 100 1
54 89 1
120 130 1
80 99 1
81 81 1
146 146 1
47 71 2
150 150 2
25 25 1
97 150 4
15 15 1
16 16 1
12 55 2
89 99 1
56 56 2
35 35 1
15 15 1
149 150 1
142 142 2
51 51 1
12 99 1
7 7 2
142 142 1
145 145 2
6 6 2
84 84 1
134 134 1
73 73 2
17 56 1
53 53 1
145 145 1
132 132 1
79 102 2
14 14 1
69 69 1
135 140 1
10 10 2
54 75 1
47 47 1
128 128 1
4 4 2
147 147 1
120 121 1
80 80 1
106 106 1
108 108 1
69 70 2
139 139 1
69 70 2
16 17 1
74 74 1
99 100 1
108 147 2
96 101 2
115 115 1
125 125 1
90 128 1
140 140 1
4 4 2
37 37 1
151 151 2
126 126 1
48 60 1
84 84 1
54 54 2
139 139 1
114 114 1
78 78 3
72 72 1
104 104 1
37 37 1
97 97 2
20 20 1
27 31 2
122 123 1
61 61 1
37 37 1
96 96 1
55 129 2
150 150 1
97 97 2
116 116 2
57 57 2
112 112 1
118 126 2
67 69 1
56 66 1
97 97 1
114 114 1
83 83 1
87 87 1
120 120 1
95 95 1
122 124 1
117 143 2
106 106 1
135 135 2
82 85 1
140 140 1
12 12 1
104 104 1
86 86 2
105 106 1
100 100 1
128 128 1
74 74 1
98 98 2
107 152 2
91 91 1
53 53 1
124 124 2
67 67 1
76 77 2
38 38 1
70 70 1
19 19 1
82 84 1
112 141 1
98 99 2
60 60 1
74 74 2
31 31 1
122 122 2
125 126 3
99 100 2
132 132 1
28 28 2
122 122 1
95 95 1
53 90 1
87 87 1
91 91 1
19 19 1
139 139 1
128 129 1
16 16 1
73 73 1
103 103 2
149 150 2
129 129 1
106 152 1
97 97 3
118 118 1
145 145 1
24 64 1
114 114 1
119 119 1
101 144 1
12 62 1
150 150 2
112 113 1
139 139 1
36 36 1
138 142 1
121 121 1
139 139 1
131 131 1
92 92 1
53 53 1
133 133 2
100 143 1
133 133 1
128 128 2
64 69 1
109 109 2
148 148 1
28 28 2
145 145 1
120 120 1
124 124 1
114 114 2
138 138 1
24 25 1
74 75 1
30 30 1
116 116 1
51 51 1
52 53 1
119 119 2
108 108 1
118 118 1
75 75 1
100 100 1
71 99 2
64 64 1
84 84 2
20 20 1
36 36 1
66 66 1
118 136 1
98 99 1
28 28 1
61 61 1
117 117 1
35 35 1
122 126 1
136 136 2
87 87 1
14 14 1
99 99 2
119 119 1
106 106 1
138 138 1
104 130 1
20 20 2
74 74 2
51 51 1
111 111 3
104 104 1
75 76 1
99 99 1
127 129 1
52 52 1
117 117 1
53 53 2
81 81 1
98 98 1
30 30 1
90 90 2
104 104 2
120 120 1
113 113 1
108 109 1
149 149 1
147 147 1
131 131 1
31 51 1
103 103 1
100 143 1
20 20 2
134 134 2
5 5 1
117 117 1
6 6 1
14 14 1
132 132 1
65 65 2
90 90 1
147 147 1
116 118 1
121 122 1
105 105 1
105 105 1
35 35 1
63 63 2
113 113 2
59 59 1
65 103 1
99 99 2
37 37 3
109 109 1
149 149 2
61 78 2
12 12 1
53 54 1
149 149 1
46 65 1
107 107 1
137 139 1
124 124 1
70 70 1
112 112 1
119 119 2
110 110 2
88 88 1
118 118 1
35 38 1
70 70 1
114 114 1
97 97 3
64 101 1
141 141 1
3 4 2
64 69 1
49 49 1
107 107 2
129 130 1
117 117 1
76 76 1
108 108 1
118 123 1
113 136 1
112 112 1
133 133 1
103 103 1
116 116 1
150 150 1
150 150 1
97 97 2
48 48 1
132 132 1
136 136 1
47 47 2
90 90 1
35 35 1
109 109 1
58 58 1
117 117 1
118 119 2
14 14 1
119 132 2
151 151 2
146 146 1
59 61 1
86 86 1
57 57 1
38 38 1
47 47 1
30 30 1
83 83 1
100 100 1
151 151 2
131 131 2
138 138 1
85 85 1
126 126 1
30 30 1
87 87 1
126 126 1
64 70 1
11 11 1
89 89 1
149 150 1
64 64 2
38 38 2
84 84 1
150 150 1
135 135 1
119 119 1
76 76 1
148 148 1
129 129 1
59 61 1
140 140 1
63 64 2
150 150 1
115 115 1
30 30 1
73 75 2
144 145 1
52 52 2
136 136 1
134 134 1
71 71 1
105 106 2
90 91 1
119 121 2
120 120 1
35 35 1
151 152 1
117 142 1
103 103 1
147 152 1
84 84 2
18 18 1
73 73 2
143 146 2
59 59 3
138 138 1
86 86 2
36 62 2
37 38 1
97 97 2
136 151 2
18 18 1
88 89 2
85 85 1
65 65 1
106 107 1
128 128 1
77 77 1
100 100 1
138 138 3
100 100 1
110 110 2
77 77 1
122 123 1
103 103 1
78 78 1
66 66 2
141 141 1
97 97 1
126 126 1
149 149 2
3 3 1
10 57 1
97 97 2
58 58 1
3 3 1
57 64 2
28 35 1
147 147 1
84 84 1
50 50 2
118 137 1
103 103 1
139 139 2
63 73 1
64 64 2
16 16 1
83 84 1
88 88 1
97 97 1
138 138 1
136 136 3
149 150 3
150 150 1
139 139 1
17 17 1
34 51 1
143 143 1
133 133 1
52 52 1
130 130 1
56 60 1
127 127 1
117 142 2
126 145 1
100 100 1
98 99 1
100 101 2
116 116 1
106 137 1
88 88 1
27 27 1
71 137 1
124 124 1
138 138 1
129 129 2
134 134 1
147 147 1
76 76 2
116 116 1
105 107 1
107 107 1
109 109 1
87 87 1
82 82 1
81 81 1
38 38 1
140 140 2
134 134 1
116 116 2
57 57 1
25 25 2
65 65 1
137 138 1
107 107 1
65 65 2
82 82 1
28 28 1
12 12 1
140 140 2
12 64 1
53 53 1
147 148 2
143 145 1
124 124 1
27 28 2
27 27 2
102 104 1
103 146 2
56 91 1
147 149 1
100 100 1
116 116 1
105 106 1
109 109 1
53 53 1
31 31 1
59 61 1
96 97 1
15 15 1
101 101 1
108 135 1
143 143 1
28 31 1
88 88 2
118 141 1
83 83 1
120 120 1
152 152 1
81 81 1
29 29 1
61 61 1
36 36 1
55 129 1
63 64 1
52 52 1
73 73 1
107 107 1
54 99 1
107 107 1
138 138 1
103 103 1
132 132 2
150 150 1
140 140 1
86 86 1
148 148 1
47 47 1
105 105 1
79 93 1
35 35 1
86 87 1
84 84 2
93 93 2
35 38 1
143 144 2
87 87 2
122 122 1
106 106 1
134 135 2
65 65 1
148 149 1
128 129 1
83 95 2
81 81 1
72 72 1
81 85 2
151 151 1
117 117 2
94 94 1
146 147 1
127 144 2
123 123 2
135 135 1
95 96 1
112 114 1
17 17 1
26 49 1
65 78 1
109 141 1
131 132 1
135 135 1
134 134 1
85 85 1
134 134 1
107 107 1
58 58 1
53 90 1
48 69 1
120 120 2
79 80 2
145 145 1
146 146 1
122 122 1
50 50 1
82 82 2
66 70 3
100 100 1
99 99 1
107 107 1
98 98 1
31 31 1
3 4 1
60 60 1
64 64 1
104 104 3
138 138 1
73 75 1
125 125 1
31 38 1
92 93 1
71 71 1
37 37 1
35 35 3
56 86 1
133 133 1
85 85 2
10 10 1
50 50 1
6 6 2
151 151 2
78 78 1
13 91 1
147 147 2
125 125 1
118 118 1
54 54 1
148 148 1
94 94 1
107 111 1
104 128 1
106 107 1
50 50 1
12 12 1
141 141 1
97 97 1
133 133 1
64 64 2
28 28 1
137 137 1
107 133 2
121 127 1
145 145 1
62 124 1
91 91 2
79 81 1
127 142 1
141 141 1
29 29 1
78 78 1
57 86 1
117 125 2
117 117 1
6 6 1
89 90 1
117 117 2
87 87 1
59 59 1
76 76 1
132 132 1
47 47 1
57 86 1
132 138 1
94 94 1
73 73 1
87 87 1
104 104 1
109 109 1
37 38 2
119 119 1
148 148 1
86 86 2
134 134 2
120 120 1
16 16 1
136 136 1
24 24 1
69 69 3
54 54 1
98 99 1
88 88 2
30 35 1
134 134 1
133 149 1
68 70 1
109 109 1
115 115 1
148 148 1
71 75 1
109 109 3
109 109 2
104 104 1
3 3 1
66 66 1
31 31 2
52 53 1
4 6 1
56 56 1
73 73 2
30 31 1
60 60 1
29 29 1
86 86 1
27 27 1
103 103 1
136 137 1
109 109 2
109 109 1
27 27 1
133 133 1
83 95 1
68 104 1
109 109 2
121 122 2
19 19 2
149 149 2
112 112 1
27 27 1
35 35 1
131 132 1
140 140 3
87 89 3
31 31 1
102 102 1
136 136 1
72 72 1
57 57 1
55 55 1
143 144 1
128 128 1
35 35 1
145 145 1
128 128 2
82 82 1
126 127 1
65 103 1
120 120 2
99 99 4
132 132 1
49 49 1
129 130 2
152 152 1
120 120 1
108 108 1
120 130 1
130 130 1
118 118 2
131 151 2
151 151 2
86 86 1
77 124 1
30 30 1
34 34 1
47 83 1
53 96 1
112 112 2
81 81 1
72 72 1
73 73 2
77 77 2
106 106 1
84 105 2
73 73 1
100 100 1
135 135 1
117 117 1
98 98 2
47 47 1
147 149 1
55 55 1
4 4 1
103 103 1
48 48 1
14 14 1
71 71 1
47 47 1
77 77 2
122 122 2
80 84 1
38 38 1
5 5 2
35 35 1
89 89 1
139 140 1
47 47 2
112 112 1
150 150 1
101 122 1
145 145 1
108 108 3
73 76 1
133 148 3
53 53 1
109 109 1
146 146 1
89 89 2
122 122 1
98 99 1
66 66 1
4 4 1
102 103 2
149 149 1
36 36 2
55 55 2
4 4 1
105 105 1
52 52 1
104 104 1
104 126 3
132 151 1
18 18 1
124 124 1
81 81 1
30 50 1
73 73 1
94 94 2
126 126 2
83 84 2
131 131 1
135 149 1
13 13 2
123 123 2
88 88 2
101 103 1
49 63 1
95 95 3
19 20 2
140 140 1
128 128 1
81 85 1
146 146 1
56 56 1
6 6 1
52 91 1
135 135 1
88 88 1
148 149 1
141 141 1
79 122 1
20 28 1
130 130 1
132 132 1
149 149 3
112 112 1
28 28 1
111 111 3
123 123 1
132 137 2
64 64 2
98 98 1
118 136 1
123 123 2
80 80 1
20 20 2
12 12 1
83 83 1
127 129 3
3 3 1
59 59 2
107 107 1
65 102 2
51 51 1
55 55 1
47 61 2
37 37 1
141 141 1
95 99 1
83 104 1
134 134 1
144 144 1
133 133 1
95 95 2
79 99 1
26 26 2
71 71 2
138 141 2
47 47 3
58 60 1
14 14 3
64 69 1
99 100 1
17 17 1
140 140 1
55 99 2
150 150 1
134 134 2
53 100 1
119 119 1
142 142 1
7 7 1
50 52 1
87 87 1
127 127 1
133 133 1
91 93 1
6 6 1
136 136 1
82 84 1
14 14 1
146 146 1
118 118 2
54 99 2
4 4 2
135 140 1
49 49 2
31 31 1
106 106 1
3 3 1
59 59 1
50 50 1
150 151 2
148 148 1
97 97 2
103 103 3
119 132 1
38 38 1
70 70 1
90 90 1
118 150 1
132 138 1
99 99 2
96 96 1
13 91 1
96 96 1
103 103 1
120 137 1
85 85 1
83 84 1
15 58 1
116 116 1
112 143 2
106 106 2
151 151 4
100 144 1
36 36 1
88 89 1
143 143 1
75 75 2
126 126 1
98 102 3
108 108 1
49 49 2
127 127 1
30 86 1
100 127 1
38 38 1
17 17 1
120 120 1
138 138 1
14 14 2
119 119 1
53 90 1
85 93 2
124 126 1
35 38 1
78 78 1
123 123 1
108 109 1
49 63 1
146 146 2
70 70 2
14 14 1
98 98 3
71 71 1
149 149 1
119 119 1
62 62 1
39 47 1
105 105 1
114 114 1
36 36 1
147 147 1
144 144 2
77 78 1
79 79 1
91 91 1
47 47 2
62 62 1
114 114 1
50 50 2
110 110 1
52 92 1
145 145 1
130 131 1
120 130 1
51 51 1
92 92 1
145 145 1
138 138 1
74 74 2
3 3 1
104 127 1
118 118 1
140 140 2
37 37 1
134 134 1
109 109 1
95 100 1
34 34 1
102 123 1
126 138 1
60 62 1
11 11 1
81 81 1
113 113 1
3 3 3
71 71 1
147 147 1
147 148 2
133 133 1
56 66 3
14 14 1
102 102 1
108 108 1
85 85 1
77 77 1
53 53 1
89 89 1
71 71 1
122 139 1
109 109 2
124 141 2
37 37 1
74 74 1
96 96 1
138 138 1
146 146 1
27 27 1
3 3 1
29 30 1
118 118 1
30 30 1
95 96 1
4 4 1
104 104 1
103 129 1
97 97 1
88 88 2
117 117 2
141 141 1
98 98 2
91 91 2
123 123 2
19 19 1
16 16 1
46 48 1
117 143 1
130 130 3
16 16 1
56 60 3
91 91 1
91 91 1
63 79 1
75 75 2
66 70 1
137 137 1
49 65 1
106 106 1
147 147 1
91 93 1
66 72 1
102 102 1
54 54 1
151 151 2
57 57 1
48 74 1
30 31 1
133 133 1
65 65 1
63 73 2
148 148 1
143 144 1
61 61 1
58 86 1
4 4 1
137 137 1
107 132 2
134 135 1
126 126 2
130 144 1
99 99 1
77 77 1
125 125 1
62 77 1
139 139 1
146 152 1
68 68 1
10 11 1
94 94 1
139 139 1
63 64 1
104 105 2
88 88 2
48 57 1
4 4 1
26 26 1
56 86 2
108 108 2
118 118 2
143 143 2
120 120 1
55 94 1
127 127 2
16 16 1
116 116 1
149 149 1
48 48 1
20 20 1
119 119 3
88 88 1
128 128 1
115 115 1
64 69 1
88 95 1
11 11 1
143 143 1
150 150 2
4 4 1
79 79 1
134 151 1
64 64 1
123 123 1
69 69 1
129 129 2
18 18 1
72 72 1
63 75 1
73 76 1
138 138 1
143 143 1
119 119 2
87 87 1
72 72 3
4 4 1
101 145 1
148 148 1
139 139 2
114 114 1
124 124 1
136 136 1
6 6 2
28 35 1
120 120 1
118 140 3
57 125 1
85 85 1
19 19 1
70 70 1
38 38 1
125 139 1
126 127 1
77 77 1
53 90 2
130 130 1
133 134 1
88 88 1
114 118 1
36 36 1
147 147 1
102 103 1
14 14 1
56 56 1
56 56 1
37 37 1
30 30 1
51 78 1
126 145 1
60 60 1
31 31 1
87 87 2
146 146 2
51 80 1
51 75 1
79 121 1
72 72 1
99 99 1
62 62 1
145 145 1
109 109 2
74 74 2
138 138 1
91 91 2
131 151 1
56 56 1
50 51 1
74 74 2
50 50 1
135 135 1
121 121 1
134 134 3
123 126 1
145 145 1
146 147 1
36 36 1
96 96 1
78 78 3
36 51 2
47 47 1
143 146 2
104 104 1
51 51 1
134 146 1
118 118 1
121 121 1
87 92 1
77 100 2
147 147 1
145 145 1
78 78 1
18 18 1
78 79 2
104 104 1
118 118 1
148 148 1
131 131 1
73 73 1
135 135 1
17 26 1
90 90 1
108 108 1
34 35 1
78 78 3
145 145 1
105 106 1
126 126 1
128 128 1
69 73 1
53 53 1
120 129 2
20 20 1
28 28 2
60 61 1
58 58 1
52 52 1
150 150 1
120 120 1
25 31 1
59 62 1
80 98 1
116 117 1
53 90 1
30 50 1
149 150 1
135 135 1
141 142 1
128 128 1
19 19 1
128 128 1
57 57 1
142 142 1
59 61 1
36 36 1
122 123 1
119 131 2
89 89 1
36 36 1
68 68 1
19 19 2
90 130 1
86 86 1
90 91 3
17 25 1
98 119 1
144 144 1
99 100 1
106 106 2
103 146 1
131 151 2
148 148 1
146 146 3
139 152 1
131 142 1
62 68 1
108 108 1
52 52 1
73 74 1
64 87 1
120 126 1
28 28 1
88 89 1
64 64 1
149 151 1
58 58 1
132 151 1
91 91 4
132 132 1
25 25 1
29 29 1
55 55 1
137 137 1
139 139 2
97 97 1
107 107 1
140 140 1
109 110 1
64 64 2
52 52 1
126 126 1
87 87 1
91 91 2
77 77 1
95 95 1
116 116 1
57 57 2
133 134 2
103 126 1
69 69 1
37 60 1
12 88 1
104 104 1
57 64 1
36 36 1
134 134 1
70 70 1
63 64 2
70 70 1
19 20 1
12 89 2
123 123 1
95 95 1
114 114 1
86 86 1
68 68 1
77 77 2
84 84 1
64 64 1
150 150 2
133 133 2
13 13 1
136 136 1
10 11 1
53 90 1
150 150 2
124 124 1
88 88 1
95 97 1
26 26 1
96 96 2
104 105 1
80 80 1
104 104 2
142 142 1
98 98 1
51 51 1
120 120 1
98 98 2
79 79 1
73 73 3
3 3 2
93 93 1
114 114 1
90 90 1
114 114 1
46 47 1
13 62 1
120 120 1
139 139 2
17 56 1
129 129 1
103 103 1
140 140 1
64 64 3
82 82 1
79 80 1
73 75 1
65 78 1
135 135 1
35 38 1
146 148 3
108 132 2
136 137 3
71 71 1
143 143 1
81 81 1
13 13 1
26 26 3
131 151 1
60 60 1
72 72 3
90 91 2
3 3 1
133 134 1
118 119 1
133 133 1
47 98 1
114 114 2
150 150 1
82 83 1
105 105 2
108 110 1
140 140 1
133 133 1
