1	1	2.0
1	131	1.0
2	2	3.0
3	4	1.0
4	4	5.0
4	114	1.0
5	5	1.0
5	7	1.0
6	6	3.0
6	15	1.0
6	43	1.0
7	7	4.0
7	8	1.0
7	114	1.0
8	8	1.0
8	9	2.0
9	10	1.0
9	11	1.0
9	146	1.0
10	11	1.0
10	12	1.0
12	12	3.0
12	39	1.0
13	13	1.0
14	14	3.0
16	16	1.0
16	18	1.0
16	67	1.0
17	17	1.0
17	18	1.0
17	23	1.0
18	18	5.0
18	19	1.0
18	62	1.0
19	20	1.0
20	20	2.0
20	22	2.0
20	61	1.0
21	21	1.0
22	22	4.0
22	23	1.0
23	23	4.0
23	24	1.0
23	39	1.0
24	24	3.0
24	25	1.0
24	35	1.0
25	25	1.0
25	26	2.0
26	26	2.0
27	27	1.0
28	28	2.0
28	29	2.0
28	42	1.0
28	57	1.0
29	29	2.0
29	33	1.0
29	54	1.0
30	30	2.0
30	33	1.0
31	31	2.0
31	32	1.0
31	33	1.0
31	41	1.0
32	32	1.0
33	35	2.0
34	38	1.0
35	35	3.0
35	38	1.0
35	39	1.0
35	40	1.0
36	36	7.0
36	40	1.0
37	37	1.0
38	38	2.0
39	39	4.0
39	40	2.0
39	48	2.0
39	83	1.0
40	40	1.0
40	41	2.0
40	42	1.0
41	41	9.0
42	42	5.0
42	43	1.0
42	133	1.0
43	43	7.0
43	44	2.0
44	44	6.0
44	45	1.0
44	134	1.0
45	45	3.0
45	47	1.0
45	132	1.0
46	46	2.0
46	47	4.0
46	48	1.0
46	54	1.0
47	47	5.0
47	48	1.0
48	48	1.0
49	49	1.0
49	50	1.0
50	50	3.0
50	51	1.0
51	52	2.0
51	54	1.0
52	53	1.0
53	53	2.0
54	54	1.0
54	55	3.0
55	55	4.0
55	56	1.0
55	139	1.0
56	56	1.0
56	90	2.0
63	64	1.0
64	64	1.0
65	65	4.0
65	66	1.0
65	90	1.0
66	66	3.0
66	92	1.0
67	68	2.0
67	70	1.0
68	68	1.0
68	70	1.0
69	69	1.0
70	70	1.0
70	71	1.0
70	89	1.0
71	71	1.0
71	95	1.0
72	72	2.0
73	73	7.0
73	74	1.0
75	75	10.0
75	76	1.0
77	77	4.0
77	78	1.0
77	79	1.0
78	79	2.0
79	79	5.0
79	84	1.0
80	80	4.0
80	81	1.0
80	120	1.0
81	85	1.0
83	83	1.0
83	84	2.0
83	127	1.0
84	84	2.0
85	85	2.0
85	89	1.0
86	86	2.0
87	87	2.0
87	89	1.0
88	88	1.0
89	89	2.0
89	90	1.0
90	91	1.0
90	94	2.0
90	105	1.0
91	91	5.0
91	92	2.0
92	92	7.0
93	93	4.0
93	97	1.0
93	98	1.0
94	103	1.0
95	95	2.0
95	97	1.0
96	96	1.0
97	97	3.0
97	118	1.0
98	98	8.0
98	99	1.0
98	105	1.0
98	157	1.0
99	99	4.0
99	100	1.0
100	100	9.0
100	101	1.0
101	101	4.0
103	158	1.0
104	104	3.0
104	105	1.0
104	110	1.0
104	157	1.0
105	105	5.0
105	106	3.0
106	106	3.0
106	107	1.0
107	107	2.0
107	111	1.0
108	109	1.0
109	109	1.0
111	111	2.0
111	112	1.0
112	112	2.0
112	113	1.0
113	115	1.0
114	114	3.0
114	115	4.0
115	115	1.0
115	116	3.0
116	116	3.0
116	120	1.0
117	117	2.0
117	122	1.0
118	118	1.0
119	119	1.0
120	121	1.0
120	123	1.0
121	121	4.0
121	157	1.0
122	122	1.0
123	123	1.0
124	126	1.0
124	127	1.0
125	125	4.0
125	126	1.0
127	127	4.0
128	128	5.0
128	129	3.0
128	131	1.0
129	129	7.0
129	130	2.0
129	134	1.0
130	131	3.0
130	134	1.0
131	131	4.0
131	135	1.0
132	132	6.0
132	133	1.0
132	152	1.0
133	133	1.0
134	134	4.0
134	138	1.0
135	135	5.0
137	137	2.0
137	138	2.0
138	138	5.0
138	139	2.0
139	139	8.0
139	140	1.0
140	140	5.0
140	141	1.0
140	151	1.0
141	141	1.0
141	142	1.0
142	142	2.0
143	143	2.0
143	144	1.0
143	146	1.0
144	144	1.0
144	145	1.0
144	147	1.0
145	146	1.0
145	147	1.0
146	146	1.0
146	150	1.0
147	148	1.0
148	148	5.0
148	150	1.0
149	149	1.0
150	150	2.0
150	151	1.0
151	151	1.0
151	155	2.0
152	153	1.0
152	154	1.0
152	156	1.0
153	153	1.0
154	154	2.0
154	155	1.0
155	155	2.0
155	156	2.0
156	156	1.0
157	157	4.0
157	158	1.0
158	158	6.0
0	65	1.0
0	0	2.0
