1	1	2.0
1	18	1.0
1	28	1.0
2	4	1.0
2	5	1.0
2	10	1.0
2	38	1.0
3	21	1.0
4	4	1.0
4	6	1.0
5	5	2.0
5	6	2.0
5	13	1.0
5	17	1.0
5	18	1.0
5	27	1.0
6	6	2.0
6	15	1.0
6	38	1.0
6	40	1.0
8	8	2.0
8	9	1.0
8	11	2.0
9	9	1.0
9	10	1.0
9	11	1.0
10	10	2.0
10	11	1.0
10	30	1.0
10	33	1.0
11	11	4.0
11	13	1.0
12	12	2.0
12	13	2.0
13	13	2.0
13	14	2.0
13	35	1.0
14	16	2.0
15	15	1.0
16	20	1.0
17	17	4.0
18	18	1.0
18	19	2.0
19	19	1.0
19	21	1.0
19	24	1.0
19	38	1.0
20	20	4.0
20	21	1.0
20	24	1.0
20	35	2.0
20	37	1.0
21	21	4.0
21	22	1.0
21	23	1.0
22	22	8.0
22	37	1.0
22	38	1.0
22	40	1.0
22	98	1.0
22	144	1.0
23	23	5.0
23	25	2.0
23	36	1.0
23	134	1.0
24	24	2.0
24	25	2.0
24	34	2.0
24	141	1.0
25	25	8.0
25	26	1.0
25	32	1.0
25	41	1.0
26	26	1.0
26	27	1.0
27	27	5.0
27	28	2.0
27	30	2.0
27	32	1.0
27	96	1.0
28	28	3.0
28	49	1.0
29	29	7.0
29	142	1.0
30	30	4.0
31	31	3.0
32	32	7.0
32	33	2.0
33	33	7.0
33	37	2.0
33	38	1.0
33	143	1.0
34	34	3.0
35	35	2.0
36	37	2.0
36	38	1.0
36	39	1.0
36	41	1.0
37	37	6.0
37	38	1.0
38	38	3.0
38	41	1.0
39	40	1.0
40	40	1.0
41	41	1.0
42	42	3.0
47	47	4.0
48	48	1.0
48	53	1.0
48	143	1.0
49	49	3.0
50	50	1.0
50	78	1.0
51	52	1.0
51	66	1.0
51	77	1.0
52	52	1.0
52	53	1.0
53	53	1.0
53	54	1.0
53	55	1.0
54	54	3.0
54	62	1.0
54	66	1.0
55	55	1.0
55	56	2.0
55	116	1.0
55	118	1.0
56	56	1.0
56	62	1.0
56	63	1.0
57	57	3.0
57	61	2.0
57	106	1.0
57	119	1.0
58	58	3.0
58	63	1.0
58	82	1.0
59	59	4.0
59	81	1.0
59	142	2.0
59	143	1.0
60	60	1.0
61	61	2.0
61	63	1.0
61	65	1.0
61	101	1.0
62	62	4.0
62	69	2.0
62	70	1.0
62	71	2.0
64	65	2.0
65	86	1.0
66	66	1.0
67	67	4.0
67	68	1.0
68	68	2.0
68	69	1.0
68	86	1.0
69	69	2.0
69	70	1.0
70	70	2.0
71	71	1.0
71	75	1.0
71	78	1.0
71	82	1.0
72	72	1.0
72	77	2.0
73	73	2.0
73	74	1.0
74	74	1.0
74	77	1.0
75	75	3.0
75	76	1.0
75	79	1.0
76	76	1.0
76	77	1.0
77	77	2.0
77	79	1.0
78	78	3.0
78	79	1.0
79	79	1.0
79	81	1.0
79	83	1.0
80	80	3.0
80	113	1.0
81	81	2.0
81	82	2.0
82	82	4.0
82	85	2.0
83	83	4.0
83	85	1.0
84	84	4.0
85	85	1.0
85	113	1.0
86	86	2.0
87	87	3.0
87	89	1.0
88	88	4.0
88	94	1.0
89	89	2.0
89	100	1.0
90	90	3.0
90	91	1.0
91	91	4.0
91	95	1.0
91	96	1.0
92	92	3.0
92	93	2.0
92	95	1.0
93	93	2.0
93	94	2.0
94	94	1.0
94	95	1.0
95	95	2.0
96	96	1.0
96	98	1.0
97	97	1.0
97	104	1.0
98	98	4.0
98	117	1.0
99	99	5.0
99	100	1.0
99	102	2.0
100	101	1.0
100	128	1.0
101	101	5.0
101	102	1.0
101	103	1.0
102	102	1.0
102	103	3.0
102	107	1.0
102	124	1.0
103	103	2.0
103	116	1.0
104	104	5.0
104	105	1.0
104	125	1.0
105	105	1.0
105	106	2.0
106	106	1.0
106	143	1.0
107	107	3.0
108	108	2.0
108	109	1.0
108	118	1.0
108	121	2.0
109	109	2.0
109	110	1.0
110	112	2.0
110	115	1.0
110	117	1.0
111	111	1.0
111	136	1.0
112	112	1.0
113	114	1.0
114	119	1.0
114	146	1.0
115	115	1.0
115	116	1.0
115	137	1.0
116	116	1.0
116	117	2.0
117	117	4.0
119	119	3.0
119	120	1.0
120	120	3.0
120	121	2.0
120	143	1.0
121	121	3.0
121	122	1.0
121	138	1.0
122	122	3.0
122	124	1.0
123	123	2.0
123	124	2.0
124	124	7.0
125	125	1.0
125	141	1.0
126	126	4.0
126	127	1.0
126	142	1.0
127	127	2.0
127	140	1.0
127	141	1.0
128	128	3.0
129	129	9.0
129	130	1.0
129	131	1.0
129	141	1.0
130	130	3.0
130	144	1.0
131	131	3.0
131	133	1.0
131	136	2.0
131	143	1.0
132	132	2.0
132	133	4.0
133	133	2.0
134	134	9.0
134	135	1.0
134	141	1.0
134	142	1.0
135	135	5.0
135	140	1.0
135	142	1.0
136	136	3.0
137	137	1.0
138	138	2.0
138	139	1.0
139	139	2.0
139	140	2.0
140	140	3.0
140	141	1.0
140	142	1.0
140	143	1.0
141	142	2.0
142	142	7.0
142	143	1.0
143	143	2.0
143	144	1.0
144	144	2.0
145	145	3.0
146	146	2.0
0	1	2.0
0	5	1.0
0	21	1.0
0	0	1.0
