1	1	4.0
1	148	1.0
2	2	3.0
2	3	2.0
2	6	1.0
3	3	2.0
3	4	2.0
3	5	1.0
3	135	1.0
4	4	1.0
4	14	1.0
4	16	1.0
5	5	1.0
5	6	2.0
5	135	1.0
6	6	2.0
6	7	1.0
6	13	1.0
7	7	2.0
7	8	1.0
7	35	1.0
8	8	2.0
8	9	2.0
8	11	1.0
8	26	2.0
9	9	3.0
9	10	1.0
9	148	1.0
10	10	1.0
10	11	1.0
10	14	1.0
10	22	1.0
11	11	1.0
12	12	2.0
12	13	1.0
13	13	4.0
14	14	7.0
14	92	1.0
15	15	3.0
15	16	3.0
16	16	3.0
16	61	1.0
17	17	2.0
17	18	2.0
17	21	2.0
17	36	1.0
18	18	2.0
18	19	1.0
18	26	1.0
19	20	1.0
19	21	1.0
19	22	1.0
19	134	1.0
19	137	1.0
20	20	2.0
20	21	1.0
21	21	1.0
21	135	1.0
22	22	1.0
23	23	3.0
23	25	1.0
24	24	1.0
24	25	1.0
24	27	1.0
25	25	1.0
25	150	1.0
26	26	1.0
26	129	1.0
26	135	1.0
27	127	1.0
28	30	1.0
29	29	3.0
29	31	1.0
30	30	1.0
30	31	1.0
30	40	1.0
30	65	1.0
31	31	3.0
31	134	1.0
31	141	1.0
32	32	2.0
32	33	1.0
32	134	1.0
32	138	1.0
33	33	4.0
33	144	1.0
34	34	3.0
34	35	1.0
35	35	1.0
35	37	1.0
36	36	3.0
36	37	1.0
37	37	2.0
38	38	2.0
38	39	1.0
39	39	2.0
39	40	1.0
39	68	1.0
40	40	1.0
40	41	2.0
40	42	1.0
40	143	1.0
41	41	2.0
41	42	1.0
41	43	1.0
42	42	1.0
42	44	1.0
43	43	1.0
43	44	1.0
44	44	1.0
45	45	1.0
49	105	1.0
50	50	1.0
50	52	1.0
50	89	2.0
51	51	1.0
51	55	1.0
52	52	4.0
52	53	2.0
53	53	3.0
54	54	1.0
55	55	5.0
55	56	1.0
55	63	1.0
55	64	1.0
55	98	1.0
56	56	3.0
56	57	3.0
56	58	1.0
56	60	1.0
57	57	3.0
57	58	1.0
57	60	1.0
57	63	1.0
58	58	2.0
58	59	2.0
59	59	1.0
59	60	2.0
60	60	2.0
60	61	1.0
60	62	1.0
60	79	1.0
61	61	2.0
61	90	1.0
62	130	1.0
63	64	1.0
64	64	3.0
65	65	1.0
66	66	5.0
66	139	1.0
67	67	2.0
67	95	1.0
67	123	1.0
67	124	1.0
68	68	3.0
70	125	1.0
70	130	1.0
71	71	3.0
71	72	1.0
71	131	3.0
71	142	1.0
72	72	2.0
72	176	1.0
73	73	4.0
73	74	1.0
74	74	3.0
74	75	2.0
74	76	1.0
74	84	1.0
75	85	1.0
75	105	1.0
76	76	3.0
76	77	2.0
76	80	1.0
77	77	2.0
78	78	2.0
78	80	1.0
78	86	1.0
79	79	4.0
79	82	1.0
79	99	2.0
80	81	1.0
80	95	1.0
81	81	2.0
81	82	3.0
81	84	1.0
82	82	3.0
82	83	2.0
82	88	1.0
82	101	1.0
83	83	1.0
83	84	1.0
84	84	1.0
84	86	1.0
84	87	2.0
84	104	1.0
86	86	2.0
87	87	5.0
87	104	2.0
88	88	1.0
88	101	1.0
89	89	2.0
89	102	1.0
89	104	1.0
90	90	4.0
90	93	2.0
90	102	1.0
91	91	2.0
91	121	1.0
92	92	2.0
93	93	2.0
93	94	1.0
94	94	3.0
94	95	2.0
95	95	6.0
95	96	1.0
95	98	1.0
95	143	1.0
96	97	2.0
96	103	1.0
96	106	1.0
96	140	1.0
97	97	1.0
97	98	1.0
98	99	1.0
98	101	1.0
99	99	1.0
100	100	5.0
101	101	1.0
102	106	1.0
102	142	1.0
103	103	1.0
103	104	2.0
103	115	1.0
103	117	1.0
104	104	1.0
106	106	4.0
106	125	1.0
107	107	4.0
107	121	1.0
108	109	1.0
108	110	1.0
109	118	1.0
110	110	2.0
110	154	1.0
111	112	1.0
111	113	1.0
111	115	1.0
112	112	5.0
112	114	2.0
113	113	3.0
113	114	1.0
113	117	1.0
114	114	1.0
115	115	1.0
115	116	4.0
115	118	1.0
116	116	1.0
116	117	1.0
117	117	3.0
118	118	2.0
119	119	1.0
119	120	2.0
119	151	1.0
120	120	2.0
121	122	2.0
121	123	1.0
122	122	2.0
123	123	3.0
123	124	1.0
123	130	1.0
124	124	5.0
124	125	3.0
124	164	1.0
125	125	1.0
125	145	1.0
126	129	1.0
126	132	2.0
127	127	4.0
127	139	1.0
127	145	1.0
128	128	2.0
128	129	1.0
128	139	1.0
128	151	1.0
129	130	1.0
129	140	1.0
129	152	1.0
129	161	1.0
131	131	5.0
132	132	4.0
132	133	1.0
133	133	5.0
133	134	1.0
134	134	5.0
134	141	1.0
135	135	5.0
135	136	1.0
136	136	6.0
137	138	2.0
138	138	2.0
139	139	2.0
139	140	1.0
140	140	1.0
140	141	1.0
141	141	7.0
141	142	1.0
142	142	2.0
142	144	1.0
143	143	1.0
143	144	3.0
144	144	3.0
145	145	1.0
145	162	1.0
146	146	2.0
146	147	1.0
146	148	1.0
146	167	1.0
147	147	1.0
147	148	1.0
147	180	1.0
148	148	5.0
148	150	1.0
149	149	3.0
150	150	3.0
150	151	1.0
150	154	2.0
150	173	1.0
151	151	2.0
151	152	1.0
151	158	1.0
152	152	2.0
152	153	3.0
152	161	1.0
153	153	1.0
153	154	1.0
153	159	1.0
154	154	1.0
154	155	1.0
154	156	1.0
154	160	1.0
155	155	2.0
156	156	3.0
156	158	1.0
157	157	4.0
157	158	1.0
157	163	1.0
157	164	1.0
158	158	5.0
158	159	2.0
158	174	1.0
158	177	1.0
159	159	2.0
159	160	2.0
160	160	1.0
160	161	1.0
160	162	1.0
161	161	1.0
161	162	1.0
161	169	1.0
162	162	1.0
162	171	1.0
163	163	1.0
163	164	1.0
163	167	1.0
164	170	1.0
165	179	1.0
166	166	1.0
167	172	1.0
168	168	6.0
168	169	2.0
168	172	1.0
169	169	3.0
169	170	1.0
170	170	3.0
171	171	6.0
171	172	1.0
172	172	6.0
173	173	2.0
173	174	2.0
174	174	2.0
174	180	2.0
175	175	1.0
175	176	1.0
176	176	4.0
177	177	2.0
177	178	2.0
178	178	2.0
178	179	1.0
179	179	5.0
