1	1	2.0
2	2	3.0
2	26	1.0
3	3	2.0
3	9	1.0
3	41	2.0
4	5	1.0
4	6	1.0
4	107	1.0
5	5	2.0
5	6	2.0
5	50	1.0
6	6	4.0
6	47	1.0
6	52	1.0
7	7	1.0
7	155	1.0
8	8	4.0
9	9	2.0
9	22	1.0
9	52	1.0
10	10	1.0
10	44	1.0
11	11	3.0
11	12	1.0
12	12	1.0
12	27	1.0
12	55	1.0
12	59	1.0
13	13	1.0
14	14	2.0
14	38	1.0
14	75	1.0
15	84	1.0
15	90	1.0
16	16	4.0
17	17	1.0
17	61	2.0
18	18	1.0
18	60	1.0
19	63	1.0
20	20	2.0
21	21	2.0
22	22	2.0
24	24	2.0
24	114	1.0
25	25	1.0
25	26	2.0
26	26	3.0
27	29	1.0
27	40	1.0
27	64	2.0
28	28	3.0
28	39	1.0
29	29	3.0
29	46	2.0
30	30	2.0
30	89	1.0
31	31	1.0
31	32	1.0
32	32	2.0
33	35	1.0
33	41	1.0
33	94	1.0
33	196	1.0
34	34	2.0
34	45	1.0
34	49	1.0
34	67	1.0
34	95	1.0
35	35	1.0
35	145	1.0
36	36	2.0
37	37	2.0
37	46	1.0
37	50	1.0
37	75	1.0
37	120	1.0
38	38	5.0
38	144	1.0
39	39	5.0
39	40	1.0
39	110	1.0
40	40	3.0
40	53	1.0
40	64	1.0
41	41	3.0
42	42	2.0
42	94	1.0
43	43	1.0
44	44	2.0
45	45	5.0
45	46	1.0
46	46	3.0
46	109	1.0
47	47	1.0
47	48	2.0
47	92	1.0
47	109	1.0
48	48	1.0
48	95	1.0
50	50	1.0
50	51	1.0
51	51	3.0
52	52	4.0
53	53	1.0
53	54	1.0
55	55	1.0
56	56	2.0
56	57	1.0
56	112	1.0
57	57	1.0
57	100	1.0
57	104	1.0
58	58	3.0
58	101	2.0
59	60	1.0
60	60	2.0
61	61	3.0
61	62	1.0
62	62	5.0
64	65	2.0
65	65	2.0
65	66	1.0
65	94	1.0
65	95	1.0
66	71	1.0
66	72	1.0
67	68	1.0
67	95	2.0
67	170	1.0
68	68	1.0
68	69	1.0
68	96	1.0
69	69	2.0
69	70	2.0
69	76	1.0
71	71	2.0
71	85	1.0
71	115	1.0
72	72	1.0
73	73	1.0
73	74	1.0
74	74	1.0
75	77	1.0
76	80	1.0
76	81	1.0
76	83	1.0
77	77	1.0
78	79	2.0
78	83	1.0
78	85	1.0
79	79	1.0
80	81	1.0
81	81	3.0
81	82	1.0
82	82	1.0
84	84	3.0
85	85	1.0
85	145	1.0
86	86	4.0
87	87	2.0
88	88	2.0
88	89	1.0
88	93	1.0
89	89	2.0
89	91	1.0
89	106	1.0
89	117	1.0
90	90	2.0
90	119	1.0
91	91	1.0
91	104	1.0
92	92	4.0
92	116	1.0
93	93	1.0
94	94	3.0
95	95	1.0
95	105	1.0
96	107	1.0
96	118	1.0
97	97	1.0
97	98	1.0
97	99	1.0
98	98	1.0
98	99	1.0
99	99	1.0
100	100	2.0
100	101	1.0
100	111	1.0
101	101	1.0
102	102	2.0
102	108	1.0
102	112	1.0
102	115	1.0
103	103	2.0
105	106	3.0
107	107	1.0
109	109	1.0
112	112	4.0
113	113	1.0
113	114	1.0
114	114	2.0
115	115	3.0
115	116	3.0
116	116	1.0
116	117	1.0
117	118	2.0
119	119	4.0
120	120	3.0
121	121	1.0
144	144	1.0
144	206	1.0
146	146	1.0
147	147	1.0
149	228	1.0
150	150	1.0
150	151	2.0
150	225	1.0
151	151	5.0
151	203	1.0
151	231	1.0
152	249	1.0
153	153	2.0
153	154	1.0
153	159	1.0
153	181	1.0
153	183	1.0
153	232	1.0
153	240	1.0
154	154	2.0
154	158	1.0
154	161	1.0
154	165	2.0
155	155	1.0
155	159	1.0
155	235	1.0
156	156	5.0
156	161	1.0
156	222	1.0
157	157	2.0
157	163	1.0
157	223	1.0
158	158	1.0
158	159	1.0
158	177	1.0
159	159	2.0
159	238	1.0
160	160	2.0
160	163	1.0
160	182	1.0
161	161	2.0
161	162	3.0
162	162	2.0
162	226	1.0
163	163	2.0
163	216	1.0
163	224	1.0
164	164	4.0
165	165	4.0
166	166	1.0
167	167	2.0
167	172	1.0
167	181	1.0
167	204	1.0
168	168	2.0
168	175	1.0
169	169	3.0
169	171	1.0
170	170	1.0
171	171	5.0
171	172	1.0
171	181	1.0
172	172	3.0
172	173	1.0
172	174	1.0
172	193	1.0
172	194	1.0
173	173	4.0
173	174	1.0
174	174	3.0
174	179	1.0
175	175	1.0
175	176	1.0
175	178	1.0
176	176	5.0
176	177	1.0
176	180	1.0
176	182	1.0
177	177	1.0
177	213	1.0
178	178	2.0
179	179	2.0
180	180	1.0
180	181	1.0
180	192	1.0
181	181	4.0
181	182	2.0
183	183	3.0
183	196	1.0
184	185	1.0
185	185	1.0
185	223	1.0
186	186	1.0
186	234	1.0
186	243	1.0
187	187	1.0
187	188	2.0
187	242	1.0
188	188	3.0
189	189	1.0
189	190	1.0
189	214	2.0
190	190	1.0
190	191	1.0
191	191	1.0
191	192	1.0
192	192	1.0
192	193	1.0
193	193	3.0
193	194	1.0
194	194	1.0
194	195	2.0
195	195	1.0
195	211	1.0
195	215	1.0
198	198	2.0
199	199	3.0
199	200	1.0
200	200	3.0
200	201	3.0
201	201	1.0
201	202	1.0
201	223	1.0
202	202	2.0
202	220	1.0
203	203	7.0
203	204	1.0
203	224	1.0
204	204	2.0
204	205	1.0
204	240	1.0
205	205	2.0
205	206	1.0
205	225	1.0
206	206	4.0
207	207	2.0
208	208	2.0
208	209	2.0
209	209	2.0
210	210	1.0
211	211	3.0
212	212	3.0
213	213	1.0
213	214	1.0
214	214	1.0
214	231	1.0
214	242	1.0
215	215	2.0
215	216	2.0
216	216	1.0
216	217	2.0
217	217	2.0
218	218	1.0
218	219	2.0
219	219	2.0
220	220	2.0
220	222	1.0
220	234	1.0
221	221	1.0
222	222	4.0
223	223	3.0
224	224	1.0
225	225	2.0
225	226	1.0
226	226	1.0
227	227	2.0
228	228	1.0
228	229	1.0
229	229	2.0
229	230	1.0
230	230	4.0
230	238	1.0
231	231	2.0
233	233	2.0
234	234	1.0
234	235	1.0
234	236	1.0
234	237	1.0
235	235	3.0
236	236	2.0
236	237	1.0
237	237	1.0
238	238	2.0
238	239	2.0
238	241	1.0
239	239	3.0
239	240	1.0
240	246	1.0
240	248	1.0
241	242	2.0
242	242	2.0
243	246	1.0
244	244	3.0
244	245	1.0
245	245	3.0
245	246	6.0
246	246	1.0
247	247	1.0
248	248	2.0
