1	1	2.0
1	2	1.0
1	7	1.0
1	15	1.0
2	2	5.0
2	7	1.0
2	50	1.0
3	3	5.0
3	36	2.0
4	4	8.0
4	6	1.0
5	5	7.0
5	6	1.0
6	6	1.0
7	7	5.0
7	8	1.0
7	17	1.0
8	8	2.0
8	9	1.0
8	24	1.0
9	9	4.0
9	10	1.0
9	13	1.0
10	11	2.0
11	11	2.0
11	12	1.0
11	16	1.0
11	54	1.0
11	139	1.0
12	12	5.0
12	14	1.0
12	27	1.0
12	38	1.0
13	13	7.0
13	14	3.0
13	27	1.0
13	50	1.0
13	150	1.0
14	14	3.0
14	15	3.0
14	16	1.0
14	49	1.0
15	15	2.0
15	16	1.0
15	47	1.0
15	49	2.0
16	16	1.0
16	17	1.0
17	17	3.0
17	20	3.0
18	18	2.0
18	27	1.0
18	49	1.0
18	51	1.0
19	19	4.0
20	20	4.0
20	21	4.0
20	22	2.0
20	23	3.0
20	51	1.0
21	21	6.0
21	28	1.0
22	23	1.0
23	23	3.0
24	24	4.0
24	26	2.0
24	27	1.0
24	38	1.0
24	41	1.0
25	25	4.0
25	26	2.0
25	27	1.0
25	38	1.0
25	42	1.0
26	26	2.0
26	28	1.0
26	41	1.0
26	50	1.0
27	27	3.0
27	38	1.0
27	39	1.0
27	50	2.0
28	28	2.0
33	33	5.0
33	34	2.0
33	80	1.0
34	34	2.0
34	35	1.0
34	42	1.0
35	35	5.0
35	36	3.0
36	36	3.0
36	73	2.0
37	37	3.0
37	44	1.0
39	39	6.0
39	40	1.0
39	91	1.0
40	40	4.0
41	41	5.0
41	42	1.0
41	45	1.0
42	42	3.0
42	112	1.0
43	43	3.0
43	44	1.0
43	52	1.0
43	165	1.0
44	44	1.0
44	45	5.0
44	48	1.0
44	49	1.0
44	52	1.0
44	53	1.0
45	47	1.0
46	46	9.0
46	47	1.0
46	56	1.0
46	93	1.0
47	47	3.0
47	48	1.0
47	52	2.0
48	49	2.0
48	50	1.0
49	49	4.0
49	50	1.0
49	51	1.0
49	56	1.0
50	50	1.0
50	51	1.0
50	73	1.0
51	51	4.0
51	53	1.0
51	56	1.0
52	52	9.0
52	53	2.0
52	54	1.0
53	53	4.0
53	54	1.0
53	102	2.0
54	54	2.0
54	55	2.0
54	58	1.0
55	55	2.0
55	94	1.0
56	56	5.0
57	57	1.0
57	58	2.0
57	64	1.0
58	58	1.0
62	62	2.0
62	83	1.0
62	84	1.0
63	63	2.0
63	65	1.0
63	80	1.0
64	64	1.0
64	72	1.0
64	73	1.0
64	77	1.0
65	66	3.0
66	66	2.0
66	67	1.0
66	71	1.0
67	67	5.0
67	73	1.0
67	96	2.0
68	68	2.0
68	73	1.0
68	94	1.0
69	69	1.0
69	70	2.0
69	94	1.0
69	123	1.0
70	70	3.0
70	126	1.0
71	71	2.0
71	72	1.0
71	101	1.0
71	130	1.0
71	138	1.0
72	72	1.0
72	73	1.0
72	131	1.0
72	137	1.0
73	73	2.0
74	74	1.0
74	75	2.0
74	85	1.0
74	86	1.0
74	87	2.0
75	75	1.0
76	76	6.0
76	77	1.0
76	80	1.0
76	83	1.0
76	87	1.0
77	77	2.0
77	78	1.0
77	82	2.0
77	87	1.0
78	78	2.0
78	79	1.0
78	85	1.0
79	79	6.0
79	80	2.0
79	87	1.0
79	100	1.0
80	80	4.0
80	81	1.0
80	82	2.0
80	85	1.0
80	86	1.0
80	87	1.0
81	81	8.0
81	82	7.0
81	83	1.0
82	82	3.0
83	83	4.0
83	84	1.0
83	100	2.0
84	84	1.0
84	85	1.0
85	85	4.0
85	86	1.0
86	86	1.0
86	87	1.0
86	90	2.0
87	87	1.0
87	88	1.0
87	89	1.0
88	88	4.0
88	89	1.0
89	89	6.0
89	106	2.0
90	90	2.0
90	95	1.0
90	97	1.0
90	106	1.0
90	148	1.0
91	92	1.0
91	104	1.0
91	133	1.0
91	137	1.0
92	92	5.0
92	101	1.0
93	93	5.0
93	94	1.0
93	134	2.0
94	94	1.0
94	95	1.0
94	133	1.0
95	95	4.0
95	135	1.0
95	150	1.0
96	96	4.0
96	142	1.0
96	143	1.0
97	97	4.0
97	98	1.0
97	99	1.0
97	122	1.0
97	129	1.0
98	98	1.0
98	99	3.0
98	126	1.0
98	128	2.0
98	144	1.0
98	152	1.0
99	99	1.0
99	119	1.0
99	121	1.0
99	122	1.0
99	142	1.0
99	165	1.0
100	100	6.0
100	119	1.0
100	130	1.0
100	138	2.0
101	101	6.0
101	102	1.0
101	103	1.0
101	104	1.0
101	116	1.0
101	138	1.0
102	102	3.0
103	103	1.0
105	105	2.0
105	124	1.0
106	106	4.0
106	107	2.0
106	125	1.0
106	126	1.0
107	107	1.0
107	117	1.0
107	127	1.0
108	108	5.0
108	111	1.0
109	109	3.0
109	110	2.0
110	110	5.0
110	111	1.0
110	112	1.0
110	122	1.0
111	111	3.0
111	112	2.0
112	112	4.0
112	113	2.0
113	113	6.0
113	114	3.0
114	114	5.0
115	115	1.0
115	116	1.0
116	116	4.0
116	117	1.0
116	128	1.0
116	129	1.0
117	117	2.0
117	119	1.0
117	122	1.0
118	118	1.0
118	147	2.0
119	120	1.0
120	120	3.0
120	142	1.0
121	121	2.0
122	131	1.0
122	133	1.0
122	148	1.0
122	160	1.0
123	123	1.0
123	124	1.0
123	133	1.0
124	127	1.0
125	125	1.0
125	126	2.0
125	127	1.0
126	126	2.0
126	127	1.0
126	128	1.0
127	127	1.0
127	128	2.0
127	156	1.0
127	157	1.0
128	128	2.0
128	149	1.0
128	158	2.0
129	129	3.0
129	130	2.0
129	147	1.0
129	150	2.0
129	158	1.0
130	131	1.0
130	160	1.0
131	131	2.0
132	132	5.0
133	133	1.0
133	137	1.0
133	138	1.0
133	150	1.0
134	134	6.0
134	135	1.0
134	137	1.0
134	144	1.0
134	166	1.0
135	135	3.0
135	136	2.0
135	137	1.0
136	136	3.0
136	137	1.0
137	137	8.0
137	138	1.0
138	138	5.0
138	142	1.0
139	139	6.0
139	140	2.0
140	140	3.0
140	141	2.0
140	148	1.0
141	141	1.0
142	142	5.0
142	170	1.0
143	143	2.0
143	144	1.0
143	165	1.0
144	144	1.0
144	145	5.0
144	146	1.0
144	160	1.0
144	165	1.0
145	145	5.0
146	146	1.0
146	147	1.0
146	148	1.0
146	154	1.0
147	147	2.0
147	148	3.0
148	152	1.0
148	165	1.0
149	149	3.0
149	150	1.0
149	152	1.0
150	150	2.0
150	151	1.0
151	151	1.0
151	162	1.0
152	152	2.0
152	163	1.0
153	154	1.0
153	155	1.0
153	156	2.0
154	154	7.0
154	156	1.0
154	157	1.0
155	155	3.0
155	156	1.0
155	157	4.0
155	161	1.0
156	156	5.0
156	157	1.0
157	157	1.0
157	158	1.0
158	158	5.0
158	159	2.0
159	159	1.0
159	161	2.0
160	160	3.0
160	162	1.0
161	162	2.0
161	163	1.0
161	164	1.0
162	162	4.0
163	163	1.0
163	164	3.0
164	164	3.0
164	165	1.0
165	165	1.0
165	166	2.0
166	166	2.0
167	167	2.0
167	168	1.0
168	168	4.0
168	169	1.0
169	169	1.0
169	170	2.0
170	170	2.0
170	171	1.0
0	3	1.0
0	6	1.0
0	15	1.0
0	18	1.0
