1	1	4.0
2	2	2.0
2	7	1.0
2	47	1.0
2	127	1.0
2	161	1.0
3	3	8.0
4	4	2.0
4	20	1.0
4	43	1.0
5	5	5.0
5	6	2.0
5	20	1.0
5	137	1.0
6	6	1.0
6	157	1.0
7	7	7.0
7	8	1.0
7	58	1.0
8	8	3.0
8	129	1.0
8	149	1.0
9	9	3.0
9	17	1.0
9	111	1.0
9	139	1.0
10	10	4.0
10	44	1.0
11	11	1.0
11	12	1.0
12	12	1.0
12	13	1.0
13	13	3.0
13	14	1.0
13	43	1.0
13	85	1.0
14	14	3.0
14	15	2.0
14	41	1.0
14	51	1.0
15	15	2.0
15	16	1.0
15	112	1.0
16	16	4.0
16	19	2.0
17	17	2.0
17	18	2.0
17	102	1.0
17	112	1.0
17	157	1.0
18	18	1.0
18	19	1.0
18	23	1.0
18	37	1.0
19	19	1.0
20	20	2.0
20	22	2.0
20	48	1.0
21	21	2.0
21	22	1.0
21	25	1.0
22	22	4.0
23	23	1.0
23	27	1.0
24	25	2.0
24	89	1.0
25	25	1.0
25	27	1.0
25	81	1.0
25	139	1.0
26	26	4.0
26	56	1.0
26	81	1.0
26	112	1.0
26	116	1.0
26	134	1.0
27	135	1.0
28	83	1.0
33	33	1.0
34	34	2.0
34	35	1.0
35	35	2.0
35	36	2.0
36	36	6.0
37	37	4.0
37	38	1.0
38	38	2.0
39	39	2.0
39	40	2.0
40	40	6.0
40	46	1.0
40	54	1.0
40	57	1.0
40	70	1.0
41	41	5.0
41	44	1.0
41	130	1.0
42	42	5.0
42	112	1.0
42	134	1.0
42	159	1.0
43	43	2.0
43	44	1.0
43	111	1.0
43	156	1.0
44	44	4.0
44	45	1.0
45	155	1.0
46	46	2.0
46	47	1.0
47	47	1.0
47	48	1.0
48	48	2.0
49	49	1.0
49	149	1.0
50	52	1.0
50	65	1.0
50	115	1.0
51	52	1.0
52	52	3.0
52	72	1.0
53	53	2.0
53	84	1.0
54	54	1.0
54	58	1.0
55	56	1.0
57	57	1.0
62	63	1.0
62	89	1.0
63	65	1.0
63	79	1.0
64	64	2.0
64	65	1.0
64	69	2.0
65	85	1.0
65	90	1.0
66	66	1.0
66	67	2.0
66	107	1.0
67	68	1.0
67	70	1.0
68	85	1.0
69	69	1.0
69	77	1.0
70	87	1.0
71	71	3.0
71	101	1.0
71	103	1.0
72	72	1.0
73	74	2.0
73	102	1.0
73	170	1.0
74	74	4.0
75	75	2.0
75	76	1.0
76	76	2.0
76	77	1.0
76	79	1.0
76	99	1.0
77	77	1.0
77	78	1.0
77	79	1.0
77	84	1.0
78	78	1.0
79	87	1.0
80	80	1.0
80	85	1.0
80	87	1.0
82	82	2.0
82	83	1.0
83	83	2.0
84	84	2.0
84	85	1.0
84	92	1.0
84	124	1.0
85	85	1.0
85	86	1.0
86	86	1.0
86	88	1.0
87	87	2.0
87	92	1.0
88	88	4.0
88	89	1.0
88	93	1.0
89	89	3.0
90	90	1.0
91	91	2.0
92	93	1.0
92	94	1.0
92	95	1.0
92	170	1.0
93	94	1.0
94	96	1.0
94	120	1.0
95	95	1.0
95	99	1.0
95	120	1.0
96	96	1.0
96	124	1.0
97	97	1.0
97	101	1.0
97	126	1.0
98	98	1.0
98	148	1.0
99	100	1.0
100	100	6.0
100	103	1.0
100	104	1.0
100	111	1.0
100	120	1.0
100	141	1.0
101	102	1.0
103	103	1.0
103	104	1.0
103	105	1.0
103	123	1.0
104	105	1.0
105	105	3.0
106	106	2.0
107	107	1.0
108	108	3.0
108	109	3.0
108	112	1.0
110	110	3.0
110	129	1.0
111	111	1.0
112	112	2.0
112	113	1.0
113	113	3.0
113	114	2.0
113	147	1.0
116	116	1.0
116	117	1.0
117	117	2.0
117	118	2.0
117	122	1.0
117	125	1.0
118	118	2.0
118	120	1.0
118	123	1.0
119	119	5.0
119	120	1.0
119	147	1.0
120	120	1.0
120	121	1.0
121	121	1.0
121	122	3.0
122	123	1.0
123	124	1.0
123	166	1.0
124	124	1.0
124	127	1.0
124	144	1.0
125	126	1.0
126	126	2.0
126	127	1.0
126	136	1.0
127	127	4.0
128	128	2.0
128	129	2.0
129	129	1.0
129	146	1.0
130	130	3.0
130	131	2.0
130	140	1.0
130	142	1.0
130	158	1.0
131	131	1.0
131	132	1.0
131	162	1.0
132	132	2.0
132	139	1.0
133	133	4.0
134	134	5.0
134	136	1.0
134	145	1.0
134	148	1.0
135	135	1.0
135	136	1.0
136	137	1.0
137	137	8.0
138	138	4.0
139	139	4.0
139	140	1.0
140	140	3.0
141	141	2.0
141	142	1.0
142	142	3.0
142	143	1.0
142	155	1.0
142	169	1.0
143	143	7.0
143	149	1.0
144	144	5.0
145	145	1.0
145	147	1.0
145	152	1.0
146	146	1.0
147	147	1.0
147	148	1.0
148	148	5.0
148	166	1.0
148	170	1.0
149	149	1.0
149	150	2.0
151	151	5.0
152	152	3.0
152	154	1.0
152	155	1.0
153	153	1.0
153	163	1.0
153	164	1.0
154	154	3.0
154	156	2.0
155	155	2.0
155	156	2.0
155	157	2.0
156	156	2.0
156	157	2.0
157	157	4.0
157	164	1.0
158	158	5.0
158	159	1.0
158	160	1.0
158	169	1.0
158	170	1.0
159	159	2.0
160	160	3.0
161	162	1.0
162	162	2.0
162	165	1.0
163	163	1.0
164	164	1.0
166	166	1.0
166	169	1.0
167	167	4.0
168	168	1.0
169	169	1.0
169	170	1.0
0	1	1.0
0	2	1.0
0	0	2.0
