1	1	1.0
1	2	1.0
1	3	2.0
1	26	1.0
1	27	1.0
1	34	1.0
1	59	1.0
2	2	3.0
2	3	1.0
2	5	4.0
2	13	1.0
2	23	1.0
2	24	1.0
3	3	3.0
3	4	1.0
3	9	1.0
3	61	1.0
3	110	2.0
4	4	5.0
4	5	1.0
4	7	1.0
4	18	1.0
4	25	1.0
4	61	1.0
5	5	7.0
5	6	3.0
5	43	1.0
5	52	1.0
5	110	1.0
6	6	3.0
6	8	1.0
6	42	1.0
6	51	1.0
6	115	1.0
7	7	3.0
7	8	1.0
7	10	1.0
7	51	1.0
8	8	4.0
8	9	1.0
8	10	1.0
8	13	2.0
8	42	1.0
8	175	1.0
9	9	7.0
9	11	1.0
9	21	1.0
9	96	2.0
9	110	1.0
10	10	9.0
10	11	1.0
10	13	2.0
10	50	2.0
10	51	1.0
10	66	1.0
10	69	1.0
11	11	6.0
11	12	1.0
11	51	1.0
12	12	3.0
12	76	1.0
13	13	5.0
13	14	2.0
13	111	1.0
14	14	9.0
14	15	2.0
14	55	1.0
14	78	1.0
14	139	1.0
15	15	3.0
15	16	1.0
15	17	1.0
15	18	2.0
15	60	1.0
15	129	1.0
15	138	1.0
15	197	1.0
16	16	4.0
16	17	1.0
16	30	1.0
16	156	1.0
17	17	2.0
17	19	1.0
17	21	1.0
17	29	1.0
17	30	1.0
17	58	1.0
18	18	9.0
18	19	3.0
18	22	1.0
18	32	1.0
18	52	1.0
18	62	1.0
18	110	1.0
19	19	2.0
19	21	1.0
20	20	4.0
20	21	3.0
20	22	1.0
20	25	2.0
20	28	1.0
20	52	1.0
20	55	1.0
21	21	3.0
21	30	1.0
21	52	1.0
21	62	1.0
22	22	2.0
22	25	1.0
22	26	1.0
22	62	1.0
23	23	7.0
23	24	3.0
24	24	4.0
24	25	1.0
24	40	1.0
24	95	1.0
25	25	6.0
25	26	2.0
25	38	1.0
26	26	3.0
26	27	2.0
27	27	3.0
27	31	1.0
27	76	1.0
28	28	4.0
28	41	1.0
28	53	1.0
28	57	1.0
29	29	3.0
29	30	1.0
29	33	1.0
29	60	1.0
29	61	1.0
29	67	1.0
29	126	1.0
30	30	6.0
30	31	4.0
30	32	1.0
31	31	4.0
31	43	1.0
32	32	6.0
32	37	1.0
33	33	3.0
33	37	2.0
33	39	1.0
33	101	1.0
33	128	1.0
34	34	6.0
34	35	1.0
34	38	1.0
34	57	1.0
34	77	1.0
34	178	1.0
35	35	5.0
35	36	1.0
35	51	1.0
36	36	8.0
36	53	1.0
36	55	1.0
36	124	1.0
37	37	8.0
37	43	1.0
37	53	2.0
37	54	1.0
37	56	1.0
37	64	1.0
37	123	1.0
38	38	6.0
38	39	2.0
38	43	1.0
38	51	1.0
38	78	1.0
38	98	1.0
39	39	8.0
39	40	2.0
39	42	1.0
39	61	1.0
39	63	1.0
40	40	4.0
40	41	3.0
40	42	1.0
40	56	1.0
40	64	1.0
40	75	1.0
41	41	3.0
42	42	3.0
42	44	1.0
42	107	1.0
42	182	1.0
43	43	4.0
43	44	2.0
43	51	1.0
43	53	1.0
43	73	2.0
44	44	4.0
44	45	1.0
45	45	12.0
45	46	1.0
45	52	1.0
46	46	9.0
46	47	1.0
46	74	1.0
47	47	3.0
47	48	1.0
48	48	4.0
48	49	1.0
49	49	5.0
49	50	2.0
50	50	6.0
50	51	1.0
50	52	2.0
50	119	1.0
50	193	1.0
50	194	1.0
50	197	1.0
51	51	5.0
51	52	2.0
51	142	1.0
52	52	11.0
52	53	1.0
52	54	1.0
52	55	1.0
53	53	6.0
53	56	1.0
53	66	2.0
53	93	1.0
53	94	1.0
54	54	8.0
54	56	3.0
54	59	2.0
55	55	3.0
55	56	3.0
55	65	1.0
55	68	1.0
55	142	1.0
56	56	4.0
56	57	1.0
56	68	1.0
57	57	2.0
57	66	1.0
57	69	1.0
58	58	7.0
58	61	1.0
58	64	1.0
58	67	1.0
59	59	7.0
59	61	3.0
59	66	1.0
60	60	2.0
60	61	2.0
60	62	3.0
60	63	1.0
60	65	1.0
60	81	1.0
61	61	4.0
61	66	1.0
62	62	5.0
62	64	1.0
62	68	2.0
62	69	1.0
62	75	1.0
62	96	1.0
63	63	1.0
63	64	2.0
63	74	1.0
63	76	2.0
64	64	8.0
64	65	2.0
64	67	1.0
64	68	1.0
65	65	7.0
65	101	3.0
65	143	1.0
65	144	1.0
66	66	4.0
66	120	1.0
67	67	5.0
67	68	2.0
67	80	1.0
68	68	3.0
68	124	2.0
68	143	1.0
68	144	1.0
69	69	6.0
69	70	1.0
70	70	4.0
70	73	1.0
71	71	3.0
71	72	4.0
71	73	1.0
71	74	1.0
71	76	1.0
72	72	11.0
72	73	3.0
72	77	1.0
73	73	6.0
73	74	1.0
73	75	1.0
74	74	5.0
74	76	1.0
75	75	2.0
75	82	1.0
76	76	4.0
76	79	1.0
76	84	2.0
76	97	2.0
77	77	3.0
77	78	4.0
78	78	6.0
78	79	1.0
78	80	1.0
78	83	1.0
78	84	1.0
79	79	2.0
79	80	1.0
79	190	1.0
80	80	2.0
80	122	1.0
81	81	5.0
81	85	1.0
81	179	1.0
82	82	1.0
82	97	1.0
82	116	1.0
82	130	1.0
83	83	2.0
83	84	1.0
83	85	1.0
84	84	1.0
84	85	2.0
84	88	1.0
84	122	2.0
84	130	1.0
85	85	2.0
85	87	1.0
86	86	2.0
86	124	1.0
87	87	1.0
87	88	2.0
87	89	1.0
88	88	2.0
88	89	1.0
88	90	1.0
88	125	1.0
89	89	4.0
93	93	3.0
93	97	1.0
93	142	1.0
93	152	1.0
94	94	4.0
94	95	1.0
94	96	4.0
94	97	1.0
94	108	1.0
95	95	2.0
95	97	2.0
95	142	1.0
96	96	3.0
96	97	1.0
96	98	1.0
96	113	1.0
96	118	1.0
96	138	1.0
96	150	1.0
97	97	4.0
97	115	1.0
98	98	4.0
98	119	1.0
99	99	5.0
99	100	1.0
99	141	1.0
99	145	1.0
99	146	1.0
99	148	1.0
100	100	7.0
100	101	1.0
101	101	3.0
101	119	1.0
102	102	3.0
102	103	1.0
102	104	1.0
102	130	1.0
102	134	1.0
103	103	3.0
103	104	1.0
103	120	1.0
104	105	1.0
104	117	1.0
105	105	4.0
105	106	3.0
106	106	5.0
106	107	1.0
107	107	4.0
107	108	2.0
108	108	4.0
108	116	1.0
108	118	1.0
109	109	2.0
109	132	2.0
110	110	3.0
110	132	1.0
110	165	1.0
111	111	1.0
111	113	2.0
111	115	1.0
111	132	1.0
111	138	1.0
111	144	1.0
111	145	1.0
111	149	1.0
112	112	2.0
112	113	1.0
112	114	1.0
112	127	1.0
112	143	1.0
112	194	1.0
113	113	1.0
113	114	2.0
113	115	1.0
113	117	1.0
113	127	1.0
114	114	8.0
114	115	1.0
114	127	1.0
115	115	3.0
115	116	3.0
115	172	1.0
116	117	1.0
116	118	1.0
116	130	1.0
116	160	1.0
117	117	7.0
117	119	2.0
118	118	1.0
118	135	1.0
119	119	5.0
119	120	1.0
119	122	1.0
119	156	1.0
119	165	1.0
119	171	1.0
119	185	1.0
120	120	4.0
120	121	1.0
120	129	1.0
121	121	4.0
121	140	1.0
121	157	1.0
122	122	4.0
122	137	1.0
122	141	1.0
123	123	6.0
123	125	1.0
124	124	3.0
124	125	3.0
125	125	4.0
125	126	1.0
125	129	1.0
126	126	9.0
126	127	4.0
126	169	1.0
126	197	1.0
127	127	10.0
127	128	2.0
127	197	1.0
128	128	5.0
129	129	8.0
129	135	1.0
130	130	2.0
130	131	1.0
131	131	10.0
131	138	1.0
131	139	1.0
132	132	4.0
132	133	3.0
132	145	1.0
132	147	1.0
132	153	1.0
133	133	4.0
133	134	1.0
133	136	1.0
133	137	1.0
133	148	1.0
134	134	5.0
134	135	4.0
134	151	1.0
135	135	8.0
136	136	4.0
136	137	1.0
136	160	1.0
137	137	6.0
137	138	1.0
137	139	1.0
137	160	1.0
138	138	5.0
138	139	2.0
138	141	1.0
138	142	1.0
139	139	3.0
139	140	1.0
139	150	1.0
139	153	1.0
139	176	1.0
140	140	8.0
140	142	1.0
140	176	1.0
141	141	6.0
141	156	1.0
142	142	3.0
143	143	1.0
143	144	1.0
144	144	2.0
144	145	1.0
144	146	1.0
144	153	1.0
145	146	1.0
145	153	1.0
146	147	4.0
146	149	1.0
146	181	1.0
147	147	2.0
147	148	2.0
148	148	4.0
148	158	1.0
148	159	1.0
149	149	1.0
149	150	1.0
149	159	1.0
149	160	1.0
150	150	7.0
150	151	1.0
150	152	1.0
151	151	8.0
151	152	2.0
151	153	3.0
151	155	1.0
152	152	3.0
152	153	1.0
153	153	4.0
153	154	1.0
153	189	1.0
154	154	3.0
154	156	1.0
154	157	1.0
154	166	1.0
154	191	1.0
154	192	1.0
155	155	4.0
155	156	2.0
155	157	1.0
156	156	5.0
156	157	1.0
156	158	1.0
156	159	1.0
156	165	1.0
157	157	11.0
157	158	2.0
157	164	1.0
157	170	1.0
157	196	1.0
158	158	4.0
158	159	1.0
158	165	2.0
158	169	1.0
158	188	1.0
158	193	1.0
159	159	3.0
159	160	2.0
159	169	1.0
160	160	3.0
161	161	1.0
161	162	1.0
161	166	2.0
161	179	1.0
161	182	1.0
161	192	1.0
162	166	1.0
162	167	1.0
162	179	1.0
163	163	3.0
163	165	1.0
164	164	4.0
164	180	1.0
165	165	4.0
165	180	1.0
166	166	1.0
166	167	1.0
167	167	5.0
167	168	1.0
167	169	3.0
167	173	1.0
167	178	1.0
168	168	4.0
168	169	2.0
168	172	1.0
168	175	1.0
169	169	2.0
169	170	1.0
169	177	1.0
170	170	8.0
170	171	2.0
170	180	1.0
171	171	6.0
171	172	2.0
171	186	1.0
172	172	4.0
172	173	1.0
172	177	1.0
172	178	2.0
173	173	6.0
173	174	1.0
173	176	1.0
174	174	5.0
174	175	3.0
174	176	1.0
174	178	1.0
174	180	1.0
175	175	4.0
175	176	1.0
176	176	2.0
176	178	1.0
176	193	1.0
177	177	6.0
177	183	1.0
178	178	5.0
179	179	6.0
179	180	1.0
180	180	2.0
180	182	1.0
180	184	2.0
180	197	1.0
181	181	2.0
181	182	1.0
182	182	4.0
182	183	1.0
182	194	1.0
183	183	14.0
183	185	1.0
183	186	2.0
183	192	1.0
184	184	6.0
184	185	2.0
184	196	1.0
185	185	7.0
185	186	5.0
185	190	1.0
186	186	3.0
186	187	1.0
187	187	8.0
187	188	3.0
187	190	2.0
188	188	6.0
188	190	1.0
188	191	1.0
188	192	1.0
188	193	1.0
189	189	6.0
190	190	4.0
190	191	3.0
190	192	1.0
190	193	2.0
191	191	3.0
191	197	1.0
192	192	2.0
192	193	3.0
193	193	4.0
193	194	2.0
194	194	3.0
194	196	1.0
195	195	1.0
195	196	1.0
196	196	6.0
197	197	5.0
0	10	1.0
0	27	1.0
0	64	1.0
0	188	1.0
0	0	1.0
