3	3	1.0
3	6	1.0
6	6	2.0
7	144	1.0
7	148	1.0
8	8	1.0
8	9	1.0
8	19	1.0
8	149	1.0
9	9	3.0
10	10	4.0
10	19	1.0
11	11	2.0
11	20	1.0
11	21	2.0
11	22	1.0
12	13	1.0
12	20	1.0
12	21	1.0
13	13	1.0
13	29	1.0
14	15	1.0
15	16	2.0
16	16	3.0
17	17	2.0
17	20	1.0
18	18	1.0
18	19	1.0
22	22	2.0
22	23	1.0
23	23	1.0
24	24	2.0
25	26	1.0
26	29	1.0
29	29	2.0
30	44	1.0
31	31	2.0
31	32	1.0
32	32	1.0
33	33	1.0
34	34	1.0
34	35	1.0
34	48	1.0
36	37	1.0
36	44	1.0
37	38	1.0
38	38	1.0
38	41	1.0
38	71	1.0
39	40	1.0
39	41	1.0
40	40	1.0
41	43	2.0
41	46	1.0
42	42	1.0
42	43	1.0
44	44	1.0
45	46	2.0
46	46	4.0
48	53	1.0
49	49	1.0
50	52	1.0
53	53	2.0
54	54	2.0
62	62	1.0
62	84	1.0
63	63	1.0
66	67	1.0
67	68	1.0
68	68	2.0
68	69	1.0
69	71	1.0
69	114	1.0
70	70	2.0
70	110	1.0
72	74	1.0
73	73	1.0
73	87	1.0
74	74	1.0
77	104	1.0
78	78	1.0
79	79	1.0
80	80	1.0
80	81	1.0
83	83	1.0
83	84	1.0
83	99	1.0
83	100	1.0
93	94	2.0
94	95	1.0
94	96	1.0
94	118	1.0
95	95	1.0
95	97	1.0
95	117	1.0
96	96	2.0
97	97	2.0
99	99	4.0
99	113	1.0
100	100	1.0
101	131	1.0
102	102	1.0
104	109	1.0
106	106	1.0
108	108	2.0
109	109	2.0
110	110	1.0
110	111	1.0
113	113	1.0
114	139	1.0
115	147	1.0
117	117	1.0
117	123	1.0
117	125	1.0
118	118	2.0
120	121	1.0
121	121	1.0
122	122	3.0
123	123	1.0
123	128	1.0
125	125	1.0
127	127	1.0
128	129	1.0
129	129	1.0
129	153	1.0
131	132	1.0
132	132	1.0
132	139	1.0
132	149	1.0
133	133	1.0
133	134	1.0
133	135	1.0
133	138	2.0
134	135	1.0
135	135	4.0
136	136	1.0
137	138	1.0
140	140	1.0
140	152	1.0
142	142	1.0
147	148	1.0
149	149	2.0
149	150	1.0
149	152	1.0
150	150	2.0
150	151	1.0
151	151	3.0
152	152	1.0
152	154	1.0
153	153	1.0
154	154	1.0
