1	1	3.0
1	3	1.0
2	2	3.0
2	3	1.0
3	3	1.0
3	4	1.0
3	7	1.0
3	13	1.0
3	14	1.0
3	69	1.0
4	4	1.0
4	13	1.0
4	22	1.0
5	5	2.0
5	6	4.0
6	6	6.0
7	7	3.0
7	8	1.0
7	13	1.0
8	8	3.0
8	9	1.0
8	12	1.0
9	9	1.0
9	39	1.0
10	10	4.0
10	25	1.0
11	11	11.0
12	12	1.0
12	13	2.0
13	13	2.0
14	14	1.0
18	18	1.0
18	19	1.0
19	19	5.0
19	20	2.0
19	35	1.0
20	20	3.0
21	21	1.0
21	22	1.0
21	29	1.0
22	22	1.0
23	23	1.0
24	24	2.0
24	27	2.0
24	29	1.0
24	51	1.0
25	25	1.0
25	26	4.0
25	27	1.0
26	26	3.0
28	28	2.0
28	29	1.0
29	29	4.0
29	30	1.0
30	30	4.0
30	31	1.0
31	31	1.0
31	32	1.0
31	34	1.0
31	37	2.0
32	32	3.0
32	34	1.0
32	45	1.0
32	65	1.0
33	33	4.0
34	34	2.0
34	56	1.0
35	35	3.0
35	39	1.0
35	47	1.0
36	36	3.0
36	37	1.0
36	39	1.0
36	52	1.0
36	57	1.0
37	37	3.0
37	38	1.0
37	57	1.0
38	38	4.0
38	39	1.0
38	50	1.0
38	63	1.0
38	74	1.0
39	39	3.0
39	40	1.0
39	43	1.0
40	40	2.0
40	45	1.0
41	41	4.0
41	42	1.0
41	52	1.0
42	42	5.0
42	43	2.0
42	47	1.0
42	59	1.0
42	65	1.0
43	43	2.0
43	44	1.0
43	53	1.0
43	65	1.0
44	44	3.0
44	45	1.0
44	73	1.0
45	45	6.0
45	46	1.0
45	55	1.0
45	77	1.0
46	46	7.0
46	65	1.0
46	66	2.0
47	47	4.0
47	48	1.0
47	73	1.0
48	48	3.0
48	49	3.0
49	68	1.0
50	50	5.0
50	57	1.0
51	51	2.0
51	52	1.0
51	73	1.0
52	52	2.0
52	53	2.0
52	57	1.0
52	66	1.0
53	53	3.0
53	54	1.0
53	56	1.0
53	59	1.0
54	54	4.0
54	55	2.0
54	56	1.0
55	55	3.0
55	60	1.0
55	64	1.0
55	65	1.0
56	56	8.0
57	57	4.0
57	59	2.0
58	58	1.0
58	61	1.0
58	62	1.0
58	71	1.0
58	73	1.0
59	59	8.0
59	60	1.0
59	61	2.0
59	73	1.0
60	60	4.0
60	61	1.0
61	61	3.0
61	62	3.0
61	64	1.0
62	62	1.0
62	63	1.0
62	70	1.0
63	63	3.0
63	64	2.0
64	64	2.0
64	65	1.0
65	65	3.0
65	66	1.0
65	76	1.0
66	67	2.0
66	68	1.0
67	67	6.0
68	68	4.0
68	73	2.0
68	75	1.0
69	69	1.0
69	70	1.0
69	76	1.0
70	70	3.0
70	72	1.0
70	74	1.0
71	71	6.0
72	72	1.0
73	73	2.0
73	74	1.0
73	77	1.0
74	74	2.0
74	75	1.0
74	77	1.0
75	75	2.0
75	76	1.0
76	76	4.0
77	77	6.0
0	1	1.0
0	41	1.0
0	50	1.0
0	0	2.0
