1	27	1.0
1	42	1.0
2	2	2.0
2	9	1.0
2	10	2.0
3	3	3.0
3	4	1.0
4	4	3.0
4	6	1.0
5	5	5.0
5	9	1.0
5	25	1.0
6	6	4.0
6	7	1.0
6	15	1.0
6	38	1.0
7	7	2.0
7	8	1.0
7	35	1.0
8	8	5.0
8	9	2.0
8	11	1.0
8	13	1.0
9	10	1.0
9	11	1.0
10	10	2.0
10	20	1.0
10	25	2.0
11	11	2.0
11	27	1.0
11	116	1.0
12	12	4.0
12	13	2.0
12	24	1.0
12	116	1.0
13	13	4.0
13	14	1.0
13	120	1.0
14	14	4.0
14	15	2.0
14	33	1.0
14	44	1.0
15	15	4.0
15	17	1.0
15	21	1.0
15	53	1.0
16	17	1.0
16	25	1.0
16	35	1.0
17	17	1.0
17	19	1.0
17	21	1.0
18	18	3.0
18	19	1.0
19	20	2.0
19	25	1.0
19	26	1.0
19	66	1.0
20	20	1.0
20	21	1.0
20	66	1.0
21	21	1.0
21	22	1.0
21	26	1.0
22	22	5.0
22	23	1.0
22	25	1.0
22	26	1.0
23	23	3.0
23	24	1.0
23	26	1.0
24	24	1.0
24	25	1.0
24	26	1.0
25	25	2.0
25	26	1.0
25	28	1.0
26	27	1.0
26	29	1.0
26	37	1.0
26	38	1.0
28	28	1.0
28	29	1.0
28	35	1.0
29	30	2.0
30	30	4.0
30	32	1.0
30	37	1.0
30	80	1.0
31	31	7.0
31	33	1.0
32	32	2.0
32	35	1.0
33	33	2.0
34	34	3.0
34	35	1.0
35	35	2.0
35	44	1.0
35	53	1.0
36	36	5.0
37	37	2.0
38	38	1.0
38	39	1.0
42	42	1.0
43	43	1.0
43	45	1.0
44	48	1.0
44	69	1.0
44	110	1.0
45	45	2.0
45	111	1.0
48	48	2.0
49	49	2.0
49	50	2.0
50	50	5.0
50	51	1.0
50	90	1.0
51	51	1.0
51	134	1.0
52	52	2.0
52	53	1.0
52	54	1.0
53	53	5.0
53	56	1.0
54	54	5.0
54	55	2.0
54	56	3.0
55	55	4.0
55	56	1.0
56	56	1.0
56	57	2.0
56	58	1.0
56	66	1.0
56	95	2.0
57	57	2.0
57	59	2.0
57	67	1.0
57	111	1.0
58	60	1.0
58	65	1.0
58	68	1.0
59	59	4.0
59	100	1.0
60	60	1.0
60	75	1.0
61	61	5.0
62	62	2.0
62	63	3.0
62	68	1.0
63	63	3.0
63	64	1.0
63	76	1.0
63	89	1.0
64	64	3.0
64	65	1.0
65	65	3.0
66	67	1.0
66	68	1.0
66	69	1.0
67	67	3.0
67	69	1.0
68	68	2.0
68	69	1.0
68	82	1.0
69	69	3.0
69	70	1.0
70	70	3.0
70	71	1.0
71	71	5.0
71	72	1.0
71	99	1.0
72	72	4.0
72	74	1.0
72	104	1.0
73	73	12.0
74	74	2.0
74	75	1.0
74	105	1.0
75	75	1.0
75	110	1.0
76	76	5.0
76	77	1.0
77	77	3.0
77	98	1.0
78	78	4.0
78	79	3.0
78	97	1.0
78	109	1.0
78	111	1.0
79	79	4.0
79	93	1.0
80	81	1.0
80	89	1.0
81	81	1.0
81	82	2.0
82	82	4.0
82	83	1.0
82	84	1.0
83	83	3.0
83	85	1.0
83	100	1.0
83	129	1.0
84	84	4.0
85	85	1.0
85	127	1.0
86	86	2.0
86	87	1.0
87	87	2.0
87	96	1.0
87	100	1.0
88	88	3.0
88	100	1.0
89	89	3.0
89	90	2.0
89	101	1.0
90	90	5.0
90	98	1.0
90	105	1.0
91	91	2.0
91	92	4.0
91	107	1.0
92	92	2.0
92	93	1.0
92	95	1.0
93	93	3.0
94	94	2.0
94	95	2.0
94	101	1.0
95	95	6.0
96	96	3.0
97	97	6.0
97	98	1.0
98	98	2.0
98	99	3.0
99	99	5.0
99	101	1.0
99	121	1.0
100	100	2.0
100	110	1.0
101	101	3.0
101	102	1.0
101	108	1.0
101	126	1.0
102	102	3.0
103	103	2.0
104	104	6.0
104	107	1.0
105	105	3.0
105	106	1.0
105	107	1.0
106	106	5.0
106	108	1.0
106	120	1.0
106	131	1.0
107	107	5.0
107	109	1.0
107	122	1.0
107	123	1.0
108	108	3.0
108	109	1.0
109	109	3.0
110	110	3.0
110	111	1.0
111	111	2.0
111	133	1.0
112	112	4.0
112	113	1.0
112	122	1.0
113	113	1.0
114	114	3.0
114	132	1.0
114	134	1.0
115	115	3.0
115	132	1.0
116	116	6.0
116	118	1.0
116	121	1.0
117	117	4.0
117	118	1.0
118	118	2.0
118	119	1.0
119	119	2.0
119	120	2.0
119	132	1.0
120	120	3.0
120	121	1.0
120	129	2.0
120	130	1.0
120	131	1.0
120	134	1.0
121	121	2.0
121	123	1.0
121	129	1.0
121	133	1.0
122	122	1.0
122	123	2.0
122	127	1.0
123	123	2.0
123	125	1.0
123	126	1.0
124	124	5.0
124	125	1.0
125	126	1.0
126	126	3.0
128	129	2.0
128	130	1.0
128	132	1.0
129	129	1.0
129	130	1.0
130	131	2.0
130	132	1.0
131	133	1.0
132	132	1.0
132	135	1.0
133	133	5.0
134	134	2.0
134	135	2.0
0	0	2.0
