1	1	3.0
1	2	1.0
2	2	5.0
2	61	2.0
3	3	3.0
3	4	1.0
3	11	1.0
3	61	1.0
3	69	1.0
3	70	1.0
4	4	4.0
4	5	3.0
4	6	1.0
4	7	1.0
4	18	1.0
5	5	2.0
5	6	1.0
6	6	7.0
6	7	3.0
6	8	1.0
6	108	1.0
6	109	2.0
7	7	1.0
7	8	4.0
7	26	1.0
7	78	1.0
8	8	4.0
8	46	1.0
8	47	1.0
8	112	1.0
9	9	5.0
9	10	2.0
9	63	1.0
9	68	1.0
9	69	1.0
9	72	1.0
9	112	1.0
10	10	7.0
10	11	1.0
10	22	1.0
10	67	1.0
10	111	1.0
11	11	6.0
11	13	1.0
11	37	1.0
11	39	1.0
12	12	13.0
13	13	1.0
13	14	1.0
13	24	1.0
13	30	2.0
13	55	1.0
14	14	5.0
14	16	1.0
14	30	1.0
15	15	7.0
15	16	1.0
15	30	1.0
16	16	1.0
16	18	1.0
16	25	1.0
16	30	1.0
16	71	1.0
16	80	1.0
16	82	1.0
16	83	1.0
17	17	5.0
17	18	1.0
17	62	1.0
17	71	1.0
17	83	2.0
17	106	1.0
17	134	1.0
18	18	2.0
18	56	1.0
18	84	1.0
18	132	1.0
18	134	3.0
19	19	8.0
19	85	1.0
20	20	2.0
20	21	1.0
20	22	1.0
20	37	1.0
21	21	3.0
21	24	1.0
21	50	1.0
22	22	1.0
22	24	1.0
22	26	2.0
23	23	3.0
23	24	3.0
23	25	1.0
23	29	2.0
23	30	1.0
24	24	2.0
24	30	2.0
25	25	1.0
25	26	1.0
25	36	1.0
25	82	1.0
26	26	1.0
26	27	2.0
26	32	1.0
26	100	1.0
26	101	1.0
27	27	3.0
27	28	2.0
27	33	1.0
27	101	1.0
28	28	4.0
28	29	1.0
28	60	2.0
29	29	2.0
30	30	4.0
30	31	3.0
30	80	2.0
31	31	2.0
31	79	1.0
32	32	3.0
32	33	2.0
32	35	1.0
33	33	2.0
33	34	3.0
34	34	3.0
35	35	5.0
35	36	2.0
35	60	1.0
36	36	2.0
36	37	1.0
37	37	2.0
37	38	3.0
37	40	1.0
38	38	3.0
38	40	2.0
38	46	1.0
39	39	1.0
40	40	2.0
40	46	1.0
40	102	1.0
41	41	1.0
42	42	1.0
42	43	3.0
42	49	2.0
43	43	1.0
43	44	1.0
43	100	1.0
43	102	2.0
43	105	1.0
44	44	1.0
44	45	2.0
44	61	1.0
44	78	1.0
44	102	1.0
45	45	7.0
45	46	1.0
45	123	1.0
45	134	1.0
46	46	2.0
46	47	2.0
46	107	1.0
46	108	1.0
46	113	1.0
46	117	1.0
47	47	5.0
47	67	1.0
48	49	1.0
48	50	1.0
49	76	1.0
49	134	2.0
51	55	1.0
55	55	1.0
55	56	1.0
55	59	1.0
55	84	2.0
56	56	2.0
56	57	2.0
56	133	1.0
57	57	4.0
57	58	1.0
58	58	2.0
59	59	3.0
59	60	4.0
59	70	1.0
60	70	1.0
60	71	1.0
60	100	1.0
61	61	6.0
61	62	6.0
61	78	1.0
61	103	1.0
62	62	1.0
62	68	1.0
62	79	2.0
63	63	3.0
63	64	2.0
63	68	1.0
63	71	1.0
63	133	1.0
64	64	2.0
64	65	1.0
64	72	1.0
64	73	1.0
64	75	2.0
65	65	4.0
65	71	1.0
66	66	8.0
66	73	1.0
67	67	2.0
68	68	2.0
68	69	3.0
69	69	3.0
69	72	1.0
70	70	2.0
70	71	1.0
70	79	1.0
71	71	1.0
71	72	3.0
71	99	1.0
72	72	4.0
72	73	3.0
73	73	2.0
74	74	10.0
75	75	3.0
75	77	1.0
76	76	2.0
77	77	6.0
77	93	1.0
78	78	4.0
78	79	5.0
78	93	1.0
78	99	1.0
79	79	3.0
79	80	4.0
79	82	1.0
79	99	1.0
79	102	1.0
79	103	1.0
80	80	2.0
80	81	1.0
80	101	1.0
81	81	1.0
81	82	1.0
81	91	2.0
81	100	1.0
82	82	5.0
82	83	2.0
82	91	1.0
82	92	1.0
82	102	1.0
83	83	5.0
83	84	1.0
83	134	1.0
84	84	1.0
84	85	3.0
84	87	1.0
84	88	1.0
84	90	1.0
84	98	2.0
84	134	1.0
85	85	2.0
85	88	1.0
85	119	1.0
85	132	1.0
86	86	5.0
86	88	1.0
86	94	1.0
87	87	1.0
87	88	1.0
87	96	1.0
87	97	1.0
87	132	1.0
88	88	2.0
88	89	1.0
89	114	1.0
90	90	1.0
90	91	1.0
90	131	1.0
91	91	3.0
91	92	1.0
91	93	1.0
91	131	1.0
92	92	4.0
92	93	1.0
92	95	1.0
92	103	1.0
92	104	1.0
92	105	1.0
92	131	1.0
92	134	1.0
93	93	1.0
93	94	1.0
93	103	1.0
94	94	3.0
94	95	1.0
94	96	1.0
94	100	1.0
95	95	5.0
95	96	1.0
95	97	1.0
95	100	1.0
95	107	1.0
95	119	1.0
96	96	1.0
96	97	1.0
96	119	1.0
97	97	3.0
97	98	3.0
97	104	2.0
98	98	1.0
99	99	2.0
99	119	1.0
99	122	1.0
100	100	1.0
100	119	1.0
101	101	3.0
101	107	2.0
101	108	1.0
101	112	1.0
101	113	1.0
101	115	1.0
101	116	1.0
101	117	1.0
101	134	1.0
102	102	3.0
102	103	1.0
103	103	5.0
103	104	1.0
104	104	2.0
104	105	2.0
105	105	3.0
105	113	1.0
106	106	4.0
106	107	2.0
106	113	1.0
107	107	3.0
107	110	4.0
107	111	1.0
107	113	2.0
107	123	1.0
108	108	4.0
108	109	2.0
108	110	1.0
108	111	1.0
108	116	1.0
109	109	7.0
109	111	1.0
110	110	3.0
110	111	1.0
111	111	2.0
112	112	2.0
112	113	4.0
112	114	4.0
112	115	2.0
113	113	2.0
113	117	1.0
113	120	1.0
113	124	1.0
114	114	4.0
114	120	1.0
115	115	6.0
115	116	2.0
116	116	5.0
116	123	1.0
117	117	3.0
117	128	1.0
118	118	7.0
118	122	1.0
119	119	3.0
119	132	1.0
120	120	3.0
121	121	5.0
121	134	1.0
122	122	4.0
122	123	1.0
123	123	5.0
123	124	2.0
123	128	1.0
124	124	5.0
124	125	1.0
124	127	1.0
124	130	1.0
125	125	2.0
126	126	2.0
126	127	4.0
126	130	1.0
126	133	1.0
127	127	3.0
127	128	1.0
127	132	1.0
127	133	1.0
128	128	2.0
128	130	1.0
128	131	1.0
130	130	6.0
130	131	2.0
130	132	2.0
131	131	3.0
131	132	1.0
132	132	8.0
132	133	3.0
133	133	2.0
133	134	2.0
134	134	3.0
0	62	1.0
0	0	7.0
