19	19	1.0
19	20	1.0
19	53	1.0
20	20	4.0
20	22	1.0
20	49	1.0
21	21	4.0
22	22	3.0
22	23	2.0
23	23	2.0
23	24	2.0
23	59	1.0
24	24	5.0
24	41	1.0
24	60	1.0
25	25	3.0
25	37	1.0
25	43	1.0
25	65	1.0
26	26	2.0
26	27	1.0
26	37	1.0
26	61	2.0
27	27	3.0
27	28	5.0
27	29	1.0
27	60	1.0
28	28	6.0
28	29	1.0
29	29	2.0
30	30	6.0
30	43	1.0
31	31	8.0
32	32	2.0
32	33	3.0
32	54	1.0
32	93	1.0
32	94	1.0
33	33	4.0
33	34	1.0
33	36	1.0
33	37	1.0
34	34	2.0
34	35	3.0
34	36	1.0
35	35	1.0
35	36	1.0
35	87	1.0
36	36	9.0
36	37	3.0
36	39	1.0
36	53	1.0
36	59	1.0
37	37	5.0
37	38	2.0
37	40	1.0
38	38	6.0
38	42	1.0
39	39	3.0
39	40	2.0
39	41	1.0
39	101	1.0
40	40	6.0
40	41	4.0
40	44	1.0
40	104	1.0
41	41	3.0
42	42	6.0
42	99	1.0
43	43	3.0
43	44	5.0
43	74	1.0
44	44	5.0
44	46	1.0
44	68	1.0
45	45	3.0
45	50	1.0
46	46	2.0
47	47	1.0
47	48	2.0
48	48	3.0
48	49	1.0
48	104	1.0
48	106	1.0
49	49	2.0
50	50	4.0
50	51	2.0
50	65	1.0
50	66	1.0
50	96	1.0
50	106	1.0
51	51	3.0
51	52	2.0
51	53	1.0
51	57	1.0
52	52	7.0
53	53	3.0
53	56	1.0
53	58	2.0
54	54	1.0
54	55	3.0
54	81	1.0
55	55	1.0
55	80	1.0
56	56	2.0
56	63	1.0
57	57	2.0
57	58	1.0
58	58	2.0
58	59	2.0
58	61	1.0
58	78	1.0
59	59	1.0
59	60	1.0
59	61	1.0
60	60	3.0
61	61	3.0
61	62	3.0
62	62	2.0
62	63	1.0
63	63	3.0
63	65	1.0
64	64	2.0
64	88	1.0
64	92	1.0
65	65	1.0
65	66	3.0
65	75	1.0
65	86	1.0
66	66	3.0
66	67	2.0
66	93	1.0
67	67	2.0
68	68	1.0
68	71	2.0
69	69	3.0
69	101	2.0
70	70	3.0
71	71	1.0
71	72	1.0
71	75	1.0
71	80	1.0
71	89	1.0
72	72	2.0
73	73	3.0
73	74	2.0
73	76	1.0
74	74	2.0
74	75	3.0
75	75	2.0
75	77	1.0
76	76	3.0
76	78	1.0
76	84	1.0
77	77	4.0
77	78	3.0
77	92	1.0
78	78	4.0
78	79	2.0
78	88	1.0
79	79	1.0
79	89	1.0
80	80	4.0
80	81	1.0
80	87	1.0
80	100	1.0
81	81	3.0
81	82	1.0
82	82	1.0
82	101	1.0
82	103	1.0
83	84	1.0
83	86	1.0
83	102	1.0
83	110	1.0
83	111	1.0
84	84	1.0
84	85	4.0
84	86	1.0
85	85	2.0
85	86	2.0
86	86	1.0
86	97	1.0
87	88	1.0
87	89	1.0
88	88	3.0
89	90	1.0
90	90	1.0
90	91	1.0
91	92	2.0
91	102	1.0
92	92	1.0
92	93	1.0
92	95	1.0
92	97	1.0
92	107	1.0
93	93	1.0
93	94	1.0
93	95	1.0
94	94	2.0
94	96	1.0
94	107	1.0
94	111	1.0
95	95	5.0
95	96	2.0
96	96	5.0
96	97	1.0
97	97	2.0
97	98	1.0
98	98	6.0
98	99	2.0
99	99	7.0
99	108	1.0
99	115	1.0
100	100	4.0
100	101	2.0
100	102	1.0
100	107	1.0
101	101	4.0
101	112	1.0
102	102	1.0
102	103	1.0
102	108	1.0
103	103	2.0
103	104	2.0
103	107	1.0
103	112	1.0
104	104	2.0
104	105	1.0
104	106	1.0
104	107	1.0
104	108	1.0
104	109	1.0
105	105	3.0
105	106	1.0
105	107	1.0
106	106	6.0
106	112	1.0
107	107	2.0
107	113	1.0
108	108	5.0
108	109	1.0
108	112	1.0
109	109	7.0
109	110	1.0
110	110	4.0
110	111	2.0
111	111	5.0
111	112	1.0
112	112	3.0
112	113	1.0
113	113	7.0
114	114	8.0
115	115	2.0
