1	1	8.0
1	2	5.0
1	28	1.0
1	44	1.0
1	106	1.0
1	121	2.0
1	150	1.0
2	2	13.0
2	3	5.0
2	4	2.0
2	15	1.0
2	23	1.0
2	26	1.0
2	151	1.0
3	3	15.0
3	4	6.0
3	22	1.0
4	4	14.0
4	5	1.0
4	16	1.0
4	19	1.0
4	20	1.0
4	29	1.0
4	40	1.0
4	63	1.0
4	77	1.0
4	151	1.0
4	155	1.0
4	156	2.0
4	158	2.0
4	159	1.0
5	5	11.0
5	6	1.0
5	7	1.0
5	23	1.0
5	41	1.0
5	80	1.0
5	102	1.0
5	127	1.0
6	6	12.0
6	40	1.0
6	100	1.0
6	106	1.0
7	7	5.0
7	8	5.0
7	9	1.0
7	13	1.0
7	14	1.0
7	17	1.0
7	22	1.0
7	24	2.0
7	82	1.0
8	8	6.0
8	9	1.0
8	10	1.0
8	13	4.0
8	16	1.0
8	21	1.0
8	22	1.0
8	31	1.0
9	9	9.0
9	10	2.0
9	30	1.0
9	31	1.0
10	10	5.0
10	11	2.0
10	15	1.0
10	20	1.0
10	22	1.0
10	29	1.0
10	31	1.0
11	11	9.0
11	12	4.0
11	16	1.0
11	19	1.0
11	31	1.0
11	56	1.0
12	12	8.0
12	13	2.0
12	15	1.0
12	19	1.0
12	23	1.0
12	56	1.0
12	141	1.0
13	13	7.0
13	14	5.0
13	15	1.0
13	17	1.0
13	18	1.0
13	67	1.0
13	117	1.0
14	14	6.0
14	15	2.0
14	46	1.0
14	49	1.0
14	118	1.0
15	15	5.0
15	16	3.0
15	18	3.0
15	29	1.0
15	91	1.0
15	121	1.0
15	141	1.0
16	16	8.0
16	36	1.0
16	126	1.0
16	139	1.0
17	17	9.0
17	18	6.0
17	19	1.0
17	23	1.0
17	24	1.0
17	100	1.0
18	18	7.0
18	19	3.0
18	22	2.0
19	19	8.0
19	20	4.0
19	21	1.0
19	29	1.0
19	78	1.0
19	90	1.0
19	134	1.0
20	20	3.0
20	21	3.0
20	22	1.0
20	23	1.0
20	24	1.0
20	49	1.0
20	53	1.0
21	21	10.0
21	22	2.0
21	24	1.0
21	26	1.0
21	27	1.0
21	54	1.0
21	81	1.0
22	22	13.0
22	23	3.0
22	25	1.0
22	35	1.0
22	38	2.0
22	77	1.0
23	23	8.0
23	24	4.0
23	25	1.0
23	27	1.0
23	31	1.0
23	113	1.0
24	24	11.0
24	25	6.0
24	28	1.0
24	30	1.0
24	32	1.0
24	57	1.0
24	65	1.0
24	136	1.0
25	25	11.0
25	26	3.0
25	27	2.0
25	30	1.0
25	34	1.0
25	56	1.0
25	157	1.0
26	26	13.0
26	27	4.0
26	32	1.0
26	138	1.0
27	27	12.0
27	28	2.0
27	34	1.0
27	42	1.0
27	89	1.0
27	151	1.0
27	152	1.0
27	156	1.0
28	28	15.0
28	29	3.0
28	30	1.0
28	32	1.0
28	36	3.0
28	157	1.0
29	29	14.0
29	30	5.0
29	32	1.0
29	49	1.0
30	30	12.0
30	31	4.0
30	32	2.0
30	33	1.0
30	42	1.0
30	46	1.0
30	48	1.0
30	68	1.0
30	157	1.0
31	31	7.0
31	32	3.0
31	38	1.0
32	32	2.0
32	34	1.0
32	35	1.0
32	37	2.0
32	49	1.0
32	53	1.0
32	67	1.0
33	33	13.0
33	34	3.0
33	35	3.0
33	36	1.0
33	38	1.0
33	46	1.0
33	55	1.0
33	64	1.0
34	34	10.0
34	35	1.0
34	37	2.0
35	35	5.0
35	46	1.0
35	47	1.0
35	50	2.0
36	36	8.0
36	37	1.0
36	39	2.0
36	42	1.0
36	48	1.0
37	37	13.0
37	38	4.0
37	39	1.0
37	48	1.0
37	148	1.0
38	38	7.0
38	39	5.0
38	45	1.0
38	53	1.0
38	54	1.0
39	39	11.0
39	40	1.0
39	103	1.0
40	40	10.0
40	41	10.0
40	42	1.0
40	43	1.0
40	44	1.0
40	47	1.0
40	120	1.0
40	133	1.0
40	138	1.0
41	41	11.0
41	42	1.0
41	45	2.0
42	42	17.0
42	43	1.0
42	45	1.0
42	46	1.0
42	95	1.0
42	136	1.0
43	43	12.0
43	45	1.0
43	46	2.0
44	44	14.0
44	45	5.0
44	46	2.0
44	101	1.0
44	129	1.0
44	133	1.0
45	45	9.0
45	46	1.0
45	47	2.0
45	48	1.0
45	49	2.0
46	46	10.0
46	47	5.0
46	57	1.0
46	78	1.0
46	106	1.0
46	133	1.0
47	47	10.0
47	48	2.0
47	54	1.0
47	55	1.0
47	105	1.0
47	106	1.0
47	132	1.0
48	48	4.0
48	49	6.0
48	50	2.0
49	49	2.0
49	50	2.0
49	52	1.0
49	53	1.0
49	55	2.0
49	56	1.0
50	50	7.0
50	51	4.0
50	52	1.0
50	54	1.0
50	70	1.0
50	131	1.0
51	51	10.0
51	52	3.0
51	113	1.0
51	131	1.0
52	52	5.0
52	54	1.0
52	55	1.0
52	122	1.0
53	53	5.0
53	54	1.0
53	113	1.0
54	54	6.0
54	55	3.0
54	56	1.0
54	115	1.0
55	55	10.0
55	56	4.0
55	65	1.0
56	56	6.0
56	58	1.0
57	57	1.0
57	62	1.0
61	67	1.0
61	102	1.0
62	62	2.0
62	63	2.0
63	63	3.0
63	64	6.0
63	65	1.0
63	67	1.0
63	68	1.0
64	64	5.0
64	65	2.0
64	70	1.0
64	75	1.0
64	110	1.0
65	65	17.0
65	66	2.0
65	70	1.0
65	80	1.0
65	87	1.0
65	101	1.0
66	66	10.0
66	67	8.0
66	68	1.0
66	69	1.0
66	99	1.0
66	104	1.0
66	129	1.0
67	67	7.0
67	68	3.0
67	69	2.0
67	71	2.0
67	87	1.0
67	97	1.0
67	117	1.0
67	152	1.0
67	153	1.0
68	68	9.0
68	69	4.0
68	70	4.0
68	71	2.0
68	75	1.0
68	85	1.0
68	112	1.0
68	116	1.0
68	140	1.0
68	152	1.0
68	153	1.0
69	69	4.0
69	70	3.0
69	71	4.0
69	85	1.0
69	87	2.0
69	103	1.0
69	104	1.0
69	111	1.0
69	152	1.0
70	70	9.0
70	71	2.0
70	99	1.0
70	113	1.0
70	142	1.0
71	71	11.0
72	72	6.0
72	73	2.0
72	81	1.0
72	85	1.0
72	99	1.0
72	101	1.0
72	131	1.0
73	73	23.0
73	74	1.0
74	100	1.0
75	75	9.0
75	79	1.0
75	99	2.0
75	106	1.0
76	76	4.0
76	77	1.0
76	81	1.0
76	92	1.0
76	110	1.0
77	77	10.0
77	78	4.0
77	111	1.0
78	78	8.0
78	79	3.0
78	104	1.0
79	79	9.0
79	80	2.0
79	104	1.0
79	105	1.0
79	107	1.0
79	111	1.0
80	80	9.0
80	81	3.0
80	84	1.0
81	81	6.0
81	82	4.0
81	83	1.0
81	84	2.0
81	89	1.0
81	113	1.0
82	82	4.0
82	83	1.0
82	112	1.0
82	121	1.0
83	83	4.0
83	84	4.0
83	85	1.0
83	92	1.0
84	84	8.0
84	85	3.0
84	86	1.0
84	87	1.0
84	90	1.0
84	98	1.0
84	102	1.0
85	85	7.0
85	86	2.0
85	88	1.0
85	89	1.0
85	93	2.0
85	95	1.0
85	120	1.0
86	86	9.0
86	87	3.0
86	88	1.0
86	98	1.0
87	87	11.0
87	88	1.0
87	89	3.0
87	90	1.0
87	91	1.0
87	92	1.0
87	96	1.0
87	97	1.0
87	102	1.0
88	88	4.0
88	89	2.0
88	90	1.0
88	91	1.0
88	93	1.0
89	89	5.0
89	90	2.0
89	91	3.0
89	92	1.0
89	93	1.0
89	94	1.0
89	95	1.0
89	102	1.0
90	90	8.0
90	91	2.0
90	94	1.0
90	97	1.0
90	122	2.0
90	133	1.0
91	91	6.0
91	93	1.0
91	94	1.0
91	95	1.0
91	99	1.0
91	110	1.0
92	92	8.0
92	94	1.0
92	103	1.0
93	93	11.0
93	94	3.0
93	95	1.0
93	96	2.0
93	97	1.0
93	98	2.0
93	115	1.0
94	94	6.0
94	98	2.0
94	115	1.0
94	116	1.0
95	95	4.0
95	96	2.0
95	103	1.0
95	104	1.0
95	114	1.0
95	142	2.0
96	96	8.0
96	97	2.0
96	107	1.0
96	108	1.0
96	112	1.0
96	114	1.0
97	97	7.0
97	98	4.0
97	109	1.0
97	111	1.0
98	98	21.0
98	99	2.0
98	105	2.0
98	106	1.0
98	107	1.0
98	111	1.0
98	128	1.0
98	147	1.0
98	157	1.0
99	99	8.0
99	100	2.0
99	105	1.0
99	106	1.0
99	122	1.0
99	128	2.0
100	100	9.0
100	101	3.0
100	102	1.0
100	103	1.0
101	101	26.0
101	106	2.0
102	102	1.0
102	110	1.0
102	116	2.0
102	127	2.0
103	103	4.0
103	104	2.0
104	104	9.0
104	105	2.0
104	106	1.0
104	108	1.0
104	119	1.0
104	124	1.0
104	132	1.0
105	105	19.0
105	106	4.0
105	109	1.0
105	116	1.0
105	129	1.0
106	106	13.0
106	107	5.0
106	111	1.0
106	127	1.0
107	107	6.0
107	108	1.0
107	109	1.0
107	110	1.0
107	115	1.0
107	139	1.0
108	108	11.0
108	110	1.0
108	111	1.0
108	113	1.0
108	116	1.0
108	125	1.0
108	138	1.0
109	109	5.0
109	110	2.0
109	113	1.0
109	115	1.0
109	117	2.0
109	118	1.0
110	110	8.0
110	111	1.0
110	112	1.0
110	138	1.0
110	148	1.0
111	111	17.0
111	112	3.0
111	113	1.0
111	117	1.0
111	118	2.0
111	126	1.0
112	112	10.0
112	113	6.0
112	116	2.0
112	147	1.0
112	148	2.0
113	113	2.0
113	114	3.0
113	115	1.0
114	114	3.0
114	115	1.0
114	122	1.0
115	115	5.0
115	116	1.0
115	117	1.0
115	121	1.0
115	133	1.0
116	116	15.0
116	117	3.0
116	122	1.0
116	157	1.0
117	117	10.0
117	118	4.0
117	119	2.0
117	141	1.0
118	118	7.0
118	119	3.0
118	120	2.0
118	131	1.0
118	156	1.0
119	119	10.0
119	120	1.0
119	121	1.0
120	120	6.0
120	121	4.0
120	137	1.0
121	121	5.0
121	122	8.0
121	142	1.0
122	122	11.0
122	126	1.0
122	131	1.0
122	135	1.0
122	136	1.0
122	137	2.0
122	157	1.0
122	159	2.0
123	123	9.0
123	124	1.0
123	134	1.0
123	138	1.0
123	140	1.0
123	149	1.0
123	150	1.0
123	154	1.0
124	124	1.0
124	125	2.0
124	127	1.0
124	135	1.0
125	125	6.0
125	126	1.0
125	131	1.0
125	132	1.0
125	135	1.0
125	141	1.0
125	153	1.0
126	126	7.0
126	127	1.0
126	131	1.0
126	137	1.0
126	145	1.0
126	149	1.0
127	127	14.0
127	128	3.0
127	129	2.0
127	136	1.0
128	128	13.0
128	129	4.0
128	130	3.0
128	134	1.0
128	156	1.0
129	129	14.0
129	130	3.0
129	131	1.0
129	156	2.0
130	130	11.0
130	131	5.0
130	142	1.0
131	131	11.0
131	132	1.0
131	133	1.0
131	134	1.0
131	136	1.0
131	146	1.0
131	152	1.0
131	156	1.0
132	132	3.0
132	133	5.0
132	144	1.0
132	146	1.0
132	147	1.0
132	152	1.0
133	133	7.0
133	134	3.0
133	135	2.0
133	148	2.0
133	149	1.0
133	154	1.0
133	158	1.0
134	134	16.0
134	135	1.0
134	137	1.0
134	138	1.0
134	139	1.0
134	140	1.0
135	135	8.0
135	146	1.0
135	152	1.0
136	136	8.0
136	137	4.0
136	152	1.0
136	159	1.0
137	137	6.0
137	138	3.0
137	143	1.0
137	148	1.0
137	150	1.0
137	153	1.0
137	157	1.0
138	138	9.0
138	140	1.0
138	142	1.0
138	146	1.0
139	139	17.0
139	140	1.0
139	141	1.0
139	143	1.0
139	145	1.0
139	150	1.0
140	140	8.0
140	141	4.0
141	141	6.0
141	142	2.0
141	143	1.0
141	148	1.0
141	156	1.0
142	142	10.0
142	143	1.0
142	148	1.0
142	158	1.0
143	143	2.0
143	144	1.0
143	148	1.0
143	149	1.0
144	144	2.0
144	145	3.0
144	146	2.0
144	148	1.0
145	145	3.0
145	146	4.0
145	148	2.0
145	150	1.0
145	152	1.0
146	146	4.0
146	147	1.0
146	148	2.0
146	158	1.0
147	147	10.0
147	148	1.0
147	150	1.0
147	154	1.0
148	148	9.0
148	149	5.0
148	150	1.0
148	156	1.0
149	149	7.0
149	150	2.0
149	153	1.0
150	150	8.0
150	151	2.0
150	155	1.0
150	156	1.0
150	157	1.0
151	151	16.0
151	152	4.0
151	157	1.0
152	152	1.0
152	155	1.0
152	156	1.0
152	158	1.0
153	153	6.0
153	154	1.0
153	155	1.0
154	154	7.0
154	155	3.0
155	155	9.0
155	156	10.0
155	157	1.0
155	158	2.0
156	156	11.0
156	157	1.0
156	158	1.0
157	157	9.0
157	158	3.0
158	158	8.0
158	159	1.0
0	1	5.0
0	127	1.0
0	151	1.0
0	0	11.0
