1	1	3.0
1	47	1.0
2	2	3.0
2	22	1.0
2	53	1.0
2	101	1.0
2	130	1.0
3	4	1.0
3	27	1.0
4	4	4.0
4	5	1.0
4	35	2.0
4	68	1.0
5	5	3.0
5	6	2.0
5	24	1.0
6	6	2.0
6	9	1.0
6	23	1.0
6	27	1.0
6	45	1.0
7	7	1.0
7	8	1.0
7	26	2.0
8	8	1.0
8	10	1.0
8	50	1.0
9	9	2.0
9	10	2.0
9	11	1.0
9	30	1.0
9	47	1.0
10	101	1.0
10	125	1.0
11	15	2.0
12	12	3.0
12	14	1.0
13	13	1.0
13	39	1.0
13	125	1.0
15	15	3.0
15	16	1.0
15	38	1.0
15	49	1.0
16	16	5.0
17	17	3.0
17	41	1.0
18	18	1.0
18	19	1.0
18	20	1.0
18	23	2.0
19	19	1.0
20	20	1.0
21	21	2.0
21	132	1.0
22	22	1.0
22	23	1.0
22	34	1.0
22	95	1.0
22	130	1.0
23	23	1.0
23	78	1.0
24	24	2.0
24	48	2.0
24	51	1.0
25	25	2.0
25	28	1.0
26	26	1.0
26	57	1.0
27	28	1.0
27	53	1.0
28	28	2.0
28	47	1.0
28	48	1.0
29	29	2.0
29	31	1.0
29	48	1.0
29	52	1.0
29	54	1.0
29	61	1.0
30	30	2.0
30	31	2.0
30	37	1.0
30	45	1.0
31	31	2.0
32	32	1.0
32	36	1.0
32	89	1.0
33	33	1.0
33	43	1.0
33	101	1.0
35	35	3.0
35	36	1.0
36	36	5.0
37	37	4.0
37	49	1.0
38	38	3.0
39	39	4.0
39	52	1.0
40	40	5.0
40	41	4.0
40	43	1.0
40	45	1.0
42	42	6.0
42	43	1.0
43	43	3.0
43	52	1.0
44	44	3.0
44	45	2.0
44	98	1.0
45	45	1.0
45	52	1.0
46	46	5.0
46	47	2.0
47	47	1.0
48	48	2.0
49	49	5.0
50	50	1.0
50	79	1.0
51	51	1.0
52	53	1.0
52	54	2.0
53	53	4.0
53	56	1.0
54	54	2.0
55	56	1.0
55	128	1.0
56	118	1.0
57	57	2.0
57	62	1.0
62	156	1.0
63	63	1.0
63	64	1.0
63	94	1.0
63	154	1.0
65	65	2.0
65	66	2.0
65	155	1.0
65	158	1.0
66	66	1.0
66	67	3.0
66	69	1.0
66	93	1.0
67	67	3.0
67	68	1.0
68	68	1.0
68	71	2.0
69	69	2.0
69	71	1.0
69	108	1.0
69	111	1.0
70	70	2.0
70	71	1.0
71	71	2.0
71	96	1.0
72	96	1.0
73	73	4.0
74	74	1.0
75	80	1.0
77	77	3.0
77	78	2.0
77	81	1.0
78	78	4.0
78	79	1.0
78	82	1.0
78	86	1.0
78	87	1.0
79	79	1.0
79	84	1.0
79	127	1.0
80	80	4.0
80	93	1.0
80	94	1.0
80	127	1.0
81	81	6.0
81	84	1.0
81	92	1.0
82	82	1.0
83	83	3.0
83	84	1.0
83	85	2.0
83	116	1.0
83	137	1.0
84	84	3.0
84	85	2.0
84	114	1.0
85	85	1.0
85	114	1.0
85	145	1.0
86	86	1.0
86	87	1.0
87	87	1.0
87	90	1.0
87	122	1.0
88	88	2.0
88	89	1.0
88	121	2.0
89	89	1.0
90	90	1.0
90	91	1.0
90	106	1.0
90	126	1.0
91	91	2.0
91	92	1.0
91	126	1.0
92	92	2.0
92	93	1.0
93	94	1.0
93	103	1.0
94	94	5.0
94	95	2.0
95	95	4.0
95	96	1.0
95	97	1.0
95	118	1.0
96	97	1.0
97	97	1.0
97	118	1.0
97	119	1.0
98	98	3.0
98	99	1.0
98	106	1.0
99	99	3.0
99	115	1.0
100	100	2.0
100	111	2.0
101	101	3.0
103	103	2.0
103	113	1.0
104	104	1.0
104	147	1.0
105	105	5.0
105	106	2.0
105	130	1.0
106	106	5.0
107	107	2.0
107	108	1.0
108	110	1.0
108	113	1.0
109	111	1.0
110	110	3.0
110	111	2.0
111	111	2.0
111	112	1.0
111	116	1.0
112	113	1.0
112	117	1.0
113	113	1.0
114	115	1.0
115	115	3.0
115	116	1.0
116	116	4.0
116	117	1.0
116	148	1.0
117	117	3.0
117	149	1.0
118	118	1.0
118	120	1.0
118	149	1.0
119	120	1.0
120	138	1.0
120	146	1.0
121	121	1.0
122	122	1.0
122	158	1.0
123	123	1.0
123	124	1.0
124	141	1.0
125	125	3.0
125	126	1.0
125	146	1.0
126	126	2.0
126	127	1.0
127	127	1.0
127	132	1.0
127	133	1.0
127	157	1.0
128	128	3.0
129	130	2.0
130	130	2.0
131	131	1.0
131	133	1.0
131	148	1.0
132	132	4.0
132	133	2.0
133	133	7.0
134	134	2.0
134	135	1.0
134	138	1.0
135	135	3.0
135	136	2.0
136	136	1.0
136	137	1.0
136	141	1.0
137	137	3.0
138	138	1.0
138	139	2.0
139	139	1.0
140	140	4.0
140	142	1.0
140	154	1.0
141	141	1.0
141	142	1.0
141	150	1.0
141	151	1.0
142	142	2.0
142	148	1.0
143	143	1.0
144	144	1.0
144	145	1.0
146	148	1.0
147	147	1.0
147	148	1.0
147	152	1.0
148	148	1.0
149	149	1.0
150	150	7.0
150	151	2.0
151	151	2.0
151	152	3.0
152	152	3.0
153	153	2.0
154	154	3.0
154	155	3.0
154	156	1.0
156	156	3.0
157	157	1.0
157	158	1.0
158	158	2.0
158	159	1.0
0	81	1.0
0	0	3.0
