bin1    bin2    count
26 26 1
47 47 1
36 36 1
43 43 1
88 89 1
35 35 1
77 77 1
31 31 2
22 22 3
72 74 1
27 27 1
13 13 1
57 57 1
46 46 1
57 81 1
67 67 1
60 60 1
8 9 1
53 53 1
87 87 2
30 30 1
20 37 1
59 59 1
86 89 1
86 86 1
20 20 1
18 18 1
46 47 1
79 79 1
64 65 1
18 19 1
62 62 1
73 73 1
15 15 2
37 38 1
81 81 1
20 27 2
65 65 2
80 81 1
83 83 1
15 30 2
26 26 2
48 48 1
87 88 1
22 22 1
71 72 1
11 12 1
77 77 1
37 42 1
77 77 2
19 19 2
57 73 1
72 72 2
67 67 1
64 64 1
27 27 1
44 46 1
53 53 1
68 68 1
45 48 1
16 20 1
54 54 1
82 82 1
8 9 1
36 36 2
79 80 1
26 26 1
36 36 1
52 52 1
38 83 1
27 27 3
27 27 1
5 5 1
25 25 1
45 71 1
25 25 1
63 63 2
51 51 3
32 32 1
66 81 1
78 78 1
18 18 1
69 69 1
36 36 1
51 51 1
28 28 1
44 67 2
8 8 1
37 38 1
78 78 1
40 40 1
16 29 2
10 10 1
34 34 1
56 56 2
27 27 1
75 75 1
6 6 1
72 72 1
75 77 1
48 48 1
42 42 1
14 14 3
67 77 1
72 72 2
21 21 2
55 56 1
46 46 2
35 36 1
25 25 1
69 69 1
44 44 2
41 41 1
37 37 1
64 67 1
32 32 1
51 51 1
88 88 1
77 77 2
60 60 2
65 66 1
22 22 1
23 23 1
29 29 2
27 27 1
26 26 2
47 89 1
7 7 1
35 35 1
87 87 1
13 13 1
77 77 1
60 60 1
28 29 1
27 27 2
86 89 1
18 18 1
51 51 1
73 75 2
48 48 2
18 20 1
87 87 1
78 78 1
18 18 1
28 29 3
57 57 1
11 11 2
77 77 2
46 46 1
80 80 1
37 37 1
68 68 3
86 86 4
23 75 1
63 63 1
88 88 1
19 39 1
26 26 2
75 76 1
30 31 2
41 41 2
75 75 1
60 60 1
54 54 1
11 12 1
59 60 1
39 64 1
5 6 3
51 51 2
72 72 1
51 51 1
24 24 1
4 5 1
46 46 2
78 78 1
56 56 1
65 78 1
14 14 1
83 83 1
51 51 1
20 20 2
81 81 1
83 83 1
22 22 1
13 13 1
76 76 1
76 80 1
7 7 1
16 17 3
7 7 2
5 10 1
89 89 1
19 20 1
17 17 1
77 77 1
73 73 1
77 77 1
16 41 1
26 26 2
80 80 1
57 57 2
4 4 1
39 39 1
62 62 2
25 25 2
68 68 1
67 67 1
46 48 1
36 36 1
7 7 1
50 50 1
52 52 1
83 84 1
46 46 1
47 47 1
36 36 1
74 80 1
80 80 1
51 51 1
28 28 1
47 47 1
57 57 1
20 22 1
13 15 1
5 5 2
73 73 1
46 47 1
71 81 1
39 39 1
39 39 1
52 63 1
17 23 2
49 49 1
84 84 1
83 85 1
4 4 2
7 7 1
68 74 1
48 49 2
79 79 1
41 90 1
35 35 1
77 77 2
4 78 1
76 76 1
87 88 1
12 12 2
60 63 1
27 27 1
85 85 1
16 20 1
61 61 1
79 79 1
82 82 1
26 27 1
34 34 1
50 50 1
14 14 2
45 46 1
24 24 2
12 12 1
38 38 1
28 28 1
59 59 1
44 44 1
59 59 1
53 53 1
28 28 2
25 25 1
65 65 1
44 44 1
87 88 1
89 89 1
42 42 1
31 31 1
5 5 1
37 39 1
80 81 1
83 83 2
56 56 1
39 39 2
3 3 1
43 43 1
74 74 1
55 56 2
14 15 1
3 3 1
29 30 1
25 25 1
53 54 1
72 72 1
38 38 2
88 88 1
4 4 1
37 37 1
90 90 2
17 17 1
84 85 1
44 44 1
77 80 1
86 86 1
82 82 1
69 70 1
61 61 1
25 25 1
84 84 1
80 80 1
20 75 1
79 79 1
60 60 1
49 49 1
44 44 1
55 68 1
64 64 1
71 71 2
61 61 1
86 88 1
74 74 1
75 75 1
34 34 1
59 59 1
68 70 2
83 83 1
89 89 2
56 57 1
53 53 1
70 70 1
10 10 1
51 51 1
80 80 1
11 11 1
58 60 1
5 9 1
55 78 3
64 70 2
53 53 1
77 77 1
31 31 1
58 58 1
27 27 1
74 74 1
14 14 1
23 24 2
22 22 2
15 28 2
13 14 1
18 18 3
57 57 1
66 66 2
37 45 1
32 32 1
56 56 1
47 66 2
54 64 1
61 85 1
51 51 2
69 69 1
73 73 1
38 38 2
84 84 1
32 33 1
47 47 1
51 51 1
49 49 2
88 88 1
64 64 1
27 27 1
48 48 1
55 55 1
13 13 1
60 60 1
34 34 1
17 17 1
86 87 1
68 68 1
4 14 1
43 58 1
51 52 1
37 37 1
36 36 2
37 37 1
6 6 1
48 48 2
78 78 1
62 62 2
44 67 1
79 79 2
45 45 1
50 52 1
57 59 1
4 4 1
77 77 1
55 55 1
45 55 1
27 27 1
57 57 2
39 39 1
45 57 2
65 67 1
36 36 1
69 69 1
31 31 1
67 67 1
64 64 1
65 67 1
80 80 1
90 90 2
11 11 1
70 70 1
54 54 1
84 85 1
85 85 1
10 10 1
37 37 1
74 74 1
64 64 2
60 60 1
31 31 1
74 79 1
41 41 1
10 15 2
72 72 1
48 48 2
14 14 1
13 13 1
36 36 1
59 59 1
65 67 2
74 74 1
84 85 1
65 65 1
27 27 1
60 60 1
32 32 1
66 66 1
26 26 1
47 47 1
63 63 1
57 59 1
86 88 1
66 66 1
47 47 2
74 74 1
53 56 1
50 59 2
79 79 2
24 24 1
47 47 1
9 11 1
35 35 1
46 46 1
78 78 1
86 86 1
7 7 1
63 63 4
6 6 2
82 82 1
26 28 1
33 33 1
43 43 1
54 54 1
55 55 1
4 4 1
83 83 1
15 15 3
42 81 1
77 77 2
26 26 2
68 68 1
51 51 2
26 27 3
47 47 1
26 30 1
49 49 1
19 19 1
75 75 2
7 7 1
62 62 1
41 41 1
46 46 1
58 58 1
89 89 1
88 88 1
84 85 2
82 83 1
7 7 1
43 43 1
52 54 1
22 22 1
79 79 2
24 24 1
72 72 1
85 85 1
70 82 1
64 64 1
86 86 1
61 61 1
28 28 1
50 52 1
44 55 1
37 43 1
52 62 1
41 41 1
61 61 1
65 65 1
18 19 1
71 71 2
64 64 2
21 21 1
86 86 1
57 57 3
74 74 1
31 31 3
21 21 1
10 13 1
3 3 1
7 7 1
76 76 1
83 84 2
18 18 1
86 87 1
31 31 2
31 31 1
88 88 1
90 90 1
55 55 1
4 4 1
46 46 1
42 42 1
43 44 1
79 79 1
32 34 1
43 43 1
64 65 1
79 79 2
54 55 1
13 14 1
40 40 1
68 68 1
47 47 1
49 49 1
31 31 1
30 30 1
61 83 1
20 20 3
78 78 1
31 39 1
56 56 2
5 6 1
54 75 1
45 45 2
69 69 1
5 6 1
46 46 1
38 44 1
3 3 1
7 7 2
20 63 1
76 76 1
71 71 1
60 63 1
27 27 2
9 9 1
50 50 1
82 82 1
87 87 1
25 25 1
22 22 1
10 10 1
54 54 1
83 83 1
5 18 2
27 27 2
85 89 2
21 22 1
13 13 1
74 74 1
47 47 1
40 40 1
20 20 4
15 15 1
38 38 1
36 36 1
89 89 1
12 12 2
53 53 1
40 60 1
28 28 1
57 66 1
87 87 1
66 80 1
89 89 2
17 35 1
86 88 1
11 11 1
64 64 1
58 58 1
89 89 1
52 52 1
54 55 1
13 17 1
83 83 1
50 83 1
80 80 2
69 69 1
57 58 2
86 86 1
62 62 1
37 37 1
19 19 1
62 63 1
74 74 1
13 13 1
73 77 1
57 58 2
85 86 1
16 19 1
46 46 1
20 20 3
31 31 1
88 88 2
72 72 1
46 46 1
66 80 1
46 47 1
34 34 1
34 34 1
73 73 1
13 13 1
11 11 1
31 31 1
4 4 2
59 59 2
39 39 1
33 33 1
49 49 1
53 53 1
26 26 1
8 8 2
9 9 1
9 9 2
13 13 1
24 24 3
65 74 1
51 51 1
41 41 2
72 76 1
79 79 1
53 53 1
46 48 1
84 84 1
85 85 1
48 48 1
76 76 1
71 71 1
48 48 1
35 35 1
75 75 1
23 23 1
54 54 2
77 77 1
65 78 1
76 76 1
39 39 1
47 89 2
23 23 1
49 49 1
20 20 1
46 46 1
89 89 1
36 36 1
68 79 1
58 58 1
73 73 2
88 88 1
56 56 1
56 56 2
90 90 3
77 77 1
82 82 1
31 31 1
28 29 2
90 90 1
76 76 1
33 69 1
73 74 1
3 3 1
24 24 1
18 21 2
12 12 1
41 41 1
34 34 1
82 82 2
23 23 2
23 75 1
59 59 1
23 76 1
88 88 1
52 55 1
40 51 1
5 5 1
39 39 1
26 26 3
74 81 1
87 87 1
69 69 6
77 77 1
81 81 1
67 67 1
49 58 1
56 56 2
61 61 1
20 20 1
17 17 1
3 3 1
7 7 2
8 9 1
38 38 1
36 36 1
3 3 2
84 84 1
49 49 1
31 31 2
74 74 2
77 77 1
80 80 1
35 35 1
3 15 1
7 7 1
75 77 1
33 33 1
61 61 1
17 17 1
37 37 1
15 29 1
65 65 1
34 34 2
63 79 2
53 53 1
46 48 1
50 87 1
87 87 1
31 31 1
59 59 1
79 79 1
5 7 3
74 75 1
57 59 1
65 65 1
13 14 1
26 29 1
40 40 1
60 60 1
87 88 1
37 37 1
42 42 1
75 77 3
72 72 1
79 79 1
86 86 1
59 59 2
79 79 1
83 83 1
18 27 1
78 78 1
25 26 1
26 28 2
15 15 1
39 81 1
3 3 1
68 78 1
87 87 1
15 15 1
37 37 1
13 13 1
46 46 1
87 88 1
58 86 1
61 61 1
54 57 2
19 19 1
29 29 1
53 53 1
76 76 3
28 28 1
45 46 1
27 27 2
38 39 2
24 24 2
71 71 1
33 33 1
62 63 1
24 24 1
5 5 1
67 67 2
66 73 1
26 26 1
64 65 3
4 5 1
18 18 2
14 14 1
52 52 1
46 86 1
29 29 1
16 41 1
45 45 1
89 89 1
47 47 1
22 22 1
21 21 1
37 37 1
60 60 1
20 22 1
83 83 1
16 16 1
71 71 1
8 8 1
17 19 1
77 77 1
70 70 1
83 83 1
60 60 1
43 59 2
52 63 1
59 59 1
60 60 3
30 30 1
55 55 1
68 68 1
38 38 1
69 69 1
64 64 1
55 87 1
38 83 1
22 22 1
78 78 1
41 41 1
4 4 1
38 38 2
38 39 1
72 72 1
36 36 1
33 69 2
12 12 1
16 16 1
42 42 1
32 32 3
80 80 1
39 39 1
80 82 1
48 48 1
68 68 2
44 86 1
35 35 1
77 77 1
90 90 3
72 72 1
64 64 1
17 17 1
46 48 1
74 74 1
30 30 1
40 40 1
64 64 1
27 27 1
11 11 1
22 22 2
48 48 1
14 14 1
81 81 1
8 8 2
88 88 1
20 20 1
73 73 1
5 5 1
65 70 2
8 8 1
87 87 1
29 29 3
34 34 1
74 74 1
88 88 1
58 58 1
42 42 1
33 34 2
54 54 2
47 47 1
40 40 1
16 16 1
40 40 1
28 29 1
65 65 1
55 55 2
26 26 1
60 60 1
41 52 1
15 15 1
40 40 1
54 54 1
64 64 1
46 46 1
41 41 3
42 42 2
59 60 1
33 33 2
42 42 1
13 14 2
47 48 1
48 48 1
61 61 1
39 39 1
9 9 1
76 77 1
67 67 2
55 55 1
5 7 2
73 73 1
14 14 1
20 20 2
36 36 1
18 18 1
37 37 1
24 24 1
64 64 1
78 78 1
76 76 1
3 3 1
73 73 2
21 22 1
58 60 1
48 48 2
10 10 1
17 17 1
49 49 2
27 27 1
21 21 1
3 14 1
24 24 1
83 83 2
32 32 2
18 74 1
29 29 1
63 63 2
59 59 1
4 4 1
81 81 1
50 52 2
49 49 2
78 78 1
6 7 2
78 78 1
43 43 1
22 74 2
17 17 2
11 11 1
24 24 1
46 47 2
8 8 2
77 77 1
78 78 1
36 36 1
27 27 1
17 17 1
24 24 1
77 77 1
33 33 2
48 48 2
32 32 1
44 54 1
44 44 1
14 14 1
19 23 2
44 44 1
53 53 3
83 83 1
17 17 1
63 63 2
13 13 1
77 77 1
28 28 1
62 84 1
70 70 1
24 24 1
57 57 2
75 75 1
88 88 1
79 79 1
53 54 1
45 48 1
55 55 1
21 23 1
24 24 1
41 41 2
24 64 1
73 73 1
58 58 2
33 33 1
26 26 1
53 55 1
4 15 1
87 87 2
74 74 1
28 30 1
64 64 1
16 16 1
58 85 1
78 78 2
30 30 1
24 24 1
65 65 1
28 28 2
83 83 1
81 82 2
18 18 1
12 12 1
60 60 4
29 29 1
45 45 1
18 18 1
44 55 2
73 73 1
36 36 1
32 32 2
22 22 2
57 57 1
69 69 2
18 18 1
73 79 1
3 15 1
17 17 2
27 27 1
39 39 1
57 57 1
77 77 2
38 38 1
26 26 2
70 70 1
75 75 2
49 57 1
17 17 1
15 15 1
39 39 2
58 58 1
79 79 1
45 45 1
35 35 1
14 14 1
6 6 2
87 88 1
55 69 2
22 22 1
44 44 1
25 25 1
30 30 1
45 45 1
66 66 1
45 45 1
47 47 3
69 69 1
44 44 1
41 41 1
66 74 1
10 10 1
68 74 1
67 67 2
66 82 1
13 13 1
60 63 1
64 89 2
21 21 1
81 81 1
51 51 1
21 21 1
36 36 1
68 69 1
30 30 2
45 87 1
59 59 4
88 88 1
45 67 1
50 50 1
85 85 1
86 88 1
89 89 1
61 61 1
3 3 2
33 33 1
57 57 1
54 54 1
32 33 2
49 49 1
66 66 1
59 59 1
41 41 1
18 18 1
21 21 1
66 80 1
68 68 1
84 89 2
11 11 1
84 85 2
9 9 1
53 53 1
41 43 1
23 23 3
17 23 1
33 33 2
32 32 1
11 11 1
37 41 1
48 48 1
49 49 2
69 69 1
55 74 1
11 11 1
64 64 1
75 77 1
82 82 2
19 19 1
18 18 2
86 86 1
72 72 1
37 37 1
67 70 1
49 49 1
57 80 1
3 3 1
46 63 1
71 71 1
80 80 1
59 59 1
25 25 2
14 14 1
48 48 2
36 36 2
18 18 1
88 88 1
15 15 3
65 65 1
3 30 1
67 81 1
43 49 1
49 49 2
67 67 1
36 36 2
87 87 1
13 15 1
44 44 1
89 89 1
47 47 1
13 13 1
78 79 1
42 42 1
71 71 1
55 55 1
72 72 1
7 7 1
64 64 1
38 38 1
12 12 1
64 64 1
15 15 1
50 51 1
41 41 1
30 30 1
18 18 1
77 77 1
19 19 1
42 42 1
84 84 1
87 87 1
55 55 1
58 58 1
42 42 1
26 26 1
38 39 1
85 85 1
24 24 1
42 42 1
46 48 2
81 81 1
30 30 1
15 15 1
66 81 1
89 89 1
17 17 1
55 55 1
25 25 1
33 33 1
14 14 2
69 69 2
37 37 1
27 27 2
48 48 1
4 79 1
40 40 1
9 9 2
60 63 1
13 13 1
23 23 1
4 5 1
43 43 1
28 28 1
24 24 1
4 4 1
38 38 1
36 36 1
48 48 2
48 49 1
37 37 1
75 75 1
55 69 1
16 16 1
56 56 1
88 89 1
67 67 1
22 22 1
86 87 1
44 44 1
79 79 1
17 17 1
47 47 1
52 52 1
76 76 1
54 65 2
83 83 1
3 3 1
65 65 1
11 12 1
85 85 1
61 61 1
55 55 1
17 17 1
63 63 1
47 47 1
75 76 1
14 14 1
74 75 1
17 17 3
66 66 1
73 73 1
54 54 1
54 68 1
49 49 1
17 17 1
46 46 1
57 57 2
54 54 1
41 41 1
71 71 2
8 21 2
31 31 1
8 8 2
67 67 1
50 51 2
77 77 2
36 36 1
73 73 1
64 64 1
77 77 2
24 24 1
38 38 1
33 33 1
35 35 2
77 77 1
10 10 1
78 78 1
75 75 2
17 17 1
86 86 2
54 74 2
47 67 1
34 34 2
23 23 1
55 55 1
9 9 1
41 66 1
14 15 1
42 42 1
57 57 1
80 82 1
54 57 1
79 79 1
34 34 1
70 70 1
67 67 1
65 65 1
59 59 1
48 48 1
60 61 1
69 69 1
13 14 1
3 4 2
30 30 1
25 25 1
75 75 1
62 62 1
53 54 1
89 89 1
77 77 1
80 80 2
86 86 2
57 57 1
70 71 1
57 57 1
25 25 1
79 79 2
80 80 2
36 36 1
11 11 1
64 68 2
74 75 1
29 29 1
90 90 1
16 16 1
21 57 1
27 28 1
18 23 1
9 9 1
74 81 1
20 23 1
20 63 1
86 86 2
16 19 1
57 81 1
89 89 1
48 48 2
79 79 2
17 18 1
4 4 1
77 77 1
44 57 2
44 57 1
63 64 1
41 41 1
32 35 1
74 74 1
52 52 1
87 87 1
19 20 2
44 45 1
55 55 1
18 23 1
50 50 1
47 49 1
42 42 1
69 69 1
41 41 1
18 21 1
31 31 1
54 79 1
26 26 1
76 77 1
6 6 1
89 89 1
76 77 1
40 40 1
5 79 1
3 3 1
61 61 1
50 50 1
86 86 1
18 18 1
9 9 1
68 68 2
76 76 1
87 87 1
38 38 1
13 14 1
30 30 1
3 3 1
41 51 1
12 12 1
52 58 1
55 55 2
74 74 1
6 6 1
32 33 1
80 90 1
21 21 1
71 71 1
88 88 1
51 51 1
7 7 1
53 54 3
44 65 1
74 74 1
79 79 1
49 49 2
44 44 1
77 80 2
73 73 1
20 20 1
40 40 1
19 40 1
84 84 1
79 79 2
17 23 1
64 64 1
28 28 1
48 48 1
58 60 1
53 53 1
69 69 1
36 57 1
54 54 1
8 8 2
23 23 2
36 36 1
44 85 1
76 76 1
81 81 1
13 31 1
74 74 2
19 69 1
15 15 1
73 73 1
65 65 1
86 86 1
88 88 2
10 10 2
10 10 2
23 23 1
82 82 1
40 40 1
38 38 1
10 10 1
52 52 2
14 16 1
59 59 1
65 65 1
6 7 2
64 64 1
21 21 1
3 3 1
43 43 1
19 19 1
4 4 1
8 8 1
32 32 1
47 47 1
67 67 1
56 56 1
48 86 1
49 49 2
18 18 1
86 86 1
8 8 1
46 46 1
32 32 2
24 71 2
44 45 1
25 25 1
30 30 1
33 34 1
42 42 1
30 30 1
14 14 1
36 63 1
59 59 1
19 19 1
64 69 1
37 37 1
49 58 1
15 28 1
47 47 1
55 74 2
15 41 1
19 19 2
68 68 1
80 80 1
43 58 2
27 27 1
40 40 1
23 23 1
11 11 1
80 80 1
50 50 1
88 88 1
88 88 1
40 60 1
6 6 1
76 76 1
65 65 2
61 62 1
86 86 2
9 21 1
21 21 1
59 60 1
23 23 1
85 86 1
62 63 1
32 32 1
5 5 1
74 74 2
21 21 1
82 82 1
25 25 1
23 23 1
50 50 1
13 13 1
66 81 1
13 30 2
24 24 1
47 47 2
59 59 1
69 69 1
64 64 1
71 71 1
9 10 1
27 27 1
44 53 1
64 64 1
78 79 1
55 55 2
27 27 1
46 46 1
44 44 1
70 70 3
32 32 1
50 50 1
61 89 1
49 49 1
83 83 1
85 89 1
22 22 1
17 18 1
68 79 1
51 51 1
44 45 1
34 34 1
3 3 1
67 81 1
18 21 2
48 49 2
79 79 2
38 38 2
90 90 2
72 72 1
28 28 2
53 53 1
64 73 1
58 58 1
59 86 1
4 4 1
21 21 1
32 32 1
18 18 2
22 22 2
61 62 1
56 59 1
66 67 1
23 23 1
71 71 1
44 44 1
85 88 1
73 73 1
55 67 1
53 88 1
52 53 1
13 13 2
27 27 1
63 86 1
12 12 1
77 77 2
25 25 1
47 47 1
64 82 1
70 70 1
31 31 1
23 77 3
8 8 1
15 15 1
4 4 3
43 58 1
35 36 1
41 41 1
81 81 1
41 41 1
4 8 1
32 32 1
57 59 1
23 23 2
32 33 1
33 33 3
54 54 1
31 31 1
33 34 2
24 25 1
24 24 1
14 14 1
23 23 1
64 64 1
3 3 1
85 85 1
44 54 1
35 35 1
86 86 1
81 81 1
13 30 1
8 8 1
38 38 1
22 22 1
11 11 2
78 79 1
79 79 1
33 34 3
71 81 1
90 90 1
44 44 1
78 78 1
74 74 1
50 50 1
16 41 1
21 21 1
60 60 1
59 59 1
15 15 1
10 10 1
55 78 1
48 48 2
83 83 1
73 74 1
59 59 2
55 55 1
3 41 1
85 85 1
21 21 2
66 66 1
52 84 1
32 32 1
52 66 1
37 37 1
34 34 1
86 86 1
72 74 1
34 34 1
60 60 3
82 82 1
36 36 1
50 51 1
37 49 2
24 24 1
57 57 2
72 81 2
65 65 1
73 74 2
82 82 1
72 72 1
71 72 2
88 89 3
8 8 1
8 8 1
36 36 1
23 23 2
16 16 1
82 82 1
45 45 1
29 29 1
37 64 1
22 22 1
8 8 1
16 16 2
58 58 1
14 17 1
4 5 1
48 48 2
21 21 1
31 31 2
68 68 1
10 10 1
86 86 1
36 36 1
20 20 1
72 74 1
61 61 1
79 79 1
48 58 1
73 74 1
63 63 1
6 6 1
27 27 1
46 47 1
39 40 1
83 83 1
29 29 1
41 42 1
44 44 1
76 76 1
72 81 1
44 87 1
24 24 2
67 67 1
81 81 1
87 87 1
37 37 1
18 20 1
32 32 1
13 30 2
84 85 2
65 67 1
37 38 1
49 49 1
83 83 2
33 34 1
72 72 1
36 36 1
38 38 1
68 68 2
36 36 1
19 66 1
68 68 1
84 84 3
60 63 1
42 42 1
71 71 1
63 63 1
66 81 2
11 31 1
20 20 1
14 14 1
13 13 1
24 24 2
70 70 1
31 31 1
14 14 3
37 37 1
84 84 1
25 25 1
28 29 1
10 10 1
72 73 1
67 67 1
88 88 1
32 33 2
74 74 2
29 29 1
56 56 1
29 29 3
52 52 1
16 16 2
56 67 1
27 27 1
82 82 1
57 57 1
22 22 1
19 19 1
30 31 1
64 82 1
73 73 1
75 75 1
22 22 1
81 81 1
29 29 1
72 73 1
58 58 1
13 14 1
47 47 2
62 85 1
52 52 2
73 79 1
8 8 1
16 16 1
50 50 1
23 71 1
76 76 1
14 14 1
31 31 1
3 3 2
7 7 2
70 72 1
73 73 1
36 36 1
41 41 1
49 49 1
39 42 1
24 25 1
45 63 1
55 56 1
36 36 1
38 38 1
78 79 1
41 89 2
40 40 1
74 78 1
37 37 2
87 87 1
80 80 1
16 29 1
26 26 1
27 27 2
6 6 1
72 72 1
55 56 1
64 81 1
70 70 1
57 58 1
69 69 1
39 39 1
45 45 1
29 29 1
4 4 1
54 54 1
64 64 1
4 9 1
60 60 1
71 71 2
6 7 2
51 51 1
25 25 1
69 69 1
67 67 1
19 19 1
36 67 1
78 78 1
22 23 1
42 43 1
53 53 1
70 70 1
13 13 1
45 89 1
50 88 1
71 71 1
42 42 1
32 34 1
67 70 1
32 32 1
67 67 2
11 11 1
43 43 1
48 48 1
70 70 1
50 50 1
34 34 1
78 78 1
48 48 1
24 24 1
47 47 1
5 79 1
30 30 2
60 60 2
63 63 1
67 67 1
29 29 2
65 65 1
3 3 1
43 43 1
59 59 1
11 11 1
3 3 1
59 59 1
32 32 2
7 14 2
51 51 1
78 78 1
17 27 1
47 47 1
67 67 1
30 30 1
80 81 1
38 38 1
16 16 1
20 20 1
67 67 1
3 3 1
67 67 1
51 51 1
77 77 2
69 69 1
25 25 1
60 60 1
4 4 1
35 35 2
65 65 1
16 16 1
24 24 1
4 7 1
36 36 1
55 55 1
45 45 1
50 50 1
81 81 1
65 65 1
60 60 3
82 89 1
26 26 1
56 56 1
58 58 1
41 42 1
4 79 1
3 7 1
43 43 1
62 62 1
53 55 1
79 79 1
50 50 1
81 81 1
67 67 1
63 63 1
58 82 1
57 57 1
57 57 1
54 78 1
61 61 1
50 52 1
85 85 2
38 82 1
77 77 2
55 55 2
83 83 1
50 50 1
61 61 1
66 81 1
42 42 1
40 40 1
8 21 2
87 88 3
30 31 2
16 16 1
87 88 1
33 33 1
4 4 1
11 12 1
62 62 1
44 54 1
51 51 1
60 60 3
59 59 2
69 69 1
70 70 3
32 32 1
86 87 1
43 52 1
17 23 1
29 30 1
20 21 1
68 68 2
33 33 2
76 76 1
87 88 1
81 89 1
51 51 1
51 51 2
43 43 2
54 54 2
11 13 1
8 8 1
7 18 1
18 20 1
37 37 1
9 9 1
89 89 1
69 69 1
24 65 1
24 24 1
64 70 1
48 83 1
36 36 2
65 65 2
37 37 2
73 73 1
90 90 1
44 88 1
53 53 1
18 18 1
50 50 1
58 85 1
49 57 1
57 57 1
43 86 1
78 78 1
7 7 2
64 64 1
78 78 1
64 64 2
34 34 1
15 15 3
72 72 1
12 12 1
71 71 1
67 68 1
22 22 1
14 14 1
56 78 1
27 27 1
64 64 1
19 69 1
43 45 1
43 43 1
68 68 1
69 69 1
61 61 1
36 36 1
58 58 1
63 85 1
24 24 1
73 73 1
21 22 2
5 18 1
8 8 1
15 15 1
35 35 1
49 49 1
61 61 1
34 34 1
79 79 1
5 5 2
55 78 1
9 9 2
77 77 2
47 47 2
87 88 1
3 3 1
37 38 1
45 45 1
21 58 1
89 89 1
33 33 1
81 81 1
26 26 1
3 4 1
41 41 1
61 62 1
23 72 1
44 55 2
34 35 1
80 80 1
3 3 2
43 43 1
41 41 1
31 31 1
24 24 1
44 53 1
61 61 2
45 45 1
10 10 1
59 59 1
27 27 1
33 33 2
4 10 1
32 32 1
90 90 2
86 87 2
13 13 1
64 64 2
70 72 1
49 49 1
31 31 2
84 84 2
8 9 2
5 6 1
66 72 1
64 65 1
81 81 1
23 23 1
76 76 1
76 76 1
42 42 2
90 90 2
24 24 1
23 23 1
38 83 1
25 25 1
39 81 1
87 87 2
10 10 1
14 14 1
81 82 1
73 73 1
7 7 1
33 33 1
62 85 1
23 23 1
16 16 2
13 17 2
53 54 1
29 29 1
14 14 1
74 74 1
27 27 1
67 67 1
42 42 1
42 42 1
39 41 1
18 18 1
64 64 2
81 81 1
14 14 1
7 7 2
76 76 1
72 72 1
85 88 1
58 58 1
53 56 1
4 4 1
65 65 1
9 9 1
46 46 1
41 41 1
25 25 1
43 44 1
54 57 1
31 31 1
49 49 1
24 24 1
81 81 1
82 84 1
67 67 1
68 70 1
14 16 1
14 14 1
49 51 1
70 72 1
9 9 1
61 61 1
33 69 1
46 46 1
28 28 1
46 46 1
24 24 1
37 37 2
14 14 2
86 86 1
30 30 1
78 79 1
21 21 2
85 85 1
81 82 1
57 73 2
14 14 1
73 73 1
65 67 1
4 5 1
75 75 1
68 69 1
11 11 1
18 18 1
30 30 1
76 76 1
44 44 1
89 89 1
20 36 1
12 12 1
48 58 1
26 27 1
73 73 1
3 11 1
73 73 1
16 37 1
74 74 1
42 42 1
26 26 1
85 85 1
20 20 3
10 10 2
85 85 1
46 46 1
67 67 1
13 13 2
88 88 2
51 83 1
75 75 1
52 54 2
31 31 1
46 46 1
88 88 1
41 59 1
57 57 3
66 77 1
66 72 1
36 77 1
40 64 1
49 49 1
28 28 1
22 23 1
14 14 1
69 69 1
24 67 1
50 51 1
8 8 2
34 34 1
71 72 1
38 38 1
5 5 1
85 85 1
63 63 1
76 77 1
47 47 1
31 31 1
68 68 1
15 15 1
79 79 1
3 3 1
20 20 1
14 14 1
77 77 3
56 56 1
64 64 2
36 36 1
66 77 1
71 71 2
19 19 1
17 19 1
13 13 1
74 74 1
50 52 1
87 87 2
79 79 2
86 86 1
23 23 1
81 82 1
28 28 1
60 60 1
77 77 1
6 6 1
42 42 1
47 48 1
58 58 1
54 55 1
4 4 1
39 63 1
30 30 1
70 70 1
63 63 1
39 90 1
49 88 1
40 40 1
23 23 1
58 58 1
79 79 1
50 51 1
44 44 1
37 44 1
23 23 2
71 71 1
17 17 1
73 73 2
12 12 1
5 5 2
52 52 1
19 19 1
39 59 1
88 88 1
17 17 1
29 30 2
21 23 2
56 57 1
48 48 1
76 76 1
58 63 3
16 17 1
18 18 1
38 39 1
13 13 1
31 31 1
50 50 1
37 37 1
3 3 1
71 71 2
4 8 1
53 54 1
52 52 2
73 73 1
24 24 1
69 74 1
78 78 2
19 69 1
20 20 1
53 53 1
49 49 4
84 84 1
28 28 1
35 35 1
68 69 1
3 3 1
64 67 1
9 10 1
6 7 1
11 11 1
74 74 1
23 23 1
48 57 1
82 82 1
60 60 1
76 76 1
65 70 1
8 8 1
13 13 2
29 29 2
66 72 1
54 65 1
14 14 1
36 36 2
25 25 3
70 70 1
36 36 1
64 68 2
77 80 1
47 47 1
3 3 1
16 18 1
43 58 1
81 81 1
85 85 1
29 35 1
83 85 1
47 47 1
26 28 2
69 74 1
14 40 1
14 30 2
23 23 1
60 60 1
87 88 2
89 90 1
4 4 2
37 72 1
46 46 1
85 85 1
6 6 1
27 27 1
87 87 1
74 74 1
52 62 1
60 60 2
60 63 1
10 10 2
6 7 1
62 62 2
22 22 1
80 80 1
85 85 1
74 74 1
71 72 1
62 62 1
52 52 1
29 29 1
3 3 3
37 37 1
80 81 1
19 19 1
4 4 1
78 79 2
42 42 1
85 85 1
40 40 1
7 7 2
32 32 2
64 64 1
79 79 1
24 24 1
10 10 1
49 49 1
79 79 2
77 77 1
27 27 1
89 89 1
42 42 1
33 33 1
83 85 2
4 10 1
49 49 1
89 89 1
40 40 1
38 38 1
8 8 2
43 43 1
45 45 1
19 69 1
45 46 1
14 16 1
20 26 1
70 70 1
45 55 1
26 26 1
50 50 1
42 42 1
90 90 1
47 47 2
70 71 3
47 89 1
29 30 1
85 88 1
53 56 1
68 68 1
54 54 1
18 18 1
82 82 2
44 44 1
39 39 1
27 61 1
86 86 1
13 32 2
47 47 2
81 81 1
69 69 1
28 28 1
69 69 1
24 24 1
64 64 1
21 23 1
78 78 1
3 79 1
28 28 1
75 75 3
87 87 3
20 63 1
4 8 1
64 82 2
89 89 1
18 21 1
61 61 1
14 14 1
34 34 1
73 73 1
23 59 1
42 42 1
28 30 1
46 46 1
81 81 1
55 55 1
28 28 1
47 47 1
57 57 1
43 51 1
51 51 1
26 28 2
73 73 2
35 35 1
11 11 1
37 37 1
41 41 1
52 52 1
23 23 1
66 81 1
41 41 1
48 48 2
18 18 1
45 55 1
63 72 1
71 71 1
20 20 2
18 74 1
11 11 1
9 12 3
24 24 1
84 85 2
45 46 1
7 7 2
67 67 1
36 36 2
80 80 1
47 47 1
49 49 1
24 24 1
9 18 2
42 89 2
85 85 1
45 45 1
57 57 1
46 50 2
84 84 2
37 64 1
21 21 1
26 27 1
60 60 1
50 60 2
41 41 1
75 75 1
84 84 1
24 24 1
53 53 1
51 58 1
39 42 1
40 40 2
55 78 2
48 83 2
62 85 1
33 33 1
64 64 1
30 30 1
58 58 2
9 9 1
24 24 2
26 26 1
76 80 2
4 4 1
59 60 1
15 15 1
57 57 1
41 59 1
79 79 1
55 56 1
73 73 1
3 8 1
67 67 1
75 75 1
38 38 1
73 77 1
75 75 1
73 80 1
26 30 1
66 66 2
13 15 1
14 14 2
43 43 1
81 82 1
85 85 1
35 35 1
53 53 2
20 20 1
28 28 2
64 64 1
45 45 2
89 89 3
6 6 1
10 11 1
48 48 1
49 49 1
44 44 1
51 51 1
28 28 1
48 48 1
45 45 2
41 41 1
54 54 1
62 62 1
38 61 1
19 19 2
12 12 1
16 16 2
14 14 2
35 36 1
73 73 1
52 52 1
15 30 1
4 4 1
31 31 1
64 64 1
40 40 1
50 83 2
86 86 1
44 45 3
68 68 1
45 45 1
37 37 1
44 49 2
22 22 1
20 20 1
40 40 2
67 67 1
24 25 1
74 76 1
73 73 2
26 26 1
56 56 1
10 10 1
47 47 2
35 35 2
46 67 1
22 22 1
15 15 1
63 64 1
64 64 1
53 53 1
86 86 3
74 74 1
43 88 1
11 30 1
58 59 1
72 72 1
22 22 1
4 4 2
22 22 2
42 42 1
77 77 1
49 49 1
79 79 1
45 45 3
32 32 1
32 32 2
28 29 1
7 7 1
63 82 1
44 44 1
58 59 1
58 58 1
65 65 1
74 74 1
10 10 2
14 17 1
86 87 1
21 60 1
60 60 1
72 72 1
36 36 1
48 48 1
82 82 2
74 74 1
57 57 1
81 81 1
73 73 2
25 31 1
70 70 1
88 88 1
60 60 1
24 24 2
4 4 1
15 16 1
86 86 1
73 77 1
17 18 1
55 55 1
76 76 1
88 89 1
72 72 2
49 49 1
56 56 1
40 40 1
4 4 1
90 90 1
50 50 1
83 83 1
57 57 1
4 4 1
26 26 1
74 74 1
39 40 1
19 19 1
86 88 1
65 65 1
37 37 1
71 71 1
19 69 2
19 22 1
58 60 1
71 71 1
45 71 1
74 74 1
74 74 1
19 69 1
3 3 2
37 37 1
89 89 1
70 70 1
15 15 1
22 22 1
18 18 3
72 72 2
24 35 1
12 12 1
36 36 1
80 80 1
37 37 1
13 30 1
28 28 1
33 33 1
87 87 2
56 56 1
63 64 1
17 17 1
21 21 1
29 30 1
26 26 1
18 18 2
26 26 1
16 16 1
56 56 1
67 67 1
30 31 1
65 65 1
15 15 1
9 9 2
66 72 3
87 87 1
57 57 3
74 74 1
72 72 1
60 60 1
9 9 3
87 87 1
74 74 1
65 81 2
43 43 1
66 80 1
88 88 1
59 59 2
40 40 1
87 87 1
46 70 1
54 54 1
62 62 1
5 7 1
38 38 1
39 39 2
17 17 2
27 27 1
23 76 1
5 18 1
8 8 1
68 74 1
73 73 1
18 18 1
41 41 1
33 33 1
12 12 1
73 73 1
46 46 1
25 25 1
18 79 2
89 89 1
74 75 1
59 59 1
33 33 1
80 80 1
47 47 1
73 73 1
55 79 1
19 19 1
9 9 1
51 52 1
65 65 1
44 44 1
53 78 1
73 74 1
70 70 2
32 32 2
28 28 1
55 55 2
61 61 1
77 77 1
78 78 1
47 47 1
84 84 1
67 67 1
78 78 1
4 4 1
87 87 2
22 22 1
71 71 1
59 59 1
15 15 2
59 59 2
64 64 1
59 59 1
10 13 1
46 46 1
52 52 2
24 36 2
4 6 1
5 5 2
31 31 1
25 25 1
80 80 1
29 29 2
17 17 2
64 65 1
69 69 1
88 88 1
28 30 2
30 30 1
18 18 1
42 42 1
52 52 1
7 7 1
31 31 1
7 7 2
61 62 2
40 42 1
74 74 2
10 10 1
62 62 1
34 34 2
14 14 2
66 81 1
22 22 1
27 27 1
42 42 2
35 35 1
62 62 1
71 73 1
5 18 1
80 81 3
40 42 2
69 69 1
69 69 1
26 26 1
25 25 2
28 28 1
33 33 1
10 10 1
83 83 1
53 53 1
83 83 2
49 57 1
59 60 1
89 89 1
35 35 1
3 3 1
61 61 2
42 43 1
49 61 2
38 38 1
50 50 1
28 28 1
46 46 1
53 53 1
27 27 1
18 19 1
61 83 1
54 54 1
63 63 1
62 62 1
36 36 2
20 20 1
64 64 1
3 4 2
32 32 1
63 66 1
80 81 1
40 40 1
81 81 1
74 74 1
12 12 3
54 74 2
81 81 1
57 57 1
13 13 2
41 41 1
20 20 1
86 87 1
24 24 1
75 75 1
34 34 1
44 55 1
83 83 1
41 41 1
28 29 1
10 13 1
9 10 1
50 50 1
40 40 1
47 47 1
16 17 1
85 85 1
71 71 2
85 85 1
40 60 1
39 39 1
82 82 2
41 58 1
79 79 1
89 90 3
75 75 2
47 47 1
38 38 2
69 69 1
62 62 1
47 48 1
41 41 1
56 56 3
17 26 1
58 58 1
72 72 1
19 19 1
69 69 1
68 68 1
20 20 2
55 55 1
47 48 1
43 43 1
73 73 1
87 87 1
84 84 1
29 29 1
11 11 1
35 35 1
25 25 1
64 82 1
22 22 1
39 39 1
20 20 1
39 39 1
56 56 2
31 31 4
79 79 1
28 28 3
70 70 1
47 47 1
74 76 1
53 64 1
27 27 2
31 31 1
65 65 1
27 27 1
8 8 1
44 44 1
13 13 1
30 30 1
21 21 1
20 20 1
52 86 2
52 53 2
34 34 1
84 84 1
56 56 1
12 12 1
89 89 1
68 68 1
28 28 2
52 52 1
9 9 1
62 62 1
58 62 1
85 86 1
44 44 1
39 39 1
77 77 1
71 71 1
30 30 3
38 38 1
38 38 1
57 57 1
33 33 1
58 59 1
29 29 1
54 54 1
14 14 1
63 63 1
35 35 1
54 54 2
35 35 1
26 26 1
77 77 1
28 28 1
37 37 1
26 26 1
46 57 1
62 62 1
88 88 2
57 58 1
57 57 1
53 54 1
50 50 1
17 17 2
64 64 1
53 64 1
63 66 1
4 30 1
47 47 1
88 88 1
78 78 1
56 56 1
35 36 1
44 54 1
31 31 2
86 86 2
18 23 2
77 77 1
52 52 1
40 41 2
70 72 2
29 29 1
79 79 1
33 33 2
78 78 1
64 64 1
25 25 1
41 89 1
89 89 1
71 71 1
62 62 1
70 70 1
85 85 1
56 56 1
72 72 1
40 40 2
55 56 1
66 70 1
32 34 1
46 47 2
66 80 1
66 81 1
84 84 1
19 19 1
38 38 1
55 56 1
37 37 1
67 70 1
40 42 1
61 61 1
34 34 1
55 55 2
27 27 1
46 46 1
80 80 1
73 80 2
21 23 1
37 37 1
39 81 2
64 64 1
60 60 1
22 22 1
44 44 1
47 47 1
27 27 1
16 19 2
26 29 1
73 73 3
78 78 1
74 74 3
74 74 1
74 75 1
5 5 1
76 77 2
16 16 1
3 3 1
83 83 1
56 56 2
32 32 1
55 55 1
28 28 2
43 46 1
85 86 1
21 21 2
41 66 1
64 65 1
14 14 2
76 76 1
7 7 2
74 74 1
26 26 1
42 42 2
19 19 1
64 65 1
51 51 1
22 22 1
10 10 1
37 37 1
42 81 1
29 29 1
22 22 2
74 74 1
60 60 1
34 34 2
78 80 1
79 79 1
42 42 1
18 18 1
63 85 1
62 62 1
71 72 1
50 50 1
32 32 2
25 31 1
53 88 1
51 84 1
5 5 2
54 54 1
15 15 1
25 25 1
85 85 1
72 72 1
18 21 1
70 70 1
53 53 3
52 52 2
36 36 3
3 3 1
61 61 1
58 60 3
26 26 1
77 77 1
17 20 1
87 87 2
54 55 1
4 15 2
71 73 1
90 90 1
31 31 1
17 17 1
37 37 1
63 63 1
46 46 1
35 35 1
53 55 1
38 38 1
35 36 2
71 71 1
5 5 1
38 38 1
70 80 1
66 82 2
40 40 2
64 64 1
45 48 2
73 73 1
3 9 1
14 14 1
35 35 1
71 72 1
50 61 2
68 68 3
89 89 1
56 81 1
68 68 1
79 79 1
88 88 1
60 60 1
79 79 2
17 19 1
14 30 1
68 68 1
69 69 1
40 41 1
69 69 2
26 26 1
22 22 1
40 40 3
75 75 1
30 30 1
26 26 3
29 29 1
55 56 1
72 72 1
42 82 2
77 77 1
59 60 2
4 5 1
22 22 1
6 6 2
42 42 1
74 74 3
79 79 1
18 20 1
75 75 1
28 28 1
48 58 2
7 8 1
45 45 1
41 41 1
87 87 1
17 18 1
64 68 1
43 43 1
89 89 1
39 39 1
60 60 1
56 56 1
37 37 1
10 13 1
86 86 4
23 58 1
4 79 2
87 87 1
43 88 1
20 20 2
80 80 1
61 61 1
32 32 1
40 40 2
63 63 1
22 22 1
13 13 1
63 82 1
10 11 1
58 58 1
60 60 1
61 61 1
14 16 1
63 63 1
81 82 1
13 14 1
53 64 1
64 82 1
21 58 1
28 29 1
54 79 1
35 35 2
11 11 1
77 77 1
62 62 1
60 60 2
27 27 1
56 56 1
69 69 1
62 62 1
14 14 1
18 18 1
23 23 1
24 65 2
39 39 1
45 55 1
54 54 1
64 64 1
28 28 1
67 67 1
35 35 2
38 38 1
55 79 1
21 21 1
85 86 1
81 81 1
37 64 1
5 5 1
60 60 1
88 88 1
33 33 2
72 73 1
57 59 1
57 57 3
73 73 1
67 67 2
31 31 1
75 75 2
41 41 1
5 5 2
67 67 2
72 72 3
38 38 1
56 56 1
38 38 1
53 55 1
88 88 1
65 65 1
71 82 2
41 41 1
21 21 1
13 17 1
77 77 1
54 54 2
45 45 2
86 86 2
39 39 1
77 77 1
39 50 1
46 89 1
64 64 1
35 35 1
34 34 1
79 79 1
58 58 1
77 77 2
24 25 1
81 81 2
31 31 4
62 63 1
66 66 1
81 81 1
75 75 1
27 27 1
49 49 1
81 81 1
4 4 1
34 34 2
56 56 1
47 47 1
28 28 2
63 63 1
71 71 1
51 58 1
76 76 1
16 16 1
49 49 1
88 88 2
33 33 1
18 18 2
12 12 1
16 17 1
23 23 1
14 14 3
22 22 1
64 64 1
10 10 1
68 68 2
66 66 4
67 67 1
52 52 1
20 20 1
65 65 1
75 75 1
32 32 1
7 7 1
68 74 1
72 72 2
80 80 1
31 31 2
54 54 1
86 87 1
85 87 1
10 10 2
61 61 1
38 38 1
66 66 1
51 51 1
13 14 3
6 6 1
87 87 1
54 54 2
21 21 2
31 31 2
49 88 2
34 34 1
54 78 1
66 70 1
13 13 1
82 82 1
67 68 1
27 27 1
54 55 1
81 81 4
70 70 1
23 23 2
83 83 1
60 61 1
4 4 1
4 18 1
86 86 1
39 39 1
81 81 1
64 64 1
35 35 1
70 71 1
54 54 2
11 13 1
51 58 1
3 3 1
79 79 1
27 27 1
73 73 1
22 22 2
10 10 2
57 57 1
14 16 1
22 22 1
53 87 2
33 33 2
84 84 2
89 89 1
79 79 1
25 25 1
51 51 1
76 76 1
26 30 1
27 27 1
27 27 1
78 79 3
21 21 1
39 39 1
36 36 1
64 64 1
58 58 1
56 57 1
54 55 1
45 48 2
38 39 1
51 51 2
70 73 2
15 15 1
57 57 1
68 68 1
88 88 1
7 7 1
64 64 1
47 47 4
53 67 1
35 36 1
76 76 2
52 63 1
27 27 1
81 81 1
11 11 1
6 6 1
38 83 1
42 42 2
86 86 1
82 82 1
54 54 1
57 57 1
36 36 1
6 6 1
75 75 2
41 41 1
11 11 1
68 68 1
81 81 2
76 77 1
56 56 1
59 59 2
52 87 1
37 37 1
87 87 1
55 78 1
40 40 1
83 83 1
5 5 1
80 80 1
74 74 1
9 11 1
72 72 1
81 81 1
29 29 1
23 23 1
38 38 1
32 32 1
71 71 3
10 14 2
58 86 2
40 60 1
57 57 1
47 47 1
90 90 2
16 16 3
60 60 1
66 73 1
53 54 1
41 41 1
63 66 1
20 20 1
64 64 1
32 32 1
28 30 1
39 81 1
28 28 2
24 24 1
73 73 2
13 13 2
74 74 1
66 66 1
39 59 1
57 57 1
52 52 1
48 48 1
62 62 1
19 19 1
28 28 1
71 71 1
63 63 1
89 89 2
6 6 1
15 15 1
45 55 1
49 58 2
67 67 1
41 41 1
26 26 1
36 36 1
38 38 1
88 88 2
75 75 2
63 63 2
44 44 1
41 41 2
36 36 1
20 20 1
64 82 1
51 59 2
48 48 1
15 15 1
74 74 1
26 26 1
77 77 2
22 22 1
19 19 1
8 9 1
16 16 1
57 58 1
63 63 1
43 59 1
77 77 1
33 33 1
73 73 1
50 50 1
24 24 1
81 81 2
39 39 1
36 68 1
88 88 1
47 47 1
39 39 1
85 85 1
80 80 1
68 68 1
71 71 1
56 56 2
77 77 1
15 15 1
86 86 1
38 38 1
23 23 1
80 80 1
57 57 1
35 35 1
39 39 1
47 58 1
53 53 1
22 22 1
47 48 1
89 89 1
65 74 1
83 83 1
55 55 1
9 9 1
65 65 1
80 80 2
31 31 1
55 55 1
15 30 1
47 47 1
81 81 3
67 67 2
82 82 1
60 83 1
62 62 1
54 54 1
86 86 1
10 10 1
86 86 1
46 46 1
62 62 1
53 53 3
18 18 1
16 19 1
28 28 1
24 24 1
32 32 1
86 87 1
5 5 1
6 6 1
86 86 1
26 26 1
67 67 1
36 36 1
69 69 1
70 73 1
62 62 2
43 43 2
77 77 1
31 31 3
40 40 2
61 61 1
23 23 1
66 74 1
49 49 1
14 19 2
38 38 1
65 65 1
63 63 1
47 89 1
9 9 1
45 45 1
39 40 1
13 13 1
41 90 2
67 67 1
14 14 1
25 25 1
3 90 1
51 52 2
28 28 1
68 68 1
45 46 1
61 61 1
63 63 1
17 21 2
87 87 1
73 81 1
58 58 1
15 30 1
57 70 1
46 46 1
39 39 1
21 21 2
54 78 1
66 67 1
45 45 1
71 73 1
55 55 3
42 83 1
15 15 1
72 72 1
45 47 2
43 89 1
34 34 1
23 23 1
78 78 1
40 40 1
6 6 1
50 50 1
40 40 2
31 31 1
68 68 1
32 32 1
14 30 3
45 45 3
33 69 1
83 84 1
43 43 2
10 10 1
27 27 2
44 44 1
25 25 1
15 15 2
64 64 2
75 75 2
10 10 3
66 77 1
66 82 1
27 28 1
76 76 1
42 42 1
30 30 1
90 90 1
17 17 2
19 37 1
58 58 1
53 53 1
27 27 2
53 55 2
37 37 1
23 23 2
36 36 1
46 47 1
9 9 1
4 80 1
6 6 1
26 26 1
36 36 1
40 40 1
54 54 2
17 17 2
41 58 2
79 79 1
37 37 1
69 70 1
18 19 1
27 27 1
85 85 1
46 46 2
50 50 1
12 15 2
43 46 2
75 75 1
67 67 1
50 83 2
55 55 1
83 83 1
31 31 1
38 38 1
20 20 1
88 88 1
3 3 1
7 7 1
66 66 1
66 66 1
15 15 1
65 65 1
83 83 1
53 54 1
45 45 1
87 88 1
64 82 1
45 62 1
58 58 1
79 79 2
27 27 3
86 86 1
61 61 1
43 43 1
48 57 1
41 41 1
52 52 1
72 72 1
28 28 1
67 67 1
59 61 1
29 29 1
16 16 1
67 67 1
66 66 2
68 68 2
3 3 1
40 42 1
84 84 1
36 36 1
79 79 1
81 81 1
70 70 1
48 49 3
82 82 1
44 44 1
70 70 1
75 75 1
51 51 1
67 67 2
45 89 1
22 22 2
16 19 1
71 71 1
65 65 2
63 63 1
71 71 1
67 70 1
77 77 1
37 38 1
36 36 1
50 51 1
49 49 1
42 42 1
47 47 2
77 77 1
7 7 1
8 8 2
8 8 2
38 38 1
65 65 1
28 28 1
57 63 1
47 47 1
71 81 2
25 25 1
39 39 1
79 79 2
67 67 2
81 82 1
32 32 2
31 31 1
4 4 1
37 37 1
33 33 1
36 36 1
32 33 1
54 54 3
46 46 1
46 47 1
60 60 1
23 23 3
3 3 1
76 76 1
35 35 1
77 77 1
56 56 1
7 7 2
16 16 2
43 46 2
83 84 1
44 49 1
35 35 1
58 58 1
71 71 1
49 49 1
61 61 1
6 6 1
42 42 1
65 70 1
30 30 1
85 85 1
63 64 2
87 88 1
64 82 1
4 4 2
67 67 1
55 56 1
61 61 1
79 79 1
24 24 2
22 22 1
63 63 1
64 66 1
90 90 1
42 43 3
27 27 1
32 32 2
10 10 1
40 41 1
12 12 1
67 67 1
88 89 1
83 83 1
62 62 1
23 23 1
44 44 1
3 16 2
73 73 1
19 69 1
7 7 3
23 23 1
16 16 2
37 37 1
87 88 1
12 12 1
74 74 1
33 33 1
62 62 1
36 57 1
34 34 1
56 56 1
38 38 2
56 57 2
25 25 1
82 82 1
52 52 2
42 90 1
57 57 1
12 12 2
47 83 1
28 28 1
25 25 1
41 41 1
70 70 1
79 79 3
20 20 1
86 86 1
45 45 1
44 44 1
66 81 1
81 81 4
62 62 1
55 55 1
47 47 1
76 76 1
86 86 1
52 52 1
17 23 1
50 50 1
25 25 2
31 31 3
58 58 1
72 72 1
40 40 1
50 50 2
73 73 1
18 18 1
29 29 1
22 22 1
54 54 1
80 90 1
36 36 1
55 55 1
60 60 1
71 71 1
50 88 1
19 19 1
85 85 1
28 28 2
80 80 1
48 48 1
13 13 1
17 17 1
59 59 1
32 32 1
42 42 1
39 66 2
47 47 1
18 80 1
3 3 1
53 53 1
17 23 1
40 52 1
14 15 1
75 75 1
16 16 1
18 19 1
67 67 1
77 77 1
83 83 1
42 42 1
72 72 1
45 45 1
18 21 1
9 9 1
75 75 1
55 69 1
58 58 2
40 41 1
72 72 2
50 50 1
20 20 1
87 89 1
27 27 1
39 39 1
90 90 1
85 85 1
6 6 1
36 36 1
28 28 1
4 4 2
58 58 2
64 65 1
35 35 1
34 34 2
41 58 1
28 28 2
64 64 1
54 74 1
34 34 1
7 7 1
47 47 2
55 55 1
70 70 1
40 40 1
89 89 1
14 14 1
30 30 2
76 76 3
72 73 1
26 26 1
26 26 1
64 64 1
41 41 1
51 51 1
79 79 1
28 28 1
14 14 1
23 23 1
82 82 1
84 84 1
84 84 1
38 38 1
85 85 1
20 20 1
67 67 2
72 72 1
32 32 1
42 42 1
29 29 1
46 47 1
10 10 1
12 15 2
69 69 1
66 66 1
74 74 1
22 22 2
12 12 1
32 32 1
57 59 1
11 11 3
24 24 1
21 21 1
8 8 1
83 84 1
30 30 1
75 77 1
49 49 1
27 27 1
11 11 1
16 90 1
37 38 1
29 29 1
87 87 2
64 64 1
81 81 1
56 56 1
7 7 1
45 49 2
38 38 1
26 26 1
25 25 1
66 67 1
42 42 1
15 15 1
47 47 1
72 72 1
84 84 1
64 64 1
35 35 1
81 81 1
16 17 2
60 60 1
11 11 1
21 21 1
18 18 1
85 85 1
80 81 1
74 74 1
9 9 1
67 67 1
73 73 1
25 25 2
43 46 1
89 89 1
51 52 1
34 34 1
69 69 2
26 26 1
77 77 2
3 3 1
14 14 1
40 40 1
75 75 1
71 72 1
18 20 1
25 25 1
9 10 1
61 61 1
42 42 1
11 11 1
57 69 1
44 44 1
28 28 1
11 11 1
71 71 1
39 39 2
50 60 1
7 7 1
70 81 1
10 10 1
72 73 1
74 74 1
86 86 1
37 44 1
22 22 1
57 57 1
60 60 1
64 64 1
33 33 1
61 61 1
69 69 1
67 67 1
32 33 1
75 75 1
19 19 1
33 33 2
42 42 1
32 32 1
46 55 1
40 40 1
60 61 1
16 41 1
58 58 1
3 3 3
38 42 1
30 30 2
75 75 1
6 6 1
65 65 1
64 64 1
5 5 1
80 80 1
53 54 1
66 66 1
75 76 1
22 23 1
4 4 1
82 82 1
75 75 1
24 24 2
30 30 1
64 64 1
7 7 1
24 24 1
59 59 1
90 90 2
59 59 3
35 35 1
36 36 2
4 4 1
14 14 1
74 74 1
8 8 1
24 24 1
89 89 1
82 82 1
24 24 2
19 19 2
5 7 1
6 6 1
69 69 3
71 71 2
76 76 1
47 57 1
41 59 1
57 63 1
27 27 1
9 9 1
38 38 2
43 89 1
14 14 1
4 5 1
79 80 1
35 78 1
51 51 1
21 21 1
54 54 1
82 82 1
49 49 4
6 6 2
21 22 1
33 33 1
18 18 2
28 30 1
35 35 1
43 59 1
21 21 1
12 12 1
71 71 2
50 50 1
44 44 1
71 72 1
23 23 1
14 14 1
85 85 1
3 3 1
30 30 1
77 80 1
89 90 1
77 80 1
68 70 1
72 72 1
46 46 1
26 26 2
23 23 1
41 66 1
32 32 1
83 84 2
82 86 1
77 77 1
79 79 1
79 79 1
40 40 1
5 5 1
16 16 1
57 57 3
68 68 1
16 16 1
84 84 1
51 51 1
26 26 1
81 81 1
75 75 1
6 6 1
86 86 1
72 72 1
76 76 1
22 22 1
86 86 1
13 32 1
26 29 1
8 8 1
73 80 1
62 62 1
30 30 2
42 42 1
30 30 1
27 27 1
78 79 2
5 9 1
63 63 1
26 26 1
31 31 1
85 85 1
61 61 2
74 74 1
63 63 2
69 69 5
86 86 1
21 22 1
22 22 1
56 56 1
38 38 1
48 48 1
63 81 2
17 37 1
63 63 2
39 42 1
6 8 2
20 27 1
62 85 1
33 33 1
85 85 1
25 25 2
14 14 1
21 21 1
39 39 1
28 28 1
55 56 1
25 25 1
53 53 1
56 56 1
28 28 1
50 50 1
64 64 1
31 31 1
77 80 2
48 57 1
73 73 1
65 65 1
86 86 1
84 84 1
53 78 1
20 20 2
60 69 2
51 51 1
51 51 2
23 23 1
41 41 1
77 77 1
13 13 1
59 59 3
38 39 1
29 30 1
41 41 2
17 18 1
46 48 1
56 56 1
43 49 1
45 45 1
22 22 1
22 22 1
27 27 2
49 49 1
65 70 1
11 11 1
52 52 2
24 24 2
88 88 1
15 30 3
89 89 1
56 57 1
71 71 2
59 59 1
27 27 2
23 75 1
63 63 3
49 49 2
17 17 1
47 47 1
44 44 1
11 12 2
86 87 2
68 68 1
46 46 1
24 24 1
69 69 1
25 25 1
57 57 1
64 64 1
63 63 1
39 39 1
87 87 1
15 15 1
46 46 2
24 24 1
89 89 1
71 71 3
38 38 2
15 15 1
84 84 3
29 29 1
19 19 1
72 72 3
49 49 1
27 27 1
47 49 2
45 45 1
44 44 1
20 36 2
78 78 1
72 72 1
47 47 1
55 78 2
65 65 1
46 47 1
12 12 2
69 69 1
89 89 1
57 57 1
68 68 1
78 78 2
48 48 1
55 55 1
53 88 1
49 49 1
15 15 1
3 3 1
83 83 1
54 79 1
42 42 1
83 83 1
19 19 1
4 4 1
45 89 1
32 32 1
65 65 1
19 22 1
28 30 1
27 27 1
36 36 2
66 81 1
46 46 1
37 61 1
3 3 1
41 41 1
38 38 1
73 73 1
87 88 1
50 51 2
53 53 2
86 88 1
54 65 1
76 77 2
87 87 1
66 81 2
23 76 1
60 60 2
36 36 1
51 51 1
61 61 1
48 48 2
61 61 1
3 3 1
32 32 1
10 10 1
29 29 1
13 13 1
71 71 1
46 46 1
59 59 1
38 38 1
14 16 1
48 63 1
68 69 2
53 53 1
23 71 2
19 19 1
60 60 4
41 41 1
53 53 1
9 9 1
47 47 1
59 60 1
89 89 2
76 76 1
89 89 2
65 65 2
44 44 1
76 76 1
46 46 1
39 39 1
60 69 1
40 58 1
44 44 1
12 12 2
59 59 1
61 61 2
23 23 3
14 14 1
5 5 2
41 41 1
14 15 1
59 59 1
28 28 1
18 18 1
77 77 1
55 55 1
77 77 3
12 12 1
74 79 1
69 69 1
73 77 1
7 7 1
87 87 2
82 82 2
45 45 1
15 15 1
7 7 2
83 83 1
3 3 1
73 73 1
30 31 3
83 83 1
59 69 1
28 28 1
37 38 1
80 80 1
27 27 1
69 69 1
23 23 1
50 53 2
45 48 1
45 45 1
83 89 1
32 32 1
78 78 1
16 17 1
23 23 1
87 89 1
52 52 1
44 44 1
41 41 2
26 26 2
12 12 1
47 57 1
62 85 1
26 26 2
43 44 1
62 62 1
34 34 1
74 74 2
79 79 1
64 64 1
83 84 2
62 62 1
6 6 1
26 28 1
71 71 1
34 34 1
27 27 2
12 31 1
20 21 1
39 40 1
84 84 1
38 39 2
18 18 1
46 49 1
61 61 1
17 23 1
35 35 1
45 47 1
43 43 1
43 58 1
34 34 1
44 49 1
7 7 2
72 72 1
5 5 2
72 72 2
26 30 2
4 5 2
11 78 2
86 88 1
66 72 1
27 27 1
16 16 1
75 75 1
42 81 1
13 13 1
23 23 1
69 69 2
26 26 1
7 7 2
48 48 1
25 25 2
42 42 1
61 61 1
35 35 1
63 63 1
71 71 1
43 43 2
29 29 1
50 50 1
59 59 1
42 42 1
21 23 1
62 84 2
17 17 1
32 32 1
32 32 1
23 23 1
80 80 1
43 46 1
24 24 1
8 8 1
42 42 2
36 36 1
46 46 1
43 46 1
7 7 1
85 85 1
60 63 1
49 49 2
61 61 1
55 57 1
50 50 1
38 38 1
86 86 1
67 67 1
12 12 1
20 27 2
77 77 1
55 55 1
67 67 1
43 43 1
52 58 2
64 64 1
73 73 1
43 43 1
11 11 1
3 77 1
79 80 1
17 21 1
13 13 2
50 50 1
86 87 2
13 13 1
63 63 1
87 88 1
73 73 1
72 74 1
39 39 1
62 63 1
8 8 1
38 38 1
40 41 1
55 55 2
77 77 1
77 77 2
14 15 2
85 85 1
44 45 1
29 29 1
28 28 1
41 41 1
48 88 1
46 47 1
63 63 1
77 77 2
36 36 1
39 50 1
67 67 1
46 46 1
63 64 1
24 24 1
14 30 1
75 75 1
71 71 1
3 3 1
23 23 1
55 56 2
4 4 1
24 24 1
17 18 2
27 27 2
13 13 1
88 89 2
17 17 1
26 26 2
63 63 2
16 16 1
42 42 1
15 41 2
46 50 1
61 61 1
9 9 1
56 56 3
31 31 2
88 88 1
19 39 1
54 55 1
17 20 1
7 7 1
13 17 1
83 83 1
74 80 2
22 23 1
90 90 1
4 10 1
57 57 1
37 37 1
23 24 1
27 27 1
23 23 1
26 29 1
12 12 2
23 74 1
44 44 1
51 51 2
84 84 1
21 22 1
81 81 1
22 22 1
8 9 2
5 6 1
5 18 1
28 28 2
85 88 1
36 36 1
30 30 1
82 82 1
26 26 1
44 44 1
8 8 2
23 23 1
48 48 1
74 74 1
65 66 1
31 31 1
56 56 1
14 31 1
34 34 3
89 90 1
41 90 1
41 41 1
9 9 2
58 58 1
9 9 2
8 8 2
47 47 1
50 88 1
29 29 1
7 7 1
51 51 1
74 74 2
69 69 2
14 14 1
88 89 1
57 58 1
71 71 3
73 73 1
29 29 1
53 53 1
64 64 1
55 57 1
17 19 1
16 23 1
77 77 1
15 15 1
56 56 1
56 56 2
83 83 1
85 85 1
88 88 1
78 78 1
90 90 1
75 77 1
67 67 1
50 50 1
19 68 1
80 80 1
62 62 1
40 59 2
8 8 1
71 71 1
38 38 1
36 36 3
89 89 1
75 75 1
17 17 3
54 74 1
48 48 2
68 68 1
30 30 1
18 18 1
59 59 2
34 34 1
36 36 1
9 9 2
73 73 1
49 49 3
37 37 1
58 58 1
64 64 1
29 29 1
36 36 1
76 76 1
39 39 1
34 34 1
10 10 1
23 75 2
7 7 1
31 31 1
23 24 1
37 37 1
78 78 1
27 27 1
10 10 1
62 62 1
24 24 1
40 40 3
8 9 1
5 18 1
37 38 1
75 76 1
35 35 1
11 11 1
42 42 1
59 59 1
65 65 2
53 53 1
28 28 1
22 22 2
49 49 3
55 55 1
58 58 1
16 16 2
18 18 2
69 69 1
55 64 1
35 35 1
34 34 1
10 13 1
73 73 1
38 38 1
21 21 1
7 8 1
74 74 1
64 65 1
3 4 1
47 48 1
86 86 1
18 18 1
44 44 1
32 32 2
30 30 1
3 4 1
9 9 1
17 17 2
58 58 1
34 34 1
10 11 1
62 62 1
41 42 1
64 64 1
53 56 1
34 34 1
89 89 2
42 90 2
78 78 1
4 12 1
88 88 1
26 26 1
56 56 1
68 68 1
54 54 1
19 19 1
25 25 1
14 14 2
3 3 2
47 47 1
42 42 1
70 70 1
63 67 1
16 16 1
4 4 1
21 21 1
38 38 1
77 77 1
33 33 1
54 54 1
44 72 2
53 53 1
22 23 2
