1	1	329.0
1	2	8.0
1	3	4.0
1	13	7.0
1	16	2.0
1	17	1.0
1	18	2.0
1	19	16.0
1	21	7.0
1	22	4.0
1	24	12.0
1	25	3.0
1	26	1.0
1	28	8.0
1	30	3.0
1	31	1.0
1	32	4.0
1	33	3.0
1	34	1.0
1	35	1.0
1	47	1.0
1	87	1.0
1	88	1.0
1	98	2.0
1	99	8.0
1	101	1.0
1	102	1.0
1	125	1.0
2	2	318.0
2	3	6.0
2	4	1.0
2	5	2.0
2	7	1.0
2	9	1.0
2	13	1.0
2	15	5.0
2	17	4.0
2	18	9.0
2	19	19.0
2	20	3.0
2	22	1.0
2	23	1.0
2	24	4.0
2	25	5.0
2	28	14.0
2	30	5.0
2	34	1.0
2	98	2.0
2	99	2.0
3	3	327.0
3	4	22.0
3	5	6.0
3	6	1.0
3	11	4.0
3	13	1.0
3	14	6.0
3	15	12.0
3	16	7.0
3	17	5.0
3	18	7.0
3	19	4.0
3	20	8.0
3	23	7.0
3	24	2.0
3	25	2.0
3	27	1.0
3	30	2.0
3	32	2.0
3	50	1.0
3	77	1.0
3	93	1.0
4	4	292.0
4	5	6.0
4	10	1.0
4	11	6.0
4	13	2.0
4	14	1.0
4	15	10.0
4	16	7.0
4	18	1.0
4	19	1.0
4	20	4.0
4	24	2.0
4	25	5.0
4	27	1.0
4	31	1.0
4	37	1.0
4	78	1.0
5	5	292.0
5	6	7.0
5	10	8.0
5	14	1.0
5	15	8.0
5	16	1.0
5	25	3.0
5	84	1.0
5	89	1.0
5	105	1.0
6	6	338.0
6	7	17.0
6	8	4.0
6	9	4.0
6	10	8.0
6	13	8.0
6	14	7.0
6	15	6.0
6	16	1.0
6	21	1.0
6	23	1.0
6	25	1.0
6	26	1.0
6	38	1.0
6	45	1.0
6	70	1.0
6	82	1.0
6	90	1.0
6	113	1.0
6	117	1.0
7	7	318.0
7	8	10.0
7	9	5.0
7	10	5.0
7	11	4.0
7	12	2.0
7	13	2.0
7	25	1.0
7	37	1.0
7	92	1.0
7	122	1.0
8	8	278.0
8	9	25.0
8	10	8.0
8	11	9.0
8	12	8.0
8	15	2.0
8	31	1.0
8	37	1.0
8	77	1.0
9	9	238.0
9	10	12.0
9	11	7.0
9	12	6.0
9	13	3.0
9	14	1.0
9	15	5.0
9	23	1.0
9	25	3.0
9	26	3.0
9	42	1.0
9	70	1.0
9	102	1.0
10	10	293.0
10	11	5.0
10	13	3.0
10	15	7.0
10	17	1.0
10	19	1.0
10	25	3.0
10	26	6.0
11	11	313.0
11	12	8.0
11	15	3.0
11	16	1.0
11	19	2.0
11	90	1.0
11	125	1.0
12	12	298.0
12	25	2.0
12	26	1.0
12	39	1.0
12	74	1.0
12	102	1.0
12	121	1.0
12	133	1.0
13	13	289.0
13	14	18.0
13	15	9.0
13	19	2.0
13	27	1.0
13	70	3.0
13	71	4.0
13	72	4.0
13	75	2.0
13	80	2.0
13	98	2.0
13	99	4.0
13	120	3.0
14	14	292.0
14	15	11.0
14	20	1.0
14	27	1.0
14	28	7.0
14	70	2.0
14	71	10.0
14	72	1.0
14	73	1.0
14	75	1.0
14	79	2.0
14	87	1.0
14	98	3.0
14	99	4.0
14	102	1.0
14	116	1.0
14	120	1.0
14	123	1.0
14	124	3.0
14	126	1.0
15	15	284.0
15	16	10.0
15	17	8.0
15	19	2.0
15	20	1.0
15	22	1.0
15	25	2.0
15	28	2.0
15	60	1.0
15	70	2.0
15	75	1.0
16	16	268.0
16	17	25.0
16	18	1.0
16	19	4.0
16	20	11.0
16	23	4.0
16	24	6.0
16	25	5.0
16	42	1.0
16	64	1.0
16	68	1.0
16	74	1.0
16	126	1.0
17	17	240.0
17	18	7.0
17	19	8.0
17	20	3.0
17	23	2.0
17	24	2.0
17	25	4.0
17	27	1.0
17	28	2.0
17	56	1.0
17	98	1.0
18	18	239.0
18	19	5.0
18	20	2.0
18	23	2.0
18	24	1.0
18	25	1.0
18	27	1.0
18	28	2.0
18	30	10.0
18	42	1.0
18	62	1.0
18	70	1.0
18	75	1.0
18	98	1.0
18	99	7.0
19	19	236.0
19	20	27.0
19	21	3.0
19	23	1.0
19	24	3.0
19	25	5.0
19	27	4.0
19	28	4.0
19	34	1.0
19	42	1.0
19	56	1.0
19	71	1.0
19	94	1.0
19	99	1.0
19	115	1.0
19	122	1.0
20	20	250.0
20	21	4.0
20	23	5.0
20	24	5.0
20	25	8.0
20	26	1.0
20	27	2.0
20	28	1.0
20	29	3.0
20	33	2.0
20	34	3.0
20	43	1.0
20	67	1.0
20	75	1.0
20	93	1.0
21	21	301.0
21	22	19.0
21	23	11.0
21	24	14.0
21	25	5.0
21	26	2.0
21	29	2.0
21	30	2.0
21	32	4.0
21	34	2.0
21	36	2.0
21	47	3.0
21	49	1.0
21	75	1.0
21	84	1.0
21	108	1.0
21	120	1.0
22	22	262.0
22	23	20.0
22	25	3.0
22	26	3.0
22	29	2.0
22	31	13.0
22	32	3.0
22	33	1.0
22	34	1.0
22	43	3.0
22	48	1.0
22	52	1.0
22	53	1.0
22	90	3.0
22	91	2.0
22	96	1.0
23	23	268.0
23	24	5.0
23	25	3.0
23	26	12.0
23	29	6.0
23	30	1.0
23	34	4.0
23	48	9.0
23	56	1.0
23	90	1.0
23	123	1.0
23	128	1.0
24	24	257.0
24	25	13.0
24	26	4.0
24	30	4.0
24	31	2.0
24	32	2.0
24	33	5.0
24	34	5.0
24	35	1.0
24	36	1.0
24	43	1.0
24	49	1.0
24	50	3.0
24	99	1.0
24	103	2.0
24	135	1.0
25	25	297.0
25	26	6.0
25	27	1.0
25	29	3.0
25	30	4.0
25	32	4.0
25	69	2.0
25	103	2.0
25	104	2.0
26	26	283.0
26	27	16.0
26	28	4.0
26	29	3.0
26	31	1.0
26	52	3.0
26	53	5.0
26	54	13.0
26	55	1.0
26	56	1.0
26	57	1.0
26	60	2.0
26	61	1.0
26	62	1.0
26	63	1.0
26	65	1.0
26	97	2.0
26	101	4.0
26	102	4.0
26	103	4.0
27	27	278.0
27	28	9.0
27	29	3.0
27	31	1.0
27	53	2.0
27	54	7.0
27	55	2.0
27	56	3.0
27	58	1.0
27	87	1.0
27	101	16.0
27	102	2.0
27	105	1.0
27	114	3.0
27	116	2.0
27	117	1.0
27	119	3.0
27	124	3.0
28	28	271.0
28	29	7.0
28	39	1.0
28	50	1.0
28	56	1.0
28	70	4.0
28	71	1.0
28	87	1.0
28	98	7.0
28	99	8.0
28	101	2.0
28	115	1.0
28	119	3.0
28	122	1.0
29	29	298.0
29	30	4.0
29	34	2.0
29	44	1.0
29	47	1.0
29	49	1.0
29	53	3.0
29	70	3.0
29	73	1.0
29	79	4.0
29	81	11.0
29	84	1.0
29	86	5.0
29	87	2.0
29	88	2.0
29	97	2.0
29	99	1.0
29	115	1.0
29	116	1.0
29	118	6.0
29	119	5.0
29	127	1.0
29	128	1.0
29	129	4.0
29	134	5.0
29	135	2.0
30	30	307.0
30	32	7.0
30	33	1.0
30	42	2.0
30	47	1.0
30	56	1.0
30	63	1.0
30	70	2.0
30	71	2.0
30	81	1.0
30	84	1.0
30	89	1.0
30	98	2.0
30	99	1.0
30	115	3.0
30	118	3.0
30	119	1.0
30	122	1.0
30	124	1.0
30	125	2.0
30	126	13.0
30	127	9.0
30	128	2.0
30	129	2.0
30	130	1.0
30	131	3.0
30	134	7.0
31	31	277.0
31	32	13.0
31	35	1.0
31	43	1.0
31	49	4.0
31	50	5.0
31	71	1.0
31	85	1.0
31	88	1.0
31	90	3.0
31	91	1.0
31	106	1.0
31	115	1.0
32	32	242.0
32	33	7.0
32	34	2.0
32	42	1.0
32	43	1.0
32	56	2.0
32	61	1.0
32	64	1.0
32	75	1.0
32	76	1.0
32	81	1.0
32	103	1.0
32	112	2.0
32	124	1.0
32	126	10.0
32	127	1.0
32	131	1.0
33	33	253.0
33	34	26.0
33	35	2.0
33	36	2.0
33	42	1.0
33	43	3.0
33	44	3.0
33	46	1.0
33	47	4.0
33	48	2.0
33	49	1.0
33	50	5.0
33	52	12.0
33	54	2.0
33	55	4.0
33	56	2.0
33	58	3.0
33	59	6.0
33	60	2.0
33	62	1.0
33	64	1.0
33	65	1.0
33	74	1.0
33	88	1.0
33	98	1.0
33	108	1.0
33	110	2.0
33	113	1.0
33	117	1.0
33	126	2.0
33	127	4.0
33	131	7.0
33	132	2.0
33	134	3.0
34	34	274.0
34	35	1.0
34	36	3.0
34	37	2.0
34	38	1.0
34	42	3.0
34	43	6.0
34	45	1.0
34	47	1.0
34	48	1.0
34	50	2.0
34	51	1.0
34	52	5.0
34	54	9.0
34	55	5.0
34	56	4.0
34	60	3.0
34	63	1.0
34	64	2.0
34	65	2.0
34	66	2.0
34	67	1.0
34	68	8.0
34	81	1.0
34	82	3.0
34	83	7.0
34	84	4.0
34	85	1.0
34	88	2.0
34	89	1.0
34	90	1.0
34	124	1.0
34	133	1.0
34	134	7.0
35	35	272.0
35	36	16.0
35	37	6.0
35	38	3.0
35	42	3.0
35	43	9.0
35	44	1.0
35	45	3.0
35	47	1.0
35	49	4.0
35	50	3.0
35	51	3.0
35	52	1.0
35	53	4.0
35	55	2.0
35	56	1.0
35	58	1.0
35	74	1.0
35	79	1.0
35	84	3.0
35	94	1.0
35	95	3.0
35	120	1.0
36	36	300.0
36	37	15.0
36	38	5.0
36	43	2.0
36	47	2.0
36	48	1.0
36	50	5.0
36	52	14.0
36	53	12.0
36	54	1.0
36	56	1.0
36	90	1.0
36	97	1.0
36	108	1.0
37	37	266.0
37	38	12.0
37	39	1.0
37	42	9.0
37	43	3.0
37	44	1.0
37	50	1.0
37	53	2.0
37	57	4.0
37	84	3.0
37	134	1.0
38	38	233.0
38	39	24.0
38	42	55.0
38	43	9.0
38	44	1.0
38	53	1.0
38	57	1.0
38	85	1.0
38	115	1.0
38	124	1.0
39	39	75.0
39	42	32.0
39	43	1.0
39	97	1.0
39	127	1.0
42	42	582.0
42	43	6.0
42	44	1.0
42	46	1.0
42	52	1.0
42	57	1.0
42	58	1.0
42	59	1.0
42	84	4.0
42	85	6.0
42	98	2.0
42	103	1.0
42	110	1.0
42	114	2.0
42	123	1.0
42	128	1.0
42	129	1.0
43	43	281.0
43	44	5.0
43	45	1.0
43	49	4.0
43	50	9.0
43	53	1.0
43	55	4.0
43	56	1.0
43	57	1.0
43	58	3.0
43	82	1.0
43	84	3.0
43	85	1.0
43	86	2.0
43	134	1.0
43	135	1.0
44	44	332.0
44	45	33.0
44	46	1.0
44	47	1.0
44	49	2.0
44	50	9.0
44	52	1.0
44	57	1.0
44	58	4.0
44	71	3.0
44	81	3.0
44	82	4.0
44	84	3.0
44	85	14.0
44	86	3.0
44	87	2.0
44	90	1.0
44	97	3.0
44	98	2.0
44	111	1.0
44	122	1.0
44	123	2.0
44	124	6.0
44	125	1.0
44	133	3.0
45	45	345.0
45	46	4.0
45	47	8.0
45	48	2.0
45	49	2.0
45	50	2.0
45	51	4.0
45	80	2.0
45	81	1.0
45	82	2.0
45	85	2.0
45	86	1.0
45	88	1.0
45	101	1.0
45	109	2.0
45	110	1.0
45	122	8.0
45	123	4.0
45	124	2.0
45	128	1.0
45	134	1.0
46	46	82.0
46	47	3.0
46	48	1.0
46	49	1.0
46	51	3.0
46	80	2.0
46	86	2.0
46	87	4.0
46	118	2.0
46	119	1.0
46	121	1.0
46	122	1.0
46	130	1.0
47	47	157.0
47	48	2.0
47	51	2.0
47	52	1.0
47	79	4.0
47	86	2.0
47	87	3.0
47	90	1.0
47	92	1.0
47	108	1.0
47	109	1.0
47	110	1.0
47	119	1.0
47	120	3.0
47	122	1.0
47	123	2.0
47	124	1.0
47	131	2.0
48	48	114.0
48	52	1.0
48	71	1.0
48	79	1.0
48	80	8.0
48	86	4.0
48	87	1.0
48	101	1.0
48	119	1.0
48	121	4.0
48	122	3.0
48	123	3.0
48	124	1.0
49	49	239.0
49	50	15.0
49	51	1.0
49	52	4.0
49	57	1.0
49	75	2.0
49	79	4.0
49	80	5.0
49	81	2.0
49	82	4.0
49	86	1.0
49	87	3.0
49	88	3.0
49	96	1.0
49	121	1.0
50	50	300.0
50	51	3.0
50	52	5.0
50	53	2.0
50	73	1.0
50	82	1.0
50	88	3.0
50	89	2.0
50	90	2.0
50	94	6.0
50	95	6.0
50	96	1.0
50	97	7.0
50	102	1.0
51	51	68.0
51	58	1.0
51	95	2.0
51	109	3.0
51	122	1.0
51	123	1.0
52	52	266.0
52	53	27.0
52	54	4.0
52	60	3.0
52	61	6.0
52	62	1.0
52	63	1.0
52	65	4.0
52	72	1.0
52	81	1.0
52	82	1.0
52	88	7.0
52	94	1.0
52	95	4.0
52	96	2.0
52	97	6.0
52	121	1.0
52	128	1.0
53	53	277.0
53	54	19.0
53	55	3.0
53	56	6.0
53	57	3.0
53	58	1.0
53	59	3.0
53	60	1.0
53	61	7.0
53	62	2.0
53	82	3.0
53	83	1.0
53	84	1.0
53	88	4.0
53	95	1.0
53	96	4.0
53	97	1.0
53	128	2.0
54	54	279.0
54	55	7.0
54	56	10.0
54	57	7.0
54	59	3.0
54	60	3.0
54	61	3.0
54	63	1.0
54	65	5.0
54	68	4.0
54	81	1.0
54	82	1.0
54	83	10.0
54	84	2.0
54	89	1.0
54	90	1.0
54	91	1.0
54	97	2.0
54	114	3.0
54	115	2.0
55	55	270.0
55	56	17.0
55	57	19.0
55	58	5.0
55	59	7.0
55	60	3.0
55	62	6.0
55	63	5.0
55	64	1.0
55	68	3.0
55	82	1.0
55	83	1.0
55	84	4.0
55	97	3.0
55	114	7.0
55	115	4.0
55	116	4.0
55	127	2.0
55	132	1.0
55	134	4.0
56	56	272.0
56	57	11.0
56	58	12.0
56	59	12.0
56	60	3.0
56	61	2.0
56	62	5.0
56	66	1.0
56	81	1.0
56	82	10.0
56	83	1.0
56	84	8.0
56	85	3.0
56	86	1.0
56	89	2.0
56	93	1.0
56	114	6.0
56	115	3.0
56	117	2.0
57	57	260.0
57	58	13.0
57	59	6.0
57	60	5.0
57	61	2.0
57	62	3.0
57	63	6.0
57	76	1.0
57	83	3.0
57	84	2.0
57	96	1.0
57	114	2.0
57	118	1.0
58	58	242.0
58	59	19.0
58	60	4.0
58	62	2.0
58	63	2.0
58	84	1.0
58	85	1.0
58	86	1.0
58	91	1.0
58	96	10.0
58	97	1.0
58	104	1.0
58	106	2.0
58	113	2.0
58	114	1.0
58	116	1.0
58	117	9.0
59	59	307.0
59	60	12.0
59	61	2.0
59	62	8.0
59	63	4.0
59	64	2.0
59	65	2.0
59	68	1.0
59	82	1.0
59	93	1.0
59	96	4.0
59	106	1.0
59	113	2.0
59	114	1.0
59	116	2.0
59	126	2.0
59	127	1.0
59	131	1.0
60	60	282.0
60	61	34.0
60	62	19.0
60	63	4.0
60	64	3.0
60	65	1.0
60	68	13.0
60	69	2.0
60	85	1.0
60	117	1.0
60	131	1.0
61	61	318.0
61	62	34.0
61	63	11.0
61	65	8.0
61	68	1.0
61	96	1.0
61	126	1.0
62	62	258.0
62	63	13.0
62	64	9.0
62	65	9.0
62	66	1.0
62	67	1.0
62	68	15.0
62	69	3.0
62	81	1.0
62	84	1.0
62	87	1.0
62	96	2.0
62	97	2.0
62	106	2.0
62	113	2.0
62	114	2.0
62	116	1.0
62	117	2.0
62	118	1.0
62	132	1.0
63	63	263.0
63	64	11.0
63	65	8.0
63	66	2.0
63	68	5.0
63	69	6.0
63	78	1.0
63	81	2.0
63	84	3.0
63	85	3.0
63	89	4.0
63	96	8.0
63	97	1.0
63	106	1.0
63	111	2.0
63	113	2.0
63	114	1.0
63	115	2.0
63	118	1.0
63	121	1.0
63	130	1.0
63	132	1.0
63	133	1.0
64	64	274.0
64	65	8.0
64	66	6.0
64	67	8.0
64	68	5.0
64	69	12.0
64	74	2.0
64	81	1.0
64	85	8.0
64	88	2.0
64	89	6.0
64	90	5.0
64	91	1.0
64	93	1.0
64	95	2.0
64	97	2.0
64	107	3.0
64	108	1.0
64	109	2.0
64	110	1.0
64	111	1.0
64	115	1.0
64	120	1.0
64	130	1.0
64	132	1.0
64	133	1.0
64	135	1.0
65	65	255.0
65	66	2.0
65	67	2.0
65	68	4.0
65	69	6.0
65	70	1.0
65	72	1.0
65	74	5.0
65	75	1.0
65	76	1.0
65	82	1.0
65	86	1.0
65	89	3.0
65	96	2.0
65	101	1.0
65	120	2.0
65	129	1.0
66	66	257.0
66	67	17.0
66	68	12.0
66	69	7.0
66	90	2.0
66	96	1.0
66	97	1.0
66	118	1.0
66	119	2.0
67	67	265.0
67	68	17.0
67	69	22.0
67	70	1.0
67	81	1.0
68	68	273.0
68	69	11.0
68	82	3.0
68	83	3.0
68	84	5.0
68	91	1.0
68	111	2.0
68	112	1.0
68	128	1.0
69	69	248.0
69	70	2.0
69	71	3.0
69	72	2.0
69	78	1.0
69	81	1.0
69	85	1.0
69	96	1.0
69	119	1.0
69	132	1.0
70	70	262.0
70	71	1.0
70	75	2.0
70	78	1.0
70	81	5.0
70	87	1.0
70	90	1.0
70	95	1.0
70	98	5.0
70	110	2.0
70	115	2.0
70	116	1.0
70	117	3.0
70	118	4.0
70	119	1.0
70	122	1.0
70	124	1.0
70	125	8.0
70	129	6.0
70	130	4.0
70	131	1.0
70	134	2.0
70	135	2.0
71	71	337.0
71	72	6.0
71	73	4.0
71	76	5.0
71	78	1.0
71	80	5.0
71	81	3.0
71	85	1.0
71	87	12.0
71	93	1.0
71	94	1.0
71	98	2.0
71	99	1.0
71	101	2.0
71	110	5.0
71	117	2.0
71	118	1.0
71	119	3.0
71	120	2.0
71	122	2.0
71	123	2.0
71	124	1.0
71	125	1.0
71	126	1.0
71	127	3.0
71	128	1.0
71	129	5.0
71	130	1.0
71	131	6.0
71	133	6.0
72	72	359.0
72	73	9.0
72	74	7.0
72	75	12.0
72	76	14.0
72	77	1.0
72	78	7.0
72	79	7.0
72	80	4.0
72	81	1.0
72	82	1.0
72	87	1.0
72	88	1.0
72	93	1.0
72	94	4.0
72	108	4.0
72	110	6.0
72	120	4.0
72	121	4.0
72	123	1.0
73	73	375.0
73	74	7.0
73	75	2.0
73	76	13.0
73	77	5.0
73	78	4.0
73	108	1.0
73	109	2.0
73	110	3.0
74	74	315.0
74	75	22.0
74	76	14.0
74	77	8.0
74	78	5.0
74	81	1.0
74	108	1.0
74	120	3.0
75	75	322.0
75	76	6.0
75	77	12.0
75	78	10.0
75	79	2.0
75	87	3.0
75	88	1.0
75	98	1.0
75	120	6.0
75	121	6.0
76	76	270.0
76	77	10.0
76	78	22.0
76	79	1.0
76	81	1.0
76	94	2.0
76	108	4.0
76	110	3.0
77	77	333.0
77	78	24.0
77	134	1.0
77	135	1.0
78	78	309.0
78	79	19.0
78	87	1.0
78	94	4.0
78	98	1.0
78	110	1.0
78	116	1.0
78	117	1.0
78	120	5.0
79	79	359.0
79	80	27.0
79	81	2.0
79	82	2.0
79	85	1.0
79	86	3.0
79	87	6.0
79	88	3.0
79	89	2.0
79	90	2.0
79	91	2.0
79	92	7.0
79	93	10.0
79	94	3.0
79	98	4.0
79	108	1.0
79	109	1.0
79	111	1.0
79	120	10.0
79	121	9.0
79	122	2.0
80	80	415.0
80	81	6.0
80	87	4.0
80	89	5.0
80	90	1.0
80	91	1.0
80	93	3.0
80	94	3.0
80	110	1.0
80	120	1.0
80	121	2.0
80	122	3.0
80	123	2.0
80	133	1.0
81	81	285.0
81	82	4.0
81	85	5.0
81	88	2.0
81	89	4.0
81	90	3.0
81	91	1.0
81	93	2.0
81	94	1.0
81	97	1.0
81	98	2.0
81	107	1.0
81	117	1.0
81	119	6.0
81	120	2.0
81	121	2.0
81	122	1.0
81	129	2.0
81	133	1.0
81	134	4.0
82	82	252.0
82	83	15.0
82	84	5.0
82	85	4.0
82	86	2.0
82	87	1.0
82	89	1.0
82	94	1.0
82	97	3.0
82	98	3.0
82	107	2.0
82	108	7.0
82	109	2.0
82	111	3.0
82	117	1.0
82	134	5.0
83	83	275.0
83	84	13.0
83	85	1.0
83	88	2.0
83	93	1.0
83	94	1.0
83	96	2.0
83	97	3.0
83	100	7.0
83	101	2.0
83	103	1.0
83	105	1.0
83	106	2.0
83	107	2.0
83	108	2.0
83	111	1.0
83	113	8.0
83	116	2.0
83	117	4.0
83	119	4.0
83	125	1.0
83	128	2.0
83	133	1.0
84	84	318.0
84	85	7.0
84	86	2.0
84	88	1.0
84	94	1.0
84	97	1.0
84	100	1.0
84	101	1.0
84	103	1.0
84	106	2.0
84	107	7.0
84	108	2.0
84	109	3.0
84	111	4.0
84	112	1.0
84	113	3.0
84	119	4.0
84	120	1.0
84	127	2.0
84	131	2.0
84	132	2.0
84	133	6.0
84	134	2.0
85	85	284.0
85	86	5.0
85	87	1.0
85	88	4.0
85	89	1.0
85	90	1.0
85	92	4.0
85	96	2.0
85	97	1.0
85	103	2.0
85	107	4.0
85	108	1.0
85	109	1.0
85	110	6.0
85	111	2.0
85	114	1.0
85	116	1.0
85	117	6.0
85	119	2.0
85	122	1.0
85	124	1.0
85	125	3.0
85	128	1.0
85	132	6.0
85	133	10.0
85	134	2.0
86	86	271.0
86	87	17.0
86	88	5.0
86	92	1.0
86	95	2.0
86	96	2.0
86	97	5.0
86	98	1.0
86	102	1.0
86	105	1.0
86	108	1.0
86	109	2.0
86	122	7.0
86	123	6.0
86	124	1.0
86	125	3.0
86	128	1.0
86	129	3.0
86	130	1.0
86	131	2.0
86	132	1.0
86	133	2.0
87	87	324.0
87	88	6.0
87	91	2.0
87	92	6.0
87	93	2.0
87	94	4.0
87	95	7.0
87	96	8.0
87	98	1.0
87	100	1.0
87	102	7.0
87	104	1.0
87	118	1.0
87	119	3.0
87	120	3.0
87	121	3.0
87	122	4.0
87	123	2.0
87	124	7.0
87	125	5.0
87	127	2.0
87	129	2.0
87	130	1.0
87	131	2.0
87	132	3.0
87	133	1.0
87	135	2.0
88	88	234.0
88	89	5.0
88	90	1.0
88	91	5.0
88	92	7.0
88	93	9.0
88	94	5.0
88	95	3.0
88	97	12.0
88	98	2.0
88	101	2.0
88	102	1.0
88	103	1.0
88	104	5.0
88	105	5.0
88	107	1.0
88	108	1.0
88	109	3.0
88	120	5.0
88	121	2.0
88	122	1.0
88	124	4.0
88	132	1.0
88	135	1.0
89	89	212.0
89	90	18.0
89	91	16.0
89	92	1.0
89	93	15.0
89	94	6.0
89	95	2.0
89	97	5.0
89	120	1.0
90	90	277.0
90	91	20.0
90	92	3.0
90	93	8.0
90	94	13.0
90	107	1.0
90	109	1.0
90	132	1.0
91	91	290.0
91	92	20.0
91	93	12.0
91	94	2.0
91	96	1.0
91	102	2.0
91	108	1.0
92	92	278.0
92	93	24.0
92	94	2.0
92	103	2.0
92	105	2.0
92	124	5.0
92	125	1.0
92	129	1.0
92	131	1.0
92	132	1.0
92	133	5.0
92	135	2.0
93	93	264.0
93	94	8.0
93	96	1.0
93	105	2.0
93	108	1.0
93	109	1.0
93	110	2.0
93	125	2.0
93	129	1.0
93	132	1.0
93	133	2.0
93	135	1.0
94	94	273.0
94	95	15.0
94	96	2.0
94	97	1.0
94	98	1.0
94	101	1.0
94	102	5.0
94	109	1.0
94	110	5.0
94	124	6.0
94	127	1.0
94	129	1.0
95	95	322.0
95	96	12.0
95	97	7.0
95	98	2.0
95	102	2.0
95	108	2.0
95	124	4.0
95	125	1.0
95	128	1.0
95	130	1.0
96	96	290.0
96	97	4.0
96	102	4.0
96	106	1.0
96	107	3.0
96	109	2.0
96	111	1.0
96	124	1.0
96	125	1.0
96	127	3.0
96	130	1.0
97	97	302.0
97	98	8.0
97	100	1.0
97	102	4.0
97	103	5.0
97	104	8.0
97	105	3.0
97	106	2.0
97	107	2.0
97	113	1.0
97	114	1.0
97	116	7.0
97	117	1.0
97	120	2.0
97	127	2.0
97	132	4.0
97	133	3.0
97	135	1.0
98	98	328.0
98	99	10.0
98	101	3.0
98	102	7.0
98	115	1.0
98	119	1.0
98	120	6.0
98	121	5.0
98	124	2.0
98	131	1.0
98	133	1.0
99	99	314.0
99	100	5.0
99	101	2.0
99	102	1.0
99	105	1.0
99	106	4.0
99	112	3.0
99	113	2.0
99	115	2.0
99	118	2.0
99	119	1.0
99	120	2.0
99	121	3.0
99	124	1.0
99	127	3.0
99	128	2.0
100	100	310.0
100	101	11.0
100	106	4.0
100	107	6.0
100	108	6.0
100	111	4.0
100	112	5.0
100	113	3.0
100	114	5.0
100	115	10.0
100	116	7.0
100	117	13.0
100	118	3.0
100	119	7.0
100	120	3.0
100	121	3.0
100	123	1.0
100	124	4.0
100	127	3.0
100	128	11.0
100	130	1.0
100	132	5.0
100	133	1.0
100	135	2.0
101	101	296.0
101	102	11.0
101	104	1.0
101	105	1.0
101	108	4.0
101	112	1.0
101	113	4.0
101	115	7.0
101	116	2.0
101	118	4.0
101	119	9.0
101	120	2.0
101	123	5.0
101	124	3.0
101	128	5.0
101	130	2.0
101	132	2.0
101	133	1.0
101	134	1.0
102	102	328.0
102	103	14.0
102	104	2.0
102	105	3.0
102	106	2.0
102	109	1.0
102	116	5.0
102	118	1.0
102	120	5.0
102	121	1.0
102	124	2.0
102	127	1.0
102	130	2.0
102	131	1.0
102	132	1.0
103	103	354.0
103	104	13.0
103	105	7.0
103	109	3.0
103	111	3.0
103	119	2.0
103	120	1.0
103	122	3.0
103	123	1.0
103	127	1.0
103	129	5.0
103	130	5.0
103	131	5.0
103	133	1.0
103	134	2.0
103	135	2.0
104	104	332.0
104	105	13.0
104	106	2.0
104	107	2.0
104	109	2.0
104	114	1.0
104	115	1.0
104	116	1.0
104	120	1.0
104	121	2.0
104	132	4.0
104	133	4.0
104	135	3.0
105	105	336.0
105	106	8.0
105	109	1.0
105	111	4.0
105	112	3.0
105	114	1.0
105	119	1.0
105	120	5.0
105	121	1.0
105	122	1.0
105	125	2.0
105	129	4.0
105	134	4.0
105	135	3.0
106	106	312.0
106	107	3.0
106	108	2.0
106	109	1.0
106	111	3.0
106	112	1.0
106	113	2.0
106	114	4.0
106	115	1.0
106	116	1.0
106	117	1.0
106	118	2.0
106	119	3.0
106	120	4.0
106	131	1.0
106	132	2.0
107	107	296.0
107	108	6.0
107	109	4.0
107	110	4.0
107	111	2.0
107	112	1.0
107	113	1.0
107	115	1.0
107	117	7.0
107	119	1.0
107	121	2.0
107	128	2.0
107	131	1.0
107	132	4.0
107	133	5.0
107	134	1.0
108	108	276.0
108	109	19.0
108	110	13.0
108	111	2.0
108	112	1.0
108	114	1.0
108	116	3.0
108	117	1.0
108	118	4.0
108	119	3.0
108	120	1.0
108	121	1.0
108	123	2.0
108	124	14.0
108	125	1.0
108	126	1.0
108	128	5.0
108	130	4.0
108	135	1.0
109	109	281.0
109	110	4.0
109	111	2.0
109	117	1.0
109	118	1.0
109	119	4.0
109	120	3.0
109	122	9.0
109	123	2.0
109	130	5.0
109	133	2.0
109	135	1.0
110	110	308.0
110	111	5.0
110	112	7.0
110	113	7.0
110	115	2.0
110	116	1.0
110	123	2.0
110	124	2.0
110	125	2.0
110	132	2.0
110	133	11.0
110	135	2.0
111	111	309.0
111	112	12.0
111	113	5.0
111	114	1.0
111	117	2.0
111	119	6.0
111	120	4.0
111	128	4.0
111	130	4.0
111	132	2.0
111	133	3.0
111	135	4.0
112	112	280.0
112	113	5.0
112	115	1.0
112	119	2.0
112	120	3.0
112	125	1.0
112	126	2.0
112	127	3.0
112	130	2.0
112	131	8.0
112	132	2.0
113	113	347.0
113	114	3.0
113	115	3.0
113	116	2.0
113	117	6.0
113	118	2.0
113	119	5.0
113	120	3.0
113	121	2.0
113	128	7.0
113	131	1.0
113	132	5.0
113	133	12.0
114	114	322.0
114	115	16.0
114	116	15.0
114	118	1.0
114	121	1.0
114	122	1.0
114	130	2.0
114	132	5.0
114	133	1.0
115	115	303.0
115	116	8.0
115	117	2.0
115	118	3.0
115	119	5.0
115	121	3.0
115	125	6.0
115	127	10.0
115	128	2.0
115	130	2.0
115	132	5.0
115	134	5.0
115	135	1.0
116	116	308.0
116	117	1.0
116	118	3.0
116	120	1.0
116	121	5.0
116	122	1.0
116	124	10.0
116	127	1.0
116	128	3.0
116	130	2.0
116	132	3.0
116	135	3.0
117	117	294.0
117	118	9.0
117	119	7.0
117	121	5.0
117	123	5.0
117	124	2.0
117	125	3.0
117	127	2.0
117	128	10.0
117	129	6.0
117	130	2.0
117	131	4.0
117	132	4.0
117	133	4.0
118	118	300.0
118	119	7.0
118	121	1.0
118	122	1.0
118	123	2.0
118	124	5.0
118	125	2.0
118	127	6.0
118	128	1.0
118	129	4.0
118	130	1.0
119	119	295.0
119	120	4.0
119	122	3.0
119	123	4.0
119	124	1.0
119	125	1.0
119	126	1.0
119	127	10.0
119	128	18.0
119	129	10.0
119	130	5.0
119	131	4.0
119	132	3.0
119	133	5.0
119	134	1.0
119	135	1.0
120	120	335.0
120	121	9.0
120	122	1.0
120	123	1.0
120	125	2.0
120	127	9.0
120	128	1.0
120	129	4.0
120	131	1.0
120	133	1.0
120	134	4.0
121	121	322.0
121	122	3.0
121	123	6.0
121	124	1.0
121	127	2.0
121	128	4.0
121	129	1.0
121	130	2.0
121	131	2.0
122	122	316.0
122	123	7.0
122	124	1.0
122	125	1.0
122	127	1.0
122	128	3.0
122	129	9.0
122	130	8.0
122	131	3.0
122	134	5.0
123	123	302.0
123	124	4.0
123	125	1.0
123	129	2.0
123	130	2.0
123	131	5.0
124	124	336.0
124	125	8.0
124	126	2.0
124	128	2.0
124	130	5.0
124	131	10.0
124	134	2.0
124	135	1.0
125	125	343.0
125	126	6.0
125	127	8.0
125	128	12.0
125	129	4.0
125	130	9.0
125	131	7.0
125	132	2.0
125	133	8.0
125	134	2.0
126	126	368.0
126	127	12.0
126	128	1.0
126	129	2.0
126	130	4.0
126	131	6.0
126	133	1.0
126	134	10.0
126	135	1.0
127	127	283.0
127	128	9.0
127	129	5.0
127	130	9.0
127	131	10.0
127	132	6.0
127	133	8.0
127	134	16.0
128	128	265.0
128	129	2.0
128	130	6.0
128	131	6.0
128	132	1.0
128	133	1.0
128	134	2.0
128	135	1.0
129	129	298.0
129	130	10.0
129	131	12.0
129	133	6.0
129	134	1.0
129	135	1.0
130	130	323.0
130	131	16.0
130	132	2.0
130	133	3.0
130	134	8.0
131	131	359.0
131	132	10.0
131	133	2.0
131	134	4.0
132	132	322.0
132	133	19.0
132	134	4.0
132	135	5.0
133	133	275.0
133	134	6.0
133	135	3.0
134	134	364.0
134	135	1.0
135	135	132.0
136	1	9.0
136	14	4.0
136	21	3.0
136	22	12.0
136	24	1.0
136	27	4.0
136	29	1.0
136	30	1.0
136	31	3.0
136	35	1.0
136	42	1.0
136	58	1.0
136	70	3.0
136	84	1.0
136	87	2.0
136	88	1.0
136	90	10.0
136	91	4.0
136	99	2.0
136	101	5.0
136	108	1.0
136	115	1.0
136	116	5.0
136	118	3.0
136	119	1.0
136	124	1.0
136	125	1.0
136	130	1.0
136	133	2.0
136	135	2.0
136	136	270.0
