1	1	482.0
1	2	5.0
1	3	1.0
1	11	1.0
1	13	1.0
1	15	2.0
1	18	1.0
1	20	1.0
1	23	1.0
1	44	4.0
1	46	1.0
1	47	3.0
1	48	6.0
1	49	5.0
1	50	2.0
1	55	1.0
1	56	1.0
2	2	451.0
2	3	3.0
2	4	3.0
2	7	1.0
2	8	6.0
2	9	4.0
2	10	1.0
2	11	1.0
2	12	2.0
2	17	1.0
2	18	5.0
2	35	1.0
2	38	1.0
3	3	478.0
3	4	6.0
3	5	3.0
3	6	3.0
3	7	4.0
3	8	4.0
3	9	3.0
3	10	4.0
3	12	4.0
3	13	1.0
3	14	2.0
3	15	2.0
3	16	9.0
3	17	6.0
3	18	2.0
3	34	2.0
3	37	1.0
3	40	1.0
3	43	1.0
3	46	1.0
3	56	1.0
4	4	452.0
4	5	2.0
4	6	2.0
4	7	1.0
4	15	4.0
4	16	4.0
4	17	2.0
4	18	1.0
4	19	1.0
4	28	1.0
4	35	1.0
4	39	1.0
4	45	1.0
4	50	1.0
4	54	1.0
5	5	540.0
5	6	12.0
5	7	2.0
5	14	5.0
5	15	12.0
5	16	5.0
5	17	3.0
5	18	1.0
5	51	1.0
6	6	488.0
6	7	3.0
6	8	1.0
6	9	1.0
6	11	2.0
6	13	3.0
6	14	6.0
6	15	19.0
6	16	3.0
6	43	1.0
7	7	434.0
7	8	1.0
7	10	2.0
7	11	3.0
7	12	3.0
7	13	1.0
7	14	1.0
7	15	5.0
7	16	10.0
7	17	5.0
7	21	1.0
7	30	1.0
7	34	1.0
7	40	1.0
7	41	2.0
7	42	1.0
8	8	427.0
8	9	11.0
8	10	8.0
8	11	8.0
8	12	2.0
8	16	1.0
8	17	1.0
8	20	1.0
8	22	3.0
8	29	3.0
8	30	1.0
8	42	1.0
8	57	1.0
9	9	512.0
9	10	10.0
9	11	6.0
9	12	12.0
9	13	3.0
9	14	1.0
9	16	1.0
9	27	1.0
9	29	1.0
9	39	4.0
9	42	1.0
9	46	1.0
9	48	1.0
9	52	1.0
9	57	11.0
9	58	4.0
10	10	449.0
10	11	15.0
10	12	4.0
10	13	1.0
10	14	1.0
10	29	3.0
10	31	1.0
10	34	4.0
10	36	1.0
10	38	1.0
10	39	2.0
10	45	4.0
10	50	2.0
10	58	1.0
11	11	469.0
11	12	10.0
11	13	1.0
11	18	1.0
11	30	1.0
11	38	1.0
11	41	1.0
11	44	3.0
11	48	1.0
11	54	1.0
11	57	1.0
12	12	512.0
12	13	6.0
12	28	1.0
12	29	1.0
12	33	2.0
12	34	1.0
12	37	1.0
12	39	2.0
12	40	6.0
12	41	6.0
12	42	3.0
12	47	1.0
12	57	1.0
12	58	1.0
13	13	483.0
13	14	2.0
13	15	6.0
13	20	1.0
13	27	1.0
13	32	1.0
13	39	1.0
13	41	3.0
13	42	5.0
13	43	1.0
13	47	1.0
14	14	402.0
14	15	6.0
14	16	5.0
14	17	2.0
14	18	1.0
14	36	1.0
14	39	1.0
14	44	1.0
14	53	1.0
14	54	1.0
14	56	1.0
15	15	489.0
15	16	13.0
15	17	1.0
15	39	1.0
15	41	1.0
15	45	1.0
15	50	1.0
15	51	1.0
16	16	479.0
16	17	10.0
17	17	478.0
17	18	4.0
17	29	1.0
17	30	2.0
17	33	1.0
17	38	1.0
17	41	1.0
17	46	1.0
17	50	2.0
18	18	437.0
18	19	6.0
18	21	1.0
18	23	1.0
18	28	1.0
18	29	2.0
18	32	1.0
18	33	1.0
18	34	1.0
18	35	2.0
18	36	5.0
18	38	3.0
18	40	2.0
18	41	2.0
18	44	1.0
18	45	3.0
18	46	7.0
18	47	16.0
18	48	1.0
18	49	7.0
18	52	2.0
18	57	1.0
18	59	1.0
19	19	521.0
19	20	4.0
19	21	4.0
19	22	3.0
19	23	1.0
19	29	1.0
19	31	1.0
19	32	4.0
19	33	3.0
19	34	1.0
19	35	3.0
19	36	5.0
19	37	4.0
19	38	2.0
19	40	1.0
19	44	1.0
19	45	10.0
19	46	8.0
19	47	4.0
19	48	3.0
19	49	2.0
19	54	1.0
19	56	1.0
19	58	3.0
20	20	489.0
20	21	6.0
20	22	7.0
20	23	3.0
20	24	8.0
20	31	2.0
20	32	2.0
20	33	5.0
20	36	1.0
20	37	3.0
20	38	3.0
20	40	1.0
20	43	2.0
20	44	7.0
20	45	2.0
20	48	1.0
20	49	1.0
21	21	525.0
21	22	14.0
21	23	6.0
21	24	6.0
21	29	1.0
21	31	2.0
21	38	1.0
21	39	1.0
21	40	2.0
21	41	2.0
21	43	1.0
21	44	2.0
21	48	1.0
21	55	1.0
21	58	1.0
22	22	556.0
22	23	5.0
22	24	1.0
22	28	3.0
22	29	2.0
22	30	1.0
22	31	2.0
22	32	2.0
22	36	2.0
22	37	1.0
22	38	1.0
22	39	1.0
22	42	2.0
22	43	5.0
22	44	7.0
23	23	506.0
23	24	8.0
23	28	2.0
23	29	3.0
23	30	5.0
23	32	1.0
23	33	2.0
23	34	2.0
23	35	3.0
23	36	2.0
23	37	1.0
23	39	2.0
23	42	1.0
23	43	1.0
23	46	2.0
23	47	3.0
23	58	2.0
23	59	1.0
24	24	394.0
24	27	19.0
24	29	1.0
24	30	2.0
24	31	1.0
24	36	5.0
24	37	1.0
24	38	5.0
24	43	1.0
24	44	1.0
24	45	1.0
24	47	1.0
24	48	1.0
24	51	1.0
24	57	1.0
27	27	822.0
27	28	11.0
27	36	1.0
27	37	1.0
27	46	2.0
27	53	2.0
27	58	1.0
28	28	659.0
28	29	7.0
28	30	3.0
28	32	2.0
28	33	1.0
28	35	1.0
28	37	3.0
28	38	6.0
28	42	1.0
28	48	2.0
28	53	1.0
28	55	2.0
28	56	1.0
28	57	6.0
28	58	3.0
29	29	667.0
29	30	4.0
29	31	1.0
29	32	1.0
29	34	1.0
29	35	1.0
29	36	2.0
29	38	4.0
29	39	2.0
29	40	2.0
29	43	4.0
29	52	2.0
29	53	1.0
29	54	1.0
30	30	627.0
30	31	1.0
30	32	2.0
30	33	3.0
30	35	2.0
30	36	2.0
30	37	1.0
30	38	2.0
30	40	2.0
30	45	1.0
30	46	1.0
30	48	2.0
30	51	1.0
30	57	2.0
30	58	2.0
31	31	620.0
31	32	3.0
31	33	3.0
31	34	1.0
31	35	1.0
31	37	2.0
31	38	1.0
31	40	2.0
31	41	2.0
31	42	2.0
31	43	2.0
31	44	7.0
31	45	2.0
31	48	2.0
31	49	1.0
31	54	1.0
31	58	1.0
32	32	554.0
32	33	7.0
32	34	1.0
32	37	1.0
32	38	2.0
32	39	1.0
32	40	2.0
32	41	2.0
32	43	1.0
32	44	2.0
32	45	1.0
32	46	1.0
32	49	1.0
32	52	1.0
33	33	531.0
33	34	5.0
33	35	3.0
33	36	2.0
33	37	2.0
33	39	2.0
33	40	1.0
33	42	3.0
33	43	1.0
33	44	1.0
33	45	3.0
33	46	3.0
33	47	3.0
33	57	1.0
33	58	1.0
34	34	546.0
34	35	6.0
34	36	2.0
34	38	1.0
34	39	1.0
34	40	1.0
34	41	1.0
34	43	2.0
34	44	2.0
34	45	4.0
34	46	5.0
34	47	1.0
34	49	1.0
34	52	2.0
34	53	1.0
34	58	3.0
35	35	553.0
35	36	8.0
35	37	3.0
35	38	4.0
35	39	1.0
35	42	1.0
35	43	1.0
35	44	3.0
35	45	8.0
35	46	5.0
35	47	2.0
35	48	1.0
35	52	6.0
35	53	8.0
35	54	8.0
35	58	1.0
35	59	1.0
36	36	497.0
36	37	4.0
36	38	11.0
36	39	3.0
36	42	1.0
36	44	7.0
36	45	2.0
36	46	1.0
36	47	1.0
36	48	1.0
36	49	1.0
36	50	2.0
36	52	3.0
36	53	3.0
36	57	1.0
36	58	3.0
36	59	1.0
37	37	579.0
37	38	1.0
37	44	4.0
37	45	2.0
37	46	1.0
37	52	2.0
37	53	1.0
37	55	1.0
37	56	1.0
37	57	12.0
37	58	15.0
37	59	1.0
38	38	519.0
38	39	3.0
38	40	3.0
38	42	1.0
38	43	3.0
38	44	2.0
38	45	2.0
38	46	1.0
38	49	1.0
38	51	2.0
38	52	5.0
38	53	1.0
38	57	3.0
38	58	7.0
39	39	494.0
39	40	8.0
39	41	6.0
39	42	8.0
39	43	6.0
39	46	1.0
39	48	1.0
39	49	2.0
39	50	1.0
40	40	449.0
40	41	5.0
40	42	7.0
40	43	6.0
40	57	2.0
41	41	438.0
41	42	14.0
41	44	1.0
41	48	2.0
42	42	494.0
42	43	6.0
42	45	2.0
42	50	1.0
42	56	1.0
42	58	1.0
43	43	447.0
43	44	2.0
43	46	1.0
44	44	552.0
44	45	3.0
44	46	3.0
44	47	2.0
44	48	1.0
44	49	6.0
44	56	1.0
44	58	1.0
45	45	492.0
45	46	4.0
45	47	4.0
45	48	2.0
45	49	8.0
45	50	2.0
45	52	1.0
45	53	3.0
45	58	1.0
46	46	495.0
46	47	9.0
46	48	1.0
46	49	2.0
46	50	3.0
46	53	2.0
47	47	464.0
47	48	13.0
47	49	7.0
47	52	1.0
47	56	1.0
48	48	442.0
48	49	6.0
48	50	1.0
48	58	1.0
49	49	469.0
49	50	5.0
49	51	1.0
49	54	3.0
50	50	464.0
50	51	29.0
50	52	3.0
50	54	6.0
50	56	8.0
51	51	491.0
51	52	15.0
51	54	13.0
51	56	10.0
52	52	533.0
52	53	9.0
52	54	4.0
52	55	2.0
52	56	5.0
52	57	8.0
52	58	7.0
52	59	3.0
53	53	484.0
53	54	11.0
53	56	1.0
53	57	10.0
53	58	2.0
54	54	465.0
54	55	14.0
54	56	7.0
54	57	4.0
54	58	1.0
55	55	397.0
55	56	3.0
55	57	5.0
55	58	3.0
56	56	531.0
56	57	5.0
56	58	1.0
57	57	612.0
57	58	21.0
58	58	574.0
58	59	1.0
59	59	49.0
60	20	3.0
60	22	4.0
60	28	1.0
60	31	2.0
60	33	1.0
60	34	1.0
60	35	5.0
60	36	1.0
60	37	3.0
60	38	1.0
60	39	1.0
60	44	5.0
60	45	7.0
60	46	1.0
60	47	1.0
60	48	1.0
60	49	6.0
60	50	4.0
60	58	1.0
60	60	372.0
