2	2	51.0
2	3	1.0
2	18	4.0
2	19	3.0
2	22	4.0
2	50	4.0
2	51	1.0
2	55	5.0
2	91	1.0
2	116	1.0
3	3	163.0
3	4	2.0
3	18	1.0
3	20	1.0
3	22	4.0
3	29	4.0
3	30	1.0
3	49	5.0
3	50	8.0
3	55	3.0
3	56	2.0
3	58	1.0
3	64	2.0
3	65	1.0
3	90	1.0
3	91	4.0
3	92	7.0
3	93	7.0
3	94	2.0
3	116	2.0
4	4	168.0
4	5	10.0
4	6	7.0
4	7	1.0
4	8	4.0
4	10	2.0
4	11	8.0
4	15	1.0
4	29	3.0
4	30	1.0
4	31	4.0
4	32	7.0
4	48	1.0
4	54	2.0
4	58	3.0
4	61	1.0
4	62	2.0
4	92	1.0
5	5	199.0
5	6	3.0
5	7	1.0
5	8	8.0
5	10	8.0
5	11	8.0
5	22	1.0
5	32	1.0
5	54	4.0
5	57	1.0
5	64	1.0
6	6	182.0
6	7	23.0
6	8	8.0
6	31	2.0
6	32	2.0
6	33	1.0
6	36	1.0
6	54	2.0
6	57	2.0
6	58	6.0
6	61	9.0
6	62	4.0
6	74	1.0
7	7	169.0
7	8	1.0
7	11	1.0
7	54	1.0
7	57	1.0
7	125	1.0
8	8	180.0
8	9	9.0
8	10	17.0
8	11	1.0
8	25	1.0
8	31	7.0
8	32	9.0
8	33	2.0
8	34	1.0
8	54	3.0
8	56	1.0
8	57	3.0
9	9	216.0
9	10	3.0
9	13	1.0
9	23	1.0
9	25	1.0
9	33	8.0
9	34	8.0
9	35	1.0
9	36	8.0
9	37	1.0
9	38	2.0
9	62	1.0
9	66	1.0
9	87	1.0
9	108	1.0
9	112	3.0
9	133	1.0
9	148	1.0
10	10	206.0
10	11	16.0
10	12	3.0
10	25	1.0
10	31	11.0
10	32	1.0
10	33	1.0
10	34	2.0
10	58	1.0
10	62	1.0
10	81	1.0
11	11	159.0
11	12	15.0
11	13	6.0
11	14	2.0
11	15	2.0
11	25	3.0
11	26	1.0
11	30	1.0
11	31	10.0
11	32	2.0
11	33	5.0
11	34	2.0
11	54	4.0
11	57	2.0
11	73	1.0
11	146	1.0
12	12	184.0
12	13	19.0
12	14	10.0
12	24	3.0
12	25	16.0
12	26	6.0
12	31	5.0
12	32	2.0
12	33	3.0
12	34	3.0
12	36	1.0
12	37	4.0
12	56	1.0
12	62	1.0
12	69	2.0
12	112	1.0
12	149	1.0
13	13	196.0
13	14	3.0
13	15	5.0
13	16	1.0
13	24	7.0
13	25	1.0
13	26	5.0
13	31	1.0
13	32	1.0
13	34	1.0
13	36	1.0
13	53	12.0
13	54	1.0
13	57	1.0
13	58	1.0
13	89	1.0
13	100	1.0
13	117	1.0
13	125	1.0
13	129	1.0
14	14	188.0
14	15	4.0
14	24	3.0
14	25	6.0
14	26	10.0
14	27	2.0
14	33	3.0
14	36	4.0
14	37	8.0
14	107	3.0
14	109	1.0
14	115	4.0
14	140	5.0
14	144	1.0
14	149	1.0
14	150	2.0
15	15	209.0
15	16	19.0
15	23	4.0
15	24	7.0
15	25	3.0
15	26	8.0
15	27	2.0
15	30	7.0
15	31	2.0
15	32	2.0
15	53	10.0
15	54	3.0
15	57	2.0
15	62	2.0
15	109	2.0
15	112	2.0
15	113	3.0
15	115	1.0
16	16	190.0
16	17	7.0
16	22	1.0
16	23	1.0
16	24	5.0
16	26	2.0
16	27	4.0
16	30	8.0
16	31	1.0
16	51	1.0
16	53	3.0
16	57	3.0
16	62	1.0
16	70	1.0
16	100	3.0
16	113	11.0
16	117	1.0
17	17	218.0
17	18	6.0
17	19	6.0
17	20	4.0
17	22	4.0
17	23	10.0
17	87	1.0
17	89	1.0
17	99	10.0
17	100	4.0
17	101	6.0
17	117	1.0
17	137	1.0
17	143	1.0
18	18	184.0
18	19	8.0
18	20	1.0
18	21	4.0
18	22	10.0
18	23	2.0
18	69	1.0
18	86	1.0
18	91	2.0
18	92	1.0
18	101	1.0
18	117	4.0
18	140	1.0
19	19	165.0
19	20	19.0
19	21	6.0
19	22	9.0
19	23	1.0
19	49	1.0
19	70	1.0
19	91	2.0
19	92	3.0
19	93	3.0
19	114	1.0
20	20	175.0
20	21	2.0
20	22	1.0
20	49	3.0
20	50	2.0
20	55	3.0
20	56	2.0
20	64	3.0
20	65	5.0
20	68	1.0
20	89	2.0
20	92	1.0
20	99	1.0
20	139	1.0
21	21	185.0
21	22	2.0
21	28	1.0
21	39	1.0
21	49	5.0
21	50	2.0
21	63	1.0
21	64	2.0
21	74	1.0
21	88	5.0
21	89	8.0
21	91	1.0
21	92	3.0
21	93	1.0
21	111	1.0
21	116	1.0
21	137	1.0
22	22	152.0
22	23	9.0
22	49	1.0
22	50	2.0
22	53	1.0
22	65	1.0
22	91	10.0
22	92	6.0
22	93	8.0
22	95	2.0
22	99	2.0
22	100	1.0
22	116	3.0
22	137	1.0
23	23	185.0
23	24	6.0
23	47	1.0
23	51	4.0
23	53	1.0
23	86	1.0
23	93	2.0
23	94	1.0
23	100	7.0
23	101	1.0
23	108	1.0
23	112	1.0
23	113	6.0
23	114	4.0
23	116	4.0
23	117	2.0
23	135	3.0
23	137	2.0
24	24	172.0
24	25	8.0
24	26	1.0
24	30	5.0
24	36	1.0
24	37	13.0
24	50	1.0
24	51	3.0
24	52	2.0
24	53	6.0
24	67	1.0
24	103	1.0
24	107	5.0
24	109	2.0
24	110	2.0
24	113	2.0
24	114	1.0
24	115	3.0
25	25	197.0
25	26	16.0
25	31	3.0
25	33	8.0
25	36	5.0
25	37	8.0
25	53	2.0
25	107	1.0
26	26	181.0
26	27	4.0
26	30	3.0
26	31	2.0
26	33	4.0
26	53	5.0
26	92	1.0
26	124	1.0
26	130	1.0
27	27	183.0
27	28	3.0
27	29	2.0
27	30	6.0
27	53	1.0
27	57	1.0
27	62	3.0
27	66	10.0
27	67	3.0
27	69	1.0
27	78	3.0
28	28	200.0
28	50	5.0
28	58	1.0
28	63	4.0
28	64	3.0
28	65	6.0
28	66	5.0
28	67	5.0
28	87	1.0
28	90	2.0
28	125	1.0
29	29	175.0
29	30	2.0
29	48	1.0
29	50	1.0
29	51	11.0
29	55	1.0
29	58	1.0
29	61	1.0
29	62	5.0
29	63	5.0
29	90	3.0
29	92	1.0
29	94	6.0
29	95	1.0
29	112	3.0
29	113	1.0
29	116	1.0
30	30	188.0
30	31	2.0
30	47	1.0
30	51	14.0
30	53	6.0
30	56	2.0
30	57	1.0
30	62	2.0
30	63	6.0
30	90	1.0
30	113	3.0
31	31	162.0
31	32	17.0
31	33	5.0
31	34	10.0
31	35	1.0
31	54	1.0
31	58	2.0
31	62	1.0
31	121	1.0
32	32	192.0
32	33	6.0
32	34	9.0
32	35	4.0
32	54	4.0
32	57	1.0
32	58	1.0
32	124	1.0
33	33	169.0
33	34	18.0
33	35	10.0
33	36	7.0
33	147	1.0
34	34	171.0
34	35	8.0
34	36	8.0
34	37	1.0
34	53	1.0
34	99	1.0
35	35	169.0
35	36	8.0
35	39	3.0
35	40	2.0
35	150	1.0
36	36	121.0
36	37	10.0
36	39	1.0
36	126	1.0
37	37	151.0
37	38	2.0
37	107	3.0
37	109	1.0
37	110	3.0
37	140	2.0
37	149	1.0
38	38	171.0
38	39	9.0
38	40	7.0
38	41	11.0
38	42	11.0
38	67	1.0
38	141	1.0
39	39	232.0
39	40	27.0
39	41	7.0
39	42	1.0
39	44	1.0
39	70	1.0
40	40	195.0
40	41	11.0
40	42	1.0
40	45	1.0
40	91	1.0
40	99	1.0
41	41	225.0
41	42	13.0
41	43	3.0
41	44	2.0
41	45	6.0
41	77	1.0
42	42	163.0
42	43	13.0
42	44	1.0
42	45	5.0
42	46	1.0
42	52	1.0
43	43	156.0
43	44	12.0
43	45	16.0
43	46	2.0
43	97	1.0
44	44	173.0
44	45	8.0
44	46	1.0
44	67	1.0
44	80	1.0
45	45	195.0
45	46	10.0
45	79	1.0
45	92	1.0
46	46	186.0
46	134	1.0
47	47	210.0
47	48	2.0
48	48	196.0
48	53	2.0
48	54	9.0
48	55	2.0
48	58	1.0
48	70	1.0
48	71	1.0
49	49	145.0
49	50	20.0
49	55	7.0
49	56	3.0
49	64	2.0
49	65	5.0
49	66	4.0
49	68	2.0
49	72	1.0
49	89	1.0
49	91	2.0
50	50	182.0
50	51	8.0
50	64	2.0
50	65	10.0
50	66	4.0
50	68	2.0
50	73	2.0
50	91	2.0
50	93	8.0
50	94	4.0
50	95	1.0
50	112	1.0
50	113	1.0
50	119	1.0
51	51	176.0
51	52	2.0
51	56	3.0
51	57	2.0
51	63	3.0
51	92	1.0
51	93	3.0
51	106	1.0
51	113	3.0
51	116	1.0
52	52	57.0
52	53	1.0
52	95	2.0
52	97	1.0
52	136	2.0
52	137	3.0
53	53	221.0
53	54	7.0
53	57	4.0
53	62	5.0
53	64	1.0
53	99	2.0
53	100	2.0
53	112	2.0
53	117	1.0
53	142	1.0
54	54	188.0
54	55	8.0
54	56	1.0
54	57	11.0
54	58	3.0
54	62	3.0
54	63	1.0
54	64	5.0
54	65	3.0
54	66	1.0
54	67	1.0
54	71	1.0
54	146	1.0
55	55	142.0
55	56	15.0
55	57	1.0
55	58	4.0
55	61	2.0
55	62	2.0
55	63	2.0
55	64	2.0
55	65	5.0
55	66	1.0
56	56	140.0
56	57	7.0
56	58	1.0
56	62	2.0
56	63	5.0
56	64	3.0
56	65	3.0
56	66	1.0
56	71	1.0
56	90	1.0
56	91	1.0
56	92	1.0
56	93	1.0
56	137	1.0
56	150	1.0
57	57	190.0
57	58	8.0
57	61	2.0
57	62	12.0
57	63	11.0
57	113	1.0
58	58	130.0
58	61	10.0
58	62	4.0
58	112	1.0
58	113	1.0
58	148	1.0
61	61	105.0
61	62	3.0
61	67	1.0
62	62	136.0
62	63	3.0
62	72	1.0
62	102	1.0
62	137	1.0
63	63	191.0
63	64	4.0
63	65	7.0
63	66	2.0
63	68	2.0
63	73	1.0
63	92	6.0
64	64	204.0
64	65	6.0
64	66	3.0
64	67	3.0
64	68	6.0
64	71	2.0
64	72	1.0
64	90	1.0
64	92	3.0
64	129	1.0
65	65	169.0
65	66	11.0
65	67	5.0
65	68	6.0
65	69	1.0
65	78	1.0
65	135	1.0
66	66	181.0
66	67	7.0
66	68	7.0
66	69	1.0
66	71	1.0
66	78	2.0
66	79	7.0
66	83	3.0
66	138	1.0
67	67	151.0
67	68	7.0
67	71	8.0
67	72	6.0
67	74	4.0
67	75	1.0
67	78	2.0
67	79	1.0
67	80	12.0
67	84	2.0
67	98	1.0
68	68	212.0
68	69	10.0
68	71	2.0
68	72	2.0
68	73	2.0
68	74	4.0
68	78	3.0
68	84	1.0
69	69	192.0
69	70	6.0
69	71	5.0
69	72	2.0
69	73	2.0
69	132	1.0
70	70	174.0
70	71	11.0
70	72	4.0
70	73	2.0
70	75	1.0
70	76	2.0
70	115	1.0
70	131	1.0
71	71	221.0
71	72	4.0
71	73	8.0
71	74	1.0
72	72	121.0
72	73	7.0
72	74	6.0
72	75	2.0
72	77	2.0
72	79	2.0
72	81	1.0
72	82	1.0
73	73	166.0
73	74	9.0
73	75	1.0
73	76	7.0
73	77	1.0
73	81	4.0
73	82	3.0
73	127	1.0
74	74	165.0
74	75	14.0
74	76	4.0
74	77	8.0
74	78	1.0
74	79	2.0
74	80	6.0
74	81	2.0
74	82	1.0
74	97	1.0
74	103	1.0
74	115	1.0
74	126	1.0
75	75	149.0
75	76	10.0
75	77	11.0
75	78	3.0
75	79	5.0
75	80	3.0
75	81	7.0
75	82	2.0
75	83	2.0
75	120	1.0
75	133	1.0
76	76	143.0
76	77	11.0
76	78	7.0
76	79	3.0
76	81	4.0
76	82	4.0
76	83	2.0
76	111	1.0
76	131	1.0
77	77	176.0
77	78	19.0
77	79	2.0
77	80	3.0
77	81	2.0
77	82	1.0
77	87	1.0
77	104	1.0
78	78	160.0
78	79	10.0
78	80	9.0
78	81	10.0
78	82	9.0
78	83	1.0
78	84	5.0
78	85	2.0
79	79	165.0
79	80	4.0
79	81	2.0
79	82	5.0
79	83	8.0
79	84	3.0
79	87	1.0
80	80	192.0
80	81	4.0
80	82	2.0
80	83	5.0
80	84	5.0
80	85	6.0
80	86	10.0
80	129	1.0
81	81	146.0
81	82	11.0
81	83	2.0
81	85	2.0
81	87	2.0
81	98	1.0
81	109	1.0
82	82	157.0
82	83	1.0
82	84	7.0
82	85	3.0
82	86	5.0
82	87	1.0
83	83	170.0
83	84	11.0
83	85	8.0
83	86	10.0
83	87	1.0
84	84	161.0
84	85	10.0
84	86	13.0
84	87	2.0
84	88	4.0
85	85	166.0
85	86	1.0
85	87	9.0
85	106	1.0
85	113	1.0
85	116	1.0
86	86	183.0
86	87	8.0
86	88	8.0
86	105	1.0
86	112	1.0
86	113	1.0
87	87	189.0
87	88	3.0
87	89	1.0
87	115	1.0
88	88	93.0
88	89	7.0
88	105	1.0
89	89	71.0
89	90	1.0
89	99	1.0
90	90	101.0
90	91	7.0
90	92	4.0
90	93	3.0
90	94	9.0
90	95	2.0
90	100	1.0
90	114	4.0
90	115	1.0
90	116	1.0
90	131	1.0
91	91	53.0
91	92	1.0
91	93	13.0
91	116	1.0
91	147	1.0
92	92	157.0
92	93	8.0
93	93	190.0
93	94	2.0
93	95	1.0
93	107	1.0
93	114	1.0
93	115	2.0
93	116	12.0
94	94	182.0
94	95	6.0
94	97	3.0
94	112	4.0
94	113	2.0
94	116	7.0
94	136	1.0
94	141	4.0
94	144	1.0
94	145	2.0
95	95	187.0
95	96	5.0
95	97	5.0
95	98	9.0
95	99	2.0
95	102	2.0
95	103	1.0
95	112	1.0
95	114	6.0
95	115	3.0
95	116	7.0
95	133	1.0
95	134	1.0
95	141	4.0
95	142	7.0
95	143	4.0
95	145	5.0
95	151	1.0
96	96	154.0
96	97	3.0
96	98	2.0
96	99	5.0
96	101	1.0
96	102	2.0
96	103	7.0
96	128	1.0
96	132	7.0
96	133	4.0
96	134	7.0
96	135	1.0
96	138	8.0
96	139	2.0
96	142	2.0
96	143	2.0
96	147	3.0
97	97	186.0
97	98	7.0
97	99	3.0
97	100	5.0
97	101	1.0
97	103	1.0
97	114	1.0
97	121	1.0
97	131	1.0
97	133	4.0
97	134	1.0
97	135	1.0
97	138	1.0
97	139	6.0
97	141	2.0
97	142	16.0
97	143	3.0
97	145	2.0
98	98	181.0
98	99	9.0
98	100	8.0
98	102	1.0
98	105	1.0
98	115	1.0
98	136	1.0
98	137	2.0
98	141	1.0
98	142	3.0
98	145	2.0
99	99	193.0
99	100	10.0
99	103	1.0
99	131	1.0
99	137	7.0
99	138	1.0
99	143	1.0
99	153	1.0
100	100	168.0
100	101	10.0
100	117	1.0
100	137	14.0
100	142	1.0
101	101	117.0
101	102	6.0
101	103	4.0
101	110	1.0
101	135	1.0
101	136	1.0
101	137	4.0
101	139	3.0
101	141	1.0
101	142	3.0
101	143	4.0
101	145	1.0
102	102	195.0
102	103	16.0
102	104	13.0
102	115	1.0
102	132	1.0
102	139	3.0
102	142	1.0
102	143	3.0
103	103	180.0
103	104	16.0
103	132	1.0
103	133	6.0
103	139	4.0
103	143	1.0
103	144	2.0
104	104	209.0
104	113	1.0
104	127	2.0
104	130	4.0
104	131	1.0
104	132	4.0
104	138	1.0
104	139	3.0
104	140	4.0
104	141	1.0
104	143	3.0
104	144	7.0
104	146	7.0
104	148	1.0
105	105	181.0
105	107	4.0
105	108	1.0
105	110	1.0
105	115	2.0
105	116	1.0
105	120	6.0
105	121	1.0
105	124	1.0
105	128	1.0
105	129	5.0
105	130	4.0
105	131	4.0
105	140	6.0
105	141	3.0
105	146	6.0
105	147	1.0
105	148	4.0
105	149	6.0
105	150	4.0
105	151	3.0
106	106	180.0
106	107	11.0
106	111	1.0
106	118	9.0
106	119	2.0
106	120	4.0
106	129	9.0
106	148	2.0
106	149	3.0
106	150	4.0
106	151	5.0
106	153	6.0
106	154	2.0
107	107	179.0
107	108	9.0
107	109	7.0
107	110	2.0
107	111	3.0
107	115	5.0
107	118	2.0
107	120	1.0
107	122	1.0
107	129	4.0
107	130	1.0
107	134	1.0
107	140	6.0
107	141	2.0
107	144	2.0
107	146	2.0
107	147	1.0
107	148	1.0
107	149	3.0
107	150	4.0
107	151	1.0
108	108	195.0
108	109	5.0
108	110	8.0
108	111	4.0
108	112	2.0
108	113	3.0
108	115	1.0
108	117	4.0
108	118	8.0
108	133	1.0
108	134	10.0
108	135	1.0
108	136	2.0
108	138	1.0
108	140	7.0
108	141	5.0
108	146	3.0
108	149	1.0
109	109	191.0
109	110	10.0
109	111	3.0
109	112	4.0
109	113	3.0
109	114	1.0
109	115	5.0
109	118	3.0
109	133	2.0
109	134	3.0
109	135	4.0
109	136	4.0
109	138	1.0
109	140	2.0
109	141	2.0
109	145	2.0
109	150	1.0
110	110	165.0
110	111	14.0
110	112	2.0
110	114	1.0
110	115	1.0
110	118	14.0
110	127	1.0
110	134	3.0
110	136	4.0
110	140	4.0
110	141	5.0
110	143	1.0
110	145	4.0
110	146	8.0
110	147	4.0
110	148	4.0
110	149	2.0
111	111	170.0
111	112	8.0
111	113	4.0
111	114	1.0
111	115	1.0
111	118	4.0
111	128	1.0
111	129	3.0
111	134	6.0
111	135	9.0
111	136	16.0
111	138	5.0
111	141	2.0
111	144	1.0
111	145	3.0
111	146	3.0
111	147	2.0
111	148	4.0
111	149	3.0
112	112	187.0
112	113	11.0
112	114	10.0
112	115	4.0
112	116	3.0
112	117	2.0
112	118	2.0
112	134	1.0
112	135	2.0
112	136	9.0
112	137	1.0
112	138	1.0
112	141	2.0
112	142	1.0
112	145	4.0
113	113	168.0
113	114	2.0
113	115	1.0
113	134	1.0
113	135	3.0
113	136	1.0
113	138	1.0
114	114	178.0
114	115	3.0
114	116	11.0
114	117	9.0
114	134	1.0
114	135	1.0
114	136	9.0
114	138	3.0
114	141	7.0
114	142	2.0
114	145	5.0
114	146	1.0
114	147	1.0
115	115	153.0
115	116	7.0
115	117	2.0
115	136	4.0
115	137	4.0
115	142	6.0
115	145	2.0
116	116	188.0
116	117	4.0
116	137	1.0
116	141	1.0
116	145	6.0
117	117	168.0
117	118	3.0
117	129	1.0
117	135	7.0
117	136	3.0
117	137	2.0
117	142	4.0
117	143	1.0
117	145	1.0
118	118	193.0
118	119	3.0
118	127	1.0
118	129	2.0
118	131	2.0
118	134	1.0
118	135	1.0
118	136	1.0
118	138	1.0
118	141	1.0
118	147	1.0
118	148	4.0
118	149	11.0
118	150	2.0
118	154	1.0
119	119	159.0
119	120	8.0
119	121	5.0
119	124	3.0
119	129	12.0
119	130	1.0
119	131	11.0
119	147	1.0
119	150	1.0
119	151	5.0
119	152	14.0
119	153	7.0
119	154	1.0
120	120	169.0
120	121	3.0
120	124	3.0
120	125	4.0
120	127	4.0
120	128	1.0
120	129	1.0
120	130	3.0
120	131	6.0
120	132	3.0
120	149	2.0
120	150	5.0
120	151	16.0
120	153	1.0
120	154	1.0
121	121	167.0
121	122	6.0
121	123	5.0
121	124	3.0
121	125	12.0
121	126	4.0
121	127	1.0
121	128	2.0
121	129	1.0
121	131	1.0
121	150	1.0
121	151	16.0
121	152	4.0
121	153	2.0
122	122	184.0
122	123	3.0
122	124	8.0
122	125	16.0
122	126	6.0
122	128	4.0
122	151	3.0
122	152	6.0
122	153	1.0
123	123	174.0
123	124	17.0
123	125	10.0
123	140	1.0
123	149	1.0
123	150	1.0
123	151	1.0
123	152	6.0
123	153	3.0
124	124	155.0
124	125	3.0
124	126	1.0
124	131	1.0
124	150	3.0
124	151	5.0
124	152	1.0
124	153	5.0
125	125	196.0
125	126	14.0
125	127	4.0
125	128	18.0
125	130	1.0
125	151	17.0
125	153	1.0
126	126	175.0
126	127	22.0
126	128	4.0
126	130	3.0
126	131	2.0
126	132	3.0
126	152	2.0
126	153	1.0
127	127	189.0
127	128	9.0
127	129	2.0
127	130	10.0
127	131	8.0
127	132	10.0
127	146	1.0
127	148	1.0
127	151	5.0
127	152	2.0
128	128	182.0
128	129	9.0
128	130	4.0
128	131	1.0
128	132	4.0
128	151	8.0
128	152	10.0
128	153	2.0
129	129	201.0
129	130	6.0
129	131	13.0
129	132	2.0
129	133	1.0
129	134	1.0
129	139	1.0
129	140	1.0
129	146	1.0
129	147	3.0
129	148	6.0
129	149	1.0
129	150	2.0
129	151	1.0
129	152	1.0
130	130	181.0
130	131	18.0
130	132	4.0
130	138	2.0
130	146	3.0
130	147	2.0
130	148	7.0
130	149	1.0
130	151	1.0
130	152	4.0
131	131	165.0
131	132	3.0
131	144	1.0
131	146	2.0
131	147	6.0
131	148	6.0
131	150	2.0
131	152	6.0
132	132	195.0
132	133	2.0
132	138	2.0
132	139	11.0
132	142	1.0
132	144	4.0
132	147	6.0
132	152	1.0
133	133	186.0
133	134	4.0
133	135	14.0
133	136	1.0
133	138	8.0
133	139	9.0
133	142	4.0
133	143	6.0
133	145	1.0
133	147	2.0
133	148	1.0
133	149	1.0
133	154	2.0
134	134	133.0
134	135	13.0
134	138	4.0
134	139	1.0
134	142	1.0
134	143	4.0
134	144	1.0
134	145	1.0
134	147	1.0
134	149	3.0
135	135	172.0
135	136	6.0
135	137	1.0
135	138	6.0
135	139	1.0
135	141	1.0
135	142	3.0
135	144	2.0
135	145	1.0
135	149	1.0
136	136	188.0
136	137	7.0
136	138	2.0
136	141	6.0
136	142	6.0
136	143	1.0
136	145	10.0
136	146	3.0
137	137	184.0
137	141	1.0
138	138	150.0
138	139	7.0
138	141	1.0
138	142	3.0
138	143	8.0
138	144	6.0
138	145	2.0
138	146	3.0
138	147	9.0
138	149	1.0
139	139	190.0
139	142	4.0
139	143	11.0
139	144	11.0
139	147	2.0
140	140	129.0
140	141	2.0
140	142	1.0
140	143	2.0
140	144	2.0
140	145	1.0
140	146	15.0
140	147	2.0
140	148	2.0
140	150	1.0
141	141	164.0
141	142	6.0
141	143	3.0
141	144	3.0
141	145	21.0
141	146	9.0
141	147	3.0
141	148	1.0
142	142	167.0
142	143	10.0
142	144	6.0
142	145	9.0
143	143	153.0
143	144	10.0
143	145	5.0
143	146	4.0
144	144	192.0
144	145	5.0
144	146	3.0
144	147	22.0
144	148	1.0
145	145	176.0
145	146	6.0
145	148	1.0
146	146	178.0
146	147	5.0
146	148	7.0
146	149	1.0
146	152	1.0
147	147	182.0
147	148	7.0
147	149	2.0
148	148	156.0
148	149	6.0
148	150	2.0
148	152	1.0
148	154	1.0
149	149	179.0
149	150	7.0
150	150	173.0
150	153	3.0
151	151	162.0
151	152	1.0
151	153	1.0
152	152	182.0
152	153	11.0
153	153	165.0
153	154	4.0
154	154	145.0
