1	1	656.0
1	2	40.0
1	8	1.0
1	23	1.0
1	37	1.0
1	39	1.0
1	68	1.0
1	73	3.0
1	104	1.0
1	110	1.0
1	119	3.0
1	120	1.0
1	129	1.0
1	132	1.0
1	133	2.0
1	134	11.0
2	2	588.0
2	3	3.0
2	7	7.0
2	8	5.0
2	12	2.0
2	13	1.0
2	41	1.0
2	73	21.0
2	88	1.0
2	119	1.0
2	120	5.0
2	129	7.0
2	130	1.0
2	131	9.0
2	132	1.0
2	133	2.0
3	3	468.0
3	4	4.0
3	6	5.0
3	8	4.0
3	9	3.0
3	17	1.0
3	19	1.0
3	61	1.0
3	62	1.0
3	66	3.0
3	71	5.0
3	72	13.0
3	73	3.0
3	74	2.0
3	76	3.0
3	79	1.0
3	81	1.0
3	82	1.0
3	89	1.0
3	131	1.0
4	4	372.0
4	5	6.0
4	6	5.0
4	7	3.0
4	47	1.0
4	57	1.0
4	66	1.0
4	77	21.0
4	78	12.0
4	79	9.0
4	81	2.0
4	82	4.0
4	90	1.0
4	114	1.0
4	119	1.0
4	120	2.0
4	122	2.0
4	131	3.0
4	132	1.0
5	5	458.0
5	6	23.0
5	16	1.0
5	71	7.0
5	76	7.0
5	78	6.0
5	79	7.0
5	80	4.0
5	81	1.0
5	96	1.0
5	108	1.0
5	120	1.0
5	134	1.0
6	6	503.0
6	7	5.0
6	8	3.0
6	11	1.0
6	45	2.0
6	71	3.0
6	72	3.0
6	74	1.0
6	75	15.0
6	76	10.0
6	77	3.0
6	79	1.0
6	80	1.0
6	81	1.0
6	119	2.0
7	7	464.0
7	8	6.0
7	19	1.0
7	64	1.0
7	65	1.0
7	66	2.0
7	67	1.0
7	70	3.0
7	71	6.0
7	72	3.0
7	76	8.0
7	77	4.0
7	78	7.0
7	95	1.0
7	106	1.0
7	119	5.0
7	120	3.0
7	121	2.0
7	122	14.0
7	124	1.0
7	129	7.0
7	130	4.0
7	131	2.0
7	132	1.0
7	133	6.0
8	8	567.0
8	9	13.0
8	10	2.0
8	11	1.0
8	13	2.0
8	14	3.0
8	26	1.0
8	46	9.0
8	47	10.0
8	56	1.0
8	61	2.0
8	62	4.0
8	70	2.0
8	71	12.0
8	72	22.0
8	74	4.0
8	75	3.0
8	76	13.0
8	77	3.0
8	80	1.0
8	111	1.0
8	112	4.0
8	113	3.0
8	115	1.0
8	118	3.0
8	119	2.0
8	120	5.0
8	121	1.0
8	122	2.0
8	123	10.0
8	128	2.0
8	129	11.0
8	130	5.0
8	131	7.0
9	9	419.0
9	10	37.0
9	11	1.0
9	12	4.0
9	13	16.0
9	14	2.0
9	19	1.0
9	46	5.0
9	47	7.0
9	58	1.0
9	59	5.0
9	60	2.0
9	61	9.0
9	62	3.0
9	63	6.0
9	68	1.0
9	69	6.0
9	71	1.0
9	72	3.0
9	75	2.0
9	77	1.0
9	100	1.0
9	104	3.0
9	111	2.0
9	112	2.0
9	113	1.0
9	117	6.0
9	118	10.0
9	119	2.0
9	123	1.0
9	124	13.0
9	125	1.0
9	130	1.0
9	132	1.0
9	134	1.0
10	10	530.0
10	11	15.0
10	12	15.0
10	13	6.0
10	15	1.0
10	16	2.0
10	17	1.0
10	25	1.0
10	34	1.0
10	44	1.0
10	47	2.0
10	69	8.0
10	70	1.0
10	79	1.0
10	107	3.0
10	110	2.0
10	112	1.0
10	117	3.0
10	120	7.0
10	121	2.0
10	123	5.0
10	124	19.0
10	130	2.0
10	131	2.0
11	11	617.0
11	12	19.0
11	13	5.0
11	14	11.0
11	16	8.0
11	17	8.0
11	19	6.0
11	28	1.0
11	37	1.0
11	38	1.0
11	46	1.0
11	47	3.0
11	48	1.0
11	57	1.0
11	69	1.0
11	107	2.0
11	111	1.0
11	112	4.0
11	113	4.0
11	114	7.0
11	115	17.0
11	117	7.0
11	119	5.0
11	120	8.0
11	121	6.0
11	123	1.0
11	124	5.0
11	130	2.0
12	12	605.0
12	13	24.0
12	14	11.0
12	15	7.0
12	16	17.0
12	17	1.0
12	19	3.0
12	20	4.0
12	22	4.0
12	69	2.0
12	95	1.0
12	96	1.0
12	102	4.0
12	104	1.0
12	105	1.0
12	110	1.0
12	111	14.0
12	112	10.0
12	113	1.0
12	120	16.0
12	121	6.0
12	123	7.0
12	124	7.0
12	125	11.0
12	130	15.0
12	131	1.0
12	134	1.0
13	13	512.0
13	14	27.0
13	15	7.0
13	16	6.0
13	17	6.0
13	18	4.0
13	19	7.0
13	20	1.0
13	22	3.0
13	34	8.0
13	36	1.0
13	46	1.0
13	47	1.0
13	56	1.0
13	65	1.0
13	69	10.0
13	94	1.0
13	97	1.0
13	111	2.0
13	112	9.0
13	113	3.0
13	114	1.0
13	116	12.0
13	117	8.0
13	119	1.0
13	120	2.0
13	123	2.0
13	124	3.0
13	130	1.0
13	134	1.0
14	14	434.0
14	15	6.0
14	16	3.0
14	17	6.0
14	19	8.0
14	20	1.0
14	21	5.0
14	22	4.0
14	39	1.0
14	47	5.0
14	62	1.0
14	69	1.0
14	70	1.0
14	97	1.0
14	102	1.0
14	104	3.0
14	105	4.0
14	106	6.0
14	111	9.0
14	112	14.0
14	113	24.0
14	114	3.0
14	115	4.0
14	116	8.0
14	117	1.0
14	120	13.0
14	124	1.0
14	129	1.0
14	131	2.0
14	134	1.0
15	15	499.0
15	16	40.0
15	17	4.0
15	19	20.0
15	20	17.0
15	21	9.0
15	22	5.0
15	33	7.0
15	37	2.0
15	38	7.0
15	41	1.0
15	45	1.0
15	86	1.0
15	98	1.0
15	99	5.0
15	100	9.0
15	101	1.0
15	102	4.0
15	103	1.0
15	106	16.0
15	110	1.0
15	111	11.0
15	112	11.0
15	113	5.0
15	114	7.0
15	123	1.0
16	16	412.0
16	17	15.0
16	18	1.0
16	19	16.0
16	20	4.0
16	21	11.0
16	22	5.0
16	32	1.0
16	33	1.0
16	34	1.0
16	36	1.0
16	37	2.0
16	38	5.0
16	45	1.0
16	91	1.0
16	99	3.0
16	100	6.0
16	102	4.0
16	103	1.0
16	104	4.0
16	106	6.0
16	107	1.0
16	109	1.0
16	110	3.0
16	111	12.0
16	112	4.0
16	113	3.0
16	114	6.0
16	115	1.0
16	120	1.0
16	124	1.0
17	17	586.0
17	18	8.0
17	19	24.0
17	37	1.0
17	47	1.0
17	79	1.0
17	83	1.0
17	92	1.0
17	93	1.0
17	112	4.0
17	113	3.0
17	115	6.0
17	117	7.0
17	120	2.0
17	129	1.0
18	18	473.0
18	19	2.0
18	20	1.0
18	38	1.0
18	68	1.0
18	74	1.0
18	90	1.0
18	112	3.0
18	113	6.0
18	114	10.0
18	117	1.0
18	118	1.0
18	122	1.0
19	19	500.0
19	20	13.0
19	22	3.0
19	33	2.0
19	34	2.0
19	36	4.0
19	37	5.0
19	38	2.0
19	50	1.0
19	56	1.0
19	83	1.0
19	100	3.0
19	102	4.0
19	107	2.0
19	108	6.0
19	111	1.0
19	112	7.0
19	113	5.0
19	115	3.0
19	117	11.0
19	120	4.0
20	20	489.0
20	21	12.0
20	22	9.0
20	23	1.0
20	26	5.0
20	28	2.0
20	32	18.0
20	33	8.0
20	35	1.0
20	36	6.0
20	37	2.0
20	38	2.0
20	43	4.0
20	66	1.0
20	76	1.0
20	85	1.0
20	89	1.0
20	93	1.0
20	99	3.0
20	100	18.0
20	101	3.0
20	102	9.0
20	103	9.0
20	104	4.0
20	105	16.0
20	106	9.0
20	111	1.0
20	112	1.0
21	21	427.0
21	22	17.0
21	23	14.0
21	27	3.0
21	28	3.0
21	29	2.0
21	30	2.0
21	32	2.0
21	36	4.0
21	37	1.0
21	38	3.0
21	39	6.0
21	40	4.0
21	43	4.0
21	49	1.0
21	62	3.0
21	73	1.0
21	98	13.0
21	99	7.0
21	100	1.0
21	102	1.0
21	103	8.0
21	104	11.0
21	105	8.0
21	106	21.0
21	107	9.0
21	109	1.0
21	110	1.0
21	111	3.0
22	22	468.0
22	23	5.0
22	28	15.0
22	29	2.0
22	30	3.0
22	31	1.0
22	32	6.0
22	36	12.0
22	37	3.0
22	38	3.0
22	39	5.0
22	40	1.0
22	43	2.0
22	45	1.0
22	49	2.0
22	67	1.0
22	89	1.0
22	90	4.0
22	91	5.0
22	93	1.0
22	94	5.0
22	95	3.0
22	96	2.0
22	99	2.0
22	100	8.0
22	102	2.0
22	103	2.0
22	104	5.0
22	105	9.0
22	106	2.0
22	107	3.0
22	109	1.0
22	110	2.0
22	111	1.0
23	23	452.0
23	24	26.0
23	25	21.0
23	26	6.0
23	27	1.0
23	28	1.0
23	29	4.0
23	31	2.0
23	32	14.0
23	37	3.0
23	38	3.0
23	39	6.0
23	40	3.0
23	43	5.0
23	44	2.0
23	45	1.0
23	49	3.0
23	64	1.0
23	77	1.0
23	83	1.0
23	88	1.0
23	91	9.0
23	98	2.0
23	99	5.0
23	102	3.0
23	129	1.0
24	24	428.0
24	25	37.0
24	26	4.0
24	29	1.0
24	31	3.0
24	33	2.0
24	38	1.0
24	39	4.0
24	44	11.0
24	46	3.0
24	88	1.0
24	101	12.0
24	102	2.0
24	105	4.0
24	106	16.0
24	107	2.0
24	111	2.0
24	113	1.0
24	130	1.0
25	25	385.0
25	26	1.0
25	39	3.0
25	48	1.0
25	49	4.0
25	96	2.0
25	101	4.0
25	102	1.0
25	105	6.0
25	106	8.0
25	107	2.0
25	108	3.0
25	109	1.0
26	26	428.0
26	27	6.0
26	29	14.0
26	30	11.0
26	31	8.0
26	32	8.0
26	33	9.0
26	34	1.0
26	35	3.0
26	36	2.0
26	37	11.0
26	38	17.0
26	39	8.0
26	40	7.0
26	42	5.0
26	43	4.0
26	44	4.0
26	46	1.0
26	48	4.0
26	49	8.0
26	50	2.0
26	90	7.0
26	94	2.0
26	95	10.0
26	96	1.0
26	98	1.0
26	101	5.0
26	102	1.0
26	106	1.0
26	111	2.0
26	116	1.0
26	133	1.0
27	27	480.0
27	28	3.0
27	29	12.0
27	30	19.0
27	31	1.0
27	37	2.0
27	39	10.0
27	40	9.0
27	41	5.0
27	55	4.0
27	62	1.0
27	78	3.0
27	90	1.0
27	91	1.0
27	94	6.0
27	95	3.0
27	96	4.0
27	97	2.0
27	98	4.0
27	99	4.0
27	124	1.0
28	28	482.0
28	29	25.0
28	30	2.0
28	32	5.0
28	33	1.0
28	34	1.0
28	35	12.0
28	36	20.0
28	37	1.0
28	38	1.0
28	39	1.0
28	40	17.0
28	41	1.0
28	43	4.0
28	51	1.0
28	57	2.0
28	62	1.0
28	75	1.0
28	78	3.0
28	79	1.0
28	85	1.0
28	97	1.0
28	98	1.0
28	99	3.0
28	121	1.0
29	29	513.0
29	30	16.0
29	31	8.0
29	32	7.0
29	35	19.0
29	36	2.0
29	37	4.0
29	39	10.0
29	43	2.0
29	59	1.0
29	70	2.0
29	78	4.0
29	81	1.0
29	94	1.0
29	95	5.0
29	99	1.0
29	104	1.0
29	105	1.0
29	116	1.0
29	121	1.0
30	30	497.0
30	31	5.0
30	32	16.0
30	35	3.0
30	36	1.0
30	39	2.0
30	48	1.0
30	88	1.0
30	95	3.0
30	99	1.0
30	101	1.0
30	109	1.0
30	118	1.0
30	120	1.0
30	126	1.0
31	31	438.0
31	32	15.0
31	35	2.0
31	36	4.0
31	39	2.0
31	40	1.0
31	44	3.0
31	46	3.0
31	95	1.0
31	99	1.0
31	105	1.0
31	106	8.0
31	132	1.0
32	32	478.0
32	33	12.0
32	35	13.0
32	36	3.0
32	40	1.0
32	43	3.0
32	44	3.0
32	45	1.0
32	100	2.0
33	33	499.0
33	34	19.0
33	35	2.0
33	36	1.0
33	37	1.0
33	44	1.0
33	45	7.0
33	69	1.0
33	74	1.0
33	100	4.0
33	101	5.0
33	102	4.0
33	107	1.0
33	111	11.0
33	112	3.0
34	34	577.0
34	35	13.0
34	36	1.0
34	44	14.0
34	45	15.0
34	66	1.0
34	69	2.0
34	84	1.0
34	106	1.0
34	113	1.0
34	116	2.0
34	117	14.0
34	118	1.0
34	129	1.0
34	131	1.0
35	35	517.0
35	36	19.0
35	43	1.0
35	44	10.0
35	45	5.0
35	46	5.0
35	47	1.0
35	56	2.0
35	57	1.0
35	59	2.0
35	60	2.0
35	68	6.0
35	70	1.0
35	77	1.0
35	78	2.0
35	79	8.0
35	82	3.0
35	84	6.0
35	93	9.0
35	96	1.0
35	112	2.0
35	115	1.0
35	116	3.0
35	117	2.0
35	128	1.0
36	36	488.0
36	37	9.0
36	38	1.0
36	40	6.0
36	41	3.0
36	42	8.0
36	43	1.0
36	44	1.0
36	45	2.0
36	46	1.0
36	50	1.0
36	60	1.0
36	70	1.0
36	78	2.0
36	79	5.0
36	81	2.0
36	84	6.0
36	99	9.0
36	100	3.0
36	122	1.0
36	124	1.0
37	37	456.0
37	38	46.0
37	40	5.0
37	41	3.0
37	42	3.0
37	43	1.0
37	50	3.0
37	56	1.0
37	57	1.0
37	78	5.0
37	79	2.0
37	80	3.0
37	81	1.0
37	88	1.0
37	90	1.0
37	99	6.0
37	100	5.0
37	101	1.0
37	111	1.0
37	112	2.0
37	114	3.0
37	125	1.0
38	38	363.0
38	39	6.0
38	40	10.0
38	41	2.0
38	42	2.0
38	43	2.0
38	48	3.0
38	49	8.0
38	50	1.0
38	72	1.0
38	90	11.0
38	95	1.0
38	98	1.0
38	99	16.0
38	100	10.0
38	101	2.0
38	112	4.0
38	114	3.0
38	119	1.0
38	129	1.0
39	39	412.0
39	40	10.0
39	42	1.0
39	43	1.0
39	44	2.0
39	48	13.0
39	49	22.0
39	50	1.0
39	71	1.0
39	88	1.0
39	90	18.0
39	91	2.0
39	93	1.0
39	94	1.0
39	96	1.0
39	97	3.0
39	98	9.0
39	99	4.0
39	100	1.0
39	105	1.0
39	129	1.0
40	40	481.0
40	41	20.0
40	42	25.0
40	43	18.0
40	50	4.0
40	55	4.0
40	56	3.0
40	57	4.0
40	58	1.0
40	59	1.0
40	60	2.0
40	72	1.0
40	79	3.0
40	81	1.0
40	82	6.0
40	88	5.0
40	91	1.0
40	94	3.0
40	96	1.0
40	98	9.0
40	99	6.0
40	111	1.0
41	41	464.0
41	42	24.0
41	43	23.0
41	44	1.0
41	48	3.0
41	50	8.0
41	56	2.0
41	57	4.0
41	58	1.0
41	68	2.0
41	78	2.0
41	79	6.0
41	81	1.0
41	82	2.0
41	83	1.0
41	84	3.0
41	89	1.0
41	90	4.0
41	93	1.0
41	94	2.0
41	95	1.0
41	98	3.0
41	115	3.0
41	116	1.0
41	117	1.0
42	42	434.0
42	43	13.0
42	47	2.0
42	50	5.0
42	51	3.0
42	55	3.0
42	56	10.0
42	57	17.0
42	58	2.0
42	79	1.0
42	80	3.0
42	81	4.0
42	82	9.0
42	83	2.0
42	85	1.0
42	86	1.0
42	88	1.0
42	89	3.0
42	90	4.0
42	91	5.0
42	94	17.0
42	95	4.0
42	96	3.0
42	97	1.0
42	117	1.0
42	123	1.0
43	43	470.0
43	44	7.0
43	45	1.0
43	47	1.0
43	48	8.0
43	49	4.0
43	50	2.0
43	57	2.0
43	73	1.0
43	76	1.0
43	87	1.0
43	93	1.0
43	94	4.0
43	95	6.0
43	96	1.0
43	97	1.0
43	99	2.0
44	44	528.0
44	45	39.0
44	46	1.0
44	47	5.0
44	48	9.0
44	49	6.0
44	57	5.0
44	58	5.0
44	62	1.0
44	68	1.0
44	71	8.0
44	92	1.0
44	101	7.0
44	102	4.0
44	106	1.0
44	107	2.0
44	112	1.0
44	117	4.0
44	123	1.0
45	45	579.0
45	46	13.0
45	47	4.0
45	57	5.0
45	58	8.0
45	59	3.0
45	60	5.0
45	62	6.0
45	69	3.0
45	70	3.0
45	75	2.0
45	76	13.0
45	101	3.0
45	102	11.0
45	107	13.0
45	108	4.0
45	109	3.0
45	116	3.0
45	117	3.0
46	46	517.0
46	47	14.0
46	57	1.0
46	61	1.0
46	68	1.0
46	72	2.0
46	74	1.0
46	75	13.0
46	101	2.0
46	102	1.0
46	106	1.0
46	113	1.0
46	116	4.0
46	117	3.0
46	118	1.0
46	119	6.0
46	120	1.0
46	129	1.0
47	47	466.0
47	48	4.0
47	57	9.0
47	58	2.0
47	59	11.0
47	62	1.0
47	68	13.0
47	69	8.0
47	70	1.0
47	75	7.0
47	76	4.0
47	83	1.0
47	84	4.0
47	85	3.0
47	86	3.0
47	90	2.0
47	91	5.0
47	96	1.0
47	116	8.0
47	117	3.0
47	119	1.0
47	134	1.0
48	48	462.0
48	49	14.0
48	50	25.0
48	51	39.0
48	54	5.0
48	55	6.0
48	56	6.0
48	57	6.0
48	58	5.0
48	59	3.0
48	69	1.0
48	84	3.0
48	86	7.0
48	87	2.0
48	88	6.0
48	90	10.0
48	91	3.0
48	92	1.0
48	94	1.0
48	95	6.0
48	96	1.0
48	97	1.0
48	117	1.0
48	120	1.0
48	128	1.0
49	49	321.0
49	50	5.0
49	55	1.0
49	86	1.0
49	87	1.0
49	88	5.0
49	89	7.0
49	90	6.0
49	91	9.0
49	92	1.0
49	127	1.0
50	50	406.0
50	51	22.0
50	54	5.0
50	55	5.0
50	56	2.0
50	79	2.0
50	80	9.0
50	81	12.0
50	82	1.0
50	87	5.0
50	90	3.0
50	92	1.0
50	94	6.0
50	96	3.0
50	97	5.0
50	98	3.0
51	51	252.0
51	54	4.0
51	55	8.0
51	56	1.0
51	80	1.0
51	84	1.0
51	86	1.0
51	97	10.0
51	98	4.0
51	99	1.0
51	100	1.0
51	107	1.0
51	124	1.0
54	54	109.0
54	55	6.0
54	67	1.0
54	80	2.0
54	81	1.0
54	92	1.0
54	97	2.0
54	133	1.0
55	55	389.0
55	56	9.0
55	79	3.0
55	81	2.0
55	82	1.0
55	83	2.0
55	84	8.0
55	85	5.0
55	86	2.0
55	87	3.0
55	88	1.0
55	90	2.0
55	91	4.0
55	92	10.0
55	94	1.0
55	96	16.0
55	97	25.0
55	98	14.0
55	99	1.0
56	56	478.0
56	57	8.0
56	58	1.0
56	77	6.0
56	79	3.0
56	81	3.0
56	82	4.0
56	83	7.0
56	84	4.0
56	85	2.0
56	86	6.0
56	87	3.0
56	88	9.0
56	89	1.0
56	90	11.0
56	91	11.0
56	92	6.0
56	93	4.0
56	94	9.0
56	95	1.0
56	96	12.0
56	97	4.0
56	101	3.0
56	132	1.0
57	57	554.0
57	58	31.0
57	59	10.0
57	68	4.0
57	69	3.0
57	70	2.0
57	71	2.0
57	76	11.0
57	77	1.0
57	86	2.0
57	87	2.0
57	88	3.0
57	90	9.0
57	91	5.0
57	119	1.0
58	58	449.0
58	59	26.0
58	60	1.0
58	69	1.0
58	70	9.0
58	71	3.0
58	72	4.0
58	75	4.0
58	76	20.0
58	77	2.0
58	80	2.0
58	84	2.0
58	85	3.0
58	86	3.0
58	88	7.0
58	89	1.0
58	90	1.0
58	91	2.0
58	117	1.0
58	131	1.0
59	59	456.0
59	60	23.0
59	61	5.0
59	62	2.0
59	63	1.0
59	67	1.0
59	68	22.0
59	69	17.0
59	70	19.0
59	71	8.0
59	72	7.0
59	75	5.0
59	76	10.0
59	77	1.0
59	84	4.0
59	85	9.0
59	86	2.0
59	88	1.0
59	90	1.0
59	117	1.0
59	118	1.0
59	119	5.0
59	121	1.0
60	60	503.0
60	61	29.0
60	62	2.0
60	63	6.0
60	66	9.0
60	67	5.0
60	68	3.0
60	69	8.0
60	70	7.0
60	71	3.0
60	72	7.0
60	77	1.0
60	85	2.0
60	118	7.0
60	128	1.0
61	61	611.0
61	62	23.0
61	63	2.0
61	66	1.0
61	67	1.0
61	68	11.0
61	69	7.0
61	70	9.0
61	71	7.0
61	72	24.0
61	114	1.0
61	118	7.0
62	62	485.0
62	63	16.0
62	64	1.0
62	65	4.0
62	66	2.0
62	67	4.0
62	68	3.0
62	69	1.0
62	70	3.0
62	71	3.0
62	72	4.0
62	76	3.0
62	87	1.0
62	110	1.0
62	118	7.0
63	63	483.0
63	64	17.0
63	65	15.0
63	66	9.0
63	67	6.0
63	69	2.0
63	70	1.0
63	76	1.0
63	118	5.0
63	119	3.0
63	125	1.0
63	126	2.0
63	127	3.0
63	128	4.0
64	64	568.0
64	65	34.0
64	66	9.0
64	67	2.0
64	70	1.0
64	76	2.0
64	79	1.0
64	88	1.0
64	94	1.0
64	111	1.0
64	115	1.0
64	130	1.0
65	65	576.0
65	66	16.0
65	67	2.0
65	71	1.0
65	72	2.0
65	77	2.0
65	78	1.0
65	79	1.0
65	125	2.0
66	66	567.0
66	67	39.0
66	70	5.0
66	71	5.0
66	72	1.0
66	76	2.0
66	77	8.0
66	78	5.0
66	79	7.0
66	109	1.0
66	119	3.0
66	125	1.0
66	126	22.0
66	127	2.0
66	128	4.0
67	67	493.0
67	68	12.0
67	70	20.0
67	71	4.0
67	83	1.0
67	85	1.0
67	118	1.0
67	120	1.0
67	125	12.0
67	126	4.0
67	127	8.0
67	128	5.0
67	133	1.0
67	134	3.0
68	68	553.0
68	69	17.0
68	70	5.0
68	72	1.0
68	84	2.0
68	85	4.0
68	87	1.0
68	98	1.0
68	101	1.0
68	117	1.0
68	118	2.0
68	119	1.0
68	122	1.0
68	124	3.0
68	125	6.0
68	128	1.0
68	131	3.0
69	69	513.0
69	70	4.0
69	72	11.0
69	75	3.0
69	79	1.0
69	80	1.0
69	85	3.0
69	87	1.0
69	89	1.0
69	116	4.0
69	117	10.0
69	118	2.0
69	124	3.0
69	131	1.0
70	70	562.0
70	71	21.0
70	72	9.0
70	81	1.0
70	84	1.0
70	85	1.0
70	86	1.0
70	91	1.0
70	116	2.0
70	117	2.0
70	134	1.0
71	71	464.0
71	72	34.0
71	75	13.0
71	76	8.0
71	78	3.0
71	84	1.0
71	86	2.0
71	118	1.0
71	122	1.0
71	123	1.0
71	127	1.0
72	72	563.0
72	73	8.0
72	76	5.0
72	77	1.0
72	81	1.0
72	113	1.0
72	118	1.0
73	73	549.0
73	74	25.0
73	75	1.0
73	77	1.0
73	107	1.0
73	114	2.0
73	115	1.0
73	116	1.0
73	118	2.0
73	128	2.0
73	129	5.0
73	130	2.0
74	74	523.0
74	75	11.0
74	78	1.0
74	101	1.0
74	114	11.0
74	115	4.0
74	118	4.0
74	119	8.0
74	120	4.0
74	121	1.0
74	122	3.0
74	126	1.0
74	129	11.0
75	75	576.0
75	76	20.0
75	80	1.0
75	119	3.0
75	134	1.0
76	76	489.0
76	77	16.0
76	78	4.0
76	101	1.0
76	134	1.0
77	77	462.0
77	78	33.0
77	79	6.0
77	81	2.0
77	82	14.0
77	83	3.0
77	84	4.0
77	91	2.0
77	92	11.0
77	93	5.0
77	94	1.0
77	99	1.0
77	105	1.0
77	115	1.0
77	130	1.0
78	78	561.0
78	79	24.0
78	81	6.0
78	82	9.0
78	83	12.0
78	84	6.0
78	86	1.0
78	89	1.0
78	91	7.0
78	92	9.0
78	93	4.0
78	94	1.0
78	95	3.0
78	97	1.0
78	101	1.0
78	102	1.0
78	117	1.0
78	127	1.0
79	79	574.0
79	80	18.0
79	81	16.0
79	82	3.0
79	83	6.0
79	84	2.0
79	93	4.0
79	97	4.0
80	80	456.0
80	81	22.0
80	83	4.0
80	84	4.0
80	89	1.0
80	93	1.0
80	96	2.0
80	97	3.0
80	98	1.0
80	114	1.0
81	81	460.0
81	82	20.0
81	83	4.0
81	84	1.0
81	94	2.0
81	96	3.0
81	97	6.0
81	100	1.0
81	122	1.0
82	82	446.0
82	83	12.0
82	86	1.0
82	88	6.0
82	89	2.0
82	91	2.0
82	93	8.0
82	94	18.0
82	95	2.0
82	96	2.0
82	101	2.0
82	105	1.0
83	83	477.0
83	84	7.0
83	87	1.0
83	88	5.0
83	89	7.0
83	91	7.0
83	92	2.0
83	93	4.0
83	95	2.0
83	96	2.0
83	97	3.0
83	100	1.0
83	101	9.0
83	105	3.0
83	125	1.0
84	84	446.0
84	85	20.0
84	86	8.0
84	88	4.0
84	89	4.0
84	90	4.0
84	91	2.0
84	92	12.0
84	93	6.0
84	97	2.0
84	101	1.0
84	115	2.0
85	85	419.0
85	86	37.0
85	87	5.0
85	88	3.0
85	89	2.0
85	90	6.0
85	91	7.0
85	92	5.0
85	93	5.0
85	95	1.0
85	99	3.0
85	100	1.0
85	101	3.0
85	102	2.0
86	86	446.0
86	87	13.0
86	88	8.0
86	89	3.0
86	90	5.0
86	91	5.0
86	92	9.0
86	93	1.0
86	96	1.0
86	98	5.0
86	99	14.0
86	100	6.0
86	101	3.0
86	127	1.0
86	130	1.0
87	87	412.0
87	88	23.0
87	89	1.0
87	90	1.0
87	91	11.0
87	92	17.0
87	93	7.0
87	94	3.0
87	95	3.0
87	96	7.0
87	97	3.0
87	98	3.0
87	99	3.0
87	100	1.0
87	101	15.0
87	102	3.0
87	113	1.0
88	88	432.0
88	89	4.0
88	90	6.0
88	91	7.0
88	92	11.0
88	93	7.0
88	94	4.0
88	96	4.0
88	98	2.0
88	99	1.0
88	100	8.0
88	101	28.0
88	102	13.0
88	118	1.0
89	89	284.0
89	90	1.0
89	91	10.0
89	93	3.0
89	94	2.0
89	95	6.0
89	96	1.0
89	101	3.0
89	102	4.0
89	105	3.0
89	125	1.0
90	90	385.0
90	91	31.0
90	92	1.0
90	93	8.0
90	94	9.0
90	95	2.0
90	96	1.0
91	91	522.0
91	92	15.0
91	93	18.0
91	94	6.0
91	95	2.0
91	96	11.0
91	97	10.0
91	98	5.0
91	101	14.0
91	104	1.0
92	92	498.0
92	93	15.0
92	96	6.0
92	97	4.0
92	98	7.0
92	99	1.0
92	100	1.0
92	101	6.0
92	110	1.0
92	121	2.0
92	129	1.0
93	93	550.0
93	94	30.0
93	95	12.0
93	96	6.0
93	115	1.0
93	125	1.0
94	94	457.0
94	95	44.0
94	96	6.0
94	117	1.0
95	95	438.0
95	96	16.0
95	101	1.0
95	102	3.0
95	105	4.0
95	108	1.0
96	96	370.0
96	97	11.0
96	98	3.0
96	101	3.0
97	97	496.0
97	98	21.0
97	99	8.0
97	109	1.0
97	128	1.0
98	98	431.0
98	99	14.0
98	100	10.0
98	101	4.0
99	99	396.0
99	100	39.0
99	114	8.0
99	121	1.0
100	100	456.0
100	101	5.0
100	109	1.0
100	112	1.0
100	114	5.0
100	129	1.0
101	101	454.0
101	102	18.0
101	106	1.0
101	107	9.0
101	111	6.0
101	117	1.0
102	102	475.0
102	103	1.0
102	104	13.0
102	105	15.0
102	106	6.0
102	107	5.0
102	108	1.0
102	110	1.0
102	111	1.0
102	113	1.0
102	117	1.0
103	103	476.0
103	104	16.0
103	105	12.0
103	106	15.0
103	107	6.0
103	110	3.0
103	111	4.0
104	104	453.0
104	105	29.0
104	106	2.0
104	114	1.0
105	105	421.0
105	106	4.0
106	106	466.0
106	107	4.0
106	109	4.0
106	110	5.0
106	111	1.0
106	112	1.0
107	107	469.0
107	108	13.0
107	109	3.0
107	110	24.0
107	111	21.0
107	112	4.0
107	113	4.0
108	108	468.0
108	109	12.0
108	110	17.0
108	111	6.0
108	112	1.0
108	117	1.0
108	128	1.0
109	109	498.0
109	110	34.0
109	111	7.0
110	110	460.0
110	111	17.0
111	111	505.0
111	112	9.0
112	112	531.0
112	113	24.0
112	114	10.0
112	115	19.0
112	116	2.0
112	117	9.0
112	118	6.0
112	119	6.0
112	129	1.0
113	113	548.0
113	114	20.0
113	115	3.0
113	116	4.0
113	117	10.0
113	118	6.0
113	119	1.0
113	120	1.0
113	121	2.0
113	126	1.0
114	114	498.0
114	115	12.0
114	116	2.0
114	117	2.0
114	119	2.0
114	123	1.0
114	129	21.0
114	131	1.0
115	115	492.0
115	116	25.0
115	117	1.0
115	120	3.0
115	121	2.0
115	122	3.0
115	127	1.0
115	128	6.0
115	129	4.0
116	116	542.0
116	117	11.0
116	118	1.0
116	119	1.0
116	120	4.0
116	122	3.0
116	124	2.0
116	125	5.0
116	128	8.0
116	130	1.0
117	117	573.0
117	118	11.0
117	119	3.0
117	123	3.0
117	125	2.0
118	118	528.0
118	119	17.0
118	120	1.0
118	123	5.0
118	129	1.0
118	130	5.0
118	133	1.0
118	134	1.0
119	119	610.0
119	120	8.0
119	122	1.0
119	126	13.0
119	127	1.0
119	129	10.0
119	130	3.0
119	131	3.0
119	132	2.0
119	133	7.0
119	134	2.0
120	120	520.0
120	121	18.0
120	122	15.0
120	123	6.0
120	124	8.0
120	125	1.0
120	127	2.0
120	129	12.0
120	130	14.0
120	131	15.0
120	132	9.0
120	133	2.0
121	121	509.0
121	122	40.0
121	123	1.0
121	129	9.0
121	130	6.0
121	131	1.0
122	122	509.0
122	123	17.0
122	124	4.0
122	128	11.0
122	129	7.0
122	130	12.0
122	131	1.0
122	132	4.0
123	123	507.0
123	124	26.0
123	125	2.0
123	126	1.0
123	127	4.0
123	128	23.0
123	129	7.0
123	130	4.0
123	131	4.0
123	132	6.0
123	133	5.0
123	134	7.0
124	124	492.0
124	125	20.0
124	126	4.0
124	127	8.0
124	129	2.0
124	130	7.0
124	131	6.0
124	132	7.0
124	133	1.0
124	134	2.0
125	125	543.0
125	126	10.0
125	127	2.0
125	128	21.0
125	129	10.0
125	130	1.0
125	131	2.0
125	132	6.0
125	133	3.0
125	134	10.0
126	126	600.0
126	127	29.0
126	128	6.0
126	131	1.0
126	133	6.0
126	134	1.0
127	127	464.0
127	128	9.0
127	129	3.0
127	133	6.0
127	134	7.0
128	128	510.0
128	129	37.0
128	131	3.0
128	133	2.0
128	134	8.0
129	129	539.0
129	130	18.0
129	131	19.0
129	132	9.0
129	133	6.0
129	134	1.0
130	130	523.0
130	131	16.0
130	132	2.0
130	133	4.0
131	131	530.0
131	132	23.0
131	133	18.0
131	134	4.0
132	132	570.0
132	133	7.0
132	134	3.0
133	133	590.0
133	134	7.0
134	134	524.0
136	1	27.0
136	2	17.0
136	59	1.0
136	63	1.0
136	66	1.0
136	68	1.0
136	93	1.0
136	119	4.0
136	130	1.0
136	134	14.0
136	136	407.0
