1	1	287.0
1	91	1.0
2	1	2.0
2	2	267.0
2	4	1.0
2	22	2.0
2	23	1.0
2	56	1.0
2	87	1.0
2	91	1.0
3	3	352.0
3	4	1.0
3	13	2.0
3	20	1.0
3	25	1.0
3	28	1.0
3	29	1.0
4	3	1.0
4	4	297.0
4	20	2.0
4	23	1.0
4	54	1.0
5	5	334.0
5	6	1.0
5	8	4.0
5	23	1.0
6	5	2.0
6	6	310.0
6	7	1.0
6	8	1.0
6	9	1.0
6	13	1.0
6	33	1.0
7	6	1.0
7	7	343.0
7	33	2.0
7	81	1.0
8	8	333.0
8	9	4.0
8	10	2.0
8	70	1.0
8	77	2.0
9	8	1.0
9	9	300.0
9	10	2.0
9	25	1.0
9	55	2.0
9	57	1.0
9	74	1.0
9	77	1.0
9	78	1.0
9	80	1.0
10	9	2.0
10	10	288.0
10	11	1.0
10	25	1.0
10	80	3.0
10	81	1.0
11	9	1.0
11	11	326.0
11	12	1.0
11	23	1.0
11	55	3.0
11	83	2.0
11	86	1.0
11	87	1.0
12	4	2.0
12	11	4.0
12	12	345.0
12	23	1.0
12	25	1.0
12	49	2.0
12	53	1.0
12	67	1.0
12	84	2.0
12	87	2.0
13	3	1.0
13	6	1.0
13	12	3.0
13	13	332.0
13	17	2.0
13	19	1.0
13	20	1.0
13	24	1.0
13	25	2.0
13	32	1.0
13	88	1.0
14	14	232.0
14	16	1.0
14	23	1.0
14	33	2.0
14	58	1.0
14	63	1.0
14	66	1.0
14	89	2.0
15	15	197.0
15	16	3.0
15	29	1.0
15	57	1.0
15	58	1.0
15	60	1.0
15	66	4.0
15	67	1.0
15	70	1.0
15	84	1.0
16	15	1.0
16	16	155.0
16	17	1.0
16	23	1.0
16	29	1.0
16	53	1.0
16	60	1.0
16	65	2.0
16	66	1.0
16	81	1.0
16	87	2.0
17	16	1.0
17	17	344.0
17	18	1.0
17	19	1.0
17	20	3.0
17	24	1.0
17	31	1.0
17	60	1.0
17	65	1.0
18	14	1.0
18	16	1.0
18	17	3.0
18	18	127.0
18	19	6.0
18	66	1.0
18	89	1.0
19	17	1.0
19	18	4.0
19	19	338.0
19	20	1.0
19	24	1.0
19	29	1.0
19	30	2.0
19	31	3.0
19	66	1.0
20	3	1.0
20	12	1.0
20	13	1.0
20	19	3.0
20	20	288.0
20	22	1.0
20	24	6.0
20	25	1.0
20	31	1.0
20	33	1.0
20	50	1.0
20	51	1.0
20	52	1.0
20	56	1.0
21	21	209.0
21	22	3.0
21	24	1.0
21	26	1.0
21	29	1.0
21	48	1.0
22	21	2.0
22	22	294.0
22	23	3.0
22	25	1.0
22	26	1.0
23	2	1.0
23	3	2.0
23	4	1.0
23	5	2.0
23	12	2.0
23	14	1.0
23	15	1.0
23	23	361.0
23	24	1.0
23	49	1.0
23	52	1.0
23	74	1.0
23	88	1.0
23	89	1.0
24	17	2.0
24	20	6.0
24	22	1.0
24	24	297.0
24	31	2.0
24	32	1.0
25	21	6.0
25	22	1.0
25	25	311.0
25	26	1.0
25	27	3.0
25	29	1.0
26	21	1.0
26	25	4.0
26	26	380.0
26	27	3.0
26	28	1.0
27	4	3.0
27	25	1.0
27	26	2.0
27	27	314.0
27	28	1.0
27	56	1.0
28	3	2.0
28	25	1.0
28	27	1.0
28	28	210.0
28	29	2.0
29	3	1.0
29	4	1.0
29	18	1.0
29	19	1.0
29	27	1.0
29	28	2.0
29	29	185.0
29	30	2.0
29	88	1.0
30	19	1.0
30	24	1.0
30	29	1.0
30	30	261.0
30	31	3.0
30	89	1.0
31	19	2.0
31	30	4.0
31	31	311.0
32	20	1.0
32	23	1.0
32	32	209.0
32	33	4.0
32	35	1.0
32	61	1.0
32	84	1.0
33	16	1.0
33	17	2.0
33	32	1.0
33	33	179.0
33	34	1.0
33	35	3.0
33	46	2.0
33	61	1.0
33	63	2.0
34	5	3.0
34	34	304.0
34	35	2.0
34	46	6.0
35	33	2.0
35	34	1.0
35	35	103.0
35	65	1.0
46	6	2.0
46	33	1.0
46	34	2.0
46	46	489.0
46	47	4.0
46	54	1.0
46	57	1.0
46	75	2.0
47	46	1.0
47	47	269.0
47	48	3.0
47	51	1.0
47	53	2.0
47	57	1.0
48	46	3.0
48	47	1.0
48	48	316.0
48	49	1.0
48	57	1.0
48	58	1.0
48	63	1.0
48	64	1.0
49	4	1.0
49	11	1.0
49	12	1.0
49	13	1.0
49	20	1.0
49	49	353.0
49	50	2.0
49	52	1.0
49	53	1.0
49	58	2.0
49	64	3.0
50	4	1.0
50	20	1.0
50	49	3.0
50	50	306.0
50	51	4.0
50	52	1.0
50	55	1.0
51	20	2.0
51	48	2.0
51	50	5.0
51	51	356.0
51	58	1.0
51	69	1.0
52	5	1.0
52	48	1.0
52	49	2.0
52	51	1.0
52	52	282.0
52	53	4.0
52	54	1.0
52	55	1.0
52	58	1.0
53	5	1.0
53	11	1.0
53	12	1.0
53	49	2.0
53	52	3.0
53	53	310.0
53	54	2.0
54	7	2.0
54	9	2.0
54	46	2.0
54	53	2.0
54	54	340.0
54	55	2.0
55	8	1.0
55	9	4.0
55	13	1.0
55	23	1.0
55	50	2.0
55	52	5.0
55	54	2.0
55	55	339.0
55	56	3.0
55	80	1.0
55	81	1.0
55	84	1.0
56	5	1.0
56	20	1.0
56	34	2.0
56	54	3.0
56	55	1.0
56	56	324.0
56	83	1.0
57	9	2.0
57	47	5.0
57	48	4.0
57	51	2.0
57	56	2.0
57	57	318.0
57	58	1.0
57	67	1.0
57	77	1.0
57	89	1.0
58	14	1.0
58	15	1.0
58	48	2.0
58	51	1.0
58	57	2.0
58	58	303.0
58	59	1.0
58	60	1.0
58	63	1.0
58	64	3.0
58	76	1.0
59	58	2.0
59	59	267.0
59	60	1.0
59	61	3.0
59	62	1.0
59	63	1.0
59	64	1.0
59	76	1.0
60	16	1.0
60	49	3.0
60	58	1.0
60	59	1.0
60	60	305.0
60	61	4.0
60	62	3.0
60	63	2.0
60	66	1.0
61	33	1.0
61	58	1.0
61	59	3.0
61	60	6.0
61	61	317.0
61	62	4.0
61	63	3.0
61	66	1.0
62	14	1.0
62	16	1.0
62	33	1.0
62	59	2.0
62	60	3.0
62	61	3.0
62	62	311.0
62	63	2.0
62	64	1.0
62	72	1.0
63	14	2.0
63	15	1.0
63	47	1.0
63	49	1.0
63	58	1.0
63	59	1.0
63	60	1.0
63	61	3.0
63	62	3.0
63	63	333.0
63	65	2.0
64	58	1.0
64	59	3.0
64	61	1.0
64	63	7.0
64	64	299.0
64	65	3.0
64	73	1.0
65	17	1.0
65	18	1.0
65	61	2.0
65	63	3.0
65	64	4.0
65	65	310.0
65	66	5.0
65	73	1.0
66	16	1.0
66	60	3.0
66	62	1.0
66	65	2.0
66	66	346.0
66	67	2.0
66	70	2.0
66	74	1.0
67	25	1.0
67	29	1.0
67	31	3.0
67	52	1.0
67	66	3.0
67	67	359.0
67	68	1.0
67	79	1.0
68	27	1.0
68	28	1.0
68	66	1.0
68	67	5.0
68	68	313.0
68	86	1.0
68	87	3.0
68	88	2.0
69	17	1.0
69	27	1.0
69	48	2.0
69	69	275.0
69	70	4.0
69	71	4.0
69	82	1.0
69	88	1.0
70	8	1.0
70	15	1.0
70	66	1.0
70	68	1.0
70	70	254.0
70	71	1.0
70	84	1.0
71	46	2.0
71	69	1.0
71	70	2.0
71	71	267.0
71	72	3.0
72	64	2.0
72	72	316.0
72	73	5.0
72	74	1.0
72	79	1.0
72	80	1.0
72	82	1.0
72	85	1.0
73	64	3.0
73	65	6.0
73	70	1.0
73	72	5.0
73	73	353.0
73	79	1.0
73	82	1.0
73	83	4.0
74	8	3.0
74	9	1.0
74	46	1.0
74	56	1.0
74	66	1.0
74	74	300.0
74	75	5.0
74	76	1.0
74	78	1.0
75	9	1.0
75	73	1.0
75	74	1.0
75	75	270.0
76	59	1.0
76	74	2.0
76	76	291.0
76	77	3.0
77	8	1.0
77	54	1.0
77	73	1.0
77	74	1.0
77	75	1.0
77	76	2.0
77	77	328.0
77	78	3.0
77	80	1.0
78	46	1.0
78	78	308.0
78	79	5.0
78	80	4.0
78	81	1.0
79	10	1.0
79	11	1.0
79	12	2.0
79	72	1.0
79	78	9.0
79	79	291.0
79	80	4.0
80	9	1.0
80	10	1.0
80	46	2.0
80	72	3.0
80	77	1.0
80	78	7.0
80	79	4.0
80	80	318.0
80	82	1.0
80	83	2.0
80	88	1.0
81	6	1.0
81	22	1.0
81	53	1.0
81	73	1.0
81	78	2.0
81	80	1.0
81	81	325.0
81	84	1.0
81	88	1.0
82	11	1.0
82	13	1.0
82	18	1.0
82	27	1.0
82	72	2.0
82	73	1.0
82	77	1.0
82	80	1.0
82	82	359.0
82	83	5.0
82	84	1.0
82	87	1.0
82	89	3.0
83	11	1.0
83	32	1.0
83	72	3.0
83	78	1.0
83	82	5.0
83	83	331.0
83	84	2.0
83	85	3.0
83	86	3.0
83	87	1.0
83	88	1.0
84	11	1.0
84	12	1.0
84	70	2.0
84	71	2.0
84	82	2.0
84	83	2.0
84	84	323.0
84	86	2.0
84	87	2.0
84	88	1.0
85	31	1.0
85	55	1.0
85	71	1.0
85	73	1.0
85	83	2.0
85	84	10.0
85	85	324.0
85	86	1.0
85	91	1.0
86	11	2.0
86	12	1.0
86	24	1.0
86	29	1.0
86	71	1.0
86	72	2.0
86	76	1.0
86	82	3.0
86	83	1.0
86	84	2.0
86	85	2.0
86	86	371.0
86	87	3.0
86	88	1.0
87	11	1.0
87	12	1.0
87	13	1.0
87	15	2.0
87	68	2.0
87	69	1.0
87	82	1.0
87	85	1.0
87	86	2.0
87	87	354.0
87	88	5.0
88	13	2.0
88	23	4.0
88	29	3.0
88	68	1.0
88	69	1.0
88	80	1.0
88	82	1.0
88	87	6.0
88	88	284.0
88	89	4.0
89	67	1.0
89	88	4.0
89	89	280.0
89	90	1.0
90	90	65.0
91	1	6.0
91	30	1.0
91	91	300.0
