16	16	52.0
16	17	1.0
17	17	391.0
17	18	13.0
17	22	2.0
17	31	2.0
17	32	11.0
17	36	4.0
17	37	2.0
17	47	2.0
17	48	1.0
17	50	7.0
18	18	469.0
18	19	2.0
18	20	9.0
18	21	9.0
18	22	2.0
18	23	1.0
18	26	1.0
18	28	3.0
18	31	2.0
18	32	13.0
18	33	1.0
18	35	1.0
18	36	1.0
18	40	1.0
18	46	1.0
18	49	2.0
18	50	7.0
18	51	1.0
19	19	578.0
19	20	7.0
19	21	9.0
19	22	3.0
19	26	1.0
19	29	3.0
19	32	7.0
19	35	4.0
19	36	3.0
19	37	5.0
19	44	3.0
19	49	1.0
19	50	13.0
19	51	5.0
20	20	383.0
20	21	22.0
20	22	6.0
20	23	1.0
20	28	1.0
20	29	3.0
20	30	4.0
20	31	1.0
20	32	5.0
20	33	1.0
20	35	2.0
20	36	4.0
20	38	2.0
20	39	2.0
20	41	2.0
20	48	1.0
20	50	1.0
21	21	291.0
21	22	4.0
21	24	1.0
21	29	1.0
21	30	2.0
21	31	6.0
21	32	11.0
21	35	1.0
21	36	1.0
21	50	1.0
22	22	505.0
22	23	10.0
22	24	1.0
22	25	4.0
22	26	3.0
22	28	5.0
22	29	1.0
22	30	1.0
22	31	1.0
22	32	3.0
22	38	1.0
22	40	1.0
22	49	1.0
23	23	595.0
23	24	12.0
23	25	6.0
23	28	2.0
23	29	3.0
23	30	8.0
23	31	11.0
23	32	4.0
23	38	3.0
23	39	7.0
23	40	1.0
23	42	1.0
23	50	1.0
24	24	519.0
24	25	20.0
24	28	6.0
24	30	15.0
24	31	3.0
24	32	1.0
24	38	11.0
24	39	8.0
24	40	9.0
24	41	3.0
24	45	1.0
24	51	1.0
25	25	425.0
25	26	15.0
25	27	1.0
25	28	6.0
25	29	1.0
25	30	2.0
25	34	1.0
25	38	1.0
26	26	571.0
26	27	25.0
26	28	10.0
26	29	1.0
26	30	2.0
26	33	2.0
26	34	7.0
26	42	2.0
26	44	4.0
26	45	1.0
27	27	576.0
27	28	6.0
27	41	1.0
27	43	3.0
27	44	2.0
27	45	2.0
27	47	1.0
28	28	451.0
28	29	10.0
28	30	3.0
28	31	1.0
28	38	1.0
28	43	2.0
29	29	542.0
29	30	24.0
29	31	3.0
29	33	1.0
29	39	5.0
29	45	1.0
30	30	601.0
30	31	20.0
30	32	1.0
30	34	1.0
30	38	3.0
30	39	6.0
30	40	4.0
30	41	7.0
30	43	12.0
30	44	4.0
30	45	2.0
30	46	6.0
31	31	546.0
31	32	22.0
31	36	4.0
31	37	1.0
31	38	6.0
31	39	22.0
31	40	3.0
31	43	10.0
31	44	12.0
31	45	1.0
31	46	2.0
31	50	1.0
32	32	491.0
32	36	12.0
32	37	9.0
32	38	1.0
32	39	8.0
32	40	2.0
32	42	1.0
32	44	2.0
32	46	2.0
33	33	548.0
33	34	14.0
33	35	9.0
33	36	1.0
33	37	3.0
33	39	1.0
33	43	2.0
33	44	1.0
33	46	1.0
33	47	7.0
33	48	5.0
33	49	8.0
34	34	516.0
34	35	8.0
34	36	1.0
34	37	3.0
34	38	1.0
34	43	3.0
34	44	2.0
34	45	4.0
34	46	9.0
34	47	12.0
34	48	1.0
34	49	7.0
34	50	1.0
35	35	561.0
35	36	10.0
35	42	1.0
35	47	10.0
35	49	10.0
35	50	1.0
36	36	560.0
36	37	10.0
36	41	3.0
36	46	2.0
36	47	7.0
36	49	5.0
36	50	5.0
37	37	690.0
37	38	4.0
37	40	1.0
37	41	5.0
37	47	1.0
37	48	3.0
37	49	15.0
37	50	20.0
38	38	588.0
38	39	9.0
38	40	15.0
38	41	2.0
38	50	1.0
39	39	581.0
39	40	10.0
39	41	6.0
39	43	1.0
39	44	1.0
40	40	573.0
40	41	21.0
40	43	3.0
40	44	18.0
40	45	7.0
40	46	4.0
41	41	515.0
41	42	3.0
41	44	1.0
41	45	4.0
41	46	6.0
41	50	2.0
42	42	517.0
42	43	9.0
42	44	8.0
42	45	2.0
42	46	2.0
42	48	1.0
42	49	1.0
43	43	598.0
43	44	16.0
43	45	23.0
43	46	13.0
43	48	1.0
44	44	576.0
44	45	24.0
44	46	25.0
44	47	3.0
44	48	1.0
44	49	1.0
45	45	567.0
45	46	32.0
46	46	613.0
46	47	10.0
46	48	10.0
47	47	603.0
47	48	12.0
47	49	9.0
47	50	1.0
48	48	551.0
48	49	15.0
48	50	2.0
49	49	608.0
49	50	10.0
50	50	593.0
50	51	3.0
51	51	96.0
