1	1	219.0
1	2	4.0
1	5	3.0
1	7	4.0
1	8	4.0
1	13	4.0
1	14	1.0
1	23	1.0
1	24	10.0
1	25	2.0
1	33	1.0
1	72	9.0
1	73	1.0
1	132	1.0
2	2	220.0
2	3	4.0
2	4	3.0
2	5	9.0
2	6	3.0
2	9	3.0
2	13	2.0
2	24	1.0
2	39	1.0
2	72	5.0
2	73	1.0
2	105	1.0
2	108	1.0
2	113	1.0
3	3	209.0
3	4	30.0
3	5	6.0
3	9	2.0
3	10	1.0
3	13	3.0
3	32	2.0
3	74	2.0
3	105	5.0
3	106	1.0
3	108	1.0
3	111	1.0
4	4	198.0
4	5	14.0
4	32	3.0
4	73	1.0
4	74	1.0
4	75	3.0
4	103	1.0
4	104	2.0
4	105	4.0
4	106	1.0
4	107	4.0
4	109	1.0
4	126	1.0
5	5	189.0
5	6	3.0
5	32	2.0
5	73	2.0
5	74	3.0
5	75	1.0
5	86	1.0
5	104	3.0
5	105	1.0
5	106	1.0
5	108	1.0
5	137	1.0
6	6	208.0
6	7	16.0
6	8	1.0
6	10	1.0
6	11	1.0
6	12	6.0
6	17	1.0
6	19	1.0
6	25	10.0
6	33	3.0
6	37	1.0
6	38	1.0
6	71	5.0
6	72	2.0
6	73	3.0
6	74	1.0
6	125	6.0
7	7	227.0
7	8	7.0
7	9	4.0
7	11	7.0
7	24	2.0
7	25	4.0
7	26	2.0
7	27	4.0
7	28	3.0
7	29	2.0
7	31	4.0
7	32	5.0
7	33	4.0
7	34	3.0
7	37	2.0
7	38	2.0
7	39	2.0
7	68	2.0
7	71	3.0
7	72	6.0
7	73	2.0
7	100	1.0
7	101	5.0
7	115	1.0
7	125	5.0
7	130	1.0
7	137	1.0
8	8	206.0
8	9	18.0
8	10	14.0
8	11	2.0
8	12	4.0
8	14	1.0
8	15	2.0
8	24	1.0
8	25	6.0
8	29	5.0
8	30	4.0
8	32	3.0
8	36	2.0
8	37	2.0
8	38	5.0
8	66	1.0
8	71	1.0
8	100	1.0
8	101	3.0
8	102	1.0
8	125	3.0
9	9	203.0
9	10	10.0
9	11	1.0
9	12	7.0
9	13	2.0
9	25	3.0
9	28	8.0
9	29	2.0
9	32	1.0
9	36	1.0
9	37	2.0
9	38	2.0
9	39	1.0
9	73	1.0
9	74	4.0
9	101	2.0
10	10	198.0
10	11	4.0
10	12	11.0
10	13	4.0
10	15	2.0
10	18	1.0
10	29	1.0
10	30	4.0
10	37	3.0
10	39	1.0
10	40	1.0
10	44	1.0
10	69	1.0
10	72	3.0
10	73	1.0
10	74	6.0
10	103	3.0
10	113	1.0
10	115	1.0
10	128	1.0
11	11	207.0
11	12	8.0
11	14	9.0
11	15	5.0
11	30	1.0
11	37	1.0
11	41	1.0
11	43	2.0
11	44	1.0
11	66	3.0
11	71	2.0
11	103	1.0
11	104	1.0
11	109	2.0
11	120	3.0
11	122	1.0
11	123	1.0
12	12	186.0
12	13	11.0
12	30	5.0
12	72	1.0
12	73	2.0
12	103	13.0
12	104	4.0
12	106	1.0
12	110	1.0
12	111	1.0
12	120	1.0
13	13	206.0
13	14	6.0
13	24	7.0
13	25	1.0
13	26	4.0
13	29	5.0
13	30	1.0
13	40	1.0
13	67	1.0
13	72	1.0
13	73	2.0
13	74	1.0
13	102	2.0
13	103	3.0
13	104	7.0
13	105	2.0
13	127	1.0
14	14	228.0
14	15	10.0
14	22	1.0
14	24	1.0
14	25	1.0
14	26	6.0
14	27	7.0
14	28	6.0
14	29	4.0
14	30	1.0
14	33	1.0
14	66	1.0
14	71	1.0
14	102	5.0
14	111	3.0
14	115	1.0
14	121	3.0
14	129	1.0
15	15	187.0
15	17	5.0
15	18	2.0
15	19	1.0
15	20	4.0
15	22	4.0
15	23	1.0
15	26	2.0
15	27	4.0
15	28	4.0
15	29	2.0
15	30	5.0
15	31	3.0
15	32	3.0
15	101	8.0
15	102	2.0
15	103	3.0
15	125	4.0
16	16	237.0
16	17	7.0
16	18	4.0
16	19	10.0
16	20	4.0
16	21	2.0
16	27	5.0
16	29	3.0
16	116	2.0
16	118	2.0
16	122	6.0
16	123	1.0
16	124	3.0
17	17	189.0
17	18	11.0
17	19	4.0
17	20	1.0
17	21	1.0
17	26	3.0
17	27	3.0
17	29	8.0
17	30	1.0
17	31	1.0
17	118	2.0
17	120	2.0
17	122	2.0
17	124	1.0
17	125	3.0
17	126	1.0
18	18	229.0
18	19	14.0
18	20	12.0
18	21	2.0
18	29	4.0
18	118	1.0
18	122	1.0
18	125	1.0
18	126	1.0
18	129	1.0
19	19	224.0
19	20	12.0
19	26	3.0
19	27	8.0
19	28	2.0
19	29	1.0
19	114	1.0
19	120	1.0
19	124	1.0
19	125	3.0
19	126	6.0
20	20	203.0
20	21	13.0
20	22	10.0
20	24	1.0
20	26	1.0
20	117	2.0
20	126	2.0
21	21	244.0
21	22	16.0
21	24	1.0
21	83	1.0
21	117	3.0
21	126	1.0
21	127	2.0
21	133	1.0
21	139	1.0
22	22	193.0
22	23	5.0
22	24	7.0
22	26	7.0
22	27	1.0
22	28	5.0
22	117	1.0
22	122	1.0
23	23	211.0
23	24	8.0
23	25	4.0
23	26	2.0
23	28	3.0
23	79	1.0
23	99	1.0
23	106	1.0
23	115	2.0
23	116	5.0
23	117	5.0
23	118	1.0
23	120	1.0
23	122	9.0
23	123	3.0
24	24	201.0
24	25	4.0
24	29	1.0
24	116	1.0
24	117	11.0
24	118	4.0
24	120	2.0
25	25	203.0
25	26	7.0
25	27	1.0
25	28	1.0
25	29	1.0
25	33	4.0
25	34	3.0
25	36	4.0
25	38	9.0
25	39	1.0
25	73	2.0
25	125	2.0
26	26	212.0
26	27	11.0
26	28	9.0
26	29	6.0
26	31	3.0
26	33	5.0
26	34	1.0
26	124	2.0
26	125	4.0
26	126	2.0
27	27	202.0
27	28	5.0
27	29	1.0
27	30	4.0
27	33	1.0
27	35	2.0
27	101	2.0
27	121	4.0
27	124	3.0
27	125	2.0
28	28	210.0
28	29	3.0
28	31	6.0
28	32	5.0
28	33	2.0
28	101	2.0
28	104	1.0
28	125	5.0
29	29	206.0
29	30	9.0
29	31	8.0
29	32	2.0
29	124	4.0
29	125	1.0
29	131	1.0
30	30	172.0
30	31	7.0
30	32	7.0
30	33	3.0
30	101	4.0
30	102	1.0
30	103	6.0
30	110	1.0
30	120	10.0
30	124	1.0
31	31	188.0
31	32	9.0
31	33	3.0
31	74	1.0
31	102	1.0
31	103	2.0
31	123	1.0
31	124	5.0
31	125	2.0
31	129	1.0
32	32	205.0
32	33	2.0
32	42	1.0
32	74	1.0
32	100	1.0
32	101	4.0
32	105	2.0
32	110	1.0
32	120	1.0
32	121	1.0
32	124	4.0
33	33	216.0
33	34	6.0
33	35	2.0
33	110	1.0
33	124	2.0
33	125	1.0
33	131	1.0
34	34	259.0
34	35	14.0
34	36	1.0
34	37	3.0
34	82	1.0
35	35	239.0
35	36	12.0
35	37	4.0
35	71	1.0
35	120	1.0
35	127	1.0
36	36	243.0
36	37	9.0
36	38	8.0
36	132	1.0
36	139	1.0
37	37	236.0
37	38	9.0
38	38	177.0
38	45	1.0
38	66	1.0
38	127	1.0
39	39	15.0
39	41	1.0
39	43	1.0
39	71	1.0
39	73	1.0
40	40	3.0
40	43	1.0
40	69	1.0
40	73	1.0
40	83	1.0
40	111	1.0
41	41	2.0
42	42	2.0
42	46	1.0
42	110	1.0
43	43	10.0
43	69	1.0
44	44	35.0
44	46	1.0
45	45	1.0
45	68	1.0
45	71	1.0
47	47	1.0
47	67	1.0
65	65	2.0
66	66	46.0
66	68	6.0
66	77	1.0
66	102	1.0
66	110	1.0
66	114	1.0
67	67	5.0
67	82	1.0
67	99	1.0
67	113	1.0
68	68	52.0
68	69	2.0
68	71	1.0
68	89	1.0
68	132	1.0
69	69	15.0
70	70	5.0
70	98	1.0
70	99	1.0
70	110	1.0
70	121	1.0
71	71	249.0
71	72	2.0
71	74	1.0
71	75	1.0
71	79	5.0
71	91	1.0
71	92	3.0
71	93	2.0
71	95	1.0
71	96	7.0
71	98	1.0
71	111	6.0
71	112	7.0
71	113	8.0
71	114	4.0
71	115	1.0
71	122	1.0
71	139	1.0
72	72	214.0
72	73	17.0
72	74	3.0
72	75	1.0
72	77	1.0
72	95	16.0
72	96	12.0
73	73	206.0
73	74	2.0
73	75	7.0
73	77	3.0
73	78	4.0
73	95	1.0
73	124	1.0
74	74	220.0
74	75	8.0
74	76	1.0
74	77	3.0
74	78	1.0
74	96	5.0
74	103	5.0
74	105	2.0
74	117	1.0
75	75	199.0
75	76	4.0
75	77	3.0
75	78	3.0
75	93	2.0
75	97	1.0
75	102	2.0
75	103	7.0
75	107	1.0
75	130	1.0
76	76	205.0
76	77	6.0
76	78	1.0
76	79	1.0
76	80	1.0
76	86	3.0
76	96	1.0
76	108	2.0
76	112	2.0
77	77	210.0
77	78	8.0
77	79	7.0
77	80	4.0
77	82	2.0
77	84	3.0
77	86	3.0
77	90	1.0
77	91	1.0
77	92	3.0
77	96	1.0
77	102	4.0
77	112	1.0
77	113	1.0
77	114	1.0
77	116	1.0
78	78	208.0
78	79	14.0
78	80	4.0
78	81	1.0
78	82	4.0
78	90	2.0
78	91	6.0
78	92	5.0
78	93	1.0
78	100	3.0
78	101	2.0
78	102	1.0
78	103	4.0
78	112	2.0
79	79	237.0
79	80	11.0
79	81	4.0
79	83	1.0
79	85	3.0
79	86	3.0
79	88	2.0
79	90	1.0
79	91	5.0
79	93	3.0
79	94	5.0
79	95	3.0
79	100	3.0
79	102	1.0
79	103	3.0
79	112	11.0
79	113	3.0
79	114	2.0
79	122	1.0
79	123	2.0
80	80	206.0
80	83	3.0
80	85	1.0
80	86	13.0
80	88	3.0
80	90	4.0
80	91	9.0
80	93	4.0
80	94	2.0
80	95	2.0
80	102	1.0
80	112	1.0
80	113	10.0
80	116	2.0
81	81	217.0
81	82	20.0
81	83	3.0
81	84	8.0
81	85	5.0
81	86	3.0
81	100	7.0
81	102	1.0
82	82	244.0
82	83	6.0
82	86	3.0
82	99	1.0
82	100	2.0
82	102	1.0
82	114	1.0
82	128	1.0
82	132	1.0
83	83	190.0
83	84	13.0
83	85	17.0
83	86	1.0
83	87	4.0
83	88	1.0
83	89	3.0
83	97	3.0
83	106	1.0
83	108	1.0
83	109	2.0
84	84	183.0
84	85	17.0
84	86	4.0
84	87	7.0
84	88	2.0
84	89	4.0
84	90	1.0
84	100	5.0
85	85	228.0
85	86	7.0
85	87	9.0
85	88	2.0
85	89	3.0
85	102	1.0
85	119	1.0
86	86	192.0
86	88	7.0
86	89	4.0
86	91	1.0
86	112	1.0
86	113	2.0
86	114	1.0
87	87	212.0
87	88	6.0
87	89	8.0
87	90	6.0
87	104	2.0
87	108	4.0
87	109	3.0
87	110	3.0
87	111	2.0
87	112	6.0
87	113	1.0
87	119	1.0
87	121	1.0
88	88	190.0
88	89	17.0
88	90	6.0
88	101	1.0
88	103	2.0
88	112	1.0
88	121	1.0
89	89	228.0
89	90	9.0
89	101	4.0
89	107	1.0
89	108	2.0
89	109	2.0
89	118	2.0
89	121	4.0
90	90	169.0
90	91	17.0
90	92	6.0
90	109	8.0
90	110	1.0
90	112	4.0
90	113	8.0
90	115	1.0
90	119	1.0
90	120	1.0
90	121	2.0
91	91	234.0
91	92	6.0
91	93	1.0
91	104	1.0
91	112	1.0
91	113	2.0
91	114	2.0
91	115	3.0
91	116	3.0
92	92	172.0
92	93	10.0
92	94	3.0
92	98	1.0
92	111	9.0
92	112	8.0
92	113	1.0
92	115	1.0
92	116	3.0
92	120	3.0
92	122	1.0
92	123	1.0
92	124	1.0
92	125	1.0
92	127	7.0
92	128	3.0
92	129	4.0
92	132	4.0
93	93	224.0
93	94	15.0
93	95	2.0
93	100	1.0
93	111	3.0
93	112	1.0
93	113	2.0
93	114	2.0
93	116	1.0
93	119	1.0
93	120	2.0
93	121	2.0
93	123	5.0
93	124	2.0
93	125	4.0
93	126	2.0
93	127	3.0
93	128	6.0
93	132	1.0
94	94	247.0
94	95	8.0
94	96	1.0
94	100	1.0
94	111	1.0
94	112	1.0
94	113	5.0
94	114	4.0
94	121	4.0
94	122	1.0
94	123	5.0
95	95	216.0
95	96	10.0
95	97	1.0
95	100	1.0
95	111	3.0
95	112	3.0
95	113	1.0
95	114	4.0
95	122	1.0
95	123	2.0
95	134	1.0
96	96	242.0
96	97	12.0
96	98	6.0
96	99	7.0
96	112	2.0
96	114	2.0
97	97	225.0
97	98	13.0
97	99	9.0
98	98	228.0
98	99	5.0
98	110	1.0
98	130	1.0
99	99	196.0
99	100	3.0
99	104	1.0
99	110	5.0
99	111	1.0
100	100	245.0
100	101	19.0
100	102	6.0
100	103	2.0
100	110	2.0
100	122	1.0
100	123	2.0
100	124	1.0
101	101	249.0
101	102	18.0
101	103	8.0
101	124	1.0
101	125	1.0
102	102	225.0
102	103	14.0
102	111	6.0
102	112	1.0
102	115	1.0
102	116	1.0
102	120	5.0
102	123	4.0
103	103	193.0
103	104	7.0
103	105	1.0
103	107	1.0
103	110	2.0
103	111	3.0
103	120	4.0
103	123	1.0
104	104	212.0
104	105	6.0
104	106	6.0
104	107	10.0
104	108	1.0
104	112	1.0
105	105	204.0
105	106	16.0
105	107	5.0
105	108	5.0
106	106	163.0
106	107	8.0
106	108	3.0
107	107	226.0
107	108	3.0
108	108	205.0
108	109	7.0
108	110	1.0
108	111	1.0
108	112	1.0
108	118	2.0
108	119	1.0
109	109	235.0
109	110	6.0
109	111	3.0
109	113	2.0
109	114	2.0
109	118	3.0
109	119	1.0
110	110	209.0
110	111	19.0
110	112	3.0
110	113	1.0
110	117	8.0
110	118	8.0
110	119	2.0
110	122	2.0
110	123	2.0
110	126	1.0
111	111	231.0
111	112	9.0
111	113	2.0
111	114	3.0
111	117	2.0
111	118	16.0
111	119	6.0
111	122	5.0
111	123	1.0
111	126	2.0
112	112	234.0
112	113	13.0
112	114	5.0
112	115	1.0
112	116	5.0
112	121	1.0
112	122	5.0
112	124	1.0
112	131	2.0
113	113	189.0
113	114	8.0
113	115	2.0
113	116	6.0
113	122	14.0
114	114	168.0
114	115	23.0
114	116	1.0
114	120	1.0
114	121	4.0
114	122	5.0
114	123	1.0
115	115	210.0
115	116	4.0
115	121	6.0
115	122	8.0
115	123	6.0
115	132	1.0
116	116	278.0
116	117	5.0
116	120	5.0
116	122	7.0
116	123	13.0
116	124	7.0
116	125	2.0
116	126	1.0
116	127	3.0
116	128	1.0
116	130	2.0
116	132	8.0
116	133	4.0
116	135	4.0
116	137	1.0
117	117	239.0
117	118	11.0
117	119	3.0
117	120	2.0
117	122	9.0
117	124	1.0
117	126	6.0
117	127	2.0
117	128	3.0
117	130	1.0
117	132	2.0
117	133	2.0
117	134	1.0
118	118	216.0
118	119	16.0
118	120	1.0
118	122	2.0
118	128	2.0
119	119	225.0
119	120	13.0
119	121	1.0
119	122	1.0
120	120	219.0
120	121	14.0
120	122	8.0
120	123	2.0
120	124	4.0
120	125	2.0
120	126	1.0
120	127	2.0
120	128	3.0
120	129	1.0
120	131	1.0
120	135	3.0
121	121	194.0
121	122	10.0
121	123	20.0
121	124	12.0
122	122	219.0
122	123	20.0
122	128	2.0
123	123	201.0
123	124	14.0
123	125	5.0
123	127	3.0
123	128	4.0
124	124	260.0
124	125	17.0
124	127	3.0
124	128	3.0
124	129	1.0
124	132	5.0
124	135	1.0
124	136	2.0
125	125	205.0
125	126	2.0
125	129	1.0
125	130	2.0
125	131	3.0
125	132	3.0
125	133	3.0
125	135	2.0
126	126	258.0
126	127	14.0
126	128	6.0
126	129	6.0
126	130	8.0
126	131	5.0
126	133	3.0
127	127	221.0
127	128	17.0
127	129	15.0
127	130	13.0
127	131	2.0
127	132	1.0
127	133	1.0
128	128	234.0
128	129	7.0
128	135	7.0
129	129	287.0
129	130	13.0
129	131	5.0
129	132	3.0
129	133	2.0
129	135	3.0
130	130	263.0
130	131	17.0
130	132	5.0
130	133	7.0
130	135	3.0
130	136	1.0
131	131	266.0
131	132	15.0
131	133	3.0
131	135	2.0
132	132	263.0
132	133	10.0
132	135	1.0
132	136	1.0
132	137	1.0
133	133	220.0
133	134	7.0
133	135	5.0
133	136	4.0
133	137	1.0
134	134	260.0
134	135	25.0
134	136	18.0
135	135	255.0
135	136	16.0
135	140	1.0
136	136	296.0
136	138	1.0
137	137	297.0
137	138	9.0
137	139	4.0
138	138	268.0
138	139	13.0
138	140	2.0
138	141	2.0
139	139	319.0
139	140	13.0
140	140	279.0
141	141	6.0
142	1	4.0
142	2	1.0
142	4	3.0
142	7	2.0
142	8	5.0
142	9	1.0
142	25	2.0
142	33	1.0
142	34	1.0
142	35	1.0
142	36	4.0
142	72	1.0
142	142	210.0
