1	1	536.0
1	2	7.0
1	3	5.0
1	4	9.0
1	5	4.0
1	6	4.0
1	7	2.0
1	8	3.0
1	9	1.0
1	29	1.0
1	46	3.0
1	47	5.0
1	48	2.0
1	51	1.0
1	52	3.0
1	53	2.0
1	73	1.0
1	104	1.0
1	106	2.0
1	107	1.0
1	108	1.0
1	109	1.0
1	110	3.0
1	111	5.0
1	112	2.0
1	114	12.0
1	117	2.0
1	131	1.0
1	132	1.0
2	2	636.0
2	3	14.0
2	4	13.0
2	5	11.0
2	6	5.0
2	8	4.0
2	9	9.0
2	20	1.0
2	46	10.0
2	47	10.0
2	50	2.0
2	52	5.0
2	53	1.0
2	57	1.0
2	64	2.0
2	78	1.0
2	83	1.0
2	88	1.0
2	92	1.0
2	96	4.0
2	104	1.0
2	106	7.0
2	107	4.0
2	112	1.0
2	113	1.0
2	114	4.0
2	117	1.0
2	119	2.0
2	120	4.0
2	121	1.0
2	122	2.0
2	123	5.0
2	124	7.0
2	125	1.0
2	131	1.0
2	132	6.0
3	3	595.0
3	4	7.0
3	5	13.0
3	6	5.0
3	7	15.0
3	8	8.0
3	9	5.0
3	29	1.0
3	31	1.0
3	32	1.0
3	46	3.0
3	47	9.0
3	48	2.0
3	53	1.0
3	68	1.0
3	70	1.0
3	71	1.0
3	85	1.0
3	90	2.0
3	99	1.0
3	105	3.0
3	106	6.0
3	107	4.0
3	108	1.0
3	109	2.0
3	111	1.0
3	114	2.0
3	117	1.0
3	118	3.0
3	119	2.0
3	120	2.0
3	123	7.0
3	124	6.0
3	131	4.0
3	132	6.0
4	4	573.0
4	5	13.0
4	6	3.0
4	7	7.0
4	8	6.0
4	13	1.0
4	19	1.0
4	32	1.0
4	41	1.0
4	47	3.0
4	49	2.0
4	74	1.0
4	92	1.0
4	96	1.0
4	99	1.0
4	100	1.0
4	104	2.0
4	105	2.0
4	107	2.0
4	109	1.0
4	111	1.0
4	114	6.0
4	117	2.0
4	118	1.0
4	119	4.0
4	120	4.0
4	121	2.0
4	122	2.0
4	123	12.0
4	124	6.0
4	125	2.0
4	131	2.0
4	132	2.0
5	5	553.0
5	6	19.0
5	7	15.0
5	8	5.0
5	9	3.0
5	45	1.0
5	46	1.0
5	47	5.0
5	48	5.0
5	52	1.0
5	53	3.0
5	59	1.0
5	84	1.0
5	90	1.0
5	105	4.0
5	106	1.0
5	107	1.0
5	108	2.0
5	109	1.0
5	110	3.0
5	111	4.0
5	113	1.0
5	114	15.0
5	115	1.0
5	116	2.0
5	118	3.0
5	119	2.0
5	121	1.0
5	122	3.0
5	123	3.0
5	124	6.0
5	131	2.0
5	132	2.0
6	6	580.0
6	7	15.0
6	8	5.0
6	9	1.0
6	10	1.0
6	12	1.0
6	22	1.0
6	25	1.0
6	26	1.0
6	31	2.0
6	43	1.0
6	47	1.0
6	48	2.0
6	52	1.0
6	53	3.0
6	75	1.0
6	104	1.0
6	110	1.0
6	114	1.0
6	115	4.0
6	116	1.0
6	118	1.0
6	120	7.0
6	121	9.0
6	122	2.0
6	124	1.0
6	125	1.0
7	7	429.0
7	8	15.0
7	9	6.0
7	10	2.0
7	27	1.0
7	46	1.0
7	47	1.0
7	48	2.0
7	52	1.0
7	77	1.0
7	104	4.0
7	105	2.0
7	107	1.0
7	109	1.0
7	114	1.0
7	118	1.0
7	120	1.0
7	122	2.0
7	123	6.0
7	124	5.0
7	125	3.0
7	131	1.0
8	8	430.0
8	9	4.0
8	47	1.0
8	48	3.0
8	53	1.0
8	54	2.0
8	67	1.0
8	71	1.0
8	90	1.0
8	96	1.0
8	105	2.0
8	106	1.0
8	109	1.0
8	110	1.0
8	111	2.0
8	114	4.0
8	115	1.0
8	117	1.0
8	123	5.0
8	124	2.0
8	132	2.0
9	9	410.0
9	10	13.0
9	12	3.0
9	31	5.0
9	33	1.0
9	46	4.0
9	47	3.0
9	78	1.0
9	88	1.0
9	90	2.0
9	91	3.0
9	92	2.0
9	93	2.0
9	94	1.0
9	96	6.0
9	104	3.0
9	105	4.0
9	113	1.0
9	123	3.0
9	124	3.0
9	125	2.0
9	129	1.0
9	132	2.0
10	10	458.0
10	12	5.0
10	13	6.0
10	14	3.0
10	16	3.0
10	17	3.0
10	19	4.0
10	20	3.0
10	21	5.0
10	22	7.0
10	23	6.0
10	24	3.0
10	25	1.0
10	27	1.0
10	28	3.0
10	32	1.0
10	34	1.0
10	43	2.0
10	44	4.0
10	46	3.0
10	47	2.0
10	48	1.0
10	55	1.0
10	57	1.0
10	67	3.0
10	74	2.0
10	78	1.0
10	89	4.0
10	91	1.0
10	92	2.0
10	94	5.0
10	95	4.0
10	101	1.0
10	105	1.0
10	122	1.0
10	123	2.0
10	124	1.0
10	129	1.0
10	132	5.0
11	11	519.0
11	12	28.0
11	13	7.0
11	14	4.0
11	15	1.0
11	16	11.0
11	18	2.0
11	19	3.0
11	20	6.0
11	21	1.0
11	22	7.0
11	23	1.0
11	24	12.0
11	25	1.0
11	28	1.0
11	29	1.0
11	31	1.0
11	32	4.0
11	33	1.0
11	34	1.0
11	40	1.0
11	43	13.0
11	45	9.0
11	46	2.0
11	57	2.0
11	61	2.0
11	62	3.0
11	68	1.0
11	69	2.0
11	78	2.0
11	79	1.0
11	84	1.0
11	89	7.0
11	94	3.0
11	95	3.0
11	96	3.0
11	98	3.0
11	99	2.0
11	100	1.0
11	105	1.0
12	12	519.0
12	13	9.0
12	14	4.0
12	16	1.0
12	19	3.0
12	20	10.0
12	21	8.0
12	22	10.0
12	23	1.0
12	24	10.0
12	25	2.0
12	26	1.0
12	28	2.0
12	31	1.0
12	32	1.0
12	33	1.0
12	41	1.0
12	43	3.0
12	46	11.0
12	47	1.0
12	57	1.0
12	78	2.0
12	82	2.0
12	86	1.0
12	92	2.0
12	93	2.0
12	94	6.0
12	95	4.0
12	96	14.0
12	97	1.0
12	98	1.0
12	104	2.0
12	108	2.0
12	121	1.0
12	131	1.0
13	13	558.0
13	14	8.0
13	16	1.0
13	17	3.0
13	19	3.0
13	20	3.0
13	21	2.0
13	22	4.0
13	23	1.0
13	25	2.0
13	27	2.0
13	31	1.0
13	32	1.0
13	43	6.0
13	44	6.0
13	45	7.0
13	46	2.0
13	57	1.0
13	60	5.0
13	61	1.0
13	64	1.0
13	88	2.0
13	89	7.0
13	90	2.0
13	91	1.0
13	92	1.0
13	94	4.0
13	95	1.0
13	96	2.0
13	98	1.0
13	99	2.0
13	100	1.0
13	103	1.0
13	105	1.0
13	115	1.0
14	14	557.0
14	15	5.0
14	16	1.0
14	19	7.0
14	20	2.0
14	21	1.0
14	24	2.0
14	25	2.0
14	27	6.0
14	41	1.0
14	42	2.0
14	43	3.0
14	45	10.0
14	46	2.0
14	54	2.0
14	56	2.0
14	57	8.0
14	58	2.0
14	60	4.0
14	61	2.0
14	69	1.0
14	73	2.0
14	74	2.0
14	78	3.0
14	94	8.0
14	97	1.0
14	98	1.0
14	99	4.0
14	111	1.0
14	113	1.0
14	118	1.0
14	121	1.0
15	15	512.0
15	16	6.0
15	18	10.0
15	19	4.0
15	20	3.0
15	21	4.0
15	22	1.0
15	24	1.0
15	25	4.0
15	26	3.0
15	27	11.0
15	28	2.0
15	41	1.0
15	43	2.0
15	44	2.0
15	45	2.0
15	54	1.0
15	55	2.0
15	56	8.0
15	57	15.0
15	58	4.0
15	61	1.0
15	63	1.0
15	68	1.0
15	69	1.0
15	73	2.0
15	74	2.0
15	78	6.0
15	80	1.0
15	83	1.0
15	95	1.0
15	97	2.0
15	98	8.0
15	99	4.0
15	101	1.0
15	120	1.0
16	16	484.0
16	17	12.0
16	18	3.0
16	19	9.0
16	20	9.0
16	21	2.0
16	22	1.0
16	23	6.0
16	24	6.0
16	25	2.0
16	26	1.0
16	27	1.0
16	28	6.0
16	29	1.0
16	32	2.0
16	33	1.0
16	34	1.0
16	38	1.0
16	41	1.0
16	42	3.0
16	43	1.0
16	56	2.0
16	57	4.0
16	58	5.0
16	59	11.0
16	60	5.0
16	61	2.0
16	62	5.0
16	63	7.0
16	65	2.0
16	66	1.0
16	69	6.0
16	70	3.0
16	73	1.0
16	74	1.0
16	75	7.0
16	76	4.0
16	77	2.0
16	78	3.0
16	79	3.0
16	88	1.0
16	97	1.0
16	99	3.0
17	17	509.0
17	18	10.0
17	19	8.0
17	20	2.0
17	23	1.0
17	28	6.0
17	32	3.0
17	33	2.0
17	34	2.0
17	39	1.0
17	41	6.0
17	43	2.0
17	45	1.0
17	51	1.0
17	57	2.0
17	58	4.0
17	59	9.0
17	60	9.0
17	61	1.0
17	62	5.0
17	63	1.0
17	68	2.0
17	69	6.0
17	70	5.0
17	75	2.0
17	77	1.0
17	78	3.0
17	79	2.0
17	80	1.0
17	89	1.0
17	91	1.0
17	96	2.0
17	97	3.0
17	98	4.0
17	114	1.0
17	125	1.0
17	127	1.0
18	18	529.0
18	19	8.0
18	20	16.0
18	21	5.0
18	22	2.0
18	43	1.0
18	44	5.0
18	45	2.0
18	55	1.0
18	58	2.0
18	59	5.0
18	60	1.0
18	61	5.0
18	67	1.0
18	70	1.0
18	72	4.0
18	73	3.0
18	74	2.0
18	75	5.0
18	78	1.0
18	79	7.0
18	80	2.0
18	81	5.0
18	101	1.0
19	19	457.0
19	20	26.0
19	21	1.0
19	23	5.0
19	24	2.0
19	25	4.0
19	26	1.0
19	27	1.0
19	28	1.0
19	33	1.0
19	34	1.0
19	44	2.0
19	45	1.0
19	55	3.0
19	56	4.0
19	61	2.0
19	63	1.0
19	68	1.0
19	70	1.0
19	72	4.0
19	73	1.0
19	74	8.0
19	75	2.0
19	79	1.0
19	80	1.0
19	81	1.0
19	99	3.0
19	100	1.0
19	120	1.0
19	124	1.0
20	20	498.0
20	21	13.0
20	22	6.0
20	23	10.0
20	24	7.0
20	25	1.0
20	27	1.0
20	33	2.0
20	40	3.0
20	43	6.0
20	44	4.0
20	45	2.0
20	54	1.0
20	57	1.0
20	61	1.0
20	69	1.0
20	74	4.0
20	75	2.0
20	79	2.0
20	81	3.0
20	82	1.0
20	94	1.0
20	95	1.0
20	97	1.0
20	101	2.0
20	126	1.0
20	132	1.0
21	21	473.0
21	22	16.0
21	23	10.0
21	24	15.0
21	25	2.0
21	26	6.0
21	27	2.0
21	34	1.0
21	43	2.0
21	44	24.0
21	45	2.0
21	61	2.0
21	75	1.0
21	81	3.0
21	82	8.0
21	83	2.0
21	84	5.0
21	85	3.0
21	94	8.0
21	99	3.0
21	100	4.0
21	101	1.0
21	126	1.0
22	22	511.0
22	23	6.0
22	24	9.0
22	25	4.0
22	26	1.0
22	27	2.0
22	28	3.0
22	31	1.0
22	32	3.0
22	33	1.0
22	34	2.0
22	40	3.0
22	43	1.0
22	44	9.0
22	45	1.0
22	53	1.0
22	54	5.0
22	56	1.0
22	61	2.0
22	69	1.0
22	71	2.0
22	72	1.0
22	77	1.0
22	78	1.0
22	81	4.0
22	82	5.0
22	83	1.0
22	84	1.0
22	85	3.0
22	88	1.0
22	89	1.0
22	93	2.0
22	94	8.0
22	95	4.0
22	100	3.0
22	101	1.0
22	126	1.0
22	129	2.0
22	132	2.0
23	23	509.0
23	24	24.0
23	25	5.0
23	26	4.0
23	27	5.0
23	28	1.0
23	33	4.0
23	34	2.0
23	40	1.0
23	54	1.0
23	55	1.0
23	65	1.0
23	66	2.0
23	72	1.0
23	73	14.0
23	77	1.0
23	79	3.0
23	81	3.0
23	98	1.0
23	100	2.0
23	102	1.0
24	24	522.0
24	25	7.0
24	26	4.0
24	27	1.0
24	28	3.0
24	31	1.0
24	32	1.0
24	33	5.0
24	34	3.0
24	40	4.0
24	54	1.0
24	55	4.0
24	61	1.0
24	71	1.0
24	72	2.0
24	73	13.0
24	79	3.0
24	80	1.0
24	81	5.0
24	91	1.0
24	95	1.0
24	106	1.0
25	25	485.0
25	26	26.0
25	27	5.0
25	29	1.0
25	32	1.0
25	44	1.0
25	47	1.0
25	49	1.0
25	54	13.0
25	55	13.0
25	56	5.0
25	57	2.0
25	60	1.0
25	61	1.0
25	64	1.0
25	66	3.0
25	72	1.0
25	73	6.0
25	74	2.0
25	81	11.0
25	82	3.0
25	94	1.0
25	95	1.0
25	96	1.0
25	104	2.0
26	26	487.0
26	27	2.0
26	28	2.0
26	40	3.0
26	44	2.0
26	45	1.0
26	54	10.0
26	55	4.0
26	56	2.0
26	57	1.0
26	65	2.0
26	66	2.0
26	73	4.0
26	79	1.0
26	81	2.0
26	82	3.0
26	83	1.0
26	95	1.0
26	99	1.0
26	105	1.0
26	115	1.0
26	116	1.0
26	125	1.0
26	131	2.0
27	27	515.0
27	28	3.0
27	32	2.0
27	33	3.0
27	40	13.0
27	41	1.0
27	45	4.0
27	46	2.0
27	54	2.0
27	55	3.0
27	56	4.0
27	57	9.0
27	58	9.0
27	59	1.0
27	60	3.0
27	63	2.0
27	64	3.0
27	66	1.0
27	69	4.0
27	70	1.0
27	72	1.0
27	77	8.0
27	78	2.0
27	79	5.0
27	80	4.0
27	81	2.0
27	82	8.0
27	83	1.0
27	85	2.0
27	88	1.0
27	94	1.0
27	98	4.0
27	99	1.0
27	117	1.0
27	131	1.0
28	28	483.0
28	29	8.0
28	30	5.0
28	31	18.0
28	32	7.0
28	33	8.0
28	34	6.0
28	38	1.0
28	39	1.0
28	40	10.0
28	41	3.0
28	42	2.0
28	43	2.0
28	46	5.0
28	58	2.0
28	59	5.0
28	60	2.0
28	63	5.0
28	70	1.0
28	75	11.0
28	76	7.0
28	77	14.0
28	79	2.0
28	82	3.0
28	96	1.0
28	97	2.0
28	98	1.0
28	131	1.0
29	29	518.0
29	30	15.0
29	31	15.0
29	32	13.0
29	33	5.0
29	34	3.0
29	38	2.0
29	40	12.0
29	42	2.0
29	43	1.0
29	50	1.0
29	72	1.0
29	76	3.0
29	97	1.0
29	102	3.0
29	104	1.0
29	105	2.0
29	108	1.0
29	131	1.0
30	30	548.0
30	31	5.0
30	32	1.0
30	33	10.0
30	34	1.0
30	38	11.0
30	39	19.0
30	40	9.0
30	41	1.0
30	42	2.0
30	64	1.0
30	74	1.0
30	76	4.0
30	77	3.0
30	85	1.0
30	86	1.0
30	100	1.0
30	102	1.0
30	104	2.0
30	106	2.0
30	121	1.0
30	128	1.0
30	130	3.0
30	131	2.0
31	31	462.0
31	32	28.0
31	33	9.0
31	34	4.0
31	38	1.0
31	39	7.0
31	40	14.0
31	41	4.0
31	42	11.0
31	50	1.0
31	57	1.0
31	62	1.0
31	63	2.0
31	64	5.0
31	65	2.0
31	69	1.0
31	70	1.0
31	76	13.0
31	77	4.0
31	96	1.0
31	108	2.0
31	113	1.0
31	114	1.0
31	125	1.0
32	32	477.0
32	33	13.0
32	39	5.0
32	40	9.0
32	41	3.0
32	42	10.0
32	56	1.0
32	60	1.0
32	62	4.0
32	64	4.0
32	65	1.0
32	69	1.0
32	72	1.0
32	76	8.0
32	77	1.0
32	78	1.0
32	82	1.0
32	92	1.0
32	97	1.0
32	99	1.0
32	111	1.0
32	123	1.0
33	33	496.0
33	34	11.0
33	37	1.0
33	38	8.0
33	39	6.0
33	40	20.0
33	41	2.0
33	43	2.0
33	44	1.0
33	64	7.0
33	77	4.0
33	94	1.0
33	115	2.0
33	125	1.0
33	131	1.0
33	132	1.0
34	34	503.0
34	37	1.0
34	38	8.0
34	39	5.0
34	40	8.0
34	44	1.0
34	50	1.0
34	57	1.0
34	58	1.0
34	64	4.0
34	77	1.0
34	126	1.0
37	37	65.0
37	126	2.0
38	38	590.0
38	39	8.0
38	54	1.0
38	76	6.0
38	77	4.0
38	92	1.0
38	100	1.0
38	102	2.0
38	118	1.0
38	126	2.0
38	130	2.0
38	131	3.0
39	39	534.0
39	40	10.0
39	42	2.0
39	64	2.0
39	76	3.0
39	77	3.0
39	87	1.0
39	126	10.0
39	128	8.0
39	129	3.0
39	130	10.0
39	131	1.0
40	40	507.0
40	41	9.0
40	42	10.0
40	43	3.0
40	44	1.0
40	59	1.0
40	60	1.0
40	61	1.0
40	63	2.0
40	64	7.0
40	75	1.0
40	76	10.0
40	77	7.0
40	80	3.0
40	82	1.0
40	83	1.0
40	86	1.0
40	89	1.0
40	92	1.0
40	96	1.0
40	104	1.0
40	131	3.0
41	41	472.0
41	42	8.0
41	43	14.0
41	44	3.0
41	45	6.0
41	46	1.0
41	57	2.0
41	58	1.0
41	59	2.0
41	60	11.0
41	61	5.0
41	62	1.0
41	63	1.0
41	68	1.0
41	69	1.0
41	70	6.0
41	71	4.0
41	72	1.0
41	74	6.0
41	75	10.0
41	76	2.0
41	77	1.0
41	78	8.0
41	79	3.0
41	80	3.0
41	84	1.0
41	85	1.0
41	94	2.0
41	97	3.0
41	98	2.0
41	99	7.0
41	100	6.0
41	101	8.0
41	102	3.0
41	103	1.0
41	105	1.0
42	42	501.0
42	43	1.0
42	44	2.0
42	46	5.0
42	59	2.0
42	60	5.0
42	62	3.0
42	63	3.0
42	64	2.0
42	67	1.0
42	69	6.0
42	70	7.0
42	71	2.0
42	72	1.0
42	73	2.0
42	74	1.0
42	75	11.0
42	76	9.0
42	77	1.0
42	78	8.0
42	85	7.0
42	88	2.0
42	90	1.0
42	92	1.0
42	95	1.0
42	97	1.0
42	98	8.0
42	100	17.0
42	101	13.0
42	102	14.0
42	103	3.0
42	105	4.0
42	115	1.0
42	116	2.0
42	117	1.0
42	118	1.0
43	43	515.0
43	44	13.0
43	45	4.0
43	46	1.0
43	58	1.0
43	59	1.0
43	60	5.0
43	61	5.0
43	62	2.0
43	63	1.0
43	70	10.0
43	71	11.0
43	74	2.0
43	75	4.0
43	76	8.0
43	77	4.0
43	78	3.0
43	79	3.0
43	80	1.0
43	85	3.0
43	88	1.0
43	89	1.0
43	94	3.0
43	96	12.0
43	97	1.0
43	98	4.0
43	99	5.0
43	100	2.0
43	101	2.0
43	105	1.0
43	118	1.0
43	128	1.0
44	44	501.0
44	45	14.0
44	46	1.0
44	58	2.0
44	59	1.0
44	61	6.0
44	62	1.0
44	63	1.0
44	68	1.0
44	70	11.0
44	71	5.0
44	72	2.0
44	73	1.0
44	74	2.0
44	76	6.0
44	78	2.0
44	79	2.0
44	80	1.0
44	84	1.0
44	89	2.0
44	90	1.0
44	93	1.0
44	94	4.0
44	95	1.0
44	99	1.0
44	100	2.0
44	101	1.0
44	111	1.0
44	116	1.0
44	117	2.0
44	118	2.0
44	127	1.0
45	45	543.0
45	46	8.0
45	54	1.0
45	56	1.0
45	57	5.0
45	58	2.0
45	59	3.0
45	60	1.0
45	61	5.0
45	62	1.0
45	63	1.0
45	66	1.0
45	67	1.0
45	68	2.0
45	70	2.0
45	71	4.0
45	72	8.0
45	74	2.0
45	75	2.0
45	76	1.0
45	78	2.0
45	79	1.0
45	80	1.0
45	81	1.0
45	82	1.0
45	84	1.0
45	85	3.0
45	88	1.0
45	90	1.0
45	94	2.0
45	95	2.0
45	96	4.0
45	97	5.0
45	98	3.0
45	99	4.0
45	105	1.0
45	117	2.0
45	118	6.0
45	123	1.0
45	133	2.0
46	46	518.0
46	47	9.0
46	51	3.0
46	53	1.0
46	57	4.0
46	69	1.0
46	70	6.0
46	72	6.0
46	73	1.0
46	76	1.0
46	78	10.0
46	87	1.0
46	89	2.0
46	90	2.0
46	91	1.0
46	92	2.0
46	93	1.0
46	94	2.0
46	95	4.0
46	96	3.0
46	97	2.0
46	98	3.0
46	99	2.0
46	100	1.0
46	102	3.0
46	104	1.0
46	106	1.0
46	108	4.0
46	109	5.0
46	110	2.0
46	111	1.0
46	112	1.0
46	113	2.0
46	115	1.0
46	116	4.0
46	117	1.0
46	118	5.0
46	119	1.0
46	120	2.0
46	123	1.0
46	130	1.0
46	131	3.0
46	132	4.0
46	133	1.0
47	47	503.0
47	48	7.0
47	49	1.0
47	50	2.0
47	51	9.0
47	52	3.0
47	53	1.0
47	58	1.0
47	104	2.0
47	105	5.0
47	106	4.0
47	107	3.0
47	108	6.0
47	109	10.0
47	110	4.0
47	111	3.0
47	112	2.0
47	113	6.0
47	114	2.0
47	115	2.0
47	116	7.0
47	117	1.0
47	118	1.0
47	120	1.0
47	122	1.0
47	123	5.0
47	124	7.0
47	131	1.0
47	132	2.0
48	48	578.0
48	49	8.0
48	50	2.0
48	51	13.0
48	52	13.0
48	66	1.0
48	93	1.0
48	98	2.0
48	102	1.0
48	104	4.0
48	105	7.0
48	106	3.0
48	107	6.0
48	108	2.0
48	109	3.0
48	111	7.0
48	112	2.0
48	114	8.0
48	118	1.0
48	120	1.0
48	122	11.0
48	123	15.0
48	124	15.0
48	125	2.0
48	131	2.0
48	132	5.0
48	133	9.0
49	49	508.0
49	50	21.0
49	51	12.0
49	52	2.0
49	67	1.0
49	104	2.0
49	107	3.0
49	112	1.0
49	119	2.0
49	120	1.0
49	121	12.0
49	122	5.0
49	123	3.0
49	124	4.0
49	125	1.0
49	131	2.0
49	133	3.0
50	50	525.0
50	51	22.0
50	54	1.0
50	102	1.0
50	106	1.0
50	107	2.0
50	112	1.0
50	113	1.0
50	116	3.0
50	118	1.0
50	120	5.0
50	121	18.0
50	122	4.0
50	124	1.0
50	132	1.0
50	133	3.0
51	51	510.0
51	52	8.0
51	54	1.0
51	92	1.0
51	102	1.0
51	105	2.0
51	106	7.0
51	107	9.0
51	109	2.0
51	111	4.0
51	112	6.0
51	113	4.0
51	114	1.0
51	119	1.0
51	120	2.0
51	121	9.0
51	124	1.0
51	131	2.0
51	132	5.0
51	133	5.0
52	52	633.0
52	53	1.0
52	56	2.0
52	83	1.0
52	106	3.0
52	107	6.0
52	109	1.0
52	110	3.0
52	111	12.0
52	112	4.0
52	113	6.0
52	114	6.0
52	115	2.0
52	120	2.0
52	123	1.0
52	124	3.0
52	131	3.0
52	132	2.0
53	53	561.0
53	54	6.0
53	57	4.0
53	58	1.0
53	59	1.0
53	85	1.0
53	94	1.0
53	95	1.0
53	98	1.0
53	102	1.0
53	105	3.0
53	106	8.0
53	107	1.0
53	108	7.0
53	109	7.0
53	110	9.0
53	111	8.0
53	112	6.0
53	113	12.0
53	114	6.0
53	115	13.0
53	116	7.0
53	117	1.0
53	119	3.0
53	120	8.0
53	121	1.0
53	122	1.0
53	123	1.0
53	131	1.0
54	54	584.0
54	55	2.0
54	56	4.0
54	57	8.0
54	58	3.0
54	66	1.0
54	69	1.0
54	73	2.0
54	79	1.0
54	83	1.0
54	93	3.0
54	104	1.0
54	105	1.0
54	106	3.0
54	113	1.0
54	121	1.0
55	55	429.0
55	56	5.0
55	57	1.0
55	66	2.0
55	73	4.0
55	74	1.0
55	88	1.0
55	95	3.0
55	120	1.0
55	129	1.0
56	56	498.0
56	57	12.0
56	58	6.0
56	61	2.0
56	66	4.0
56	67	1.0
56	69	1.0
56	72	1.0
56	73	2.0
56	94	1.0
56	95	2.0
56	96	1.0
56	100	1.0
56	103	1.0
57	57	545.0
57	58	9.0
57	63	2.0
57	66	5.0
57	67	4.0
57	68	2.0
57	69	2.0
57	70	1.0
57	73	3.0
57	76	1.0
57	78	3.0
57	88	1.0
57	89	1.0
57	94	2.0
57	97	1.0
57	98	2.0
57	99	7.0
57	105	1.0
57	108	1.0
57	123	3.0
57	132	1.0
58	58	537.0
58	59	5.0
58	60	11.0
58	61	3.0
58	62	5.0
58	63	4.0
58	65	4.0
58	66	4.0
58	67	8.0
58	68	4.0
58	69	3.0
58	70	4.0
58	71	4.0
58	72	3.0
58	74	1.0
58	75	2.0
58	78	2.0
58	79	2.0
58	80	12.0
58	84	1.0
58	89	1.0
58	93	1.0
58	94	3.0
58	95	6.0
58	96	1.0
58	97	10.0
58	99	8.0
58	105	1.0
58	114	1.0
58	117	1.0
58	118	2.0
58	122	2.0
58	128	1.0
59	59	489.0
59	60	2.0
59	61	3.0
59	62	6.0
59	63	3.0
59	65	2.0
59	67	5.0
59	68	4.0
59	69	1.0
59	70	10.0
59	71	7.0
59	72	2.0
59	75	2.0
59	76	3.0
59	77	1.0
59	78	1.0
59	79	3.0
59	80	4.0
59	82	1.0
59	84	1.0
59	85	2.0
59	97	3.0
59	99	3.0
59	117	1.0
59	118	1.0
60	60	510.0
60	61	8.0
60	62	3.0
60	63	1.0
60	70	1.0
60	75	7.0
60	76	1.0
60	78	1.0
60	79	5.0
60	80	5.0
60	81	2.0
60	84	6.0
60	85	1.0
60	96	1.0
60	97	1.0
60	98	3.0
60	99	8.0
61	61	504.0
61	62	16.0
61	72	3.0
61	73	1.0
61	74	1.0
61	75	3.0
61	78	2.0
61	79	1.0
61	81	2.0
61	84	4.0
61	95	1.0
61	99	9.0
61	117	1.0
61	130	1.0
62	62	459.0
62	63	15.0
62	65	1.0
62	66	2.0
62	67	2.0
62	68	8.0
62	69	5.0
62	70	12.0
62	75	7.0
62	76	4.0
62	78	3.0
62	80	2.0
62	81	1.0
62	84	1.0
62	95	3.0
62	96	1.0
62	97	4.0
62	98	4.0
62	99	3.0
62	117	2.0
62	118	1.0
62	121	1.0
63	63	519.0
63	64	2.0
63	65	1.0
63	66	7.0
63	67	8.0
63	68	14.0
63	69	8.0
63	70	3.0
63	71	3.0
63	73	1.0
63	75	8.0
63	77	4.0
63	78	4.0
63	80	8.0
63	85	1.0
63	94	1.0
63	95	2.0
63	96	1.0
63	97	19.0
63	98	5.0
63	99	1.0
63	101	1.0
63	104	1.0
63	106	1.0
63	117	1.0
63	118	2.0
64	64	449.0
64	65	13.0
64	66	3.0
64	67	1.0
64	68	2.0
64	73	1.0
64	90	1.0
64	91	1.0
64	95	1.0
64	97	5.0
65	65	480.0
65	66	10.0
65	67	15.0
65	68	15.0
65	69	1.0
65	70	8.0
65	71	11.0
65	72	5.0
65	74	1.0
65	79	4.0
65	80	4.0
65	81	2.0
65	82	1.0
65	97	1.0
65	109	1.0
65	116	1.0
65	127	1.0
66	66	468.0
66	67	10.0
66	68	4.0
66	69	2.0
66	72	1.0
66	73	5.0
66	74	6.0
66	79	2.0
66	80	8.0
66	81	3.0
66	95	4.0
66	96	1.0
66	97	7.0
66	99	1.0
66	109	1.0
66	112	1.0
66	127	1.0
67	67	540.0
67	68	27.0
67	69	2.0
67	70	8.0
67	71	8.0
67	72	3.0
67	74	6.0
67	75	1.0
67	78	2.0
67	79	6.0
67	80	14.0
67	93	1.0
67	94	3.0
67	95	3.0
67	96	1.0
67	97	4.0
67	99	2.0
68	68	522.0
68	69	8.0
68	70	5.0
68	71	6.0
68	72	7.0
68	73	1.0
68	74	8.0
68	75	3.0
68	76	1.0
68	78	2.0
68	79	3.0
68	80	6.0
68	81	4.0
68	93	4.0
68	94	4.0
68	95	11.0
68	96	3.0
68	97	3.0
68	98	1.0
68	99	4.0
68	101	1.0
68	117	10.0
68	118	2.0
69	69	504.0
69	70	8.0
69	71	1.0
69	72	1.0
69	74	6.0
69	75	4.0
69	78	5.0
69	80	5.0
69	87	1.0
69	93	17.0
69	94	13.0
69	95	4.0
69	97	8.0
69	98	2.0
69	99	2.0
69	100	3.0
69	101	2.0
69	116	1.0
69	118	1.0
69	131	1.0
69	132	1.0
69	133	3.0
70	70	478.0
70	71	22.0
70	72	22.0
70	73	1.0
70	74	1.0
70	75	2.0
70	76	3.0
70	77	1.0
70	78	9.0
70	79	7.0
70	80	1.0
70	91	1.0
70	97	2.0
70	98	6.0
70	99	2.0
70	101	6.0
70	102	1.0
70	106	1.0
70	117	1.0
70	118	2.0
70	119	1.0
71	71	514.0
71	72	8.0
71	74	1.0
71	75	2.0
71	76	5.0
71	78	4.0
71	79	4.0
71	80	4.0
71	84	1.0
71	85	3.0
71	96	5.0
71	97	3.0
71	101	1.0
71	117	4.0
71	118	9.0
72	72	549.0
72	73	9.0
72	74	8.0
72	75	6.0
72	77	1.0
72	78	2.0
72	79	11.0
72	80	10.0
72	81	3.0
72	85	2.0
72	94	1.0
72	95	1.0
72	96	5.0
72	97	2.0
72	98	6.0
72	99	1.0
72	116	1.0
72	117	3.0
72	118	4.0
72	125	1.0
73	73	456.0
73	74	6.0
73	75	5.0
73	78	1.0
73	79	2.0
73	81	5.0
73	83	1.0
73	94	4.0
73	95	6.0
73	96	9.0
73	97	7.0
73	98	6.0
73	117	1.0
73	118	2.0
74	74	457.0
74	75	10.0
74	78	1.0
74	79	1.0
74	80	1.0
74	81	14.0
74	82	1.0
74	93	2.0
74	94	7.0
74	96	4.0
74	97	1.0
74	98	8.0
74	101	2.0
74	117	4.0
74	118	2.0
75	75	507.0
75	76	11.0
75	77	7.0
75	78	16.0
75	79	3.0
75	80	1.0
75	81	1.0
75	85	4.0
75	91	2.0
75	94	3.0
75	96	1.0
75	97	6.0
75	98	9.0
75	99	1.0
75	100	1.0
75	101	5.0
75	117	3.0
75	118	1.0
75	119	1.0
76	76	463.0
76	77	15.0
76	78	8.0
76	79	2.0
76	86	1.0
76	97	7.0
76	98	2.0
76	102	1.0
76	119	1.0
76	124	1.0
77	77	465.0
77	78	2.0
77	79	3.0
77	82	1.0
77	97	8.0
77	98	9.0
77	103	1.0
77	124	1.0
77	130	1.0
78	78	476.0
78	79	6.0
78	80	3.0
78	85	4.0
78	97	7.0
78	98	7.0
78	99	4.0
78	101	3.0
78	102	7.0
78	103	8.0
78	113	1.0
78	117	1.0
78	119	1.0
78	131	1.0
79	79	497.0
79	80	12.0
79	81	4.0
79	82	3.0
79	84	4.0
79	85	1.0
79	102	1.0
79	114	1.0
79	128	2.0
80	80	480.0
80	81	8.0
80	85	1.0
80	95	1.0
80	96	2.0
80	97	3.0
80	99	2.0
80	105	1.0
80	117	1.0
80	118	1.0
80	119	1.0
81	81	474.0
81	82	16.0
81	83	1.0
81	84	1.0
82	82	492.0
82	83	5.0
82	84	4.0
82	87	2.0
82	94	2.0
82	100	4.0
82	103	1.0
82	107	1.0
82	108	1.0
82	129	2.0
83	83	501.0
83	84	16.0
83	86	1.0
83	89	1.0
83	93	3.0
83	94	4.0
83	95	2.0
83	100	10.0
83	101	8.0
83	103	1.0
83	131	1.0
84	84	454.0
84	85	13.0
84	86	16.0
84	87	2.0
84	91	2.0
84	93	1.0
84	94	2.0
84	100	3.0
84	101	13.0
84	129	1.0
84	130	1.0
85	85	493.0
85	86	25.0
85	87	13.0
85	88	4.0
85	89	1.0
85	90	5.0
85	91	6.0
85	93	7.0
85	94	4.0
85	95	2.0
85	97	1.0
85	99	4.0
85	100	7.0
85	101	13.0
85	102	6.0
85	103	10.0
85	104	2.0
85	105	3.0
85	106	1.0
85	114	1.0
85	117	2.0
85	118	1.0
85	128	1.0
85	130	1.0
85	131	3.0
85	133	1.0
86	86	440.0
86	87	28.0
86	88	10.0
86	90	1.0
86	91	2.0
86	93	3.0
86	94	5.0
86	99	2.0
86	101	9.0
86	102	1.0
86	109	1.0
86	128	2.0
86	129	1.0
86	130	3.0
86	131	10.0
86	132	2.0
86	133	2.0
87	87	431.0
87	88	17.0
87	89	11.0
87	90	1.0
87	91	21.0
87	92	12.0
87	93	10.0
87	94	1.0
87	95	1.0
87	99	1.0
87	100	1.0
87	102	2.0
87	103	4.0
87	122	1.0
87	125	2.0
87	131	4.0
88	88	488.0
88	89	12.0
88	90	15.0
88	91	5.0
88	92	2.0
88	93	11.0
88	94	8.0
88	95	2.0
88	99	1.0
88	100	4.0
88	101	1.0
88	103	1.0
88	128	2.0
88	129	4.0
88	131	6.0
88	132	4.0
89	89	476.0
89	90	16.0
89	91	7.0
89	92	1.0
89	93	8.0
89	94	3.0
89	95	18.0
89	96	2.0
89	99	1.0
89	100	1.0
89	102	1.0
89	109	1.0
89	132	1.0
90	90	539.0
90	91	2.0
90	92	3.0
90	93	4.0
90	94	3.0
90	95	4.0
90	96	1.0
90	99	5.0
90	100	2.0
90	101	1.0
90	104	1.0
90	107	1.0
90	129	1.0
91	91	517.0
91	92	26.0
91	93	15.0
91	94	2.0
91	95	1.0
91	99	1.0
91	100	1.0
91	105	1.0
91	114	1.0
91	123	1.0
91	131	2.0
91	132	2.0
92	92	473.0
92	93	1.0
92	105	3.0
92	115	1.0
92	124	1.0
92	129	1.0
92	132	2.0
92	133	1.0
93	93	513.0
93	94	18.0
93	95	8.0
93	96	1.0
93	98	3.0
93	100	3.0
93	101	4.0
93	102	4.0
93	116	2.0
93	125	1.0
93	127	1.0
93	129	2.0
93	130	2.0
93	131	8.0
93	132	9.0
94	94	513.0
94	95	11.0
94	96	4.0
94	97	2.0
94	98	7.0
94	99	4.0
94	100	8.0
94	101	1.0
94	102	1.0
94	115	1.0
94	117	2.0
94	118	1.0
94	124	1.0
94	133	1.0
95	95	485.0
95	96	7.0
95	97	5.0
95	98	1.0
95	100	7.0
95	101	1.0
95	102	1.0
95	104	2.0
95	109	1.0
95	117	3.0
95	118	1.0
95	129	1.0
95	131	4.0
96	96	495.0
96	97	5.0
96	98	10.0
96	99	3.0
96	117	4.0
96	118	3.0
96	122	1.0
97	97	524.0
97	98	14.0
97	99	1.0
97	101	4.0
97	117	6.0
97	118	2.0
98	98	536.0
98	99	5.0
98	101	6.0
98	105	3.0
98	114	1.0
98	116	1.0
98	118	4.0
98	127	1.0
98	131	2.0
99	99	553.0
99	100	15.0
99	101	7.0
99	102	1.0
99	103	9.0
99	104	4.0
99	131	1.0
100	100	495.0
100	101	22.0
100	102	7.0
100	103	2.0
100	104	3.0
100	105	4.0
100	123	1.0
100	129	3.0
100	130	1.0
100	131	4.0
100	132	1.0
101	101	528.0
101	102	4.0
101	103	5.0
101	104	1.0
101	105	1.0
101	110	1.0
101	129	1.0
101	130	7.0
101	131	4.0
101	133	5.0
102	102	545.0
102	103	19.0
102	104	8.0
102	105	5.0
102	125	1.0
102	126	1.0
102	128	1.0
102	129	6.0
102	130	5.0
102	131	11.0
102	132	8.0
102	133	7.0
103	103	525.0
103	104	6.0
103	105	5.0
103	108	1.0
103	122	1.0
103	125	3.0
103	126	4.0
103	127	1.0
103	131	1.0
103	133	1.0
104	104	525.0
104	105	26.0
104	106	4.0
104	122	6.0
104	123	9.0
104	124	6.0
104	125	7.0
104	126	3.0
104	129	1.0
104	131	1.0
104	132	7.0
104	133	2.0
105	105	507.0
105	106	15.0
105	107	7.0
105	108	4.0
105	109	4.0
105	110	3.0
105	111	3.0
105	112	3.0
105	113	4.0
105	114	2.0
105	115	1.0
105	117	3.0
105	118	1.0
105	119	2.0
105	120	6.0
105	122	2.0
105	123	8.0
105	124	7.0
105	125	6.0
105	129	1.0
105	130	1.0
105	131	1.0
105	132	9.0
105	133	3.0
106	106	559.0
106	107	11.0
106	108	20.0
106	109	10.0
106	110	7.0
106	111	2.0
106	112	7.0
106	113	18.0
106	114	6.0
106	115	1.0
106	117	1.0
106	118	4.0
106	120	2.0
106	123	3.0
106	124	7.0
106	125	1.0
106	131	6.0
106	132	7.0
106	133	2.0
107	107	552.0
107	108	10.0
107	109	16.0
107	110	7.0
107	111	10.0
107	112	9.0
107	113	8.0
107	114	7.0
107	118	4.0
107	119	3.0
107	123	1.0
107	124	1.0
107	125	1.0
107	129	1.0
107	131	5.0
107	132	13.0
107	133	2.0
108	108	597.0
108	109	28.0
108	110	5.0
108	111	4.0
108	112	5.0
108	113	14.0
108	114	9.0
108	115	3.0
108	116	13.0
108	117	3.0
108	118	1.0
108	119	3.0
108	120	4.0
108	122	1.0
108	131	4.0
108	132	7.0
108	133	1.0
109	109	509.0
109	110	5.0
109	111	3.0
109	112	3.0
109	113	9.0
109	114	6.0
109	115	4.0
109	116	3.0
109	117	1.0
109	119	1.0
109	120	1.0
109	131	2.0
109	132	1.0
109	133	2.0
110	110	540.0
110	111	12.0
110	112	14.0
110	113	10.0
110	114	7.0
110	115	7.0
110	116	1.0
110	117	2.0
110	119	4.0
110	132	1.0
111	111	524.0
111	112	10.0
111	114	10.0
111	115	9.0
111	116	1.0
111	117	2.0
111	119	9.0
111	120	9.0
111	121	1.0
111	122	1.0
111	124	2.0
111	131	1.0
111	133	2.0
112	112	538.0
112	113	11.0
112	114	5.0
112	115	1.0
112	116	1.0
112	119	1.0
112	120	9.0
112	123	1.0
112	131	2.0
112	133	6.0
113	113	604.0
113	114	9.0
113	115	2.0
113	116	10.0
113	117	3.0
113	118	2.0
113	119	3.0
113	120	1.0
113	122	2.0
113	123	5.0
113	125	1.0
113	131	10.0
113	132	5.0
113	133	1.0
114	114	577.0
114	115	6.0
114	116	6.0
114	117	5.0
114	118	1.0
114	119	2.0
114	120	6.0
114	123	3.0
114	124	1.0
114	131	3.0
114	132	2.0
114	133	1.0
115	115	542.0
115	116	13.0
115	117	6.0
115	118	1.0
115	119	2.0
115	120	3.0
115	121	5.0
115	122	1.0
115	123	1.0
116	116	497.0
116	117	17.0
116	118	9.0
116	119	7.0
116	121	2.0
116	125	1.0
117	117	546.0
117	118	9.0
117	119	8.0
117	120	2.0
117	132	1.0
118	118	565.0
118	119	13.0
118	123	1.0
118	124	1.0
118	131	1.0
118	132	2.0
119	119	566.0
119	120	13.0
119	122	4.0
119	123	1.0
119	124	1.0
119	131	5.0
119	133	2.0
120	120	503.0
120	121	15.0
120	122	1.0
120	123	2.0
120	124	3.0
120	125	2.0
120	132	1.0
121	121	549.0
121	122	7.0
121	123	4.0
121	124	4.0
122	122	515.0
122	123	14.0
122	124	8.0
122	125	2.0
122	132	1.0
123	123	528.0
123	124	20.0
123	125	5.0
123	131	1.0
123	132	11.0
124	124	582.0
124	125	6.0
124	131	5.0
124	132	18.0
124	133	1.0
125	125	520.0
125	126	3.0
125	127	7.0
125	128	6.0
125	130	2.0
125	132	7.0
125	133	1.0
126	126	587.0
126	127	11.0
126	128	2.0
126	129	6.0
126	130	18.0
126	131	1.0
127	127	533.0
127	128	5.0
127	129	1.0
127	130	2.0
128	128	588.0
128	129	7.0
128	130	13.0
128	131	4.0
129	129	560.0
129	130	19.0
129	131	6.0
129	132	1.0
129	133	8.0
130	130	580.0
130	131	8.0
130	133	8.0
131	131	560.0
131	132	11.0
131	133	5.0
132	132	531.0
132	133	4.0
133	133	376.0
134	1	8.0
134	2	1.0
134	5	1.0
134	10	1.0
134	11	1.0
134	16	3.0
134	17	2.0
134	28	1.0
134	31	1.0
134	32	5.0
134	39	10.0
134	40	1.0
134	46	3.0
134	47	4.0
134	48	1.0
134	49	4.0
134	50	1.0
134	51	2.0
134	53	3.0
134	56	1.0
134	57	3.0
134	59	1.0
134	62	1.0
134	63	4.0
134	75	1.0
134	76	2.0
134	78	1.0
134	88	1.0
134	97	2.0
134	107	1.0
134	109	5.0
134	110	4.0
134	111	6.0
134	112	4.0
134	114	2.0
134	116	2.0
134	120	1.0
134	121	1.0
134	133	1.0
134	134	464.0
