1	1	725.0
1	2	9.0
1	4	3.0
1	5	8.0
1	6	4.0
1	14	1.0
1	16	4.0
1	17	4.0
1	25	1.0
1	38	2.0
1	39	1.0
1	40	10.0
1	41	14.0
1	42	6.0
1	43	2.0
1	44	4.0
1	45	1.0
1	52	1.0
1	57	1.0
1	62	1.0
1	74	1.0
1	76	7.0
1	78	7.0
1	79	4.0
1	80	1.0
2	2	641.0
2	3	30.0
2	4	21.0
2	5	16.0
2	6	3.0
2	8	19.0
2	16	2.0
2	18	1.0
2	20	1.0
2	26	1.0
2	30	1.0
2	33	1.0
2	34	1.0
2	43	6.0
2	44	12.0
2	57	1.0
3	3	653.0
3	4	38.0
3	5	14.0
3	6	3.0
3	7	9.0
3	8	3.0
3	11	1.0
3	19	1.0
3	21	1.0
3	26	3.0
3	28	1.0
3	38	1.0
3	43	1.0
3	48	1.0
4	4	644.0
4	5	6.0
4	7	10.0
4	8	9.0
4	13	1.0
4	16	1.0
4	26	3.0
4	27	3.0
4	29	1.0
4	30	1.0
4	33	2.0
4	35	3.0
4	42	11.0
4	43	3.0
4	44	1.0
4	56	1.0
4	67	1.0
5	5	709.0
5	6	18.0
5	7	4.0
5	8	1.0
5	11	1.0
5	26	1.0
5	35	1.0
5	43	12.0
5	44	5.0
5	55	1.0
5	58	1.0
5	65	1.0
5	71	1.0
5	74	1.0
5	78	4.0
5	80	2.0
6	6	637.0
6	7	11.0
6	11	3.0
6	26	1.0
6	27	1.0
6	29	1.0
6	37	2.0
6	38	7.0
6	39	8.0
6	40	5.0
6	42	1.0
6	43	1.0
6	48	1.0
6	57	2.0
6	62	1.0
6	64	1.0
6	65	1.0
6	70	2.0
6	79	1.0
7	7	703.0
7	8	32.0
7	14	1.0
7	16	1.0
7	27	9.0
7	29	2.0
7	30	4.0
7	35	3.0
7	37	1.0
7	38	5.0
7	39	14.0
7	40	8.0
7	41	2.0
7	42	1.0
7	43	1.0
7	46	1.0
7	55	2.0
7	56	6.0
7	57	7.0
7	62	1.0
7	63	1.0
7	66	1.0
7	74	2.0
8	8	730.0
8	9	6.0
8	13	1.0
8	14	1.0
8	16	6.0
8	17	2.0
8	19	1.0
8	20	1.0
8	27	12.0
8	28	2.0
8	29	2.0
8	30	2.0
8	32	4.0
8	34	2.0
8	35	8.0
8	36	2.0
8	40	6.0
8	45	2.0
8	46	1.0
8	47	1.0
8	55	6.0
8	56	31.0
8	57	7.0
8	59	2.0
8	65	2.0
8	72	1.0
9	9	629.0
9	10	44.0
9	11	6.0
9	12	1.0
9	13	1.0
9	14	7.0
9	16	1.0
9	17	4.0
9	28	1.0
9	35	4.0
9	37	6.0
9	38	7.0
9	39	3.0
9	40	1.0
9	42	1.0
9	56	1.0
9	64	16.0
9	65	7.0
9	66	11.0
9	67	5.0
9	69	2.0
9	70	2.0
9	74	1.0
9	76	1.0
9	80	1.0
10	10	562.0
10	11	13.0
10	12	1.0
10	13	8.0
10	14	7.0
10	15	1.0
10	19	2.0
10	36	12.0
10	37	4.0
10	38	2.0
10	39	2.0
10	51	1.0
10	52	1.0
10	63	13.0
10	64	8.0
10	65	1.0
10	66	13.0
10	67	8.0
10	69	6.0
10	70	6.0
10	75	1.0
11	11	624.0
11	12	31.0
11	13	8.0
11	14	4.0
11	26	6.0
11	36	2.0
11	37	1.0
11	38	3.0
11	39	5.0
11	42	1.0
11	49	1.0
11	52	2.0
11	63	3.0
11	64	6.0
11	65	2.0
11	66	1.0
11	69	2.0
11	70	5.0
12	12	630.0
12	13	8.0
12	15	17.0
12	21	2.0
12	26	3.0
12	35	1.0
12	38	2.0
12	39	1.0
12	41	1.0
12	59	1.0
12	62	1.0
12	63	3.0
12	64	4.0
12	65	4.0
12	66	1.0
12	68	1.0
12	69	1.0
12	70	3.0
12	72	1.0
12	75	1.0
12	76	1.0
12	77	1.0
12	81	1.0
13	13	642.0
13	14	23.0
13	15	10.0
13	16	14.0
13	17	1.0
13	36	3.0
13	37	1.0
13	38	1.0
13	42	1.0
13	58	1.0
13	62	1.0
13	63	6.0
13	64	2.0
13	65	1.0
13	67	1.0
13	68	3.0
13	69	14.0
13	70	2.0
14	14	564.0
14	15	10.0
14	18	3.0
14	27	1.0
14	34	4.0
14	36	2.0
14	37	1.0
14	38	6.0
14	41	1.0
14	46	1.0
14	56	1.0
14	63	9.0
14	64	1.0
14	65	14.0
14	67	5.0
14	69	2.0
14	70	1.0
14	71	3.0
14	76	1.0
15	15	493.0
15	16	9.0
15	17	1.0
15	18	14.0
15	19	1.0
15	20	1.0
15	29	1.0
15	38	1.0
15	40	1.0
15	41	9.0
15	52	1.0
15	56	2.0
15	57	1.0
15	58	1.0
15	62	2.0
15	68	1.0
15	69	6.0
15	70	5.0
15	71	5.0
15	72	2.0
15	79	1.0
16	16	537.0
16	17	26.0
16	18	3.0
16	20	1.0
16	21	1.0
16	28	1.0
16	39	1.0
16	40	1.0
16	41	1.0
16	58	4.0
16	69	3.0
16	70	2.0
16	74	1.0
16	76	1.0
16	78	3.0
16	79	4.0
17	17	656.0
17	18	8.0
17	19	3.0
17	34	2.0
17	36	1.0
17	40	1.0
17	41	3.0
17	42	1.0
17	50	1.0
17	51	1.0
17	68	2.0
17	69	5.0
17	70	1.0
17	71	7.0
17	72	16.0
17	73	2.0
17	79	1.0
17	80	3.0
18	18	405.0
18	19	6.0
18	20	6.0
18	26	1.0
18	29	1.0
18	30	4.0
18	37	7.0
18	38	2.0
18	40	4.0
18	41	8.0
18	43	2.0
18	45	1.0
18	57	3.0
18	58	5.0
18	62	1.0
18	66	2.0
18	69	1.0
18	70	6.0
18	71	11.0
18	72	3.0
18	73	2.0
18	74	1.0
18	76	1.0
18	78	1.0
19	19	586.0
19	20	8.0
19	21	1.0
19	25	2.0
19	26	4.0
19	32	2.0
19	33	10.0
19	34	11.0
19	35	1.0
19	36	1.0
19	37	17.0
19	38	2.0
19	41	6.0
19	42	6.0
19	46	1.0
19	50	1.0
19	63	1.0
20	20	411.0
20	21	10.0
20	22	1.0
20	25	1.0
20	37	3.0
20	38	2.0
20	45	1.0
20	58	1.0
21	21	676.0
21	22	8.0
21	25	17.0
21	26	2.0
21	33	3.0
21	40	1.0
21	46	1.0
21	60	4.0
21	67	1.0
21	72	1.0
21	78	1.0
22	22	160.0
22	25	1.0
22	31	1.0
22	50	2.0
25	25	481.0
25	26	20.0
25	32	1.0
25	33	3.0
25	59	1.0
25	60	1.0
26	26	679.0
26	27	15.0
26	33	2.0
26	34	1.0
26	35	3.0
26	38	4.0
26	39	5.0
26	42	8.0
26	44	1.0
27	27	707.0
27	28	17.0
27	29	1.0
27	30	7.0
27	31	1.0
27	35	5.0
27	38	4.0
27	39	8.0
27	41	4.0
27	42	13.0
27	43	3.0
27	45	1.0
27	46	26.0
27	51	2.0
27	53	3.0
27	55	1.0
27	56	2.0
27	57	4.0
27	64	1.0
27	75	1.0
27	79	1.0
28	28	531.0
28	29	7.0
28	30	5.0
28	31	1.0
28	32	2.0
28	33	2.0
28	34	2.0
28	35	5.0
28	41	3.0
28	46	13.0
28	48	6.0
28	51	8.0
28	53	6.0
28	54	1.0
28	55	5.0
28	56	7.0
28	57	5.0
28	59	4.0
28	60	2.0
28	61	1.0
28	62	2.0
29	29	597.0
29	30	22.0
29	31	5.0
29	32	1.0
29	42	1.0
29	54	1.0
29	56	7.0
29	57	4.0
29	58	2.0
29	59	2.0
29	60	1.0
29	61	2.0
29	62	7.0
29	71	1.0
29	73	1.0
30	30	608.0
30	31	3.0
30	32	1.0
30	33	3.0
30	34	1.0
30	36	1.0
30	55	5.0
30	56	1.0
30	57	8.0
30	59	7.0
30	60	3.0
30	61	2.0
30	62	7.0
30	79	1.0
31	31	663.0
31	32	30.0
31	33	16.0
31	34	5.0
31	35	3.0
31	36	4.0
31	39	1.0
31	49	1.0
31	50	1.0
31	51	8.0
31	52	4.0
31	53	7.0
31	54	6.0
31	55	1.0
31	56	2.0
31	57	3.0
31	59	3.0
31	60	2.0
31	62	1.0
31	74	1.0
32	32	705.0
32	33	21.0
32	34	6.0
32	36	7.0
32	41	2.0
32	46	11.0
32	51	6.0
32	53	2.0
32	54	1.0
32	57	3.0
32	60	13.0
32	69	1.0
33	33	647.0
33	34	18.0
33	35	1.0
33	40	1.0
33	41	7.0
33	42	3.0
33	53	1.0
33	60	1.0
33	70	1.0
34	34	433.0
34	35	4.0
34	39	1.0
34	40	1.0
34	41	7.0
34	42	1.0
34	46	1.0
34	56	9.0
34	57	2.0
34	60	1.0
34	62	1.0
34	69	2.0
34	70	1.0
34	71	5.0
35	35	652.0
35	36	6.0
35	37	14.0
35	38	4.0
35	39	7.0
35	40	6.0
35	41	2.0
35	54	3.0
35	55	1.0
35	56	9.0
35	57	3.0
35	59	2.0
35	62	3.0
35	63	1.0
35	69	3.0
35	70	3.0
35	71	1.0
35	73	1.0
35	79	1.0
36	36	621.0
36	37	30.0
36	38	1.0
36	40	3.0
36	41	1.0
36	45	7.0
36	49	1.0
36	56	2.0
36	58	2.0
36	60	1.0
36	63	11.0
36	64	2.0
36	69	2.0
36	70	15.0
36	71	16.0
36	80	1.0
37	37	723.0
37	38	31.0
37	39	1.0
37	40	11.0
37	41	1.0
37	44	1.0
37	57	2.0
37	66	1.0
37	69	3.0
37	70	4.0
37	71	4.0
38	38	694.0
38	39	25.0
38	40	21.0
38	41	2.0
38	42	1.0
38	63	1.0
38	64	12.0
38	65	8.0
38	69	1.0
38	70	1.0
39	39	591.0
39	40	9.0
39	42	4.0
39	61	1.0
39	64	2.0
39	69	1.0
39	78	1.0
39	79	1.0
40	40	682.0
40	41	28.0
40	42	6.0
40	43	1.0
40	54	1.0
40	56	1.0
40	57	1.0
40	58	1.0
40	61	2.0
40	62	2.0
40	66	1.0
40	69	2.0
40	70	1.0
40	75	1.0
41	41	701.0
41	42	22.0
41	43	2.0
41	47	1.0
41	49	1.0
41	56	2.0
41	57	11.0
41	62	1.0
41	63	3.0
41	71	2.0
41	73	1.0
41	79	10.0
41	80	4.0
42	42	681.0
42	43	4.0
42	44	4.0
42	45	3.0
42	46	6.0
42	47	8.0
42	48	1.0
42	49	3.0
42	51	2.0
42	53	3.0
42	61	1.0
42	72	2.0
42	75	1.0
42	76	12.0
42	77	3.0
42	79	8.0
42	80	3.0
43	43	640.0
43	44	20.0
43	45	11.0
43	46	10.0
43	47	17.0
43	48	1.0
43	49	2.0
43	54	3.0
43	55	1.0
43	57	1.0
43	60	1.0
43	62	1.0
43	76	1.0
43	77	3.0
43	79	1.0
44	44	401.0
44	45	15.0
44	46	3.0
44	47	2.0
44	50	1.0
44	52	3.0
44	57	1.0
44	61	1.0
44	77	2.0
45	45	637.0
45	46	11.0
45	47	7.0
45	48	8.0
45	49	9.0
45	50	4.0
45	52	8.0
45	55	1.0
45	59	1.0
45	65	1.0
45	69	1.0
45	70	1.0
45	73	2.0
45	76	1.0
46	46	696.0
46	47	16.0
46	48	20.0
46	49	11.0
46	50	1.0
46	51	3.0
46	52	3.0
46	53	11.0
46	54	1.0
46	56	1.0
46	57	1.0
46	58	1.0
46	60	1.0
46	73	1.0
46	77	7.0
47	47	671.0
47	48	16.0
47	49	15.0
47	52	7.0
47	53	5.0
47	54	1.0
47	73	1.0
47	76	3.0
47	77	8.0
47	79	2.0
47	80	1.0
48	48	732.0
48	49	15.0
48	50	1.0
48	51	1.0
48	52	7.0
48	53	17.0
48	54	9.0
48	55	1.0
48	69	1.0
48	72	1.0
48	77	8.0
48	79	2.0
48	80	1.0
49	49	602.0
49	50	11.0
49	51	3.0
49	52	12.0
49	53	25.0
49	54	7.0
49	58	1.0
49	73	3.0
49	75	2.0
49	76	1.0
49	77	3.0
50	50	633.0
50	51	20.0
50	52	10.0
50	53	2.0
50	54	2.0
50	63	1.0
50	64	1.0
50	66	1.0
51	51	564.0
51	52	5.0
51	53	14.0
51	54	7.0
51	56	1.0
51	58	1.0
51	59	1.0
51	62	1.0
51	64	1.0
52	52	611.0
52	53	11.0
52	54	13.0
52	64	1.0
52	67	1.0
52	77	10.0
52	80	1.0
53	53	651.0
53	54	5.0
53	55	2.0
53	56	1.0
53	57	4.0
53	70	1.0
53	75	4.0
54	54	628.0
54	55	3.0
54	56	4.0
54	57	12.0
54	59	1.0
54	60	5.0
54	61	1.0
54	74	1.0
54	77	1.0
54	78	6.0
54	79	1.0
55	55	715.0
55	56	31.0
55	57	5.0
55	58	1.0
55	59	15.0
55	60	9.0
55	63	1.0
55	64	1.0
55	65	8.0
55	66	6.0
55	71	1.0
55	72	7.0
55	74	4.0
55	75	2.0
55	78	2.0
56	56	654.0
56	57	22.0
56	58	2.0
56	59	2.0
56	62	1.0
56	63	4.0
56	65	10.0
56	66	3.0
56	71	1.0
56	72	3.0
56	74	14.0
56	75	3.0
56	78	13.0
56	79	2.0
56	80	2.0
57	57	568.0
57	58	8.0
57	59	2.0
57	60	1.0
57	62	13.0
57	63	4.0
57	73	1.0
57	74	2.0
57	75	1.0
57	76	1.0
57	78	4.0
57	79	1.0
58	58	495.0
58	59	10.0
58	60	7.0
58	72	2.0
58	80	1.0
59	59	637.0
59	60	14.0
59	61	8.0
59	62	5.0
59	64	2.0
59	70	1.0
59	71	10.0
59	74	3.0
59	75	1.0
60	60	538.0
60	61	25.0
60	62	1.0
60	63	3.0
60	64	13.0
60	65	3.0
60	66	1.0
60	70	6.0
60	71	15.0
60	72	4.0
61	61	612.0
61	62	31.0
61	63	2.0
61	64	3.0
61	67	4.0
61	68	10.0
61	70	1.0
61	74	1.0
61	79	1.0
62	62	516.0
62	63	11.0
62	64	1.0
62	66	4.0
62	76	2.0
63	63	732.0
63	64	18.0
63	65	2.0
63	66	1.0
63	69	9.0
63	70	7.0
63	73	1.0
64	64	646.0
64	65	22.0
64	66	7.0
64	67	2.0
64	68	9.0
64	69	4.0
64	70	3.0
64	71	4.0
64	72	8.0
65	65	575.0
65	66	8.0
65	69	5.0
65	70	4.0
65	71	15.0
65	72	9.0
65	74	1.0
65	79	1.0
66	66	617.0
66	67	24.0
66	68	5.0
66	72	10.0
66	73	11.0
67	67	592.0
67	68	42.0
67	69	5.0
67	70	7.0
68	68	563.0
68	69	16.0
68	70	40.0
69	69	571.0
69	70	30.0
69	71	2.0
70	70	664.0
70	71	14.0
70	73	1.0
71	71	771.0
71	72	14.0
71	74	1.0
71	77	1.0
71	80	1.0
72	72	754.0
72	73	15.0
72	79	1.0
73	73	691.0
73	74	12.0
73	77	5.0
73	78	2.0
73	79	1.0
73	80	3.0
74	74	685.0
74	75	13.0
74	76	4.0
74	77	4.0
74	78	1.0
74	79	4.0
74	80	4.0
74	81	2.0
75	75	727.0
75	76	20.0
75	77	32.0
75	78	16.0
75	79	6.0
75	80	2.0
76	76	783.0
76	77	16.0
76	78	3.0
76	79	9.0
76	80	8.0
77	77	609.0
77	78	28.0
77	79	1.0
78	78	710.0
78	79	26.0
78	80	18.0
79	79	740.0
79	80	22.0
80	80	740.0
80	81	1.0
81	81	59.0
82	1	8.0
82	29	1.0
82	36	2.0
82	49	1.0
82	76	1.0
82	79	1.0
82	80	1.0
82	82	647.0
