1	1	618.0
1	2	32.0
1	4	1.0
1	6	1.0
1	7	8.0
1	8	7.0
1	9	5.0
1	10	4.0
1	13	1.0
1	17	1.0
1	21	6.0
1	22	8.0
1	23	4.0
1	40	1.0
1	44	4.0
1	45	5.0
1	46	7.0
1	47	5.0
1	48	14.0
1	49	1.0
1	54	1.0
1	63	1.0
1	75	1.0
1	88	16.0
1	89	1.0
1	93	1.0
1	101	1.0
1	102	1.0
1	111	1.0
1	123	4.0
1	124	8.0
1	125	9.0
1	127	1.0
1	128	2.0
1	144	1.0
1	157	1.0
1	168	1.0
2	2	588.0
2	3	11.0
2	4	8.0
2	5	1.0
2	6	3.0
2	7	20.0
2	8	6.0
2	9	14.0
2	10	20.0
2	12	1.0
2	13	6.0
2	21	4.0
2	22	6.0
2	38	1.0
2	43	1.0
2	46	5.0
2	47	13.0
2	48	7.0
2	49	1.0
2	53	1.0
2	87	3.0
2	88	1.0
2	89	5.0
2	113	1.0
2	123	8.0
2	124	11.0
2	125	6.0
2	128	1.0
2	130	2.0
2	131	1.0
2	135	1.0
2	137	1.0
2	146	1.0
3	3	659.0
3	4	42.0
3	5	13.0
3	6	20.0
3	7	26.0
3	9	1.0
3	12	1.0
3	36	1.0
3	43	1.0
3	52	1.0
3	74	1.0
3	86	1.0
3	104	1.0
3	113	1.0
3	120	1.0
3	168	1.0
4	4	641.0
4	5	10.0
4	7	27.0
4	8	1.0
4	26	2.0
4	36	1.0
4	42	1.0
4	67	2.0
4	73	1.0
4	86	1.0
4	101	1.0
4	104	1.0
4	105	1.0
4	123	2.0
4	124	1.0
4	125	7.0
4	126	2.0
4	128	1.0
4	129	4.0
4	137	1.0
4	144	1.0
4	150	3.0
4	152	1.0
4	155	1.0
5	5	631.0
5	6	27.0
5	7	8.0
5	10	1.0
5	12	2.0
5	28	1.0
5	32	1.0
5	34	2.0
5	35	11.0
5	36	7.0
5	39	6.0
5	40	14.0
5	42	22.0
5	43	23.0
5	63	1.0
5	75	1.0
5	85	1.0
5	87	1.0
5	102	2.0
5	105	8.0
5	106	18.0
5	107	1.0
5	111	1.0
5	113	1.0
5	136	1.0
5	137	1.0
5	139	1.0
5	144	1.0
6	6	582.0
6	7	44.0
6	12	1.0
6	13	7.0
6	14	9.0
6	15	1.0
6	18	1.0
6	21	1.0
6	22	1.0
6	24	2.0
6	29	1.0
6	31	1.0
6	33	9.0
6	34	2.0
6	35	12.0
6	39	2.0
6	40	14.0
6	42	1.0
6	43	5.0
6	44	1.0
6	46	1.0
6	51	1.0
6	52	1.0
6	91	1.0
6	106	9.0
6	158	1.0
6	159	1.0
6	160	1.0
6	166	1.0
6	167	1.0
7	7	600.0
7	8	3.0
7	9	4.0
7	10	4.0
7	11	7.0
7	12	7.0
7	13	6.0
7	15	1.0
7	21	2.0
7	22	1.0
7	34	1.0
7	35	1.0
7	42	3.0
7	43	2.0
7	44	5.0
7	45	3.0
7	48	1.0
7	49	8.0
7	50	2.0
7	51	11.0
7	52	6.0
7	53	3.0
7	87	1.0
7	89	2.0
7	103	1.0
7	113	1.0
7	123	4.0
7	124	1.0
7	125	2.0
7	126	4.0
7	129	7.0
7	130	2.0
7	131	3.0
7	135	1.0
7	140	1.0
7	148	1.0
7	155	1.0
7	157	1.0
7	158	10.0
7	159	12.0
8	8	472.0
8	9	7.0
8	10	14.0
8	11	5.0
8	21	27.0
8	22	7.0
8	27	1.0
8	32	1.0
8	40	4.0
8	47	7.0
8	48	15.0
8	49	19.0
8	50	1.0
8	52	6.0
8	58	1.0
8	88	1.0
8	103	1.0
8	109	1.0
8	110	1.0
8	121	1.0
8	124	9.0
8	148	1.0
8	158	1.0
9	9	518.0
9	10	29.0
9	11	1.0
9	12	1.0
9	21	2.0
9	23	8.0
9	24	1.0
9	45	4.0
9	46	3.0
9	47	7.0
9	48	9.0
9	49	24.0
9	50	10.0
9	52	4.0
9	53	1.0
9	54	1.0
9	88	2.0
9	90	1.0
9	95	1.0
9	97	1.0
9	124	11.0
9	141	2.0
9	152	1.0
9	156	3.0
9	157	1.0
9	159	1.0
9	167	1.0
10	10	547.0
10	11	7.0
10	12	7.0
10	13	3.0
10	17	1.0
10	21	2.0
10	39	2.0
10	40	5.0
10	42	1.0
10	44	14.0
10	45	3.0
10	46	2.0
10	47	11.0
10	49	9.0
10	50	2.0
10	51	1.0
10	52	13.0
10	53	3.0
10	54	1.0
10	75	1.0
10	88	1.0
10	89	3.0
10	92	1.0
10	104	1.0
10	124	2.0
10	125	1.0
10	128	1.0
10	137	1.0
10	143	1.0
10	158	7.0
10	159	1.0
11	11	553.0
11	12	41.0
11	13	1.0
11	14	1.0
11	15	1.0
11	21	1.0
11	38	2.0
11	39	9.0
11	40	17.0
11	41	4.0
11	42	11.0
11	43	4.0
11	44	7.0
11	45	3.0
11	49	1.0
11	50	8.0
11	51	4.0
11	52	5.0
11	53	2.0
11	54	6.0
11	55	2.0
11	113	1.0
11	116	1.0
11	119	1.0
11	151	2.0
11	152	3.0
11	157	19.0
11	158	14.0
11	159	12.0
11	161	1.0
11	162	1.0
12	12	542.0
12	13	40.0
12	14	9.0
12	15	24.0
12	21	1.0
12	23	1.0
12	35	2.0
12	38	5.0
12	39	16.0
12	40	16.0
12	42	39.0
12	43	2.0
12	44	11.0
12	45	6.0
12	50	2.0
12	51	4.0
12	54	1.0
12	107	1.0
12	113	2.0
12	125	1.0
12	129	1.0
12	131	2.0
12	139	1.0
12	147	1.0
12	151	3.0
12	157	2.0
12	158	9.0
12	159	2.0
13	13	581.0
13	14	25.0
13	15	21.0
13	21	3.0
13	22	6.0
13	24	1.0
13	26	1.0
13	39	1.0
13	40	10.0
13	41	2.0
13	42	9.0
13	43	5.0
13	44	1.0
13	51	1.0
13	53	1.0
13	54	4.0
13	58	1.0
13	88	1.0
13	89	1.0
13	90	1.0
13	95	1.0
13	111	1.0
13	113	3.0
13	114	1.0
13	145	3.0
13	146	4.0
13	149	1.0
13	150	1.0
13	151	2.0
13	157	1.0
13	158	6.0
14	14	580.0
14	15	87.0
14	19	2.0
14	25	1.0
14	34	3.0
14	35	8.0
14	37	9.0
14	38	8.0
14	39	7.0
14	40	7.0
14	41	2.0
14	42	12.0
14	43	8.0
14	51	1.0
14	89	1.0
14	96	1.0
14	113	3.0
14	117	2.0
14	146	2.0
14	151	2.0
14	167	1.0
15	15	609.0
15	16	11.0
15	19	1.0
15	20	8.0
15	22	4.0
15	23	2.0
15	24	9.0
15	30	1.0
15	33	1.0
15	34	1.0
15	35	2.0
15	37	1.0
15	38	3.0
15	39	19.0
15	40	10.0
15	41	7.0
15	43	1.0
15	44	5.0
15	47	2.0
15	52	1.0
15	53	1.0
15	56	2.0
15	58	1.0
15	71	1.0
15	84	1.0
15	91	6.0
15	97	1.0
15	106	1.0
15	113	4.0
15	116	4.0
15	117	3.0
15	135	3.0
15	145	1.0
15	146	3.0
15	148	4.0
15	155	1.0
15	166	4.0
15	167	1.0
16	16	547.0
16	17	22.0
16	18	12.0
16	19	7.0
16	20	18.0
16	21	7.0
16	22	6.0
16	23	3.0
16	24	2.0
16	30	2.0
16	34	3.0
16	35	3.0
16	36	4.0
16	37	4.0
16	38	10.0
16	39	3.0
16	41	3.0
16	44	1.0
16	45	1.0
16	46	22.0
16	47	11.0
16	49	1.0
16	55	1.0
16	56	2.0
16	57	2.0
16	65	1.0
16	69	1.0
16	90	1.0
16	116	1.0
16	117	23.0
16	119	4.0
16	121	1.0
16	124	4.0
16	125	7.0
16	129	9.0
16	130	4.0
16	131	2.0
16	133	1.0
16	144	1.0
16	145	4.0
16	146	7.0
16	147	7.0
16	148	15.0
16	149	25.0
16	165	7.0
16	166	6.0
16	167	4.0
17	17	504.0
17	18	33.0
17	19	11.0
17	20	2.0
17	21	1.0
17	23	3.0
17	24	3.0
17	25	2.0
17	28	4.0
17	33	12.0
17	34	15.0
17	37	1.0
17	39	2.0
17	58	1.0
17	62	2.0
17	84	2.0
17	85	3.0
17	86	2.0
17	88	1.0
17	89	4.0
17	90	10.0
17	91	3.0
17	92	7.0
17	94	9.0
17	101	1.0
17	116	1.0
17	117	8.0
17	119	2.0
17	121	7.0
17	123	8.0
17	124	12.0
17	125	7.0
17	129	5.0
17	130	8.0
17	131	1.0
17	140	1.0
17	145	1.0
17	146	3.0
17	147	10.0
17	148	4.0
17	149	3.0
17	159	1.0
17	166	1.0
18	18	494.0
18	19	16.0
18	20	13.0
18	22	2.0
18	23	5.0
18	24	4.0
18	26	4.0
18	28	6.0
18	29	1.0
18	33	7.0
18	34	4.0
18	35	7.0
18	37	1.0
18	38	1.0
18	41	2.0
18	55	3.0
18	56	3.0
18	57	2.0
18	58	1.0
18	62	7.0
18	68	2.0
18	81	1.0
18	84	1.0
18	85	1.0
18	86	2.0
18	88	1.0
18	89	2.0
18	90	2.0
18	91	3.0
18	92	2.0
18	95	1.0
18	100	1.0
18	105	2.0
18	117	2.0
18	118	9.0
18	119	10.0
18	120	1.0
18	121	9.0
18	122	4.0
18	123	8.0
18	124	8.0
18	125	4.0
18	128	1.0
18	129	2.0
18	130	1.0
18	147	3.0
18	148	2.0
18	152	1.0
18	158	1.0
18	167	1.0
19	19	496.0
19	20	11.0
19	22	1.0
19	23	10.0
19	24	5.0
19	28	1.0
19	33	3.0
19	34	1.0
19	37	5.0
19	38	5.0
19	39	10.0
19	41	3.0
19	42	1.0
19	43	2.0
19	48	1.0
19	49	1.0
19	55	1.0
19	56	4.0
19	57	8.0
19	58	4.0
19	62	1.0
19	83	1.0
19	84	1.0
19	85	2.0
19	86	1.0
19	87	1.0
19	89	1.0
19	91	13.0
19	92	2.0
19	94	3.0
19	96	2.0
19	123	6.0
19	124	16.0
19	126	1.0
19	130	1.0
19	142	7.0
19	144	8.0
19	145	3.0
19	148	2.0
19	161	1.0
19	165	6.0
19	166	5.0
20	20	529.0
20	21	9.0
20	22	6.0
20	23	13.0
20	24	13.0
20	28	1.0
20	33	4.0
20	34	1.0
20	35	2.0
20	37	3.0
20	38	6.0
20	39	2.0
20	41	5.0
20	47	2.0
20	49	4.0
20	50	2.0
20	52	8.0
20	53	2.0
20	55	2.0
20	56	1.0
20	68	1.0
20	79	1.0
20	82	1.0
20	88	2.0
20	90	2.0
20	91	4.0
20	92	3.0
20	113	1.0
20	121	1.0
20	123	5.0
20	124	6.0
20	126	2.0
20	141	1.0
20	145	4.0
20	156	1.0
20	159	2.0
20	160	22.0
20	161	6.0
20	163	6.0
20	165	4.0
20	166	5.0
21	21	531.0
21	22	28.0
21	23	10.0
21	24	4.0
21	33	2.0
21	34	2.0
21	39	8.0
21	40	22.0
21	49	7.0
21	50	2.0
21	51	3.0
21	52	2.0
21	55	3.0
21	56	9.0
21	57	2.0
21	79	1.0
21	88	1.0
21	89	1.0
21	96	1.0
21	104	1.0
21	117	3.0
21	124	4.0
21	144	1.0
21	145	10.0
21	160	1.0
21	161	4.0
21	163	2.0
21	164	1.0
21	165	7.0
21	166	18.0
21	167	1.0
22	22	524.0
22	23	17.0
22	24	9.0
22	27	1.0
22	32	2.0
22	33	2.0
22	34	1.0
22	36	1.0
22	39	6.0
22	40	12.0
22	41	2.0
22	44	1.0
22	45	1.0
22	47	1.0
22	49	3.0
22	50	1.0
22	51	3.0
22	52	1.0
22	54	2.0
22	55	7.0
22	56	5.0
22	58	2.0
22	68	1.0
22	88	5.0
22	89	9.0
22	113	4.0
22	114	2.0
22	117	2.0
22	118	8.0
22	121	4.0
22	122	6.0
22	123	1.0
22	127	1.0
22	128	1.0
22	134	1.0
22	135	1.0
22	145	10.0
22	146	7.0
22	150	1.0
22	151	8.0
22	152	8.0
22	158	4.0
22	160	1.0
22	165	3.0
22	166	8.0
23	23	506.0
23	24	3.0
23	28	1.0
23	33	1.0
23	35	1.0
23	39	3.0
23	40	4.0
23	41	7.0
23	42	1.0
23	43	1.0
23	44	1.0
23	45	2.0
23	49	2.0
23	50	2.0
23	52	2.0
23	54	2.0
23	55	6.0
23	56	3.0
23	73	1.0
23	88	10.0
23	89	3.0
23	90	1.0
23	92	1.0
23	94	1.0
23	97	1.0
23	110	1.0
23	118	1.0
23	120	2.0
23	123	4.0
23	124	1.0
23	125	1.0
23	132	2.0
23	144	1.0
23	145	16.0
23	152	2.0
23	161	3.0
23	165	13.0
23	166	6.0
24	24	577.0
24	25	11.0
24	26	2.0
24	27	3.0
24	28	12.0
24	29	4.0
24	30	4.0
24	31	2.0
24	32	6.0
24	33	1.0
24	34	4.0
24	35	3.0
24	37	5.0
24	38	3.0
24	39	3.0
24	41	1.0
24	46	1.0
24	47	3.0
24	49	1.0
24	50	1.0
24	51	8.0
24	52	3.0
24	55	3.0
24	56	5.0
24	71	1.0
24	89	2.0
24	90	3.0
24	91	5.0
24	92	3.0
24	93	4.0
24	94	1.0
24	103	1.0
24	109	2.0
24	110	3.0
24	115	1.0
24	117	1.0
24	123	1.0
24	135	6.0
24	136	4.0
24	152	1.0
24	158	5.0
24	160	2.0
24	161	1.0
24	164	1.0
25	25	573.0
25	26	7.0
25	27	13.0
25	28	3.0
25	29	5.0
25	30	8.0
25	31	6.0
25	32	13.0
25	33	6.0
25	35	1.0
25	36	10.0
25	37	12.0
25	63	1.0
25	64	5.0
25	67	1.0
25	72	1.0
25	74	4.0
25	75	10.0
25	76	1.0
25	77	3.0
25	89	11.0
25	90	4.0
25	92	5.0
25	93	3.0
25	94	4.0
25	109	2.0
25	110	3.0
25	115	1.0
25	116	1.0
25	117	1.0
25	130	1.0
25	136	1.0
25	138	1.0
25	143	1.0
26	26	477.0
26	27	24.0
26	28	9.0
26	29	2.0
26	30	1.0
26	33	2.0
26	34	2.0
26	36	1.0
26	37	1.0
26	38	4.0
26	58	1.0
26	64	1.0
26	67	1.0
26	73	6.0
26	74	2.0
26	76	5.0
26	79	1.0
26	92	3.0
26	97	2.0
26	109	8.0
26	110	18.0
26	112	3.0
26	116	5.0
26	117	1.0
26	135	2.0
26	136	4.0
26	137	1.0
26	159	1.0
27	27	579.0
27	28	14.0
27	29	3.0
27	30	4.0
27	33	5.0
27	34	9.0
27	37	1.0
27	38	12.0
27	46	1.0
27	55	1.0
27	64	2.0
27	73	1.0
27	74	7.0
27	76	17.0
27	89	3.0
27	90	1.0
27	93	5.0
27	94	1.0
27	95	1.0
27	109	1.0
27	110	9.0
27	112	1.0
27	114	2.0
27	115	1.0
27	116	3.0
27	117	6.0
27	134	2.0
27	135	13.0
27	136	5.0
27	150	1.0
27	155	1.0
27	168	1.0
28	28	564.0
28	29	18.0
28	30	5.0
28	31	1.0
28	34	4.0
28	37	1.0
28	38	1.0
28	62	1.0
28	63	5.0
28	64	5.0
28	79	1.0
28	87	2.0
28	89	5.0
28	90	13.0
28	91	5.0
28	92	4.0
28	93	5.0
28	114	1.0
28	127	1.0
28	132	4.0
28	133	2.0
28	134	8.0
28	135	6.0
28	136	14.0
28	137	10.0
28	138	3.0
28	139	1.0
28	140	1.0
28	142	2.0
28	150	1.0
28	166	1.0
28	167	6.0
28	168	1.0
29	29	537.0
29	30	25.0
29	31	3.0
29	38	3.0
29	58	1.0
29	62	1.0
29	63	5.0
29	64	2.0
29	65	3.0
29	74	1.0
29	77	1.0
29	79	1.0
29	80	9.0
29	81	1.0
29	82	7.0
29	83	2.0
29	84	1.0
29	89	2.0
29	90	9.0
29	91	4.0
29	92	3.0
29	107	1.0
29	121	1.0
29	129	1.0
29	132	4.0
29	134	8.0
29	135	10.0
29	136	8.0
29	137	3.0
29	138	9.0
29	139	1.0
29	148	1.0
29	157	1.0
29	159	1.0
29	167	5.0
29	168	2.0
30	30	646.0
30	31	44.0
30	32	3.0
30	33	11.0
30	37	7.0
30	38	6.0
30	45	1.0
30	50	1.0
30	69	2.0
30	80	1.0
30	90	2.0
30	116	1.0
30	123	1.0
30	134	2.0
30	136	12.0
30	150	1.0
30	164	1.0
31	31	632.0
31	32	19.0
31	33	21.0
31	37	3.0
31	38	2.0
31	39	1.0
31	43	3.0
31	45	1.0
31	91	1.0
31	126	1.0
31	130	1.0
31	151	1.0
31	158	1.0
32	32	614.0
32	33	30.0
32	36	1.0
32	37	1.0
32	46	1.0
32	87	1.0
32	112	1.0
32	124	2.0
33	33	668.0
33	34	55.0
33	35	26.0
33	36	6.0
33	37	10.0
33	38	8.0
33	39	10.0
33	40	4.0
33	43	1.0
33	46	1.0
33	52	1.0
33	74	1.0
33	108	1.0
33	120	1.0
33	126	1.0
33	138	1.0
33	148	1.0
33	158	1.0
34	34	592.0
34	35	54.0
34	36	4.0
34	37	11.0
34	38	6.0
34	39	9.0
34	40	4.0
34	43	2.0
34	46	1.0
34	58	1.0
34	72	1.0
34	86	1.0
34	101	1.0
34	111	7.0
34	112	1.0
34	114	2.0
34	135	6.0
34	136	5.0
34	139	1.0
34	140	1.0
34	144	1.0
34	152	1.0
34	163	2.0
34	164	1.0
34	166	3.0
34	167	3.0
35	35	662.0
35	36	28.0
35	37	21.0
35	38	20.0
35	39	4.0
35	40	3.0
35	41	9.0
35	43	5.0
35	44	9.0
35	45	3.0
35	46	4.0
35	50	1.0
35	55	3.0
35	72	2.0
35	78	1.0
35	80	1.0
35	125	1.0
35	131	2.0
35	134	2.0
35	135	1.0
35	136	5.0
35	142	1.0
35	162	1.0
35	168	1.0
36	36	704.0
36	37	35.0
36	38	13.0
36	39	19.0
36	40	9.0
36	41	2.0
36	43	2.0
36	46	3.0
36	74	1.0
36	76	1.0
36	152	1.0
36	155	1.0
37	37	592.0
37	38	22.0
37	39	14.0
37	40	1.0
37	41	7.0
37	43	1.0
37	44	1.0
37	54	1.0
37	58	1.0
37	64	1.0
37	68	1.0
37	71	1.0
37	76	1.0
37	80	1.0
37	88	1.0
37	115	1.0
37	134	2.0
37	136	8.0
38	38	541.0
38	39	21.0
38	40	5.0
38	41	22.0
38	43	4.0
38	44	3.0
38	45	2.0
38	46	11.0
38	47	5.0
38	64	1.0
38	99	1.0
38	111	1.0
38	135	3.0
38	136	5.0
38	143	1.0
38	167	1.0
39	39	601.0
39	40	32.0
39	41	34.0
39	42	1.0
39	44	1.0
39	49	2.0
39	83	1.0
39	88	1.0
39	92	1.0
39	111	1.0
39	132	1.0
39	153	1.0
39	154	1.0
39	159	1.0
40	40	759.0
40	41	36.0
40	42	2.0
40	43	5.0
40	44	3.0
40	49	1.0
40	51	4.0
40	52	5.0
40	91	1.0
40	111	1.0
40	117	1.0
40	125	1.0
40	146	4.0
40	158	4.0
40	160	1.0
41	41	674.0
41	42	20.0
41	43	15.0
41	44	11.0
41	45	3.0
41	52	5.0
41	56	1.0
41	58	1.0
41	71	1.0
41	158	1.0
42	42	592.0
42	43	42.0
42	44	7.0
42	51	3.0
42	53	1.0
42	56	1.0
42	63	1.0
42	71	1.0
42	90	1.0
42	128	1.0
42	146	1.0
42	149	1.0
42	157	6.0
42	159	5.0
42	161	1.0
43	43	679.0
43	44	25.0
43	46	1.0
43	47	1.0
43	50	2.0
43	51	3.0
43	57	1.0
43	83	1.0
43	89	1.0
43	90	1.0
43	107	1.0
43	109	1.0
43	130	1.0
43	149	1.0
43	152	2.0
43	155	2.0
43	164	1.0
43	168	1.0
43	170	1.0
44	44	604.0
44	45	66.0
44	46	14.0
44	47	1.0
44	70	1.0
44	74	1.0
44	75	1.0
44	77	1.0
44	86	1.0
44	130	1.0
44	157	2.0
44	159	1.0
44	170	2.0
45	45	570.0
45	46	43.0
45	47	4.0
45	48	1.0
45	52	2.0
45	53	3.0
45	62	1.0
45	91	1.0
45	103	1.0
45	155	1.0
45	156	2.0
45	157	5.0
45	158	1.0
46	46	592.0
46	47	7.0
46	54	1.0
46	116	1.0
46	118	1.0
46	127	1.0
46	135	1.0
46	152	1.0
46	156	1.0
47	47	458.0
47	48	27.0
47	49	9.0
47	50	11.0
47	51	6.0
47	52	6.0
47	53	3.0
47	54	4.0
47	55	3.0
47	87	1.0
47	90	1.0
47	113	1.0
47	146	3.0
48	48	507.0
48	49	21.0
48	50	20.0
48	51	16.0
48	52	1.0
48	53	7.0
48	54	21.0
48	65	2.0
48	69	1.0
48	124	2.0
48	125	2.0
48	136	1.0
48	137	1.0
48	156	1.0
48	163	1.0
49	49	482.0
49	50	14.0
49	53	12.0
49	54	9.0
49	55	1.0
49	80	1.0
49	86	1.0
49	91	1.0
49	122	1.0
49	124	3.0
49	149	1.0
49	156	2.0
49	157	1.0
49	158	1.0
50	50	520.0
50	51	28.0
50	52	11.0
50	53	10.0
50	54	23.0
50	55	19.0
50	64	1.0
50	81	1.0
50	97	1.0
50	118	1.0
50	119	1.0
50	121	1.0
50	122	3.0
50	124	2.0
50	126	1.0
50	134	1.0
50	146	2.0
50	151	1.0
50	157	1.0
50	158	8.0
50	159	5.0
51	51	486.0
51	52	30.0
51	53	10.0
51	54	13.0
51	55	5.0
51	56	9.0
51	74	1.0
51	82	1.0
51	119	1.0
51	123	1.0
51	126	1.0
51	137	1.0
51	146	3.0
51	152	1.0
51	153	1.0
51	157	2.0
51	158	16.0
51	159	5.0
51	160	1.0
51	165	1.0
52	52	562.0
52	53	26.0
52	55	1.0
52	56	1.0
52	58	1.0
52	81	1.0
52	118	1.0
52	140	1.0
52	159	8.0
52	160	32.0
52	163	8.0
53	53	559.0
53	54	23.0
53	55	2.0
53	56	1.0
53	58	1.0
53	126	1.0
53	131	1.0
53	152	2.0
53	156	1.0
53	157	7.0
53	159	8.0
53	160	6.0
54	54	513.0
54	55	7.0
54	67	1.0
54	89	1.0
54	121	5.0
54	122	2.0
54	124	1.0
54	136	1.0
54	146	7.0
54	151	10.0
54	152	3.0
54	153	1.0
54	155	1.0
54	156	12.0
54	157	2.0
54	158	4.0
54	159	2.0
54	169	1.0
55	55	517.0
55	56	5.0
55	58	3.0
55	65	1.0
55	91	9.0
55	92	5.0
55	101	1.0
55	118	2.0
55	121	5.0
55	122	18.0
55	127	1.0
55	145	2.0
55	146	1.0
55	151	2.0
55	159	1.0
55	166	2.0
55	168	1.0
56	56	521.0
56	57	12.0
56	58	7.0
56	66	1.0
56	84	1.0
56	85	1.0
56	91	10.0
56	101	1.0
56	119	1.0
56	128	1.0
56	135	2.0
56	142	2.0
56	143	8.0
56	144	10.0
56	145	2.0
56	146	1.0
56	148	2.0
56	158	1.0
56	160	1.0
56	161	7.0
56	163	1.0
56	164	3.0
56	165	14.0
56	166	4.0
57	57	731.0
57	58	15.0
57	63	15.0
57	65	1.0
57	81	7.0
57	82	2.0
57	83	2.0
57	84	5.0
57	85	14.0
57	86	7.0
57	87	4.0
57	88	3.0
57	89	1.0
57	90	2.0
57	91	3.0
57	93	1.0
57	94	4.0
57	95	6.0
57	96	1.0
57	97	1.0
57	98	2.0
57	99	5.0
57	111	4.0
57	114	3.0
57	115	5.0
57	116	3.0
57	120	1.0
57	131	1.0
57	140	9.0
57	141	4.0
57	143	6.0
57	144	8.0
57	145	1.0
57	148	4.0
57	166	2.0
57	169	2.0
58	58	2132.0
58	61	20.0
58	62	3.0
58	63	2.0
58	81	1.0
58	84	2.0
58	85	2.0
58	87	8.0
58	88	1.0
58	89	2.0
58	90	5.0
58	91	4.0
58	92	2.0
58	94	1.0
58	96	1.0
58	97	4.0
58	98	1.0
58	99	2.0
58	109	1.0
58	110	1.0
58	124	5.0
58	140	1.0
58	142	2.0
58	148	1.0
58	153	1.0
58	155	1.0
58	167	1.0
58	170	4.0
61	61	60.0
61	62	7.0
61	70	1.0
61	75	2.0
61	77	3.0
61	78	1.0
61	84	2.0
61	100	1.0
61	105	1.0
61	129	1.0
61	140	1.0
62	62	461.0
62	63	20.0
62	64	16.0
62	65	8.0
62	66	4.0
62	69	3.0
62	73	2.0
62	75	12.0
62	77	4.0
62	78	1.0
62	79	10.0
62	81	12.0
62	82	6.0
62	83	3.0
62	84	1.0
62	86	5.0
62	87	1.0
62	89	1.0
62	90	6.0
62	94	1.0
62	95	3.0
62	96	4.0
62	97	6.0
62	100	7.0
62	108	1.0
62	110	4.0
62	111	5.0
62	123	1.0
62	124	4.0
62	128	2.0
62	129	3.0
62	142	2.0
62	144	1.0
62	147	1.0
62	149	2.0
62	150	2.0
62	164	1.0
62	170	5.0
63	63	506.0
63	64	9.0
63	65	4.0
63	66	5.0
63	80	2.0
63	81	15.0
63	82	6.0
63	84	2.0
63	85	2.0
63	86	4.0
63	87	9.0
63	90	2.0
63	92	1.0
63	94	9.0
63	95	4.0
63	97	3.0
63	99	2.0
63	100	1.0
63	111	4.0
63	122	1.0
63	129	1.0
63	140	1.0
63	142	1.0
63	144	1.0
63	165	1.0
63	166	1.0
63	170	5.0
64	64	528.0
64	65	12.0
64	66	1.0
64	69	1.0
64	70	1.0
64	74	5.0
64	75	10.0
64	78	7.0
64	79	2.0
64	80	1.0
64	81	4.0
64	82	15.0
64	83	1.0
64	84	2.0
64	85	1.0
64	89	1.0
64	90	3.0
64	102	1.0
64	116	1.0
64	136	3.0
64	137	4.0
64	138	17.0
64	140	4.0
64	167	5.0
64	168	3.0
65	65	419.0
65	66	11.0
65	67	4.0
65	68	3.0
65	69	12.0
65	70	13.0
65	75	1.0
65	80	7.0
65	81	5.0
65	82	6.0
65	83	9.0
65	84	7.0
65	86	1.0
65	90	1.0
65	91	2.0
65	92	3.0
65	93	12.0
65	94	7.0
65	115	3.0
65	137	1.0
65	159	1.0
65	164	1.0
66	66	505.0
66	67	12.0
66	68	17.0
66	69	10.0
66	70	14.0
66	71	2.0
66	72	4.0
66	73	1.0
66	76	1.0
66	78	3.0
66	79	7.0
66	80	14.0
66	81	23.0
66	82	6.0
66	83	8.0
66	88	1.0
66	91	7.0
66	92	7.0
66	93	16.0
66	94	8.0
66	106	1.0
66	115	6.0
66	116	2.0
66	141	1.0
67	67	496.0
67	68	26.0
67	69	2.0
67	70	16.0
67	71	28.0
67	72	12.0
67	73	26.0
67	77	7.0
67	78	1.0
67	79	1.0
67	80	1.0
67	81	1.0
67	92	1.0
67	93	3.0
67	165	1.0
67	167	2.0
68	68	522.0
68	69	17.0
68	70	11.0
68	71	19.0
68	72	19.0
68	73	1.0
68	77	1.0
68	81	1.0
68	93	1.0
68	100	1.0
68	110	1.0
68	116	4.0
68	117	2.0
68	163	1.0
68	167	1.0
68	170	1.0
69	69	452.0
69	70	44.0
69	71	1.0
69	72	9.0
69	73	2.0
69	77	1.0
69	78	2.0
69	79	13.0
69	80	1.0
69	81	1.0
69	82	1.0
69	83	4.0
69	90	1.0
69	93	6.0
69	94	2.0
69	106	1.0
69	110	1.0
69	114	1.0
69	166	1.0
70	70	507.0
70	71	3.0
70	72	2.0
70	73	3.0
70	75	1.0
70	77	6.0
70	78	2.0
70	79	9.0
70	80	7.0
70	82	1.0
70	83	1.0
70	92	5.0
70	93	11.0
70	94	1.0
70	119	1.0
70	156	1.0
70	164	1.0
70	166	1.0
71	71	539.0
71	72	15.0
71	73	8.0
71	74	2.0
71	76	1.0
71	90	1.0
71	95	1.0
71	96	1.0
71	98	1.0
71	109	3.0
71	115	1.0
71	116	1.0
71	117	1.0
71	121	1.0
71	131	1.0
71	154	1.0
71	157	1.0
72	72	559.0
72	73	1.0
72	74	1.0
72	75	1.0
72	76	4.0
72	77	3.0
72	78	4.0
72	89	1.0
72	101	2.0
72	104	1.0
72	109	1.0
72	116	12.0
72	117	3.0
72	129	1.0
72	151	1.0
72	170	1.0
73	73	529.0
73	74	13.0
73	76	12.0
73	77	3.0
73	78	9.0
73	79	9.0
73	80	5.0
73	82	3.0
73	83	1.0
73	111	1.0
73	117	1.0
73	141	1.0
73	159	1.0
74	74	477.0
74	75	48.0
74	76	18.0
74	77	11.0
74	78	14.0
74	79	6.0
74	80	12.0
74	82	2.0
74	83	4.0
74	92	1.0
74	93	2.0
74	115	1.0
74	116	4.0
74	117	4.0
74	159	1.0
74	169	1.0
75	75	512.0
75	76	5.0
75	77	7.0
75	78	8.0
75	79	6.0
75	80	5.0
75	89	1.0
75	92	4.0
75	115	3.0
75	116	1.0
75	133	1.0
75	152	1.0
75	162	1.0
76	76	534.0
76	77	14.0
76	78	22.0
76	79	12.0
76	80	10.0
76	92	4.0
76	94	6.0
76	110	5.0
76	112	1.0
76	114	4.0
76	115	5.0
76	116	3.0
76	117	6.0
76	167	1.0
76	169	1.0
77	77	476.0
77	78	24.0
77	79	14.0
77	80	4.0
77	83	5.0
77	88	1.0
77	92	11.0
77	93	2.0
77	96	2.0
77	99	2.0
77	100	1.0
77	112	5.0
77	113	4.0
77	114	10.0
77	115	6.0
77	116	2.0
77	117	12.0
77	119	1.0
77	120	1.0
77	127	1.0
77	168	1.0
77	169	6.0
78	78	491.0
78	79	22.0
78	80	19.0
78	81	1.0
78	82	3.0
78	87	1.0
78	92	4.0
78	94	4.0
78	100	1.0
78	107	1.0
78	108	1.0
78	112	3.0
78	114	4.0
78	116	1.0
78	117	4.0
78	134	1.0
78	169	1.0
79	79	474.0
79	80	30.0
79	81	7.0
79	82	9.0
79	83	17.0
79	89	1.0
79	112	2.0
79	113	6.0
79	114	2.0
79	116	1.0
79	123	1.0
79	148	1.0
79	168	1.0
80	80	518.0
80	81	8.0
80	82	24.0
80	83	6.0
80	91	2.0
80	92	4.0
80	93	7.0
80	94	5.0
80	97	1.0
80	138	1.0
80	141	2.0
80	143	1.0
81	81	462.0
81	82	31.0
81	83	15.0
81	84	3.0
81	85	7.0
81	88	1.0
81	89	2.0
81	91	8.0
81	94	6.0
81	114	5.0
81	115	5.0
81	116	3.0
81	128	1.0
81	134	1.0
81	140	2.0
81	141	2.0
81	144	1.0
81	148	1.0
81	154	2.0
81	163	1.0
82	82	496.0
82	83	19.0
82	87	1.0
82	116	7.0
82	133	2.0
82	139	1.0
82	140	6.0
82	141	1.0
82	142	2.0
82	143	9.0
82	144	1.0
82	145	1.0
82	164	1.0
83	83	481.0
83	84	22.0
83	85	3.0
83	86	6.0
83	87	1.0
83	94	7.0
83	115	4.0
83	116	1.0
83	139	5.0
83	140	7.0
83	142	2.0
83	143	6.0
83	144	9.0
83	145	1.0
83	147	1.0
83	148	1.0
83	153	1.0
84	84	515.0
84	85	18.0
84	86	23.0
84	87	4.0
84	88	2.0
84	94	1.0
84	97	2.0
84	99	2.0
84	100	3.0
84	106	1.0
84	108	1.0
84	109	5.0
84	110	2.0
84	111	1.0
84	116	14.0
84	120	1.0
84	123	1.0
84	124	5.0
84	125	1.0
84	128	2.0
84	129	6.0
84	130	10.0
84	131	1.0
84	139	5.0
84	140	6.0
84	141	5.0
84	142	1.0
84	144	8.0
84	147	4.0
84	148	5.0
84	149	1.0
84	151	1.0
84	166	1.0
84	167	3.0
85	85	547.0
85	86	20.0
85	87	2.0
85	88	1.0
85	94	3.0
85	104	1.0
85	115	1.0
85	116	10.0
85	123	1.0
85	124	8.0
85	129	3.0
85	135	1.0
85	140	7.0
85	141	4.0
85	142	9.0
85	145	2.0
85	147	6.0
85	148	8.0
85	152	1.0
85	164	1.0
85	165	1.0
86	86	491.0
86	87	10.0
86	88	3.0
86	95	5.0
86	96	2.0
86	97	4.0
86	98	7.0
86	100	2.0
86	110	2.0
86	111	2.0
86	116	8.0
86	121	1.0
86	124	5.0
86	125	2.0
86	129	1.0
86	130	2.0
86	131	1.0
86	140	1.0
86	141	2.0
86	142	2.0
86	143	1.0
86	147	1.0
86	148	5.0
86	149	1.0
86	153	1.0
87	87	495.0
87	88	19.0
87	89	8.0
87	90	8.0
87	91	2.0
87	92	4.0
87	93	2.0
87	94	11.0
87	95	10.0
87	96	2.0
87	97	4.0
87	99	2.0
87	107	1.0
87	109	2.0
87	110	5.0
87	111	2.0
87	116	6.0
87	123	6.0
87	125	1.0
87	126	1.0
87	128	3.0
87	130	2.0
87	133	3.0
87	136	1.0
87	140	5.0
87	141	3.0
87	142	2.0
87	147	5.0
87	149	2.0
87	154	1.0
87	169	1.0
87	170	3.0
88	88	547.0
88	89	32.0
88	90	8.0
88	91	8.0
88	92	2.0
88	93	1.0
88	100	4.0
88	108	7.0
88	109	2.0
88	110	1.0
88	114	2.0
88	115	4.0
88	116	6.0
88	119	1.0
88	123	1.0
88	124	4.0
88	125	4.0
88	130	1.0
88	132	1.0
88	139	1.0
88	140	7.0
88	141	2.0
88	147	3.0
88	151	2.0
88	155	2.0
88	161	1.0
88	168	2.0
88	169	6.0
88	170	4.0
89	89	471.0
89	90	26.0
89	91	15.0
89	92	4.0
89	93	2.0
89	94	1.0
89	96	1.0
89	103	1.0
89	106	1.0
89	109	3.0
89	110	2.0
89	111	1.0
89	122	1.0
89	123	4.0
89	124	3.0
89	127	1.0
89	132	16.0
89	133	3.0
89	138	2.0
89	139	2.0
89	141	4.0
89	157	3.0
89	168	19.0
89	169	8.0
89	170	2.0
90	90	567.0
90	91	20.0
90	92	2.0
90	93	6.0
90	94	4.0
90	100	1.0
90	101	1.0
90	109	2.0
90	111	2.0
90	114	1.0
90	116	3.0
90	127	1.0
90	132	5.0
90	133	7.0
90	134	1.0
90	135	4.0
90	138	1.0
90	139	6.0
90	140	6.0
90	141	14.0
90	168	5.0
90	169	2.0
90	170	2.0
91	91	590.0
91	92	10.0
91	108	1.0
91	109	1.0
91	110	1.0
91	111	3.0
91	113	1.0
91	114	4.0
91	115	1.0
91	127	1.0
91	141	5.0
91	169	3.0
91	170	4.0
92	92	483.0
92	93	36.0
92	94	15.0
92	97	3.0
92	99	2.0
92	110	1.0
92	111	2.0
92	112	1.0
92	114	11.0
92	115	2.0
92	116	3.0
92	143	1.0
92	169	8.0
92	170	1.0
93	93	465.0
93	94	17.0
93	95	1.0
93	97	3.0
93	99	1.0
93	110	2.0
93	114	6.0
93	115	7.0
93	117	1.0
93	132	3.0
93	134	1.0
93	165	1.0
93	168	1.0
94	94	550.0
94	100	2.0
94	108	3.0
94	114	2.0
94	115	8.0
94	116	1.0
94	127	1.0
94	131	1.0
94	132	5.0
94	140	1.0
94	141	1.0
94	142	3.0
94	143	3.0
94	144	1.0
94	145	1.0
95	95	401.0
95	96	25.0
95	97	6.0
95	98	33.0
95	99	17.0
95	103	1.0
95	108	3.0
95	110	7.0
95	112	3.0
95	114	2.0
95	115	4.0
95	116	2.0
95	118	2.0
95	126	6.0
95	129	1.0
95	132	3.0
95	133	9.0
95	134	5.0
95	135	1.0
95	136	4.0
95	146	1.0
96	96	465.0
96	97	15.0
96	98	11.0
96	99	17.0
96	100	1.0
96	103	2.0
96	107	2.0
96	109	3.0
96	110	6.0
96	111	4.0
96	114	5.0
96	115	9.0
96	116	2.0
96	117	10.0
96	118	16.0
96	126	6.0
96	127	2.0
96	128	3.0
96	131	1.0
96	150	1.0
96	170	7.0
97	97	546.0
97	98	12.0
97	99	19.0
97	100	3.0
97	108	3.0
97	109	15.0
97	110	24.0
97	112	11.0
97	113	1.0
97	114	3.0
97	115	1.0
97	116	1.0
97	118	5.0
97	126	2.0
97	128	4.0
97	130	1.0
97	132	4.0
97	133	2.0
97	134	1.0
97	135	1.0
97	136	2.0
97	170	20.0
98	98	530.0
98	99	25.0
98	104	1.0
98	108	1.0
98	109	1.0
98	110	8.0
98	111	2.0
98	112	13.0
98	114	7.0
98	115	4.0
98	116	3.0
98	118	4.0
98	132	1.0
98	133	6.0
98	134	1.0
98	135	1.0
98	136	6.0
98	165	1.0
99	99	492.0
99	100	2.0
99	107	3.0
99	108	5.0
99	109	18.0
99	110	11.0
99	111	1.0
99	112	5.0
99	113	1.0
99	114	7.0
99	115	8.0
99	116	9.0
99	118	8.0
99	130	1.0
99	132	7.0
99	133	4.0
99	134	4.0
99	135	4.0
99	136	4.0
99	137	1.0
99	138	1.0
99	141	3.0
99	142	2.0
99	143	8.0
99	156	1.0
99	157	3.0
99	158	5.0
99	168	2.0
99	169	1.0
100	100	471.0
100	101	18.0
100	102	6.0
100	103	7.0
100	104	9.0
100	105	23.0
100	107	4.0
100	109	1.0
100	110	2.0
100	116	6.0
100	119	3.0
100	120	7.0
100	121	2.0
100	122	5.0
100	123	2.0
100	125	3.0
100	127	2.0
100	128	5.0
100	129	11.0
100	130	2.0
100	139	5.0
100	141	20.0
100	142	13.0
100	143	6.0
100	144	2.0
100	145	7.0
100	148	4.0
100	153	4.0
100	154	2.0
100	155	4.0
100	156	6.0
100	157	1.0
100	158	1.0
100	161	1.0
100	169	1.0
100	170	1.0
101	101	497.0
101	102	38.0
101	103	26.0
101	104	14.0
101	105	9.0
101	107	1.0
101	122	1.0
101	123	10.0
101	125	3.0
101	126	23.0
101	127	8.0
101	129	3.0
101	130	10.0
101	134	1.0
101	139	3.0
101	141	2.0
101	142	5.0
101	143	3.0
101	144	9.0
101	145	3.0
101	148	1.0
101	149	2.0
101	151	1.0
101	154	1.0
101	155	2.0
101	157	2.0
101	158	1.0
102	102	512.0
102	103	27.0
102	104	23.0
102	105	10.0
102	120	19.0
102	121	2.0
102	122	6.0
102	123	4.0
102	126	9.0
102	127	14.0
102	128	14.0
102	129	4.0
102	130	2.0
102	142	1.0
102	143	1.0
102	145	2.0
102	146	1.0
102	164	1.0
102	165	1.0
103	103	453.0
103	104	18.0
103	112	1.0
103	122	2.0
103	125	3.0
103	126	13.0
103	127	17.0
103	128	5.0
103	129	1.0
103	130	4.0
103	140	2.0
103	142	4.0
103	143	2.0
103	145	8.0
103	166	1.0
104	104	539.0
104	105	11.0
104	116	1.0
104	119	7.0
104	120	8.0
104	123	1.0
104	126	5.0
104	127	14.0
104	128	2.0
104	129	1.0
104	139	5.0
104	140	4.0
104	143	5.0
104	144	8.0
104	145	12.0
104	147	1.0
104	148	1.0
104	161	1.0
105	105	542.0
105	106	33.0
105	107	8.0
105	108	2.0
105	119	5.0
105	120	7.0
105	122	3.0
105	123	14.0
105	124	1.0
105	125	10.0
105	126	8.0
105	127	7.0
105	129	4.0
105	130	3.0
105	131	2.0
105	139	4.0
105	142	1.0
105	145	5.0
105	149	7.0
105	155	1.0
105	157	2.0
105	161	1.0
106	106	551.0
106	107	26.0
106	108	13.0
106	109	1.0
106	125	7.0
106	126	13.0
106	127	11.0
106	128	4.0
106	130	8.0
106	131	14.0
106	137	2.0
106	139	1.0
106	141	1.0
106	146	1.0
106	149	2.0
106	151	1.0
107	107	600.0
107	108	16.0
107	109	3.0
107	110	13.0
107	119	1.0
107	121	2.0
107	122	4.0
107	125	1.0
107	126	7.0
107	127	11.0
107	128	8.0
107	129	1.0
107	130	5.0
107	131	8.0
107	132	7.0
107	137	4.0
107	138	2.0
107	139	1.0
107	140	1.0
107	141	5.0
107	142	12.0
107	143	15.0
107	147	1.0
107	151	1.0
107	153	3.0
107	154	4.0
107	155	6.0
107	156	6.0
107	157	16.0
107	158	12.0
107	159	2.0
107	161	3.0
107	163	1.0
107	165	1.0
107	167	1.0
108	108	552.0
108	109	31.0
108	110	5.0
108	111	2.0
108	112	6.0
108	114	2.0
108	123	1.0
108	124	1.0
108	130	3.0
108	131	15.0
108	132	45.0
108	133	15.0
108	134	12.0
108	135	20.0
108	136	14.0
108	138	8.0
108	141	1.0
108	144	2.0
108	148	2.0
108	170	2.0
109	109	588.0
109	110	24.0
109	111	8.0
109	112	11.0
109	114	9.0
109	126	1.0
109	128	5.0
109	130	13.0
109	131	1.0
109	132	18.0
109	133	7.0
109	135	4.0
109	136	11.0
109	164	1.0
109	168	1.0
109	170	3.0
110	110	499.0
110	111	15.0
110	112	17.0
110	113	3.0
110	114	10.0
110	115	1.0
110	116	8.0
110	117	2.0
110	123	1.0
110	128	3.0
110	132	6.0
110	135	1.0
110	136	2.0
110	137	1.0
110	150	2.0
110	152	1.0
110	166	1.0
110	169	2.0
110	170	23.0
111	111	537.0
111	112	33.0
111	113	6.0
111	114	15.0
111	134	1.0
111	136	9.0
111	137	6.0
111	144	1.0
111	168	5.0
111	169	5.0
111	170	1.0
112	112	569.0
112	113	30.0
112	114	30.0
112	115	1.0
112	116	1.0
112	127	1.0
112	132	4.0
112	133	1.0
112	134	6.0
112	135	2.0
112	136	6.0
112	137	5.0
112	138	2.0
112	159	1.0
112	168	1.0
112	169	11.0
113	113	483.0
113	114	11.0
113	125	1.0
113	126	1.0
113	132	1.0
113	135	6.0
113	136	10.0
113	137	26.0
113	138	4.0
113	146	1.0
113	149	1.0
113	158	1.0
113	168	1.0
113	169	2.0
114	114	532.0
114	115	19.0
114	116	2.0
114	118	1.0
114	123	1.0
114	132	2.0
114	133	1.0
114	135	1.0
114	136	8.0
114	137	1.0
114	140	1.0
114	169	8.0
115	115	488.0
115	116	7.0
115	117	14.0
115	118	13.0
115	140	1.0
115	162	1.0
115	168	2.0
115	169	2.0
115	170	1.0
116	116	557.0
116	117	31.0
116	129	1.0
116	134	2.0
116	137	2.0
116	139	4.0
116	140	13.0
116	141	2.0
116	142	5.0
116	144	5.0
116	145	2.0
116	146	1.0
116	147	15.0
116	148	4.0
116	166	3.0
116	167	1.0
117	117	461.0
117	118	12.0
117	119	1.0
117	121	4.0
117	124	4.0
117	144	1.0
117	145	4.0
117	146	9.0
117	147	21.0
117	148	15.0
117	149	3.0
117	151	2.0
117	152	1.0
117	164	1.0
117	165	2.0
117	166	4.0
117	167	4.0
118	118	524.0
118	119	20.0
118	120	2.0
118	121	4.0
118	122	10.0
118	133	7.0
118	134	3.0
118	139	2.0
118	145	3.0
118	146	4.0
118	152	11.0
118	153	1.0
118	164	1.0
118	166	1.0
119	119	523.0
119	120	21.0
119	121	4.0
119	122	20.0
119	128	1.0
119	130	1.0
119	131	1.0
119	133	2.0
119	146	4.0
119	162	1.0
119	164	5.0
119	165	4.0
119	166	12.0
119	167	2.0
119	168	5.0
119	169	4.0
120	120	498.0
120	121	16.0
120	122	6.0
120	147	1.0
120	153	3.0
120	156	9.0
120	160	3.0
120	161	5.0
120	162	1.0
120	164	1.0
120	165	13.0
120	166	5.0
120	168	2.0
120	169	1.0
120	170	3.0
121	121	477.0
121	122	11.0
121	123	1.0
121	125	1.0
121	127	1.0
121	129	1.0
121	132	1.0
121	141	1.0
121	142	1.0
121	145	1.0
121	149	1.0
121	151	3.0
121	152	10.0
121	153	24.0
121	154	4.0
121	155	7.0
121	156	8.0
121	157	3.0
121	160	1.0
121	161	5.0
121	165	15.0
121	166	10.0
121	170	2.0
122	122	520.0
122	123	3.0
122	124	2.0
122	125	1.0
122	126	16.0
122	128	2.0
122	130	8.0
122	131	8.0
122	132	1.0
122	135	1.0
122	141	6.0
122	142	6.0
122	143	8.0
122	144	11.0
122	145	2.0
122	146	3.0
122	147	1.0
122	151	6.0
122	152	4.0
122	153	1.0
122	154	7.0
122	155	3.0
122	156	22.0
122	158	5.0
122	159	2.0
122	160	2.0
122	161	8.0
122	167	2.0
122	168	2.0
122	169	1.0
123	123	511.0
123	124	8.0
123	125	27.0
123	126	7.0
123	127	2.0
123	128	10.0
123	129	31.0
123	130	8.0
123	131	9.0
123	132	3.0
123	136	1.0
123	143	1.0
123	144	7.0
123	145	6.0
123	146	1.0
123	147	2.0
123	149	4.0
123	165	1.0
123	166	1.0
124	124	491.0
124	125	7.0
124	126	1.0
124	128	3.0
124	141	1.0
124	142	2.0
124	145	1.0
124	147	2.0
124	148	12.0
124	161	1.0
124	166	4.0
124	167	1.0
125	125	468.0
125	126	14.0
125	127	10.0
125	128	19.0
125	129	29.0
125	130	9.0
125	131	5.0
125	143	1.0
125	144	3.0
125	147	2.0
125	149	9.0
125	163	1.0
125	166	1.0
126	126	528.0
126	127	33.0
126	128	13.0
126	129	8.0
126	130	16.0
126	131	12.0
126	143	7.0
126	144	7.0
126	145	3.0
126	149	5.0
126	154	1.0
127	127	527.0
127	128	20.0
127	129	5.0
127	130	4.0
127	135	1.0
127	139	2.0
127	140	4.0
127	144	4.0
127	145	1.0
128	128	522.0
128	129	30.0
128	130	15.0
128	131	2.0
128	144	2.0
128	145	1.0
128	148	1.0
128	149	2.0
129	129	486.0
129	130	24.0
129	131	2.0
129	137	1.0
129	141	1.0
129	144	4.0
129	149	6.0
129	155	1.0
129	167	1.0
129	168	1.0
130	130	539.0
130	131	20.0
130	132	1.0
130	140	1.0
130	142	1.0
130	143	7.0
130	144	17.0
130	145	3.0
130	147	5.0
130	148	2.0
130	149	10.0
130	170	1.0
131	131	539.0
131	132	10.0
131	136	1.0
131	142	6.0
131	143	20.0
131	144	26.0
131	145	1.0
131	149	18.0
131	160	1.0
132	132	491.0
132	133	12.0
132	134	6.0
132	135	3.0
132	136	3.0
132	138	2.0
132	139	5.0
132	143	5.0
132	168	1.0
133	133	505.0
133	134	38.0
133	135	11.0
133	136	5.0
133	137	1.0
133	138	11.0
133	139	11.0
133	140	2.0
133	141	1.0
133	158	3.0
133	159	1.0
133	166	1.0
133	167	6.0
133	168	15.0
133	169	6.0
134	134	542.0
134	135	45.0
134	136	16.0
134	137	16.0
134	138	14.0
134	139	3.0
134	144	1.0
134	153	1.0
134	159	3.0
134	160	1.0
134	166	1.0
134	167	1.0
134	168	2.0
135	135	564.0
135	136	50.0
135	137	8.0
135	138	24.0
135	139	2.0
135	155	1.0
135	156	1.0
135	158	4.0
135	160	5.0
135	163	2.0
135	167	3.0
136	136	528.0
136	137	7.0
136	138	7.0
136	141	1.0
136	163	1.0
136	166	2.0
136	167	8.0
136	168	1.0
137	137	600.0
137	138	34.0
137	140	2.0
137	167	1.0
137	168	1.0
138	138	563.0
138	139	13.0
138	140	1.0
138	147	1.0
138	151	1.0
138	156	1.0
138	157	3.0
138	158	2.0
138	159	8.0
138	160	2.0
138	163	1.0
138	164	1.0
138	166	5.0
138	167	3.0
138	168	16.0
138	169	12.0
139	139	571.0
139	140	60.0
139	141	14.0
139	144	10.0
139	145	7.0
139	146	2.0
139	147	4.0
139	148	15.0
139	153	2.0
139	154	3.0
139	155	8.0
139	157	26.0
139	158	9.0
139	159	9.0
139	166	2.0
139	167	8.0
139	168	6.0
139	169	1.0
140	140	530.0
140	141	13.0
140	143	1.0
140	144	3.0
140	145	14.0
140	146	14.0
140	147	9.0
140	148	28.0
140	151	3.0
140	153	1.0
140	154	3.0
140	155	7.0
140	158	6.0
140	163	1.0
140	167	5.0
140	168	7.0
140	169	1.0
141	141	495.0
141	142	19.0
141	144	3.0
141	145	7.0
141	148	8.0
141	152	2.0
141	153	11.0
141	154	2.0
141	155	9.0
141	156	7.0
141	157	6.0
141	158	2.0
141	161	3.0
141	162	1.0
141	164	1.0
141	168	1.0
142	142	507.0
142	143	34.0
142	144	25.0
142	145	1.0
142	155	2.0
142	156	2.0
142	157	9.0
142	158	3.0
142	161	4.0
142	164	1.0
142	168	2.0
143	143	572.0
143	144	27.0
143	145	7.0
143	147	1.0
143	148	4.0
143	156	8.0
143	157	3.0
143	159	1.0
143	161	2.0
143	163	3.0
143	164	14.0
143	166	2.0
143	168	1.0
144	144	542.0
144	145	9.0
144	147	1.0
144	148	3.0
144	155	4.0
144	164	2.0
144	165	3.0
144	166	10.0
145	145	478.0
145	146	4.0
145	147	15.0
145	148	13.0
145	149	2.0
145	150	1.0
145	151	2.0
145	154	1.0
145	155	1.0
145	165	11.0
145	166	20.0
145	169	1.0
146	146	504.0
146	147	17.0
146	148	9.0
146	149	2.0
146	151	21.0
146	152	22.0
146	158	6.0
146	163	2.0
147	147	468.0
147	148	36.0
147	149	11.0
147	151	2.0
147	152	5.0
147	166	3.0
147	167	4.0
148	148	607.0
148	149	8.0
148	151	1.0
148	152	1.0
148	153	12.0
148	154	8.0
148	155	5.0
148	156	1.0
148	166	6.0
149	149	574.0
149	150	29.0
149	151	9.0
149	152	20.0
149	153	4.0
149	154	4.0
149	170	1.0
150	150	563.0
150	151	36.0
150	152	8.0
150	153	3.0
150	156	1.0
151	151	546.0
151	152	22.0
151	153	4.0
151	154	8.0
151	156	1.0
151	157	3.0
151	159	1.0
151	162	1.0
151	168	1.0
152	152	573.0
152	153	29.0
152	154	5.0
152	155	7.0
152	156	6.0
152	157	1.0
152	159	2.0
152	160	2.0
152	165	1.0
152	170	15.0
153	153	475.0
153	154	3.0
153	155	20.0
153	156	16.0
153	157	8.0
153	160	3.0
153	164	1.0
153	165	4.0
153	169	1.0
153	170	10.0
154	154	555.0
154	155	24.0
154	156	16.0
154	157	5.0
154	158	2.0
154	159	12.0
154	169	3.0
154	170	2.0
155	155	531.0
155	156	29.0
155	157	14.0
155	158	12.0
155	159	15.0
155	160	2.0
155	163	3.0
156	156	558.0
156	157	31.0
156	158	10.0
156	159	5.0
156	161	1.0
156	168	1.0
156	169	12.0
156	170	1.0
157	157	589.0
157	158	24.0
157	159	4.0
157	160	1.0
157	170	1.0
158	158	589.0
158	159	14.0
158	160	2.0
158	168	1.0
158	169	2.0
159	159	649.0
159	160	32.0
159	161	3.0
159	162	4.0
159	163	9.0
159	164	2.0
159	165	3.0
159	167	1.0
159	168	1.0
159	169	8.0
159	170	3.0
160	160	558.0
160	161	26.0
160	162	12.0
160	163	7.0
160	164	5.0
160	165	16.0
160	166	2.0
160	167	4.0
160	168	4.0
160	169	12.0
160	170	18.0
161	161	552.0
161	162	31.0
161	163	36.0
161	164	29.0
161	165	9.0
161	166	1.0
161	167	3.0
161	168	4.0
161	169	4.0
161	170	10.0
162	162	525.0
162	163	9.0
162	164	12.0
162	165	24.0
162	166	8.0
162	167	2.0
162	170	4.0
163	163	537.0
163	164	51.0
163	166	5.0
163	167	6.0
163	169	2.0
163	170	3.0
164	164	536.0
164	165	17.0
164	166	5.0
164	167	11.0
164	168	4.0
164	169	2.0
164	170	2.0
165	165	489.0
165	166	11.0
165	168	7.0
165	169	5.0
165	170	4.0
166	166	606.0
166	167	25.0
166	168	20.0
166	169	21.0
167	167	500.0
167	168	23.0
167	169	15.0
167	170	1.0
168	168	620.0
168	169	31.0
168	170	3.0
169	169	605.0
169	170	5.0
170	170	560.0
172	1	17.0
172	7	2.0
172	9	3.0
172	10	2.0
172	11	2.0
172	13	1.0
172	15	2.0
172	16	4.0
172	17	3.0
172	18	1.0
172	19	1.0
172	20	6.0
172	21	1.0
172	22	13.0
172	23	13.0
172	24	3.0
172	28	9.0
172	31	1.0
172	33	2.0
172	34	11.0
172	39	2.0
172	42	1.0
172	44	17.0
172	45	9.0
172	46	10.0
172	88	5.0
172	89	3.0
172	93	1.0
172	108	1.0
172	110	1.0
172	111	2.0
172	119	1.0
172	140	1.0
172	157	1.0
172	164	1.0
172	172	537.0
