1	1	186.0
1	2	9.0
1	4	8.0
1	5	5.0
1	26	1.0
1	94	1.0
1	139	1.0
1	161	1.0
1	173	1.0
2	2	252.0
2	3	4.0
2	4	9.0
2	33	1.0
2	42	1.0
2	49	1.0
2	63	1.0
2	72	1.0
2	83	1.0
2	109	1.0
2	123	3.0
2	124	14.0
2	133	1.0
2	145	1.0
2	147	1.0
2	161	1.0
3	3	244.0
3	4	3.0
3	5	1.0
3	9	5.0
3	22	1.0
3	24	3.0
3	25	14.0
3	38	1.0
3	63	1.0
3	95	1.0
3	169	1.0
4	4	213.0
4	5	25.0
4	6	2.0
4	8	2.0
4	9	3.0
4	25	1.0
4	94	1.0
4	97	1.0
4	145	1.0
4	147	1.0
5	5	315.0
5	6	8.0
5	7	7.0
5	8	13.0
5	9	3.0
5	91	1.0
5	145	1.0
6	6	230.0
6	7	29.0
6	8	4.0
6	17	1.0
6	25	3.0
6	68	1.0
6	114	1.0
6	131	1.0
6	154	1.0
6	173	1.0
7	7	244.0
7	8	10.0
7	9	1.0
7	13	1.0
7	21	2.0
7	25	1.0
7	71	1.0
8	8	242.0
8	9	2.0
8	10	1.0
8	63	1.0
8	114	1.0
8	155	1.0
9	9	93.0
9	10	1.0
9	11	1.0
9	25	1.0
10	10	169.0
10	11	16.0
10	12	5.0
10	13	6.0
10	14	3.0
10	17	7.0
10	18	5.0
10	19	2.0
10	22	3.0
10	23	3.0
10	25	7.0
10	35	1.0
10	42	1.0
10	43	9.0
10	45	2.0
10	46	4.0
10	47	2.0
10	48	2.0
10	53	1.0
10	59	6.0
10	60	4.0
10	61	4.0
10	164	1.0
10	186	1.0
11	11	174.0
11	12	8.0
11	13	1.0
11	14	3.0
11	17	1.0
11	19	3.0
11	31	2.0
11	42	3.0
11	43	5.0
11	46	3.0
11	47	4.0
11	48	10.0
11	52	1.0
11	56	2.0
11	59	13.0
11	60	1.0
11	61	3.0
11	70	1.0
11	179	1.0
12	12	161.0
12	13	9.0
12	14	7.0
12	17	2.0
12	18	15.0
12	19	2.0
12	22	1.0
12	42	9.0
12	43	3.0
12	45	4.0
12	46	5.0
12	47	5.0
12	48	3.0
12	80	1.0
12	102	1.0
12	121	1.0
12	126	1.0
13	13	182.0
13	14	12.0
13	15	1.0
13	16	2.0
13	17	8.0
13	18	1.0
13	22	2.0
13	25	2.0
13	39	1.0
13	41	2.0
13	42	5.0
13	43	1.0
13	44	1.0
13	46	3.0
13	47	2.0
13	48	1.0
13	143	1.0
14	14	206.0
14	15	6.0
14	16	11.0
14	17	5.0
14	22	4.0
14	31	1.0
14	35	3.0
14	41	1.0
14	44	5.0
14	45	2.0
14	46	5.0
14	47	2.0
14	79	1.0
14	94	1.0
14	162	1.0
15	15	213.0
15	16	17.0
15	17	4.0
15	18	1.0
15	30	1.0
15	31	1.0
15	35	1.0
15	44	10.0
15	53	1.0
15	80	1.0
15	110	1.0
15	130	1.0
15	183	1.0
16	16	198.0
16	17	10.0
16	22	2.0
16	30	1.0
16	42	2.0
16	43	6.0
16	44	6.0
16	45	6.0
16	46	2.0
16	47	3.0
17	17	198.0
17	18	5.0
17	19	1.0
17	22	5.0
17	25	2.0
17	43	8.0
17	44	13.0
17	45	5.0
17	46	4.0
17	63	1.0
17	151	1.0
17	173	1.0
18	18	188.0
18	19	5.0
18	20	6.0
18	21	10.0
18	22	11.0
18	23	4.0
18	32	2.0
18	43	2.0
18	44	1.0
18	45	5.0
18	46	7.0
18	61	1.0
18	65	1.0
18	172	1.0
19	19	155.0
19	20	24.0
19	21	12.0
19	22	8.0
19	24	2.0
19	45	3.0
19	46	10.0
19	100	1.0
19	116	1.0
20	20	172.0
20	21	16.0
20	22	2.0
20	46	4.0
20	124	1.0
20	148	1.0
20	157	1.0
21	21	190.0
21	22	6.0
21	23	3.0
21	24	3.0
21	25	1.0
21	45	1.0
21	46	2.0
21	96	1.0
22	22	164.0
22	23	8.0
22	24	3.0
22	25	1.0
22	26	1.0
22	43	7.0
22	44	3.0
22	45	4.0
22	46	3.0
22	54	1.0
22	69	1.0
22	115	2.0
22	118	1.0
22	137	1.0
22	144	1.0
23	23	190.0
23	24	15.0
23	25	1.0
23	43	2.0
23	45	8.0
23	46	1.0
23	95	1.0
23	124	1.0
24	24	190.0
24	25	9.0
24	41	3.0
24	45	1.0
24	140	1.0
24	160	1.0
25	25	193.0
25	26	11.0
25	45	2.0
25	57	1.0
25	82	1.0
25	170	1.0
26	26	207.0
26	27	2.0
26	40	1.0
26	45	1.0
26	115	1.0
27	27	177.0
27	28	8.0
27	29	1.0
27	30	6.0
27	31	13.0
27	33	4.0
27	43	2.0
27	106	1.0
27	177	1.0
28	28	193.0
28	29	6.0
28	30	1.0
28	31	8.0
28	32	3.0
28	57	1.0
28	60	1.0
29	29	183.0
29	30	1.0
29	31	1.0
29	32	9.0
29	138	1.0
29	146	1.0
29	161	1.0
30	30	184.0
30	31	11.0
30	32	2.0
30	35	2.0
30	41	1.0
30	43	1.0
30	44	6.0
30	47	1.0
30	86	1.0
31	31	182.0
31	32	6.0
31	33	1.0
31	34	1.0
31	35	8.0
31	44	4.0
31	58	1.0
31	179	1.0
32	32	173.0
32	33	10.0
32	34	10.0
32	35	4.0
32	71	1.0
32	91	1.0
32	92	1.0
32	134	1.0
32	147	1.0
32	161	1.0
33	33	155.0
33	34	26.0
33	35	4.0
33	36	6.0
33	37	5.0
33	38	3.0
33	44	1.0
33	45	1.0
33	49	1.0
34	34	153.0
34	35	12.0
34	36	5.0
34	38	4.0
34	41	1.0
34	44	1.0
34	53	1.0
34	140	1.0
35	35	157.0
35	36	5.0
35	38	6.0
35	42	2.0
35	44	7.0
35	45	2.0
35	63	1.0
35	85	1.0
35	113	1.0
35	142	1.0
36	36	174.0
36	37	14.0
36	38	3.0
36	116	1.0
36	153	1.0
37	37	187.0
37	38	17.0
37	39	2.0
37	65	1.0
37	72	1.0
37	164	1.0
38	38	212.0
38	39	5.0
38	65	1.0
38	136	1.0
38	144	1.0
39	39	154.0
39	40	34.0
39	132	1.0
39	153	1.0
40	40	214.0
40	47	1.0
40	68	2.0
40	187	1.0
41	41	204.0
41	42	5.0
41	44	1.0
41	190	1.0
42	42	174.0
42	43	4.0
42	44	1.0
42	45	4.0
42	46	1.0
42	47	4.0
42	48	4.0
42	49	3.0
42	62	1.0
42	77	1.0
42	145	1.0
43	43	154.0
43	44	11.0
43	45	6.0
43	46	8.0
43	47	5.0
43	48	2.0
43	49	1.0
43	148	1.0
43	170	1.0
44	44	171.0
44	45	3.0
44	150	1.0
45	45	163.0
45	46	10.0
45	47	2.0
45	80	1.0
46	46	196.0
46	47	12.0
46	48	2.0
46	174	1.0
47	47	188.0
47	48	12.0
47	49	2.0
47	63	1.0
47	147	1.0
47	158	1.0
47	187	1.0
48	48	177.0
48	49	4.0
48	52	5.0
48	53	3.0
48	57	1.0
48	68	1.0
48	72	1.0
48	92	1.0
48	145	2.0
49	49	165.0
49	59	1.0
49	86	1.0
49	91	1.0
49	113	1.0
49	132	2.0
49	172	1.0
49	173	1.0
49	178	1.0
49	190	1.0
52	52	62.0
52	53	10.0
52	54	6.0
52	56	4.0
52	57	2.0
52	59	1.0
53	53	201.0
53	54	18.0
53	55	7.0
53	56	9.0
53	57	15.0
53	74	1.0
53	102	1.0
53	154	1.0
53	167	1.0
54	54	163.0
54	55	10.0
54	56	20.0
54	57	3.0
54	59	1.0
54	83	1.0
54	135	1.0
55	55	199.0
55	56	4.0
55	115	1.0
56	56	170.0
56	57	13.0
56	58	1.0
56	60	1.0
56	181	1.0
57	57	214.0
57	58	3.0
57	59	5.0
57	60	3.0
57	61	1.0
57	134	1.0
57	145	1.0
57	154	1.0
58	58	194.0
58	59	4.0
58	60	4.0
58	61	4.0
58	62	5.0
58	63	6.0
58	64	6.0
58	72	1.0
58	76	2.0
58	77	2.0
58	90	1.0
58	106	6.0
58	107	5.0
58	116	1.0
58	162	1.0
58	169	1.0
59	59	144.0
59	60	8.0
59	61	14.0
59	147	1.0
59	148	2.0
60	60	183.0
60	61	8.0
60	62	1.0
60	63	6.0
60	64	1.0
60	74	1.0
60	77	5.0
60	78	2.0
60	79	1.0
61	61	160.0
61	62	12.0
61	63	13.0
61	64	4.0
61	77	3.0
61	106	2.0
61	111	1.0
61	152	1.0
61	190	1.0
62	62	202.0
62	63	9.0
62	76	7.0
62	77	15.0
62	78	7.0
62	79	3.0
62	80	3.0
62	81	7.0
62	91	6.0
62	92	1.0
62	106	11.0
62	107	3.0
62	108	14.0
62	111	3.0
62	166	1.0
62	190	1.0
63	63	168.0
63	64	6.0
63	71	1.0
63	76	7.0
63	77	13.0
63	78	21.0
63	79	2.0
63	89	1.0
63	106	7.0
63	107	1.0
63	111	3.0
63	121	1.0
64	64	155.0
64	65	4.0
64	68	2.0
64	76	1.0
64	82	1.0
64	84	3.0
64	85	4.0
64	93	1.0
64	95	2.0
64	107	12.0
65	65	175.0
65	66	12.0
65	67	15.0
65	68	7.0
65	69	2.0
65	74	2.0
65	75	1.0
65	84	5.0
65	85	7.0
65	86	3.0
65	87	2.0
66	66	188.0
66	67	13.0
66	68	10.0
66	75	2.0
66	84	2.0
66	86	2.0
66	87	6.0
66	158	1.0
67	67	172.0
67	68	19.0
67	74	2.0
67	75	11.0
67	84	10.0
67	85	17.0
67	86	5.0
67	87	12.0
67	90	2.0
67	92	2.0
67	93	4.0
67	94	1.0
67	96	1.0
67	117	1.0
67	118	3.0
67	132	1.0
67	181	1.0
68	68	192.0
68	69	1.0
68	72	1.0
68	73	1.0
68	74	11.0
68	75	9.0
68	84	17.0
68	85	11.0
68	86	9.0
68	87	4.0
68	106	1.0
68	125	1.0
68	172	1.0
69	69	141.0
69	70	4.0
69	71	7.0
69	72	7.0
69	73	16.0
69	74	8.0
69	75	1.0
69	85	2.0
70	70	147.0
70	71	10.0
70	72	3.0
70	73	8.0
70	76	1.0
70	140	1.0
70	185	1.0
71	71	186.0
71	72	26.0
71	73	11.0
71	183	1.0
72	72	202.0
72	73	12.0
72	74	1.0
72	81	1.0
72	85	1.0
72	96	1.0
72	103	2.0
72	116	1.0
72	190	1.0
73	73	183.0
73	74	7.0
73	85	4.0
73	110	2.0
73	185	1.0
74	74	185.0
74	75	4.0
74	76	1.0
74	85	14.0
74	86	1.0
75	75	151.0
75	76	3.0
75	83	2.0
75	84	14.0
75	85	1.0
75	87	2.0
75	88	2.0
75	89	1.0
75	90	1.0
75	92	4.0
75	93	2.0
75	94	8.0
75	101	1.0
75	107	2.0
75	108	2.0
75	117	4.0
75	118	4.0
76	76	204.0
76	77	6.0
76	80	1.0
76	82	3.0
76	84	4.0
76	91	1.0
76	92	3.0
76	93	1.0
76	106	8.0
76	107	24.0
76	108	9.0
76	109	1.0
76	188	1.0
77	77	163.0
77	78	16.0
77	80	1.0
77	82	6.0
77	92	2.0
77	106	6.0
77	107	3.0
77	108	10.0
77	111	1.0
77	113	1.0
78	78	199.0
78	79	10.0
78	80	8.0
78	81	3.0
78	103	1.0
78	106	3.0
78	107	3.0
78	110	8.0
78	111	15.0
78	112	1.0
78	113	1.0
78	125	1.0
78	137	1.0
78	173	1.0
78	190	2.0
79	79	196.0
79	80	3.0
79	81	3.0
79	82	3.0
79	102	1.0
79	106	3.0
79	110	8.0
79	111	16.0
79	112	7.0
79	113	6.0
79	127	1.0
79	141	1.0
79	163	1.0
80	80	178.0
80	81	17.0
80	82	2.0
80	92	6.0
80	93	1.0
80	105	7.0
80	106	3.0
80	109	2.0
80	110	17.0
80	111	7.0
80	112	7.0
80	113	9.0
80	123	1.0
80	129	1.0
80	164	1.0
80	184	1.0
81	81	210.0
81	82	5.0
81	91	3.0
81	92	9.0
81	106	4.0
81	108	10.0
81	109	2.0
81	110	12.0
81	111	2.0
81	112	6.0
81	113	3.0
81	118	1.0
81	119	1.0
81	136	1.0
81	164	1.0
82	82	177.0
82	83	2.0
82	84	1.0
82	89	10.0
82	91	5.0
82	92	10.0
82	93	9.0
82	105	1.0
82	107	1.0
82	108	9.0
82	110	2.0
82	113	2.0
82	117	1.0
82	124	1.0
83	83	168.0
83	84	22.0
83	88	9.0
83	89	11.0
83	90	2.0
83	91	5.0
83	92	7.0
83	93	13.0
83	94	2.0
83	95	1.0
83	102	1.0
83	107	2.0
83	108	3.0
83	109	3.0
83	117	4.0
83	118	4.0
83	131	1.0
83	153	1.0
83	181	1.0
84	84	192.0
84	85	2.0
84	86	1.0
84	87	6.0
84	92	2.0
84	93	1.0
84	107	1.0
84	108	6.0
84	117	2.0
84	144	1.0
84	157	1.0
84	178	1.0
85	85	212.0
85	86	7.0
85	115	1.0
85	146	1.0
86	86	171.0
86	87	25.0
86	123	1.0
86	157	1.0
87	87	198.0
87	88	2.0
87	94	1.0
88	88	171.0
88	89	12.0
88	90	24.0
88	91	2.0
88	94	2.0
88	95	1.0
88	101	1.0
88	102	2.0
88	109	1.0
88	161	1.0
89	89	155.0
89	92	1.0
89	93	15.0
89	108	5.0
89	109	7.0
89	143	1.0
89	147	1.0
89	172	1.0
89	188	1.0
90	90	203.0
90	91	9.0
90	94	2.0
90	96	2.0
90	97	1.0
90	100	2.0
90	101	5.0
90	102	12.0
90	103	7.0
90	104	4.0
90	115	1.0
90	118	4.0
90	190	1.0
91	91	155.0
91	92	19.0
91	93	1.0
91	94	1.0
91	96	1.0
91	101	7.0
91	102	12.0
91	107	6.0
91	108	6.0
91	109	4.0
91	113	1.0
91	115	1.0
91	117	2.0
91	118	4.0
91	119	1.0
91	120	1.0
92	92	182.0
92	93	6.0
92	94	1.0
92	105	2.0
92	107	2.0
92	108	7.0
92	109	13.0
92	110	8.0
92	113	1.0
92	117	5.0
92	118	1.0
92	119	1.0
92	190	1.0
93	93	158.0
93	94	1.0
93	107	2.0
93	108	1.0
93	109	26.0
93	114	2.0
93	117	3.0
93	118	3.0
93	119	2.0
93	139	1.0
93	181	1.0
94	94	184.0
94	95	8.0
94	98	1.0
94	101	11.0
94	102	9.0
94	109	6.0
94	115	1.0
94	116	1.0
94	117	4.0
94	118	16.0
94	139	1.0
94	146	1.0
95	95	203.0
95	96	4.0
95	97	10.0
95	98	3.0
95	99	2.0
95	100	14.0
95	101	5.0
95	102	3.0
95	103	3.0
95	151	1.0
96	96	155.0
96	97	17.0
96	103	10.0
96	115	2.0
96	116	2.0
96	160	2.0
97	97	178.0
97	100	2.0
97	101	1.0
97	102	1.0
97	103	3.0
98	98	180.0
98	99	4.0
98	100	15.0
98	101	5.0
98	103	2.0
98	167	1.0
98	176	1.0
98	182	1.0
99	99	188.0
99	100	3.0
99	145	1.0
99	186	1.0
100	100	171.0
100	101	4.0
100	102	4.0
101	101	201.0
101	102	19.0
101	103	8.0
101	109	3.0
101	117	1.0
101	125	1.0
102	102	186.0
102	103	2.0
102	115	1.0
102	117	2.0
102	118	10.0
102	190	1.0
103	103	173.0
103	104	2.0
103	114	2.0
103	115	2.0
103	116	7.0
104	104	181.0
104	105	3.0
104	106	3.0
104	114	3.0
104	115	3.0
104	116	11.0
104	117	8.0
104	119	2.0
104	120	10.0
104	121	6.0
104	122	1.0
104	123	2.0
104	125	10.0
104	126	4.0
104	130	1.0
104	135	5.0
104	161	5.0
104	162	6.0
104	163	3.0
104	164	5.0
104	166	1.0
104	167	1.0
105	105	181.0
105	106	7.0
105	109	5.0
105	110	12.0
105	111	4.0
105	113	17.0
105	114	2.0
105	118	1.0
105	119	11.0
105	123	1.0
105	125	10.0
105	126	1.0
105	142	1.0
106	106	182.0
106	107	4.0
106	108	5.0
106	110	4.0
106	111	12.0
106	112	3.0
106	113	9.0
106	119	2.0
106	122	1.0
106	125	3.0
106	136	1.0
106	170	1.0
107	107	157.0
107	108	7.0
107	114	1.0
107	123	1.0
108	108	191.0
108	109	1.0
108	110	1.0
108	111	1.0
108	113	2.0
108	177	1.0
109	109	169.0
109	110	4.0
109	113	2.0
109	114	3.0
109	115	2.0
109	118	4.0
109	119	8.0
109	121	1.0
109	141	2.0
110	110	176.0
110	111	3.0
110	112	2.0
110	113	20.0
110	114	1.0
110	117	1.0
110	119	4.0
110	125	1.0
110	145	1.0
111	111	216.0
111	112	12.0
111	113	3.0
111	173	1.0
112	112	154.0
112	113	1.0
113	113	178.0
113	114	1.0
113	115	5.0
113	117	2.0
113	119	20.0
113	121	1.0
113	122	4.0
113	125	1.0
113	144	1.0
113	187	1.0
114	114	230.0
114	115	33.0
114	116	8.0
114	117	11.0
114	118	3.0
114	119	2.0
114	120	4.0
114	122	23.0
114	164	1.0
114	174	9.0
114	186	1.0
115	115	249.0
115	116	9.0
115	117	8.0
115	118	4.0
115	119	6.0
115	120	4.0
115	121	4.0
115	122	18.0
115	167	1.0
115	174	4.0
115	175	1.0
116	116	188.0
116	120	9.0
116	121	13.0
117	117	163.0
117	118	9.0
117	119	6.0
117	120	1.0
117	121	1.0
117	122	9.0
117	123	4.0
117	125	1.0
117	131	1.0
117	161	1.0
118	118	180.0
118	122	1.0
118	150	1.0
119	119	123.0
119	120	6.0
119	122	12.0
119	123	1.0
119	125	1.0
119	178	1.0
119	179	1.0
120	120	137.0
120	121	19.0
120	122	14.0
120	123	4.0
120	143	1.0
120	161	2.0
120	162	3.0
120	163	1.0
120	164	3.0
120	166	4.0
120	167	1.0
121	121	198.0
121	122	6.0
121	128	1.0
121	142	2.0
121	152	1.0
121	161	9.0
121	162	7.0
121	163	7.0
121	164	6.0
121	165	3.0
121	166	3.0
122	122	199.0
122	123	5.0
122	125	4.0
122	157	1.0
122	161	2.0
122	162	5.0
122	164	3.0
123	123	166.0
123	124	11.0
123	125	14.0
123	126	6.0
123	130	6.0
123	133	2.0
123	134	2.0
123	135	2.0
123	142	1.0
123	153	2.0
123	161	1.0
123	164	2.0
123	166	1.0
123	190	1.0
124	124	213.0
124	125	6.0
124	126	9.0
124	127	1.0
124	128	1.0
124	129	1.0
124	130	1.0
124	132	4.0
124	133	6.0
124	134	3.0
124	135	4.0
124	136	5.0
124	137	3.0
124	139	1.0
124	170	1.0
124	183	1.0
125	125	183.0
125	126	7.0
125	127	1.0
125	133	2.0
125	134	3.0
125	135	5.0
125	136	1.0
125	137	1.0
125	151	1.0
126	126	160.0
126	127	4.0
126	128	1.0
126	130	1.0
126	132	8.0
126	133	1.0
126	134	9.0
126	135	7.0
126	136	1.0
126	137	3.0
126	150	3.0
126	163	2.0
127	127	143.0
127	128	18.0
127	129	2.0
127	130	9.0
127	131	6.0
127	132	14.0
127	133	6.0
127	134	9.0
127	135	13.0
127	162	1.0
127	163	8.0
127	164	2.0
127	166	1.0
127	189	1.0
128	128	158.0
128	129	8.0
128	130	7.0
128	131	11.0
128	132	8.0
128	133	2.0
128	134	11.0
128	137	1.0
128	138	4.0
128	139	4.0
128	146	8.0
128	150	1.0
128	151	4.0
128	159	7.0
128	160	2.0
128	162	2.0
128	164	8.0
128	165	5.0
128	169	2.0
128	170	2.0
128	179	2.0
129	129	152.0
129	130	12.0
129	131	16.0
129	132	2.0
129	133	2.0
129	138	14.0
129	139	1.0
129	142	2.0
129	144	1.0
129	146	6.0
129	151	1.0
129	152	2.0
129	155	4.0
129	159	7.0
129	160	3.0
129	169	2.0
129	170	1.0
129	172	1.0
129	189	2.0
130	130	169.0
130	131	7.0
130	132	10.0
130	133	8.0
130	134	7.0
130	135	5.0
130	138	5.0
130	139	6.0
130	151	1.0
130	153	5.0
130	155	2.0
130	159	3.0
130	160	3.0
130	163	1.0
130	168	1.0
131	131	150.0
131	132	3.0
131	133	3.0
131	134	2.0
131	138	2.0
131	139	2.0
131	141	1.0
131	145	1.0
131	146	12.0
131	149	1.0
131	150	1.0
131	151	5.0
131	152	1.0
131	155	3.0
131	158	1.0
131	159	4.0
131	160	1.0
131	164	1.0
131	166	1.0
131	167	3.0
131	179	4.0
132	132	133.0
132	133	13.0
132	134	15.0
132	135	2.0
132	137	1.0
132	138	5.0
132	146	1.0
132	149	1.0
132	150	1.0
132	152	1.0
132	153	1.0
132	163	2.0
132	164	1.0
133	133	173.0
133	134	13.0
133	136	4.0
133	137	5.0
133	138	1.0
133	139	2.0
133	147	4.0
133	150	5.0
133	153	8.0
133	158	1.0
134	134	144.0
134	135	13.0
134	136	3.0
134	139	1.0
134	143	1.0
134	153	3.0
134	163	1.0
134	173	1.0
134	177	1.0
134	184	1.0
135	135	166.0
135	136	4.0
135	151	1.0
135	156	3.0
135	163	4.0
135	164	3.0
136	136	166.0
136	137	9.0
136	139	1.0
136	150	2.0
137	137	149.0
137	139	7.0
137	140	3.0
137	146	1.0
137	147	1.0
137	148	2.0
137	150	9.0
137	151	1.0
137	153	7.0
137	158	1.0
137	160	1.0
137	161	1.0
138	138	168.0
138	139	8.0
138	140	2.0
138	142	1.0
138	144	1.0
138	145	1.0
138	146	6.0
138	151	2.0
138	153	11.0
138	155	5.0
138	158	5.0
138	159	6.0
138	160	4.0
138	164	1.0
138	167	1.0
138	169	2.0
138	170	4.0
138	172	1.0
138	178	2.0
139	139	160.0
139	140	6.0
139	141	1.0
139	142	2.0
139	146	2.0
139	147	1.0
139	150	1.0
139	152	2.0
139	153	16.0
139	155	1.0
139	156	1.0
139	157	1.0
139	158	3.0
139	159	8.0
139	160	8.0
139	170	2.0
140	140	377.0
140	141	32.0
140	142	2.0
140	143	2.0
140	144	5.0
140	145	3.0
140	146	4.0
140	151	6.0
140	152	6.0
140	153	12.0
140	154	1.0
140	155	1.0
140	156	1.0
140	157	6.0
140	158	2.0
140	159	7.0
140	160	1.0
140	171	1.0
140	179	1.0
140	181	1.0
140	183	4.0
140	184	10.0
140	185	6.0
141	141	328.0
141	142	4.0
141	143	15.0
141	144	4.0
141	145	2.0
141	146	1.0
141	151	1.0
141	152	8.0
141	153	10.0
141	154	6.0
141	155	1.0
141	156	4.0
141	158	8.0
141	159	7.0
141	170	2.0
141	171	2.0
141	174	1.0
141	175	2.0
141	179	1.0
141	180	2.0
141	181	1.0
141	183	8.0
141	184	4.0
142	142	191.0
142	143	12.0
142	144	6.0
142	145	4.0
142	146	3.0
142	151	6.0
142	153	9.0
142	154	6.0
142	155	5.0
142	158	15.0
142	159	4.0
142	170	2.0
142	171	1.0
142	172	2.0
142	179	7.0
142	180	6.0
142	183	1.0
142	184	3.0
142	185	3.0
143	143	307.0
143	144	7.0
143	145	3.0
143	146	3.0
143	147	1.0
143	151	2.0
143	152	11.0
143	154	2.0
143	155	2.0
143	156	6.0
143	157	1.0
143	158	3.0
143	170	9.0
143	171	3.0
143	172	1.0
143	173	2.0
143	178	1.0
143	179	9.0
143	180	20.0
143	181	2.0
143	182	1.0
143	183	5.0
143	185	1.0
144	144	293.0
144	145	20.0
144	146	5.0
144	147	2.0
144	148	4.0
144	149	7.0
144	150	10.0
144	151	5.0
144	152	16.0
144	158	3.0
144	159	4.0
144	178	5.0
144	179	5.0
144	181	5.0
144	182	3.0
144	184	4.0
144	185	8.0
145	145	325.0
145	146	25.0
145	147	5.0
145	148	21.0
145	149	7.0
145	150	11.0
145	151	13.0
145	152	16.0
145	153	2.0
145	158	3.0
145	159	1.0
145	163	1.0
145	178	6.0
145	179	4.0
145	180	3.0
145	181	13.0
145	182	4.0
145	184	2.0
145	185	9.0
146	146	329.0
146	147	8.0
146	148	18.0
146	149	10.0
146	150	10.0
146	151	13.0
146	152	8.0
146	153	3.0
146	155	2.0
146	158	9.0
146	159	5.0
146	160	1.0
146	179	4.0
146	185	2.0
147	147	321.0
147	148	29.0
147	149	18.0
147	150	24.0
147	151	9.0
147	153	2.0
147	161	1.0
147	178	1.0
147	179	3.0
147	185	7.0
147	186	1.0
148	148	369.0
148	149	21.0
148	150	14.0
148	151	5.0
148	185	4.0
148	186	3.0
149	149	380.0
149	150	14.0
149	151	4.0
149	152	1.0
149	182	2.0
149	185	2.0
149	186	1.0
149	187	1.0
150	150	337.0
150	151	11.0
150	152	2.0
150	154	1.0
150	179	1.0
150	185	1.0
151	151	315.0
151	152	10.0
151	153	1.0
151	154	1.0
151	155	7.0
151	156	4.0
151	158	5.0
151	159	1.0
151	166	1.0
151	169	1.0
151	170	3.0
151	171	1.0
151	172	1.0
151	177	1.0
151	179	1.0
151	181	4.0
151	185	3.0
152	152	243.0
152	153	9.0
152	154	3.0
152	155	10.0
152	156	9.0
152	158	2.0
152	159	3.0
152	165	1.0
152	179	3.0
152	180	1.0
152	181	7.0
152	182	5.0
152	185	14.0
153	153	277.0
153	154	13.0
153	155	5.0
153	156	1.0
153	157	2.0
153	158	8.0
153	159	5.0
153	160	2.0
153	168	1.0
153	169	1.0
153	170	2.0
153	172	3.0
154	154	224.0
154	155	4.0
154	156	3.0
154	158	3.0
154	169	8.0
154	170	5.0
154	172	1.0
154	173	2.0
155	155	218.0
155	156	4.0
155	158	5.0
155	159	11.0
155	160	3.0
155	167	5.0
155	168	7.0
155	169	9.0
155	170	6.0
155	172	13.0
155	173	1.0
155	181	1.0
156	156	268.0
156	157	7.0
156	168	5.0
156	169	4.0
156	170	7.0
156	171	4.0
156	173	5.0
156	174	1.0
156	175	5.0
156	180	12.0
157	157	197.0
157	168	16.0
157	169	5.0
157	170	2.0
157	171	12.0
157	172	2.0
157	175	1.0
157	176	1.0
157	180	8.0
158	158	167.0
158	159	11.0
158	167	2.0
158	169	2.0
158	170	4.0
158	172	2.0
158	179	1.0
158	180	1.0
159	159	184.0
159	160	14.0
159	162	3.0
159	166	2.0
159	167	7.0
159	168	4.0
159	169	2.0
159	170	3.0
159	172	7.0
160	160	177.0
160	161	3.0
160	162	8.0
160	165	8.0
160	166	4.0
160	167	3.0
160	169	1.0
160	172	2.0
161	161	163.0
161	162	6.0
161	163	2.0
161	164	6.0
161	165	4.0
161	166	6.0
161	167	3.0
161	168	2.0
161	179	1.0
161	189	1.0
162	162	187.0
162	163	7.0
162	164	7.0
162	165	3.0
162	166	13.0
162	167	4.0
163	163	206.0
163	164	7.0
163	165	3.0
163	166	3.0
163	167	2.0
164	164	173.0
164	165	9.0
164	166	3.0
164	167	8.0
165	165	216.0
165	166	4.0
165	167	8.0
165	168	1.0
166	166	223.0
166	167	13.0
166	168	1.0
166	169	6.0
167	167	214.0
167	168	5.0
167	169	7.0
167	172	8.0
168	168	217.0
168	169	13.0
168	170	2.0
168	172	8.0
168	173	1.0
168	179	1.0
168	180	1.0
169	169	181.0
169	170	14.0
169	172	4.0
170	170	186.0
170	171	11.0
170	172	2.0
170	173	7.0
170	179	2.0
170	180	1.0
171	171	177.0
171	173	10.0
171	174	3.0
171	175	3.0
171	179	4.0
171	180	16.0
171	183	2.0
172	172	196.0
172	173	3.0
172	179	3.0
172	181	1.0
172	186	1.0
173	173	167.0
173	174	15.0
173	175	2.0
173	179	3.0
173	180	2.0
173	182	1.0
173	183	1.0
173	184	2.0
174	174	287.0
174	175	6.0
174	176	6.0
174	178	1.0
174	180	1.0
174	181	1.0
174	184	3.0
175	175	152.0
175	176	6.0
175	180	3.0
175	183	1.0
176	176	198.0
176	177	10.0
176	178	10.0
176	181	7.0
176	182	1.0
176	183	1.0
176	184	1.0
177	177	190.0
177	178	20.0
177	181	11.0
177	182	6.0
177	183	2.0
177	184	6.0
178	178	170.0
178	179	9.0
178	180	1.0
178	181	11.0
178	182	4.0
178	183	10.0
178	184	7.0
179	179	178.0
179	180	8.0
179	181	4.0
179	182	3.0
179	183	6.0
179	184	4.0
179	185	9.0
180	180	188.0
180	181	7.0
180	183	8.0
180	184	3.0
180	185	1.0
181	181	172.0
181	182	15.0
181	183	12.0
181	184	8.0
181	185	1.0
182	182	160.0
182	183	9.0
182	184	15.0
182	185	1.0
183	183	195.0
183	184	16.0
184	184	182.0
184	185	3.0
185	185	218.0
185	186	14.0
185	187	1.0
186	186	178.0
186	187	5.0
186	188	1.0
186	189	4.0
186	190	3.0
187	187	178.0
187	188	11.0
187	189	9.0
187	190	1.0
188	188	185.0
188	189	31.0
188	190	8.0
189	189	174.0
189	190	13.0
190	190	240.0
191	191	8.0
192	1	1.0
192	45	1.0
192	153	1.0
192	160	1.0
192	191	1.0
192	192	257.0
