1	1	375.0
1	2	33.0
1	3	1.0
1	32	1.0
1	37	1.0
1	121	1.0
1	148	1.0
1	149	1.0
1	150	6.0
1	152	5.0
1	153	1.0
2	2	340.0
2	3	5.0
2	4	1.0
2	5	2.0
2	45	1.0
2	58	1.0
2	73	1.0
2	76	6.0
2	77	4.0
2	116	1.0
2	121	4.0
2	136	1.0
2	148	9.0
2	149	1.0
2	150	1.0
2	152	6.0
3	3	374.0
3	4	15.0
3	5	5.0
3	6	10.0
3	7	8.0
3	9	1.0
3	10	1.0
3	11	3.0
3	13	4.0
3	14	9.0
3	20	1.0
3	30	4.0
3	32	1.0
3	33	1.0
3	39	1.0
3	44	3.0
3	45	2.0
3	46	1.0
3	50	1.0
3	70	1.0
3	77	1.0
3	134	1.0
3	148	4.0
3	149	9.0
3	150	2.0
3	152	4.0
4	4	334.0
4	5	36.0
4	6	21.0
4	7	12.0
4	8	1.0
4	10	1.0
4	11	8.0
4	12	4.0
4	13	14.0
4	14	5.0
4	25	1.0
4	30	8.0
4	42	1.0
4	44	12.0
4	45	3.0
4	46	4.0
4	65	1.0
4	69	4.0
5	5	360.0
5	6	16.0
5	7	31.0
5	10	1.0
5	11	4.0
5	12	1.0
5	13	1.0
5	14	2.0
5	15	1.0
5	25	1.0
5	29	7.0
5	30	10.0
5	44	1.0
5	46	4.0
5	47	1.0
5	69	1.0
5	75	1.0
5	104	1.0
5	112	1.0
5	149	1.0
5	158	1.0
6	6	350.0
6	7	17.0
6	11	5.0
6	12	10.0
6	13	23.0
6	14	11.0
6	15	1.0
6	28	1.0
6	30	4.0
6	44	6.0
6	45	3.0
6	46	4.0
6	68	2.0
6	108	1.0
6	139	1.0
6	157	1.0
6	159	1.0
7	7	356.0
7	8	11.0
7	9	1.0
7	10	8.0
7	11	8.0
7	13	2.0
7	14	2.0
7	25	2.0
7	29	9.0
7	30	17.0
7	46	6.0
7	47	1.0
7	51	5.0
7	52	6.0
7	58	1.0
7	65	1.0
7	66	1.0
7	96	1.0
7	113	2.0
7	149	1.0
7	150	2.0
8	8	322.0
8	9	21.0
8	10	12.0
8	11	5.0
8	12	2.0
8	15	4.0
8	24	3.0
8	25	2.0
8	29	8.0
8	40	1.0
8	46	8.0
8	47	2.0
8	48	1.0
8	49	4.0
8	50	4.0
8	51	3.0
8	57	6.0
8	58	2.0
8	62	1.0
8	66	4.0
8	67	1.0
8	71	2.0
8	150	2.0
8	151	1.0
9	9	316.0
9	10	7.0
9	11	10.0
9	12	4.0
9	14	1.0
9	24	4.0
9	29	2.0
9	46	5.0
9	47	5.0
9	48	11.0
9	49	15.0
9	51	1.0
9	52	1.0
9	58	12.0
9	66	1.0
9	67	2.0
9	80	1.0
9	86	1.0
9	149	1.0
9	150	4.0
9	151	1.0
9	166	1.0
10	10	358.0
10	11	10.0
10	12	1.0
10	14	1.0
10	15	5.0
10	24	1.0
10	25	1.0
10	38	1.0
10	42	1.0
10	46	7.0
10	47	11.0
10	48	2.0
10	49	12.0
10	68	2.0
10	98	1.0
11	11	357.0
11	12	23.0
11	13	1.0
11	14	6.0
11	15	7.0
11	16	6.0
11	17	2.0
11	24	6.0
11	25	6.0
11	29	2.0
11	30	1.0
11	44	1.0
11	45	1.0
11	46	2.0
11	47	1.0
11	48	1.0
11	49	1.0
11	51	1.0
11	65	1.0
11	66	3.0
11	68	4.0
11	69	10.0
11	74	1.0
11	114	1.0
12	12	319.0
12	13	24.0
12	14	10.0
12	15	2.0
12	21	4.0
12	24	2.0
12	25	9.0
12	28	2.0
12	29	6.0
12	30	1.0
12	31	1.0
12	44	1.0
12	45	4.0
12	52	6.0
12	65	2.0
12	66	3.0
12	67	1.0
12	69	2.0
12	70	1.0
12	102	1.0
12	125	1.0
12	142	1.0
12	154	1.0
12	156	1.0
13	13	324.0
13	14	21.0
13	15	4.0
13	16	4.0
13	30	1.0
13	36	2.0
13	44	3.0
13	45	1.0
13	55	1.0
14	14	356.0
14	15	35.0
14	16	8.0
14	24	1.0
14	29	2.0
14	32	1.0
14	37	1.0
14	44	8.0
14	45	6.0
14	46	1.0
14	63	1.0
14	76	1.0
14	130	1.0
15	15	385.0
15	16	25.0
15	17	1.0
15	24	2.0
15	25	3.0
15	42	1.0
15	44	2.0
15	45	5.0
15	51	1.0
15	69	1.0
15	76	1.0
15	108	1.0
15	133	1.0
16	16	367.0
16	17	12.0
16	18	9.0
16	19	2.0
16	20	1.0
16	21	2.0
16	22	1.0
16	23	4.0
16	24	6.0
16	25	3.0
16	28	1.0
16	44	1.0
16	66	1.0
16	72	4.0
16	80	1.0
16	95	1.0
16	113	2.0
16	114	1.0
17	17	302.0
17	18	30.0
17	19	9.0
17	20	14.0
17	21	11.0
17	22	15.0
17	23	13.0
17	24	1.0
17	26	1.0
17	39	1.0
17	42	1.0
17	53	1.0
17	57	2.0
17	58	1.0
17	66	1.0
17	67	4.0
17	69	1.0
17	70	1.0
17	72	8.0
17	74	3.0
17	113	1.0
17	127	1.0
17	134	1.0
18	18	300.0
18	19	15.0
18	20	10.0
18	21	2.0
18	22	12.0
18	23	16.0
18	24	4.0
18	25	1.0
18	26	1.0
18	37	1.0
18	56	6.0
18	57	7.0
18	58	3.0
18	67	3.0
18	68	1.0
18	71	1.0
18	72	8.0
18	74	3.0
18	75	1.0
18	113	1.0
18	146	1.0
18	161	6.0
18	164	1.0
19	19	317.0
19	20	7.0
19	21	8.0
19	22	12.0
19	23	17.0
19	24	3.0
19	26	4.0
19	27	1.0
19	28	1.0
19	53	1.0
19	54	2.0
19	55	8.0
19	58	4.0
19	65	5.0
19	66	15.0
19	67	7.0
19	69	9.0
19	70	2.0
19	81	1.0
19	160	6.0
19	161	3.0
20	20	334.0
20	21	11.0
20	22	8.0
20	23	4.0
20	24	2.0
20	26	11.0
20	27	2.0
20	28	1.0
20	50	1.0
20	54	8.0
20	55	3.0
20	64	1.0
20	65	1.0
20	113	1.0
20	151	1.0
20	159	1.0
20	167	1.0
21	21	336.0
21	22	27.0
21	23	7.0
21	24	14.0
21	25	3.0
21	28	6.0
21	29	4.0
21	51	1.0
21	56	4.0
21	69	6.0
21	85	1.0
21	145	1.0
21	146	1.0
22	22	300.0
22	23	12.0
22	24	10.0
22	25	1.0
22	28	3.0
22	29	1.0
22	51	3.0
22	55	1.0
22	56	1.0
22	57	2.0
22	101	1.0
22	113	4.0
22	114	2.0
22	141	1.0
23	23	298.0
23	24	22.0
23	25	2.0
23	26	1.0
23	29	4.0
23	50	3.0
23	53	1.0
23	65	4.0
23	66	4.0
23	67	5.0
23	69	2.0
23	70	1.0
23	74	3.0
23	151	1.0
24	24	306.0
24	25	25.0
24	28	2.0
24	29	1.0
24	35	1.0
24	42	2.0
24	50	4.0
24	51	3.0
24	56	5.0
24	66	1.0
24	103	1.0
24	111	4.0
24	112	3.0
24	113	6.0
24	114	2.0
24	170	1.0
25	25	301.0
25	26	11.0
25	28	13.0
25	29	16.0
25	30	1.0
25	46	1.0
25	47	1.0
25	48	1.0
25	50	3.0
25	51	6.0
25	52	4.0
25	53	2.0
25	65	1.0
25	67	3.0
25	111	6.0
25	113	1.0
26	26	269.0
26	27	7.0
26	28	9.0
26	29	6.0
26	30	2.0
26	36	1.0
26	47	1.0
26	50	1.0
26	51	4.0
26	52	1.0
26	53	1.0
26	54	8.0
26	55	4.0
26	58	1.0
26	90	1.0
26	111	4.0
26	113	2.0
26	131	1.0
26	155	1.0
27	27	332.0
27	28	22.0
27	29	2.0
27	31	2.0
27	46	1.0
27	50	1.0
27	51	3.0
27	53	6.0
27	54	9.0
27	55	5.0
27	56	2.0
27	57	7.0
27	62	2.0
27	63	2.0
27	64	1.0
27	68	2.0
27	85	1.0
27	111	7.0
27	113	2.0
27	114	2.0
27	129	1.0
27	137	1.0
27	140	1.0
27	159	1.0
28	28	332.0
28	29	5.0
28	30	1.0
28	31	1.0
28	50	3.0
28	51	2.0
28	52	3.0
28	53	21.0
28	54	3.0
28	63	1.0
28	66	1.0
28	67	10.0
28	68	1.0
28	105	1.0
28	111	4.0
28	113	3.0
28	114	1.0
28	121	1.0
29	29	326.0
29	30	3.0
29	31	1.0
29	46	4.0
29	47	2.0
29	48	1.0
29	50	15.0
29	51	3.0
29	52	5.0
29	53	13.0
29	66	4.0
29	67	7.0
29	70	1.0
29	109	4.0
29	111	4.0
29	114	1.0
29	137	2.0
29	147	1.0
29	154	1.0
30	30	382.0
30	31	38.0
30	32	13.0
30	33	1.0
30	34	3.0
30	35	1.0
30	44	5.0
30	46	1.0
30	52	8.0
30	55	1.0
30	65	1.0
30	109	1.0
31	31	380.0
31	32	19.0
31	33	9.0
31	34	6.0
31	35	1.0
31	43	1.0
31	69	1.0
31	71	1.0
31	111	1.0
32	32	328.0
32	33	19.0
32	34	18.0
32	35	11.0
32	37	1.0
32	94	1.0
32	119	1.0
33	33	386.0
33	34	18.0
33	35	15.0
33	36	20.0
33	37	3.0
33	103	1.0
34	34	385.0
34	35	26.0
34	36	7.0
34	37	4.0
34	105	1.0
34	107	2.0
34	108	2.0
34	109	1.0
34	155	1.0
35	35	324.0
35	36	14.0
35	37	13.0
35	40	1.0
35	70	1.0
35	74	1.0
35	75	2.0
35	102	1.0
35	106	1.0
35	107	2.0
35	108	4.0
35	113	1.0
36	36	425.0
36	37	38.0
36	38	7.0
36	39	2.0
36	40	2.0
36	41	4.0
36	105	1.0
36	106	3.0
36	108	1.0
36	137	1.0
37	37	401.0
37	38	19.0
37	39	3.0
37	41	3.0
37	71	1.0
37	72	3.0
37	82	1.0
37	108	4.0
37	113	1.0
37	137	2.0
37	138	11.0
37	139	4.0
37	153	1.0
37	156	1.0
37	159	1.0
37	167	1.0
38	38	324.0
38	39	12.0
38	40	7.0
38	41	7.0
38	42	4.0
38	52	1.0
38	68	1.0
38	71	1.0
38	84	1.0
38	86	1.0
38	119	1.0
38	138	7.0
38	139	1.0
38	151	1.0
38	167	2.0
38	169	3.0
39	39	376.0
39	40	33.0
39	41	18.0
39	42	6.0
39	74	1.0
39	84	1.0
39	117	1.0
39	137	2.0
39	138	5.0
39	139	1.0
39	155	1.0
39	167	3.0
39	168	4.0
39	169	4.0
40	40	384.0
40	41	11.0
40	42	1.0
40	44	2.0
40	45	1.0
40	56	1.0
40	88	1.0
40	138	6.0
40	145	1.0
40	167	2.0
40	168	7.0
40	169	15.0
41	41	435.0
41	42	5.0
41	71	1.0
41	73	1.0
41	88	2.0
41	102	1.0
41	135	1.0
41	136	4.0
41	137	1.0
41	138	6.0
41	139	4.0
41	143	4.0
41	144	1.0
41	158	3.0
41	167	13.0
41	168	7.0
41	169	3.0
42	42	383.0
42	43	21.0
42	44	1.0
42	45	1.0
42	87	1.0
42	88	1.0
42	135	8.0
42	136	3.0
42	137	3.0
42	138	1.0
42	139	1.0
42	143	8.0
42	144	7.0
42	145	2.0
42	146	1.0
42	151	1.0
42	158	2.0
42	159	2.0
42	165	1.0
42	167	2.0
43	43	397.0
43	44	15.0
43	68	1.0
43	84	3.0
43	86	3.0
43	87	2.0
43	88	6.0
43	89	6.0
43	90	23.0
43	91	3.0
43	123	1.0
43	124	2.0
43	134	5.0
43	135	2.0
43	136	1.0
43	144	5.0
43	154	8.0
43	156	3.0
43	157	3.0
43	158	15.0
43	160	1.0
43	161	2.0
43	162	5.0
43	164	3.0
43	165	1.0
44	44	383.0
44	45	28.0
44	46	7.0
44	47	1.0
44	79	1.0
44	90	4.0
44	91	1.0
44	105	3.0
44	124	2.0
44	126	1.0
44	130	1.0
44	131	3.0
44	132	6.0
44	133	1.0
44	154	1.0
44	155	1.0
44	157	6.0
44	158	8.0
44	161	2.0
44	167	2.0
45	45	365.0
45	46	5.0
45	47	3.0
45	96	1.0
45	110	1.0
45	111	2.0
45	121	1.0
45	125	2.0
45	131	1.0
45	132	6.0
45	150	1.0
45	158	1.0
45	164	1.0
45	167	2.0
46	46	339.0
46	47	20.0
46	48	6.0
46	49	5.0
46	50	2.0
46	51	6.0
46	52	13.0
46	54	2.0
46	65	1.0
46	66	1.0
46	103	1.0
46	110	3.0
46	111	1.0
46	117	1.0
46	121	1.0
47	47	296.0
47	48	21.0
47	49	2.0
47	50	3.0
47	51	1.0
47	66	1.0
47	124	1.0
48	48	320.0
48	49	19.0
48	50	11.0
48	51	11.0
48	65	1.0
48	66	6.0
48	67	4.0
48	80	1.0
48	102	4.0
48	103	3.0
48	110	1.0
48	111	1.0
48	112	1.0
48	115	2.0
48	116	1.0
48	123	1.0
48	127	1.0
48	145	1.0
48	154	1.0
49	49	301.0
49	50	9.0
49	51	3.0
49	52	1.0
49	54	1.0
49	102	1.0
49	103	1.0
49	106	1.0
49	110	1.0
49	114	1.0
50	50	369.0
50	51	26.0
50	52	9.0
50	53	1.0
50	55	1.0
50	65	4.0
50	66	6.0
50	67	6.0
50	102	2.0
50	109	1.0
50	111	4.0
50	112	4.0
50	114	5.0
50	115	1.0
50	116	1.0
50	118	2.0
50	136	1.0
50	148	1.0
51	51	323.0
51	52	11.0
51	56	2.0
51	64	4.0
51	65	14.0
51	66	9.0
51	67	2.0
51	70	3.0
51	82	1.0
51	89	1.0
51	109	3.0
51	111	5.0
51	113	3.0
51	114	4.0
51	168	1.0
52	52	337.0
52	53	3.0
52	55	2.0
52	56	1.0
52	64	6.0
52	65	3.0
52	66	5.0
52	67	8.0
52	92	2.0
52	101	2.0
52	102	3.0
52	103	1.0
52	104	5.0
52	105	1.0
52	109	9.0
52	110	8.0
52	111	5.0
52	112	5.0
52	115	4.0
52	116	4.0
52	121	1.0
52	140	1.0
52	154	1.0
53	53	309.0
53	54	9.0
53	55	13.0
53	57	1.0
53	66	1.0
53	67	1.0
53	91	3.0
53	92	5.0
53	93	12.0
53	100	4.0
53	101	10.0
53	104	1.0
53	105	1.0
53	108	7.0
53	109	9.0
53	111	3.0
53	114	1.0
53	117	1.0
53	118	4.0
53	119	5.0
53	127	1.0
53	131	1.0
53	132	2.0
53	145	1.0
53	149	1.0
53	163	1.0
53	165	1.0
53	166	1.0
54	54	336.0
54	55	24.0
54	56	12.0
54	57	9.0
54	62	1.0
54	63	3.0
54	64	1.0
54	65	1.0
54	66	3.0
54	67	3.0
54	68	3.0
54	90	4.0
54	91	8.0
54	92	2.0
54	93	4.0
54	94	1.0
54	95	2.0
54	111	2.0
54	115	1.0
54	118	4.0
54	119	1.0
54	123	1.0
54	124	4.0
54	127	2.0
54	132	1.0
54	133	2.0
54	140	4.0
54	153	3.0
54	154	2.0
54	155	1.0
54	161	2.0
54	162	2.0
54	163	4.0
54	164	7.0
54	165	5.0
55	55	303.0
55	56	3.0
55	57	8.0
55	58	1.0
55	63	2.0
55	67	3.0
55	91	7.0
55	92	9.0
55	93	5.0
55	94	1.0
55	97	2.0
55	99	1.0
55	100	2.0
55	101	11.0
55	104	1.0
55	107	1.0
55	108	8.0
55	109	1.0
55	110	1.0
55	111	1.0
55	112	1.0
55	114	6.0
55	115	15.0
55	116	3.0
55	117	5.0
55	118	3.0
55	128	1.0
55	129	2.0
55	131	1.0
55	133	3.0
55	137	1.0
55	140	4.0
55	159	1.0
55	165	2.0
55	166	2.0
56	56	323.0
56	57	21.0
56	58	13.0
56	72	1.0
56	74	3.0
56	75	1.0
56	83	1.0
56	97	1.0
56	103	1.0
56	110	3.0
56	112	7.0
56	113	9.0
56	114	3.0
56	115	6.0
56	116	5.0
56	117	16.0
56	139	11.0
56	140	5.0
56	142	1.0
56	151	3.0
56	152	1.0
56	153	5.0
56	154	4.0
56	157	1.0
56	158	1.0
56	160	5.0
56	161	1.0
57	57	420.0
57	58	18.0
57	62	6.0
57	63	26.0
57	64	5.0
57	67	1.0
57	68	6.0
57	69	1.0
57	70	1.0
57	71	2.0
57	72	2.0
57	73	1.0
57	74	5.0
57	75	4.0
57	94	7.0
57	111	3.0
57	112	3.0
57	113	7.0
57	114	2.0
57	115	2.0
57	120	1.0
57	135	1.0
57	136	1.0
57	139	3.0
57	140	3.0
57	141	1.0
57	142	1.0
57	150	2.0
57	151	2.0
57	159	1.0
57	169	1.0
58	58	1380.0
58	61	10.0
58	62	3.0
58	63	5.0
58	64	4.0
58	67	1.0
58	71	5.0
58	73	5.0
58	74	6.0
58	75	5.0
58	76	2.0
58	77	4.0
58	78	4.0
58	79	2.0
58	82	1.0
58	84	1.0
58	94	1.0
58	112	4.0
58	113	2.0
58	114	1.0
58	115	1.0
58	117	1.0
58	120	7.0
58	121	3.0
58	127	1.0
58	136	6.0
58	139	2.0
58	141	1.0
58	142	4.0
58	148	5.0
58	150	2.0
58	151	1.0
58	152	4.0
58	153	6.0
58	155	1.0
58	159	3.0
58	160	2.0
58	162	11.0
58	163	3.0
58	165	2.0
61	61	35.0
61	68	1.0
61	69	1.0
61	73	2.0
61	151	1.0
62	62	310.0
62	63	6.0
62	64	14.0
62	68	6.0
62	70	6.0
62	71	2.0
62	72	2.0
62	78	1.0
62	81	3.0
62	84	1.0
62	93	3.0
62	94	6.0
62	109	1.0
62	110	5.0
62	111	4.0
62	112	5.0
62	113	3.0
62	118	1.0
62	119	2.0
62	120	1.0
62	121	2.0
62	123	1.0
62	131	2.0
62	147	1.0
62	153	7.0
62	154	4.0
62	160	2.0
62	161	2.0
62	162	2.0
62	163	2.0
62	164	2.0
62	165	3.0
62	170	1.0
63	63	301.0
63	64	4.0
63	67	2.0
63	73	1.0
63	76	2.0
63	77	8.0
63	78	6.0
63	79	7.0
63	81	2.0
63	82	1.0
63	93	1.0
63	94	15.0
63	111	2.0
63	112	12.0
63	113	1.0
63	114	1.0
63	115	8.0
63	117	1.0
63	120	2.0
63	121	3.0
63	122	4.0
63	135	2.0
63	140	1.0
63	141	1.0
63	142	1.0
63	147	3.0
63	148	6.0
63	155	2.0
63	162	2.0
63	163	1.0
63	164	2.0
64	64	298.0
64	65	4.0
64	66	5.0
64	67	7.0
64	68	8.0
64	69	3.0
64	70	7.0
64	71	3.0
64	72	9.0
64	73	7.0
64	74	3.0
64	75	8.0
64	76	2.0
64	78	1.0
64	94	4.0
64	109	4.0
64	110	6.0
64	111	12.0
64	112	3.0
64	126	1.0
64	132	1.0
64	140	1.0
64	147	6.0
64	148	2.0
64	151	5.0
64	152	5.0
65	65	275.0
65	66	18.0
65	67	9.0
65	68	8.0
65	69	10.0
65	70	14.0
65	71	4.0
65	72	1.0
65	107	1.0
65	108	3.0
65	109	6.0
65	110	6.0
65	111	1.0
65	154	1.0
65	165	1.0
66	66	293.0
66	67	15.0
66	68	10.0
66	69	10.0
66	70	5.0
66	116	1.0
66	148	2.0
67	67	322.0
67	68	3.0
67	69	7.0
67	70	14.0
67	71	6.0
67	72	4.0
67	74	5.0
67	75	2.0
67	83	1.0
67	109	1.0
68	68	294.0
68	69	20.0
68	70	3.0
68	72	1.0
68	94	1.0
68	109	4.0
68	110	1.0
68	111	1.0
68	114	3.0
68	141	2.0
68	152	1.0
68	169	1.0
69	69	284.0
69	70	7.0
69	71	2.0
69	72	1.0
69	83	1.0
69	104	1.0
69	167	1.0
70	70	319.0
70	71	5.0
70	72	12.0
70	73	4.0
70	75	4.0
70	94	1.0
70	106	3.0
70	107	3.0
70	108	3.0
70	110	2.0
70	150	3.0
70	151	4.0
71	71	316.0
71	72	23.0
71	73	2.0
71	92	2.0
71	93	7.0
71	107	2.0
71	108	2.0
71	110	10.0
71	113	1.0
71	139	1.0
71	147	1.0
71	151	12.0
71	165	1.0
72	72	338.0
72	73	3.0
72	74	6.0
72	75	9.0
72	92	6.0
72	93	9.0
72	94	2.0
72	106	2.0
72	107	9.0
72	108	1.0
72	109	2.0
72	110	4.0
72	111	2.0
72	120	3.0
72	142	1.0
72	147	3.0
72	150	1.0
72	151	7.0
73	73	295.0
73	74	10.0
73	75	2.0
73	76	10.0
73	77	4.0
73	79	1.0
73	91	3.0
73	93	3.0
73	94	10.0
73	105	6.0
73	106	5.0
73	107	2.0
73	118	1.0
73	119	7.0
73	120	14.0
73	121	1.0
73	141	1.0
73	147	8.0
73	148	2.0
73	151	1.0
73	153	1.0
73	160	1.0
73	163	2.0
74	74	299.0
74	75	11.0
74	76	4.0
74	78	2.0
74	91	13.0
74	92	2.0
74	93	5.0
74	94	9.0
74	105	2.0
74	106	11.0
74	107	6.0
74	108	1.0
74	119	3.0
74	120	5.0
74	134	1.0
74	147	4.0
74	148	4.0
74	150	1.0
75	75	314.0
75	76	4.0
75	77	2.0
75	90	3.0
75	91	9.0
75	92	14.0
75	93	6.0
75	94	3.0
75	100	1.0
75	101	2.0
75	103	4.0
75	104	5.0
75	105	1.0
75	106	1.0
75	120	2.0
75	130	1.0
75	134	1.0
75	135	1.0
75	136	1.0
75	147	4.0
75	150	1.0
75	151	4.0
75	152	8.0
75	162	1.0
76	76	293.0
76	77	10.0
76	78	9.0
76	79	1.0
76	80	4.0
76	90	4.0
76	91	6.0
76	92	1.0
76	93	3.0
76	94	4.0
76	100	1.0
76	106	2.0
76	120	1.0
76	121	8.0
76	147	5.0
76	148	9.0
76	152	8.0
76	153	4.0
76	160	2.0
76	164	2.0
77	77	283.0
77	78	18.0
77	79	1.0
77	99	2.0
77	101	2.0
77	109	1.0
77	121	6.0
77	147	1.0
77	148	4.0
77	151	1.0
77	152	6.0
77	153	1.0
78	78	290.0
78	79	21.0
78	80	6.0
78	90	2.0
78	100	1.0
78	102	2.0
78	121	2.0
78	122	1.0
78	147	1.0
78	148	4.0
79	79	301.0
79	80	27.0
79	81	1.0
79	82	3.0
79	83	4.0
79	84	2.0
79	85	2.0
79	96	7.0
79	102	1.0
79	104	1.0
79	115	5.0
79	116	1.0
79	120	1.0
79	121	1.0
79	122	8.0
79	126	5.0
79	127	2.0
79	129	2.0
79	131	1.0
79	133	1.0
79	147	2.0
79	162	1.0
79	165	1.0
80	80	307.0
80	81	8.0
80	82	16.0
80	83	12.0
80	84	10.0
80	85	1.0
80	86	2.0
80	103	1.0
80	107	1.0
80	108	1.0
80	115	1.0
80	116	5.0
80	122	6.0
80	126	3.0
80	131	1.0
80	132	5.0
80	154	1.0
80	161	4.0
80	162	2.0
80	163	1.0
81	81	307.0
81	82	17.0
81	83	3.0
81	84	4.0
81	94	8.0
81	117	4.0
81	122	5.0
81	134	1.0
81	153	1.0
81	154	1.0
81	156	1.0
81	161	5.0
81	162	1.0
82	82	306.0
82	83	17.0
82	84	13.0
82	113	1.0
82	116	2.0
82	117	3.0
82	118	1.0
82	122	5.0
82	130	1.0
82	137	1.0
82	146	18.0
82	147	2.0
82	161	2.0
82	162	1.0
83	83	307.0
83	84	8.0
83	87	1.0
83	116	2.0
83	117	12.0
83	118	8.0
83	125	1.0
83	129	4.0
83	130	1.0
83	131	1.0
83	132	5.0
83	136	1.0
83	141	1.0
83	146	2.0
84	84	314.0
84	85	5.0
84	86	4.0
84	88	3.0
84	89	1.0
84	94	1.0
84	96	5.0
84	97	2.0
84	101	1.0
84	102	3.0
84	103	1.0
84	115	2.0
84	116	1.0
84	122	2.0
84	123	7.0
84	125	3.0
84	126	11.0
84	127	7.0
84	129	2.0
84	130	2.0
84	131	3.0
84	132	4.0
84	144	2.0
84	145	3.0
84	146	5.0
84	155	3.0
84	156	13.0
84	158	2.0
84	160	1.0
84	161	5.0
84	165	1.0
85	85	342.0
85	86	8.0
85	87	15.0
85	88	17.0
85	89	6.0
85	94	1.0
85	95	10.0
85	96	2.0
85	97	3.0
85	98	9.0
85	102	4.0
85	104	1.0
85	123	8.0
85	124	1.0
85	125	5.0
85	126	1.0
85	127	4.0
85	128	1.0
85	129	1.0
85	145	10.0
85	146	1.0
85	155	2.0
85	156	1.0
85	158	1.0
85	159	2.0
85	160	3.0
86	86	323.0
86	87	7.0
86	88	3.0
86	89	3.0
86	90	1.0
86	98	2.0
86	102	1.0
86	123	2.0
86	125	3.0
86	126	9.0
86	133	1.0
86	135	1.0
86	136	2.0
86	142	2.0
86	144	4.0
86	145	9.0
86	155	4.0
86	156	2.0
86	158	2.0
86	159	4.0
86	160	10.0
86	166	1.0
87	87	299.0
87	88	2.0
87	89	5.0
87	96	4.0
87	97	2.0
87	98	7.0
87	99	5.0
87	100	1.0
87	101	4.0
87	125	5.0
87	126	7.0
87	136	3.0
87	140	1.0
87	142	13.0
87	143	1.0
87	144	3.0
87	145	3.0
87	158	3.0
87	159	8.0
88	88	337.0
88	89	27.0
88	90	2.0
88	92	1.0
88	95	2.0
88	96	1.0
88	97	1.0
88	100	2.0
88	102	6.0
88	112	1.0
88	122	2.0
88	123	2.0
88	124	3.0
88	125	6.0
88	126	6.0
88	127	7.0
88	134	2.0
88	135	3.0
88	143	1.0
88	144	2.0
88	145	4.0
88	150	1.0
88	154	1.0
88	155	3.0
88	157	1.0
88	158	11.0
88	159	2.0
88	160	4.0
88	162	1.0
88	165	1.0
89	89	383.0
89	90	11.0
89	99	4.0
89	100	1.0
89	101	3.0
89	102	1.0
89	105	2.0
89	122	1.0
89	125	2.0
89	127	2.0
89	130	1.0
89	132	1.0
89	135	5.0
89	138	1.0
89	144	2.0
89	145	10.0
89	155	1.0
89	157	1.0
89	158	6.0
89	159	3.0
89	160	7.0
90	90	322.0
90	91	12.0
90	92	1.0
90	93	2.0
90	100	1.0
90	102	3.0
90	103	3.0
90	105	1.0
90	123	1.0
90	124	2.0
90	127	2.0
90	133	4.0
90	134	3.0
90	135	1.0
90	148	1.0
90	150	1.0
90	154	13.0
90	155	1.0
90	157	9.0
90	158	1.0
90	160	4.0
90	161	6.0
90	162	5.0
90	163	3.0
90	164	3.0
90	169	1.0
91	91	311.0
91	92	7.0
91	93	6.0
91	94	3.0
91	95	3.0
91	96	1.0
91	100	7.0
91	101	2.0
91	106	1.0
91	108	1.0
91	123	2.0
91	124	4.0
91	125	1.0
91	127	7.0
91	132	2.0
91	133	10.0
91	134	6.0
91	157	2.0
91	160	1.0
91	163	1.0
91	164	4.0
91	165	6.0
91	166	1.0
92	92	295.0
92	93	23.0
92	94	3.0
92	95	4.0
92	96	2.0
92	100	4.0
92	101	10.0
92	102	3.0
92	103	4.0
92	104	8.0
92	105	5.0
92	107	1.0
92	108	3.0
92	109	2.0
92	110	1.0
92	115	3.0
92	123	1.0
92	124	5.0
92	127	2.0
92	128	3.0
92	133	4.0
92	134	1.0
92	135	5.0
92	153	1.0
92	160	1.0
92	161	1.0
92	165	6.0
93	93	305.0
93	94	17.0
93	96	2.0
93	99	6.0
93	100	9.0
93	101	2.0
93	103	4.0
93	104	6.0
93	105	2.0
93	106	1.0
93	107	3.0
93	108	1.0
93	109	2.0
93	118	10.0
93	119	4.0
93	120	5.0
93	128	5.0
93	129	1.0
93	133	1.0
93	134	1.0
93	145	1.0
93	147	2.0
93	162	1.0
93	164	3.0
94	94	281.0
94	95	7.0
94	105	3.0
94	110	2.0
94	111	2.0
94	112	2.0
94	114	4.0
94	115	9.0
94	117	3.0
94	118	4.0
94	119	1.0
94	120	9.0
94	122	2.0
94	123	2.0
94	124	1.0
94	128	6.0
94	136	1.0
94	140	2.0
94	141	6.0
94	147	2.0
94	148	2.0
94	153	3.0
94	154	3.0
94	160	1.0
94	162	1.0
94	165	2.0
95	95	217.0
95	96	4.0
95	97	4.0
95	98	5.0
95	99	1.0
95	100	1.0
95	108	1.0
95	115	4.0
95	116	1.0
95	123	4.0
95	124	6.0
95	125	3.0
95	126	3.0
95	127	3.0
95	128	9.0
95	129	2.0
95	130	5.0
95	131	5.0
95	132	5.0
95	133	2.0
95	135	6.0
95	136	2.0
95	143	1.0
95	153	1.0
95	155	3.0
95	165	8.0
95	166	2.0
96	96	309.0
96	97	14.0
96	98	8.0
96	99	6.0
96	100	3.0
96	101	8.0
96	102	3.0
96	103	2.0
96	104	6.0
96	108	5.0
96	115	1.0
96	123	3.0
96	124	1.0
96	126	3.0
96	127	2.0
96	128	9.0
96	129	7.0
96	130	1.0
96	131	1.0
96	165	6.0
96	166	6.0
97	97	325.0
97	98	6.0
97	99	15.0
97	100	2.0
97	101	16.0
97	102	9.0
97	103	10.0
97	108	1.0
97	117	1.0
97	127	4.0
97	128	8.0
97	129	12.0
97	130	2.0
97	131	7.0
97	132	5.0
97	133	3.0
97	166	6.0
97	167	1.0
98	98	341.0
98	99	20.0
98	108	2.0
98	110	1.0
98	118	1.0
98	125	2.0
98	127	6.0
98	128	9.0
98	129	3.0
98	130	6.0
98	131	2.0
98	142	2.0
98	160	1.0
98	166	6.0
99	99	342.0
99	100	12.0
99	101	2.0
99	104	1.0
99	105	4.0
99	106	1.0
99	108	8.0
99	123	3.0
99	125	1.0
99	127	5.0
99	128	4.0
99	129	1.0
99	130	2.0
99	131	2.0
99	134	1.0
99	138	1.0
99	159	1.0
99	165	1.0
99	166	3.0
100	100	294.0
100	101	12.0
100	102	2.0
100	104	3.0
100	105	2.0
100	107	1.0
100	108	12.0
100	109	2.0
100	127	2.0
100	128	4.0
100	129	4.0
100	131	1.0
100	132	4.0
100	133	9.0
100	137	1.0
100	160	1.0
100	163	1.0
100	165	2.0
100	166	1.0
100	170	1.0
101	101	304.0
101	102	12.0
101	103	12.0
101	104	15.0
101	105	2.0
101	108	3.0
101	109	5.0
101	111	1.0
101	113	1.0
101	115	2.0
101	116	1.0
101	127	1.0
101	128	14.0
101	129	2.0
101	133	2.0
101	149	1.0
101	165	5.0
101	166	1.0
102	102	293.0
102	103	14.0
102	104	10.0
102	105	7.0
102	109	3.0
102	110	4.0
102	114	2.0
102	115	3.0
102	116	1.0
102	127	4.0
102	133	3.0
102	134	2.0
103	103	307.0
103	104	30.0
103	105	7.0
103	109	7.0
103	110	1.0
103	112	1.0
103	116	1.0
103	126	1.0
103	127	2.0
103	132	1.0
103	133	5.0
103	134	2.0
104	104	319.0
104	105	20.0
104	108	2.0
104	109	7.0
104	110	1.0
104	115	7.0
104	125	1.0
104	126	1.0
104	127	2.0
104	128	4.0
104	132	1.0
104	133	8.0
105	105	326.0
105	106	8.0
105	107	3.0
105	108	1.0
105	109	8.0
105	125	3.0
105	126	5.0
105	127	2.0
105	128	4.0
105	129	5.0
105	130	1.0
105	132	7.0
105	133	9.0
105	134	5.0
105	138	1.0
105	145	1.0
106	106	322.0
106	107	26.0
106	108	3.0
106	139	1.0
107	107	327.0
107	108	14.0
107	109	2.0
107	135	2.0
107	139	2.0
107	167	1.0
108	108	322.0
108	109	10.0
108	110	2.0
108	116	1.0
108	127	1.0
108	129	10.0
108	131	4.0
108	132	3.0
108	133	2.0
108	134	4.0
108	135	1.0
108	151	1.0
108	166	2.0
109	109	349.0
109	110	11.0
109	111	19.0
109	112	2.0
109	115	2.0
110	110	334.0
110	111	12.0
110	112	3.0
110	113	8.0
110	114	2.0
110	115	6.0
110	116	14.0
110	117	6.0
110	122	1.0
110	141	1.0
110	151	1.0
111	111	300.0
111	112	15.0
111	113	4.0
111	114	11.0
111	115	3.0
111	116	14.0
111	117	5.0
111	119	3.0
111	155	1.0
111	168	1.0
112	112	332.0
112	113	39.0
112	114	26.0
112	115	2.0
112	116	3.0
112	117	3.0
112	135	3.0
112	137	1.0
112	141	2.0
112	151	1.0
112	166	1.0
113	113	303.0
113	114	31.0
113	115	3.0
113	116	4.0
113	117	4.0
113	128	2.0
113	135	2.0
113	136	2.0
113	140	1.0
113	141	3.0
113	156	1.0
114	114	298.0
114	115	11.0
114	116	4.0
114	125	2.0
114	128	4.0
114	130	5.0
114	131	1.0
114	135	3.0
114	136	9.0
114	137	2.0
114	139	1.0
114	140	1.0
114	141	4.0
114	143	1.0
115	115	286.0
115	116	5.0
115	117	11.0
115	118	3.0
115	119	1.0
115	126	6.0
115	127	1.0
115	128	6.0
115	129	6.0
115	130	4.0
115	136	4.0
115	137	1.0
115	140	2.0
115	141	3.0
115	151	1.0
116	116	283.0
116	117	8.0
116	118	5.0
116	125	3.0
116	128	1.0
116	129	2.0
116	130	1.0
116	131	4.0
116	132	9.0
116	143	2.0
116	144	1.0
116	154	1.0
116	169	1.0
117	117	329.0
117	118	18.0
117	119	2.0
117	142	1.0
117	143	1.0
117	144	4.0
118	118	307.0
118	119	16.0
118	120	11.0
118	121	2.0
118	122	2.0
118	123	4.0
118	124	2.0
118	129	3.0
118	132	3.0
118	143	1.0
118	144	5.0
118	145	7.0
118	146	2.0
118	147	2.0
118	151	2.0
118	152	5.0
118	153	1.0
118	157	1.0
118	163	3.0
118	164	6.0
118	165	2.0
119	119	325.0
119	120	15.0
119	121	15.0
119	128	1.0
119	139	1.0
119	147	1.0
119	148	1.0
119	163	5.0
119	164	1.0
120	120	314.0
120	121	22.0
120	122	7.0
120	123	4.0
120	130	1.0
120	145	1.0
120	146	4.0
120	147	13.0
120	148	17.0
120	153	2.0
120	156	2.0
120	157	1.0
120	160	1.0
120	162	2.0
120	164	1.0
121	121	309.0
121	122	6.0
121	123	1.0
121	146	1.0
121	147	1.0
121	148	8.0
121	154	1.0
121	155	1.0
121	156	4.0
121	157	5.0
121	160	1.0
121	161	4.0
121	162	3.0
121	163	3.0
122	122	296.0
122	123	19.0
122	124	2.0
122	136	1.0
122	142	1.0
122	144	2.0
122	145	9.0
122	146	4.0
122	147	4.0
122	148	9.0
122	150	1.0
122	151	10.0
122	152	4.0
122	156	2.0
122	157	2.0
122	160	2.0
122	162	15.0
122	165	3.0
123	123	295.0
123	124	20.0
123	125	1.0
123	127	7.0
123	128	1.0
123	135	2.0
123	142	7.0
123	143	1.0
123	145	11.0
123	146	2.0
123	147	2.0
123	148	7.0
123	151	1.0
123	152	3.0
123	153	5.0
123	154	1.0
123	155	6.0
123	156	14.0
123	157	1.0
123	161	1.0
123	165	5.0
123	166	1.0
124	124	310.0
124	125	5.0
124	127	7.0
124	128	2.0
124	129	5.0
124	134	1.0
124	142	11.0
124	143	3.0
124	144	3.0
124	145	8.0
124	146	2.0
124	148	3.0
124	151	11.0
124	152	1.0
124	153	1.0
124	154	2.0
124	155	4.0
124	156	6.0
124	157	2.0
124	158	1.0
124	160	4.0
124	165	6.0
125	125	313.0
125	126	21.0
125	127	17.0
125	128	1.0
125	129	10.0
125	130	7.0
125	131	4.0
125	132	1.0
125	134	6.0
125	135	1.0
125	137	1.0
125	143	17.0
125	144	7.0
125	151	2.0
125	159	15.0
125	160	4.0
126	126	325.0
126	127	4.0
126	128	2.0
126	129	5.0
126	130	9.0
126	131	3.0
126	134	4.0
126	136	1.0
126	142	10.0
126	143	6.0
126	159	10.0
126	160	1.0
126	166	2.0
127	127	318.0
127	128	8.0
127	129	2.0
127	131	1.0
127	132	2.0
127	133	6.0
127	134	8.0
127	135	2.0
127	158	1.0
127	159	3.0
127	166	6.0
128	128	317.0
128	129	9.0
128	130	3.0
128	131	4.0
128	132	1.0
128	133	3.0
128	134	2.0
128	135	11.0
128	136	4.0
128	141	6.0
128	143	3.0
128	144	5.0
128	145	1.0
128	146	4.0
128	159	1.0
128	165	1.0
128	166	4.0
129	129	314.0
129	130	10.0
129	131	9.0
129	132	12.0
129	133	4.0
129	134	1.0
129	142	2.0
129	143	4.0
129	144	10.0
129	145	1.0
129	147	1.0
129	166	5.0
130	130	349.0
130	131	19.0
130	132	5.0
130	133	2.0
130	134	2.0
130	135	6.0
130	136	8.0
130	137	9.0
130	139	14.0
130	140	1.0
130	143	2.0
130	144	2.0
130	150	1.0
130	166	1.0
130	168	1.0
131	131	301.0
131	132	13.0
131	133	4.0
131	136	1.0
131	142	1.0
131	143	3.0
131	144	1.0
131	151	1.0
131	155	1.0
131	163	1.0
131	166	7.0
131	167	1.0
131	168	1.0
132	132	302.0
132	133	19.0
132	134	5.0
132	135	1.0
132	136	1.0
132	143	1.0
132	157	2.0
132	158	2.0
132	166	4.0
132	167	2.0
133	133	319.0
133	134	20.0
133	135	4.0
133	136	1.0
133	157	2.0
133	163	1.0
133	164	2.0
133	165	1.0
133	166	8.0
134	134	322.0
134	135	26.0
134	155	1.0
134	156	1.0
134	157	1.0
134	158	8.0
134	160	1.0
134	165	1.0
134	166	7.0
135	135	329.0
135	136	20.0
135	137	8.0
135	142	1.0
135	143	1.0
135	144	6.0
135	145	6.0
135	150	1.0
135	154	1.0
135	155	3.0
135	157	1.0
135	158	3.0
135	160	2.0
136	136	301.0
136	137	28.0
136	139	4.0
136	142	2.0
136	143	5.0
136	144	11.0
136	158	3.0
136	167	3.0
136	168	2.0
137	137	305.0
137	138	18.0
137	139	2.0
137	141	4.0
137	142	10.0
137	143	15.0
137	144	5.0
137	168	2.0
138	138	328.0
138	139	25.0
138	140	2.0
138	141	7.0
138	142	7.0
138	143	10.0
138	168	1.0
138	169	1.0
139	139	304.0
139	140	25.0
139	141	9.0
139	142	1.0
139	143	3.0
139	166	1.0
139	167	1.0
140	140	340.0
140	141	24.0
140	142	1.0
140	146	1.0
141	141	314.0
141	142	8.0
141	143	5.0
142	142	301.0
142	143	12.0
142	145	2.0
142	148	1.0
142	150	2.0
142	151	6.0
142	152	3.0
142	153	5.0
142	154	1.0
142	156	2.0
142	158	7.0
142	159	2.0
142	160	4.0
142	162	8.0
142	166	2.0
142	167	1.0
143	143	329.0
143	144	23.0
143	150	2.0
143	151	5.0
143	152	2.0
143	158	4.0
143	159	1.0
143	166	1.0
143	167	1.0
143	168	1.0
144	144	319.0
144	145	8.0
144	146	6.0
144	151	4.0
144	155	1.0
144	156	2.0
144	158	2.0
144	159	2.0
144	164	1.0
145	145	327.0
145	146	12.0
145	149	1.0
145	150	2.0
145	151	1.0
145	152	5.0
145	155	2.0
145	156	5.0
145	157	1.0
145	159	6.0
145	160	7.0
145	166	2.0
146	146	342.0
146	147	6.0
146	148	13.0
146	149	11.0
146	150	3.0
146	154	4.0
146	155	1.0
146	156	3.0
146	157	15.0
146	158	5.0
146	160	1.0
146	161	5.0
146	162	7.0
146	163	1.0
146	165	2.0
146	167	1.0
147	147	359.0
147	148	16.0
147	149	3.0
147	150	4.0
147	152	1.0
147	153	4.0
147	154	13.0
147	155	4.0
147	156	2.0
147	157	4.0
147	158	7.0
147	159	4.0
147	160	8.0
147	161	2.0
147	162	11.0
147	163	9.0
147	164	3.0
147	166	4.0
147	167	1.0
148	148	311.0
148	149	5.0
148	152	3.0
148	153	7.0
148	154	8.0
148	155	2.0
148	156	13.0
148	157	8.0
148	158	1.0
148	160	4.0
148	162	2.0
148	163	3.0
149	149	330.0
149	150	24.0
149	151	6.0
149	152	4.0
149	154	4.0
149	155	1.0
149	157	2.0
149	158	6.0
149	159	6.0
149	164	1.0
149	166	5.0
149	167	2.0
150	150	309.0
150	151	19.0
150	152	20.0
150	154	1.0
150	157	2.0
150	158	8.0
150	165	1.0
150	166	15.0
150	167	6.0
150	169	2.0
151	151	334.0
151	152	9.0
151	153	1.0
151	158	3.0
151	159	2.0
151	160	1.0
151	166	5.0
151	167	5.0
152	152	310.0
152	153	6.0
152	154	2.0
152	155	1.0
152	157	4.0
152	158	6.0
152	159	3.0
152	160	2.0
152	162	2.0
152	165	2.0
152	166	1.0
153	153	333.0
153	154	6.0
153	155	4.0
153	156	8.0
153	157	4.0
153	158	1.0
153	159	1.0
153	160	12.0
153	161	2.0
153	162	11.0
153	163	5.0
153	164	4.0
153	165	22.0
154	154	323.0
154	155	15.0
154	156	9.0
154	157	9.0
154	158	5.0
154	159	11.0
154	160	11.0
154	161	5.0
154	162	18.0
154	163	3.0
154	164	5.0
154	165	4.0
154	166	1.0
155	155	340.0
155	156	8.0
155	157	5.0
155	158	5.0
155	159	9.0
155	160	23.0
155	161	14.0
155	162	12.0
155	163	6.0
155	164	3.0
155	165	7.0
156	156	308.0
156	157	4.0
156	158	1.0
156	160	9.0
156	161	14.0
156	162	14.0
156	163	11.0
156	165	10.0
157	157	315.0
157	158	14.0
157	160	1.0
157	161	3.0
157	162	4.0
157	163	3.0
157	164	1.0
157	166	1.0
158	158	375.0
158	159	3.0
158	160	2.0
158	164	1.0
158	165	10.0
158	166	5.0
159	159	412.0
159	160	25.0
159	161	4.0
159	162	1.0
160	160	310.0
160	161	11.0
160	162	7.0
160	163	8.0
160	164	1.0
160	165	1.0
161	161	338.0
161	162	16.0
161	163	31.0
161	164	2.0
161	165	5.0
162	162	324.0
162	163	20.0
162	164	7.0
162	165	8.0
163	163	309.0
163	164	31.0
163	165	6.0
164	164	345.0
164	165	9.0
165	165	302.0
166	166	379.0
166	167	20.0
166	168	2.0
167	167	336.0
167	168	14.0
167	169	1.0
168	168	325.0
168	169	19.0
168	170	2.0
169	169	369.0
169	170	21.0
170	170	362.0
172	1	16.0
172	2	4.0
172	29	1.0
172	48	1.0
172	76	1.0
172	77	1.0
172	80	3.0
172	82	1.0
172	83	1.0
172	84	1.0
172	109	1.0
172	120	1.0
172	154	1.0
172	164	1.0
172	172	346.0
