9	9	113.0
9	10	3.0
9	11	3.0
10	10	608.0
10	11	4.0
10	14	8.0
10	21	2.0
10	22	2.0
10	23	1.0
10	24	1.0
10	26	1.0
10	31	1.0
10	40	1.0
11	11	263.0
11	20	2.0
11	26	1.0
11	38	1.0
14	14	190.0
14	29	1.0
15	15	321.0
15	16	11.0
15	17	21.0
15	18	6.0
15	19	4.0
15	20	1.0
15	44	1.0
16	16	548.0
16	17	20.0
16	18	1.0
16	35	1.0
16	42	1.0
17	17	505.0
17	18	16.0
17	21	1.0
17	30	1.0
17	36	1.0
18	18	507.0
18	19	6.0
18	20	1.0
19	19	501.0
19	20	7.0
19	21	9.0
19	22	6.0
19	23	5.0
19	27	1.0
19	36	1.0
20	20	482.0
20	21	11.0
20	23	4.0
20	24	4.0
21	21	464.0
21	22	4.0
21	23	9.0
21	27	2.0
21	28	2.0
21	38	1.0
22	22	508.0
22	23	17.0
22	24	2.0
22	26	3.0
22	27	3.0
22	28	10.0
23	23	533.0
23	24	16.0
23	26	3.0
24	24	475.0
24	25	6.0
24	26	12.0
24	28	3.0
24	37	1.0
24	38	1.0
24	39	1.0
25	25	502.0
25	26	9.0
26	26	510.0
26	27	4.0
26	28	1.0
26	30	1.0
26	31	1.0
27	27	538.0
27	28	12.0
27	29	2.0
27	30	8.0
27	31	8.0
27	32	10.0
28	28	513.0
28	29	8.0
28	30	2.0
28	31	5.0
28	33	1.0
29	29	467.0
29	30	2.0
29	31	4.0
29	32	3.0
29	33	1.0
30	30	551.0
30	31	16.0
30	32	4.0
30	36	1.0
31	31	489.0
31	32	29.0
31	40	1.0
31	47	1.0
32	32	542.0
32	33	2.0
33	33	602.0
33	34	1.0
33	41	1.0
34	34	554.0
34	35	11.0
34	36	3.0
34	37	9.0
34	38	2.0
34	39	6.0
34	40	4.0
35	35	566.0
35	36	11.0
35	37	21.0
35	39	11.0
35	40	8.0
35	41	6.0
35	42	3.0
35	43	3.0
36	36	571.0
36	37	42.0
36	38	1.0
36	39	2.0
36	40	1.0
36	41	8.0
36	42	7.0
36	43	5.0
36	44	5.0
37	37	558.0
37	38	2.0
37	39	11.0
37	40	12.0
37	41	4.0
37	42	2.0
37	43	5.0
37	45	1.0
38	38	548.0
38	39	10.0
38	40	2.0
38	41	5.0
38	43	7.0
38	44	5.0
38	45	6.0
39	39	621.0
39	40	16.0
39	41	4.0
39	44	1.0
40	40	585.0
40	41	10.0
40	42	5.0
40	43	7.0
40	44	6.0
40	45	9.0
41	41	571.0
41	42	36.0
41	43	15.0
41	44	5.0
41	45	1.0
42	42	542.0
42	43	16.0
43	43	599.0
43	44	13.0
43	45	1.0
44	44	562.0
44	45	21.0
45	45	647.0
45	46	18.0
45	47	4.0
46	46	564.0
46	47	18.0
47	47	559.0
47	48	1.0
48	48	50.0
