16	16	34.0
16	17	2.0
17	17	260.0
17	18	16.0
17	19	7.0
17	31	1.0
18	18	223.0
18	19	7.0
18	20	2.0
18	21	1.0
18	22	1.0
18	24	1.0
18	33	6.0
18	50	3.0
19	19	381.0
19	20	11.0
19	21	5.0
19	22	1.0
19	30	2.0
19	31	4.0
19	32	7.0
19	33	1.0
19	35	4.0
19	36	2.0
19	49	1.0
19	50	6.0
20	20	203.0
20	21	9.0
20	23	1.0
20	30	2.0
20	31	8.0
20	35	4.0
20	36	1.0
20	50	2.0
21	21	160.0
21	22	16.0
21	25	1.0
21	26	1.0
21	27	1.0
21	28	1.0
21	31	2.0
21	32	6.0
21	35	1.0
21	49	2.0
22	22	337.0
22	23	12.0
22	27	1.0
22	29	8.0
22	30	5.0
22	40	1.0
22	41	1.0
22	49	3.0
22	50	2.0
23	23	339.0
23	24	13.0
23	25	4.0
23	27	4.0
23	28	4.0
23	34	1.0
23	40	3.0
23	44	9.0
23	49	2.0
23	50	1.0
24	24	318.0
24	25	3.0
24	26	1.0
24	27	15.0
24	28	3.0
24	34	1.0
24	44	3.0
24	50	1.0
24	51	1.0
25	25	279.0
25	26	4.0
25	27	7.0
25	28	2.0
25	31	2.0
25	33	5.0
25	34	2.0
25	35	1.0
25	37	2.0
25	40	1.0
25	43	1.0
25	44	3.0
25	47	1.0
25	49	5.0
26	26	346.0
26	27	11.0
26	28	5.0
26	30	8.0
26	31	2.0
26	32	3.0
26	33	2.0
26	34	1.0
26	43	2.0
26	44	1.0
26	45	1.0
26	47	1.0
26	48	2.0
26	49	3.0
26	51	1.0
27	27	350.0
27	28	8.0
27	30	1.0
27	31	1.0
27	32	1.0
27	33	8.0
27	43	1.0
27	44	2.0
27	48	5.0
27	49	6.0
28	28	301.0
28	29	17.0
28	30	4.0
28	34	1.0
28	39	1.0
28	44	1.0
28	48	1.0
28	49	1.0
29	29	335.0
29	30	19.0
29	31	7.0
29	32	1.0
29	39	1.0
30	30	358.0
30	31	5.0
30	32	13.0
30	33	1.0
30	42	1.0
31	31	318.0
31	32	6.0
31	33	6.0
31	34	1.0
31	35	3.0
31	36	10.0
31	42	1.0
31	49	1.0
32	32	312.0
32	33	21.0
32	35	1.0
32	39	1.0
32	49	1.0
33	33	325.0
33	34	8.0
33	35	4.0
33	44	1.0
33	47	2.0
33	48	3.0
33	49	3.0
34	34	327.0
34	35	9.0
34	37	1.0
34	41	1.0
34	43	1.0
34	44	5.0
34	45	4.0
34	47	4.0
34	48	3.0
35	35	332.0
35	36	17.0
35	37	3.0
35	38	1.0
35	45	2.0
35	46	7.0
35	47	16.0
35	48	3.0
36	36	320.0
36	37	1.0
36	38	12.0
36	42	2.0
36	43	1.0
36	44	2.0
36	45	1.0
36	46	1.0
36	47	1.0
36	48	1.0
36	50	1.0
37	37	387.0
37	38	7.0
37	39	1.0
37	40	6.0
37	43	9.0
37	44	13.0
37	45	7.0
37	49	1.0
38	38	344.0
38	39	7.0
38	40	6.0
38	41	5.0
38	42	3.0
38	43	1.0
38	45	2.0
38	50	1.0
39	39	333.0
39	40	15.0
39	41	2.0
39	42	4.0
39	43	12.0
39	44	1.0
40	40	301.0
40	41	9.0
40	42	1.0
40	43	11.0
40	44	7.0
40	45	2.0
40	48	2.0
40	49	1.0
41	41	346.0
41	42	10.0
41	44	1.0
42	42	329.0
42	43	2.0
43	43	369.0
43	44	14.0
43	45	9.0
43	46	2.0
43	47	1.0
43	48	1.0
43	49	3.0
43	50	1.0
44	44	350.0
44	45	13.0
44	46	3.0
44	47	1.0
44	48	6.0
44	49	2.0
45	45	365.0
45	46	3.0
45	48	7.0
45	49	2.0
46	46	358.0
46	47	17.0
46	48	3.0
46	49	5.0
47	47	388.0
47	48	14.0
47	49	4.0
48	48	365.0
48	49	7.0
49	49	348.0
49	50	3.0
50	50	334.0
50	51	5.0
51	51	74.0
