1	1	506.0
1	2	13.0
1	3	2.0
1	19	4.0
1	20	1.0
1	28	1.0
1	30	1.0
1	32	2.0
1	35	4.0
1	40	4.0
1	43	6.0
1	44	5.0
1	45	6.0
1	51	1.0
1	147	1.0
2	2	608.0
2	3	5.0
2	4	3.0
2	5	2.0
2	10	1.0
2	11	8.0
2	14	19.0
2	18	1.0
2	19	1.0
2	20	4.0
2	30	4.0
2	33	1.0
2	34	4.0
2	35	2.0
2	36	4.0
2	38	3.0
2	39	1.0
2	40	2.0
2	43	1.0
2	78	1.0
2	80	1.0
2	85	1.0
2	145	3.0
2	146	3.0
2	147	2.0
2	148	1.0
2	151	2.0
2	153	5.0
2	154	6.0
2	173	4.0
2	179	1.0
2	213	1.0
2	227	1.0
2	245	1.0
3	3	477.0
3	4	4.0
3	5	9.0
3	6	2.0
3	10	4.0
3	11	1.0
3	13	1.0
3	14	13.0
3	19	11.0
3	28	2.0
3	29	3.0
3	30	5.0
3	44	1.0
3	54	1.0
3	55	7.0
3	56	1.0
3	57	1.0
3	86	1.0
3	144	1.0
3	165	1.0
3	187	1.0
3	226	1.0
4	4	518.0
4	5	16.0
4	6	10.0
4	7	2.0
4	9	1.0
4	10	9.0
4	11	1.0
4	14	2.0
4	15	1.0
4	28	1.0
4	29	6.0
4	30	7.0
4	31	2.0
4	34	2.0
4	43	1.0
4	48	1.0
4	49	1.0
4	50	3.0
4	53	1.0
4	54	2.0
4	64	14.0
4	65	9.0
4	66	2.0
4	67	4.0
4	71	1.0
4	73	1.0
4	75	1.0
4	76	2.0
4	82	2.0
4	85	2.0
4	103	1.0
4	175	1.0
4	195	1.0
4	200	1.0
4	233	1.0
4	240	1.0
4	244	1.0
5	5	518.0
5	6	5.0
5	7	5.0
5	10	18.0
5	11	6.0
5	15	3.0
5	31	1.0
5	32	1.0
5	37	1.0
5	50	2.0
5	52	1.0
5	53	1.0
5	64	7.0
5	65	3.0
5	66	2.0
5	67	2.0
5	68	3.0
5	70	1.0
5	71	6.0
5	75	3.0
5	76	5.0
5	77	3.0
5	79	1.0
5	80	10.0
5	94	1.0
5	113	3.0
5	119	1.0
5	143	1.0
5	161	1.0
5	211	1.0
5	215	1.0
6	6	511.0
6	7	14.0
6	9	1.0
6	10	1.0
6	17	1.0
6	28	3.0
6	50	3.0
6	54	2.0
6	55	1.0
6	64	3.0
6	65	3.0
6	66	4.0
6	67	5.0
6	78	4.0
6	86	1.0
6	112	1.0
6	113	5.0
6	116	1.0
6	117	1.0
6	120	1.0
6	176	1.0
6	191	1.0
6	205	1.0
6	238	1.0
7	7	531.0
7	8	15.0
7	12	2.0
7	13	1.0
7	15	9.0
7	17	8.0
7	18	1.0
7	19	3.0
7	30	1.0
7	33	3.0
7	34	2.0
7	40	2.0
7	47	1.0
7	49	3.0
7	50	2.0
7	51	1.0
7	54	1.0
7	57	2.0
7	64	2.0
7	67	5.0
7	71	1.0
7	77	1.0
7	79	1.0
7	81	1.0
7	82	2.0
7	117	2.0
7	144	2.0
7	151	2.0
7	171	1.0
7	199	1.0
7	201	1.0
7	224	1.0
8	8	502.0
8	9	6.0
8	15	3.0
8	16	7.0
8	17	9.0
8	19	23.0
8	20	4.0
8	21	1.0
8	22	1.0
8	29	1.0
8	32	1.0
8	37	1.0
8	40	7.0
8	46	10.0
8	56	1.0
8	58	2.0
8	59	5.0
8	60	5.0
8	102	1.0
8	156	1.0
8	173	1.0
8	189	1.0
8	209	1.0
8	213	1.0
8	215	1.0
8	224	1.0
9	9	540.0
9	10	9.0
9	12	3.0
9	15	6.0
9	16	5.0
9	19	4.0
9	23	1.0
9	28	10.0
9	29	1.0
9	30	1.0
9	32	8.0
9	43	1.0
9	54	2.0
9	56	2.0
9	113	1.0
9	152	1.0
10	10	525.0
10	11	1.0
10	15	6.0
10	28	8.0
10	29	3.0
10	30	1.0
10	31	2.0
10	38	1.0
10	50	1.0
10	51	1.0
10	54	1.0
10	57	1.0
10	63	1.0
10	64	11.0
10	65	3.0
10	70	10.0
10	71	3.0
10	74	1.0
10	76	2.0
10	78	1.0
10	81	1.0
10	87	1.0
10	93	1.0
10	97	1.0
10	164	1.0
10	211	1.0
10	212	2.0
10	216	1.0
10	236	1.0
11	11	567.0
11	12	24.0
11	14	7.0
11	17	1.0
11	19	1.0
11	26	1.0
11	31	2.0
11	34	6.0
11	35	1.0
11	36	12.0
11	38	4.0
11	39	12.0
11	40	8.0
11	45	1.0
11	50	2.0
11	64	1.0
11	67	2.0
11	110	1.0
11	154	1.0
11	155	1.0
11	158	1.0
11	187	1.0
11	235	1.0
12	12	473.0
12	13	2.0
12	14	1.0
12	17	12.0
12	18	10.0
12	19	2.0
12	34	3.0
12	35	1.0
12	36	4.0
12	39	12.0
12	40	1.0
12	53	1.0
12	55	1.0
12	57	1.0
12	64	1.0
12	108	1.0
12	171	1.0
12	216	1.0
12	229	1.0
13	13	126.0
13	14	7.0
13	19	6.0
13	27	1.0
13	33	1.0
13	34	7.0
13	35	2.0
13	50	2.0
13	55	1.0
13	57	2.0
14	14	552.0
14	15	6.0
14	16	1.0
14	17	1.0
14	18	5.0
14	19	13.0
14	20	1.0
14	28	1.0
14	29	1.0
14	30	4.0
14	31	1.0
14	34	13.0
14	35	2.0
14	36	2.0
14	37	1.0
14	38	2.0
14	39	4.0
14	47	1.0
14	54	1.0
14	55	2.0
14	57	2.0
14	110	1.0
14	111	1.0
14	145	2.0
14	146	2.0
14	147	1.0
14	151	3.0
14	152	10.0
14	153	9.0
14	169	2.0
14	173	2.0
14	188	1.0
14	193	1.0
14	235	1.0
14	241	1.0
15	15	576.0
15	16	19.0
15	17	7.0
15	18	11.0
15	19	12.0
15	20	14.0
15	23	3.0
15	24	11.0
15	25	1.0
15	28	3.0
15	29	7.0
15	30	3.0
15	31	2.0
15	70	1.0
15	77	1.0
15	94	1.0
15	143	1.0
15	151	1.0
15	153	2.0
15	165	1.0
15	180	1.0
15	221	1.0
15	235	1.0
15	239	1.0
16	16	559.0
16	17	15.0
16	18	5.0
16	19	8.0
16	20	1.0
16	21	4.0
16	22	5.0
16	24	2.0
16	26	1.0
16	37	1.0
16	38	1.0
16	40	1.0
16	47	1.0
16	52	1.0
16	56	1.0
16	106	1.0
16	120	1.0
16	145	5.0
16	147	4.0
16	149	3.0
16	150	7.0
16	151	3.0
16	152	1.0
16	155	8.0
16	156	1.0
16	166	1.0
16	171	1.0
16	173	1.0
16	212	1.0
16	235	1.0
16	237	1.0
16	241	1.0
16	242	1.0
17	17	537.0
17	18	20.0
17	19	9.0
17	20	9.0
17	21	1.0
17	22	4.0
17	23	1.0
17	24	6.0
17	40	1.0
17	48	2.0
17	50	1.0
17	53	1.0
17	55	2.0
17	64	1.0
17	83	1.0
17	96	1.0
17	97	1.0
17	106	1.0
17	145	4.0
17	147	1.0
17	149	4.0
17	151	2.0
17	153	2.0
17	154	2.0
17	155	1.0
17	234	2.0
18	18	607.0
18	19	10.0
18	20	16.0
18	21	2.0
18	24	2.0
18	29	5.0
18	31	1.0
18	32	1.0
18	48	1.0
18	49	2.0
18	50	1.0
18	53	7.0
18	54	1.0
18	55	1.0
18	56	2.0
18	63	12.0
18	98	1.0
18	144	1.0
18	151	10.0
18	152	9.0
18	153	2.0
18	169	1.0
18	209	1.0
18	248	1.0
19	19	631.0
19	20	3.0
19	26	2.0
19	27	3.0
19	34	1.0
19	35	1.0
19	37	1.0
19	41	1.0
19	54	2.0
19	58	1.0
19	81	1.0
19	97	1.0
19	152	2.0
19	153	1.0
19	154	1.0
19	166	1.0
19	205	1.0
19	212	1.0
19	237	1.0
20	20	495.0
20	21	6.0
20	22	2.0
20	23	7.0
20	24	4.0
20	26	5.0
20	27	4.0
20	45	5.0
20	56	1.0
20	89	1.0
20	110	3.0
20	118	1.0
20	146	1.0
20	151	11.0
20	152	1.0
20	154	1.0
20	161	1.0
20	168	1.0
20	186	1.0
20	192	1.0
20	194	1.0
20	204	1.0
20	247	1.0
21	21	511.0
21	22	22.0
21	23	26.0
21	24	10.0
21	25	6.0
21	26	3.0
21	44	1.0
21	45	1.0
21	63	1.0
21	115	1.0
21	145	1.0
21	146	1.0
21	154	1.0
21	165	1.0
21	182	1.0
21	202	1.0
21	203	2.0
21	204	6.0
21	212	1.0
21	214	1.0
21	215	1.0
21	218	1.0
21	219	1.0
21	220	1.0
21	233	1.0
21	234	5.0
21	235	4.0
21	245	1.0
21	246	6.0
21	247	11.0
22	22	512.0
22	23	37.0
22	24	3.0
22	25	2.0
22	26	2.0
22	30	1.0
22	44	1.0
22	45	2.0
22	77	1.0
22	111	1.0
22	151	1.0
22	173	1.0
22	200	1.0
22	204	4.0
22	211	1.0
22	212	1.0
22	221	5.0
22	226	1.0
22	229	1.0
22	234	1.0
22	245	7.0
22	246	10.0
22	247	10.0
23	23	513.0
23	24	22.0
23	25	5.0
23	27	1.0
23	34	1.0
23	44	1.0
23	46	1.0
23	53	1.0
23	59	1.0
23	119	1.0
23	149	1.0
23	155	1.0
23	173	1.0
23	197	3.0
23	202	1.0
23	203	3.0
23	211	1.0
23	212	1.0
23	220	2.0
23	221	7.0
23	222	1.0
23	223	1.0
23	236	2.0
23	237	1.0
23	246	3.0
23	247	8.0
24	24	496.0
24	25	33.0
24	26	2.0
24	35	1.0
24	36	3.0
24	42	1.0
24	156	1.0
24	167	1.0
24	241	1.0
25	25	505.0
25	26	21.0
25	61	1.0
25	71	1.0
25	107	1.0
25	118	2.0
25	171	1.0
25	174	1.0
25	179	1.0
25	198	1.0
25	207	1.0
25	220	1.0
25	221	1.0
26	26	566.0
26	27	10.0
26	33	2.0
26	36	4.0
26	38	1.0
26	43	1.0
26	62	1.0
26	65	1.0
26	119	1.0
26	159	1.0
26	168	1.0
26	188	1.0
26	204	1.0
26	232	1.0
26	245	1.0
27	27	505.0
27	28	1.0
27	30	4.0
27	34	8.0
27	35	3.0
27	36	10.0
27	37	5.0
27	38	10.0
27	40	2.0
27	43	3.0
27	44	4.0
27	45	5.0
27	46	2.0
27	48	3.0
27	51	1.0
27	54	7.0
27	55	6.0
27	56	2.0
27	57	11.0
27	60	1.0
27	62	1.0
27	68	1.0
27	154	1.0
27	169	1.0
27	176	1.0
27	216	1.0
27	221	1.0
27	235	1.0
27	238	1.0
28	28	496.0
28	29	8.0
28	34	1.0
28	48	1.0
28	50	5.0
28	51	1.0
28	52	4.0
28	53	4.0
28	54	1.0
28	55	10.0
28	57	3.0
28	63	3.0
28	64	2.0
28	65	8.0
28	71	2.0
28	76	1.0
28	78	2.0
28	79	2.0
28	88	1.0
28	113	1.0
28	191	1.0
28	193	1.0
28	200	1.0
28	208	2.0
28	209	1.0
28	224	1.0
28	231	1.0
28	244	1.0
29	29	475.0
29	30	12.0
29	31	25.0
29	32	3.0
29	34	3.0
29	47	1.0
29	48	3.0
29	51	1.0
29	53	2.0
29	56	7.0
29	57	2.0
29	60	5.0
29	63	3.0
29	64	1.0
29	102	2.0
29	156	1.0
29	159	1.0
29	164	1.0
29	165	1.0
29	224	1.0
29	230	1.0
29	235	1.0
30	30	580.0
30	31	5.0
30	32	6.0
30	34	17.0
30	35	3.0
30	37	1.0
30	38	9.0
30	45	1.0
30	48	8.0
30	49	4.0
30	51	4.0
30	52	5.0
30	53	3.0
30	54	3.0
30	55	4.0
30	56	1.0
30	57	6.0
30	58	1.0
30	60	2.0
30	61	3.0
30	62	1.0
30	63	3.0
30	79	1.0
30	166	2.0
30	197	1.0
30	207	4.0
30	214	1.0
31	31	540.0
31	32	15.0
31	33	3.0
31	34	2.0
31	37	11.0
31	38	4.0
31	47	9.0
31	48	3.0
31	49	1.0
31	50	5.0
31	51	6.0
31	53	9.0
31	54	1.0
31	55	2.0
31	60	1.0
31	63	3.0
31	64	1.0
31	65	1.0
31	91	1.0
31	166	1.0
31	168	1.0
31	197	1.0
31	207	3.0
31	219	1.0
31	222	1.0
32	32	514.0
32	33	26.0
32	34	1.0
32	37	10.0
32	38	2.0
32	39	1.0
32	45	1.0
32	46	3.0
32	47	12.0
32	56	6.0
32	58	1.0
32	59	2.0
32	61	1.0
32	65	1.0
32	75	1.0
32	89	2.0
32	154	1.0
32	170	1.0
32	183	1.0
32	226	1.0
33	33	506.0
33	34	2.0
33	36	5.0
33	37	13.0
33	38	7.0
33	39	1.0
33	46	1.0
33	47	2.0
33	48	3.0
33	52	1.0
33	53	1.0
33	55	2.0
33	59	2.0
33	60	5.0
33	61	2.0
33	62	4.0
33	144	1.0
33	150	1.0
33	200	1.0
33	227	1.0
34	34	541.0
34	35	12.0
34	36	1.0
34	37	15.0
34	38	3.0
34	39	7.0
34	48	1.0
34	49	4.0
34	51	4.0
34	55	3.0
34	56	3.0
34	57	11.0
34	58	8.0
34	59	3.0
34	60	7.0
34	61	1.0
34	69	1.0
34	78	1.0
34	87	1.0
34	114	1.0
34	187	1.0
34	189	1.0
34	194	1.0
34	207	4.0
35	35	469.0
35	36	19.0
35	37	5.0
35	38	9.0
35	39	10.0
35	40	2.0
35	48	1.0
35	49	4.0
35	50	1.0
35	58	2.0
35	61	3.0
35	62	7.0
35	74	1.0
35	76	1.0
35	151	1.0
35	165	1.0
35	178	1.0
35	194	1.0
35	211	1.0
36	36	503.0
36	37	17.0
36	38	14.0
36	39	18.0
36	40	8.0
36	45	1.0
36	47	1.0
36	48	1.0
36	55	2.0
36	59	1.0
36	62	2.0
36	78	1.0
36	118	1.0
36	158	1.0
37	37	549.0
37	38	17.0
37	39	4.0
37	49	1.0
37	54	2.0
37	55	8.0
37	57	5.0
37	58	5.0
37	59	2.0
37	60	6.0
37	62	1.0
37	120	1.0
37	161	1.0
37	182	1.0
37	204	1.0
37	239	1.0
38	38	553.0
38	39	17.0
38	47	1.0
38	48	11.0
38	55	1.0
38	58	12.0
38	60	1.0
38	61	3.0
38	62	12.0
38	88	1.0
38	112	1.0
38	175	1.0
38	185	1.0
38	208	1.0
38	233	1.0
38	238	1.0
38	247	1.0
39	39	508.0
39	40	18.0
39	43	1.0
39	47	6.0
39	48	1.0
39	50	1.0
39	58	7.0
39	59	7.0
39	60	1.0
39	62	3.0
39	108	1.0
39	109	1.0
39	153	1.0
39	160	1.0
39	199	1.0
39	223	2.0
39	239	1.0
40	40	542.0
40	41	11.0
40	44	1.0
40	45	5.0
40	46	5.0
40	47	2.0
40	58	1.0
40	59	9.0
40	70	1.0
40	180	1.0
40	207	1.0
40	230	1.0
41	41	523.0
41	42	18.0
41	43	8.0
41	44	2.0
41	45	1.0
41	46	1.0
41	118	1.0
41	160	1.0
41	174	1.0
41	202	1.0
42	42	566.0
42	43	21.0
42	44	5.0
42	45	3.0
42	46	2.0
42	57	1.0
42	63	1.0
42	103	1.0
42	120	1.0
42	170	1.0
42	174	1.0
43	43	552.0
43	44	14.0
43	45	3.0
43	68	1.0
43	87	1.0
43	88	1.0
43	151	1.0
43	159	1.0
43	162	1.0
43	202	1.0
43	224	1.0
43	225	1.0
43	235	1.0
44	44	540.0
44	45	29.0
44	46	2.0
44	63	1.0
44	93	1.0
44	183	1.0
44	191	1.0
44	204	1.0
44	212	1.0
44	220	1.0
44	230	1.0
44	240	1.0
44	247	1.0
45	45	514.0
45	46	28.0
45	67	1.0
45	105	1.0
45	114	1.0
45	199	1.0
45	232	2.0
45	235	1.0
46	46	518.0
46	47	4.0
46	56	8.0
46	58	6.0
46	59	3.0
46	64	1.0
46	85	1.0
46	103	1.0
46	148	1.0
46	160	1.0
46	239	1.0
47	47	466.0
47	48	10.0
47	54	1.0
47	56	6.0
47	58	3.0
47	60	1.0
47	61	2.0
47	62	5.0
47	63	2.0
47	67	3.0
47	98	1.0
47	101	1.0
47	103	1.0
47	107	3.0
47	113	1.0
47	114	2.0
47	115	8.0
47	116	2.0
47	121	1.0
47	155	1.0
47	166	1.0
47	201	1.0
47	208	1.0
47	220	1.0
47	225	1.0
47	248	1.0
48	48	516.0
48	49	9.0
48	53	1.0
48	56	7.0
48	58	6.0
48	60	6.0
48	61	12.0
48	62	11.0
48	63	2.0
48	65	4.0
48	67	2.0
48	68	2.0
48	70	6.0
48	78	1.0
48	84	1.0
48	93	1.0
48	95	4.0
48	96	7.0
48	97	4.0
48	101	6.0
48	103	5.0
48	104	5.0
48	105	6.0
48	107	5.0
48	108	6.0
48	109	5.0
48	113	4.0
48	114	9.0
48	119	1.0
48	180	1.0
48	207	4.0
48	215	1.0
48	221	1.0
49	49	468.0
49	50	15.0
49	51	4.0
49	52	3.0
49	53	4.0
49	54	3.0
49	55	3.0
49	56	3.0
49	57	5.0
49	60	1.0
49	61	3.0
49	62	1.0
49	63	7.0
49	65	1.0
49	67	1.0
49	70	6.0
49	71	8.0
49	75	7.0
49	77	1.0
49	78	5.0
49	79	3.0
49	80	3.0
49	81	1.0
49	82	4.0
49	92	5.0
49	93	3.0
49	94	10.0
49	95	10.0
49	96	1.0
49	97	2.0
49	98	7.0
49	101	1.0
49	109	1.0
49	111	1.0
49	114	6.0
49	121	1.0
49	207	2.0
50	50	486.0
50	51	12.0
50	52	2.0
50	53	7.0
50	54	5.0
50	56	8.0
50	57	1.0
50	63	3.0
50	64	4.0
50	65	6.0
50	77	1.0
50	78	11.0
50	79	7.0
50	80	5.0
50	82	5.0
50	83	12.0
50	84	1.0
50	91	3.0
50	92	5.0
50	95	1.0
50	96	4.0
50	97	1.0
50	113	7.0
50	173	1.0
51	51	483.0
51	52	16.0
51	53	4.0
51	54	1.0
51	55	1.0
51	57	1.0
51	59	1.0
51	60	1.0
51	61	1.0
51	63	4.0
51	64	1.0
51	71	2.0
51	72	3.0
51	75	2.0
51	79	3.0
51	80	2.0
51	82	8.0
51	83	2.0
51	93	3.0
51	105	1.0
51	162	1.0
51	189	1.0
51	201	1.0
51	207	5.0
51	231	1.0
52	52	480.0
52	53	7.0
52	61	1.0
52	63	2.0
52	76	1.0
52	80	1.0
52	91	1.0
52	163	1.0
52	207	5.0
52	208	8.0
52	232	1.0
52	241	1.0
53	53	497.0
53	54	9.0
53	55	5.0
53	56	4.0
53	57	7.0
53	58	2.0
53	63	8.0
53	64	2.0
53	91	1.0
53	121	1.0
53	154	1.0
53	165	1.0
53	204	1.0
53	245	1.0
54	54	525.0
54	55	21.0
54	56	9.0
54	57	9.0
54	58	3.0
54	65	1.0
54	75	1.0
54	97	1.0
54	101	1.0
54	113	1.0
54	117	1.0
54	149	1.0
54	155	1.0
54	172	1.0
54	197	1.0
54	200	1.0
54	202	1.0
54	207	1.0
54	211	1.0
54	233	1.0
54	243	2.0
55	55	532.0
55	56	17.0
55	57	14.0
55	58	2.0
55	59	4.0
55	64	2.0
55	67	2.0
55	74	1.0
55	96	1.0
55	112	1.0
55	114	1.0
55	148	1.0
55	149	1.0
55	176	3.0
55	180	1.0
55	211	1.0
55	235	1.0
56	56	523.0
56	57	11.0
56	58	7.0
56	59	1.0
56	60	2.0
56	63	1.0
56	65	1.0
56	187	1.0
56	207	1.0
57	57	524.0
57	58	4.0
57	60	2.0
57	63	1.0
57	68	1.0
57	97	1.0
57	151	1.0
57	181	1.0
58	58	529.0
58	59	13.0
58	60	10.0
58	62	4.0
58	69	1.0
58	102	1.0
58	152	1.0
58	172	1.0
58	174	1.0
58	176	1.0
58	216	1.0
59	59	524.0
59	60	28.0
59	89	1.0
59	96	1.0
59	105	1.0
59	112	1.0
59	188	1.0
59	248	1.0
60	60	499.0
60	61	6.0
60	62	8.0
60	63	2.0
60	142	1.0
60	157	1.0
60	163	1.0
60	178	1.0
60	207	5.0
60	219	1.0
61	61	472.0
61	62	31.0
61	63	15.0
61	70	6.0
61	80	2.0
61	81	1.0
61	82	1.0
61	94	3.0
61	109	1.0
61	111	1.0
61	114	1.0
61	179	1.0
61	207	11.0
61	214	1.0
61	246	1.0
62	62	474.0
62	63	18.0
62	69	1.0
62	70	4.0
62	96	3.0
62	104	1.0
62	108	1.0
62	110	1.0
62	114	1.0
62	175	1.0
62	202	1.0
62	207	7.0
63	63	460.0
63	64	10.0
63	65	2.0
63	68	1.0
63	69	2.0
63	70	3.0
63	75	2.0
63	78	1.0
63	83	1.0
63	96	5.0
63	103	1.0
63	105	1.0
63	108	5.0
63	109	3.0
63	110	4.0
63	113	1.0
63	206	1.0
63	207	2.0
63	214	1.0
64	64	478.0
64	65	23.0
64	66	2.0
64	67	4.0
64	68	6.0
64	69	3.0
64	71	2.0
64	76	1.0
64	96	1.0
64	102	1.0
64	107	5.0
64	109	2.0
64	110	12.0
64	112	7.0
64	113	6.0
64	119	3.0
64	120	2.0
64	194	2.0
64	201	1.0
64	222	1.0
64	226	1.0
64	243	2.0
65	65	494.0
65	66	13.0
65	67	11.0
65	68	5.0
65	70	3.0
65	71	8.0
65	76	5.0
65	77	3.0
65	78	6.0
65	79	3.0
65	82	1.0
65	87	1.0
65	88	1.0
65	98	1.0
65	101	7.0
65	102	1.0
65	105	4.0
65	107	2.0
65	109	6.0
65	110	1.0
65	112	5.0
65	114	1.0
65	118	2.0
65	119	1.0
65	120	1.0
65	144	1.0
65	155	1.0
65	156	1.0
65	166	1.0
65	221	1.0
65	227	1.0
66	66	469.0
66	67	27.0
66	71	1.0
66	73	1.0
66	81	7.0
66	85	1.0
66	86	1.0
66	87	1.0
66	101	2.0
66	107	3.0
66	117	1.0
66	119	1.0
66	121	1.0
66	145	1.0
66	152	1.0
66	155	3.0
66	198	9.0
66	217	1.0
67	67	446.0
67	68	3.0
67	76	1.0
67	79	1.0
67	80	4.0
67	82	2.0
67	89	2.0
67	97	1.0
67	98	2.0
67	99	2.0
67	101	5.0
67	102	1.0
67	104	4.0
67	107	9.0
67	108	1.0
67	112	3.0
67	113	6.0
67	114	3.0
67	117	2.0
67	118	4.0
67	119	2.0
67	179	1.0
67	228	1.0
67	237	1.0
68	68	535.0
68	69	21.0
68	70	8.0
68	71	12.0
68	72	2.0
68	73	2.0
68	74	1.0
68	75	3.0
68	76	6.0
68	77	3.0
68	79	3.0
68	80	2.0
68	82	2.0
68	86	3.0
68	101	1.0
68	102	1.0
68	103	16.0
68	104	4.0
68	105	5.0
68	107	6.0
68	108	5.0
68	109	2.0
68	110	2.0
68	113	4.0
68	114	1.0
68	117	1.0
68	149	1.0
68	203	1.0
68	216	8.0
68	217	1.0
68	230	1.0
68	237	2.0
68	239	5.0
69	69	422.0
69	70	10.0
69	71	1.0
69	77	4.0
69	78	3.0
69	79	1.0
69	93	1.0
69	102	1.0
69	103	6.0
69	104	8.0
69	105	1.0
69	107	4.0
69	108	4.0
69	109	1.0
69	110	1.0
69	112	2.0
69	113	1.0
69	118	1.0
69	189	2.0
69	216	4.0
69	217	13.0
69	237	9.0
69	238	3.0
69	239	7.0
69	241	4.0
69	242	11.0
70	70	461.0
70	71	8.0
70	72	7.0
70	73	2.0
70	74	2.0
70	75	4.0
70	76	1.0
70	77	8.0
70	78	1.0
70	79	1.0
70	83	3.0
70	86	6.0
70	87	3.0
70	92	1.0
70	94	1.0
70	95	9.0
70	96	14.0
70	97	4.0
70	98	1.0
70	103	2.0
70	105	6.0
70	108	7.0
70	113	1.0
70	114	4.0
70	121	1.0
70	171	1.0
70	237	4.0
70	239	3.0
70	247	1.0
71	71	451.0
71	72	7.0
71	73	2.0
71	74	6.0
71	75	10.0
71	76	9.0
71	77	5.0
71	78	9.0
71	79	16.0
71	80	12.0
71	81	4.0
71	82	3.0
71	83	1.0
71	84	1.0
71	86	2.0
71	92	3.0
71	93	1.0
71	94	1.0
71	95	6.0
71	96	3.0
71	103	1.0
71	105	4.0
71	119	1.0
71	160	1.0
71	183	1.0
71	194	1.0
71	216	1.0
71	220	1.0
72	72	417.0
72	73	29.0
72	74	17.0
72	75	8.0
72	77	2.0
72	79	3.0
72	80	3.0
72	81	11.0
72	82	1.0
72	83	19.0
72	84	8.0
72	85	3.0
72	86	8.0
72	103	2.0
72	119	3.0
72	173	1.0
72	201	1.0
72	238	2.0
73	73	487.0
73	74	9.0
73	75	6.0
73	76	4.0
73	77	3.0
73	79	6.0
73	80	1.0
73	81	1.0
73	82	7.0
73	83	22.0
73	84	1.0
73	85	2.0
73	93	1.0
73	101	4.0
73	103	1.0
73	105	1.0
73	106	3.0
73	117	3.0
73	118	7.0
73	119	9.0
73	156	1.0
73	248	1.0
74	74	494.0
74	75	7.0
74	76	1.0
74	77	1.0
74	80	4.0
74	81	5.0
74	82	12.0
74	83	9.0
74	84	4.0
74	85	7.0
74	86	11.0
74	87	7.0
74	88	8.0
74	89	1.0
74	92	1.0
74	94	1.0
74	99	1.0
74	101	5.0
74	102	1.0
74	112	1.0
74	113	1.0
74	166	1.0
74	185	1.0
74	188	1.0
74	209	1.0
75	75	472.0
75	76	8.0
75	77	6.0
75	78	7.0
75	79	12.0
75	80	9.0
75	81	5.0
75	82	7.0
75	83	1.0
75	85	3.0
75	86	1.0
75	87	1.0
75	93	1.0
75	94	1.0
75	95	4.0
75	96	1.0
75	105	6.0
75	106	2.0
75	112	1.0
75	113	1.0
75	116	1.0
75	118	16.0
75	119	1.0
75	189	5.0
75	207	1.0
75	210	1.0
75	213	1.0
75	239	1.0
75	245	1.0
76	76	463.0
76	77	21.0
76	78	1.0
76	79	4.0
76	82	1.0
76	83	1.0
76	85	3.0
76	86	4.0
76	87	1.0
76	89	1.0
76	102	1.0
76	118	1.0
76	155	1.0
76	182	1.0
76	216	2.0
76	217	1.0
76	230	1.0
76	247	1.0
77	77	501.0
77	78	2.0
77	79	6.0
77	80	13.0
77	81	1.0
77	82	5.0
77	83	1.0
77	86	4.0
77	87	1.0
77	92	1.0
77	118	1.0
77	163	1.0
77	181	1.0
77	189	2.0
77	193	1.0
77	205	1.0
77	206	1.0
77	217	1.0
78	78	493.0
78	79	13.0
78	80	5.0
78	81	1.0
78	91	1.0
78	92	4.0
78	93	1.0
78	94	3.0
78	95	7.0
78	96	2.0
78	97	8.0
78	98	1.0
78	106	1.0
78	107	1.0
78	111	3.0
78	112	6.0
78	113	2.0
78	114	5.0
78	115	1.0
78	116	3.0
78	118	7.0
78	189	6.0
78	193	1.0
78	212	1.0
78	216	2.0
78	237	2.0
78	238	10.0
78	239	5.0
78	246	1.0
79	79	454.0
79	80	15.0
79	82	7.0
79	83	19.0
79	84	4.0
79	86	1.0
79	90	3.0
79	91	1.0
79	92	1.0
79	93	1.0
79	96	2.0
79	97	5.0
79	98	1.0
79	105	1.0
79	106	1.0
79	108	1.0
79	118	11.0
79	119	4.0
79	231	1.0
79	233	1.0
79	237	3.0
79	238	5.0
79	239	2.0
79	249	2.0
80	80	457.0
80	81	12.0
80	82	26.0
80	85	3.0
80	87	1.0
80	92	6.0
80	93	5.0
80	94	7.0
80	95	3.0
80	96	2.0
80	101	1.0
80	105	1.0
80	106	1.0
80	113	1.0
80	117	2.0
80	118	5.0
80	237	1.0
81	81	458.0
81	82	10.0
81	83	1.0
81	84	1.0
81	105	1.0
81	106	1.0
81	112	2.0
81	113	2.0
81	116	2.0
81	117	2.0
81	118	3.0
81	119	11.0
81	148	1.0
81	155	1.0
81	189	1.0
81	249	1.0
82	82	465.0
82	83	6.0
82	84	1.0
82	86	6.0
82	87	2.0
82	88	1.0
82	93	2.0
82	94	4.0
82	95	1.0
82	113	1.0
82	117	2.0
82	118	1.0
82	119	9.0
82	194	1.0
82	202	1.0
82	209	1.0
82	220	1.0
83	83	378.0
83	84	8.0
83	85	1.0
83	86	5.0
83	87	1.0
83	88	2.0
83	89	1.0
83	90	2.0
83	91	4.0
83	92	4.0
83	98	2.0
83	99	2.0
83	101	7.0
83	117	7.0
83	159	1.0
83	186	1.0
83	215	2.0
84	84	478.0
84	85	34.0
84	86	10.0
84	87	6.0
84	88	11.0
84	91	3.0
84	99	1.0
84	100	6.0
84	101	1.0
84	102	3.0
84	195	1.0
84	201	1.0
84	204	1.0
84	239	1.0
84	240	1.0
85	85	538.0
85	86	8.0
85	87	8.0
85	88	9.0
85	89	3.0
85	99	2.0
85	100	5.0
85	145	2.0
85	148	1.0
85	208	1.0
85	211	1.0
85	226	1.0
85	234	1.0
85	246	1.0
86	86	459.0
86	87	15.0
86	88	8.0
86	89	3.0
86	90	7.0
86	91	8.0
86	94	1.0
86	97	1.0
86	101	6.0
86	159	1.0
86	171	1.0
86	212	1.0
86	231	1.0
87	87	471.0
87	88	28.0
87	89	4.0
87	90	1.0
87	91	8.0
87	93	2.0
87	145	1.0
87	170	1.0
87	192	1.0
88	88	497.0
88	89	7.0
88	90	5.0
88	91	2.0
88	98	1.0
88	99	10.0
88	100	2.0
88	101	5.0
88	102	5.0
88	110	1.0
88	143	2.0
88	145	1.0
88	178	1.0
88	211	1.0
88	235	1.0
89	89	510.0
89	90	34.0
89	91	1.0
89	92	16.0
89	93	3.0
89	98	3.0
89	99	4.0
89	100	1.0
89	105	1.0
89	195	1.0
89	208	1.0
90	90	525.0
90	91	9.0
90	94	3.0
90	96	3.0
90	97	2.0
90	98	7.0
90	99	3.0
90	150	2.0
90	157	1.0
91	91	483.0
91	92	8.0
91	93	1.0
91	95	3.0
91	96	3.0
91	97	8.0
91	98	10.0
91	121	1.0
91	165	2.0
91	174	1.0
91	240	1.0
92	92	454.0
92	93	21.0
92	94	12.0
92	95	5.0
92	97	4.0
92	107	3.0
92	168	1.0
93	93	451.0
93	94	27.0
93	95	3.0
93	97	6.0
93	98	1.0
93	99	1.0
93	171	1.0
93	222	2.0
94	94	473.0
94	95	19.0
94	97	4.0
94	152	1.0
94	156	1.0
94	185	1.0
94	228	1.0
95	95	549.0
95	96	7.0
95	97	2.0
95	98	1.0
95	102	1.0
95	103	1.0
95	170	1.0
95	198	1.0
95	199	1.0
95	233	1.0
96	96	496.0
96	97	17.0
96	98	4.0
96	101	3.0
96	103	2.0
96	108	13.0
96	114	1.0
96	210	1.0
96	213	1.0
96	222	1.0
97	97	433.0
97	98	23.0
97	100	5.0
97	101	4.0
97	102	1.0
97	108	1.0
97	109	6.0
97	113	11.0
97	114	10.0
97	169	1.0
97	178	1.0
97	223	1.0
97	231	1.0
97	236	1.0
98	98	462.0
98	99	16.0
98	100	6.0
98	101	13.0
98	102	2.0
98	109	1.0
98	113	1.0
98	114	10.0
98	150	1.0
98	170	1.0
98	193	1.0
98	210	1.0
99	99	466.0
99	100	46.0
99	101	7.0
99	102	12.0
99	103	1.0
99	117	6.0
99	225	1.0
100	100	469.0
100	101	3.0
100	102	9.0
100	103	5.0
100	109	1.0
100	117	5.0
100	118	13.0
100	121	1.0
100	143	1.0
100	152	1.0
100	209	1.0
100	225	1.0
100	245	1.0
101	101	498.0
101	102	4.0
101	103	12.0
101	105	3.0
101	109	1.0
101	112	1.0
101	113	3.0
101	114	8.0
101	117	9.0
101	118	3.0
101	152	1.0
101	178	1.0
101	205	1.0
101	210	1.0
101	224	1.0
102	102	466.0
102	103	10.0
102	104	6.0
102	105	4.0
102	106	7.0
102	107	1.0
102	112	2.0
102	118	6.0
102	119	6.0
102	121	3.0
102	238	1.0
102	248	1.0
103	103	336.0
103	104	7.0
103	105	3.0
103	106	2.0
103	107	5.0
103	111	1.0
103	117	3.0
103	118	2.0
103	119	4.0
103	174	1.0
103	186	1.0
104	104	384.0
104	105	12.0
104	106	8.0
104	107	7.0
104	108	3.0
104	109	1.0
104	110	1.0
104	113	3.0
104	115	3.0
104	121	1.0
104	151	1.0
104	152	1.0
104	170	2.0
104	174	1.0
105	105	414.0
105	106	28.0
105	107	8.0
105	108	5.0
105	112	1.0
105	115	8.0
105	116	7.0
105	118	7.0
105	163	1.0
105	170	1.0
106	106	457.0
106	107	5.0
106	108	7.0
106	112	1.0
106	114	1.0
106	115	2.0
106	116	12.0
106	118	11.0
106	119	14.0
106	121	1.0
106	176	1.0
106	191	1.0
107	107	444.0
107	108	10.0
107	112	6.0
107	113	4.0
107	114	8.0
107	115	11.0
107	116	7.0
107	117	1.0
107	118	4.0
107	119	3.0
107	120	2.0
107	121	1.0
107	170	11.0
107	173	1.0
107	175	1.0
107	188	2.0
107	237	3.0
107	238	1.0
108	108	420.0
108	109	7.0
108	110	2.0
108	111	3.0
108	112	4.0
108	113	1.0
108	114	16.0
108	115	24.0
108	116	2.0
108	147	3.0
108	166	3.0
108	170	6.0
108	174	4.0
108	188	3.0
108	189	5.0
108	190	2.0
108	209	2.0
108	239	2.0
109	109	504.0
109	110	14.0
109	111	16.0
109	112	7.0
109	113	19.0
109	114	5.0
109	115	9.0
109	116	3.0
109	144	1.0
109	147	1.0
109	152	1.0
109	166	1.0
109	169	1.0
109	170	4.0
109	174	7.0
109	175	12.0
109	176	1.0
109	179	1.0
109	188	2.0
109	189	4.0
109	195	1.0
109	201	1.0
109	204	1.0
109	235	1.0
109	249	1.0
110	110	544.0
110	111	8.0
110	112	15.0
110	114	1.0
110	115	3.0
110	119	7.0
110	120	18.0
110	143	1.0
110	144	8.0
110	145	4.0
110	147	1.0
110	153	1.0
110	160	2.0
110	163	1.0
110	165	1.0
110	166	4.0
110	169	3.0
110	172	1.0
110	173	5.0
110	174	9.0
110	175	12.0
110	181	1.0
110	184	8.0
110	185	15.0
110	187	1.0
110	188	5.0
110	189	2.0
110	190	3.0
110	191	2.0
110	201	1.0
110	206	1.0
110	232	1.0
110	243	1.0
110	247	1.0
111	111	590.0
111	112	16.0
111	113	3.0
111	114	3.0
111	115	5.0
111	119	1.0
111	120	2.0
111	149	1.0
111	151	1.0
111	157	1.0
111	173	1.0
111	182	1.0
111	184	1.0
111	188	1.0
111	190	8.0
111	191	1.0
111	214	3.0
111	216	1.0
111	237	1.0
111	238	40.0
111	239	1.0
111	243	2.0
112	112	543.0
112	113	13.0
112	114	7.0
112	115	10.0
112	116	13.0
112	118	5.0
112	119	11.0
112	120	2.0
112	121	3.0
112	143	2.0
112	144	2.0
112	145	2.0
112	157	1.0
112	182	1.0
112	184	3.0
112	188	1.0
112	189	3.0
112	190	6.0
112	213	1.0
112	237	3.0
112	238	10.0
112	243	4.0
112	244	1.0
112	245	1.0
112	248	1.0
113	113	482.0
113	114	16.0
113	115	3.0
113	116	1.0
113	117	3.0
113	118	3.0
113	121	1.0
113	142	1.0
113	174	1.0
113	188	3.0
113	189	7.0
113	190	2.0
113	220	1.0
113	237	1.0
113	238	1.0
113	243	3.0
114	114	521.0
114	115	12.0
114	116	6.0
114	117	1.0
114	118	1.0
114	149	1.0
114	159	1.0
114	169	1.0
114	170	3.0
114	174	7.0
114	175	1.0
114	177	1.0
114	188	1.0
114	190	6.0
114	214	1.0
114	226	1.0
114	237	1.0
114	238	2.0
114	243	4.0
115	115	474.0
115	116	20.0
115	118	1.0
115	170	7.0
115	174	1.0
115	185	1.0
115	188	1.0
115	189	1.0
115	190	4.0
115	200	1.0
115	214	1.0
115	238	1.0
116	116	492.0
116	117	3.0
116	118	7.0
116	119	2.0
116	182	1.0
116	189	1.0
116	201	1.0
116	203	1.0
116	237	1.0
116	245	1.0
117	117	532.0
117	118	13.0
117	174	1.0
117	212	1.0
118	118	470.0
118	119	8.0
118	121	1.0
118	176	1.0
118	190	3.0
118	217	1.0
118	222	1.0
118	230	2.0
118	237	4.0
118	238	8.0
119	119	460.0
119	120	9.0
119	121	2.0
119	143	1.0
119	145	1.0
119	164	1.0
119	171	1.0
119	189	1.0
119	214	2.0
119	233	1.0
120	120	312.0
120	121	1.0
120	143	5.0
120	144	11.0
120	145	24.0
120	149	2.0
120	151	2.0
120	156	3.0
120	161	1.0
120	206	2.0
121	121	2023.0
121	143	3.0
121	144	2.0
121	147	1.0
121	148	3.0
121	150	1.0
121	163	2.0
121	166	1.0
121	189	1.0
121	206	1.0
121	227	1.0
121	235	1.0
142	142	111.0
142	143	9.0
142	152	1.0
142	161	1.0
142	210	1.0
142	224	2.0
143	143	61.0
143	148	1.0
143	149	1.0
143	152	2.0
143	206	1.0
143	243	1.0
144	144	188.0
144	145	7.0
144	146	3.0
144	147	1.0
144	149	3.0
144	151	2.0
144	165	1.0
144	167	3.0
144	168	2.0
144	169	3.0
144	206	4.0
144	235	1.0
144	239	2.0
144	244	1.0
144	245	1.0
144	247	1.0
145	145	412.0
145	146	3.0
145	147	2.0
145	148	2.0
145	151	9.0
145	152	4.0
145	153	2.0
145	156	5.0
145	169	6.0
145	171	7.0
145	202	1.0
145	223	1.0
145	227	1.0
145	229	1.0
145	231	6.0
145	232	4.0
145	234	4.0
145	235	2.0
145	243	1.0
145	244	8.0
145	246	4.0
145	247	2.0
146	146	218.0
146	147	1.0
146	149	1.0
146	152	1.0
146	153	1.0
146	157	1.0
146	164	3.0
146	165	2.0
146	166	1.0
146	168	2.0
146	169	1.0
146	171	11.0
146	172	1.0
146	173	3.0
146	186	1.0
146	244	1.0
147	147	286.0
147	148	1.0
147	149	2.0
147	150	2.0
147	151	1.0
147	152	2.0
147	153	2.0
147	165	4.0
147	166	4.0
147	169	7.0
147	170	2.0
147	171	1.0
147	172	2.0
147	173	8.0
147	174	3.0
147	207	1.0
147	242	1.0
148	148	44.0
148	149	3.0
148	150	1.0
148	167	1.0
148	171	2.0
148	192	1.0
148	208	1.0
148	234	1.0
148	242	1.0
148	245	1.0
148	247	1.0
149	149	166.0
149	150	2.0
149	151	1.0
149	155	2.0
149	156	8.0
149	159	1.0
149	167	2.0
149	191	1.0
149	217	1.0
149	220	1.0
149	235	1.0
149	242	1.0
149	243	2.0
150	150	442.0
150	151	11.0
150	155	10.0
150	156	6.0
150	157	1.0
150	161	2.0
150	197	1.0
150	203	1.0
150	209	1.0
150	218	1.0
150	234	1.0
150	240	1.0
151	151	525.0
151	152	13.0
151	153	24.0
151	154	1.0
151	155	26.0
151	156	12.0
151	157	1.0
151	161	2.0
151	165	2.0
151	168	3.0
151	194	1.0
151	200	1.0
151	212	1.0
151	214	1.0
151	239	1.0
152	152	504.0
152	153	25.0
152	156	1.0
152	165	7.0
152	168	6.0
152	169	3.0
152	171	1.0
152	172	2.0
152	173	3.0
152	186	2.0
152	221	1.0
152	222	11.0
152	223	2.0
152	225	6.0
152	226	4.0
152	227	5.0
152	229	1.0
152	230	5.0
152	233	4.0
152	234	1.0
152	246	5.0
153	153	518.0
153	154	7.0
153	155	1.0
153	156	5.0
153	157	1.0
153	158	1.0
153	160	1.0
153	161	1.0
153	164	2.0
153	165	2.0
153	170	1.0
153	173	9.0
153	174	1.0
153	202	1.0
153	209	1.0
153	221	2.0
153	222	2.0
153	223	16.0
153	224	18.0
153	227	3.0
153	228	1.0
153	230	5.0
153	231	6.0
153	232	5.0
153	233	3.0
153	246	1.0
153	247	1.0
154	154	530.0
154	155	6.0
154	156	2.0
154	157	10.0
154	158	8.0
154	159	1.0
154	160	6.0
154	162	6.0
154	163	1.0
154	168	1.0
154	183	1.0
154	193	1.0
154	214	1.0
154	220	1.0
154	247	1.0
155	155	540.0
155	156	24.0
155	157	2.0
155	159	1.0
155	161	13.0
155	169	1.0
156	156	562.0
156	157	8.0
156	159	9.0
156	160	2.0
156	161	4.0
156	162	2.0
156	170	1.0
156	210	1.0
156	221	1.0
156	224	2.0
157	157	577.0
157	158	28.0
157	159	6.0
157	160	8.0
157	162	13.0
157	163	2.0
157	166	2.0
157	167	8.0
157	168	4.0
157	169	2.0
157	198	1.0
157	214	1.0
157	224	1.0
157	225	1.0
158	158	492.0
158	159	28.0
158	160	7.0
158	161	4.0
158	162	11.0
158	228	1.0
159	159	512.0
159	160	40.0
159	161	13.0
159	162	6.0
159	167	3.0
159	173	1.0
159	218	3.0
160	160	552.0
160	161	28.0
160	162	7.0
160	167	1.0
160	183	1.0
160	186	1.0
160	220	1.0
160	221	1.0
160	222	1.0
160	229	1.0
160	230	1.0
160	233	1.0
160	238	1.0
161	161	443.0
161	162	12.0
161	206	1.0
161	242	1.0
162	162	516.0
162	163	16.0
162	165	3.0
162	166	3.0
162	167	1.0
162	168	1.0
162	174	1.0
162	220	1.0
162	223	1.0
162	236	1.0
162	247	3.0
163	163	484.0
163	164	16.0
163	165	15.0
163	166	4.0
163	168	3.0
163	169	2.0
163	174	2.0
163	184	1.0
163	185	1.0
163	187	1.0
163	188	2.0
163	191	2.0
163	192	1.0
163	198	1.0
163	214	1.0
164	164	492.0
164	165	13.0
164	166	6.0
164	168	4.0
164	170	4.0
164	171	4.0
164	172	2.0
164	173	5.0
164	174	9.0
164	175	4.0
164	185	3.0
164	187	12.0
164	190	1.0
164	192	1.0
164	236	1.0
165	165	556.0
165	166	16.0
165	167	6.0
165	168	18.0
165	169	5.0
165	172	5.0
165	173	9.0
165	185	3.0
165	186	12.0
165	188	1.0
165	192	6.0
165	193	1.0
165	196	1.0
165	198	1.0
165	220	3.0
165	232	1.0
165	244	1.0
165	248	1.0
166	166	499.0
166	167	1.0
166	168	5.0
166	169	5.0
166	170	2.0
166	172	6.0
166	173	17.0
166	174	10.0
166	175	1.0
166	182	1.0
166	185	3.0
166	186	2.0
166	187	8.0
166	188	1.0
166	193	2.0
166	196	3.0
166	201	1.0
166	203	1.0
166	215	1.0
166	219	11.0
166	220	6.0
166	233	2.0
166	241	2.0
167	167	532.0
167	168	18.0
167	171	7.0
167	172	9.0
167	174	1.0
167	179	3.0
167	180	10.0
167	185	1.0
167	186	2.0
167	192	1.0
167	194	1.0
167	218	1.0
167	219	3.0
167	220	15.0
167	231	1.0
167	237	1.0
167	242	1.0
167	243	1.0
168	168	504.0
168	169	25.0
168	171	4.0
168	172	4.0
168	173	1.0
168	179	1.0
168	180	2.0
168	186	3.0
168	187	3.0
168	189	1.0
168	196	1.0
168	203	1.0
168	207	1.0
168	218	1.0
168	219	4.0
168	220	6.0
168	223	1.0
168	224	1.0
168	235	1.0
168	237	1.0
168	243	1.0
168	248	1.0
169	169	488.0
169	170	5.0
169	171	10.0
169	172	1.0
169	173	3.0
169	174	9.0
169	175	6.0
169	182	1.0
169	185	2.0
169	192	3.0
169	208	1.0
169	215	1.0
169	219	7.0
169	228	1.0
169	235	1.0
169	236	7.0
170	170	490.0
170	171	5.0
170	173	2.0
170	174	12.0
170	175	2.0
170	181	16.0
170	182	2.0
170	184	1.0
170	186	3.0
170	188	9.0
170	189	6.0
170	193	3.0
170	194	4.0
170	207	4.0
170	214	1.0
170	215	6.0
170	217	8.0
170	218	2.0
170	235	9.0
170	236	10.0
170	239	1.0
170	241	1.0
171	171	492.0
171	172	18.0
171	173	9.0
171	174	1.0
171	181	3.0
171	182	5.0
171	183	9.0
171	184	4.0
171	185	18.0
171	186	3.0
171	189	3.0
171	190	2.0
171	194	1.0
171	195	1.0
171	196	4.0
171	205	1.0
171	207	3.0
171	209	1.0
171	215	1.0
171	216	1.0
171	218	1.0
171	220	1.0
171	235	3.0
171	236	1.0
172	172	470.0
172	173	13.0
172	175	2.0
172	181	2.0
172	182	9.0
172	183	1.0
172	185	7.0
172	186	16.0
172	187	2.0
172	188	3.0
172	189	5.0
172	191	2.0
172	192	4.0
172	193	3.0
172	195	1.0
172	196	10.0
172	208	2.0
172	211	1.0
172	212	2.0
172	214	2.0
173	173	469.0
173	174	16.0
173	175	7.0
173	176	1.0
173	179	1.0
173	180	6.0
173	181	6.0
173	182	6.0
173	183	1.0
173	185	7.0
173	186	17.0
173	187	2.0
173	188	5.0
173	189	7.0
173	210	5.0
173	211	1.0
173	212	8.0
173	213	1.0
174	174	428.0
174	175	19.0
174	176	4.0
174	179	3.0
174	180	6.0
174	181	4.0
174	182	5.0
174	186	3.0
174	187	1.0
174	189	3.0
174	215	1.0
174	217	1.0
174	218	1.0
174	243	1.0
174	244	1.0
174	247	1.0
175	175	542.0
175	176	7.0
175	177	1.0
175	180	3.0
175	181	3.0
175	182	1.0
175	185	7.0
175	186	4.0
175	187	3.0
175	188	8.0
175	189	2.0
175	191	5.0
175	192	3.0
175	193	2.0
175	196	13.0
175	197	1.0
175	198	1.0
175	207	1.0
175	211	1.0
175	218	1.0
175	241	1.0
175	248	1.0
176	176	510.0
176	177	5.0
176	178	4.0
176	179	6.0
176	180	12.0
176	181	4.0
176	186	3.0
176	196	1.0
176	197	3.0
176	200	3.0
176	212	1.0
176	213	1.0
176	220	1.0
177	177	549.0
177	178	19.0
177	179	13.0
177	180	2.0
177	195	2.0
177	197	3.0
177	200	1.0
177	201	3.0
177	213	1.0
178	178	501.0
178	179	15.0
178	180	2.0
178	197	8.0
178	198	1.0
178	200	8.0
178	201	5.0
178	212	1.0
178	233	1.0
179	179	469.0
179	180	9.0
179	181	1.0
179	192	2.0
179	193	1.0
179	196	1.0
179	197	5.0
179	198	1.0
179	200	1.0
179	203	2.0
179	211	6.0
179	213	10.0
179	219	1.0
179	220	1.0
179	223	1.0
179	233	11.0
179	234	1.0
179	235	2.0
179	246	3.0
179	247	1.0
180	180	481.0
180	181	16.0
180	182	15.0
180	187	3.0
180	191	1.0
180	192	1.0
180	198	1.0
180	200	1.0
180	203	1.0
180	211	4.0
180	212	1.0
180	213	10.0
180	214	3.0
180	218	6.0
180	219	7.0
180	220	4.0
180	221	2.0
180	233	4.0
180	236	1.0
180	245	1.0
180	246	4.0
181	181	575.0
181	182	20.0
181	183	4.0
181	184	4.0
181	185	2.0
181	190	3.0
181	191	8.0
181	192	1.0
181	201	1.0
181	203	6.0
181	207	1.0
181	211	4.0
181	212	1.0
181	213	10.0
181	214	10.0
181	218	14.0
181	219	3.0
181	220	5.0
181	233	5.0
181	235	2.0
181	236	4.0
181	238	1.0
181	244	2.0
181	245	3.0
181	246	2.0
182	182	500.0
182	183	3.0
182	184	10.0
182	185	8.0
182	190	5.0
182	191	4.0
182	192	1.0
182	193	1.0
182	195	1.0
182	209	2.0
182	211	1.0
182	214	8.0
182	217	3.0
182	218	8.0
182	219	1.0
182	220	2.0
182	233	1.0
182	234	1.0
182	235	8.0
182	236	3.0
182	244	6.0
182	245	19.0
182	246	3.0
182	247	5.0
183	183	465.0
183	184	38.0
183	185	6.0
183	186	1.0
183	188	1.0
183	194	4.0
183	200	1.0
183	203	4.0
183	204	7.0
183	205	2.0
183	207	15.0
183	208	6.0
183	209	7.0
183	210	5.0
183	211	1.0
183	214	6.0
183	215	5.0
183	218	2.0
183	219	12.0
183	220	3.0
183	233	5.0
183	234	2.0
183	235	6.0
183	236	4.0
183	247	1.0
184	184	499.0
184	185	10.0
184	186	1.0
184	187	1.0
184	189	2.0
184	190	8.0
184	191	3.0
184	194	5.0
184	195	1.0
184	199	1.0
184	204	2.0
184	207	10.0
184	208	7.0
184	209	2.0
184	210	3.0
184	211	1.0
184	212	2.0
184	213	4.0
184	214	9.0
184	215	11.0
184	216	1.0
184	218	1.0
184	219	7.0
184	233	2.0
184	235	2.0
184	236	1.0
184	237	1.0
184	241	5.0
184	243	1.0
184	245	1.0
184	247	1.0
185	185	457.0
185	186	4.0
185	187	7.0
185	188	10.0
185	189	8.0
185	190	3.0
185	191	6.0
185	192	5.0
185	193	2.0
185	196	1.0
185	208	3.0
185	210	1.0
185	212	1.0
185	214	4.0
185	215	1.0
185	235	3.0
185	241	1.0
185	247	1.0
186	186	439.0
186	187	13.0
186	188	3.0
186	189	5.0
186	192	10.0
186	193	5.0
186	194	2.0
186	196	9.0
186	200	1.0
186	212	1.0
186	213	1.0
186	214	2.0
186	245	1.0
187	187	482.0
187	188	12.0
187	192	2.0
187	193	4.0
187	195	1.0
187	196	2.0
187	204	1.0
187	218	1.0
188	188	417.0
188	189	19.0
188	190	3.0
188	191	1.0
188	192	1.0
188	193	1.0
188	196	7.0
188	210	5.0
188	211	2.0
188	212	11.0
188	213	1.0
188	214	6.0
188	215	2.0
188	216	9.0
188	233	1.0
188	234	2.0
188	237	1.0
188	238	1.0
189	189	462.0
189	190	5.0
189	193	1.0
189	197	1.0
189	205	1.0
189	206	1.0
189	210	2.0
189	212	9.0
189	214	10.0
189	215	10.0
189	216	1.0
189	229	1.0
189	237	7.0
189	238	3.0
189	239	4.0
189	241	1.0
189	243	1.0
190	190	436.0
190	191	27.0
190	192	13.0
190	193	6.0
190	194	3.0
190	197	1.0
190	204	1.0
190	212	1.0
190	214	11.0
190	215	2.0
190	218	1.0
190	232	1.0
190	233	3.0
190	236	3.0
190	237	2.0
190	238	4.0
190	239	8.0
190	240	8.0
190	241	3.0
190	242	1.0
190	243	3.0
190	244	3.0
190	246	2.0
190	247	1.0
190	248	5.0
191	191	419.0
191	192	27.0
191	193	1.0
191	196	1.0
191	200	1.0
191	233	7.0
191	236	3.0
191	239	1.0
191	240	3.0
191	241	3.0
191	245	3.0
191	246	1.0
191	247	1.0
191	248	4.0
192	192	438.0
192	193	13.0
192	196	2.0
192	197	1.0
192	201	1.0
192	208	1.0
192	209	1.0
192	210	1.0
192	211	3.0
192	233	5.0
192	234	1.0
192	239	2.0
192	245	5.0
192	246	2.0
192	247	1.0
192	248	5.0
192	249	4.0
193	193	509.0
193	194	8.0
193	198	1.0
193	199	2.0
193	200	8.0
193	207	1.0
193	208	1.0
193	210	5.0
193	214	1.0
193	215	4.0
193	217	4.0
193	235	4.0
193	236	8.0
193	237	2.0
193	238	1.0
193	240	2.0
193	241	3.0
193	242	3.0
193	245	4.0
193	246	1.0
194	194	411.0
194	195	8.0
194	207	1.0
194	210	1.0
194	214	1.0
194	215	5.0
194	236	2.0
194	237	2.0
194	239	4.0
194	240	2.0
194	241	7.0
194	242	3.0
194	247	1.0
195	195	445.0
195	196	13.0
195	197	6.0
195	199	4.0
195	200	3.0
195	210	1.0
195	214	1.0
195	215	3.0
195	216	1.0
195	217	3.0
195	237	8.0
195	238	6.0
195	239	8.0
195	240	5.0
195	241	1.0
195	247	1.0
196	196	366.0
196	197	6.0
196	199	5.0
196	200	5.0
196	207	1.0
196	209	5.0
196	210	1.0
196	211	1.0
196	213	5.0
196	214	2.0
196	215	5.0
196	216	5.0
196	217	11.0
196	233	1.0
197	197	483.0
197	198	11.0
197	199	6.0
197	200	11.0
197	201	1.0
197	202	3.0
197	206	1.0
197	209	1.0
197	217	6.0
197	238	3.0
198	198	495.0
198	199	15.0
198	200	2.0
198	201	4.0
198	202	6.0
198	217	1.0
198	221	1.0
198	222	1.0
198	225	1.0
198	238	1.0
199	199	428.0
199	200	12.0
199	214	1.0
199	217	1.0
199	237	1.0
200	200	458.0
200	201	11.0
200	202	1.0
200	204	2.0
200	207	1.0
200	209	1.0
200	212	2.0
200	217	5.0
200	222	1.0
200	227	1.0
200	228	2.0
200	230	1.0
200	232	1.0
200	233	2.0
200	238	2.0
200	240	1.0
201	201	553.0
201	202	7.0
201	203	6.0
201	204	12.0
201	205	6.0
201	207	2.0
201	212	1.0
201	222	11.0
201	227	2.0
201	228	4.0
201	229	1.0
201	230	1.0
201	232	6.0
201	233	2.0
202	202	514.0
202	203	8.0
202	212	6.0
202	221	4.0
202	222	9.0
202	226	1.0
202	229	4.0
202	230	9.0
202	231	2.0
202	232	8.0
203	203	528.0
203	204	3.0
203	205	1.0
203	211	5.0
203	212	15.0
203	213	5.0
203	214	2.0
203	220	13.0
203	221	21.0
203	222	3.0
203	228	1.0
203	230	3.0
203	232	4.0
203	233	1.0
203	234	2.0
203	242	1.0
203	247	3.0
204	204	618.0
204	205	22.0
204	206	19.0
204	207	5.0
204	209	1.0
204	211	4.0
204	212	1.0
204	213	2.0
204	220	2.0
204	221	2.0
204	231	1.0
204	234	8.0
204	235	5.0
204	236	1.0
205	205	509.0
205	206	9.0
205	211	5.0
205	212	2.0
205	215	1.0
205	221	1.0
205	225	1.0
206	206	344.0
206	207	21.0
206	214	1.0
206	218	1.0
206	220	1.0
207	207	486.0
207	208	6.0
207	209	3.0
207	214	2.0
207	215	1.0
207	235	10.0
207	242	3.0
207	249	1.0
208	208	534.0
208	209	33.0
208	210	3.0
208	215	1.0
208	217	2.0
208	218	1.0
208	234	3.0
208	235	1.0
208	236	6.0
208	237	9.0
208	238	2.0
208	240	1.0
208	241	2.0
208	242	3.0
208	244	2.0
209	209	571.0
209	212	1.0
209	215	3.0
209	216	1.0
209	217	4.0
209	218	1.0
209	237	4.0
209	238	3.0
209	240	3.0
209	241	3.0
209	242	5.0
209	244	1.0
209	247	1.0
210	210	457.0
210	211	9.0
210	212	5.0
210	213	7.0
210	214	12.0
210	215	1.0
210	216	4.0
210	217	1.0
210	218	4.0
210	219	5.0
210	220	1.0
210	224	1.0
210	236	2.0
210	237	4.0
210	238	1.0
210	239	3.0
210	240	5.0
210	242	5.0
210	243	1.0
210	244	1.0
210	248	3.0
211	211	505.0
211	212	11.0
211	213	15.0
211	214	9.0
211	215	4.0
211	218	5.0
211	219	8.0
211	220	2.0
211	221	5.0
211	233	6.0
211	234	1.0
211	235	1.0
211	245	4.0
211	246	2.0
211	247	1.0
212	212	498.0
212	213	5.0
212	214	11.0
212	216	2.0
212	220	1.0
212	221	12.0
212	222	5.0
212	232	1.0
212	233	1.0
212	234	2.0
212	236	3.0
213	213	492.0
213	214	8.0
213	220	6.0
213	229	1.0
213	234	5.0
213	246	2.0
214	214	506.0
214	215	9.0
214	216	17.0
214	218	3.0
214	219	8.0
214	220	1.0
214	228	1.0
214	233	4.0
214	234	2.0
214	235	1.0
214	244	4.0
214	245	3.0
214	246	1.0
214	247	2.0
214	248	1.0
215	215	536.0
215	217	8.0
215	218	10.0
215	219	16.0
215	220	4.0
215	225	1.0
215	234	2.0
215	235	1.0
215	236	3.0
215	237	1.0
215	238	1.0
215	242	2.0
215	243	2.0
215	244	15.0
215	246	1.0
215	247	2.0
215	248	3.0
216	216	460.0
216	217	13.0
216	224	1.0
216	237	10.0
216	238	14.0
216	239	9.0
216	241	5.0
216	242	3.0
216	243	5.0
217	217	497.0
217	227	1.0
217	237	4.0
217	239	6.0
217	241	12.0
217	242	5.0
217	249	1.0
218	218	517.0
218	219	30.0
218	220	5.0
218	224	1.0
218	234	1.0
218	235	6.0
218	239	1.0
218	240	1.0
218	242	2.0
218	244	1.0
219	219	472.0
219	220	10.0
219	233	1.0
219	234	8.0
219	235	4.0
219	236	4.0
219	248	2.0
219	249	1.0
220	220	502.0
220	224	1.0
220	232	1.0
220	233	7.0
220	234	5.0
220	235	10.0
220	236	10.0
220	244	6.0
220	245	2.0
220	247	1.0
221	221	490.0
221	222	15.0
221	223	17.0
221	224	3.0
221	225	2.0
221	226	9.0
221	227	3.0
221	228	1.0
221	229	4.0
221	230	6.0
221	232	11.0
221	233	14.0
221	234	1.0
221	245	11.0
221	247	4.0
222	222	445.0
222	223	19.0
222	224	2.0
222	225	1.0
222	226	5.0
222	227	8.0
222	228	7.0
222	229	14.0
222	230	8.0
222	231	3.0
222	232	16.0
222	233	6.0
222	234	1.0
222	245	4.0
222	247	2.0
223	223	510.0
223	224	20.0
223	225	8.0
223	226	10.0
223	227	4.0
223	228	8.0
223	229	3.0
223	230	8.0
223	231	5.0
223	232	4.0
223	233	1.0
223	235	1.0
224	224	406.0
224	225	12.0
224	226	7.0
224	228	2.0
224	229	3.0
224	230	3.0
224	231	6.0
224	232	11.0
224	233	4.0
224	234	1.0
224	244	1.0
224	246	5.0
224	247	1.0
225	225	480.0
225	226	10.0
225	227	6.0
225	230	9.0
226	226	538.0
226	227	22.0
226	228	10.0
226	229	6.0
226	230	7.0
226	231	8.0
226	232	1.0
226	233	1.0
226	242	1.0
227	227	468.0
227	228	10.0
227	229	8.0
227	230	15.0
227	231	17.0
227	232	6.0
227	233	5.0
227	246	1.0
228	228	509.0
228	229	25.0
228	230	10.0
228	231	8.0
228	232	9.0
228	233	4.0
228	234	8.0
228	243	1.0
228	244	1.0
228	245	3.0
228	247	2.0
229	229	520.0
229	230	22.0
229	231	13.0
229	232	1.0
229	233	6.0
229	234	13.0
229	235	1.0
229	245	8.0
229	246	2.0
230	230	529.0
230	231	14.0
230	232	4.0
230	233	3.0
230	237	1.0
230	245	2.0
230	246	5.0
231	231	530.0
231	232	6.0
231	234	2.0
231	245	1.0
231	246	5.0
231	247	13.0
232	232	502.0
232	233	25.0
232	234	7.0
232	238	1.0
232	244	2.0
232	245	3.0
232	246	6.0
232	247	4.0
233	233	499.0
233	234	7.0
233	245	7.0
233	246	14.0
233	247	1.0
234	234	498.0
234	235	46.0
234	236	4.0
234	244	4.0
234	245	20.0
234	246	16.0
234	247	7.0
235	235	427.0
235	236	19.0
235	244	6.0
235	245	5.0
235	246	12.0
235	247	2.0
236	236	462.0
236	237	1.0
236	240	1.0
236	242	3.0
236	244	8.0
236	245	1.0
236	246	1.0
236	247	3.0
236	248	1.0
237	237	438.0
237	238	13.0
237	239	8.0
237	241	4.0
237	242	3.0
237	243	6.0
237	249	1.0
238	238	511.0
238	239	10.0
238	240	13.0
238	243	5.0
239	239	532.0
239	240	18.0
239	241	12.0
239	242	7.0
239	248	5.0
240	240	501.0
240	241	7.0
240	242	11.0
240	243	1.0
240	248	6.0
241	241	475.0
241	242	9.0
241	246	1.0
241	248	6.0
242	242	492.0
242	243	2.0
242	248	4.0
242	249	1.0
243	243	350.0
243	244	26.0
243	245	5.0
243	247	8.0
243	248	6.0
244	244	512.0
244	245	10.0
244	246	7.0
244	247	18.0
244	248	3.0
245	245	519.0
245	246	25.0
245	247	12.0
246	246	530.0
246	247	19.0
247	247	453.0
247	248	2.0
248	248	339.0
248	249	3.0
249	249	77.0
250	1	9.0
250	2	2.0
250	3	1.0
250	14	1.0
250	15	1.0
250	19	4.0
250	40	2.0
250	41	1.0
250	43	2.0
250	49	1.0
250	54	1.0
250	166	1.0
250	180	1.0
250	210	1.0
250	223	1.0
250	224	2.0
250	250	126.0
