1	1	316.0
1	2	14.0
1	3	3.0
1	53	2.0
1	54	1.0
1	55	8.0
1	56	5.0
1	57	9.0
1	59	1.0
2	2	280.0
2	3	6.0
2	4	10.0
2	5	5.0
2	9	3.0
2	32	3.0
2	53	2.0
2	54	1.0
2	55	9.0
2	56	1.0
2	57	3.0
2	62	5.0
3	3	298.0
3	4	11.0
3	5	1.0
3	13	5.0
3	32	4.0
3	33	2.0
4	4	326.0
4	5	10.0
4	8	1.0
4	9	1.0
4	10	4.0
4	11	5.0
4	12	3.0
4	32	6.0
4	33	2.0
5	5	271.0
5	6	8.0
5	8	1.0
5	9	3.0
5	10	20.0
5	11	3.0
6	6	268.0
6	7	13.0
6	8	10.0
6	9	3.0
6	10	2.0
6	12	9.0
6	13	1.0
7	7	287.0
7	8	4.0
7	13	4.0
7	49	1.0
8	8	263.0
8	9	9.0
8	10	12.0
8	11	2.0
8	12	7.0
8	13	2.0
8	15	1.0
9	9	273.0
9	10	35.0
9	11	19.0
9	12	2.0
10	10	294.0
10	11	18.0
10	38	1.0
11	11	237.0
11	12	11.0
11	54	1.0
11	62	1.0
12	12	243.0
12	13	11.0
12	14	1.0
12	53	1.0
13	13	287.0
13	14	5.0
13	16	1.0
13	17	1.0
13	22	1.0
13	23	3.0
13	43	1.0
13	53	1.0
14	14	271.0
14	15	28.0
14	16	6.0
14	17	11.0
14	23	2.0
14	24	1.0
14	32	1.0
15	15	280.0
15	16	13.0
15	17	3.0
15	21	2.0
15	22	1.0
16	16	262.0
16	17	9.0
16	18	2.0
16	19	3.0
16	21	3.0
16	22	4.0
16	23	2.0
16	24	1.0
16	26	2.0
16	29	2.0
17	17	285.0
17	18	21.0
17	19	8.0
17	20	2.0
17	21	2.0
17	22	1.0
17	23	7.0
17	24	6.0
17	25	9.0
17	26	3.0
17	29	2.0
18	18	271.0
18	19	15.0
18	20	4.0
18	21	1.0
18	22	1.0
18	23	7.0
18	24	2.0
18	25	11.0
18	26	4.0
18	29	1.0
18	52	1.0
19	19	290.0
19	20	12.0
19	21	8.0
19	22	1.0
19	23	2.0
19	24	9.0
19	26	1.0
19	30	2.0
19	31	2.0
19	57	1.0
20	20	249.0
20	21	16.0
20	22	6.0
20	23	3.0
20	24	3.0
20	25	1.0
20	29	1.0
20	30	5.0
20	31	5.0
21	21	292.0
21	22	15.0
21	23	6.0
21	24	1.0
21	25	4.0
21	30	3.0
21	31	1.0
21	37	1.0
22	22	301.0
22	23	13.0
22	26	2.0
22	30	5.0
22	31	1.0
22	46	1.0
23	23	309.0
23	24	16.0
23	25	6.0
23	26	2.0
23	29	3.0
23	30	2.0
23	31	4.0
23	39	1.0
23	47	1.0
23	57	1.0
23	60	1.0
24	24	354.0
24	25	28.0
24	26	4.0
24	29	2.0
24	30	5.0
24	31	8.0
24	33	1.0
24	54	1.0
25	25	304.0
25	26	3.0
25	29	3.0
25	30	10.0
25	31	3.0
26	26	64.0
29	29	121.0
29	30	1.0
29	31	1.0
29	51	1.0
29	59	1.0
30	30	306.0
30	31	15.0
31	31	371.0
31	32	6.0
31	34	9.0
31	35	10.0
31	36	1.0
31	38	6.0
31	41	1.0
31	44	2.0
32	32	272.0
32	33	11.0
32	34	11.0
32	35	3.0
32	36	3.0
32	37	1.0
32	38	3.0
32	39	1.0
32	40	3.0
32	42	1.0
32	50	1.0
32	52	2.0
33	33	294.0
33	34	27.0
33	35	2.0
33	37	1.0
33	43	3.0
33	47	1.0
34	34	290.0
34	35	8.0
34	36	3.0
34	37	1.0
34	40	2.0
34	44	3.0
34	55	1.0
35	35	279.0
35	36	36.0
35	38	1.0
35	39	2.0
35	40	2.0
35	58	2.0
36	36	346.0
36	37	9.0
36	38	8.0
36	39	4.0
36	40	4.0
36	41	4.0
36	42	4.0
36	45	2.0
36	47	1.0
36	49	1.0
36	52	1.0
36	55	3.0
36	56	4.0
36	58	1.0
37	37	296.0
37	38	10.0
37	39	6.0
37	40	20.0
37	41	7.0
37	42	1.0
37	43	4.0
37	44	6.0
37	47	8.0
37	48	3.0
37	49	3.0
37	50	1.0
37	51	1.0
37	52	5.0
37	53	4.0
37	54	3.0
37	57	2.0
37	59	3.0
38	38	265.0
38	39	12.0
38	40	13.0
38	41	16.0
38	42	10.0
38	49	2.0
38	52	6.0
38	53	1.0
38	56	3.0
38	58	1.0
38	60	2.0
39	39	308.0
39	40	16.0
39	41	1.0
39	42	2.0
39	49	1.0
39	50	1.0
39	51	1.0
39	52	10.0
39	56	2.0
39	57	1.0
39	58	1.0
40	40	262.0
40	41	23.0
40	42	4.0
40	47	5.0
40	48	1.0
40	49	6.0
40	50	1.0
40	51	2.0
40	53	1.0
40	54	7.0
40	55	4.0
40	56	1.0
40	59	1.0
40	60	1.0
41	41	314.0
41	42	12.0
41	44	7.0
41	45	2.0
41	46	7.0
41	47	4.0
41	48	2.0
41	49	10.0
41	52	3.0
41	53	3.0
41	54	7.0
41	55	3.0
41	58	1.0
41	59	4.0
41	60	2.0
42	42	296.0
42	43	9.0
42	44	2.0
42	45	4.0
42	46	1.0
42	47	2.0
42	49	3.0
42	50	5.0
42	51	3.0
42	53	2.0
42	54	12.0
42	55	1.0
42	56	3.0
42	57	2.0
42	58	9.0
42	59	2.0
42	60	10.0
42	61	2.0
43	43	277.0
43	44	7.0
43	45	3.0
43	54	1.0
43	57	1.0
43	58	3.0
43	59	5.0
43	60	7.0
44	44	305.0
44	45	15.0
44	46	8.0
44	48	2.0
44	49	1.0
44	51	2.0
44	54	1.0
44	55	2.0
44	59	1.0
44	61	1.0
45	45	295.0
45	46	14.0
45	47	2.0
45	48	2.0
45	49	1.0
45	50	3.0
45	51	4.0
45	52	5.0
45	53	16.0
45	54	6.0
45	55	4.0
45	56	1.0
45	57	1.0
45	58	3.0
45	59	6.0
45	60	5.0
45	61	1.0
46	46	307.0
46	47	10.0
46	48	3.0
46	49	6.0
46	51	1.0
46	52	2.0
46	53	1.0
46	54	1.0
46	59	4.0
46	60	1.0
47	47	373.0
47	48	10.0
47	49	2.0
47	50	4.0
47	53	1.0
47	58	2.0
47	59	1.0
47	60	1.0
47	62	3.0
48	48	314.0
48	49	6.0
48	50	1.0
48	51	2.0
48	55	1.0
48	58	1.0
48	59	3.0
48	60	1.0
48	62	1.0
49	49	306.0
49	50	16.0
49	51	11.0
49	52	2.0
49	53	1.0
49	54	1.0
49	58	2.0
49	59	2.0
49	60	3.0
49	62	1.0
50	50	298.0
50	51	14.0
50	52	13.0
50	53	2.0
50	54	8.0
50	55	4.0
50	59	3.0
50	61	1.0
51	51	308.0
51	52	12.0
51	54	1.0
51	55	2.0
51	58	1.0
51	59	4.0
51	60	2.0
51	62	1.0
52	52	311.0
52	53	11.0
52	54	2.0
52	59	1.0
52	60	4.0
52	61	1.0
53	53	269.0
53	54	18.0
53	55	2.0
53	56	2.0
53	57	10.0
53	58	7.0
53	60	3.0
53	61	3.0
54	54	278.0
54	55	7.0
54	57	1.0
54	59	3.0
54	60	3.0
55	55	309.0
55	56	13.0
55	57	3.0
55	58	1.0
55	59	6.0
55	62	1.0
56	56	350.0
56	57	13.0
56	61	3.0
57	57	346.0
57	58	8.0
57	61	4.0
57	62	1.0
58	58	311.0
58	59	18.0
58	60	7.0
58	61	7.0
59	59	310.0
59	60	6.0
59	61	6.0
60	60	364.0
60	61	8.0
60	62	7.0
61	61	372.0
61	62	5.0
62	62	361.0
64	1	8.0
64	3	3.0
64	12	2.0
64	13	2.0
64	34	1.0
64	38	2.0
64	39	5.0
64	45	1.0
64	49	3.0
64	51	8.0
64	52	1.0
64	55	2.0
64	56	4.0
64	57	4.0
64	58	7.0
64	59	7.0
64	61	1.0
64	64	331.0
