2	2	19.0
2	3	1.0
2	133	1.0
2	147	2.0
3	3	30.0
3	6	2.0
3	8	1.0
3	9	2.0
3	15	3.0
3	146	1.0
3	147	2.0
4	4	44.0
4	5	6.0
4	7	2.0
5	5	33.0
5	9	3.0
5	110	1.0
6	6	40.0
6	7	1.0
6	15	2.0
6	25	1.0
6	26	1.0
6	105	1.0
6	145	2.0
6	147	1.0
7	7	37.0
7	8	1.0
7	9	1.0
7	15	1.0
7	146	1.0
8	8	36.0
8	9	3.0
8	39	1.0
9	9	58.0
9	10	1.0
10	10	41.0
10	11	3.0
10	13	2.0
11	11	52.0
11	12	4.0
11	129	1.0
11	147	1.0
12	12	40.0
12	13	1.0
12	14	3.0
12	74	1.0
12	147	1.0
13	13	38.0
13	14	1.0
13	22	3.0
13	80	1.0
13	147	2.0
14	14	50.0
14	146	1.0
14	147	3.0
14	148	2.0
15	15	61.0
15	16	2.0
15	17	3.0
15	21	1.0
15	134	1.0
15	147	1.0
16	16	28.0
16	17	1.0
16	19	4.0
16	20	2.0
16	21	1.0
16	24	1.0
17	17	35.0
17	18	2.0
17	19	2.0
18	18	43.0
18	19	4.0
18	20	1.0
18	23	2.0
18	101	1.0
18	104	1.0
18	118	1.0
19	19	28.0
19	20	7.0
19	21	3.0
19	22	1.0
19	93	3.0
20	20	29.0
20	101	2.0
21	21	29.0
21	22	2.0
21	26	1.0
21	101	1.0
21	147	1.0
22	22	42.0
22	26	1.0
22	145	1.0
22	146	1.0
22	147	1.0
23	23	36.0
23	24	2.0
23	25	1.0
23	56	1.0
23	57	1.0
23	94	1.0
23	97	2.0
23	104	1.0
23	107	1.0
23	118	1.0
23	142	1.0
24	24	37.0
24	54	2.0
24	102	2.0
24	103	1.0
24	106	1.0
24	122	3.0
24	132	2.0
24	138	1.0
24	139	2.0
25	25	46.0
25	26	1.0
25	27	2.0
25	93	1.0
25	94	1.0
25	98	2.0
25	141	1.0
25	144	1.0
26	26	30.0
26	27	1.0
26	93	1.0
26	105	2.0
26	131	1.0
26	141	1.0
26	144	1.0
27	27	39.0
27	92	3.0
27	99	1.0
27	142	1.0
27	143	2.0
27	144	2.0
28	28	50.0
28	69	2.0
28	91	1.0
29	29	46.0
30	30	40.0
30	31	3.0
30	82	1.0
31	31	37.0
31	32	1.0
31	121	1.0
32	32	33.0
32	33	1.0
32	36	1.0
32	63	2.0
32	79	2.0
32	89	1.0
32	106	1.0
33	33	35.0
33	66	2.0
33	75	2.0
33	76	2.0
33	78	1.0
33	79	1.0
33	86	2.0
34	34	44.0
34	35	1.0
34	42	2.0
34	50	2.0
34	69	1.0
34	85	1.0
35	35	38.0
35	36	1.0
35	38	7.0
35	40	2.0
35	82	1.0
36	36	35.0
36	37	1.0
36	38	1.0
36	42	1.0
37	37	20.0
37	38	1.0
37	39	3.0
37	44	1.0
38	38	40.0
38	39	1.0
38	43	1.0
38	45	1.0
38	46	1.0
38	50	2.0
38	61	1.0
38	81	1.0
38	117	1.0
38	137	1.0
38	141	1.0
39	39	42.0
39	45	2.0
40	40	34.0
40	41	2.0
40	44	1.0
40	72	1.0
41	41	43.0
41	42	1.0
41	51	1.0
41	70	1.0
42	42	33.0
42	50	1.0
42	51	2.0
42	52	1.0
42	81	1.0
43	43	39.0
43	46	1.0
43	50	2.0
43	80	1.0
43	81	1.0
43	84	1.0
44	44	24.0
44	45	2.0
45	45	46.0
45	71	1.0
45	72	1.0
45	112	1.0
46	46	36.0
46	47	1.0
46	71	1.0
46	72	2.0
46	73	1.0
46	82	2.0
46	110	1.0
47	47	41.0
47	48	1.0
47	49	3.0
47	52	1.0
47	53	2.0
47	68	2.0
47	129	1.0
48	48	32.0
48	65	1.0
48	67	2.0
48	71	2.0
48	73	1.0
49	49	23.0
49	51	3.0
49	66	1.0
49	68	1.0
50	50	47.0
50	72	1.0
50	80	2.0
50	81	1.0
50	84	1.0
51	51	35.0
51	65	1.0
51	70	2.0
51	72	1.0
52	52	10.0
53	53	30.0
53	56	1.0
53	64	1.0
53	71	1.0
53	101	2.0
54	54	30.0
54	55	2.0
54	75	1.0
54	100	4.0
54	101	4.0
54	132	1.0
55	55	33.0
55	64	2.0
55	68	1.0
55	74	1.0
55	75	1.0
56	56	26.0
56	57	1.0
56	58	1.0
56	68	1.0
56	69	2.0
56	75	1.0
57	57	29.0
57	73	2.0
57	75	2.0
57	97	1.0
58	58	40.0
58	61	2.0
58	75	1.0
61	61	26.0
62	62	39.0
62	73	1.0
62	74	4.0
62	76	1.0
62	77	1.0
62	89	1.0
62	94	1.0
62	97	1.0
62	99	1.0
62	103	2.0
62	138	1.0
63	63	33.0
63	66	1.0
63	73	1.0
63	77	1.0
63	78	1.0
63	85	2.0
63	103	1.0
64	64	29.0
64	65	1.0
64	66	1.0
64	71	1.0
64	76	2.0
64	79	1.0
64	86	1.0
64	88	1.0
65	65	39.0
65	66	2.0
65	85	3.0
66	66	39.0
66	67	1.0
66	68	1.0
66	79	1.0
66	81	2.0
67	67	36.0
67	68	2.0
67	69	3.0
67	75	1.0
68	68	47.0
68	82	2.0
69	69	47.0
69	85	1.0
69	154	1.0
70	70	34.0
70	71	3.0
70	81	1.0
70	82	1.0
71	71	38.0
72	72	26.0
72	77	1.0
72	79	1.0
72	80	1.0
72	84	1.0
72	112	1.0
73	73	40.0
73	80	4.0
73	82	1.0
73	85	2.0
73	102	1.0
74	74	46.0
74	76	2.0
75	75	35.0
75	82	1.0
75	84	1.0
75	86	1.0
76	76	30.0
76	77	2.0
76	82	1.0
76	83	1.0
77	77	45.0
77	78	2.0
77	94	1.0
77	109	1.0
77	114	2.0
78	78	28.0
78	83	1.0
78	92	1.0
78	98	1.0
78	99	1.0
78	128	1.0
78	138	1.0
79	79	30.0
80	80	39.0
80	84	2.0
81	81	29.0
81	84	1.0
82	82	48.0
82	84	1.0
82	85	1.0
83	83	49.0
83	84	3.0
84	84	27.0
85	85	29.0
85	103	1.0
86	86	33.0
86	87	1.0
86	88	1.0
86	89	1.0
86	90	2.0
87	87	36.0
87	94	1.0
87	97	1.0
87	98	1.0
88	88	27.0
89	89	18.0
90	90	26.0
91	91	19.0
92	92	42.0
92	94	3.0
92	138	1.0
92	144	2.0
93	93	28.0
93	105	3.0
93	107	1.0
93	108	2.0
93	116	1.0
93	141	3.0
93	142	3.0
93	144	2.0
93	145	2.0
94	94	38.0
94	98	2.0
94	104	1.0
94	115	1.0
94	140	3.0
95	95	36.0
95	96	2.0
95	98	2.0
95	125	1.0
95	137	1.0
95	140	1.0
96	96	29.0
96	103	1.0
96	122	1.0
96	133	1.0
96	135	4.0
96	137	1.0
97	97	36.0
97	102	1.0
97	104	2.0
98	98	40.0
98	99	1.0
98	104	2.0
98	115	1.0
99	99	34.0
99	138	1.0
100	100	39.0
100	101	1.0
100	104	1.0
100	122	1.0
101	101	30.0
102	102	33.0
102	103	1.0
102	104	2.0
102	107	1.0
102	122	1.0
102	138	1.0
103	103	36.0
103	122	1.0
103	135	1.0
103	138	2.0
104	104	54.0
104	115	1.0
104	116	2.0
104	120	1.0
104	142	2.0
104	147	1.0
105	105	31.0
105	141	1.0
105	148	2.0
106	106	41.0
106	107	1.0
106	118	1.0
106	119	1.0
106	132	1.0
106	149	2.0
107	107	55.0
107	108	2.0
107	120	1.0
107	131	3.0
108	108	27.0
108	115	1.0
108	117	1.0
108	122	1.0
108	129	1.0
108	130	2.0
108	137	2.0
108	142	1.0
108	144	1.0
108	150	2.0
109	109	44.0
109	129	1.0
110	110	45.0
111	111	55.0
111	112	1.0
112	112	31.0
113	113	38.0
114	114	28.0
114	150	2.0
115	115	29.0
115	116	2.0
115	131	1.0
115	137	2.0
115	140	2.0
115	148	1.0
115	154	1.0
116	116	37.0
116	117	1.0
116	136	1.0
116	137	1.0
116	140	2.0
116	149	1.0
117	117	43.0
117	118	1.0
117	120	1.0
117	122	4.0
117	125	1.0
117	141	2.0
118	118	47.0
118	119	1.0
118	122	2.0
118	123	2.0
118	124	1.0
118	125	1.0
118	132	1.0
118	135	1.0
118	138	1.0
118	139	1.0
118	153	1.0
119	119	26.0
119	120	1.0
119	123	1.0
119	124	1.0
119	130	1.0
119	132	2.0
120	120	33.0
120	130	1.0
120	138	1.0
121	121	35.0
121	122	1.0
121	124	1.0
121	125	4.0
121	126	1.0
121	133	1.0
122	122	31.0
122	139	3.0
123	123	40.0
123	125	4.0
123	132	6.0
123	135	1.0
123	136	1.0
123	139	1.0
124	124	35.0
124	125	2.0
124	126	1.0
124	128	2.0
124	129	1.0
124	130	1.0
124	132	1.0
124	133	2.0
124	136	3.0
125	125	35.0
125	126	1.0
125	128	1.0
125	130	2.0
125	133	1.0
125	134	2.0
125	136	2.0
125	138	1.0
125	148	2.0
125	151	3.0
126	126	37.0
126	127	4.0
126	129	1.0
126	130	1.0
126	132	2.0
126	133	1.0
126	134	2.0
126	136	1.0
126	139	1.0
127	127	26.0
127	128	1.0
127	148	1.0
127	154	3.0
128	128	35.0
128	129	1.0
129	129	31.0
129	134	3.0
129	149	4.0
129	150	2.0
130	130	27.0
130	131	3.0
130	137	1.0
130	139	1.0
130	149	1.0
131	131	31.0
131	138	2.0
131	148	3.0
131	149	1.0
132	132	42.0
132	133	1.0
132	138	1.0
132	139	2.0
133	133	41.0
133	134	4.0
133	135	4.0
133	150	1.0
134	134	28.0
134	135	1.0
134	149	3.0
135	135	38.0
136	136	41.0
136	137	3.0
136	142	1.0
136	145	2.0
136	154	1.0
137	137	40.0
137	139	1.0
137	140	1.0
138	138	41.0
138	139	1.0
139	139	29.0
139	149	1.0
140	140	18.0
141	141	48.0
141	143	3.0
141	144	2.0
141	145	1.0
142	142	32.0
142	149	1.0
143	143	42.0
143	145	2.0
144	144	43.0
145	145	45.0
146	146	38.0
146	147	1.0
147	147	32.0
148	148	38.0
149	149	34.0
150	150	44.0
150	151	1.0
151	151	38.0
151	154	2.0
152	152	39.0
152	154	1.0
153	153	34.0
154	154	25.0
