1	1	455.0
1	2	6.0
1	3	2.0
1	4	20.0
1	5	1.0
1	10	1.0
1	11	1.0
1	13	2.0
1	33	1.0
1	36	1.0
1	44	1.0
1	45	1.0
1	57	2.0
1	65	3.0
1	66	11.0
1	67	6.0
1	75	1.0
1	78	1.0
1	79	2.0
1	81	4.0
1	82	4.0
1	83	4.0
1	84	6.0
1	88	2.0
1	92	3.0
1	103	1.0
1	119	1.0
1	156	1.0
1	161	1.0
1	163	2.0
1	210	1.0
1	242	1.0
2	2	514.0
2	3	6.0
2	4	2.0
2	5	10.0
2	6	4.0
2	7	2.0
2	8	1.0
2	9	2.0
2	13	8.0
2	15	5.0
2	16	1.0
2	17	2.0
2	18	2.0
2	19	2.0
2	20	8.0
2	22	5.0
2	23	3.0
2	33	1.0
2	52	1.0
2	57	1.0
2	59	2.0
2	72	1.0
2	85	2.0
2	102	4.0
2	126	1.0
2	163	1.0
2	204	1.0
3	3	464.0
3	4	8.0
3	5	4.0
3	6	4.0
3	7	10.0
3	8	5.0
3	9	1.0
3	12	2.0
3	13	2.0
3	14	2.0
3	15	9.0
3	16	3.0
3	17	4.0
3	18	3.0
3	20	1.0
3	21	1.0
3	23	2.0
3	24	2.0
3	33	1.0
3	58	2.0
3	105	1.0
3	139	1.0
3	142	3.0
3	175	1.0
3	177	1.0
3	216	1.0
3	230	1.0
4	4	518.0
4	5	17.0
4	6	2.0
4	9	1.0
4	10	1.0
4	11	4.0
4	13	5.0
4	14	9.0
4	23	1.0
4	25	2.0
4	28	1.0
4	33	1.0
4	56	1.0
4	57	1.0
4	58	1.0
4	63	3.0
4	65	2.0
4	66	8.0
4	67	4.0
4	68	2.0
4	73	1.0
4	83	6.0
4	89	1.0
4	92	2.0
4	102	6.0
4	103	3.0
4	113	1.0
4	159	2.0
4	163	6.0
4	209	1.0
4	210	5.0
5	5	440.0
5	6	9.0
5	11	6.0
5	13	19.0
5	14	4.0
5	23	3.0
5	24	2.0
5	28	1.0
5	30	3.0
5	45	1.0
5	60	1.0
5	62	2.0
5	63	3.0
5	65	1.0
5	78	1.0
5	81	1.0
5	83	1.0
5	84	1.0
5	91	1.0
5	92	1.0
5	98	1.0
5	102	4.0
5	104	1.0
5	149	1.0
5	161	1.0
5	163	2.0
5	209	1.0
5	210	4.0
6	6	471.0
6	7	6.0
6	8	3.0
6	9	3.0
6	10	1.0
6	12	3.0
6	13	20.0
6	14	4.0
6	15	1.0
6	16	3.0
6	17	4.0
6	20	1.0
6	22	7.0
6	23	3.0
6	29	3.0
6	30	1.0
6	31	1.0
6	40	1.0
6	53	1.0
6	56	1.0
6	66	3.0
6	67	1.0
6	69	1.0
6	77	3.0
6	78	4.0
6	79	2.0
6	80	2.0
6	81	2.0
6	82	4.0
6	83	3.0
6	92	7.0
6	95	1.0
6	97	1.0
6	131	1.0
6	161	2.0
6	228	1.0
7	7	521.0
7	8	27.0
7	9	20.0
7	10	2.0
7	11	3.0
7	12	7.0
7	15	3.0
7	16	7.0
7	20	9.0
7	23	2.0
7	25	1.0
7	30	1.0
7	46	1.0
7	62	1.0
7	64	1.0
7	65	5.0
7	67	2.0
7	69	4.0
7	75	7.0
7	80	8.0
7	82	1.0
7	89	3.0
7	97	1.0
7	141	1.0
7	196	1.0
7	239	1.0
8	8	526.0
8	9	11.0
8	10	2.0
8	11	1.0
8	12	1.0
8	16	3.0
8	19	2.0
8	20	6.0
8	21	1.0
8	25	3.0
8	29	1.0
8	30	6.0
8	31	3.0
8	33	2.0
8	36	1.0
8	38	1.0
8	48	2.0
8	57	1.0
8	60	1.0
8	64	1.0
8	65	1.0
8	67	4.0
8	68	9.0
8	69	1.0
8	73	1.0
8	75	1.0
8	78	4.0
8	79	1.0
8	80	2.0
8	82	1.0
8	88	1.0
8	89	2.0
8	99	1.0
8	103	1.0
8	125	1.0
8	141	1.0
8	157	1.0
8	179	1.0
8	192	1.0
8	233	1.0
9	9	459.0
9	10	8.0
9	11	2.0
9	12	1.0
9	16	2.0
9	20	1.0
9	21	3.0
9	25	1.0
9	29	7.0
9	43	1.0
9	44	2.0
9	45	2.0
9	61	2.0
9	64	1.0
9	65	5.0
9	67	11.0
9	68	5.0
9	69	6.0
9	75	2.0
9	77	1.0
9	78	1.0
9	79	3.0
9	80	1.0
9	81	5.0
9	84	7.0
9	85	2.0
9	86	2.0
9	87	3.0
9	91	1.0
9	127	1.0
9	132	1.0
9	162	1.0
9	163	1.0
9	178	2.0
10	10	492.0
10	11	10.0
10	12	1.0
10	13	1.0
10	16	2.0
10	20	1.0
10	22	1.0
10	25	1.0
10	30	9.0
10	33	1.0
10	46	2.0
10	47	1.0
10	54	1.0
10	60	2.0
10	64	2.0
10	65	11.0
10	66	2.0
10	67	4.0
10	68	5.0
10	69	1.0
10	73	2.0
10	75	13.0
10	77	2.0
10	78	12.0
10	79	8.0
10	80	5.0
10	81	4.0
10	82	1.0
10	83	2.0
10	84	2.0
10	85	2.0
10	86	1.0
10	88	6.0
10	91	1.0
10	92	1.0
10	96	1.0
10	97	3.0
10	102	4.0
10	103	4.0
10	133	1.0
10	161	1.0
10	162	3.0
10	163	4.0
10	177	1.0
10	187	1.0
10	190	2.0
10	192	1.0
10	210	3.0
11	11	478.0
11	12	7.0
11	13	4.0
11	14	1.0
11	16	2.0
11	19	1.0
11	20	1.0
11	21	1.0
11	24	1.0
11	28	3.0
11	29	3.0
11	30	5.0
11	41	1.0
11	43	1.0
11	47	2.0
11	51	1.0
11	57	3.0
11	60	6.0
11	61	6.0
11	62	5.0
11	63	3.0
11	66	2.0
11	69	1.0
11	81	1.0
11	82	1.0
11	86	1.0
11	92	1.0
11	96	1.0
11	97	10.0
11	102	7.0
11	104	2.0
11	153	1.0
11	161	8.0
11	162	8.0
11	163	5.0
11	191	1.0
11	195	2.0
11	196	2.0
11	202	1.0
11	209	1.0
11	210	4.0
11	214	1.0
12	12	479.0
12	13	5.0
12	15	2.0
12	16	3.0
12	20	3.0
12	24	2.0
12	25	4.0
12	26	1.0
12	29	4.0
12	30	1.0
12	45	4.0
12	57	2.0
12	59	1.0
12	60	2.0
12	61	2.0
12	63	3.0
12	65	1.0
12	67	1.0
12	68	1.0
12	70	1.0
12	85	1.0
12	88	2.0
12	89	2.0
12	92	2.0
12	102	2.0
12	103	1.0
12	124	1.0
12	163	1.0
12	166	1.0
13	13	480.0
13	14	12.0
13	16	5.0
13	17	9.0
13	22	1.0
13	23	3.0
13	26	1.0
13	30	2.0
13	31	1.0
13	44	1.0
13	45	1.0
13	60	2.0
13	67	2.0
13	77	3.0
13	82	3.0
13	83	6.0
13	92	1.0
13	102	1.0
13	103	3.0
13	104	7.0
13	126	1.0
13	139	1.0
13	148	1.0
13	159	1.0
13	163	12.0
13	174	1.0
13	190	1.0
13	210	1.0
14	14	467.0
14	15	9.0
14	16	11.0
14	17	8.0
14	18	9.0
14	19	1.0
14	20	3.0
14	22	5.0
14	23	7.0
14	25	1.0
14	31	5.0
14	33	1.0
14	53	1.0
14	55	2.0
14	82	2.0
14	83	2.0
14	99	1.0
14	102	1.0
14	116	1.0
14	126	1.0
14	137	1.0
14	175	1.0
14	183	1.0
15	15	511.0
15	16	16.0
15	17	7.0
15	18	9.0
15	19	3.0
15	20	8.0
15	21	10.0
15	22	5.0
15	23	8.0
15	24	2.0
15	28	1.0
15	29	3.0
15	31	3.0
15	35	1.0
15	36	3.0
15	39	1.0
15	43	1.0
15	44	3.0
15	45	2.0
15	50	2.0
15	51	2.0
15	52	3.0
15	53	2.0
15	54	5.0
15	55	6.0
15	61	3.0
15	63	3.0
15	64	3.0
15	68	1.0
15	77	1.0
15	79	1.0
15	81	2.0
15	82	2.0
15	83	2.0
15	84	1.0
15	105	1.0
15	139	1.0
15	156	1.0
15	161	2.0
15	196	2.0
15	217	1.0
16	16	434.0
16	17	9.0
16	18	11.0
16	20	4.0
16	21	5.0
16	22	9.0
16	23	7.0
16	24	4.0
16	25	1.0
16	26	3.0
16	29	1.0
16	31	10.0
16	32	2.0
16	33	1.0
16	45	1.0
16	50	1.0
16	52	1.0
16	53	7.0
16	54	2.0
16	60	2.0
16	61	1.0
16	62	1.0
16	63	1.0
16	64	4.0
16	65	3.0
16	68	1.0
16	71	1.0
16	77	7.0
16	78	4.0
16	79	1.0
16	81	5.0
16	82	6.0
16	83	4.0
16	88	1.0
16	123	1.0
16	155	1.0
16	160	2.0
16	161	2.0
16	178	1.0
16	181	1.0
16	213	1.0
17	17	494.0
17	18	13.0
17	19	5.0
17	20	5.0
17	21	3.0
17	22	17.0
17	23	7.0
17	26	1.0
17	31	7.0
17	36	1.0
17	44	2.0
17	51	1.0
17	52	8.0
17	53	1.0
17	54	5.0
17	55	1.0
17	56	2.0
17	57	1.0
17	60	1.0
17	62	1.0
17	64	1.0
17	75	2.0
17	77	4.0
17	78	2.0
17	80	1.0
17	82	4.0
17	83	1.0
17	87	1.0
17	91	1.0
17	122	1.0
17	147	1.0
17	150	1.0
17	152	1.0
17	160	1.0
17	161	7.0
17	196	1.0
17	199	1.0
17	214	1.0
17	232	1.0
18	18	464.0
18	19	10.0
18	20	20.0
18	21	1.0
18	22	7.0
18	23	6.0
18	50	5.0
18	51	7.0
18	52	7.0
18	53	3.0
18	54	5.0
18	55	4.0
18	57	1.0
18	60	1.0
18	63	1.0
18	64	1.0
18	67	1.0
18	81	1.0
18	88	2.0
18	115	1.0
18	116	2.0
18	120	1.0
18	123	1.0
18	133	1.0
18	141	1.0
18	142	1.0
18	143	1.0
18	144	2.0
18	159	3.0
18	160	5.0
18	161	9.0
18	162	1.0
18	163	1.0
18	164	2.0
18	179	1.0
18	180	3.0
18	181	1.0
18	182	14.0
18	183	6.0
18	184	1.0
19	19	466.0
19	20	7.0
19	22	9.0
19	23	5.0
19	83	1.0
19	89	2.0
19	104	2.0
19	112	1.0
19	116	6.0
19	129	2.0
19	132	3.0
19	133	14.0
19	134	10.0
19	135	5.0
19	138	6.0
19	141	1.0
19	142	4.0
19	159	1.0
19	160	4.0
19	162	2.0
19	164	8.0
19	165	1.0
19	180	3.0
19	181	2.0
19	182	5.0
19	183	3.0
19	191	2.0
19	220	1.0
19	221	1.0
19	237	1.0
19	239	2.0
20	20	479.0
20	21	4.0
20	23	6.0
20	26	1.0
20	27	1.0
20	28	1.0
20	32	2.0
20	44	1.0
20	45	1.0
20	50	6.0
20	52	3.0
20	53	9.0
20	54	4.0
20	55	4.0
20	64	3.0
20	80	1.0
20	85	1.0
20	89	3.0
20	108	1.0
20	132	1.0
20	134	1.0
20	142	1.0
20	160	11.0
20	161	2.0
20	169	1.0
20	179	3.0
20	180	3.0
20	182	6.0
20	183	5.0
20	186	1.0
20	219	1.0
20	238	1.0
21	21	454.0
21	22	4.0
21	23	5.0
21	31	4.0
21	32	1.0
21	33	2.0
21	36	9.0
21	44	1.0
21	51	5.0
21	52	5.0
21	53	10.0
21	54	10.0
21	55	4.0
21	61	2.0
21	63	1.0
21	64	5.0
21	74	1.0
21	77	5.0
21	78	1.0
21	79	2.0
21	81	1.0
21	85	7.0
21	88	4.0
21	89	2.0
21	91	1.0
21	92	1.0
21	138	1.0
21	142	1.0
21	155	2.0
21	156	5.0
21	161	1.0
21	167	1.0
21	175	1.0
21	179	1.0
21	185	1.0
21	208	2.0
21	225	1.0
22	22	457.0
22	23	15.0
22	26	2.0
22	27	1.0
22	31	15.0
22	32	6.0
22	33	1.0
22	34	1.0
22	35	2.0
22	36	3.0
22	45	1.0
22	46	2.0
22	51	3.0
22	52	8.0
22	53	5.0
22	54	1.0
22	78	3.0
22	79	1.0
22	81	2.0
22	82	3.0
22	84	2.0
22	90	1.0
22	92	1.0
22	100	1.0
22	103	1.0
22	140	1.0
22	142	1.0
22	156	1.0
22	167	1.0
22	171	1.0
22	220	1.0
23	23	506.0
23	24	2.0
23	29	2.0
23	31	6.0
23	44	2.0
23	51	5.0
23	52	2.0
23	53	1.0
23	54	1.0
23	55	1.0
23	58	1.0
23	60	1.0
23	61	3.0
23	64	4.0
23	72	1.0
23	77	3.0
23	78	1.0
23	80	2.0
23	81	4.0
23	82	5.0
23	83	3.0
23	84	2.0
23	88	1.0
23	91	2.0
23	125	1.0
23	156	2.0
23	161	1.0
23	227	1.0
23	237	1.0
24	24	477.0
24	25	6.0
24	26	7.0
24	27	2.0
24	28	3.0
24	29	1.0
24	30	6.0
24	31	2.0
24	39	1.0
24	55	6.0
24	57	1.0
24	60	3.0
24	61	2.0
24	63	1.0
24	65	1.0
24	70	2.0
24	82	1.0
24	113	2.0
24	125	1.0
24	161	2.0
24	183	1.0
24	209	1.0
24	216	1.0
24	225	1.0
25	25	519.0
25	26	11.0
25	27	1.0
25	28	4.0
25	29	4.0
25	30	5.0
25	31	1.0
25	33	1.0
25	51	1.0
25	55	1.0
25	58	2.0
25	60	1.0
25	61	5.0
25	62	1.0
25	63	1.0
25	70	3.0
25	72	1.0
25	78	1.0
25	79	1.0
25	112	1.0
25	124	1.0
25	148	1.0
25	175	1.0
25	198	1.0
25	217	2.0
25	229	1.0
25	233	1.0
26	26	541.0
26	27	15.0
26	28	6.0
26	29	2.0
26	31	2.0
26	36	1.0
26	53	2.0
26	55	13.0
26	60	2.0
26	61	6.0
26	62	1.0
26	64	1.0
26	65	1.0
26	68	3.0
26	69	1.0
26	70	8.0
26	71	5.0
26	72	2.0
26	123	1.0
26	128	1.0
26	183	1.0
26	210	1.0
26	217	1.0
26	218	2.0
26	219	1.0
26	222	1.0
26	231	1.0
26	241	1.0
27	27	471.0
27	28	14.0
27	29	4.0
27	30	5.0
27	31	1.0
27	55	1.0
27	61	1.0
27	62	1.0
27	64	1.0
27	74	6.0
27	77	1.0
27	85	1.0
27	98	1.0
27	100	1.0
27	102	1.0
27	126	1.0
27	157	3.0
27	209	1.0
27	239	1.0
27	240	1.0
27	242	3.0
28	28	496.0
28	29	6.0
28	30	13.0
28	31	4.0
28	38	2.0
28	42	1.0
28	53	1.0
28	55	3.0
28	60	2.0
28	61	4.0
28	62	4.0
28	65	1.0
28	72	2.0
28	73	8.0
28	74	16.0
28	83	1.0
28	84	2.0
28	85	1.0
28	86	1.0
28	89	1.0
28	128	1.0
28	129	1.0
28	142	1.0
28	148	1.0
28	212	1.0
28	219	1.0
28	230	1.0
28	235	2.0
28	240	1.0
28	242	3.0
29	29	488.0
29	30	20.0
29	31	6.0
29	32	7.0
29	33	1.0
29	35	1.0
29	37	1.0
29	38	2.0
29	46	1.0
29	54	1.0
29	55	2.0
29	60	2.0
29	61	6.0
29	62	1.0
29	63	2.0
29	64	5.0
29	66	1.0
29	72	1.0
29	73	6.0
29	74	5.0
29	78	1.0
29	82	8.0
29	83	3.0
29	120	1.0
29	158	1.0
29	160	1.0
29	161	1.0
29	219	1.0
29	234	1.0
29	235	1.0
29	238	1.0
29	239	2.0
29	241	2.0
30	30	489.0
30	33	1.0
30	50	1.0
30	52	1.0
30	53	1.0
30	54	1.0
30	60	3.0
30	61	2.0
30	63	1.0
30	64	3.0
30	65	1.0
30	66	3.0
30	72	2.0
30	73	2.0
30	74	3.0
30	75	2.0
30	77	2.0
30	78	5.0
30	79	1.0
30	82	1.0
30	83	3.0
30	105	1.0
30	127	1.0
30	153	1.0
30	184	1.0
30	219	3.0
30	229	1.0
30	241	1.0
30	243	2.0
31	31	543.0
31	32	2.0
31	33	3.0
31	35	2.0
31	37	1.0
31	38	3.0
31	44	1.0
31	48	1.0
31	51	1.0
31	53	3.0
31	55	1.0
31	61	2.0
31	63	1.0
31	64	1.0
31	65	5.0
31	70	1.0
31	72	2.0
31	73	5.0
31	74	3.0
31	77	1.0
31	80	3.0
31	81	4.0
31	82	5.0
31	83	4.0
31	103	1.0
31	109	1.0
31	112	1.0
31	121	1.0
31	129	2.0
31	155	1.0
31	173	1.0
31	217	1.0
31	218	2.0
31	219	2.0
31	225	2.0
31	234	2.0
31	235	1.0
31	236	1.0
31	239	2.0
31	240	4.0
31	241	1.0
31	242	2.0
32	32	403.0
32	33	2.0
32	34	5.0
32	36	4.0
32	37	8.0
32	38	5.0
32	43	9.0
32	44	8.0
32	45	1.0
32	46	2.0
32	47	2.0
32	48	3.0
32	49	2.0
32	52	5.0
32	53	1.0
32	55	1.0
32	58	1.0
32	61	3.0
32	64	3.0
32	73	2.0
32	91	1.0
32	127	1.0
32	129	1.0
32	141	1.0
32	155	1.0
32	156	4.0
32	157	3.0
32	168	2.0
32	169	1.0
32	170	4.0
32	203	1.0
32	204	4.0
32	216	1.0
32	235	1.0
33	33	468.0
33	34	15.0
33	35	9.0
33	36	5.0
33	39	1.0
33	40	6.0
33	41	13.0
33	42	5.0
33	43	4.0
33	44	8.0
33	45	9.0
33	46	11.0
33	47	10.0
33	48	1.0
33	49	1.0
33	51	2.0
33	52	1.0
33	53	9.0
33	55	1.0
33	58	1.0
33	62	1.0
33	64	4.0
33	66	2.0
33	67	1.0
33	71	1.0
33	81	1.0
33	83	2.0
33	84	1.0
33	89	1.0
33	92	2.0
33	95	1.0
33	101	1.0
33	104	1.0
33	112	1.0
33	116	2.0
33	118	1.0
33	121	1.0
33	122	1.0
33	128	1.0
33	129	1.0
33	142	1.0
33	143	1.0
33	154	4.0
33	155	2.0
33	156	4.0
33	157	2.0
33	159	2.0
33	161	2.0
33	168	1.0
33	170	7.0
33	173	1.0
33	177	1.0
33	181	1.0
33	183	2.0
33	192	2.0
33	194	1.0
33	198	1.0
33	204	3.0
33	205	1.0
33	214	2.0
33	217	1.0
33	218	1.0
33	220	2.0
33	223	2.0
33	226	1.0
33	230	2.0
33	231	2.0
33	233	4.0
33	236	2.0
33	238	1.0
33	241	2.0
33	242	1.0
34	34	480.0
34	35	12.0
34	36	12.0
34	41	13.0
34	42	1.0
34	43	1.0
34	44	1.0
34	45	2.0
34	46	7.0
34	47	1.0
34	48	1.0
34	50	1.0
34	52	2.0
34	53	1.0
34	59	2.0
34	61	3.0
34	62	2.0
34	67	1.0
34	75	1.0
34	76	6.0
34	82	1.0
34	118	1.0
34	131	2.0
34	163	1.0
34	168	2.0
34	170	1.0
34	193	1.0
34	203	2.0
34	212	1.0
35	35	439.0
35	36	25.0
35	38	1.0
35	43	4.0
35	44	4.0
35	45	6.0
35	46	4.0
35	47	1.0
35	51	2.0
35	52	1.0
35	74	1.0
35	75	2.0
35	76	2.0
35	77	1.0
35	81	2.0
35	99	1.0
35	143	2.0
35	155	2.0
35	156	8.0
35	170	1.0
35	192	1.0
35	213	1.0
36	36	458.0
36	37	6.0
36	41	7.0
36	43	1.0
36	44	5.0
36	49	5.0
36	50	9.0
36	51	4.0
36	52	3.0
36	53	8.0
36	54	4.0
36	58	1.0
36	61	3.0
36	62	3.0
36	64	5.0
36	81	1.0
36	82	1.0
36	110	2.0
36	155	6.0
36	156	1.0
36	157	3.0
36	169	1.0
36	197	1.0
36	204	2.0
36	205	1.0
37	37	485.0
37	38	24.0
37	39	7.0
37	40	10.0
37	41	4.0
37	42	1.0
37	43	11.0
37	44	4.0
37	46	3.0
37	47	2.0
37	48	12.0
37	51	2.0
37	52	1.0
37	53	1.0
37	57	1.0
37	61	5.0
37	62	6.0
37	63	1.0
37	72	4.0
37	73	6.0
37	74	1.0
37	76	1.0
37	81	2.0
37	90	2.0
37	104	1.0
37	125	1.0
37	129	2.0
37	130	1.0
37	138	1.0
37	147	1.0
37	163	1.0
37	166	1.0
37	169	3.0
37	170	7.0
37	178	1.0
37	180	1.0
37	181	1.0
37	188	1.0
37	190	1.0
37	193	1.0
37	196	3.0
37	197	1.0
37	198	1.0
37	204	3.0
37	205	2.0
37	206	1.0
37	213	2.0
37	219	2.0
37	220	1.0
37	233	1.0
37	234	1.0
37	235	1.0
37	236	1.0
37	239	2.0
37	240	9.0
37	241	3.0
38	38	478.0
38	39	3.0
38	40	7.0
38	42	3.0
38	58	1.0
38	72	1.0
38	73	3.0
38	74	8.0
38	86	1.0
38	102	2.0
38	106	1.0
38	112	1.0
38	117	1.0
38	128	4.0
38	129	8.0
38	130	10.0
38	131	3.0
38	138	2.0
38	146	1.0
38	147	1.0
38	167	1.0
38	170	1.0
38	177	1.0
38	179	1.0
38	182	1.0
38	183	4.0
38	193	1.0
38	217	7.0
38	219	10.0
38	234	2.0
38	235	5.0
38	236	3.0
38	239	5.0
38	240	13.0
38	241	6.0
39	39	450.0
39	40	12.0
39	41	12.0
39	42	20.0
39	44	2.0
39	45	1.0
39	48	11.0
39	49	1.0
39	50	2.0
39	52	3.0
39	53	1.0
39	54	2.0
39	55	1.0
39	56	1.0
39	57	2.0
39	58	8.0
39	59	1.0
39	60	1.0
39	61	4.0
39	62	5.0
39	63	3.0
39	74	3.0
39	75	1.0
39	76	5.0
39	84	1.0
39	89	1.0
39	96	1.0
39	128	2.0
39	131	1.0
39	160	1.0
39	196	2.0
39	211	1.0
39	220	1.0
39	241	2.0
39	242	1.0
40	40	465.0
40	41	11.0
40	42	17.0
40	43	3.0
40	46	1.0
40	48	5.0
40	49	16.0
40	50	5.0
40	51	3.0
40	52	7.0
40	53	2.0
40	54	4.0
40	61	2.0
40	62	4.0
40	63	1.0
40	64	1.0
40	77	1.0
40	83	1.0
40	116	1.0
40	131	2.0
40	155	1.0
40	168	1.0
40	177	1.0
40	184	1.0
40	193	1.0
40	196	1.0
40	200	1.0
40	202	1.0
40	216	1.0
40	217	5.0
40	218	5.0
40	226	2.0
40	240	1.0
40	241	1.0
41	41	434.0
41	42	30.0
41	48	1.0
41	49	2.0
41	52	3.0
41	53	6.0
41	58	1.0
41	60	2.0
41	61	2.0
41	62	9.0
41	64	2.0
41	75	1.0
41	76	3.0
41	77	1.0
41	85	1.0
41	130	2.0
41	148	1.0
41	162	1.0
41	195	1.0
41	196	1.0
41	199	1.0
41	200	2.0
41	217	2.0
41	218	6.0
41	242	6.0
42	42	480.0
42	43	2.0
42	44	2.0
42	45	1.0
42	46	1.0
42	48	1.0
42	49	3.0
42	50	1.0
42	52	2.0
42	53	2.0
42	55	4.0
42	56	6.0
42	59	2.0
42	60	1.0
42	61	4.0
42	62	1.0
42	65	1.0
42	74	3.0
42	75	1.0
42	76	2.0
42	77	3.0
42	103	1.0
42	105	1.0
42	135	1.0
42	163	1.0
42	164	1.0
42	171	1.0
42	188	1.0
42	191	1.0
42	217	1.0
42	218	6.0
42	241	1.0
43	43	448.0
43	44	4.0
43	45	4.0
43	47	11.0
43	48	11.0
43	49	1.0
43	50	2.0
43	53	1.0
43	54	2.0
43	55	20.0
43	59	1.0
43	60	1.0
43	61	1.0
43	65	1.0
43	72	1.0
43	74	1.0
43	75	7.0
43	79	1.0
43	85	2.0
43	86	1.0
43	129	1.0
43	130	3.0
43	156	1.0
43	158	1.0
43	169	3.0
43	170	2.0
43	171	1.0
43	178	2.0
43	193	1.0
43	194	1.0
43	199	1.0
43	201	1.0
43	204	1.0
43	205	2.0
43	218	1.0
43	240	4.0
44	44	459.0
44	45	19.0
44	46	2.0
44	47	8.0
44	48	5.0
44	49	2.0
44	52	1.0
44	53	9.0
44	54	3.0
44	55	6.0
44	56	3.0
44	57	1.0
44	59	7.0
44	64	6.0
44	65	2.0
44	74	3.0
44	75	5.0
44	76	4.0
44	77	2.0
44	78	2.0
44	81	4.0
44	83	3.0
44	84	1.0
44	85	2.0
44	86	2.0
44	88	3.0
44	116	1.0
44	156	8.0
44	157	1.0
44	168	1.0
44	170	4.0
44	194	2.0
44	195	1.0
44	196	4.0
44	203	1.0
44	204	3.0
45	45	496.0
45	46	11.0
45	47	11.0
45	48	3.0
45	49	2.0
45	50	1.0
45	53	3.0
45	54	2.0
45	55	6.0
45	59	1.0
45	66	6.0
45	75	4.0
45	76	1.0
45	78	2.0
45	79	3.0
45	80	2.0
45	81	6.0
45	82	5.0
45	83	4.0
45	84	1.0
45	85	2.0
45	86	1.0
45	87	1.0
45	92	1.0
45	99	1.0
45	102	3.0
45	103	1.0
45	115	1.0
45	153	1.0
45	155	3.0
45	156	6.0
45	157	1.0
45	168	1.0
45	170	2.0
45	174	1.0
45	192	1.0
45	195	2.0
45	196	3.0
45	201	1.0
45	202	3.0
45	207	4.0
45	224	1.0
46	46	490.0
46	47	18.0
46	48	5.0
46	49	7.0
46	50	6.0
46	53	6.0
46	54	13.0
46	55	3.0
46	56	1.0
46	73	1.0
46	75	3.0
46	76	2.0
46	130	1.0
46	155	4.0
46	169	1.0
46	170	6.0
46	189	1.0
46	196	1.0
46	203	4.0
46	207	3.0
46	231	1.0
46	232	1.0
46	241	1.0
47	47	507.0
47	48	1.0
47	49	4.0
47	50	2.0
47	53	2.0
47	54	8.0
47	55	5.0
47	56	2.0
47	59	1.0
47	60	2.0
47	61	1.0
47	62	1.0
47	64	1.0
47	65	7.0
47	66	1.0
47	74	1.0
47	75	3.0
47	80	1.0
47	82	1.0
47	83	1.0
47	84	2.0
47	116	1.0
47	124	1.0
47	131	1.0
47	152	1.0
47	154	1.0
47	155	2.0
47	156	14.0
47	168	2.0
47	169	2.0
47	170	5.0
47	171	1.0
47	191	1.0
47	195	1.0
47	202	3.0
47	203	11.0
47	204	7.0
47	207	17.0
47	218	1.0
47	236	1.0
48	48	444.0
48	49	23.0
48	50	5.0
48	52	3.0
48	53	9.0
48	54	8.0
48	55	2.0
48	56	3.0
48	59	1.0
48	63	3.0
48	75	2.0
48	77	3.0
48	82	1.0
48	89	1.0
48	96	1.0
48	109	2.0
48	130	1.0
48	156	1.0
48	157	3.0
48	167	6.0
48	168	1.0
48	169	11.0
48	170	4.0
48	178	1.0
48	196	3.0
48	200	2.0
48	203	1.0
48	204	7.0
48	224	1.0
49	49	484.0
49	50	24.0
49	51	1.0
49	52	7.0
49	53	4.0
49	54	8.0
49	56	1.0
49	58	3.0
49	59	1.0
49	61	1.0
49	63	1.0
49	74	1.0
49	76	1.0
49	89	1.0
49	101	1.0
49	110	1.0
49	130	2.0
49	132	2.0
49	155	2.0
49	157	12.0
49	162	3.0
49	167	5.0
49	168	2.0
49	170	1.0
49	173	1.0
49	174	1.0
49	177	2.0
49	178	1.0
49	179	2.0
49	184	1.0
49	192	1.0
49	204	1.0
49	230	1.0
49	237	1.0
49	238	1.0
50	50	451.0
50	51	3.0
50	52	7.0
50	53	12.0
50	54	1.0
50	55	1.0
50	56	2.0
50	57	1.0
50	59	1.0
50	64	2.0
50	75	1.0
50	76	6.0
50	77	1.0
50	111	1.0
50	116	5.0
50	133	1.0
50	139	1.0
50	155	2.0
50	156	1.0
50	157	3.0
50	159	1.0
50	160	2.0
50	161	2.0
50	162	5.0
50	164	1.0
50	166	1.0
50	167	4.0
50	168	1.0
50	169	1.0
50	170	1.0
50	171	3.0
50	177	1.0
50	178	1.0
50	179	1.0
50	182	2.0
50	183	5.0
50	204	2.0
50	205	1.0
51	51	442.0
51	52	21.0
51	53	10.0
51	54	7.0
51	56	2.0
51	63	2.0
51	77	8.0
51	81	1.0
51	82	1.0
51	161	9.0
51	189	1.0
51	198	1.0
51	208	1.0
52	52	445.0
52	53	10.0
52	54	1.0
52	57	6.0
52	58	1.0
52	59	5.0
52	61	4.0
52	62	5.0
52	63	4.0
52	64	2.0
52	76	7.0
52	77	5.0
52	80	1.0
52	81	3.0
52	82	5.0
52	124	1.0
52	155	4.0
52	156	1.0
52	158	1.0
52	161	6.0
52	169	1.0
52	180	1.0
52	183	3.0
52	184	2.0
52	191	1.0
52	192	1.0
52	193	2.0
52	196	1.0
52	202	1.0
52	204	1.0
52	205	1.0
52	212	1.0
53	53	480.0
53	54	7.0
53	55	4.0
53	56	5.0
53	57	7.0
53	61	1.0
53	62	1.0
53	63	2.0
53	64	4.0
53	71	1.0
53	74	1.0
53	75	1.0
53	76	3.0
53	77	8.0
53	78	1.0
53	84	1.0
53	129	1.0
53	146	1.0
53	155	4.0
53	157	3.0
53	160	5.0
53	167	1.0
53	168	1.0
53	173	1.0
53	175	1.0
53	182	1.0
53	204	1.0
53	209	1.0
53	212	1.0
54	54	525.0
54	55	6.0
54	56	3.0
54	58	2.0
54	60	2.0
54	61	1.0
54	62	1.0
54	63	2.0
54	64	3.0
54	73	1.0
54	83	1.0
54	100	1.0
54	106	1.0
54	115	1.0
54	161	10.0
54	170	3.0
54	192	1.0
55	55	403.0
55	56	3.0
55	58	5.0
55	59	9.0
55	60	4.0
55	61	4.0
55	62	2.0
55	64	2.0
55	65	2.0
55	75	9.0
55	76	1.0
55	85	1.0
55	86	6.0
55	99	1.0
55	130	1.0
55	146	1.0
55	161	2.0
55	194	1.0
55	195	2.0
55	196	3.0
56	56	475.0
56	57	20.0
56	59	3.0
56	60	1.0
56	61	2.0
56	63	6.0
56	75	6.0
56	76	4.0
56	77	15.0
56	78	12.0
56	79	1.0
56	80	2.0
56	82	1.0
56	83	4.0
56	84	1.0
56	85	1.0
56	90	1.0
56	91	1.0
56	102	1.0
56	138	1.0
56	139	1.0
56	149	1.0
56	161	3.0
56	182	1.0
56	183	1.0
56	194	2.0
56	196	1.0
56	207	1.0
56	224	1.0
57	57	444.0
57	58	10.0
57	59	13.0
57	62	5.0
57	63	4.0
57	64	1.0
57	76	15.0
57	77	4.0
57	78	4.0
57	80	13.0
57	81	3.0
57	82	4.0
57	83	6.0
57	84	7.0
57	91	1.0
57	92	3.0
57	132	1.0
57	145	1.0
57	162	1.0
57	185	1.0
57	195	1.0
57	202	1.0
57	204	2.0
57	241	1.0
58	58	412.0
58	59	12.0
58	60	8.0
58	61	1.0
58	62	7.0
58	63	7.0
58	64	4.0
58	65	1.0
58	66	2.0
58	74	5.0
58	75	8.0
58	76	7.0
58	77	2.0
58	80	1.0
58	82	4.0
58	83	3.0
58	84	1.0
58	90	1.0
58	103	1.0
58	113	1.0
58	117	1.0
58	139	1.0
58	147	1.0
58	160	1.0
58	192	3.0
58	194	2.0
58	195	2.0
58	196	6.0
58	200	6.0
58	201	2.0
58	217	2.0
59	59	520.0
59	60	11.0
59	61	3.0
59	62	1.0
59	63	15.0
59	65	2.0
59	66	1.0
59	68	2.0
59	74	1.0
59	75	1.0
59	76	12.0
59	77	2.0
59	80	2.0
59	81	2.0
59	82	3.0
59	83	4.0
59	84	5.0
59	85	8.0
59	86	6.0
59	87	1.0
59	89	8.0
59	95	5.0
59	98	1.0
59	157	1.0
59	183	2.0
59	190	1.0
59	192	1.0
59	193	3.0
59	194	1.0
59	195	2.0
59	196	2.0
59	200	1.0
59	206	1.0
59	207	1.0
59	208	1.0
59	219	1.0
59	225	1.0
60	60	502.0
60	61	3.0
60	62	14.0
60	63	8.0
60	64	12.0
60	65	10.0
60	66	1.0
60	68	2.0
60	74	3.0
60	75	2.0
60	80	2.0
60	81	1.0
60	82	7.0
60	83	3.0
60	84	3.0
60	85	3.0
60	87	1.0
60	89	2.0
60	91	1.0
60	95	3.0
60	96	2.0
60	102	1.0
60	167	1.0
60	181	2.0
60	186	1.0
60	190	1.0
60	192	9.0
60	193	7.0
60	195	4.0
60	196	7.0
60	199	1.0
60	200	1.0
60	201	1.0
60	202	1.0
60	206	1.0
60	209	1.0
60	232	1.0
61	61	450.0
61	62	21.0
61	63	2.0
61	64	17.0
61	65	1.0
61	82	2.0
61	85	1.0
61	92	1.0
61	104	1.0
61	161	1.0
61	168	1.0
61	174	1.0
61	191	1.0
61	204	7.0
61	205	1.0
61	206	3.0
61	212	1.0
61	230	1.0
62	62	428.0
62	63	11.0
62	64	10.0
62	65	1.0
62	77	1.0
62	78	2.0
62	98	1.0
62	103	2.0
62	137	1.0
62	141	1.0
62	149	1.0
62	161	1.0
62	165	1.0
62	184	1.0
62	190	1.0
62	191	1.0
62	192	1.0
62	193	2.0
62	194	1.0
62	195	5.0
62	196	3.0
62	201	1.0
62	204	4.0
62	205	3.0
62	206	3.0
62	207	1.0
62	209	1.0
62	212	2.0
63	63	416.0
63	64	10.0
63	65	1.0
63	66	1.0
63	77	1.0
63	80	1.0
63	81	2.0
63	83	8.0
63	89	1.0
63	107	2.0
63	113	1.0
63	151	1.0
63	161	2.0
63	164	1.0
63	183	1.0
63	187	2.0
63	189	2.0
63	191	1.0
63	193	17.0
63	194	4.0
63	195	2.0
63	196	6.0
63	200	1.0
63	206	8.0
63	208	2.0
63	213	1.0
63	224	1.0
63	237	1.0
64	64	441.0
64	65	18.0
64	75	2.0
64	77	1.0
64	78	3.0
64	79	1.0
64	81	1.0
64	82	4.0
64	101	3.0
64	105	1.0
64	108	1.0
64	125	1.0
64	127	1.0
64	155	1.0
64	171	1.0
64	176	1.0
64	179	1.0
64	184	3.0
64	189	2.0
64	191	7.0
64	192	15.0
64	193	8.0
64	195	1.0
64	196	3.0
64	204	3.0
64	206	9.0
64	219	2.0
64	223	1.0
64	227	1.0
65	65	527.0
65	66	6.0
65	67	7.0
65	68	8.0
65	74	5.0
65	75	8.0
65	76	6.0
65	78	1.0
65	79	4.0
65	80	11.0
65	81	1.0
65	83	1.0
65	84	1.0
65	85	2.0
65	89	1.0
65	97	2.0
65	102	3.0
65	103	1.0
65	125	1.0
65	133	1.0
65	135	1.0
65	163	1.0
65	172	1.0
65	177	1.0
65	181	1.0
65	190	1.0
65	191	1.0
65	192	1.0
65	196	7.0
65	201	5.0
65	203	1.0
65	233	1.0
66	66	484.0
66	67	17.0
66	68	4.0
66	73	4.0
66	74	2.0
66	75	2.0
66	76	7.0
66	78	6.0
66	79	16.0
66	80	13.0
66	81	11.0
66	82	16.0
66	83	4.0
66	84	1.0
66	92	1.0
66	97	2.0
66	98	1.0
66	102	4.0
66	103	7.0
66	118	1.0
66	139	1.0
66	163	2.0
66	183	1.0
66	189	2.0
66	194	9.0
66	195	7.0
66	201	1.0
66	210	1.0
66	224	1.0
67	67	470.0
67	68	25.0
67	69	11.0
67	73	5.0
67	75	1.0
67	80	3.0
67	81	2.0
67	82	3.0
67	83	1.0
67	84	3.0
67	85	1.0
67	88	1.0
67	89	1.0
67	102	10.0
67	130	1.0
67	157	1.0
67	189	2.0
67	190	3.0
67	201	1.0
67	209	1.0
67	210	6.0
67	223	1.0
67	242	1.0
68	68	464.0
68	69	17.0
68	70	1.0
68	71	7.0
68	75	2.0
68	79	2.0
68	80	7.0
68	83	1.0
68	88	1.0
68	96	2.0
68	102	4.0
68	103	2.0
68	104	1.0
68	190	3.0
68	192	1.0
68	200	1.0
68	201	3.0
68	210	3.0
68	217	1.0
68	237	1.0
69	69	488.0
69	70	13.0
69	71	2.0
69	73	1.0
69	86	1.0
69	109	1.0
69	111	1.0
69	146	1.0
69	183	1.0
69	190	1.0
69	223	1.0
70	70	476.0
70	71	9.0
70	84	1.0
70	85	1.0
70	89	2.0
70	103	2.0
70	106	1.0
70	108	1.0
70	113	1.0
70	141	1.0
70	171	1.0
70	188	1.0
70	235	1.0
71	71	485.0
71	72	5.0
71	73	3.0
71	76	1.0
71	87	1.0
71	96	2.0
71	97	1.0
71	145	1.0
71	150	1.0
71	153	1.0
71	157	2.0
71	158	1.0
71	161	1.0
71	206	1.0
71	215	1.0
71	241	1.0
72	72	505.0
72	73	4.0
72	88	1.0
72	165	1.0
72	172	1.0
72	207	1.0
72	217	1.0
72	218	1.0
72	234	1.0
72	235	1.0
72	236	1.0
72	237	1.0
72	241	3.0
73	73	438.0
73	74	6.0
73	78	1.0
73	80	1.0
73	108	1.0
73	126	1.0
73	178	1.0
73	179	1.0
73	182	1.0
73	189	1.0
73	210	1.0
73	217	1.0
73	220	2.0
73	225	1.0
73	234	2.0
73	235	3.0
73	239	1.0
73	240	1.0
74	74	481.0
74	75	14.0
74	76	5.0
74	79	1.0
74	80	1.0
74	160	1.0
74	196	1.0
74	219	4.0
74	239	1.0
75	75	502.0
75	76	7.0
75	78	3.0
75	79	13.0
75	80	7.0
75	81	3.0
75	82	1.0
75	84	2.0
75	86	1.0
75	99	1.0
75	104	1.0
75	187	1.0
75	190	2.0
75	192	1.0
75	194	2.0
75	196	2.0
75	219	1.0
75	223	1.0
76	76	453.0
76	77	3.0
76	78	6.0
76	79	4.0
76	80	5.0
76	81	1.0
76	82	1.0
76	84	1.0
76	91	1.0
76	106	1.0
76	156	2.0
76	193	5.0
76	196	1.0
76	223	1.0
77	77	435.0
77	78	6.0
77	79	9.0
77	80	7.0
77	81	6.0
77	82	7.0
77	83	1.0
77	86	1.0
77	87	2.0
77	108	1.0
77	194	1.0
77	195	1.0
77	209	1.0
78	78	416.0
78	79	22.0
78	80	11.0
78	81	6.0
78	82	5.0
78	83	1.0
78	84	2.0
78	85	3.0
78	86	5.0
78	89	1.0
78	103	1.0
78	113	1.0
78	164	1.0
78	182	1.0
78	200	2.0
78	208	1.0
78	212	2.0
78	228	1.0
79	79	474.0
79	80	28.0
79	81	8.0
79	82	4.0
79	83	5.0
79	84	7.0
79	85	4.0
79	86	2.0
79	88	2.0
79	103	1.0
79	133	1.0
79	159	1.0
79	194	1.0
80	80	499.0
80	81	16.0
80	82	11.0
80	83	2.0
80	84	1.0
80	86	7.0
80	127	1.0
80	164	3.0
80	186	1.0
80	192	2.0
80	194	4.0
80	195	2.0
80	196	1.0
80	201	1.0
80	204	1.0
80	207	3.0
80	209	1.0
80	215	1.0
80	230	1.0
81	81	441.0
81	82	7.0
81	83	8.0
81	84	5.0
81	88	1.0
81	92	1.0
81	99	1.0
81	103	1.0
81	135	1.0
81	191	1.0
81	192	1.0
81	193	2.0
81	194	7.0
81	195	8.0
81	196	2.0
81	207	1.0
82	82	474.0
82	83	10.0
82	84	9.0
82	87	1.0
82	102	4.0
82	126	1.0
82	136	1.0
82	190	1.0
82	191	2.0
82	192	2.0
82	194	3.0
82	195	1.0
82	196	1.0
82	200	1.0
82	201	7.0
82	207	2.0
82	212	1.0
82	237	1.0
83	83	433.0
83	84	11.0
83	86	1.0
83	96	1.0
83	102	1.0
83	117	1.0
83	153	1.0
83	158	1.0
83	165	1.0
83	194	4.0
83	195	5.0
83	200	1.0
83	201	1.0
83	222	1.0
83	224	4.0
84	84	490.0
84	85	13.0
84	86	6.0
84	87	1.0
84	88	3.0
84	89	2.0
84	90	3.0
84	91	2.0
84	92	6.0
84	95	3.0
84	96	1.0
84	134	1.0
84	135	1.0
84	143	1.0
84	152	1.0
84	163	3.0
84	180	1.0
84	183	1.0
84	240	1.0
85	85	485.0
85	86	33.0
85	87	5.0
85	88	3.0
85	89	10.0
85	90	1.0
85	91	1.0
85	95	6.0
85	96	3.0
85	106	1.0
85	112	1.0
85	133	1.0
85	135	2.0
85	160	2.0
85	162	1.0
85	184	1.0
85	209	1.0
85	229	1.0
85	232	1.0
86	86	456.0
86	87	5.0
86	89	3.0
86	91	1.0
86	95	3.0
86	96	3.0
86	97	1.0
86	101	1.0
86	127	1.0
86	135	1.0
86	140	2.0
86	148	4.0
86	159	1.0
86	196	1.0
86	238	1.0
87	87	82.0
87	88	3.0
87	89	2.0
87	90	7.0
87	91	4.0
87	96	1.0
87	99	1.0
87	107	1.0
87	112	6.0
87	127	3.0
87	144	2.0
87	158	1.0
87	168	1.0
87	174	1.0
88	88	354.0
88	90	2.0
88	92	1.0
88	95	2.0
88	102	2.0
88	103	1.0
88	104	1.0
88	116	1.0
88	119	1.0
88	124	1.0
88	127	1.0
88	133	4.0
88	135	4.0
88	136	2.0
88	137	2.0
88	139	3.0
88	149	1.0
88	162	3.0
88	180	1.0
88	181	6.0
88	182	1.0
88	190	1.0
88	195	2.0
88	204	1.0
88	212	1.0
88	242	1.0
89	89	242.0
89	90	6.0
89	91	1.0
89	92	3.0
89	95	6.0
89	96	4.0
89	97	1.0
89	102	1.0
89	103	3.0
89	113	1.0
89	116	1.0
89	117	1.0
89	126	1.0
89	133	2.0
89	154	1.0
89	162	2.0
90	90	73.0
90	91	9.0
90	102	1.0
90	180	1.0
90	219	1.0
91	91	168.0
91	92	1.0
91	95	1.0
91	96	1.0
91	110	1.0
91	181	1.0
92	92	345.0
92	125	1.0
92	132	12.0
92	133	2.0
92	161	1.0
92	165	1.0
92	173	1.0
92	198	1.0
92	205	1.0
92	210	1.0
95	95	295.0
95	96	1.0
95	98	4.0
95	99	3.0
95	100	1.0
95	105	2.0
95	134	1.0
95	136	1.0
95	149	1.0
95	150	1.0
95	151	1.0
95	152	1.0
95	153	4.0
95	154	3.0
95	155	2.0
95	156	1.0
95	159	1.0
95	168	1.0
95	180	2.0
95	189	1.0
95	202	5.0
95	209	3.0
96	96	324.0
96	97	20.0
96	98	6.0
96	99	1.0
96	100	8.0
96	101	5.0
96	102	1.0
96	103	4.0
96	104	2.0
96	110	2.0
96	140	1.0
96	149	1.0
96	150	1.0
96	153	2.0
96	154	1.0
96	155	3.0
96	156	2.0
96	158	1.0
96	159	1.0
96	161	2.0
96	162	3.0
96	163	1.0
96	170	1.0
96	176	1.0
96	180	3.0
96	190	4.0
96	192	1.0
96	201	2.0
96	202	3.0
96	203	2.0
96	206	1.0
96	209	2.0
96	210	4.0
96	211	3.0
97	97	356.0
97	98	5.0
97	99	2.0
97	100	5.0
97	101	16.0
97	102	7.0
97	103	2.0
97	104	1.0
97	136	1.0
97	148	1.0
97	152	1.0
97	158	1.0
97	161	8.0
97	162	17.0
97	163	3.0
97	190	3.0
97	191	1.0
97	192	1.0
97	197	1.0
97	201	1.0
97	209	1.0
97	210	8.0
98	98	373.0
98	99	33.0
98	100	18.0
98	101	9.0
98	102	1.0
98	105	3.0
98	106	1.0
98	107	2.0
98	113	2.0
98	126	1.0
98	132	1.0
98	135	2.0
98	136	1.0
98	141	4.0
98	148	1.0
98	151	1.0
98	152	2.0
98	153	1.0
98	154	7.0
98	155	2.0
98	156	1.0
98	162	2.0
98	176	1.0
98	182	1.0
98	190	2.0
98	201	3.0
98	202	5.0
98	203	7.0
98	209	4.0
98	211	2.0
98	216	1.0
99	99	436.0
99	100	8.0
99	101	9.0
99	104	2.0
99	105	2.0
99	112	2.0
99	116	1.0
99	127	1.0
99	128	1.0
99	129	1.0
99	133	2.0
99	134	2.0
99	135	1.0
99	141	1.0
99	142	1.0
99	152	1.0
99	153	3.0
99	154	2.0
99	155	2.0
99	156	1.0
99	157	3.0
99	158	6.0
99	159	1.0
99	160	1.0
99	162	3.0
99	163	2.0
99	185	3.0
99	190	1.0
99	193	1.0
99	194	1.0
99	202	4.0
99	203	3.0
99	208	1.0
99	209	4.0
99	210	4.0
99	216	1.0
99	220	1.0
99	227	1.0
100	100	491.0
100	101	13.0
100	104	7.0
100	105	4.0
100	107	1.0
100	111	2.0
100	123	1.0
100	133	6.0
100	134	5.0
100	135	3.0
100	136	1.0
100	137	1.0
100	139	2.0
100	140	2.0
100	141	4.0
100	142	8.0
100	146	1.0
100	154	5.0
100	164	5.0
100	167	5.0
100	168	1.0
100	171	1.0
100	183	2.0
100	188	1.0
100	191	2.0
100	193	1.0
100	200	3.0
100	202	2.0
100	204	1.0
100	206	1.0
100	207	7.0
100	208	7.0
100	209	4.0
100	210	1.0
100	226	1.0
101	101	499.0
101	102	5.0
101	104	1.0
101	105	2.0
101	109	1.0
101	120	1.0
101	129	1.0
101	139	3.0
101	140	2.0
101	141	4.0
101	142	2.0
101	160	1.0
101	167	1.0
101	171	1.0
101	183	4.0
101	184	3.0
101	187	6.0
101	188	3.0
101	189	1.0
101	191	4.0
101	192	4.0
101	193	2.0
101	196	2.0
101	200	14.0
101	201	3.0
101	203	3.0
101	204	4.0
101	206	3.0
101	207	2.0
101	208	2.0
101	209	1.0
101	211	6.0
101	213	1.0
101	226	1.0
101	237	1.0
101	242	2.0
102	102	478.0
102	103	14.0
102	105	4.0
102	106	8.0
102	113	1.0
102	114	1.0
102	116	2.0
102	117	1.0
102	127	1.0
102	128	3.0
102	129	1.0
102	130	1.0
102	135	7.0
102	136	9.0
102	137	3.0
102	139	2.0
102	148	1.0
102	149	7.0
102	150	1.0
102	152	1.0
102	162	1.0
102	163	6.0
102	168	1.0
102	170	1.0
102	179	1.0
102	181	1.0
102	189	3.0
102	190	7.0
102	191	5.0
102	192	2.0
102	195	3.0
102	200	1.0
102	201	2.0
102	208	1.0
102	209	3.0
102	228	1.0
102	238	1.0
102	240	1.0
103	103	448.0
103	104	6.0
103	105	1.0
103	106	5.0
103	107	1.0
103	113	2.0
103	116	3.0
103	117	15.0
103	118	1.0
103	122	1.0
103	124	5.0
103	125	1.0
103	134	1.0
103	135	3.0
103	136	13.0
103	138	2.0
103	139	7.0
103	140	6.0
103	149	3.0
103	154	1.0
103	156	1.0
103	158	1.0
103	159	1.0
103	162	2.0
103	163	5.0
103	177	1.0
103	181	3.0
103	190	5.0
103	192	1.0
103	194	2.0
103	200	2.0
103	203	1.0
103	209	1.0
103	210	4.0
103	211	8.0
103	230	1.0
103	241	1.0
104	104	428.0
104	105	13.0
104	106	1.0
104	111	1.0
104	115	11.0
104	116	3.0
104	117	12.0
104	118	2.0
104	124	3.0
104	125	7.0
104	130	1.0
104	133	1.0
104	135	2.0
104	136	3.0
104	137	5.0
104	138	13.0
104	140	1.0
104	141	7.0
104	142	4.0
104	152	2.0
104	153	2.0
104	154	2.0
104	159	1.0
104	161	1.0
104	162	1.0
104	163	1.0
104	164	2.0
104	167	2.0
104	168	1.0
104	181	6.0
104	182	10.0
104	183	1.0
104	185	3.0
104	190	7.0
104	191	4.0
104	201	3.0
104	202	6.0
104	203	1.0
104	209	2.0
104	210	9.0
104	211	2.0
104	221	2.0
104	222	1.0
105	105	529.0
105	106	8.0
105	107	3.0
105	108	1.0
105	110	1.0
105	112	3.0
105	113	5.0
105	114	2.0
105	115	14.0
105	116	5.0
105	117	11.0
105	124	7.0
105	125	7.0
105	128	2.0
105	131	1.0
105	133	18.0
105	134	3.0
105	135	7.0
105	136	8.0
105	137	9.0
105	138	8.0
105	139	1.0
105	140	1.0
105	141	6.0
105	142	5.0
105	143	2.0
105	148	1.0
105	149	6.0
105	150	3.0
105	151	4.0
105	153	5.0
105	154	2.0
105	159	1.0
105	160	1.0
105	164	1.0
105	167	9.0
105	170	1.0
105	174	1.0
105	186	5.0
105	187	1.0
105	188	1.0
105	199	1.0
105	203	1.0
105	207	1.0
105	208	1.0
105	211	2.0
105	219	1.0
105	220	1.0
105	226	1.0
105	227	3.0
105	236	1.0
105	238	3.0
105	239	4.0
105	242	1.0
106	106	454.0
106	107	1.0
106	108	1.0
106	109	3.0
106	111	2.0
106	113	18.0
106	114	6.0
106	121	1.0
106	124	1.0
106	125	1.0
106	128	2.0
106	131	5.0
106	132	2.0
106	133	2.0
106	134	4.0
106	135	1.0
106	136	11.0
106	137	1.0
106	138	1.0
106	141	1.0
106	142	1.0
106	143	3.0
106	144	2.0
106	145	1.0
106	147	1.0
106	148	6.0
106	150	7.0
106	151	4.0
106	152	2.0
106	153	3.0
106	154	5.0
106	155	3.0
106	156	1.0
106	159	1.0
106	160	3.0
106	168	1.0
106	169	3.0
106	170	5.0
106	173	1.0
106	178	1.0
106	201	1.0
106	202	3.0
106	221	1.0
106	227	2.0
106	237	1.0
106	238	3.0
106	239	4.0
106	240	1.0
107	107	462.0
107	108	11.0
107	109	2.0
107	111	3.0
107	112	3.0
107	113	1.0
107	114	2.0
107	125	4.0
107	126	13.0
107	128	1.0
107	132	3.0
107	133	5.0
107	134	5.0
107	135	3.0
107	136	4.0
107	137	5.0
107	138	5.0
107	139	1.0
107	140	1.0
107	142	2.0
107	149	1.0
107	154	13.0
107	155	1.0
107	158	1.0
107	164	2.0
107	165	8.0
107	166	3.0
107	167	1.0
107	168	6.0
107	175	1.0
107	176	1.0
107	179	7.0
107	180	7.0
107	183	2.0
107	184	1.0
107	185	9.0
107	186	4.0
107	216	3.0
107	220	2.0
107	221	12.0
107	222	8.0
107	223	1.0
107	227	1.0
107	235	1.0
107	237	3.0
107	238	1.0
107	239	4.0
108	108	447.0
108	109	10.0
108	110	1.0
108	111	1.0
108	126	10.0
108	129	1.0
108	130	2.0
108	131	1.0
108	137	1.0
108	140	1.0
108	155	1.0
108	164	1.0
108	165	5.0
108	171	2.0
108	172	2.0
108	174	1.0
108	175	3.0
108	176	4.0
108	177	3.0
108	178	1.0
108	180	1.0
108	183	3.0
108	184	3.0
108	185	11.0
108	198	3.0
108	199	15.0
108	207	2.0
108	208	5.0
108	211	3.0
108	212	1.0
108	213	1.0
108	214	4.0
108	215	1.0
108	216	13.0
108	219	2.0
108	220	19.0
108	221	14.0
108	222	12.0
108	223	5.0
108	224	5.0
108	225	1.0
108	226	3.0
108	227	1.0
108	229	2.0
108	236	1.0
108	237	2.0
108	238	4.0
108	239	3.0
109	109	451.0
109	110	10.0
109	111	1.0
109	115	1.0
109	116	1.0
109	121	1.0
109	125	1.0
109	126	2.0
109	128	4.0
109	129	2.0
109	130	1.0
109	136	3.0
109	137	2.0
109	139	1.0
109	142	1.0
109	144	2.0
109	145	1.0
109	147	1.0
109	151	1.0
109	152	1.0
109	162	5.0
109	164	3.0
109	171	3.0
109	172	3.0
109	173	1.0
109	174	1.0
109	175	4.0
109	177	1.0
109	178	1.0
109	179	2.0
109	181	1.0
109	182	11.0
109	183	2.0
109	185	9.0
109	187	1.0
109	195	1.0
109	197	3.0
109	198	2.0
109	200	1.0
109	201	2.0
109	208	3.0
109	215	1.0
109	216	1.0
109	217	5.0
109	219	7.0
109	220	6.0
109	221	2.0
109	222	7.0
109	224	2.0
109	225	5.0
109	226	4.0
109	227	16.0
109	228	5.0
109	230	4.0
109	236	7.0
109	237	1.0
109	238	10.0
109	239	5.0
109	240	1.0
109	242	1.0
110	110	225.0
110	111	1.0
110	112	2.0
110	113	2.0
110	114	1.0
110	118	1.0
110	124	2.0
110	126	1.0
110	127	1.0
110	128	4.0
110	131	3.0
110	132	2.0
110	135	2.0
110	136	1.0
110	139	1.0
110	144	1.0
110	146	2.0
110	166	1.0
110	171	1.0
110	172	1.0
110	173	5.0
110	174	1.0
110	176	2.0
110	177	3.0
110	178	2.0
110	179	6.0
110	181	3.0
110	182	3.0
110	185	1.0
110	207	1.0
110	211	1.0
110	218	2.0
110	219	1.0
110	220	2.0
110	221	1.0
110	222	3.0
110	224	2.0
110	226	2.0
110	227	2.0
110	228	3.0
110	230	3.0
110	234	1.0
110	236	2.0
110	237	1.0
110	238	2.0
110	239	1.0
110	242	2.0
111	111	335.0
111	112	3.0
111	113	6.0
111	114	1.0
111	115	2.0
111	116	1.0
111	124	1.0
111	126	1.0
111	127	3.0
111	128	3.0
111	129	6.0
111	130	14.0
111	131	4.0
111	132	1.0
111	133	4.0
111	134	1.0
111	135	6.0
111	137	2.0
111	138	1.0
111	139	4.0
111	140	1.0
111	145	1.0
111	146	4.0
111	147	2.0
111	148	2.0
111	153	3.0
111	162	4.0
111	163	1.0
111	164	5.0
111	167	5.0
111	168	3.0
111	169	4.0
111	170	2.0
111	173	3.0
111	176	1.0
111	178	2.0
111	179	2.0
111	180	1.0
111	183	1.0
111	186	1.0
111	187	1.0
111	188	1.0
111	191	1.0
111	201	2.0
111	203	1.0
111	204	1.0
111	208	2.0
111	216	2.0
111	218	1.0
111	219	1.0
111	220	2.0
111	225	2.0
111	226	1.0
111	239	1.0
111	240	6.0
111	241	1.0
111	242	1.0
112	112	267.0
112	113	13.0
112	114	6.0
112	115	3.0
112	116	1.0
112	119	1.0
112	126	7.0
112	127	1.0
112	128	8.0
112	129	7.0
112	130	2.0
112	131	1.0
112	132	5.0
112	133	6.0
112	134	3.0
112	135	4.0
112	136	1.0
112	137	2.0
112	138	1.0
112	139	1.0
112	143	3.0
112	144	3.0
112	145	1.0
112	146	1.0
112	147	1.0
112	148	1.0
112	150	2.0
112	151	1.0
112	152	1.0
112	155	1.0
112	158	4.0
112	162	4.0
112	163	5.0
112	165	1.0
112	168	1.0
112	169	5.0
112	170	4.0
112	171	2.0
112	174	1.0
112	177	1.0
112	179	6.0
112	182	1.0
112	193	1.0
112	197	1.0
112	223	1.0
112	227	2.0
112	238	2.0
112	240	4.0
112	241	8.0
112	242	1.0
113	113	450.0
113	114	10.0
113	115	1.0
113	116	1.0
113	123	1.0
113	126	4.0
113	127	11.0
113	128	21.0
113	129	1.0
113	131	2.0
113	132	8.0
113	134	4.0
113	136	3.0
113	137	2.0
113	138	4.0
113	139	3.0
113	144	1.0
113	145	7.0
113	146	2.0
113	147	1.0
113	148	2.0
113	150	4.0
113	154	1.0
113	162	1.0
113	169	6.0
113	170	1.0
113	172	1.0
113	177	1.0
113	178	1.0
113	180	1.0
113	190	1.0
113	214	2.0
113	218	1.0
113	238	4.0
113	240	7.0
113	241	1.0
114	114	405.0
114	115	6.0
114	117	4.0
114	118	3.0
114	122	1.0
114	124	4.0
114	127	4.0
114	128	7.0
114	129	2.0
114	131	1.0
114	132	2.0
114	133	2.0
114	134	2.0
114	135	4.0
114	136	5.0
114	137	6.0
114	138	3.0
114	139	1.0
114	142	1.0
114	143	1.0
114	144	1.0
114	145	4.0
114	146	2.0
114	147	2.0
114	150	2.0
114	151	1.0
114	153	1.0
114	154	4.0
114	169	1.0
114	170	6.0
114	174	6.0
114	181	1.0
114	189	1.0
114	202	1.0
114	206	1.0
114	218	1.0
114	223	1.0
114	224	2.0
114	225	3.0
114	227	5.0
114	228	9.0
114	229	3.0
114	232	1.0
114	236	5.0
114	237	1.0
114	238	1.0
114	240	1.0
114	242	1.0
115	115	469.0
115	117	3.0
115	124	3.0
115	125	3.0
115	127	1.0
115	130	2.0
115	131	1.0
115	132	1.0
115	133	2.0
115	134	1.0
115	135	1.0
115	136	3.0
115	137	7.0
115	138	5.0
115	140	2.0
115	142	7.0
115	143	3.0
115	145	1.0
115	146	1.0
115	147	4.0
115	150	3.0
115	154	5.0
115	163	1.0
115	164	1.0
115	167	2.0
115	168	4.0
115	169	5.0
115	170	1.0
115	171	3.0
115	173	1.0
115	175	1.0
115	182	1.0
115	185	1.0
115	186	6.0
115	201	1.0
115	208	1.0
115	221	1.0
115	222	4.0
115	223	1.0
115	224	3.0
115	226	4.0
115	227	5.0
115	228	2.0
115	229	4.0
115	234	1.0
115	236	5.0
115	237	2.0
115	238	2.0
115	240	1.0
116	116	452.0
116	117	26.0
116	118	1.0
116	122	1.0
116	123	4.0
116	124	8.0
116	125	19.0
116	126	7.0
116	132	1.0
116	133	4.0
116	134	4.0
116	135	2.0
116	136	2.0
116	137	4.0
116	138	3.0
116	139	1.0
116	141	1.0
116	143	8.0
116	147	1.0
116	148	5.0
116	149	6.0
116	150	1.0
116	151	2.0
116	160	2.0
116	163	1.0
116	167	4.0
116	170	1.0
116	175	1.0
116	178	1.0
116	180	3.0
116	181	3.0
116	182	6.0
116	183	3.0
116	198	1.0
116	203	1.0
116	214	1.0
116	220	1.0
116	221	1.0
116	222	3.0
116	228	1.0
116	237	1.0
116	238	2.0
116	239	1.0
117	117	503.0
117	118	10.0
117	119	1.0
117	121	1.0
117	122	8.0
117	123	4.0
117	124	16.0
117	125	13.0
117	126	2.0
117	127	1.0
117	135	1.0
117	137	2.0
117	140	8.0
117	141	1.0
117	143	2.0
117	148	3.0
117	149	10.0
117	150	9.0
117	154	1.0
117	173	1.0
117	181	1.0
117	182	3.0
117	211	1.0
117	227	1.0
117	238	1.0
118	118	480.0
118	119	1.0
118	120	3.0
118	121	5.0
118	122	1.0
118	123	3.0
118	124	17.0
118	125	3.0
118	127	2.0
118	134	1.0
118	135	3.0
118	136	1.0
118	137	2.0
118	149	7.0
118	150	12.0
118	151	6.0
118	154	2.0
118	183	1.0
118	203	2.0
118	210	1.0
118	214	1.0
118	223	2.0
119	119	564.0
119	120	23.0
119	121	8.0
119	122	1.0
119	123	11.0
119	124	7.0
119	125	1.0
119	134	1.0
119	144	2.0
119	145	1.0
119	146	2.0
119	147	1.0
119	149	1.0
119	180	1.0
119	183	1.0
119	188	1.0
119	214	1.0
119	225	2.0
119	227	1.0
120	120	445.0
120	121	1.0
120	122	4.0
120	123	4.0
120	130	1.0
120	140	1.0
120	147	1.0
120	150	1.0
120	162	1.0
120	228	1.0
120	234	1.0
121	121	543.0
121	122	13.0
121	123	11.0
121	124	9.0
121	125	1.0
121	127	3.0
121	132	1.0
121	138	1.0
121	148	1.0
121	150	7.0
121	151	6.0
121	160	2.0
121	168	1.0
121	177	1.0
121	190	1.0
121	209	1.0
121	225	1.0
121	228	2.0
121	230	1.0
122	122	487.0
122	123	19.0
122	124	11.0
122	125	3.0
122	126	3.0
122	127	7.0
122	128	2.0
122	141	1.0
122	143	1.0
122	149	11.0
122	150	4.0
122	169	1.0
122	201	1.0
122	210	1.0
122	211	1.0
122	216	1.0
122	224	2.0
122	225	1.0
122	228	2.0
122	229	1.0
123	123	441.0
123	124	3.0
123	125	5.0
123	126	7.0
123	127	1.0
123	141	1.0
123	144	1.0
123	147	1.0
123	148	2.0
123	149	8.0
123	150	2.0
123	151	7.0
123	152	1.0
123	153	1.0
123	155	1.0
123	160	1.0
123	169	2.0
123	170	1.0
123	178	1.0
123	182	1.0
123	186	3.0
123	190	1.0
123	206	1.0
123	223	2.0
123	224	2.0
123	225	10.0
123	228	4.0
123	229	1.0
124	124	466.0
124	125	8.0
124	127	1.0
124	128	1.0
124	134	1.0
124	135	5.0
124	136	3.0
124	137	8.0
124	142	1.0
124	146	1.0
124	148	1.0
124	149	1.0
124	150	2.0
124	151	3.0
124	152	1.0
124	160	1.0
124	182	1.0
124	193	1.0
124	212	1.0
124	227	2.0
125	125	457.0
125	126	21.0
125	132	3.0
125	133	1.0
125	134	1.0
125	137	7.0
125	138	12.0
125	139	1.0
125	143	2.0
125	148	2.0
125	149	3.0
125	150	1.0
125	152	1.0
125	154	4.0
125	159	1.0
125	182	1.0
125	203	1.0
125	205	1.0
125	210	1.0
125	220	4.0
125	221	8.0
125	222	1.0
125	227	10.0
125	231	1.0
125	232	1.0
125	236	1.0
125	238	1.0
126	126	438.0
126	127	11.0
126	128	3.0
126	129	2.0
126	130	1.0
126	132	2.0
126	133	1.0
126	134	2.0
126	135	1.0
126	137	7.0
126	138	2.0
126	139	4.0
126	143	1.0
126	147	3.0
126	150	1.0
126	151	3.0
126	154	2.0
126	155	2.0
126	157	1.0
126	158	2.0
126	159	1.0
126	162	2.0
126	163	1.0
126	164	7.0
126	165	5.0
126	168	1.0
126	169	1.0
126	170	1.0
126	171	1.0
126	179	2.0
126	183	2.0
126	184	1.0
126	217	1.0
126	220	4.0
126	221	7.0
126	222	1.0
126	227	1.0
126	237	1.0
126	238	1.0
126	239	1.0
126	240	1.0
126	241	1.0
127	127	490.0
127	128	23.0
127	129	1.0
127	130	3.0
127	131	5.0
127	132	2.0
127	134	3.0
127	136	1.0
127	137	1.0
127	139	7.0
127	142	1.0
127	143	3.0
127	144	1.0
127	145	2.0
127	162	1.0
127	163	1.0
127	164	1.0
127	174	3.0
127	178	1.0
127	179	3.0
127	180	6.0
127	183	2.0
127	184	2.0
127	219	1.0
127	221	3.0
127	227	2.0
127	231	1.0
127	240	4.0
127	241	4.0
128	128	448.0
128	129	5.0
128	130	12.0
128	131	4.0
128	132	4.0
128	133	1.0
128	134	5.0
128	135	1.0
128	136	4.0
128	138	6.0
128	139	6.0
128	142	3.0
128	143	3.0
128	144	1.0
128	145	8.0
128	146	5.0
128	147	5.0
128	148	1.0
128	149	1.0
128	162	5.0
128	168	1.0
128	169	2.0
128	170	2.0
128	173	1.0
128	176	1.0
128	203	1.0
128	206	1.0
128	207	2.0
128	208	1.0
128	228	1.0
128	236	1.0
128	237	1.0
128	238	1.0
128	239	1.0
128	240	8.0
128	241	4.0
129	129	487.0
129	130	21.0
129	131	2.0
129	132	4.0
129	133	2.0
129	134	3.0
129	135	1.0
129	136	1.0
129	138	1.0
129	139	1.0
129	144	2.0
129	145	13.0
129	146	10.0
129	147	9.0
129	148	1.0
129	149	2.0
129	150	3.0
129	151	1.0
129	158	3.0
129	159	1.0
129	162	1.0
129	163	3.0
129	167	1.0
129	168	1.0
129	174	4.0
129	175	1.0
129	177	2.0
129	178	1.0
129	179	4.0
129	180	1.0
129	183	1.0
129	188	2.0
129	195	1.0
129	198	1.0
129	202	1.0
129	204	2.0
129	206	1.0
129	207	1.0
129	208	14.0
129	218	4.0
129	219	1.0
129	220	1.0
129	222	1.0
129	224	2.0
129	227	2.0
129	237	6.0
129	239	8.0
129	240	9.0
129	241	8.0
129	242	2.0
130	130	396.0
130	131	3.0
130	132	9.0
130	133	7.0
130	134	2.0
130	135	4.0
130	137	1.0
130	139	1.0
130	144	1.0
130	145	3.0
130	146	3.0
130	147	4.0
130	151	1.0
130	157	1.0
130	158	1.0
130	162	2.0
130	165	1.0
130	166	1.0
130	167	2.0
130	170	4.0
130	172	1.0
130	176	2.0
130	182	1.0
130	183	1.0
130	184	1.0
130	188	1.0
130	189	2.0
130	191	1.0
130	197	1.0
130	200	1.0
130	204	1.0
130	208	11.0
130	209	1.0
130	211	1.0
130	218	5.0
130	219	2.0
130	224	2.0
130	225	2.0
130	227	2.0
130	228	1.0
130	237	3.0
130	238	1.0
130	240	5.0
130	241	3.0
131	131	268.0
131	132	8.0
131	133	1.0
131	134	3.0
131	135	4.0
131	138	7.0
131	139	3.0
131	142	3.0
131	144	3.0
131	145	3.0
131	146	5.0
131	147	3.0
131	157	1.0
131	158	1.0
131	160	1.0
131	162	3.0
131	163	3.0
131	168	3.0
131	171	1.0
131	172	7.0
131	173	5.0
131	174	2.0
131	176	1.0
131	178	3.0
131	179	5.0
131	186	2.0
131	200	1.0
131	204	3.0
131	218	2.0
131	223	1.0
131	224	1.0
131	225	1.0
131	228	1.0
131	237	1.0
131	239	2.0
131	240	3.0
131	241	5.0
131	242	1.0
132	132	262.0
132	133	3.0
132	134	9.0
132	135	1.0
132	137	3.0
132	138	7.0
132	139	4.0
132	140	2.0
132	142	8.0
132	143	1.0
132	144	3.0
132	146	1.0
132	147	3.0
132	150	3.0
132	151	1.0
132	153	1.0
132	158	2.0
132	159	8.0
132	162	3.0
132	163	2.0
132	165	1.0
132	167	1.0
132	168	2.0
132	169	1.0
132	170	2.0
132	171	1.0
132	172	4.0
132	173	1.0
132	174	1.0
132	175	2.0
132	176	2.0
132	177	2.0
132	180	2.0
132	181	1.0
132	183	5.0
132	198	1.0
132	204	3.0
132	207	1.0
132	219	2.0
132	220	3.0
132	221	3.0
132	224	3.0
132	225	2.0
132	227	1.0
132	230	1.0
132	233	1.0
132	239	2.0
133	133	489.0
133	134	14.0
133	135	19.0
133	136	5.0
133	138	5.0
133	139	2.0
133	140	3.0
133	141	1.0
133	142	2.0
133	143	3.0
133	151	2.0
133	153	1.0
133	155	1.0
133	156	2.0
133	160	7.0
133	163	1.0
133	164	2.0
133	167	1.0
133	168	2.0
133	170	4.0
133	173	2.0
133	176	1.0
133	180	1.0
133	181	12.0
133	182	17.0
133	183	3.0
133	184	2.0
133	185	1.0
133	189	1.0
133	193	3.0
133	196	2.0
133	200	1.0
133	207	1.0
133	208	5.0
133	209	1.0
133	214	1.0
133	225	6.0
133	230	1.0
134	134	488.0
134	135	15.0
134	136	2.0
134	137	2.0
134	138	6.0
134	139	10.0
134	140	2.0
134	141	3.0
134	142	5.0
134	143	1.0
134	145	1.0
134	146	1.0
134	150	2.0
134	151	2.0
134	152	1.0
134	153	4.0
134	154	1.0
134	155	1.0
134	158	4.0
134	159	2.0
134	160	2.0
134	162	4.0
134	163	2.0
134	164	1.0
134	167	2.0
134	168	3.0
134	169	1.0
134	170	5.0
134	177	1.0
134	179	3.0
134	180	8.0
134	181	4.0
134	182	2.0
134	183	8.0
134	186	1.0
134	187	2.0
134	189	1.0
134	202	1.0
134	208	1.0
134	211	1.0
134	218	1.0
134	221	2.0
134	225	1.0
134	227	1.0
134	233	1.0
134	240	2.0
134	241	3.0
134	242	4.0
135	135	466.0
135	136	16.0
135	137	5.0
135	138	2.0
135	139	5.0
135	140	1.0
135	143	1.0
135	144	3.0
135	145	1.0
135	149	2.0
135	150	3.0
135	152	1.0
135	154	3.0
135	161	1.0
135	170	4.0
135	172	1.0
135	176	1.0
135	181	5.0
135	191	1.0
135	192	2.0
135	194	1.0
135	208	2.0
135	209	1.0
135	216	2.0
135	220	1.0
135	224	3.0
135	225	1.0
135	226	1.0
135	228	1.0
135	238	1.0
135	240	1.0
135	242	2.0
136	136	486.0
136	137	4.0
136	138	2.0
136	139	6.0
136	140	1.0
136	142	1.0
136	144	1.0
136	146	1.0
136	148	1.0
136	149	1.0
136	164	3.0
136	166	1.0
136	167	1.0
136	168	3.0
136	170	6.0
136	171	2.0
136	172	1.0
136	173	1.0
136	175	1.0
136	176	1.0
136	178	4.0
136	179	2.0
136	182	4.0
136	183	1.0
136	184	1.0
136	187	1.0
136	197	2.0
136	198	5.0
136	199	1.0
136	205	2.0
136	208	6.0
136	217	2.0
136	220	1.0
136	222	1.0
136	223	1.0
136	224	2.0
136	225	7.0
136	227	5.0
136	228	5.0
136	230	1.0
136	234	3.0
136	236	6.0
136	237	1.0
136	238	3.0
136	239	2.0
136	240	3.0
136	242	4.0
137	137	510.0
137	138	2.0
137	139	3.0
137	140	10.0
137	141	1.0
137	142	4.0
137	146	1.0
137	149	2.0
137	150	7.0
137	151	1.0
137	164	4.0
137	165	1.0
137	167	1.0
137	168	1.0
137	171	4.0
137	172	1.0
137	173	2.0
137	176	6.0
137	178	1.0
137	180	6.0
137	181	3.0
137	182	3.0
137	183	1.0
137	184	3.0
137	185	6.0
137	186	2.0
137	188	2.0
137	191	1.0
137	198	1.0
137	201	1.0
137	207	1.0
137	208	1.0
137	212	1.0
137	218	5.0
137	220	1.0
137	221	3.0
137	224	2.0
137	225	4.0
137	226	8.0
137	227	6.0
137	234	1.0
137	238	1.0
137	239	3.0
137	242	1.0
138	138	438.0
138	139	26.0
138	140	1.0
138	141	2.0
138	142	4.0
138	143	7.0
138	144	3.0
138	145	1.0
138	146	4.0
138	147	1.0
138	154	2.0
138	155	1.0
138	164	7.0
138	168	3.0
138	169	5.0
138	170	2.0
138	172	4.0
138	176	3.0
138	180	2.0
138	181	6.0
138	183	3.0
138	185	6.0
138	186	2.0
138	187	1.0
138	198	1.0
138	218	1.0
138	220	1.0
138	221	3.0
138	222	1.0
138	227	3.0
138	237	1.0
138	239	2.0
139	139	516.0
139	140	5.0
139	141	1.0
139	142	6.0
139	144	5.0
139	145	3.0
139	146	4.0
139	154	1.0
139	160	1.0
139	165	6.0
139	167	3.0
139	168	6.0
139	169	3.0
139	172	5.0
139	173	3.0
139	176	7.0
139	177	2.0
139	178	11.0
139	180	1.0
139	181	4.0
139	182	4.0
139	187	1.0
139	198	1.0
139	213	1.0
139	220	3.0
139	224	1.0
139	225	1.0
139	227	1.0
139	230	2.0
139	239	2.0
139	240	2.0
139	242	1.0
140	140	439.0
140	141	3.0
140	142	9.0
140	145	1.0
140	147	8.0
140	148	6.0
140	149	1.0
140	155	1.0
140	164	2.0
140	167	4.0
140	168	1.0
140	173	4.0
140	174	1.0
140	176	1.0
140	180	1.0
140	183	8.0
140	186	2.0
140	187	11.0
140	188	2.0
140	197	2.0
140	199	1.0
140	200	4.0
140	203	2.0
140	206	1.0
140	207	2.0
140	208	4.0
140	211	2.0
140	220	1.0
140	225	3.0
140	226	8.0
140	237	1.0
140	242	4.0
141	141	345.0
141	142	19.0
141	151	2.0
141	154	3.0
141	163	2.0
141	167	1.0
141	168	2.0
141	180	1.0
141	181	1.0
141	186	2.0
141	187	1.0
141	189	3.0
141	190	8.0
141	191	8.0
141	192	2.0
141	194	1.0
141	200	2.0
141	202	6.0
141	203	1.0
141	205	2.0
141	207	2.0
141	208	2.0
141	210	4.0
141	211	1.0
141	224	1.0
141	234	1.0
142	142	417.0
142	143	5.0
142	144	1.0
142	146	2.0
142	147	3.0
142	154	6.0
142	160	1.0
142	167	4.0
142	168	15.0
142	169	5.0
142	180	2.0
142	185	5.0
142	186	5.0
142	188	2.0
142	198	1.0
142	200	1.0
142	202	2.0
142	207	2.0
142	208	2.0
142	209	2.0
142	210	2.0
142	220	1.0
142	224	2.0
142	240	1.0
143	143	444.0
143	144	8.0
143	145	14.0
143	146	4.0
143	147	14.0
143	148	2.0
143	149	5.0
143	150	6.0
143	151	1.0
143	156	2.0
143	165	1.0
143	167	4.0
143	168	2.0
143	169	9.0
143	178	2.0
143	179	1.0
143	198	1.0
144	144	457.0
144	145	15.0
144	146	13.0
144	147	17.0
144	148	6.0
144	150	3.0
144	151	1.0
144	155	1.0
144	169	4.0
144	170	1.0
144	172	3.0
144	173	3.0
144	178	2.0
144	184	1.0
144	217	1.0
144	228	2.0
144	237	1.0
144	242	2.0
145	145	472.0
145	146	43.0
145	147	14.0
145	148	1.0
145	150	2.0
145	151	1.0
145	169	1.0
145	170	2.0
145	173	1.0
145	202	1.0
145	209	1.0
145	218	2.0
145	227	1.0
145	237	1.0
145	241	1.0
146	146	401.0
146	147	15.0
146	150	1.0
146	157	1.0
146	169	1.0
146	170	2.0
146	171	1.0
146	172	1.0
146	173	2.0
146	174	1.0
146	175	1.0
146	177	1.0
146	178	3.0
146	182	4.0
146	200	1.0
146	201	1.0
146	208	1.0
146	218	1.0
146	221	1.0
146	226	1.0
146	227	1.0
146	228	1.0
146	236	1.0
147	147	479.0
147	148	13.0
147	149	4.0
147	150	7.0
147	152	2.0
147	154	2.0
147	160	2.0
147	167	3.0
147	168	4.0
147	169	5.0
147	170	2.0
147	172	1.0
147	173	1.0
147	186	1.0
147	211	1.0
147	224	2.0
147	225	3.0
147	230	1.0
147	235	1.0
147	236	1.0
147	239	2.0
147	241	1.0
148	148	476.0
148	149	23.0
148	150	10.0
148	151	6.0
148	152	1.0
148	153	2.0
148	154	5.0
148	155	2.0
148	160	1.0
148	163	1.0
148	167	1.0
148	168	4.0
148	169	5.0
148	170	1.0
148	208	1.0
148	232	1.0
148	233	2.0
149	149	447.0
149	150	19.0
149	151	6.0
149	152	5.0
149	155	1.0
149	156	1.0
149	158	1.0
149	160	1.0
149	169	3.0
149	170	1.0
149	227	1.0
149	238	1.0
149	239	1.0
150	150	428.0
150	151	16.0
150	152	17.0
150	153	2.0
150	154	4.0
150	155	2.0
150	156	2.0
150	158	2.0
150	159	1.0
150	160	5.0
150	164	1.0
150	167	1.0
150	170	2.0
150	236	1.0
150	241	1.0
151	151	497.0
151	152	6.0
151	153	6.0
151	154	12.0
151	155	12.0
151	158	5.0
151	159	3.0
151	160	5.0
151	161	2.0
151	170	2.0
151	179	1.0
151	182	1.0
151	202	4.0
151	207	1.0
151	209	9.0
151	223	3.0
151	224	2.0
151	225	5.0
151	227	2.0
151	228	1.0
151	231	1.0
152	152	393.0
152	153	10.0
152	154	3.0
152	155	3.0
152	156	4.0
152	157	4.0
152	158	5.0
152	159	5.0
152	160	12.0
152	168	2.0
152	185	1.0
152	192	3.0
152	196	2.0
152	200	1.0
152	202	1.0
152	206	1.0
152	209	1.0
152	211	2.0
152	212	2.0
152	213	2.0
152	214	1.0
152	215	3.0
152	222	3.0
152	223	5.0
152	224	1.0
152	225	6.0
152	226	7.0
152	227	6.0
152	228	11.0
152	229	1.0
152	230	6.0
152	231	4.0
152	234	5.0
152	235	1.0
152	236	2.0
153	153	436.0
153	154	5.0
153	155	3.0
153	156	1.0
153	157	3.0
153	158	2.0
153	159	1.0
153	160	1.0
153	167	3.0
153	168	5.0
153	170	1.0
153	175	6.0
153	177	2.0
153	184	1.0
153	185	1.0
153	186	1.0
153	197	2.0
153	203	1.0
153	209	2.0
153	211	1.0
153	212	4.0
153	213	5.0
153	214	3.0
153	215	12.0
153	216	8.0
153	220	2.0
153	221	2.0
153	222	4.0
153	223	7.0
153	225	4.0
153	226	7.0
153	228	2.0
153	229	6.0
153	230	2.0
153	234	4.0
153	236	4.0
153	237	4.0
153	238	2.0
153	239	1.0
154	154	462.0
154	155	8.0
154	156	1.0
154	159	1.0
154	160	1.0
154	164	1.0
154	165	7.0
154	167	2.0
154	181	1.0
154	184	1.0
154	185	1.0
154	186	2.0
154	198	1.0
154	202	1.0
154	210	2.0
154	214	3.0
154	215	7.0
154	216	1.0
154	220	3.0
154	221	7.0
154	222	2.0
154	224	1.0
154	225	3.0
154	226	5.0
154	227	5.0
154	228	2.0
154	229	6.0
154	230	3.0
154	234	1.0
154	236	6.0
154	237	6.0
155	155	462.0
155	156	19.0
155	157	7.0
155	158	3.0
155	159	6.0
155	160	3.0
155	163	8.0
155	165	1.0
155	167	5.0
155	168	2.0
155	169	3.0
155	170	6.0
155	171	1.0
155	176	2.0
155	177	5.0
155	179	2.0
155	184	1.0
155	202	6.0
155	209	11.0
155	221	2.0
155	222	3.0
156	156	453.0
156	157	17.0
156	158	6.0
156	159	9.0
156	160	8.0
156	168	2.0
156	170	1.0
156	202	4.0
156	203	7.0
156	204	4.0
156	207	1.0
156	209	4.0
156	211	1.0
157	157	434.0
157	158	9.0
157	159	7.0
157	160	1.0
157	163	2.0
157	165	1.0
157	167	6.0
157	168	4.0
157	169	6.0
157	170	2.0
157	171	1.0
157	172	1.0
157	177	2.0
157	178	2.0
157	179	1.0
157	186	1.0
157	188	1.0
157	203	2.0
157	204	1.0
157	207	1.0
157	216	1.0
157	220	1.0
158	158	504.0
158	159	7.0
158	160	2.0
158	161	1.0
158	162	5.0
158	163	8.0
158	166	2.0
158	167	3.0
158	171	1.0
158	172	2.0
158	176	3.0
158	177	3.0
158	178	6.0
158	179	16.0
158	183	1.0
158	185	2.0
158	187	1.0
158	188	1.0
158	189	1.0
158	191	1.0
158	199	1.0
158	200	1.0
158	202	2.0
158	208	2.0
158	209	5.0
158	210	2.0
158	211	1.0
158	212	1.0
158	214	1.0
158	217	2.0
158	219	1.0
158	239	1.0
158	240	2.0
158	241	1.0
159	159	484.0
159	160	12.0
159	162	12.0
159	163	15.0
159	164	6.0
159	165	2.0
159	166	2.0
159	173	1.0
159	175	1.0
159	176	6.0
159	177	4.0
159	178	2.0
159	179	2.0
159	181	1.0
159	182	5.0
159	183	4.0
159	184	2.0
159	185	1.0
159	186	3.0
159	202	1.0
159	204	1.0
159	208	2.0
159	209	2.0
159	211	1.0
159	215	1.0
159	222	1.0
159	239	1.0
159	240	4.0
160	160	453.0
160	161	7.0
160	162	4.0
160	176	1.0
160	180	2.0
160	182	9.0
160	183	8.0
160	201	1.0
160	219	1.0
160	229	1.0
160	239	1.0
161	161	460.0
161	162	16.0
161	163	2.0
161	183	9.0
161	201	1.0
161	210	3.0
162	162	436.0
162	163	11.0
162	164	2.0
162	169	4.0
162	173	1.0
162	174	1.0
162	175	1.0
162	176	1.0
162	177	4.0
162	178	4.0
162	179	6.0
162	180	4.0
162	182	2.0
162	183	4.0
162	188	2.0
162	191	1.0
162	197	1.0
162	201	1.0
162	204	2.0
162	207	1.0
162	209	1.0
162	210	7.0
162	216	1.0
162	219	1.0
162	220	1.0
162	221	2.0
162	222	2.0
162	239	3.0
162	240	1.0
162	241	3.0
163	163	474.0
163	164	8.0
163	165	5.0
163	169	3.0
163	171	1.0
163	175	3.0
163	176	4.0
163	177	1.0
163	178	12.0
163	179	8.0
163	182	1.0
163	183	4.0
163	184	2.0
163	189	1.0
163	190	3.0
163	191	1.0
163	192	4.0
163	201	1.0
163	202	2.0
163	204	2.0
163	207	1.0
163	208	1.0
163	209	1.0
163	210	2.0
163	220	2.0
163	239	1.0
163	240	2.0
164	164	498.0
164	165	7.0
164	168	1.0
164	169	1.0
164	171	2.0
164	172	2.0
164	173	1.0
164	175	1.0
164	176	7.0
164	178	8.0
164	179	8.0
164	180	4.0
164	181	3.0
164	182	3.0
164	183	2.0
164	184	6.0
164	187	1.0
164	188	3.0
164	200	1.0
164	207	4.0
164	208	2.0
164	216	3.0
164	217	7.0
164	218	2.0
164	220	6.0
164	221	11.0
164	222	9.0
164	226	3.0
164	227	9.0
164	228	2.0
164	234	1.0
164	236	8.0
164	238	3.0
164	242	2.0
165	165	453.0
165	167	1.0
165	169	3.0
165	171	3.0
165	172	1.0
165	173	2.0
165	174	1.0
165	176	4.0
165	177	3.0
165	178	12.0
165	179	8.0
165	180	2.0
165	181	3.0
165	182	2.0
165	184	8.0
165	185	11.0
165	186	4.0
165	187	8.0
165	188	2.0
165	193	1.0
165	216	1.0
165	217	1.0
165	220	5.0
165	221	5.0
165	222	9.0
165	227	1.0
165	231	3.0
165	232	1.0
165	233	1.0
165	235	1.0
165	237	4.0
165	239	7.0
165	241	1.0
166	166	477.0
166	167	4.0
166	168	1.0
166	169	2.0
166	171	4.0
166	172	2.0
166	173	5.0
166	174	5.0
166	175	7.0
166	176	4.0
166	177	15.0
166	178	7.0
166	179	5.0
166	180	3.0
166	181	4.0
166	182	4.0
166	185	1.0
166	186	9.0
166	187	5.0
166	188	6.0
166	189	4.0
166	190	5.0
166	194	1.0
166	195	2.0
166	196	1.0
166	198	2.0
166	199	5.0
166	201	1.0
166	204	1.0
166	207	3.0
166	208	1.0
166	209	5.0
166	210	2.0
166	217	1.0
166	219	2.0
166	220	3.0
166	221	4.0
166	222	4.0
166	224	1.0
166	227	2.0
166	228	4.0
166	236	2.0
166	237	5.0
167	167	411.0
167	168	23.0
167	170	5.0
167	172	3.0
167	173	1.0
167	176	1.0
167	177	1.0
167	178	2.0
167	180	2.0
167	184	5.0
167	185	2.0
167	186	13.0
167	187	1.0
167	188	18.0
167	199	2.0
167	200	1.0
167	202	1.0
167	203	3.0
167	204	1.0
167	207	11.0
167	219	1.0
167	224	2.0
167	226	3.0
168	168	514.0
168	169	4.0
168	170	14.0
168	173	1.0
168	183	1.0
168	185	4.0
168	186	6.0
168	202	4.0
168	203	16.0
168	204	9.0
168	207	2.0
168	208	3.0
168	225	2.0
168	242	5.0
169	169	497.0
169	170	7.0
169	172	4.0
169	173	2.0
169	174	2.0
169	175	1.0
169	176	3.0
169	177	1.0
169	178	8.0
169	185	1.0
169	186	2.0
169	193	1.0
169	203	2.0
169	204	11.0
169	205	1.0
169	206	1.0
169	207	3.0
169	208	3.0
169	219	2.0
169	224	1.0
169	237	1.0
169	242	1.0
170	170	412.0
170	171	2.0
170	172	1.0
170	173	2.0
170	175	1.0
170	178	2.0
170	179	1.0
170	186	2.0
170	187	1.0
170	198	1.0
170	203	5.0
170	204	5.0
170	207	3.0
170	219	1.0
170	224	1.0
170	225	8.0
170	236	1.0
170	237	1.0
170	240	1.0
170	241	1.0
170	242	3.0
171	171	480.0
171	172	9.0
171	173	4.0
171	174	1.0
171	175	1.0
171	176	1.0
171	177	2.0
171	178	2.0
171	179	2.0
171	182	5.0
171	186	1.0
171	189	3.0
171	190	6.0
171	191	5.0
171	192	3.0
171	193	4.0
171	195	1.0
171	198	6.0
171	199	3.0
171	200	3.0
171	201	2.0
171	202	1.0
171	203	1.0
171	204	3.0
171	207	4.0
171	208	2.0
171	209	11.0
171	210	6.0
171	211	4.0
171	217	8.0
171	218	3.0
171	221	2.0
171	222	7.0
171	223	2.0
171	224	6.0
171	225	1.0
171	227	3.0
171	228	4.0
171	229	1.0
171	232	1.0
171	233	1.0
171	236	4.0
171	239	1.0
171	240	2.0
171	242	2.0
172	172	465.0
172	173	18.0
172	174	5.0
172	175	4.0
172	176	6.0
172	177	6.0
172	178	17.0
172	179	2.0
172	181	1.0
172	182	2.0
172	183	1.0
172	184	1.0
172	186	3.0
172	187	3.0
172	188	3.0
172	189	4.0
172	190	2.0
172	191	4.0
172	194	2.0
172	198	2.0
172	199	1.0
172	200	3.0
172	201	2.0
172	207	1.0
172	208	9.0
172	209	2.0
172	210	2.0
172	211	5.0
172	217	2.0
172	219	10.0
172	220	1.0
172	221	1.0
172	226	1.0
172	227	2.0
172	228	1.0
172	230	1.0
172	234	1.0
172	237	2.0
172	238	1.0
172	239	1.0
172	240	1.0
173	173	487.0
173	174	10.0
173	175	12.0
173	176	3.0
173	177	4.0
173	178	9.0
173	179	3.0
173	180	2.0
173	181	3.0
173	182	1.0
173	186	3.0
173	187	4.0
173	188	2.0
173	189	3.0
173	191	2.0
173	192	2.0
173	200	5.0
173	201	1.0
173	205	1.0
173	207	2.0
173	208	3.0
173	209	1.0
173	210	1.0
173	211	3.0
173	212	1.0
173	215	1.0
173	217	2.0
173	218	3.0
173	219	1.0
173	220	2.0
173	221	2.0
173	224	1.0
173	225	2.0
173	227	1.0
173	228	1.0
173	229	1.0
174	174	477.0
174	175	11.0
174	176	2.0
174	177	12.0
174	178	14.0
174	179	2.0
174	180	1.0
174	181	1.0
174	182	2.0
174	183	1.0
174	184	3.0
174	185	1.0
174	186	11.0
174	187	3.0
174	188	4.0
174	191	1.0
174	192	1.0
174	200	3.0
174	205	1.0
174	207	4.0
174	208	7.0
174	211	7.0
174	217	1.0
174	219	4.0
174	221	2.0
174	223	4.0
174	224	2.0
174	225	1.0
174	226	1.0
174	228	4.0
174	229	1.0
174	236	4.0
174	237	1.0
174	239	1.0
174	241	1.0
175	175	418.0
175	176	5.0
175	177	11.0
175	178	7.0
175	179	6.0
175	180	2.0
175	181	6.0
175	182	1.0
175	184	2.0
175	185	6.0
175	186	2.0
175	187	1.0
175	189	1.0
175	196	1.0
175	208	1.0
175	213	2.0
175	216	3.0
175	217	2.0
175	219	7.0
175	220	5.0
175	221	3.0
175	223	1.0
175	228	2.0
175	229	1.0
175	230	3.0
175	235	1.0
175	237	1.0
175	238	1.0
175	239	1.0
175	242	1.0
176	176	470.0
176	177	12.0
176	178	14.0
176	179	2.0
176	180	7.0
176	181	3.0
176	184	7.0
176	185	17.0
176	186	4.0
176	187	1.0
176	188	2.0
176	191	1.0
176	200	1.0
176	203	1.0
176	207	2.0
176	208	3.0
176	213	1.0
176	215	1.0
176	216	3.0
176	220	2.0
176	221	7.0
176	222	3.0
176	223	1.0
176	226	2.0
176	227	6.0
176	229	1.0
176	237	1.0
176	238	2.0
176	239	7.0
177	177	473.0
177	178	11.0
177	179	4.0
177	180	3.0
177	181	3.0
177	184	4.0
177	185	5.0
177	187	1.0
177	188	3.0
177	189	1.0
177	190	1.0
177	195	1.0
177	198	1.0
177	200	1.0
177	201	3.0
177	204	1.0
177	208	2.0
177	210	1.0
177	212	1.0
177	216	4.0
177	217	5.0
177	219	3.0
177	221	1.0
177	222	1.0
177	224	2.0
177	228	1.0
177	241	1.0
178	178	461.0
178	179	3.0
178	180	3.0
178	182	1.0
178	183	4.0
178	184	1.0
178	186	7.0
178	187	2.0
178	188	6.0
178	189	1.0
178	190	1.0
178	191	1.0
178	194	1.0
178	197	1.0
178	208	1.0
178	215	1.0
178	216	1.0
178	217	2.0
178	220	1.0
178	221	1.0
178	227	2.0
178	229	1.0
178	236	1.0
178	239	1.0
179	179	434.0
179	180	6.0
179	182	11.0
179	183	1.0
179	184	7.0
179	185	2.0
179	188	2.0
179	203	1.0
179	204	1.0
179	207	1.0
179	208	2.0
179	219	1.0
179	221	4.0
179	222	3.0
179	224	1.0
179	227	11.0
179	228	5.0
179	229	2.0
179	230	6.0
179	236	6.0
179	239	1.0
179	240	4.0
179	241	1.0
179	242	1.0
180	180	446.0
180	181	1.0
180	182	9.0
180	183	10.0
180	184	4.0
180	185	2.0
180	186	3.0
180	188	1.0
180	208	2.0
180	220	2.0
180	221	10.0
180	222	1.0
180	227	3.0
180	229	4.0
180	239	4.0
180	240	2.0
180	241	1.0
181	181	427.0
181	182	12.0
181	184	1.0
181	185	4.0
181	200	1.0
181	202	1.0
181	208	1.0
181	221	4.0
181	222	2.0
181	223	7.0
181	224	3.0
181	226	3.0
181	227	1.0
181	228	1.0
181	229	6.0
181	230	10.0
181	238	1.0
181	240	4.0
181	242	1.0
182	182	448.0
182	183	13.0
182	184	2.0
182	185	2.0
182	186	1.0
182	188	1.0
182	198	2.0
182	199	2.0
182	217	1.0
182	218	3.0
182	220	3.0
182	221	7.0
182	222	5.0
182	223	3.0
182	227	3.0
182	228	6.0
182	229	3.0
182	234	1.0
182	236	4.0
182	238	1.0
182	239	1.0
182	241	1.0
183	183	412.0
183	184	11.0
183	187	3.0
183	188	1.0
183	189	3.0
183	192	1.0
183	195	2.0
183	197	4.0
183	198	7.0
183	199	3.0
183	200	2.0
183	201	1.0
183	203	4.0
183	204	10.0
183	205	1.0
183	206	3.0
183	207	3.0
183	208	9.0
183	211	3.0
183	212	1.0
183	213	1.0
183	214	1.0
183	220	2.0
183	221	1.0
183	222	1.0
183	225	4.0
183	226	2.0
183	227	2.0
183	229	1.0
183	242	4.0
184	184	439.0
184	185	5.0
184	186	4.0
184	187	4.0
184	188	17.0
184	189	4.0
184	192	1.0
184	196	1.0
184	197	3.0
184	198	3.0
184	199	1.0
184	200	4.0
184	201	1.0
184	203	3.0
184	204	1.0
184	205	6.0
184	206	4.0
184	211	4.0
184	212	8.0
184	213	2.0
184	215	2.0
184	216	11.0
184	217	1.0
184	221	6.0
184	222	1.0
184	226	2.0
184	227	1.0
184	239	1.0
184	240	1.0
185	185	384.0
185	186	6.0
185	188	1.0
185	189	1.0
185	209	1.0
185	211	4.0
185	212	2.0
185	213	6.0
185	215	8.0
185	216	15.0
185	220	5.0
185	221	4.0
185	222	1.0
185	227	2.0
185	238	1.0
185	239	2.0
186	186	394.0
186	187	20.0
186	188	14.0
186	189	1.0
186	191	8.0
186	199	2.0
186	200	9.0
186	207	3.0
186	208	1.0
186	216	1.0
186	217	1.0
186	220	3.0
186	221	1.0
186	222	5.0
186	227	7.0
186	233	1.0
187	187	383.0
187	188	12.0
187	189	2.0
187	190	6.0
187	191	9.0
187	192	1.0
187	195	1.0
187	196	1.0
187	198	1.0
187	199	8.0
187	200	7.0
187	201	3.0
187	202	1.0
187	203	1.0
187	204	4.0
187	206	1.0
187	207	7.0
187	209	1.0
187	210	1.0
187	211	1.0
187	215	1.0
187	219	4.0
187	220	2.0
187	221	1.0
187	222	4.0
187	225	6.0
187	226	11.0
187	227	2.0
187	242	1.0
188	188	440.0
188	191	4.0
188	198	1.0
188	199	5.0
188	200	6.0
188	204	2.0
188	207	6.0
188	208	2.0
188	214	1.0
188	220	3.0
188	221	5.0
188	222	3.0
188	226	8.0
188	227	2.0
189	189	446.0
189	190	6.0
189	191	5.0
189	192	3.0
189	193	3.0
189	194	8.0
189	195	4.0
189	199	3.0
189	200	14.0
189	201	3.0
189	202	1.0
189	203	6.0
189	204	2.0
189	206	10.0
189	207	5.0
189	208	1.0
189	209	1.0
189	210	10.0
189	211	10.0
189	212	3.0
189	217	5.0
189	226	2.0
189	237	1.0
190	190	455.0
190	191	9.0
190	192	1.0
190	193	2.0
190	194	1.0
190	195	1.0
190	199	16.0
190	200	8.0
190	201	16.0
190	202	2.0
190	203	8.0
190	204	1.0
190	206	1.0
190	207	4.0
190	209	3.0
190	210	3.0
190	211	3.0
190	219	1.0
190	222	2.0
190	223	1.0
191	191	429.0
191	192	19.0
191	193	5.0
191	194	6.0
191	195	7.0
191	196	2.0
191	199	1.0
191	200	20.0
191	201	8.0
191	202	13.0
191	205	3.0
191	206	8.0
191	207	4.0
191	208	1.0
191	209	2.0
191	210	2.0
191	211	2.0
191	217	1.0
191	225	1.0
192	192	424.0
192	193	21.0
192	194	7.0
192	195	6.0
192	196	13.0
192	197	9.0
192	198	5.0
192	199	3.0
192	200	1.0
192	201	3.0
192	204	1.0
192	205	9.0
192	206	3.0
192	207	6.0
192	208	2.0
192	209	7.0
192	210	7.0
192	211	3.0
192	236	1.0
192	240	1.0
193	193	427.0
193	194	9.0
193	195	21.0
193	196	12.0
193	197	3.0
193	198	3.0
193	199	5.0
193	201	1.0
193	202	1.0
193	204	2.0
193	205	5.0
193	206	3.0
193	209	5.0
193	212	2.0
193	218	2.0
193	220	1.0
194	194	398.0
194	195	19.0
194	196	7.0
194	197	2.0
194	198	10.0
194	199	4.0
194	201	1.0
194	202	2.0
194	203	1.0
194	206	5.0
194	209	6.0
194	211	1.0
194	219	1.0
194	222	2.0
195	195	413.0
195	196	7.0
195	197	1.0
195	198	1.0
195	199	1.0
195	200	3.0
195	205	10.0
195	206	3.0
195	209	1.0
195	219	1.0
195	224	1.0
195	239	1.0
196	196	422.0
196	197	12.0
196	200	1.0
196	201	8.0
196	202	2.0
196	204	6.0
196	205	28.0
196	206	14.0
196	207	1.0
196	210	4.0
196	220	1.0
196	224	3.0
197	197	440.0
197	198	29.0
197	199	4.0
197	200	1.0
197	203	3.0
197	204	5.0
197	205	5.0
197	206	2.0
197	207	1.0
197	208	2.0
197	209	9.0
197	210	19.0
197	212	5.0
197	213	7.0
197	215	2.0
197	216	6.0
197	224	1.0
197	230	1.0
197	242	1.0
198	198	339.0
198	199	17.0
198	200	4.0
198	203	2.0
198	205	2.0
198	207	4.0
198	208	3.0
198	209	11.0
198	210	4.0
198	211	2.0
198	212	3.0
198	213	1.0
198	214	1.0
198	217	1.0
198	220	6.0
198	221	1.0
198	222	1.0
198	225	5.0
198	226	4.0
198	227	5.0
198	236	1.0
198	238	1.0
198	240	2.0
199	199	494.0
199	200	9.0
199	201	1.0
199	203	1.0
199	205	1.0
199	207	10.0
199	208	1.0
199	209	11.0
199	210	9.0
199	211	12.0
199	212	1.0
199	213	10.0
199	214	3.0
199	215	3.0
199	217	1.0
199	220	6.0
199	221	1.0
199	222	5.0
199	226	2.0
199	227	2.0
199	228	1.0
199	229	1.0
199	242	2.0
200	200	462.0
200	201	6.0
200	202	1.0
200	203	8.0
200	204	1.0
200	205	1.0
200	206	3.0
200	207	6.0
200	208	2.0
200	209	5.0
200	210	2.0
200	211	10.0
200	215	1.0
200	217	1.0
200	219	2.0
200	220	1.0
200	224	1.0
200	237	1.0
200	239	1.0
201	201	436.0
201	202	20.0
201	203	7.0
201	205	13.0
201	206	6.0
201	207	8.0
201	209	1.0
201	210	7.0
201	211	5.0
201	213	1.0
201	217	1.0
201	219	7.0
201	240	1.0
202	202	515.0
202	203	15.0
202	205	16.0
202	206	9.0
202	207	2.0
202	208	1.0
202	209	6.0
202	210	6.0
202	211	2.0
202	214	1.0
202	217	1.0
202	242	1.0
203	203	405.0
203	204	12.0
203	205	4.0
203	206	6.0
203	207	9.0
203	208	1.0
203	210	3.0
203	211	6.0
203	212	3.0
203	219	1.0
203	226	1.0
204	204	465.0
204	205	17.0
204	206	15.0
204	207	4.0
204	208	2.0
204	212	6.0
204	213	2.0
204	215	1.0
204	217	1.0
204	232	1.0
204	233	1.0
204	241	1.0
205	205	430.0
205	206	39.0
205	212	14.0
205	213	5.0
205	215	1.0
205	216	2.0
205	220	1.0
206	206	453.0
206	207	2.0
206	209	4.0
206	211	1.0
206	215	1.0
206	219	2.0
206	225	1.0
207	207	476.0
207	208	9.0
207	209	1.0
207	211	4.0
207	212	3.0
207	213	4.0
207	216	3.0
207	217	1.0
207	220	3.0
207	221	3.0
207	222	3.0
207	223	2.0
207	224	4.0
207	225	2.0
207	226	1.0
207	228	1.0
207	229	1.0
207	234	2.0
207	239	1.0
208	208	429.0
208	209	2.0
208	216	6.0
208	217	5.0
208	218	1.0
208	219	11.0
208	220	1.0
208	221	1.0
208	222	1.0
208	223	3.0
208	224	3.0
208	225	7.0
208	226	3.0
208	227	2.0
208	229	2.0
208	239	1.0
208	240	3.0
208	241	2.0
208	242	4.0
209	209	452.0
209	210	12.0
209	211	3.0
209	212	1.0
209	217	2.0
209	219	3.0
210	210	424.0
210	211	6.0
210	219	3.0
210	220	1.0
210	235	1.0
211	211	467.0
211	212	10.0
211	213	11.0
211	214	1.0
211	215	5.0
211	216	1.0
211	217	1.0
211	218	3.0
211	220	6.0
211	221	2.0
211	225	2.0
211	226	4.0
211	237	1.0
211	239	1.0
211	242	1.0
212	212	449.0
212	213	11.0
212	214	8.0
212	215	7.0
212	216	19.0
212	217	1.0
212	220	1.0
212	234	2.0
213	213	446.0
213	214	23.0
213	215	17.0
213	216	16.0
213	217	1.0
213	218	1.0
213	234	5.0
213	235	1.0
213	242	2.0
214	214	441.0
214	215	22.0
214	217	1.0
214	220	5.0
214	223	11.0
214	224	3.0
214	225	1.0
214	226	7.0
214	227	1.0
214	228	2.0
214	229	4.0
214	234	8.0
214	236	1.0
215	215	424.0
215	216	5.0
215	224	1.0
215	225	1.0
215	226	12.0
215	227	1.0
215	228	3.0
215	229	3.0
215	230	1.0
215	234	2.0
215	235	2.0
215	236	1.0
216	216	449.0
216	217	3.0
216	219	3.0
216	220	9.0
216	221	3.0
216	222	6.0
216	223	6.0
216	224	4.0
216	225	1.0
216	226	4.0
216	227	6.0
216	228	1.0
216	229	6.0
216	230	7.0
216	236	2.0
216	237	5.0
216	239	1.0
216	240	1.0
216	242	1.0
217	217	543.0
217	218	38.0
217	219	4.0
217	220	1.0
217	223	1.0
217	225	1.0
217	227	6.0
217	228	1.0
217	229	1.0
217	232	1.0
217	234	5.0
217	235	8.0
217	236	6.0
217	237	1.0
217	238	2.0
217	240	3.0
217	241	1.0
218	218	527.0
218	222	2.0
218	224	4.0
218	225	1.0
218	228	1.0
218	230	1.0
218	234	5.0
218	237	3.0
218	238	3.0
218	239	1.0
218	240	1.0
218	241	3.0
218	242	1.0
219	219	462.0
219	220	6.0
219	222	4.0
219	223	1.0
219	234	1.0
219	237	2.0
219	238	1.0
219	239	3.0
219	240	16.0
219	241	4.0
220	220	506.0
220	221	9.0
220	222	6.0
220	226	4.0
220	227	5.0
220	228	1.0
220	229	1.0
220	235	3.0
220	237	7.0
220	238	8.0
220	239	1.0
220	240	2.0
220	242	1.0
221	221	503.0
221	222	22.0
221	223	3.0
221	224	1.0
221	226	2.0
221	227	3.0
221	229	2.0
221	230	1.0
221	237	3.0
221	239	5.0
222	222	472.0
222	223	11.0
222	224	2.0
222	225	2.0
222	226	3.0
222	227	7.0
222	228	2.0
222	229	12.0
222	230	10.0
222	236	6.0
222	237	7.0
222	238	6.0
222	239	3.0
222	240	1.0
222	241	2.0
223	223	477.0
223	224	14.0
223	226	2.0
223	228	10.0
223	229	16.0
223	230	20.0
223	231	2.0
223	234	13.0
223	235	6.0
223	236	1.0
223	238	3.0
224	224	472.0
224	225	9.0
224	226	9.0
224	227	5.0
224	228	7.0
224	229	9.0
224	230	2.0
224	231	4.0
224	234	4.0
224	235	2.0
224	236	2.0
225	225	456.0
225	226	7.0
225	227	1.0
225	228	8.0
225	229	4.0
225	230	2.0
225	234	1.0
225	236	6.0
225	237	2.0
225	239	1.0
225	240	3.0
225	242	8.0
226	226	436.0
226	227	10.0
226	228	2.0
226	229	8.0
226	234	3.0
226	236	7.0
226	237	3.0
226	238	2.0
226	242	2.0
227	227	465.0
227	228	8.0
227	229	8.0
227	230	9.0
227	236	6.0
227	237	11.0
227	238	15.0
227	239	3.0
227	242	2.0
228	228	469.0
228	229	8.0
228	230	4.0
228	231	1.0
228	236	4.0
228	237	3.0
228	238	1.0
228	241	4.0
228	242	4.0
229	229	458.0
229	230	6.0
229	231	4.0
229	234	3.0
229	235	3.0
229	236	17.0
229	237	1.0
230	230	429.0
230	231	4.0
230	232	4.0
230	233	4.0
230	234	2.0
230	235	4.0
230	236	6.0
230	237	9.0
230	238	1.0
231	231	449.0
231	232	21.0
231	233	4.0
231	235	3.0
231	239	1.0
232	232	469.0
232	233	16.0
232	234	1.0
232	242	1.0
233	233	476.0
233	234	8.0
233	236	1.0
233	238	10.0
233	239	3.0
234	234	490.0
234	235	33.0
234	236	4.0
234	238	1.0
234	239	1.0
234	240	1.0
234	241	1.0
235	235	492.0
235	236	4.0
235	238	4.0
235	239	1.0
235	240	1.0
236	236	567.0
236	237	10.0
236	238	16.0
236	239	5.0
236	240	1.0
236	241	1.0
236	242	3.0
237	237	528.0
237	238	17.0
237	239	7.0
237	240	1.0
237	241	1.0
238	238	463.0
238	239	9.0
238	240	1.0
238	241	4.0
239	239	563.0
239	240	7.0
239	241	5.0
239	242	1.0
240	240	500.0
240	241	25.0
241	241	543.0
241	242	1.0
242	242	467.0
242	243	1.0
243	243	21.0
244	1	5.0
244	3	1.0
244	4	3.0
244	9	1.0
244	10	5.0
244	11	1.0
244	12	2.0
244	29	1.0
244	34	1.0
244	43	1.0
244	45	1.0
244	57	1.0
244	61	1.0
244	66	4.0
244	67	3.0
244	68	2.0
244	78	2.0
244	79	8.0
244	80	2.0
244	81	2.0
244	83	7.0
244	84	5.0
244	85	3.0
244	87	1.0
244	88	2.0
244	92	2.0
244	187	1.0
244	194	4.0
244	195	1.0
244	200	1.0
244	211	1.0
244	244	490.0
