1	1	584.0
1	2	24.0
1	3	1.0
1	4	2.0
1	5	1.0
1	25	1.0
1	38	1.0
1	39	2.0
1	42	2.0
1	43	1.0
1	54	2.0
1	59	1.0
2	2	559.0
2	3	27.0
2	11	1.0
2	14	1.0
2	39	1.0
2	73	1.0
3	3	529.0
3	4	11.0
3	5	2.0
3	6	1.0
3	8	1.0
3	9	1.0
3	28	1.0
3	43	3.0
3	63	1.0
3	74	1.0
4	4	518.0
4	5	4.0
4	6	3.0
4	7	8.0
4	10	2.0
4	17	1.0
4	25	1.0
4	37	1.0
4	41	1.0
4	42	5.0
4	43	8.0
4	44	1.0
4	45	2.0
4	47	1.0
4	48	1.0
4	61	1.0
4	72	1.0
5	5	546.0
5	6	15.0
5	7	5.0
5	8	22.0
5	9	5.0
5	10	13.0
5	12	8.0
5	13	1.0
5	14	3.0
5	18	1.0
5	36	2.0
5	37	1.0
5	39	5.0
5	54	5.0
5	55	1.0
5	56	1.0
5	57	3.0
5	58	2.0
5	65	1.0
5	68	5.0
5	74	7.0
5	75	6.0
5	78	2.0
5	79	2.0
6	6	550.0
6	7	10.0
6	8	5.0
6	9	10.0
6	10	18.0
6	11	6.0
6	12	3.0
6	13	7.0
6	14	2.0
6	15	1.0
6	26	1.0
6	32	1.0
6	34	4.0
6	35	1.0
6	36	9.0
6	37	1.0
6	39	6.0
6	41	2.0
6	48	1.0
6	49	2.0
6	51	1.0
6	54	1.0
6	56	4.0
6	60	1.0
6	63	1.0
6	68	1.0
6	71	1.0
6	74	2.0
6	75	2.0
6	76	2.0
6	77	2.0
6	78	2.0
7	7	568.0
7	8	17.0
7	9	2.0
7	18	1.0
7	27	1.0
7	29	3.0
7	30	2.0
7	36	1.0
7	41	9.0
7	42	1.0
7	45	1.0
7	46	2.0
7	47	1.0
7	48	9.0
7	49	1.0
7	56	2.0
7	57	1.0
7	60	1.0
7	65	4.0
7	66	9.0
7	67	1.0
7	73	1.0
7	77	1.0
8	8	538.0
8	9	4.0
8	10	5.0
8	29	3.0
8	30	8.0
8	35	1.0
8	36	2.0
8	37	2.0
8	38	1.0
8	39	2.0
8	41	13.0
8	42	2.0
8	48	2.0
8	49	2.0
8	50	1.0
8	53	2.0
8	54	3.0
8	56	7.0
8	57	6.0
8	65	6.0
8	66	5.0
8	67	5.0
8	68	1.0
8	74	2.0
8	77	2.0
8	79	2.0
9	9	575.0
9	10	19.0
9	11	5.0
9	12	4.0
9	13	4.0
9	14	7.0
9	15	3.0
9	16	1.0
9	17	2.0
9	19	4.0
9	21	1.0
9	31	7.0
9	33	1.0
9	34	3.0
9	35	1.0
9	36	9.0
9	37	2.0
9	38	1.0
9	39	4.0
9	50	1.0
9	53	1.0
9	54	3.0
9	55	2.0
9	56	6.0
9	57	2.0
9	59	1.0
9	74	4.0
9	75	7.0
9	76	1.0
9	77	5.0
9	78	2.0
9	79	1.0
9	80	1.0
10	10	555.0
10	11	6.0
10	12	4.0
10	13	2.0
10	15	2.0
10	16	1.0
10	19	1.0
10	20	2.0
10	30	1.0
10	31	2.0
10	33	1.0
10	34	4.0
10	35	1.0
10	36	15.0
10	37	4.0
10	39	9.0
10	44	1.0
10	49	1.0
10	56	8.0
10	63	1.0
10	69	1.0
10	74	1.0
10	75	6.0
10	76	4.0
10	77	4.0
10	78	2.0
10	80	1.0
11	11	546.0
11	12	6.0
11	15	2.0
11	16	1.0
11	18	1.0
11	20	2.0
11	25	1.0
11	35	6.0
11	36	12.0
11	37	2.0
11	39	4.0
11	49	1.0
11	50	3.0
11	54	2.0
11	55	1.0
11	56	10.0
11	57	1.0
11	63	3.0
11	64	2.0
11	75	2.0
11	77	8.0
11	80	1.0
12	12	580.0
12	13	6.0
12	14	1.0
12	15	7.0
12	16	8.0
12	25	2.0
12	27	1.0
12	33	5.0
12	34	3.0
12	36	1.0
12	38	1.0
12	39	5.0
12	43	1.0
12	50	5.0
12	54	4.0
12	55	1.0
12	56	1.0
12	58	2.0
12	65	1.0
12	69	2.0
12	71	1.0
12	74	5.0
12	75	5.0
12	76	1.0
12	77	5.0
12	78	3.0
13	13	535.0
13	14	11.0
13	15	1.0
13	16	3.0
13	17	1.0
13	20	12.0
13	21	5.0
13	22	2.0
13	26	2.0
13	27	2.0
13	28	1.0
13	29	2.0
13	31	13.0
13	32	1.0
13	33	1.0
13	34	1.0
13	35	2.0
13	37	1.0
13	54	3.0
13	55	6.0
13	61	4.0
13	66	1.0
13	68	4.0
13	69	7.0
13	70	2.0
13	71	3.0
13	79	1.0
14	14	553.0
14	15	7.0
14	16	1.0
14	19	3.0
14	20	1.0
14	21	1.0
14	26	3.0
14	27	2.0
14	29	2.0
14	30	1.0
14	31	5.0
14	32	6.0
14	33	5.0
14	34	2.0
14	35	1.0
14	36	1.0
14	51	1.0
14	54	8.0
14	55	3.0
14	56	3.0
14	58	1.0
14	59	3.0
14	60	2.0
14	61	3.0
14	64	1.0
14	66	1.0
14	68	1.0
14	69	2.0
14	70	3.0
14	71	10.0
14	81	1.0
15	15	442.0
15	16	3.0
15	17	2.0
15	18	4.0
15	19	2.0
15	20	4.0
15	22	2.0
15	26	2.0
15	31	3.0
15	32	4.0
15	33	4.0
15	34	1.0
15	35	3.0
15	37	1.0
15	53	1.0
15	54	2.0
15	55	2.0
15	56	6.0
15	59	1.0
15	66	1.0
15	68	3.0
15	70	2.0
16	16	479.0
16	17	5.0
16	18	5.0
16	19	2.0
16	20	2.0
16	21	3.0
16	26	2.0
16	27	1.0
16	28	1.0
16	30	2.0
16	31	4.0
16	32	2.0
16	35	1.0
16	37	3.0
16	55	8.0
16	56	1.0
16	63	1.0
16	69	1.0
16	75	1.0
17	17	594.0
17	18	12.0
17	19	10.0
17	20	4.0
17	21	3.0
17	37	3.0
17	55	2.0
17	56	1.0
17	57	2.0
17	66	1.0
17	77	2.0
17	80	1.0
18	18	308.0
18	19	4.0
18	20	6.0
18	25	1.0
18	36	1.0
18	44	1.0
18	56	1.0
18	57	2.0
18	58	1.0
18	59	1.0
18	69	1.0
19	19	492.0
19	20	7.0
19	21	6.0
19	26	2.0
19	30	6.0
19	31	8.0
19	32	1.0
19	33	5.0
19	35	3.0
19	36	6.0
19	37	3.0
19	55	3.0
19	56	7.0
19	57	1.0
19	58	1.0
20	20	382.0
20	21	9.0
20	22	1.0
20	25	1.0
20	26	4.0
20	27	2.0
20	28	1.0
20	31	2.0
20	32	8.0
20	33	5.0
20	35	1.0
20	36	2.0
20	38	1.0
20	47	1.0
20	53	1.0
20	54	1.0
20	55	6.0
20	56	3.0
20	57	1.0
20	59	1.0
20	60	1.0
20	61	1.0
20	71	4.0
20	79	1.0
21	21	620.0
21	22	5.0
21	25	6.0
21	26	5.0
21	27	1.0
21	28	5.0
21	31	1.0
21	32	6.0
21	39	1.0
21	49	1.0
21	54	7.0
21	55	2.0
21	59	1.0
21	60	1.0
21	61	1.0
21	67	1.0
21	68	2.0
21	69	1.0
21	70	1.0
21	71	3.0
21	76	1.0
22	22	141.0
22	32	4.0
22	52	1.0
22	63	1.0
22	70	3.0
22	75	2.0
25	25	412.0
25	26	1.0
25	28	1.0
25	35	2.0
25	37	1.0
25	42	4.0
25	49	2.0
25	50	2.0
25	52	1.0
25	53	15.0
25	61	1.0
25	62	1.0
25	63	2.0
25	64	3.0
25	65	2.0
25	66	3.0
25	70	1.0
25	73	2.0
25	76	4.0
25	77	7.0
25	78	4.0
25	79	1.0
26	26	513.0
26	27	5.0
26	28	4.0
26	29	2.0
26	31	4.0
26	32	5.0
26	34	3.0
26	42	1.0
26	49	1.0
26	50	1.0
26	54	1.0
26	58	1.0
26	59	1.0
26	61	2.0
26	63	1.0
26	65	2.0
26	66	2.0
26	69	14.0
26	70	3.0
26	71	5.0
26	73	2.0
26	74	3.0
26	75	3.0
26	76	4.0
27	27	535.0
27	28	26.0
27	29	10.0
27	30	8.0
27	31	4.0
27	32	7.0
27	34	4.0
27	37	4.0
27	39	1.0
27	42	1.0
27	44	1.0
27	53	1.0
27	60	1.0
27	65	1.0
27	70	1.0
27	71	7.0
27	73	1.0
27	74	1.0
27	78	1.0
28	28	507.0
28	29	8.0
28	30	9.0
28	31	4.0
28	32	5.0
28	37	8.0
28	38	1.0
28	40	1.0
28	48	1.0
28	59	1.0
28	65	3.0
28	69	2.0
28	70	1.0
28	71	7.0
28	73	1.0
28	74	2.0
29	29	473.0
29	30	18.0
29	32	2.0
29	37	1.0
29	40	1.0
29	41	4.0
29	46	1.0
29	52	1.0
29	53	1.0
29	57	1.0
29	58	2.0
29	61	3.0
29	65	3.0
29	69	2.0
29	71	4.0
29	72	1.0
29	73	2.0
29	78	1.0
30	30	495.0
30	31	6.0
30	32	5.0
30	33	6.0
30	34	8.0
30	35	1.0
30	36	1.0
30	37	6.0
30	40	1.0
30	41	1.0
30	49	6.0
30	51	3.0
30	52	3.0
30	54	3.0
30	55	3.0
30	56	2.0
30	57	6.0
30	58	12.0
30	59	1.0
30	61	4.0
30	63	1.0
30	65	8.0
30	66	1.0
30	67	11.0
30	68	3.0
30	69	2.0
30	70	2.0
30	71	3.0
30	73	1.0
30	75	1.0
30	76	1.0
30	79	1.0
31	31	576.0
31	32	10.0
31	33	1.0
31	34	5.0
31	35	7.0
31	36	3.0
31	37	5.0
31	38	3.0
31	39	2.0
31	51	4.0
31	54	3.0
31	55	5.0
31	56	3.0
31	57	4.0
31	58	5.0
31	59	7.0
31	63	2.0
31	64	3.0
31	65	1.0
31	66	2.0
31	69	9.0
31	71	3.0
32	32	580.0
32	33	22.0
32	34	8.0
32	35	6.0
32	36	2.0
32	37	6.0
32	38	3.0
32	39	1.0
32	45	1.0
32	49	1.0
32	51	1.0
32	54	1.0
32	55	1.0
32	58	6.0
32	59	4.0
32	60	3.0
32	61	1.0
32	65	2.0
32	69	7.0
32	70	2.0
32	71	12.0
33	33	623.0
33	34	6.0
33	35	1.0
33	36	12.0
33	37	2.0
33	38	5.0
33	39	1.0
33	40	12.0
33	41	1.0
33	49	1.0
33	50	1.0
33	52	3.0
33	55	5.0
33	56	1.0
33	57	9.0
33	58	2.0
33	59	5.0
33	61	2.0
33	63	1.0
33	64	3.0
33	65	3.0
33	66	2.0
33	68	1.0
33	70	6.0
33	71	2.0
33	73	1.0
33	76	1.0
33	79	1.0
34	34	401.0
34	35	14.0
34	36	6.0
34	37	3.0
34	40	1.0
34	50	1.0
34	55	4.0
34	56	2.0
34	58	1.0
34	59	1.0
34	74	1.0
34	75	8.0
34	77	1.0
35	35	575.0
35	36	9.0
35	37	10.0
35	39	1.0
35	42	1.0
35	51	3.0
35	52	2.0
35	54	2.0
35	55	7.0
35	56	10.0
35	57	1.0
35	58	17.0
35	59	14.0
35	63	1.0
35	65	2.0
35	68	1.0
35	69	5.0
35	72	1.0
35	75	4.0
35	77	2.0
36	36	488.0
36	37	12.0
36	38	1.0
36	39	3.0
36	45	3.0
36	48	1.0
36	49	1.0
36	51	1.0
36	54	4.0
36	55	9.0
36	56	4.0
36	57	5.0
36	58	6.0
36	63	4.0
36	73	4.0
36	76	5.0
36	77	5.0
36	78	1.0
36	80	1.0
37	37	576.0
37	38	5.0
37	39	9.0
37	55	2.0
37	56	5.0
37	57	1.0
37	58	18.0
37	73	26.0
37	74	14.0
37	79	1.0
38	38	585.0
38	39	12.0
38	40	5.0
38	42	8.0
38	44	5.0
38	54	2.0
38	55	5.0
38	56	5.0
38	58	9.0
38	63	1.0
38	65	2.0
38	66	1.0
38	72	3.0
38	73	1.0
38	79	1.0
38	80	3.0
39	39	558.0
39	40	11.0
39	42	5.0
39	43	1.0
39	44	5.0
39	49	2.0
39	50	6.0
39	54	6.0
39	55	6.0
39	56	11.0
39	57	2.0
39	60	1.0
39	63	4.0
39	64	1.0
39	74	4.0
39	75	1.0
40	40	584.0
40	41	27.0
40	42	13.0
40	44	7.0
40	45	11.0
40	46	6.0
40	48	3.0
40	49	1.0
40	51	3.0
40	55	4.0
40	57	1.0
40	69	1.0
41	41	671.0
41	42	7.0
41	43	1.0
41	44	8.0
41	45	8.0
41	46	15.0
41	47	3.0
41	48	17.0
41	49	4.0
41	66	5.0
41	67	2.0
41	74	1.0
42	42	559.0
42	43	3.0
42	44	4.0
42	45	9.0
42	46	3.0
42	47	10.0
42	48	11.0
42	52	1.0
42	66	2.0
42	67	1.0
43	43	560.0
43	44	11.0
43	45	7.0
43	47	7.0
43	48	1.0
43	52	1.0
43	60	1.0
43	64	1.0
43	65	1.0
43	68	1.0
44	44	344.0
44	45	7.0
44	47	4.0
44	48	12.0
44	80	2.0
45	45	471.0
45	46	12.0
45	47	12.0
45	48	6.0
45	62	1.0
45	65	1.0
45	66	1.0
45	70	1.0
45	72	2.0
45	77	1.0
46	46	584.0
46	47	19.0
46	48	12.0
46	65	2.0
46	66	5.0
46	67	1.0
47	47	589.0
47	48	21.0
48	48	677.0
48	49	5.0
48	50	1.0
48	53	1.0
48	66	3.0
49	49	604.0
49	50	8.0
49	51	11.0
49	52	7.0
49	53	16.0
49	54	4.0
49	55	1.0
49	57	1.0
49	59	1.0
49	61	3.0
49	62	3.0
49	63	4.0
49	64	4.0
49	65	6.0
49	66	6.0
49	67	23.0
49	68	3.0
49	69	1.0
49	72	2.0
49	73	1.0
49	76	3.0
50	50	512.0
50	51	3.0
50	52	4.0
50	53	3.0
50	54	12.0
50	55	1.0
50	58	1.0
50	61	2.0
50	63	3.0
50	64	7.0
50	65	1.0
50	66	7.0
50	67	1.0
50	76	2.0
51	51	522.0
51	52	14.0
51	53	4.0
51	54	6.0
51	55	2.0
51	56	1.0
51	57	3.0
51	59	3.0
51	61	1.0
51	62	4.0
51	63	4.0
51	64	6.0
51	65	2.0
51	66	4.0
51	67	7.0
51	68	2.0
51	69	4.0
51	72	5.0
51	73	1.0
51	78	1.0
52	52	550.0
52	53	14.0
52	54	1.0
52	55	1.0
52	59	9.0
52	60	1.0
52	61	7.0
52	62	2.0
52	63	9.0
52	64	6.0
52	65	2.0
52	66	5.0
52	67	1.0
52	69	3.0
52	70	2.0
52	74	2.0
53	53	558.0
53	54	10.0
53	59	2.0
53	60	8.0
53	61	12.0
53	62	3.0
53	63	10.0
53	64	6.0
53	65	3.0
53	66	11.0
53	67	4.0
53	68	6.0
53	72	12.0
53	80	1.0
54	54	555.0
54	55	3.0
54	56	1.0
54	57	1.0
54	58	1.0
54	59	5.0
54	60	3.0
54	61	6.0
54	63	6.0
54	65	3.0
54	67	3.0
54	68	3.0
54	69	2.0
54	70	5.0
54	71	2.0
54	72	1.0
54	74	4.0
54	75	5.0
54	76	1.0
54	77	1.0
54	78	3.0
55	55	574.0
55	56	11.0
55	57	2.0
55	63	5.0
56	56	550.0
56	57	3.0
56	64	2.0
56	65	1.0
56	68	4.0
56	75	2.0
56	76	1.0
56	77	1.0
56	78	1.0
57	57	512.0
57	58	5.0
57	60	1.0
57	65	13.0
57	67	1.0
57	68	9.0
57	69	1.0
57	71	1.0
57	76	1.0
57	77	1.0
57	79	1.0
58	58	475.0
58	59	5.0
58	60	7.0
58	61	2.0
58	63	2.0
58	65	3.0
58	67	1.0
58	68	3.0
58	69	3.0
58	70	1.0
58	72	1.0
58	73	4.0
58	74	1.0
59	59	523.0
59	60	10.0
59	61	3.0
59	63	5.0
59	64	1.0
59	66	2.0
59	67	2.0
59	68	3.0
59	70	4.0
59	71	2.0
59	74	6.0
59	76	1.0
60	60	457.0
60	61	18.0
60	62	7.0
60	63	6.0
60	64	7.0
60	66	4.0
60	67	1.0
60	68	1.0
60	70	2.0
60	71	5.0
60	72	6.0
60	73	5.0
60	75	2.0
61	61	541.0
61	62	8.0
61	63	3.0
61	64	4.0
61	65	6.0
61	66	5.0
61	68	2.0
61	70	2.0
61	72	3.0
61	73	1.0
61	76	1.0
62	62	417.0
62	63	11.0
62	64	4.0
62	66	3.0
62	67	5.0
62	68	10.0
62	72	8.0
63	63	508.0
63	64	15.0
63	66	3.0
63	67	9.0
63	68	11.0
63	70	2.0
63	71	1.0
63	76	1.0
64	64	581.0
64	65	4.0
64	66	11.0
64	67	8.0
64	68	4.0
64	69	1.0
64	70	4.0
64	72	3.0
65	65	477.0
65	66	11.0
65	67	3.0
65	68	1.0
65	69	3.0
65	70	3.0
65	71	1.0
65	72	3.0
66	66	513.0
66	67	6.0
66	68	10.0
66	70	1.0
66	71	1.0
66	72	11.0
66	79	1.0
67	67	476.0
67	68	20.0
67	69	5.0
67	70	1.0
67	71	1.0
67	72	2.0
68	68	487.0
68	69	1.0
68	70	1.0
68	71	2.0
68	72	5.0
69	69	550.0
69	70	11.0
69	71	3.0
69	72	3.0
69	73	1.0
69	74	1.0
69	76	1.0
70	70	601.0
70	71	15.0
70	72	6.0
70	73	4.0
70	74	5.0
70	76	2.0
70	80	1.0
71	71	661.0
71	72	13.0
71	73	4.0
71	74	9.0
71	75	4.0
71	76	1.0
71	77	1.0
71	79	2.0
72	72	623.0
72	73	6.0
72	74	4.0
73	73	533.0
73	74	8.0
73	75	2.0
73	76	2.0
73	80	4.0
74	74	584.0
74	75	9.0
74	76	1.0
74	77	4.0
74	79	2.0
74	80	4.0
75	75	603.0
75	76	5.0
75	77	14.0
75	78	7.0
75	79	5.0
75	80	2.0
76	76	590.0
76	77	11.0
76	78	1.0
76	79	5.0
77	77	582.0
77	78	8.0
77	79	6.0
77	80	2.0
77	81	2.0
78	78	611.0
78	79	31.0
78	80	9.0
78	81	2.0
79	79	617.0
79	80	25.0
80	80	605.0
80	81	1.0
81	81	76.0
82	1	5.0
82	5	1.0
82	13	1.0
82	29	4.0
82	37	6.0
82	38	5.0
82	42	1.0
82	58	3.0
82	60	1.0
82	66	1.0
82	72	4.0
82	73	2.0
82	74	1.0
82	77	1.0
82	82	512.0
