1	1	576.0
1	2	16.0
1	9	1.0
1	11	1.0
1	13	3.0
1	14	2.0
1	15	1.0
1	16	2.0
1	17	1.0
1	22	1.0
1	29	1.0
1	34	1.0
1	35	6.0
1	36	12.0
1	37	12.0
1	38	3.0
1	39	8.0
1	44	7.0
1	78	1.0
1	80	1.0
1	82	1.0
1	156	2.0
1	165	1.0
1	245	1.0
2	2	618.0
2	3	33.0
2	4	3.0
2	8	1.0
2	9	7.0
2	10	4.0
2	11	10.0
2	12	13.0
2	14	5.0
2	15	3.0
2	17	1.0
2	18	1.0
2	19	1.0
2	20	1.0
2	30	3.0
2	31	2.0
2	33	4.0
2	34	6.0
2	35	2.0
2	36	3.0
2	37	19.0
2	38	4.0
2	39	4.0
2	43	3.0
2	61	1.0
2	88	1.0
2	161	1.0
3	3	632.0
3	5	1.0
3	6	1.0
3	10	17.0
3	11	8.0
3	14	6.0
3	15	2.0
3	16	2.0
3	17	4.0
3	18	5.0
3	30	1.0
3	34	11.0
3	35	4.0
3	36	1.0
3	37	9.0
3	38	3.0
3	39	5.0
3	42	1.0
3	43	2.0
3	44	8.0
3	45	1.0
3	51	1.0
3	52	2.0
3	54	1.0
3	59	4.0
3	67	3.0
3	77	1.0
3	84	1.0
3	114	1.0
3	117	1.0
3	147	2.0
3	217	1.0
4	4	660.0
4	5	26.0
4	6	16.0
4	7	6.0
4	9	1.0
4	11	9.0
4	14	4.0
4	15	8.0
4	28	2.0
4	35	2.0
4	36	2.0
4	37	1.0
4	38	3.0
4	61	1.0
4	81	11.0
4	82	5.0
4	104	3.0
4	107	2.0
4	118	3.0
4	119	1.0
4	120	1.0
4	159	1.0
4	165	1.0
4	185	2.0
4	212	1.0
4	227	1.0
5	5	671.0
5	6	16.0
5	7	4.0
5	10	1.0
5	11	1.0
5	12	3.0
5	14	8.0
5	15	1.0
5	17	1.0
5	26	1.0
5	36	2.0
5	38	3.0
5	41	1.0
5	55	1.0
5	81	13.0
5	82	6.0
5	96	1.0
5	104	1.0
5	106	3.0
5	107	1.0
5	114	1.0
5	117	1.0
5	118	6.0
5	142	1.0
5	207	1.0
5	222	2.0
5	226	1.0
5	247	1.0
6	6	673.0
6	7	11.0
6	10	1.0
6	11	6.0
6	14	3.0
6	15	9.0
6	17	3.0
6	18	2.0
6	28	1.0
6	31	1.0
6	36	8.0
6	38	1.0
6	52	1.0
6	53	2.0
6	55	2.0
6	59	1.0
6	60	1.0
6	62	1.0
6	82	1.0
6	158	1.0
6	196	2.0
6	236	1.0
7	7	622.0
7	8	2.0
7	10	5.0
7	15	10.0
7	22	1.0
7	27	1.0
7	35	2.0
7	38	3.0
7	53	11.0
7	54	6.0
7	56	2.0
7	57	3.0
7	58	1.0
7	69	1.0
7	79	1.0
7	92	1.0
7	105	1.0
7	109	4.0
7	118	1.0
7	162	1.0
7	173	1.0
7	193	1.0
7	198	1.0
7	226	1.0
8	8	595.0
8	9	15.0
8	10	4.0
8	14	1.0
8	15	1.0
8	18	1.0
8	21	1.0
8	23	1.0
8	40	9.0
8	41	2.0
8	42	5.0
8	68	2.0
8	75	1.0
8	100	1.0
8	109	11.0
8	110	19.0
8	112	1.0
8	120	1.0
8	162	3.0
8	169	1.0
8	201	1.0
8	205	1.0
8	207	1.0
8	216	1.0
8	246	2.0
9	9	601.0
9	10	3.0
9	11	1.0
9	24	1.0
9	37	5.0
9	40	1.0
9	41	4.0
9	42	8.0
9	48	1.0
9	151	1.0
9	176	1.0
9	182	1.0
9	188	1.0
9	215	1.0
9	241	1.0
9	244	1.0
10	10	614.0
10	11	7.0
10	36	1.0
10	37	2.0
10	41	2.0
10	42	15.0
10	55	1.0
10	91	1.0
10	94	1.0
10	166	1.0
10	189	1.0
10	205	2.0
11	11	621.0
11	12	8.0
11	14	4.0
11	15	7.0
11	17	3.0
11	21	1.0
11	23	1.0
11	30	2.0
11	31	2.0
11	33	4.0
11	34	1.0
11	35	6.0
11	36	9.0
11	37	8.0
11	38	14.0
11	39	7.0
11	41	2.0
11	43	6.0
11	57	1.0
11	74	1.0
11	84	1.0
11	107	1.0
11	108	1.0
11	116	3.0
11	117	2.0
11	118	1.0
11	172	2.0
11	178	1.0
11	198	2.0
11	223	1.0
11	237	1.0
12	12	567.0
12	13	1.0
12	14	4.0
12	15	3.0
12	16	1.0
12	17	2.0
12	18	1.0
12	19	2.0
12	20	19.0
12	21	4.0
12	30	6.0
12	31	18.0
12	33	8.0
12	34	9.0
12	35	6.0
12	37	1.0
12	38	7.0
12	39	3.0
12	68	2.0
12	69	1.0
12	70	2.0
12	72	2.0
12	79	1.0
12	84	15.0
12	85	4.0
12	87	1.0
12	100	1.0
12	105	1.0
12	106	1.0
12	110	1.0
12	114	2.0
12	115	4.0
12	116	17.0
12	117	4.0
12	120	1.0
12	121	2.0
12	171	1.0
12	177	1.0
12	223	1.0
13	13	164.0
13	14	6.0
13	33	6.0
13	34	1.0
13	37	4.0
13	38	4.0
13	39	3.0
13	82	4.0
13	98	1.0
13	104	1.0
13	107	3.0
13	108	5.0
13	110	4.0
13	117	1.0
14	14	608.0
14	15	11.0
14	16	3.0
14	17	3.0
14	18	4.0
14	19	1.0
14	21	4.0
14	22	6.0
14	27	2.0
14	30	10.0
14	31	3.0
14	33	2.0
14	34	11.0
14	35	9.0
14	36	3.0
14	37	9.0
14	38	16.0
14	39	5.0
14	44	4.0
14	45	5.0
14	53	1.0
14	76	1.0
14	81	2.0
14	82	6.0
14	83	12.0
14	92	1.0
14	98	1.0
14	104	3.0
14	105	1.0
14	106	3.0
14	107	1.0
14	108	11.0
14	110	1.0
14	111	1.0
14	117	3.0
14	118	10.0
14	162	1.0
14	163	1.0
14	180	1.0
14	186	1.0
14	207	1.0
14	229	1.0
14	243	1.0
15	15	659.0
15	16	12.0
15	17	1.0
15	18	16.0
15	22	12.0
15	23	3.0
15	26	4.0
15	30	12.0
15	31	5.0
15	32	3.0
15	33	5.0
15	34	13.0
15	35	16.0
15	36	17.0
15	37	3.0
15	38	1.0
15	43	2.0
15	44	6.0
15	45	2.0
15	59	1.0
15	81	3.0
15	82	4.0
15	85	2.0
15	90	1.0
15	93	1.0
15	104	3.0
15	107	4.0
15	108	4.0
15	114	1.0
15	115	1.0
15	117	1.0
15	118	7.0
15	153	1.0
15	161	1.0
15	178	2.0
15	234	1.0
15	239	1.0
16	16	578.0
16	17	29.0
16	18	13.0
16	19	5.0
16	20	6.0
16	21	3.0
16	22	2.0
16	23	3.0
16	25	2.0
16	26	8.0
16	27	6.0
16	29	6.0
16	30	8.0
16	31	13.0
16	32	7.0
16	33	10.0
16	34	2.0
16	35	5.0
16	36	2.0
16	39	4.0
16	40	3.0
16	41	4.0
16	43	15.0
16	44	12.0
16	45	6.0
16	84	1.0
16	87	2.0
16	95	1.0
16	103	1.0
16	118	1.0
16	144	1.0
16	145	1.0
16	146	1.0
16	148	1.0
16	149	3.0
16	171	1.0
16	181	1.0
16	186	1.0
16	197	1.0
16	201	1.0
16	227	1.0
16	230	1.0
16	234	2.0
17	17	610.0
17	18	21.0
17	19	17.0
17	20	5.0
17	22	6.0
17	23	4.0
17	25	3.0
17	26	2.0
17	27	11.0
17	28	1.0
17	29	3.0
17	30	9.0
17	31	13.0
17	32	1.0
17	34	3.0
17	37	3.0
17	40	1.0
17	43	2.0
17	44	14.0
17	45	1.0
17	54	1.0
17	59	1.0
17	65	1.0
17	67	1.0
17	144	1.0
17	149	4.0
17	194	1.0
17	198	1.0
17	234	4.0
18	18	581.0
18	19	23.0
18	20	8.0
18	21	4.0
18	22	12.0
18	23	3.0
18	25	2.0
18	26	13.0
18	27	8.0
18	28	1.0
18	29	5.0
18	30	15.0
18	31	11.0
18	32	11.0
18	33	13.0
18	34	3.0
18	35	1.0
18	37	4.0
18	39	6.0
18	43	12.0
18	44	12.0
18	45	7.0
18	46	1.0
18	51	1.0
18	55	1.0
18	68	1.0
18	87	1.0
18	100	1.0
18	106	1.0
18	107	1.0
18	116	1.0
18	160	2.0
18	162	1.0
18	185	1.0
18	203	2.0
18	209	1.0
18	217	1.0
19	19	447.0
19	20	29.0
19	21	7.0
19	22	4.0
19	23	4.0
19	24	4.0
19	25	3.0
19	26	2.0
19	27	1.0
19	29	4.0
19	30	2.0
19	31	24.0
19	33	2.0
19	35	1.0
19	43	3.0
19	44	3.0
19	46	1.0
19	47	1.0
19	54	6.0
19	55	1.0
19	64	1.0
19	67	1.0
19	78	1.0
19	145	1.0
19	161	1.0
19	208	1.0
19	233	1.0
20	20	489.0
20	21	13.0
20	22	10.0
20	23	12.0
20	24	5.0
20	25	4.0
20	26	2.0
20	29	3.0
20	30	5.0
20	31	9.0
20	32	2.0
20	33	12.0
20	37	1.0
20	43	5.0
20	44	1.0
20	67	1.0
20	68	2.0
20	84	3.0
20	87	2.0
20	90	1.0
20	100	1.0
20	116	1.0
20	117	1.0
20	150	1.0
20	160	2.0
20	177	1.0
20	178	1.0
20	193	1.0
20	194	1.0
21	21	369.0
21	22	21.0
21	23	22.0
21	24	2.0
21	25	6.0
21	26	4.0
21	27	2.0
21	28	4.0
21	29	7.0
21	30	17.0
21	32	8.0
21	33	14.0
21	34	1.0
21	36	2.0
21	37	6.0
21	39	2.0
21	43	5.0
21	44	8.0
21	77	1.0
21	78	1.0
21	84	1.0
21	86	2.0
21	87	1.0
21	94	1.0
21	101	3.0
21	109	1.0
21	121	1.0
21	144	1.0
21	196	1.0
21	201	1.0
21	218	1.0
21	244	1.0
21	246	1.0
22	22	613.0
22	23	13.0
22	24	2.0
22	25	3.0
22	26	5.0
22	27	2.0
22	28	4.0
22	29	3.0
22	30	22.0
22	31	3.0
22	32	17.0
22	33	1.0
22	34	2.0
22	37	1.0
22	39	1.0
22	43	6.0
22	44	12.0
22	45	1.0
22	78	1.0
22	81	1.0
22	86	1.0
22	88	1.0
22	94	1.0
22	119	1.0
22	144	1.0
22	145	3.0
22	147	1.0
22	158	1.0
22	189	1.0
22	212	1.0
22	215	2.0
23	23	533.0
23	24	15.0
23	25	20.0
23	26	15.0
23	27	7.0
23	28	2.0
23	29	11.0
23	30	18.0
23	31	3.0
23	32	8.0
23	33	2.0
23	43	1.0
23	44	1.0
23	47	1.0
23	65	1.0
23	67	2.0
23	68	1.0
23	84	1.0
23	87	1.0
23	90	1.0
23	91	2.0
23	92	2.0
23	93	1.0
23	96	1.0
23	97	1.0
23	100	2.0
23	101	3.0
23	186	1.0
23	229	1.0
24	24	334.0
24	25	17.0
24	26	8.0
24	27	6.0
24	28	1.0
24	29	3.0
24	30	1.0
24	31	5.0
24	32	4.0
24	39	1.0
24	65	1.0
24	67	1.0
24	68	2.0
24	74	1.0
24	84	1.0
24	86	1.0
24	87	1.0
24	89	1.0
24	90	1.0
24	101	1.0
24	105	1.0
24	114	1.0
24	121	1.0
24	144	1.0
24	187	1.0
24	189	1.0
24	193	1.0
24	214	2.0
24	216	2.0
24	231	1.0
25	25	373.0
25	26	34.0
25	27	7.0
25	29	3.0
25	30	7.0
25	31	13.0
25	44	1.0
25	63	2.0
25	66	2.0
25	80	2.0
25	90	2.0
25	97	2.0
25	100	2.0
25	101	2.0
25	117	3.0
25	119	2.0
25	145	2.0
25	189	1.0
25	204	1.0
25	210	1.0
26	26	406.0
26	27	25.0
26	30	11.0
26	31	6.0
26	45	1.0
26	47	1.0
26	64	1.0
26	66	1.0
26	73	1.0
26	74	1.0
26	84	1.0
26	90	1.0
26	91	1.0
26	92	1.0
26	99	1.0
26	100	1.0
26	101	2.0
26	144	2.0
26	145	2.0
26	151	1.0
26	153	1.0
26	179	1.0
26	212	1.0
27	27	585.0
27	28	19.0
27	29	17.0
27	30	18.0
27	31	1.0
27	32	11.0
27	38	1.0
27	44	6.0
27	45	3.0
27	52	1.0
27	62	1.0
27	66	3.0
27	78	1.0
27	85	2.0
27	90	2.0
27	92	2.0
27	99	3.0
27	101	1.0
27	176	1.0
27	218	1.0
27	229	1.0
28	28	564.0
28	29	39.0
28	30	2.0
28	32	8.0
28	43	1.0
28	58	2.0
28	88	1.0
28	98	1.0
28	101	4.0
28	102	1.0
28	116	2.0
28	152	2.0
28	160	1.0
28	169	1.0
28	198	1.0
28	210	3.0
28	230	1.0
28	235	2.0
28	246	1.0
29	29	517.0
29	30	26.0
29	31	2.0
29	32	4.0
29	39	2.0
29	43	3.0
29	44	1.0
29	51	1.0
29	92	7.0
29	94	5.0
29	101	3.0
29	119	1.0
29	158	1.0
29	173	1.0
29	207	1.0
29	209	1.0
29	224	1.0
29	226	1.0
30	30	650.0
30	31	16.0
30	32	3.0
30	33	7.0
30	34	10.0
30	35	1.0
30	37	10.0
30	44	3.0
30	59	1.0
30	64	1.0
30	89	1.0
30	91	2.0
30	103	1.0
30	107	1.0
30	157	1.0
30	188	1.0
30	194	1.0
30	204	1.0
30	227	1.0
30	236	1.0
30	243	1.0
31	31	582.0
31	32	4.0
31	34	15.0
31	35	12.0
31	36	1.0
31	37	2.0
31	39	1.0
31	42	1.0
31	43	1.0
31	44	2.0
31	45	1.0
31	49	1.0
31	53	1.0
31	65	1.0
31	66	1.0
31	68	6.0
31	69	7.0
31	71	1.0
31	72	1.0
31	84	13.0
31	85	1.0
31	87	1.0
31	104	1.0
31	115	2.0
31	116	8.0
31	120	4.0
31	121	1.0
31	159	1.0
31	182	1.0
31	196	1.0
31	205	1.0
31	212	1.0
31	236	1.0
31	240	1.0
32	32	486.0
32	33	47.0
32	34	12.0
32	35	4.0
32	36	9.0
32	37	2.0
32	42	1.0
32	43	10.0
32	44	6.0
32	64	2.0
32	68	1.0
32	83	1.0
32	84	5.0
32	85	5.0
32	87	5.0
32	185	2.0
32	248	1.0
33	33	566.0
33	34	3.0
33	36	9.0
33	37	6.0
33	38	2.0
33	43	3.0
33	44	8.0
33	63	1.0
33	76	2.0
33	78	1.0
33	84	2.0
33	87	3.0
33	94	1.0
33	99	1.0
33	100	1.0
33	115	6.0
33	121	1.0
33	179	1.0
33	232	1.0
34	34	630.0
34	35	22.0
34	36	8.0
34	37	11.0
34	38	2.0
34	39	11.0
34	43	3.0
34	44	4.0
34	45	1.0
34	52	1.0
34	54	1.0
34	64	1.0
34	68	1.0
34	69	9.0
34	72	3.0
34	79	6.0
34	80	6.0
34	84	5.0
34	85	5.0
34	87	6.0
34	88	3.0
34	95	1.0
34	102	1.0
34	103	2.0
34	104	1.0
34	105	2.0
34	108	1.0
34	115	5.0
34	116	8.0
34	119	2.0
34	120	7.0
34	121	19.0
34	168	1.0
34	189	1.0
34	195	1.0
34	245	1.0
35	35	554.0
35	36	16.0
35	37	9.0
35	38	2.0
35	39	11.0
35	40	9.0
35	41	1.0
35	43	12.0
35	44	15.0
35	45	2.0
35	69	1.0
35	80	1.0
35	84	1.0
35	103	4.0
35	104	3.0
35	105	2.0
35	107	4.0
35	108	5.0
35	113	1.0
35	116	10.0
35	118	3.0
35	119	2.0
35	120	3.0
35	121	5.0
35	181	1.0
35	188	1.0
35	192	1.0
35	211	1.0
35	212	1.0
35	240	1.0
36	36	596.0
36	37	23.0
36	38	4.0
36	39	11.0
36	41	11.0
36	43	5.0
36	44	5.0
36	72	1.0
36	82	4.0
36	103	1.0
36	104	7.0
36	117	1.0
36	118	2.0
36	120	4.0
36	121	1.0
36	153	1.0
36	161	1.0
36	169	1.0
36	182	1.0
36	196	1.0
37	37	656.0
37	38	4.0
37	39	1.0
37	41	16.0
37	42	2.0
37	43	7.0
37	52	1.0
37	80	1.0
37	109	1.0
37	190	1.0
37	199	1.0
37	222	1.0
38	38	644.0
38	39	8.0
38	41	2.0
38	44	2.0
38	53	1.0
38	57	1.0
38	67	1.0
38	71	1.0
38	77	2.0
38	79	3.0
38	80	5.0
38	82	2.0
38	84	1.0
38	105	6.0
38	108	5.0
38	110	5.0
38	114	1.0
38	115	1.0
38	116	3.0
38	117	22.0
38	118	4.0
38	183	1.0
38	227	1.0
38	245	1.0
39	39	552.0
39	40	7.0
39	43	9.0
39	44	5.0
39	61	1.0
39	62	11.0
39	68	5.0
39	69	5.0
39	80	6.0
39	81	2.0
39	111	2.0
39	112	2.0
39	113	4.0
39	114	5.0
39	115	2.0
39	116	1.0
39	117	18.0
40	40	574.0
40	41	9.0
40	42	3.0
40	43	3.0
40	44	5.0
40	64	1.0
40	68	3.0
40	75	1.0
40	110	3.0
40	117	1.0
40	151	1.0
40	152	1.0
40	160	1.0
40	194	1.0
40	206	1.0
40	242	1.0
40	243	1.0
41	41	555.0
41	42	37.0
41	43	4.0
41	50	1.0
41	78	1.0
41	85	1.0
41	110	1.0
41	153	1.0
41	156	1.0
41	159	1.0
41	172	1.0
41	180	1.0
41	198	1.0
41	207	7.0
41	226	1.0
41	227	1.0
41	235	1.0
42	42	572.0
42	43	1.0
42	50	1.0
42	58	1.0
42	81	1.0
42	82	1.0
42	91	1.0
42	150	1.0
42	162	1.0
42	206	2.0
42	207	6.0
42	208	1.0
42	229	1.0
43	43	618.0
43	44	23.0
43	68	1.0
43	90	1.0
43	95	1.0
43	98	1.0
43	116	1.0
43	117	2.0
43	147	1.0
43	167	1.0
43	201	1.0
43	203	9.0
43	205	1.0
43	207	3.0
43	214	1.0
43	244	1.0
43	245	1.0
44	44	617.0
44	45	7.0
44	52	1.0
44	69	1.0
44	85	1.0
44	95	1.0
44	101	1.0
44	151	1.0
44	203	1.0
44	204	4.0
44	225	1.0
44	247	1.0
45	45	300.0
45	46	1.0
45	50	1.0
45	51	12.0
45	52	15.0
45	66	1.0
45	67	2.0
45	98	1.0
45	118	1.0
45	172	1.0
45	204	20.0
45	233	1.0
46	46	271.0
46	47	17.0
46	59	13.0
46	60	6.0
46	61	2.0
46	62	5.0
46	63	9.0
46	64	6.0
46	66	1.0
46	67	15.0
46	68	1.0
46	70	2.0
46	71	9.0
46	80	2.0
46	100	1.0
46	117	11.0
46	119	1.0
46	203	1.0
46	219	1.0
46	223	1.0
46	246	1.0
47	47	284.0
47	48	9.0
47	49	2.0
47	63	3.0
47	64	8.0
47	71	4.0
47	72	3.0
47	73	1.0
47	76	5.0
47	78	4.0
47	83	1.0
47	85	1.0
47	86	3.0
47	87	1.0
47	97	4.0
47	98	1.0
47	100	5.0
47	116	4.0
47	118	9.0
47	119	1.0
47	160	1.0
48	48	309.0
48	49	12.0
48	50	2.0
48	60	1.0
48	64	5.0
48	72	10.0
48	73	3.0
48	74	4.0
48	86	5.0
48	90	1.0
48	98	1.0
48	99	3.0
48	100	6.0
48	116	10.0
48	117	1.0
48	118	21.0
48	119	1.0
48	150	1.0
48	168	1.0
48	182	1.0
48	183	2.0
48	201	1.0
49	49	319.0
49	50	12.0
49	64	3.0
49	72	2.0
49	73	3.0
49	74	5.0
49	76	1.0
49	78	1.0
49	83	1.0
49	85	3.0
49	86	15.0
49	97	2.0
49	98	8.0
49	99	8.0
49	100	2.0
49	102	1.0
49	118	15.0
49	192	1.0
49	232	1.0
50	50	254.0
50	56	1.0
50	64	4.0
50	65	2.0
50	73	1.0
50	74	3.0
50	76	3.0
50	77	18.0
50	86	2.0
50	98	4.0
50	99	6.0
50	111	1.0
50	116	2.0
50	117	2.0
50	118	4.0
50	151	1.0
50	187	1.0
50	246	1.0
51	51	267.0
51	52	3.0
51	59	4.0
51	65	1.0
51	66	1.0
51	67	11.0
51	77	1.0
51	99	3.0
51	117	1.0
51	201	1.0
51	204	1.0
51	207	1.0
51	220	1.0
51	234	1.0
52	52	338.0
52	53	13.0
52	54	1.0
52	55	2.0
52	56	2.0
52	58	4.0
52	59	19.0
52	60	6.0
52	61	7.0
52	63	1.0
52	67	3.0
52	68	1.0
52	70	5.0
52	75	1.0
52	76	1.0
52	77	3.0
52	79	1.0
52	94	3.0
52	97	1.0
52	112	1.0
52	164	1.0
52	204	7.0
52	212	2.0
52	244	1.0
53	53	354.0
53	54	5.0
53	55	4.0
53	56	1.0
53	58	3.0
53	59	7.0
53	60	1.0
53	61	2.0
53	62	2.0
53	68	1.0
53	69	1.0
53	70	2.0
53	76	1.0
53	77	1.0
53	82	3.0
53	85	1.0
53	150	1.0
53	157	1.0
53	164	1.0
53	178	1.0
53	212	1.0
53	217	1.0
54	54	340.0
54	55	5.0
54	56	2.0
54	59	1.0
54	93	1.0
54	154	2.0
54	198	1.0
54	236	1.0
55	55	305.0
55	56	9.0
55	57	15.0
55	58	1.0
55	60	1.0
55	67	1.0
55	68	3.0
55	79	1.0
55	82	3.0
55	100	1.0
55	117	1.0
55	121	1.0
55	232	1.0
56	56	321.0
56	57	12.0
56	58	13.0
56	64	1.0
56	68	12.0
56	69	5.0
56	72	1.0
56	74	1.0
56	75	1.0
56	76	4.0
56	78	5.0
56	79	7.0
56	81	1.0
56	82	4.0
56	156	1.0
56	202	1.0
56	208	1.0
57	57	290.0
57	58	17.0
57	68	7.0
57	69	4.0
57	82	5.0
57	94	1.0
57	201	1.0
58	58	299.0
58	59	10.0
58	60	2.0
58	61	7.0
58	62	5.0
58	68	1.0
58	69	1.0
58	79	7.0
58	81	3.0
58	82	10.0
58	96	1.0
58	113	1.0
58	241	1.0
58	247	1.0
59	59	627.0
59	60	20.0
59	61	20.0
59	62	10.0
59	63	10.0
59	67	10.0
59	71	2.0
59	76	1.0
59	77	5.0
59	79	1.0
59	81	1.0
59	112	9.0
59	113	2.0
59	115	1.0
59	163	1.0
59	208	1.0
59	211	1.0
59	212	1.0
59	225	1.0
60	60	336.0
60	61	9.0
60	62	15.0
60	63	1.0
60	64	1.0
60	67	4.0
60	68	3.0
60	71	5.0
60	72	1.0
60	74	1.0
60	75	2.0
60	76	2.0
60	77	3.0
60	78	1.0
60	79	3.0
60	80	1.0
60	81	8.0
60	82	3.0
60	113	1.0
60	114	3.0
61	61	520.0
61	62	30.0
61	63	11.0
61	67	1.0
61	70	2.0
61	71	4.0
61	73	1.0
61	75	1.0
61	76	2.0
61	77	4.0
61	78	14.0
61	79	3.0
61	80	3.0
61	81	1.0
61	82	3.0
61	88	1.0
61	94	2.0
61	95	1.0
61	112	5.0
61	113	10.0
61	114	10.0
61	115	3.0
61	121	1.0
61	155	1.0
61	167	1.0
61	199	1.0
61	207	1.0
61	237	1.0
61	243	1.0
62	62	489.0
62	63	16.0
62	65	1.0
62	69	4.0
62	70	8.0
62	71	3.0
62	75	1.0
62	76	2.0
62	77	10.0
62	78	16.0
62	79	8.0
62	80	8.0
62	81	4.0
62	82	8.0
62	87	4.0
62	88	7.0
62	92	1.0
62	94	2.0
62	95	6.0
62	96	9.0
62	98	7.0
62	100	1.0
62	112	6.0
62	113	6.0
62	114	3.0
62	157	1.0
62	194	1.0
63	63	429.0
63	64	2.0
63	69	1.0
63	70	2.0
63	71	7.0
63	75	2.0
63	76	3.0
63	77	4.0
63	78	9.0
63	79	2.0
63	80	3.0
63	83	4.0
63	85	1.0
63	86	1.0
63	87	1.0
63	88	2.0
63	92	1.0
63	93	1.0
63	94	15.0
63	95	6.0
63	100	2.0
63	101	4.0
63	112	2.0
63	113	1.0
63	114	4.0
63	117	1.0
63	170	1.0
63	189	1.0
63	232	1.0
64	64	281.0
64	65	7.0
64	67	1.0
64	69	1.0
64	71	4.0
64	76	5.0
64	77	4.0
64	79	4.0
64	84	1.0
64	86	3.0
64	87	2.0
64	97	1.0
64	98	2.0
64	100	10.0
64	101	1.0
64	110	1.0
64	114	1.0
64	116	15.0
64	117	5.0
64	118	6.0
64	186	1.0
64	205	1.0
65	65	304.0
65	66	27.0
65	67	6.0
65	76	4.0
65	77	2.0
65	110	1.0
65	116	2.0
65	117	9.0
65	118	2.0
65	120	1.0
65	145	1.0
65	171	1.0
65	200	1.0
65	203	1.0
65	219	1.0
66	66	274.0
66	67	1.0
66	76	2.0
66	97	1.0
66	117	13.0
66	145	1.0
66	203	1.0
66	205	1.0
67	67	317.0
67	68	4.0
67	71	2.0
67	77	5.0
67	84	3.0
67	99	1.0
67	117	12.0
67	161	1.0
67	178	1.0
67	181	1.0
67	189	1.0
67	199	1.0
67	214	1.0
67	246	1.0
68	68	555.0
68	69	34.0
68	70	8.0
68	71	3.0
68	72	8.0
68	73	4.0
68	79	8.0
68	80	2.0
68	81	6.0
68	82	10.0
68	84	3.0
68	85	7.0
68	87	4.0
68	99	2.0
68	105	4.0
68	111	3.0
68	112	2.0
68	114	1.0
68	115	5.0
68	116	6.0
68	170	1.0
68	235	1.0
69	69	474.0
69	70	7.0
69	71	3.0
69	72	4.0
69	78	1.0
69	79	8.0
69	80	2.0
69	81	6.0
69	82	5.0
69	84	5.0
69	85	1.0
69	86	1.0
69	92	1.0
69	104	2.0
69	105	1.0
69	106	1.0
69	107	1.0
69	111	5.0
69	114	1.0
69	115	4.0
69	116	12.0
69	145	1.0
69	165	1.0
69	210	1.0
69	247	1.0
70	70	298.0
70	71	1.0
70	73	1.0
70	74	2.0
70	78	6.0
70	79	11.0
70	80	15.0
70	82	4.0
70	83	1.0
70	84	5.0
70	87	1.0
70	88	4.0
70	94	3.0
70	95	1.0
70	96	1.0
70	105	1.0
70	114	4.0
70	115	12.0
70	116	4.0
70	118	1.0
70	207	1.0
70	219	1.0
71	71	309.0
71	72	5.0
71	73	1.0
71	77	5.0
71	78	13.0
71	79	6.0
71	80	10.0
71	81	1.0
71	84	2.0
71	87	1.0
71	94	2.0
71	96	4.0
71	97	1.0
71	104	1.0
71	105	1.0
71	109	1.0
71	117	4.0
71	161	1.0
71	177	1.0
71	179	1.0
72	72	339.0
72	73	14.0
72	74	16.0
72	75	7.0
72	79	2.0
72	80	3.0
72	81	5.0
72	82	1.0
72	84	8.0
72	86	2.0
72	89	1.0
72	91	1.0
72	96	1.0
72	98	5.0
72	99	1.0
72	104	1.0
72	105	4.0
72	106	2.0
72	114	5.0
72	115	1.0
72	116	4.0
72	117	1.0
72	185	1.0
72	192	2.0
73	73	333.0
73	74	12.0
73	75	2.0
73	76	1.0
73	78	1.0
73	79	9.0
73	80	1.0
73	81	1.0
73	82	2.0
73	86	1.0
73	98	1.0
73	99	4.0
73	104	5.0
73	105	4.0
73	106	3.0
73	107	1.0
73	114	3.0
73	115	10.0
73	116	2.0
73	117	2.0
73	162	1.0
73	197	1.0
73	248	1.0
74	74	276.0
74	75	13.0
74	76	2.0
74	77	1.0
74	78	8.0
74	79	4.0
74	84	1.0
74	86	1.0
74	98	2.0
74	99	5.0
74	112	1.0
74	115	1.0
74	183	2.0
74	184	2.0
74	185	1.0
74	186	1.0
74	190	1.0
74	194	1.0
75	75	340.0
75	76	15.0
75	77	2.0
75	78	4.0
75	79	10.0
75	110	1.0
75	112	1.0
75	114	2.0
75	115	3.0
75	151	1.0
75	182	1.0
75	183	7.0
75	184	6.0
75	185	1.0
75	186	3.0
75	192	1.0
75	205	2.0
75	224	1.0
76	76	375.0
76	77	2.0
76	78	3.0
76	79	4.0
76	112	1.0
76	114	2.0
76	116	3.0
76	117	2.0
76	118	3.0
76	185	2.0
76	186	1.0
76	201	1.0
76	202	3.0
76	204	2.0
76	210	1.0
76	223	1.0
77	77	417.0
77	78	6.0
77	92	1.0
77	99	12.0
77	112	6.0
77	113	10.0
77	114	9.0
77	117	10.0
77	118	2.0
77	120	1.0
77	195	1.0
77	230	1.0
78	78	403.0
78	79	6.0
78	80	1.0
78	82	2.0
78	83	1.0
78	85	1.0
78	86	1.0
78	87	6.0
78	88	2.0
78	89	1.0
78	90	2.0
78	91	1.0
78	95	1.0
78	96	1.0
78	100	6.0
78	101	4.0
78	102	3.0
78	112	2.0
78	113	2.0
78	114	10.0
78	115	4.0
78	120	5.0
78	212	1.0
78	218	1.0
78	229	1.0
79	79	466.0
79	80	22.0
79	81	5.0
79	82	7.0
79	83	1.0
79	84	5.0
79	88	3.0
79	90	1.0
79	94	2.0
79	98	1.0
79	99	1.0
79	102	5.0
79	104	3.0
79	105	6.0
79	108	1.0
79	111	1.0
79	112	1.0
79	115	5.0
79	116	2.0
79	117	5.0
79	120	1.0
79	121	2.0
79	152	1.0
79	215	1.0
80	80	477.0
80	81	2.0
80	82	1.0
80	83	4.0
80	84	1.0
80	87	1.0
80	88	16.0
80	94	10.0
80	95	12.0
80	96	1.0
80	102	1.0
80	103	1.0
80	104	5.0
80	105	5.0
80	107	8.0
80	108	1.0
80	110	1.0
80	111	4.0
80	116	1.0
80	117	4.0
80	118	2.0
80	119	14.0
80	120	1.0
80	121	2.0
80	146	1.0
80	166	1.0
80	190	1.0
81	81	513.0
81	82	15.0
81	83	1.0
81	89	1.0
81	99	3.0
81	102	2.0
81	103	1.0
81	104	9.0
81	105	1.0
81	106	9.0
81	107	1.0
81	110	3.0
81	111	2.0
81	117	4.0
81	118	2.0
81	119	1.0
81	244	1.0
82	82	526.0
82	83	3.0
82	84	2.0
82	88	2.0
82	90	2.0
82	104	5.0
82	105	3.0
82	106	2.0
82	108	6.0
82	110	3.0
82	111	6.0
82	117	6.0
82	118	20.0
82	119	2.0
82	199	1.0
82	200	1.0
82	241	1.0
83	83	424.0
83	84	8.0
83	85	5.0
83	86	9.0
83	88	1.0
83	90	1.0
83	94	1.0
83	96	11.0
83	97	7.0
83	98	2.0
83	99	1.0
83	100	5.0
83	101	1.0
83	102	8.0
83	104	5.0
83	105	7.0
83	106	7.0
83	108	4.0
83	109	1.0
83	110	5.0
83	111	1.0
83	116	1.0
83	117	1.0
83	120	3.0
83	187	1.0
83	195	1.0
84	84	552.0
84	85	35.0
84	86	2.0
84	87	5.0
84	90	1.0
84	97	14.0
84	98	1.0
84	102	5.0
84	104	5.0
84	105	3.0
84	106	3.0
84	107	1.0
84	108	6.0
84	114	1.0
84	115	7.0
84	116	14.0
84	117	1.0
84	118	1.0
84	119	8.0
84	120	8.0
84	121	9.0
84	189	1.0
84	215	1.0
84	244	1.0
84	247	4.0
85	85	561.0
85	86	11.0
85	87	2.0
85	88	4.0
85	89	8.0
85	90	6.0
85	91	17.0
85	93	5.0
85	96	6.0
85	97	11.0
85	100	2.0
85	101	5.0
85	102	17.0
85	103	1.0
85	105	5.0
85	110	1.0
85	116	14.0
85	118	2.0
85	120	10.0
85	121	2.0
85	144	3.0
85	145	4.0
85	148	1.0
85	161	1.0
85	162	4.0
85	166	1.0
85	167	9.0
85	180	1.0
85	189	4.0
85	190	6.0
85	191	3.0
85	199	1.0
85	243	1.0
85	247	6.0
86	86	407.0
86	87	2.0
86	89	1.0
86	90	1.0
86	91	8.0
86	92	3.0
86	93	3.0
86	94	1.0
86	95	1.0
86	96	4.0
86	97	31.0
86	98	12.0
86	99	4.0
86	100	3.0
86	101	1.0
86	102	5.0
86	103	1.0
86	116	3.0
86	117	1.0
86	118	9.0
86	119	2.0
86	120	2.0
86	145	1.0
86	150	1.0
86	156	1.0
86	162	5.0
86	167	3.0
86	175	1.0
86	176	2.0
86	189	2.0
86	193	1.0
86	195	1.0
86	199	1.0
86	240	1.0
86	242	1.0
86	245	2.0
86	246	1.0
86	249	3.0
87	87	521.0
87	88	25.0
87	89	18.0
87	90	5.0
87	91	1.0
87	94	1.0
87	95	18.0
87	96	9.0
87	97	1.0
87	101	5.0
87	102	4.0
87	103	4.0
87	104	2.0
87	115	2.0
87	116	1.0
87	120	3.0
87	121	2.0
87	144	2.0
87	145	5.0
87	157	1.0
87	170	1.0
87	189	5.0
87	205	1.0
87	209	1.0
87	249	1.0
88	88	593.0
88	89	12.0
88	91	2.0
88	93	2.0
88	94	5.0
88	95	21.0
88	101	9.0
88	102	13.0
88	104	7.0
88	107	3.0
88	119	12.0
88	120	3.0
88	121	3.0
88	152	1.0
88	166	1.0
88	173	1.0
88	189	3.0
88	190	3.0
88	191	2.0
88	239	1.0
89	89	345.0
89	90	17.0
89	91	11.0
89	97	2.0
89	100	1.0
89	101	15.0
89	102	7.0
89	104	3.0
89	107	2.0
89	108	2.0
89	119	3.0
89	120	14.0
89	121	1.0
89	166	7.0
90	90	405.0
90	91	21.0
90	92	2.0
90	93	3.0
90	94	2.0
90	95	1.0
90	96	2.0
90	97	9.0
90	98	2.0
90	99	5.0
90	100	1.0
90	101	7.0
90	102	5.0
90	103	1.0
90	104	8.0
90	105	4.0
90	107	1.0
90	108	3.0
90	115	6.0
90	116	7.0
90	120	1.0
90	167	1.0
90	168	1.0
90	179	2.0
90	180	4.0
90	194	1.0
90	246	1.0
90	247	1.0
91	91	492.0
91	92	3.0
91	93	11.0
91	97	6.0
91	98	1.0
91	101	11.0
91	102	2.0
91	103	5.0
91	104	9.0
91	107	4.0
91	108	4.0
91	114	2.0
91	115	14.0
91	160	1.0
91	162	5.0
91	167	3.0
91	176	6.0
91	190	15.0
91	191	4.0
91	193	3.0
91	195	1.0
91	234	1.0
91	245	9.0
91	247	1.0
91	248	1.0
92	92	505.0
92	93	17.0
92	94	14.0
92	96	1.0
92	97	7.0
92	98	14.0
92	99	2.0
92	101	15.0
92	102	1.0
92	103	7.0
92	112	1.0
92	121	5.0
92	144	1.0
92	145	1.0
92	146	1.0
92	149	1.0
92	161	1.0
92	171	1.0
92	175	1.0
92	177	1.0
92	179	2.0
92	180	3.0
92	234	2.0
92	235	1.0
93	93	512.0
93	94	38.0
93	95	1.0
93	97	2.0
93	98	2.0
93	101	10.0
93	102	1.0
93	103	2.0
93	121	1.0
93	144	1.0
93	150	1.0
93	159	1.0
93	160	1.0
93	162	4.0
93	166	1.0
93	167	21.0
93	175	1.0
93	176	5.0
93	179	3.0
93	193	2.0
93	194	2.0
93	234	2.0
93	235	1.0
93	247	2.0
94	94	581.0
94	95	6.0
94	96	3.0
94	97	3.0
94	98	5.0
94	101	13.0
94	102	6.0
94	103	1.0
94	104	1.0
94	110	1.0
94	167	3.0
94	180	6.0
94	181	1.0
94	195	1.0
94	209	1.0
94	222	1.0
94	226	1.0
94	241	1.0
94	246	1.0
95	95	339.0
95	96	13.0
95	101	2.0
95	116	2.0
95	175	4.0
95	177	1.0
95	243	1.0
96	96	383.0
96	97	4.0
96	98	5.0
96	99	6.0
96	100	2.0
96	101	3.0
96	102	7.0
96	103	1.0
96	116	10.0
96	151	1.0
96	152	1.0
96	175	3.0
96	176	7.0
96	177	5.0
96	179	6.0
96	180	1.0
96	193	1.0
96	194	6.0
96	195	4.0
96	196	2.0
96	198	1.0
96	210	1.0
96	229	1.0
96	241	1.0
96	243	1.0
96	244	6.0
96	247	1.0
97	97	448.0
97	98	19.0
97	99	6.0
97	101	6.0
97	102	8.0
97	103	1.0
97	113	1.0
97	116	3.0
97	119	6.0
97	120	20.0
97	162	2.0
97	166	1.0
97	179	3.0
97	180	1.0
97	190	1.0
97	192	1.0
97	193	1.0
97	194	1.0
97	195	5.0
97	243	2.0
97	249	1.0
98	98	412.0
98	99	10.0
98	100	3.0
98	101	5.0
98	102	4.0
98	103	7.0
98	110	1.0
98	116	4.0
98	117	2.0
98	118	1.0
98	119	5.0
98	121	1.0
98	144	1.0
98	145	1.0
98	168	1.0
98	180	1.0
98	183	3.0
98	208	1.0
98	214	1.0
98	228	1.0
98	247	2.0
99	99	291.0
99	116	1.0
99	169	1.0
99	175	1.0
99	179	4.0
99	180	5.0
99	194	2.0
99	207	1.0
100	100	398.0
100	101	16.0
100	102	1.0
100	116	10.0
100	117	9.0
100	120	6.0
100	121	1.0
100	149	2.0
100	151	1.0
100	167	2.0
100	168	3.0
100	169	5.0
100	174	1.0
100	176	2.0
100	177	3.0
100	178	2.0
100	179	5.0
100	180	9.0
100	194	4.0
100	195	4.0
100	219	1.0
100	234	2.0
100	235	2.0
100	240	2.0
100	243	2.0
100	244	5.0
100	246	1.0
101	101	475.0
101	102	11.0
101	103	9.0
101	104	4.0
101	105	1.0
101	107	1.0
101	108	2.0
101	115	1.0
101	120	7.0
101	121	2.0
101	167	5.0
101	169	1.0
101	179	1.0
101	180	9.0
101	222	1.0
101	234	1.0
102	102	535.0
102	103	16.0
102	104	1.0
102	105	1.0
102	107	4.0
102	116	3.0
102	119	4.0
102	120	2.0
102	121	5.0
102	177	1.0
102	189	6.0
102	190	4.0
102	191	1.0
102	237	1.0
102	239	1.0
102	241	1.0
102	247	8.0
103	103	397.0
103	104	9.0
103	105	4.0
103	107	15.0
103	115	2.0
103	118	1.0
103	119	2.0
103	120	1.0
103	121	1.0
103	144	2.0
103	162	1.0
103	195	1.0
103	245	1.0
103	246	1.0
103	247	12.0
104	104	425.0
104	105	12.0
104	106	12.0
104	107	12.0
104	108	7.0
104	115	6.0
104	118	8.0
104	119	9.0
104	120	1.0
104	155	1.0
104	166	1.0
104	204	1.0
104	207	1.0
104	216	2.0
104	224	1.0
104	245	3.0
104	247	5.0
105	105	533.0
105	106	11.0
105	107	8.0
105	108	8.0
105	110	5.0
105	111	4.0
105	114	1.0
105	116	6.0
105	117	4.0
105	118	5.0
105	119	2.0
105	121	3.0
105	156	1.0
105	158	1.0
105	169	1.0
105	245	2.0
105	246	4.0
105	247	7.0
106	106	518.0
106	107	18.0
106	108	1.0
106	117	1.0
106	118	1.0
106	119	5.0
106	121	4.0
106	147	1.0
106	245	2.0
106	246	1.0
107	107	526.0
107	108	13.0
107	114	2.0
107	115	5.0
107	116	1.0
107	117	2.0
107	118	12.0
107	119	5.0
107	121	2.0
107	163	1.0
107	185	1.0
107	222	1.0
107	245	10.0
107	246	1.0
108	108	459.0
108	109	4.0
108	110	2.0
108	113	13.0
108	114	7.0
108	115	11.0
108	116	10.0
108	117	5.0
108	118	15.0
108	119	1.0
108	120	1.0
108	166	1.0
108	190	1.0
108	201	1.0
108	211	1.0
108	212	1.0
109	109	593.0
109	110	33.0
109	111	4.0
109	112	3.0
109	113	6.0
109	114	6.0
109	115	1.0
109	116	1.0
109	196	1.0
109	199	1.0
109	202	1.0
109	213	1.0
109	238	1.0
110	110	634.0
110	111	16.0
110	112	3.0
110	113	7.0
110	114	4.0
110	115	2.0
110	117	1.0
110	171	1.0
110	202	1.0
110	215	1.0
110	224	1.0
110	236	1.0
111	111	611.0
111	112	15.0
111	113	1.0
111	115	1.0
111	117	2.0
111	144	1.0
111	155	1.0
111	164	1.0
111	200	1.0
111	241	1.0
111	245	3.0
112	112	444.0
112	113	12.0
112	114	3.0
112	151	1.0
112	160	1.0
112	211	1.0
112	243	1.0
113	113	522.0
113	114	11.0
113	115	1.0
113	150	1.0
113	209	1.0
113	238	1.0
114	114	509.0
114	115	38.0
114	145	1.0
114	229	1.0
114	246	6.0
114	247	4.0
115	115	581.0
115	116	7.0
115	117	8.0
115	211	1.0
115	234	1.0
115	242	1.0
115	246	1.0
115	247	10.0
116	116	558.0
116	117	23.0
116	118	1.0
116	119	1.0
116	120	2.0
116	121	2.0
116	153	1.0
116	186	1.0
116	225	1.0
116	232	1.0
116	247	2.0
117	117	568.0
117	118	3.0
117	121	1.0
117	178	1.0
117	231	1.0
117	247	1.0
118	118	547.0
118	119	8.0
118	121	1.0
118	142	2.0
118	157	1.0
118	177	1.0
118	178	1.0
118	183	3.0
118	190	1.0
118	198	1.0
118	208	1.0
118	215	1.0
118	224	2.0
118	225	1.0
118	247	2.0
118	248	3.0
118	249	1.0
119	119	548.0
119	120	8.0
119	121	5.0
119	166	2.0
119	183	6.0
119	188	1.0
119	212	1.0
119	224	2.0
119	225	1.0
119	247	3.0
119	248	3.0
119	249	5.0
120	120	347.0
120	121	10.0
120	144	6.0
120	145	18.0
120	148	1.0
120	149	1.0
120	151	1.0
120	160	1.0
120	163	1.0
120	166	1.0
120	171	1.0
120	183	1.0
120	188	1.0
120	189	1.0
120	204	1.0
120	205	1.0
120	234	1.0
120	247	2.0
120	248	2.0
121	121	2238.0
121	143	1.0
121	148	2.0
121	151	1.0
121	161	1.0
121	163	1.0
121	177	1.0
121	179	1.0
121	184	1.0
121	189	1.0
121	190	1.0
121	204	1.0
121	206	3.0
121	214	1.0
121	224	1.0
121	229	1.0
121	243	1.0
121	247	1.0
121	248	1.0
142	142	104.0
142	143	7.0
142	165	1.0
142	207	1.0
142	237	1.0
142	246	1.0
143	143	63.0
143	144	1.0
143	145	1.0
143	149	1.0
143	175	1.0
143	195	1.0
143	206	1.0
143	209	1.0
144	144	199.0
144	145	19.0
144	148	2.0
144	149	2.0
144	152	1.0
144	159	1.0
144	178	1.0
144	198	1.0
144	199	1.0
144	203	1.0
144	206	2.0
144	214	1.0
144	235	1.0
144	236	1.0
144	245	1.0
145	145	478.0
145	146	3.0
145	147	2.0
145	148	3.0
145	149	2.0
145	151	1.0
145	160	1.0
145	197	1.0
145	227	1.0
145	233	1.0
145	235	1.0
145	236	4.0
145	244	2.0
146	146	262.0
146	147	3.0
146	157	3.0
146	158	4.0
146	208	1.0
146	209	2.0
146	237	4.0
146	240	6.0
147	147	294.0
147	148	1.0
147	149	3.0
147	159	1.0
147	213	7.0
147	236	6.0
147	237	6.0
147	238	4.0
147	241	2.0
147	244	1.0
148	148	47.0
148	149	1.0
148	173	2.0
148	177	1.0
148	197	1.0
148	210	1.0
148	213	2.0
148	214	2.0
148	241	2.0
148	247	1.0
149	149	190.0
149	151	2.0
149	152	4.0
149	153	1.0
149	157	1.0
149	160	2.0
149	162	3.0
149	166	1.0
149	167	1.0
149	173	6.0
149	174	1.0
149	181	1.0
149	195	1.0
149	196	1.0
149	198	1.0
149	199	5.0
149	201	1.0
149	203	1.0
149	207	2.0
149	208	2.0
149	210	1.0
149	213	4.0
149	214	1.0
149	221	1.0
149	222	1.0
149	230	1.0
150	150	271.0
150	151	9.0
150	154	1.0
150	155	29.0
150	156	10.0
150	160	4.0
150	161	8.0
150	162	3.0
150	169	1.0
150	179	1.0
150	183	1.0
150	191	1.0
150	201	1.0
150	204	1.0
150	210	1.0
150	212	3.0
150	223	2.0
150	230	1.0
151	151	350.0
151	152	23.0
151	154	3.0
151	155	19.0
151	161	1.0
151	163	1.0
151	168	1.0
151	173	2.0
151	174	3.0
151	175	1.0
151	177	1.0
151	178	1.0
151	179	1.0
151	199	1.0
151	202	1.0
151	206	2.0
151	212	3.0
151	213	3.0
151	214	3.0
151	234	1.0
151	235	3.0
151	243	1.0
152	152	314.0
152	153	4.0
152	154	6.0
152	155	1.0
152	162	16.0
152	166	9.0
152	168	1.0
152	173	2.0
152	177	1.0
152	178	1.0
152	195	1.0
152	198	3.0
152	199	2.0
152	200	1.0
152	201	2.0
152	202	1.0
152	206	1.0
152	208	7.0
152	209	4.0
152	210	2.0
152	211	4.0
152	212	16.0
152	213	7.0
152	216	1.0
152	221	1.0
152	227	1.0
152	234	2.0
152	235	1.0
153	153	295.0
153	154	15.0
153	155	1.0
153	159	1.0
153	161	1.0
153	162	10.0
153	163	2.0
153	166	3.0
153	168	5.0
153	170	3.0
153	171	6.0
153	173	4.0
153	177	1.0
153	180	1.0
153	199	4.0
153	200	1.0
153	201	10.0
153	202	6.0
153	204	2.0
153	205	1.0
153	208	3.0
153	209	7.0
153	210	1.0
153	240	1.0
153	244	2.0
154	154	265.0
154	155	6.0
154	166	7.0
154	174	1.0
154	198	10.0
154	199	10.0
154	200	2.0
154	201	1.0
154	202	9.0
154	206	1.0
154	207	2.0
154	208	3.0
154	209	16.0
154	210	1.0
154	211	2.0
154	212	26.0
154	213	7.0
155	155	352.0
155	156	33.0
155	161	1.0
155	162	10.0
155	192	1.0
155	201	3.0
155	202	1.0
155	204	5.0
155	205	3.0
155	206	4.0
155	207	1.0
155	208	1.0
155	209	1.0
155	210	1.0
155	213	1.0
156	156	595.0
156	157	16.0
156	158	3.0
156	159	4.0
156	169	1.0
156	172	1.0
156	193	1.0
156	197	1.0
156	198	2.0
156	200	3.0
156	201	11.0
156	204	2.0
156	205	3.0
156	206	9.0
156	207	22.0
156	208	2.0
156	210	1.0
156	230	1.0
156	231	1.0
157	157	591.0
157	158	23.0
157	159	14.0
157	160	13.0
157	167	1.0
157	183	1.0
157	191	1.0
157	198	1.0
157	200	5.0
157	201	14.0
157	207	10.0
157	208	12.0
157	209	1.0
157	211	1.0
157	217	1.0
157	229	1.0
157	230	4.0
157	235	2.0
158	158	514.0
158	159	51.0
158	160	17.0
158	168	1.0
158	174	1.0
158	207	1.0
158	209	3.0
158	217	1.0
158	226	1.0
159	159	596.0
159	160	14.0
159	161	1.0
159	175	1.0
159	200	1.0
159	201	2.0
159	206	1.0
159	207	7.0
159	208	9.0
159	209	7.0
159	213	1.0
159	215	1.0
159	243	1.0
160	160	582.0
160	161	21.0
160	162	1.0
160	179	2.0
160	193	1.0
160	209	3.0
160	215	1.0
160	222	1.0
160	223	2.0
160	224	1.0
160	229	20.0
160	235	1.0
160	242	1.0
160	243	5.0
160	245	1.0
160	246	1.0
161	161	481.0
161	162	18.0
161	167	1.0
161	171	2.0
161	173	2.0
161	175	7.0
161	176	2.0
161	177	2.0
161	180	2.0
161	190	1.0
161	193	5.0
161	199	1.0
161	208	1.0
161	209	4.0
161	210	1.0
161	213	1.0
161	217	1.0
161	222	3.0
161	223	1.0
161	228	1.0
161	229	11.0
161	232	1.0
161	235	1.0
161	239	1.0
161	243	2.0
161	245	8.0
161	246	10.0
161	247	1.0
162	162	600.0
162	163	3.0
162	164	7.0
162	165	1.0
162	166	10.0
162	167	8.0
162	168	5.0
162	171	1.0
162	173	8.0
162	174	2.0
162	175	6.0
162	176	11.0
162	177	1.0
162	179	1.0
162	180	1.0
162	190	14.0
162	191	5.0
162	193	3.0
162	195	5.0
162	196	2.0
162	199	1.0
162	208	7.0
162	209	14.0
162	210	1.0
162	213	3.0
162	238	1.0
162	241	1.0
162	243	2.0
162	245	8.0
162	246	2.0
162	247	1.0
162	248	2.0
163	163	561.0
163	164	20.0
163	165	40.0
163	166	11.0
163	167	1.0
163	168	1.0
163	169	8.0
163	170	1.0
163	173	2.0
163	177	2.0
163	179	4.0
163	180	6.0
163	181	1.0
163	182	3.0
163	192	1.0
163	194	3.0
163	195	7.0
163	207	1.0
163	219	1.0
163	220	8.0
163	222	1.0
163	223	1.0
163	225	7.0
163	226	7.0
163	227	4.0
163	228	3.0
163	233	1.0
163	234	9.0
163	235	1.0
164	164	553.0
164	165	16.0
164	166	5.0
164	167	5.0
164	190	2.0
164	191	9.0
164	192	7.0
164	194	4.0
164	195	3.0
164	203	1.0
164	215	1.0
164	218	2.0
164	219	7.0
164	220	9.0
164	222	2.0
164	223	1.0
164	225	1.0
164	226	3.0
164	229	1.0
164	234	8.0
164	235	2.0
164	239	1.0
164	247	3.0
165	165	589.0
165	166	10.0
165	169	1.0
165	177	4.0
165	180	5.0
165	181	9.0
165	182	7.0
165	184	2.0
165	187	6.0
165	191	3.0
165	192	16.0
165	195	2.0
165	216	1.0
165	218	1.0
165	220	1.0
165	221	1.0
165	223	6.0
165	225	2.0
165	227	11.0
165	228	2.0
165	232	10.0
165	233	3.0
165	234	7.0
165	235	1.0
165	239	2.0
165	247	1.0
166	166	547.0
166	167	8.0
166	169	5.0
166	170	6.0
166	171	1.0
166	173	2.0
166	174	3.0
166	177	11.0
166	179	8.0
166	180	5.0
166	184	1.0
166	187	1.0
166	190	3.0
166	191	7.0
166	197	2.0
166	198	1.0
166	199	4.0
166	201	5.0
166	208	5.0
166	209	4.0
166	210	5.0
166	211	3.0
166	212	11.0
166	213	1.0
166	224	1.0
166	227	3.0
166	244	1.0
166	245	1.0
167	167	614.0
167	168	14.0
167	171	4.0
167	176	4.0
167	180	2.0
167	190	4.0
167	191	4.0
167	192	1.0
167	193	1.0
167	197	2.0
167	198	18.0
167	200	6.0
167	201	15.0
167	202	1.0
167	205	1.0
167	208	2.0
167	210	4.0
167	211	1.0
167	234	5.0
167	245	9.0
167	247	1.0
168	168	365.0
168	169	25.0
168	170	2.0
168	173	1.0
168	175	1.0
168	177	3.0
168	179	5.0
168	180	7.0
168	185	5.0
168	197	3.0
168	199	1.0
168	200	21.0
168	201	8.0
168	202	1.0
168	208	2.0
168	209	12.0
168	210	4.0
168	213	1.0
168	234	1.0
168	235	7.0
169	169	323.0
169	170	5.0
169	171	2.0
169	173	3.0
169	174	4.0
169	175	3.0
169	176	1.0
169	177	8.0
169	179	15.0
169	180	11.0
169	182	1.0
169	185	1.0
169	200	2.0
169	201	1.0
169	208	1.0
169	209	6.0
169	215	1.0
169	234	3.0
169	235	3.0
169	236	1.0
169	244	3.0
169	248	1.0
170	170	276.0
170	171	1.0
170	172	7.0
170	173	2.0
170	174	3.0
170	175	3.0
170	177	11.0
170	178	6.0
170	179	6.0
170	180	13.0
170	196	3.0
170	197	7.0
170	210	1.0
170	214	3.0
170	215	3.0
170	225	2.0
170	244	4.0
170	248	1.0
171	171	281.0
171	172	6.0
171	173	6.0
171	175	4.0
171	176	9.0
171	177	6.0
171	179	1.0
171	180	1.0
171	182	1.0
171	195	1.0
171	196	5.0
171	197	1.0
171	200	1.0
171	210	5.0
171	211	2.0
171	214	11.0
171	227	1.0
171	241	2.0
171	242	7.0
171	244	7.0
172	172	277.0
172	173	10.0
172	174	7.0
172	175	6.0
172	176	2.0
172	178	1.0
172	191	1.0
172	196	3.0
172	197	3.0
172	210	6.0
172	214	14.0
172	215	5.0
172	221	1.0
172	241	1.0
172	242	10.0
172	243	3.0
172	244	7.0
172	246	1.0
173	173	281.0
173	174	7.0
173	175	9.0
173	176	2.0
173	177	9.0
173	180	2.0
173	196	1.0
173	197	6.0
173	201	1.0
173	210	2.0
173	211	2.0
173	214	11.0
173	218	1.0
173	227	1.0
173	240	1.0
173	242	1.0
173	244	1.0
174	174	219.0
174	175	5.0
174	177	2.0
174	196	4.0
174	197	1.0
174	210	6.0
174	211	24.0
174	213	1.0
174	214	1.0
174	246	1.0
175	175	452.0
175	176	25.0
175	177	11.0
175	178	2.0
175	179	1.0
175	190	3.0
175	191	1.0
175	193	9.0
175	194	3.0
175	195	4.0
175	196	4.0
175	197	12.0
175	210	3.0
175	214	5.0
175	215	4.0
175	225	1.0
175	228	3.0
175	235	5.0
175	236	1.0
175	238	9.0
175	240	3.0
175	241	1.0
175	242	6.0
175	244	9.0
175	245	2.0
176	176	537.0
176	177	27.0
176	178	1.0
176	179	2.0
176	181	8.0
176	182	11.0
176	185	1.0
176	190	1.0
176	193	1.0
176	194	10.0
176	195	4.0
176	196	8.0
176	198	1.0
176	212	1.0
176	214	10.0
176	215	6.0
176	216	1.0
176	222	1.0
176	227	1.0
176	228	13.0
176	229	1.0
176	232	1.0
176	234	1.0
176	235	1.0
176	236	1.0
176	238	10.0
176	239	4.0
176	240	5.0
176	241	9.0
176	242	10.0
176	243	11.0
176	244	11.0
176	245	5.0
176	247	1.0
176	248	4.0
177	177	453.0
177	178	1.0
177	179	5.0
177	180	3.0
177	181	7.0
177	182	5.0
177	193	1.0
177	194	1.0
177	197	6.0
177	198	3.0
177	214	2.0
177	215	1.0
177	220	1.0
177	221	1.0
177	227	1.0
177	232	3.0
177	234	2.0
177	235	2.0
177	239	1.0
177	240	1.0
177	241	7.0
177	242	1.0
177	243	7.0
177	244	18.0
177	245	10.0
177	246	4.0
178	178	293.0
178	179	2.0
178	180	4.0
178	183	2.0
178	194	1.0
178	197	10.0
178	200	1.0
178	213	1.0
178	224	11.0
178	225	5.0
178	234	2.0
178	235	1.0
178	243	1.0
178	248	12.0
179	179	354.0
179	180	21.0
179	183	5.0
179	184	1.0
179	187	5.0
179	188	5.0
179	189	3.0
179	193	6.0
179	194	11.0
179	195	3.0
179	200	1.0
179	201	1.0
179	202	1.0
179	206	1.0
179	223	2.0
179	224	6.0
179	225	2.0
179	233	10.0
179	234	10.0
179	235	2.0
179	240	1.0
179	248	1.0
180	180	358.0
180	181	1.0
180	182	1.0
180	183	2.0
180	187	2.0
180	193	3.0
180	194	2.0
180	197	3.0
180	204	1.0
180	205	2.0
180	209	5.0
180	223	2.0
180	224	6.0
180	232	2.0
180	234	3.0
180	235	1.0
180	244	1.0
180	247	1.0
181	181	305.0
181	182	10.0
181	187	3.0
181	192	1.0
181	195	3.0
181	215	9.0
181	223	10.0
181	224	1.0
181	226	1.0
181	227	8.0
181	228	7.0
181	232	18.0
181	233	4.0
181	234	10.0
181	235	1.0
181	238	2.0
181	239	3.0
181	240	1.0
182	182	310.0
182	183	1.0
182	187	3.0
182	188	1.0
182	194	1.0
182	215	3.0
182	216	3.0
182	218	1.0
182	221	2.0
182	222	4.0
182	223	11.0
182	227	1.0
182	228	5.0
182	232	11.0
182	233	3.0
182	234	2.0
182	235	4.0
182	236	1.0
182	237	1.0
182	238	1.0
182	239	4.0
183	183	289.0
183	184	4.0
183	185	3.0
183	186	3.0
183	187	2.0
183	190	1.0
183	193	3.0
183	194	1.0
183	207	1.0
183	220	1.0
183	223	2.0
183	224	9.0
183	225	3.0
183	233	3.0
183	234	2.0
183	248	3.0
183	249	2.0
184	184	237.0
184	185	3.0
184	186	6.0
184	224	1.0
184	228	1.0
184	246	1.0
185	185	247.0
185	186	4.0
185	200	4.0
185	201	2.0
185	229	1.0
186	186	278.0
186	187	2.0
186	188	2.0
186	189	10.0
186	190	12.0
186	191	8.0
186	192	12.0
186	193	7.0
186	194	1.0
186	201	1.0
186	210	1.0
186	215	1.0
186	227	8.0
186	233	1.0
187	187	242.0
187	188	16.0
187	189	4.0
187	192	4.0
187	193	9.0
187	194	4.0
187	195	2.0
187	213	1.0
187	223	4.0
187	224	8.0
187	225	10.0
187	226	2.0
187	227	10.0
187	233	17.0
187	234	8.0
188	188	240.0
188	189	13.0
188	190	2.0
188	192	1.0
188	193	13.0
188	194	6.0
188	195	1.0
188	196	1.0
188	198	2.0
188	210	1.0
188	224	2.0
188	226	1.0
188	227	7.0
188	233	20.0
189	189	292.0
189	190	3.0
189	191	1.0
189	192	1.0
189	193	13.0
189	194	5.0
189	195	4.0
189	220	3.0
189	224	4.0
189	225	4.0
189	226	1.0
189	227	8.0
189	232	1.0
189	233	8.0
190	190	482.0
190	191	28.0
190	192	20.0
190	193	3.0
190	194	1.0
190	195	4.0
190	200	1.0
190	220	8.0
190	224	1.0
190	225	8.0
190	226	6.0
190	227	4.0
190	233	2.0
190	235	1.0
190	245	2.0
190	246	7.0
190	247	15.0
190	248	1.0
191	191	550.0
191	192	23.0
191	226	5.0
191	227	4.0
191	233	2.0
191	236	1.0
191	247	6.0
192	192	531.0
192	193	2.0
192	194	1.0
192	226	3.0
192	227	9.0
192	233	5.0
192	234	2.0
192	242	1.0
192	247	9.0
193	193	519.0
193	194	12.0
193	195	12.0
193	196	1.0
193	206	1.0
193	223	1.0
193	224	3.0
193	225	1.0
193	227	4.0
193	232	1.0
193	233	12.0
193	234	1.0
193	240	19.0
193	241	6.0
193	243	2.0
193	244	1.0
193	245	10.0
193	246	8.0
193	247	1.0
193	248	4.0
194	194	416.0
194	195	21.0
194	196	4.0
194	216	4.0
194	217	9.0
194	218	2.0
194	219	2.0
194	220	2.0
194	221	6.0
194	233	5.0
194	234	4.0
194	235	1.0
194	239	1.0
194	241	7.0
194	243	3.0
194	244	5.0
194	245	1.0
194	248	2.0
195	195	395.0
195	196	4.0
195	215	2.0
195	216	2.0
195	217	2.0
195	218	6.0
195	219	8.0
195	220	5.0
195	221	2.0
195	222	2.0
195	224	1.0
195	225	7.0
195	227	2.0
195	232	2.0
195	233	2.0
195	234	2.0
195	239	1.0
195	240	4.0
195	241	5.0
195	243	1.0
195	245	1.0
195	246	9.0
195	247	1.0
195	248	2.0
196	196	292.0
196	197	2.0
196	210	1.0
196	211	1.0
196	214	5.0
196	215	6.0
196	228	1.0
196	235	1.0
196	240	1.0
196	241	2.0
196	242	6.0
196	244	9.0
196	248	1.0
197	197	274.0
197	198	11.0
197	199	6.0
197	200	3.0
197	204	1.0
197	209	1.0
197	210	12.0
197	211	2.0
198	198	478.0
198	199	37.0
198	200	5.0
198	201	4.0
198	202	11.0
198	204	1.0
198	205	1.0
198	206	1.0
198	207	2.0
198	208	5.0
198	209	5.0
198	210	18.0
198	211	12.0
198	212	11.0
198	213	2.0
198	217	1.0
198	222	1.0
198	241	15.0
198	242	4.0
198	243	1.0
198	244	9.0
198	245	8.0
199	199	491.0
199	200	13.0
199	201	4.0
199	202	9.0
199	204	1.0
199	206	6.0
199	208	13.0
199	209	1.0
199	210	11.0
199	211	8.0
199	212	8.0
199	213	2.0
199	242	9.0
199	243	1.0
200	200	601.0
200	201	30.0
200	202	3.0
200	207	8.0
200	208	8.0
200	209	9.0
200	210	8.0
200	225	1.0
200	232	2.0
200	235	1.0
200	241	1.0
200	242	2.0
201	201	643.0
201	202	18.0
201	204	18.0
201	205	3.0
201	206	3.0
201	207	12.0
201	208	22.0
201	209	4.0
201	210	6.0
201	211	9.0
201	212	3.0
201	237	1.0
202	202	336.0
202	203	13.0
202	204	9.0
202	205	22.0
202	206	4.0
202	207	10.0
202	208	2.0
202	211	1.0
203	203	337.0
203	204	20.0
203	205	2.0
203	230	1.0
204	204	474.0
204	205	7.0
204	206	2.0
204	207	6.0
204	208	2.0
204	209	1.0
204	210	1.0
204	211	1.0
204	212	1.0
204	247	1.0
205	205	445.0
205	206	25.0
205	207	4.0
205	208	9.0
205	209	1.0
206	206	300.0
206	207	11.0
206	208	7.0
206	212	1.0
206	224	1.0
206	246	1.0
207	207	525.0
207	208	38.0
207	209	1.0
208	208	623.0
208	209	27.0
208	210	1.0
208	211	1.0
208	212	1.0
208	213	4.0
209	209	565.0
209	210	7.0
209	213	2.0
209	229	1.0
209	240	1.0
209	244	1.0
210	210	397.0
210	211	24.0
210	212	4.0
210	213	3.0
210	241	1.0
210	242	3.0
210	244	1.0
210	245	2.0
211	211	343.0
211	212	14.0
211	213	1.0
211	241	2.0
211	244	3.0
212	212	341.0
212	213	2.0
213	213	259.0
213	214	14.0
213	216	1.0
213	222	1.0
213	231	3.0
213	235	1.0
213	236	7.0
213	237	2.0
213	238	7.0
213	240	1.0
213	241	15.0
213	242	1.0
213	244	7.0
214	214	289.0
214	215	2.0
214	221	1.0
214	236	1.0
214	238	1.0
214	240	1.0
214	241	8.0
214	242	6.0
214	244	3.0
215	215	279.0
215	216	4.0
215	218	1.0
215	220	4.0
215	221	2.0
215	222	9.0
215	228	1.0
215	232	1.0
215	239	8.0
215	240	3.0
215	243	1.0
216	216	257.0
216	217	9.0
216	218	4.0
216	219	2.0
216	221	6.0
216	222	4.0
216	228	1.0
216	231	3.0
216	232	1.0
216	235	1.0
216	237	3.0
216	239	4.0
217	217	230.0
217	218	5.0
217	219	3.0
217	221	4.0
218	218	190.0
218	219	11.0
218	220	6.0
218	221	3.0
218	222	4.0
218	235	2.0
218	239	7.0
218	244	1.0
219	219	230.0
219	220	7.0
219	239	1.0
219	245	1.0
219	248	1.0
220	220	269.0
220	221	3.0
220	222	2.0
220	225	6.0
220	226	15.0
220	227	8.0
220	232	1.0
220	233	1.0
220	234	1.0
220	238	1.0
220	239	3.0
221	221	289.0
221	222	7.0
221	227	1.0
221	234	1.0
222	222	285.0
222	223	5.0
222	229	2.0
222	234	2.0
222	235	2.0
222	237	3.0
222	238	1.0
222	239	4.0
222	240	1.0
222	244	2.0
223	223	283.0
223	224	10.0
223	225	3.0
223	226	3.0
223	228	1.0
223	229	5.0
223	232	6.0
223	233	1.0
223	234	9.0
223	235	6.0
224	224	256.0
224	225	4.0
224	233	14.0
224	243	1.0
224	248	7.0
225	225	257.0
225	226	16.0
225	232	3.0
225	234	2.0
225	239	3.0
225	248	2.0
226	226	288.0
226	227	8.0
226	232	3.0
226	233	7.0
226	234	6.0
226	235	3.0
226	246	1.0
227	227	274.0
227	228	3.0
227	232	9.0
227	233	5.0
227	234	1.0
227	235	2.0
228	228	315.0
228	229	17.0
228	230	3.0
228	231	14.0
228	232	12.0
228	235	3.0
228	238	12.0
228	239	9.0
228	240	5.0
229	229	327.0
229	230	13.0
229	231	9.0
229	236	1.0
229	240	1.0
229	247	1.0
230	230	326.0
230	231	26.0
231	231	307.0
231	232	8.0
231	235	1.0
231	238	1.0
231	240	3.0
232	232	294.0
232	233	5.0
232	234	17.0
232	235	5.0
232	238	3.0
232	239	1.0
232	240	2.0
233	233	285.0
233	234	4.0
233	235	2.0
234	234	403.0
234	235	26.0
234	241	1.0
234	243	2.0
234	244	1.0
234	245	2.0
234	246	2.0
235	235	465.0
235	236	8.0
235	237	1.0
235	238	3.0
235	239	6.0
235	240	1.0
235	243	2.0
236	236	258.0
236	237	5.0
236	238	3.0
236	240	2.0
236	241	1.0
236	248	1.0
237	237	278.0
237	238	2.0
237	239	2.0
237	240	2.0
237	241	1.0
238	238	249.0
238	239	11.0
238	240	10.0
238	241	17.0
238	242	3.0
238	244	3.0
239	239	261.0
239	240	13.0
239	241	11.0
239	242	2.0
240	240	421.0
240	241	14.0
240	242	5.0
240	243	2.0
240	244	5.0
240	245	1.0
240	246	10.0
241	241	551.0
241	242	27.0
241	243	9.0
241	244	14.0
241	245	10.0
241	246	5.0
241	248	6.0
242	242	575.0
242	243	4.0
242	244	13.0
242	245	5.0
242	246	4.0
243	243	450.0
243	244	18.0
243	245	16.0
243	246	8.0
243	248	1.0
244	244	565.0
244	245	9.0
244	246	4.0
244	248	1.0
245	245	579.0
245	246	17.0
245	247	1.0
245	248	1.0
246	246	555.0
246	247	2.0
246	248	1.0
247	247	564.0
247	248	1.0
248	248	260.0
248	249	1.0
249	249	46.0
250	1	1.0
250	3	1.0
250	4	1.0
250	5	1.0
250	8	1.0
250	10	1.0
250	11	1.0
250	17	5.0
250	18	1.0
250	27	3.0
250	31	2.0
250	52	1.0
250	54	2.0
250	185	1.0
250	250	124.0
