1	1	490.0
1	2	1.0
1	6	8.0
1	11	4.0
1	15	1.0
1	21	1.0
1	64	1.0
1	104	1.0
1	126	1.0
1	137	1.0
2	2	560.0
2	3	17.0
2	4	2.0
2	5	1.0
2	6	5.0
2	11	6.0
2	12	1.0
2	13	3.0
2	14	3.0
2	15	1.0
2	18	6.0
2	19	4.0
2	20	1.0
2	24	1.0
2	34	1.0
2	42	5.0
2	43	1.0
2	44	2.0
2	45	3.0
2	49	3.0
2	54	1.0
2	56	1.0
2	97	2.0
2	102	2.0
2	165	1.0
3	3	533.0
3	4	6.0
3	5	5.0
3	7	3.0
3	12	2.0
3	15	5.0
3	16	2.0
3	19	9.0
3	20	8.0
3	41	1.0
3	42	3.0
3	43	6.0
3	44	9.0
3	45	6.0
3	46	1.0
3	103	1.0
3	133	1.0
3	160	1.0
4	4	495.0
4	5	8.0
4	6	14.0
4	7	2.0
4	8	6.0
4	9	3.0
4	11	4.0
4	12	10.0
4	13	2.0
4	15	5.0
4	16	1.0
4	18	5.0
4	19	3.0
4	20	17.0
4	25	5.0
4	45	1.0
4	46	4.0
4	114	1.0
4	157	2.0
4	171	1.0
5	5	449.0
5	6	2.0
5	8	5.0
5	9	7.0
5	12	13.0
5	13	8.0
5	14	5.0
5	15	5.0
5	16	9.0
5	17	3.0
5	18	3.0
5	19	1.0
5	20	16.0
5	21	2.0
5	22	1.0
5	25	2.0
5	27	1.0
5	33	4.0
5	58	7.0
5	59	1.0
5	60	2.0
5	73	10.0
5	74	10.0
5	83	1.0
5	98	5.0
5	99	3.0
5	100	5.0
5	101	4.0
5	103	1.0
5	142	1.0
6	6	478.0
6	7	26.0
6	8	3.0
6	9	3.0
6	11	2.0
6	12	2.0
6	14	1.0
6	16	2.0
6	18	3.0
6	20	4.0
6	21	1.0
6	22	4.0
6	26	2.0
6	31	8.0
6	32	1.0
6	33	6.0
6	39	1.0
6	40	1.0
6	44	3.0
6	73	4.0
6	86	1.0
6	90	2.0
6	99	4.0
6	100	1.0
6	151	1.0
6	170	1.0
6	179	1.0
7	7	419.0
7	8	9.0
7	9	1.0
7	12	8.0
7	13	7.0
7	14	3.0
7	15	8.0
7	16	8.0
7	17	3.0
7	19	4.0
7	21	1.0
7	23	3.0
7	31	1.0
7	41	4.0
7	44	8.0
7	45	2.0
7	46	1.0
7	67	1.0
7	99	1.0
7	103	1.0
7	122	1.0
7	151	1.0
7	166	1.0
7	173	1.0
8	8	382.0
8	9	8.0
8	10	5.0
8	11	7.0
8	12	3.0
8	13	6.0
8	16	2.0
8	19	2.0
8	20	5.0
8	22	1.0
8	23	10.0
8	24	11.0
8	31	6.0
8	44	3.0
8	58	1.0
8	60	1.0
8	63	1.0
8	99	4.0
8	161	1.0
8	166	1.0
9	9	461.0
9	10	21.0
9	11	7.0
9	12	1.0
9	13	2.0
9	14	4.0
9	15	2.0
9	16	1.0
9	18	1.0
9	23	1.0
9	24	6.0
9	25	1.0
9	32	1.0
9	33	5.0
9	34	1.0
9	36	4.0
9	37	5.0
9	38	1.0
9	41	3.0
9	43	1.0
9	60	2.0
9	74	2.0
9	104	1.0
9	174	1.0
10	10	497.0
10	11	13.0
10	12	1.0
10	14	5.0
10	15	6.0
10	17	1.0
10	18	2.0
10	24	5.0
10	30	1.0
10	36	3.0
10	43	2.0
10	60	2.0
10	61	1.0
10	92	1.0
10	104	1.0
10	110	1.0
10	132	1.0
10	145	1.0
11	11	438.0
11	12	3.0
11	13	7.0
11	14	2.0
11	15	4.0
11	16	1.0
11	17	3.0
11	18	1.0
11	19	1.0
11	20	3.0
11	24	1.0
11	32	2.0
11	33	1.0
11	45	1.0
11	49	3.0
11	54	1.0
11	73	1.0
11	173	1.0
12	12	430.0
12	13	17.0
12	14	2.0
12	15	3.0
12	16	8.0
12	17	2.0
12	18	1.0
12	20	11.0
12	21	2.0
12	22	1.0
12	25	3.0
12	26	1.0
12	27	2.0
12	34	1.0
12	35	1.0
12	45	2.0
12	46	1.0
12	49	1.0
12	51	1.0
12	61	1.0
12	98	1.0
12	99	3.0
12	100	3.0
12	101	4.0
12	126	1.0
12	161	1.0
12	170	1.0
13	13	470.0
13	14	1.0
13	15	1.0
13	16	3.0
13	17	2.0
13	18	4.0
13	19	2.0
13	20	9.0
13	21	3.0
13	23	1.0
13	24	1.0
13	27	1.0
13	51	1.0
13	53	1.0
13	86	1.0
13	87	1.0
13	100	2.0
13	101	3.0
14	14	472.0
14	15	10.0
14	16	1.0
14	17	14.0
14	18	2.0
14	20	1.0
14	33	1.0
14	45	1.0
14	46	1.0
14	50	1.0
14	51	1.0
14	53	14.0
14	54	2.0
14	56	1.0
14	108	1.0
14	116	1.0
14	160	1.0
15	15	415.0
15	16	9.0
15	17	5.0
15	18	17.0
15	19	12.0
15	20	7.0
15	21	2.0
15	25	4.0
15	36	1.0
15	44	1.0
15	45	1.0
15	53	1.0
15	56	2.0
15	64	1.0
15	163	1.0
15	167	1.0
15	169	1.0
16	16	456.0
16	17	9.0
16	18	6.0
16	19	4.0
16	20	6.0
16	21	2.0
16	24	1.0
16	25	2.0
16	27	2.0
16	32	1.0
16	33	3.0
16	34	2.0
16	40	3.0
16	49	3.0
16	50	6.0
16	51	1.0
16	53	3.0
16	57	1.0
16	73	2.0
16	93	1.0
16	102	2.0
16	103	3.0
16	107	1.0
17	17	389.0
17	18	5.0
17	19	7.0
17	25	1.0
17	32	4.0
17	33	3.0
17	45	1.0
17	50	2.0
17	51	2.0
17	52	1.0
17	53	4.0
17	54	3.0
17	55	2.0
17	56	2.0
17	57	2.0
17	76	2.0
17	124	1.0
17	134	1.0
17	138	2.0
17	148	3.0
17	149	1.0
18	18	365.0
18	19	25.0
18	20	5.0
18	21	3.0
18	24	1.0
18	34	1.0
18	41	1.0
18	44	2.0
18	45	5.0
18	62	1.0
18	76	1.0
18	166	1.0
18	173	1.0
19	19	403.0
19	20	3.0
19	21	1.0
19	44	12.0
19	45	2.0
19	46	2.0
19	74	1.0
19	101	2.0
19	118	1.0
20	20	307.0
20	21	7.0
20	23	2.0
20	25	2.0
20	26	1.0
20	33	1.0
20	34	9.0
20	45	2.0
20	60	2.0
20	79	1.0
20	140	1.0
20	170	1.0
21	21	340.0
21	22	1.0
21	23	3.0
21	25	1.0
21	26	4.0
21	28	8.0
21	29	4.0
21	30	2.0
21	34	1.0
21	43	1.0
21	50	2.0
21	51	3.0
21	58	1.0
21	62	1.0
21	99	5.0
21	100	1.0
21	102	1.0
21	126	1.0
21	146	1.0
21	179	1.0
22	22	356.0
22	23	1.0
22	28	1.0
22	29	4.0
22	30	1.0
22	31	1.0
22	33	1.0
22	34	3.0
22	35	2.0
22	37	2.0
22	38	1.0
22	58	1.0
22	62	1.0
22	70	3.0
22	73	1.0
22	74	2.0
22	77	1.0
22	98	3.0
22	99	5.0
22	100	1.0
22	103	3.0
22	123	1.0
23	23	440.0
23	24	3.0
23	25	1.0
23	26	6.0
23	28	2.0
23	29	2.0
23	30	9.0
23	31	8.0
23	33	4.0
23	34	1.0
23	35	11.0
23	37	5.0
23	39	1.0
23	41	2.0
23	42	3.0
23	45	2.0
23	46	2.0
23	71	1.0
24	24	393.0
24	25	2.0
24	26	2.0
24	28	2.0
24	29	1.0
24	31	3.0
24	32	5.0
24	33	1.0
24	37	1.0
24	39	1.0
24	40	8.0
24	41	9.0
24	42	2.0
24	43	1.0
24	45	2.0
24	46	1.0
24	101	1.0
24	104	1.0
24	113	1.0
24	134	1.0
24	146	1.0
25	25	379.0
25	26	10.0
25	27	3.0
25	28	4.0
25	29	7.0
25	30	3.0
25	31	1.0
25	34	1.0
25	39	3.0
25	41	3.0
25	42	2.0
25	45	3.0
25	74	1.0
25	78	1.0
25	152	1.0
25	162	1.0
26	26	383.0
26	27	6.0
26	28	2.0
26	29	3.0
26	31	4.0
26	32	4.0
26	34	1.0
26	38	4.0
26	39	3.0
26	40	2.0
26	42	1.0
26	44	2.0
26	45	2.0
26	71	1.0
26	74	1.0
26	77	1.0
26	80	1.0
26	108	1.0
26	116	1.0
27	27	378.0
27	28	13.0
27	30	2.0
27	31	3.0
27	32	2.0
27	34	1.0
27	38	5.0
27	45	1.0
27	147	1.0
27	152	1.0
27	163	1.0
28	28	331.0
28	29	7.0
28	30	8.0
28	31	4.0
28	32	1.0
28	38	1.0
28	39	2.0
28	40	2.0
28	42	1.0
28	45	2.0
28	46	1.0
28	79	1.0
28	104	1.0
28	122	1.0
28	139	1.0
29	29	387.0
29	30	11.0
29	39	2.0
29	40	2.0
29	42	5.0
29	45	2.0
29	46	3.0
30	30	392.0
30	31	8.0
30	32	3.0
30	41	2.0
30	42	4.0
30	45	4.0
30	80	1.0
30	104	1.0
30	123	1.0
31	31	432.0
31	32	5.0
31	33	4.0
31	34	6.0
31	35	12.0
31	37	7.0
31	38	5.0
31	40	3.0
31	42	4.0
31	45	13.0
31	73	1.0
31	78	1.0
31	82	1.0
31	95	1.0
31	98	2.0
31	99	1.0
31	133	1.0
31	159	1.0
31	161	1.0
32	32	361.0
32	33	13.0
32	34	1.0
32	35	1.0
32	36	3.0
32	37	7.0
32	38	6.0
32	39	7.0
32	40	4.0
32	41	1.0
32	43	1.0
32	46	2.0
32	64	1.0
32	151	1.0
32	157	1.0
32	163	1.0
33	33	479.0
33	34	9.0
33	35	9.0
33	36	7.0
33	37	7.0
33	38	5.0
33	39	1.0
33	40	4.0
33	43	3.0
33	44	5.0
33	63	1.0
33	73	2.0
33	96	1.0
33	99	1.0
33	142	1.0
33	152	1.0
34	34	351.0
34	35	18.0
34	36	4.0
34	37	7.0
34	38	4.0
34	39	3.0
34	41	2.0
34	42	1.0
34	43	1.0
34	44	2.0
34	70	1.0
34	73	3.0
34	94	1.0
34	100	1.0
34	111	1.0
34	119	1.0
34	128	1.0
34	132	1.0
34	137	1.0
35	35	416.0
35	36	10.0
35	37	23.0
35	38	21.0
35	39	1.0
35	40	1.0
35	44	4.0
35	45	1.0
35	85	1.0
35	89	1.0
35	94	1.0
35	95	5.0
35	96	4.0
35	100	1.0
35	138	1.0
36	36	483.0
36	37	11.0
36	38	3.0
36	40	4.0
36	41	1.0
36	43	3.0
36	64	1.0
36	72	3.0
36	73	3.0
36	99	1.0
36	103	1.0
36	124	1.0
36	180	1.0
37	37	397.0
37	38	17.0
37	40	2.0
37	43	2.0
37	78	1.0
37	94	1.0
37	95	5.0
37	96	7.0
37	98	1.0
37	100	2.0
37	107	1.0
37	121	1.0
37	180	1.0
38	38	422.0
38	39	5.0
38	40	10.0
38	41	8.0
38	42	4.0
38	43	8.0
38	44	1.0
38	66	1.0
38	134	1.0
39	39	396.0
39	40	28.0
39	41	9.0
39	42	3.0
39	43	5.0
39	44	1.0
39	45	2.0
39	46	1.0
39	58	1.0
39	100	1.0
39	121	4.0
40	40	414.0
40	41	20.0
40	42	9.0
40	121	3.0
40	134	1.0
40	147	1.0
40	166	1.0
41	41	419.0
41	42	16.0
41	43	9.0
41	44	11.0
41	50	1.0
41	53	1.0
41	73	1.0
41	79	1.0
41	86	1.0
41	93	1.0
41	112	1.0
41	127	1.0
41	130	1.0
41	147	1.0
42	42	415.0
42	43	4.0
42	44	6.0
42	45	7.0
42	46	1.0
42	57	2.0
42	84	1.0
42	105	1.0
42	128	1.0
42	134	1.0
42	172	2.0
43	43	479.0
43	44	10.0
43	45	1.0
43	73	1.0
43	130	2.0
43	142	1.0
43	179	1.0
44	44	406.0
44	45	14.0
44	49	6.0
44	50	1.0
44	73	1.0
44	76	1.0
44	99	1.0
44	124	1.0
44	125	1.0
44	128	1.0
44	144	1.0
44	159	1.0
45	45	343.0
45	46	4.0
45	49	3.0
45	50	1.0
45	90	1.0
45	108	1.0
45	123	1.0
45	125	2.0
45	139	1.0
46	46	196.0
46	49	14.0
46	58	1.0
46	104	1.0
49	49	186.0
49	50	17.0
49	52	5.0
49	53	1.0
49	54	1.0
49	59	7.0
49	80	1.0
49	105	1.0
49	107	1.0
49	123	2.0
49	124	4.0
50	50	407.0
50	51	5.0
50	52	4.0
50	53	15.0
50	54	1.0
50	55	8.0
50	56	5.0
50	57	4.0
50	59	3.0
50	61	2.0
50	95	2.0
50	98	2.0
50	100	1.0
50	102	1.0
50	103	1.0
50	107	1.0
50	109	1.0
50	123	7.0
50	124	2.0
50	145	2.0
50	149	1.0
51	51	390.0
51	52	1.0
51	53	1.0
51	56	1.0
51	57	2.0
51	61	3.0
51	62	1.0
51	63	6.0
51	71	2.0
51	81	1.0
51	83	6.0
51	84	5.0
51	85	7.0
51	86	2.0
51	87	7.0
51	90	1.0
51	91	2.0
51	92	1.0
51	93	2.0
51	94	2.0
51	97	9.0
51	98	1.0
51	103	1.0
51	104	4.0
51	107	3.0
51	110	1.0
51	111	1.0
52	52	397.0
52	53	7.0
52	54	1.0
52	55	6.0
52	56	4.0
52	57	4.0
52	58	2.0
52	59	6.0
52	60	6.0
52	61	6.0
52	63	6.0
52	64	2.0
52	65	5.0
52	83	8.0
52	84	6.0
52	86	4.0
52	87	4.0
52	88	5.0
52	89	4.0
52	92	3.0
52	93	3.0
52	98	1.0
52	100	1.0
52	102	5.0
52	103	1.0
52	104	3.0
52	106	3.0
52	109	3.0
52	113	1.0
52	115	5.0
52	116	1.0
52	168	2.0
52	172	1.0
53	53	425.0
53	54	27.0
53	55	1.0
53	56	1.0
53	57	2.0
53	59	3.0
53	60	12.0
53	61	3.0
53	62	7.0
53	63	2.0
53	64	3.0
53	65	3.0
53	86	4.0
53	89	1.0
53	106	1.0
53	109	1.0
53	115	2.0
53	116	1.0
53	125	2.0
53	132	1.0
53	140	1.0
53	141	1.0
53	145	3.0
53	161	2.0
53	163	3.0
53	168	1.0
53	176	1.0
54	54	404.0
54	55	3.0
54	56	4.0
54	57	1.0
54	62	3.0
54	64	9.0
54	65	4.0
54	81	1.0
54	158	1.0
54	159	1.0
54	163	1.0
55	55	404.0
55	56	41.0
55	57	1.0
55	58	2.0
55	59	1.0
55	61	4.0
55	62	3.0
55	63	2.0
55	83	1.0
55	107	2.0
55	114	1.0
55	115	10.0
55	138	1.0
55	139	3.0
55	142	3.0
55	145	1.0
55	160	1.0
55	164	2.0
55	177	1.0
56	56	391.0
56	57	16.0
56	61	3.0
56	62	2.0
56	65	5.0
56	68	1.0
56	93	1.0
56	96	1.0
56	97	1.0
56	102	3.0
56	103	2.0
56	107	9.0
56	116	2.0
56	138	4.0
56	139	3.0
56	156	1.0
57	57	381.0
57	58	2.0
57	61	2.0
57	62	1.0
57	63	1.0
57	65	3.0
57	66	1.0
57	86	1.0
57	91	3.0
57	92	2.0
57	93	2.0
57	96	2.0
57	98	1.0
57	99	4.0
57	100	1.0
57	101	8.0
57	102	2.0
57	103	3.0
57	104	9.0
57	107	1.0
57	109	7.0
57	116	2.0
57	119	1.0
57	138	1.0
58	58	424.0
58	59	12.0
58	64	1.0
58	65	2.0
58	71	1.0
58	72	3.0
58	73	5.0
58	74	9.0
58	75	6.0
58	83	2.0
58	84	3.0
58	85	3.0
58	86	1.0
58	89	1.0
58	90	1.0
58	91	2.0
58	93	1.0
58	94	3.0
58	96	1.0
58	98	1.0
58	99	6.0
58	100	2.0
58	101	7.0
58	103	4.0
58	104	4.0
58	108	1.0
59	59	424.0
59	60	1.0
59	63	4.0
59	64	1.0
59	65	6.0
59	67	5.0
59	74	2.0
59	76	1.0
59	83	2.0
59	84	2.0
59	85	1.0
59	86	5.0
59	87	1.0
59	88	2.0
59	91	1.0
59	92	1.0
59	93	2.0
59	98	5.0
59	99	1.0
59	101	6.0
59	102	3.0
59	103	11.0
59	104	1.0
59	107	7.0
59	109	2.0
59	116	1.0
59	138	1.0
59	139	1.0
60	60	431.0
60	61	15.0
60	62	11.0
60	63	1.0
60	64	1.0
60	65	3.0
60	72	4.0
60	74	3.0
60	84	2.0
60	86	2.0
60	89	1.0
60	90	3.0
60	93	3.0
60	96	1.0
60	103	1.0
60	109	1.0
60	137	1.0
61	61	411.0
61	62	21.0
61	64	5.0
61	65	5.0
61	74	1.0
61	77	1.0
61	88	1.0
61	93	6.0
61	97	1.0
61	107	1.0
61	108	1.0
61	109	4.0
61	115	1.0
61	136	1.0
61	142	2.0
61	161	1.0
61	167	1.0
62	62	394.0
62	63	10.0
62	64	1.0
62	65	4.0
62	91	1.0
62	92	2.0
62	97	4.0
62	102	1.0
62	104	1.0
62	107	6.0
62	108	2.0
62	109	2.0
62	115	3.0
62	116	1.0
62	127	1.0
62	164	2.0
62	165	2.0
63	63	414.0
63	64	8.0
63	65	1.0
63	71	4.0
63	75	8.0
63	76	6.0
63	79	3.0
63	82	1.0
63	84	4.0
63	85	1.0
63	86	2.0
63	87	3.0
63	89	3.0
63	91	1.0
63	92	3.0
63	94	5.0
63	97	1.0
63	100	1.0
63	104	7.0
63	107	1.0
63	114	1.0
63	155	1.0
64	64	414.0
64	65	5.0
64	75	9.0
64	76	2.0
64	85	1.0
64	88	3.0
64	93	1.0
64	94	7.0
64	98	1.0
64	108	1.0
64	112	3.0
64	117	1.0
64	134	1.0
64	179	1.0
65	65	410.0
65	66	15.0
65	68	3.0
65	72	1.0
65	74	1.0
65	78	4.0
65	79	2.0
65	80	7.0
65	81	1.0
65	86	2.0
65	90	3.0
65	93	1.0
65	98	1.0
65	102	2.0
65	103	3.0
65	108	1.0
65	109	2.0
65	111	1.0
65	118	1.0
66	66	405.0
66	67	27.0
66	68	11.0
66	71	1.0
66	78	2.0
66	80	5.0
66	116	2.0
66	117	17.0
66	123	1.0
66	172	1.0
67	67	429.0
67	68	22.0
67	70	1.0
67	79	2.0
67	80	2.0
67	82	1.0
67	89	2.0
67	104	1.0
67	110	2.0
67	112	1.0
67	118	6.0
67	121	1.0
67	124	1.0
67	143	1.0
67	148	2.0
67	172	1.0
67	173	1.0
68	68	362.0
68	80	2.0
68	82	6.0
68	104	1.0
68	112	1.0
68	116	2.0
68	117	8.0
68	118	1.0
68	121	8.0
68	154	1.0
68	156	1.0
68	179	1.0
69	71	1.0
69	79	1.0
69	177	1.0
70	70	125.0
70	71	6.0
70	73	1.0
70	75	2.0
70	76	2.0
70	77	1.0
70	78	2.0
70	79	1.0
70	80	3.0
70	83	1.0
70	85	2.0
70	86	2.0
70	87	2.0
70	89	2.0
70	92	2.0
70	93	3.0
70	94	4.0
70	95	1.0
70	96	6.0
70	117	1.0
70	119	1.0
71	71	480.0
71	72	32.0
71	73	2.0
71	74	2.0
71	75	8.0
71	76	13.0
71	77	7.0
71	78	3.0
71	79	1.0
71	80	1.0
71	81	1.0
71	82	6.0
71	85	1.0
71	86	8.0
71	87	14.0
71	88	3.0
71	89	13.0
71	90	2.0
71	92	1.0
71	95	2.0
71	96	1.0
71	98	1.0
71	103	1.0
71	147	1.0
71	148	1.0
71	154	1.0
71	155	3.0
72	72	475.0
72	73	10.0
72	74	8.0
72	75	5.0
72	76	12.0
72	77	5.0
72	79	1.0
72	80	5.0
72	86	3.0
72	87	1.0
72	89	5.0
72	90	10.0
72	96	2.0
72	138	1.0
72	142	1.0
72	146	1.0
72	153	2.0
72	157	2.0
72	167	9.0
73	73	476.0
73	74	14.0
73	75	5.0
73	76	1.0
73	77	6.0
73	79	1.0
73	88	1.0
73	90	1.0
73	93	1.0
73	96	1.0
73	98	2.0
73	100	5.0
73	112	1.0
73	116	1.0
73	142	4.0
73	143	1.0
73	145	2.0
73	146	1.0
73	154	1.0
73	157	3.0
73	158	1.0
73	163	2.0
74	74	438.0
74	75	6.0
74	76	2.0
74	77	4.0
74	78	1.0
74	79	1.0
74	80	1.0
74	89	1.0
74	90	4.0
74	91	1.0
74	92	3.0
74	93	1.0
74	101	3.0
74	103	3.0
74	112	4.0
74	117	1.0
74	137	1.0
74	139	2.0
74	142	3.0
74	143	1.0
74	145	2.0
74	146	2.0
74	147	8.0
74	148	3.0
74	153	2.0
74	157	6.0
74	162	1.0
74	167	5.0
75	75	407.0
75	76	15.0
75	77	1.0
75	78	2.0
75	80	2.0
75	82	5.0
75	85	4.0
75	87	3.0
75	89	5.0
75	90	8.0
75	94	5.0
75	96	3.0
75	99	1.0
75	103	1.0
75	112	2.0
75	131	1.0
75	134	1.0
75	140	2.0
75	142	2.0
75	144	1.0
75	148	1.0
75	153	1.0
75	154	2.0
75	156	2.0
75	157	7.0
75	158	1.0
75	166	3.0
75	167	7.0
75	171	1.0
76	76	407.0
76	77	11.0
76	78	6.0
76	79	1.0
76	80	6.0
76	85	3.0
76	88	4.0
76	89	12.0
76	90	14.0
76	92	1.0
76	93	1.0
76	94	3.0
76	96	4.0
76	109	1.0
76	112	3.0
76	142	1.0
76	143	4.0
76	148	1.0
76	154	1.0
76	158	1.0
76	161	1.0
76	171	1.0
77	77	414.0
77	78	17.0
77	79	1.0
77	82	2.0
77	86	1.0
77	87	1.0
77	88	4.0
77	89	7.0
77	142	1.0
77	144	1.0
77	146	1.0
78	78	379.0
78	79	20.0
78	80	6.0
78	81	5.0
78	82	1.0
78	88	6.0
78	89	8.0
78	90	1.0
78	102	1.0
78	105	1.0
78	117	4.0
78	118	2.0
78	143	1.0
78	151	1.0
78	166	1.0
78	171	2.0
78	174	1.0
79	79	468.0
79	80	8.0
79	81	3.0
79	82	10.0
79	87	1.0
79	88	7.0
79	89	6.0
79	93	2.0
79	94	1.0
79	95	1.0
79	108	1.0
79	112	3.0
79	114	1.0
79	118	1.0
79	144	1.0
79	152	1.0
80	80	453.0
80	81	22.0
80	82	5.0
80	83	3.0
80	85	1.0
80	87	1.0
80	89	1.0
80	90	2.0
80	91	3.0
80	92	6.0
80	93	6.0
80	94	6.0
80	106	1.0
80	116	2.0
80	117	6.0
80	118	2.0
80	139	1.0
80	142	1.0
80	154	1.0
80	155	3.0
80	156	3.0
81	81	429.0
81	82	7.0
81	83	2.0
81	84	2.0
81	86	1.0
81	87	6.0
81	91	3.0
81	92	2.0
81	93	2.0
81	117	6.0
81	118	1.0
81	126	1.0
81	127	1.0
81	154	1.0
81	155	3.0
81	156	4.0
81	174	1.0
82	82	408.0
82	83	6.0
82	84	2.0
82	86	3.0
82	87	14.0
82	88	10.0
82	89	7.0
82	93	1.0
82	116	1.0
82	125	1.0
82	126	1.0
82	128	1.0
83	83	379.0
83	84	15.0
83	85	9.0
83	86	16.0
83	87	8.0
83	88	1.0
83	89	2.0
83	90	2.0
83	92	4.0
83	93	2.0
83	96	1.0
83	112	1.0
83	116	1.0
83	127	1.0
84	84	374.0
84	85	8.0
84	86	9.0
84	87	5.0
84	88	2.0
84	93	7.0
84	95	3.0
84	100	2.0
84	122	1.0
85	85	359.0
85	86	8.0
85	87	10.0
85	89	3.0
85	90	2.0
85	93	3.0
85	94	3.0
85	95	4.0
85	96	8.0
85	100	1.0
85	144	1.0
85	179	1.0
86	86	379.0
86	87	17.0
86	88	1.0
86	89	9.0
86	90	4.0
86	91	3.0
86	94	2.0
86	96	5.0
86	111	2.0
86	173	1.0
86	179	1.0
87	87	391.0
87	88	8.0
87	89	9.0
87	90	16.0
87	91	11.0
87	92	1.0
87	93	9.0
87	94	1.0
87	147	1.0
87	155	3.0
87	173	2.0
88	88	448.0
88	89	23.0
88	90	14.0
88	92	4.0
88	94	7.0
88	139	1.0
88	155	1.0
88	157	1.0
88	159	1.0
88	160	1.0
89	89	415.0
89	90	15.0
89	92	7.0
89	94	1.0
89	96	2.0
89	100	1.0
89	147	1.0
89	169	1.0
90	90	453.0
90	91	13.0
90	92	13.0
90	93	12.0
90	94	10.0
90	97	2.0
90	98	2.0
90	99	1.0
90	101	1.0
90	102	4.0
90	104	4.0
90	108	3.0
90	109	3.0
90	112	1.0
90	116	1.0
90	120	1.0
90	127	1.0
90	133	1.0
90	138	1.0
90	155	10.0
90	156	1.0
90	158	3.0
91	91	367.0
91	92	19.0
91	93	3.0
91	94	6.0
91	96	1.0
91	97	1.0
91	99	2.0
91	102	5.0
91	103	4.0
91	104	7.0
91	105	5.0
91	107	2.0
91	109	1.0
91	118	1.0
91	128	1.0
91	154	1.0
91	155	19.0
91	161	1.0
91	164	1.0
91	169	1.0
92	92	438.0
92	93	12.0
92	94	6.0
92	95	2.0
92	102	2.0
92	104	2.0
92	105	9.0
92	106	2.0
92	107	2.0
92	108	3.0
92	109	2.0
92	116	1.0
92	124	1.0
92	152	1.0
92	155	1.0
92	161	1.0
92	163	1.0
92	164	4.0
92	165	1.0
93	93	398.0
93	94	9.0
93	96	1.0
93	98	1.0
93	102	1.0
93	103	2.0
93	105	9.0
93	106	3.0
93	107	1.0
93	108	6.0
93	109	1.0
93	110	1.0
93	112	7.0
93	113	1.0
93	116	2.0
93	118	2.0
93	124	4.0
93	125	2.0
93	126	3.0
93	128	2.0
93	159	1.0
93	165	2.0
94	94	396.0
94	95	14.0
94	96	4.0
94	98	1.0
94	100	3.0
94	102	1.0
94	104	1.0
94	112	9.0
94	116	3.0
94	119	1.0
94	122	2.0
94	124	3.0
94	125	6.0
94	126	6.0
94	144	1.0
94	176	1.0
95	95	430.0
95	96	8.0
95	97	1.0
95	98	3.0
95	100	8.0
95	101	1.0
95	122	1.0
95	125	1.0
95	126	3.0
95	139	1.0
95	143	1.0
95	152	5.0
95	153	1.0
95	162	1.0
95	170	1.0
96	96	458.0
96	97	14.0
96	98	6.0
96	103	1.0
96	104	4.0
96	105	1.0
96	108	1.0
96	115	3.0
96	119	3.0
96	121	5.0
96	122	15.0
96	151	8.0
96	153	2.0
96	168	1.0
96	169	1.0
97	97	385.0
97	98	14.0
97	102	1.0
97	104	2.0
97	107	1.0
97	108	2.0
97	115	2.0
97	118	5.0
97	120	1.0
97	121	4.0
97	122	7.0
97	151	1.0
97	165	1.0
98	98	371.0
98	99	9.0
98	100	7.0
98	101	1.0
98	102	2.0
98	103	3.0
98	109	4.0
98	115	1.0
98	121	4.0
98	122	5.0
98	124	4.0
98	151	2.0
98	152	4.0
98	153	2.0
99	99	342.0
99	100	28.0
99	101	4.0
99	102	4.0
99	103	3.0
99	105	1.0
99	123	5.0
99	124	1.0
99	125	1.0
99	144	1.0
99	152	1.0
99	154	1.0
99	156	1.0
99	162	1.0
100	100	393.0
100	101	9.0
100	102	1.0
100	103	7.0
100	122	2.0
100	123	6.0
100	124	3.0
100	125	5.0
100	126	6.0
100	142	3.0
100	152	1.0
100	166	1.0
101	101	366.0
101	102	21.0
101	103	9.0
101	104	6.0
101	105	7.0
101	113	3.0
101	122	3.0
101	126	4.0
101	127	1.0
101	146	2.0
101	152	4.0
101	165	2.0
102	102	364.0
102	103	10.0
102	107	7.0
102	108	3.0
102	109	6.0
102	111	2.0
102	112	1.0
102	113	2.0
102	114	1.0
102	115	1.0
102	116	8.0
102	117	4.0
102	122	1.0
102	125	3.0
102	126	6.0
102	127	4.0
102	130	1.0
102	143	4.0
102	146	3.0
102	147	2.0
102	152	14.0
102	153	3.0
102	156	1.0
102	157	2.0
102	161	1.0
102	162	4.0
102	164	1.0
102	166	5.0
102	168	1.0
103	103	366.0
103	104	1.0
103	105	9.0
103	106	1.0
103	108	2.0
103	112	7.0
103	113	10.0
103	114	7.0
103	115	1.0
103	116	4.0
103	117	2.0
103	121	1.0
103	122	1.0
103	129	1.0
103	146	4.0
103	151	10.0
103	152	10.0
103	153	3.0
103	165	1.0
104	104	318.0
104	105	9.0
104	106	10.0
104	107	5.0
104	109	1.0
104	110	8.0
104	111	5.0
104	113	5.0
104	114	1.0
104	115	1.0
104	116	1.0
104	117	1.0
104	128	2.0
104	129	2.0
104	143	6.0
104	144	3.0
104	165	1.0
105	105	376.0
105	106	4.0
105	111	4.0
105	113	14.0
105	114	7.0
105	116	1.0
105	117	1.0
105	118	1.0
105	127	2.0
105	128	5.0
105	146	2.0
105	151	1.0
105	152	3.0
105	161	1.0
105	162	1.0
105	164	7.0
105	165	16.0
105	166	1.0
106	106	420.0
106	107	6.0
106	108	7.0
106	109	7.0
106	110	8.0
106	111	1.0
106	113	4.0
106	114	6.0
106	115	7.0
106	116	1.0
106	125	1.0
106	129	2.0
106	131	1.0
106	144	3.0
106	146	2.0
106	153	1.0
106	154	2.0
106	160	2.0
106	161	2.0
106	162	1.0
106	163	6.0
106	164	11.0
106	165	6.0
107	107	404.0
107	108	22.0
107	109	20.0
107	110	3.0
107	111	1.0
107	116	2.0
107	120	1.0
107	127	1.0
107	129	1.0
107	133	1.0
107	138	1.0
107	148	1.0
107	163	1.0
107	164	1.0
107	168	1.0
107	170	3.0
108	108	427.0
108	109	24.0
108	110	7.0
108	111	5.0
108	113	1.0
108	115	1.0
108	127	1.0
108	156	1.0
108	159	1.0
108	162	3.0
108	163	5.0
108	164	1.0
108	165	3.0
109	109	400.0
109	110	6.0
109	111	6.0
109	116	2.0
109	134	1.0
109	141	1.0
109	142	1.0
109	145	5.0
109	156	4.0
109	162	1.0
109	163	2.0
109	165	1.0
109	168	3.0
109	170	1.0
109	174	1.0
110	110	375.0
110	111	6.0
110	112	6.0
110	113	3.0
110	115	1.0
110	118	5.0
110	119	10.0
110	120	2.0
110	121	2.0
110	124	9.0
110	126	3.0
110	127	2.0
110	128	2.0
110	131	6.0
110	140	1.0
110	143	2.0
110	144	4.0
110	163	1.0
110	165	2.0
110	176	1.0
111	111	459.0
111	112	8.0
111	113	15.0
111	114	1.0
111	115	1.0
111	116	3.0
111	117	1.0
111	118	1.0
111	120	1.0
111	121	1.0
111	123	1.0
111	124	4.0
111	125	3.0
111	126	8.0
111	127	8.0
111	128	2.0
111	129	3.0
111	130	1.0
111	139	5.0
111	140	3.0
111	141	2.0
111	143	7.0
111	145	3.0
111	147	4.0
111	148	1.0
111	156	1.0
111	160	1.0
111	163	1.0
111	165	2.0
111	167	1.0
111	168	1.0
111	169	5.0
112	112	482.0
112	113	7.0
112	114	3.0
112	115	1.0
112	116	2.0
112	117	5.0
112	118	2.0
112	135	1.0
112	140	1.0
112	146	2.0
112	147	10.0
112	152	1.0
112	153	7.0
112	158	1.0
112	159	8.0
112	160	1.0
112	163	2.0
112	165	2.0
112	169	2.0
112	171	1.0
112	174	1.0
113	113	388.0
113	114	15.0
113	115	4.0
113	117	1.0
113	118	4.0
113	125	1.0
113	127	2.0
113	128	8.0
113	131	5.0
113	133	1.0
113	143	5.0
113	144	1.0
113	146	2.0
113	147	2.0
113	153	2.0
113	159	3.0
113	160	8.0
113	161	2.0
113	163	1.0
113	164	1.0
113	165	4.0
113	168	1.0
113	169	1.0
113	174	1.0
114	114	448.0
114	115	23.0
114	116	3.0
114	117	6.0
114	118	1.0
114	125	4.0
114	126	1.0
114	128	2.0
114	131	10.0
114	132	2.0
114	133	1.0
114	145	1.0
114	152	3.0
114	153	1.0
114	160	5.0
114	161	7.0
114	164	1.0
115	115	434.0
115	116	17.0
115	117	9.0
115	118	11.0
115	119	1.0
115	125	3.0
115	126	2.0
115	128	2.0
115	131	4.0
115	145	1.0
115	157	1.0
115	160	7.0
115	161	2.0
115	164	4.0
115	165	3.0
115	170	1.0
116	116	376.0
116	117	21.0
116	118	3.0
116	119	11.0
116	151	2.0
116	152	1.0
116	154	1.0
116	156	1.0
116	161	1.0
116	165	2.0
116	168	4.0
117	117	374.0
117	118	6.0
117	144	2.0
117	152	1.0
117	153	1.0
117	165	1.0
118	118	386.0
118	119	7.0
118	120	1.0
118	122	3.0
118	124	4.0
118	127	5.0
118	128	1.0
118	129	3.0
118	151	5.0
118	157	2.0
118	159	10.0
118	160	4.0
118	165	2.0
118	170	1.0
119	119	415.0
119	120	7.0
119	121	3.0
119	122	2.0
119	125	1.0
119	127	1.0
119	128	2.0
119	131	1.0
119	145	1.0
119	175	1.0
120	120	400.0
120	121	8.0
120	123	1.0
120	126	10.0
120	132	1.0
120	140	1.0
120	150	1.0
120	151	3.0
120	157	1.0
120	164	1.0
120	169	1.0
121	121	400.0
121	122	12.0
121	123	14.0
121	126	1.0
121	127	3.0
121	129	1.0
121	131	5.0
121	151	4.0
121	160	1.0
122	122	446.0
122	123	9.0
122	124	6.0
122	125	1.0
122	126	1.0
122	130	4.0
122	131	4.0
122	151	7.0
122	152	2.0
122	170	1.0
122	171	1.0
122	174	1.0
123	123	437.0
123	124	28.0
123	125	10.0
123	126	4.0
123	131	10.0
124	124	380.0
124	125	4.0
124	126	6.0
124	127	9.0
124	129	1.0
124	131	3.0
124	132	1.0
124	145	2.0
124	146	1.0
124	158	9.0
124	164	2.0
124	165	1.0
124	171	1.0
125	125	409.0
125	126	17.0
125	127	3.0
125	128	6.0
125	129	6.0
125	130	2.0
125	131	8.0
125	136	1.0
125	144	1.0
125	145	1.0
125	158	1.0
125	160	1.0
125	163	1.0
125	164	2.0
125	169	1.0
125	171	1.0
126	126	428.0
126	127	4.0
126	129	6.0
126	130	4.0
126	132	7.0
126	138	1.0
126	151	1.0
126	152	2.0
126	153	1.0
126	154	1.0
126	156	4.0
126	157	1.0
126	162	3.0
126	165	1.0
127	127	442.0
127	128	6.0
127	129	10.0
127	130	2.0
127	131	1.0
127	140	2.0
127	141	4.0
127	144	5.0
127	145	1.0
127	146	1.0
127	147	2.0
127	156	1.0
127	157	3.0
127	158	11.0
127	159	4.0
127	160	1.0
127	161	7.0
127	162	4.0
127	163	5.0
127	164	1.0
127	165	12.0
127	166	6.0
127	167	1.0
128	128	429.0
128	129	9.0
128	131	3.0
128	140	2.0
128	144	11.0
128	145	1.0
128	146	3.0
128	154	1.0
128	155	1.0
128	157	4.0
128	158	1.0
128	160	1.0
128	161	4.0
128	162	8.0
128	163	1.0
128	164	5.0
128	165	9.0
128	166	1.0
129	129	395.0
129	130	13.0
129	131	6.0
129	132	7.0
129	141	1.0
129	143	1.0
129	144	13.0
129	145	8.0
129	146	1.0
129	157	1.0
129	158	1.0
129	159	4.0
129	160	2.0
129	161	5.0
129	162	1.0
129	163	3.0
129	164	6.0
129	165	3.0
129	166	3.0
129	168	1.0
129	174	1.0
130	130	389.0
130	131	13.0
130	143	1.0
130	144	3.0
130	151	1.0
130	154	1.0
130	157	3.0
130	158	5.0
130	159	12.0
130	160	2.0
130	161	4.0
130	162	3.0
130	163	2.0
130	164	2.0
130	171	2.0
131	131	451.0
131	132	11.0
131	153	2.0
131	155	1.0
131	157	1.0
131	158	1.0
131	159	2.0
131	160	3.0
131	161	8.0
131	165	3.0
132	132	465.0
132	133	20.0
132	134	4.0
132	141	1.0
132	143	2.0
132	144	1.0
132	157	1.0
132	158	1.0
132	160	2.0
132	161	3.0
132	162	1.0
132	163	2.0
132	169	1.0
132	179	1.0
133	133	442.0
133	134	4.0
133	139	8.0
133	140	2.0
133	143	4.0
133	149	1.0
133	154	5.0
134	134	482.0
134	135	8.0
134	136	1.0
134	138	8.0
134	140	2.0
134	143	2.0
134	144	14.0
134	145	4.0
134	154	3.0
134	157	3.0
134	158	8.0
134	159	4.0
134	162	2.0
134	163	1.0
134	166	1.0
134	167	11.0
134	168	1.0
134	169	3.0
134	171	1.0
134	173	1.0
134	177	1.0
135	135	444.0
135	136	11.0
135	143	1.0
135	144	2.0
135	146	10.0
135	153	1.0
135	166	6.0
135	177	1.0
135	178	1.0
135	180	2.0
136	136	441.0
136	137	9.0
136	140	1.0
136	143	3.0
136	144	2.0
136	145	3.0
136	151	11.0
136	152	2.0
136	153	1.0
136	155	4.0
136	166	5.0
136	170	1.0
136	174	10.0
137	137	452.0
137	138	14.0
137	145	2.0
137	147	10.0
137	148	14.0
137	151	1.0
137	152	7.0
137	153	3.0
137	154	4.0
137	174	2.0
138	138	436.0
138	139	11.0
138	140	6.0
138	141	12.0
138	143	1.0
138	147	1.0
138	152	4.0
138	153	6.0
138	156	1.0
138	157	1.0
139	139	468.0
139	140	12.0
139	141	6.0
139	142	28.0
139	143	8.0
139	145	4.0
139	147	5.0
139	148	1.0
139	167	2.0
139	179	1.0
140	140	436.0
140	141	11.0
140	142	13.0
140	143	2.0
140	144	1.0
140	145	9.0
140	146	1.0
140	147	7.0
140	148	8.0
140	153	5.0
140	156	9.0
140	157	9.0
140	158	10.0
140	162	6.0
140	163	4.0
140	164	2.0
140	166	2.0
141	141	506.0
141	142	6.0
141	143	5.0
141	144	1.0
141	145	7.0
141	146	2.0
141	148	4.0
141	150	1.0
141	152	2.0
141	156	2.0
141	157	1.0
141	158	2.0
141	162	10.0
141	164	1.0
141	169	1.0
142	142	489.0
142	143	11.0
142	145	1.0
142	148	3.0
142	153	1.0
142	158	1.0
142	162	1.0
142	167	1.0
142	169	1.0
143	143	432.0
143	144	10.0
143	145	1.0
143	146	5.0
143	147	1.0
143	154	1.0
143	155	2.0
143	156	1.0
143	157	2.0
143	163	1.0
143	165	1.0
143	166	8.0
143	167	6.0
143	168	2.0
143	169	1.0
143	170	1.0
143	171	3.0
143	172	1.0
143	174	4.0
144	144	412.0
144	145	2.0
144	146	3.0
144	147	1.0
144	152	1.0
144	154	1.0
144	155	1.0
144	157	11.0
144	158	5.0
144	159	2.0
144	160	1.0
144	162	3.0
144	163	1.0
144	165	8.0
144	166	1.0
144	167	4.0
144	168	6.0
144	170	1.0
144	171	3.0
144	173	4.0
144	174	4.0
145	145	421.0
145	146	4.0
145	147	1.0
145	148	2.0
145	152	4.0
145	153	3.0
145	154	5.0
145	155	1.0
145	156	14.0
145	157	14.0
145	158	11.0
145	159	2.0
145	160	2.0
145	161	5.0
145	162	1.0
145	163	5.0
145	164	5.0
145	167	2.0
145	172	1.0
145	174	1.0
145	176	1.0
146	146	423.0
146	147	8.0
146	151	2.0
146	152	3.0
146	153	4.0
146	154	10.0
146	155	1.0
146	156	1.0
146	157	8.0
146	158	6.0
146	162	3.0
146	163	2.0
146	165	3.0
146	166	10.0
146	167	3.0
146	173	1.0
146	177	3.0
146	178	1.0
147	147	367.0
147	148	16.0
147	149	1.0
147	150	8.0
147	151	2.0
147	152	4.0
147	157	1.0
147	162	1.0
147	165	1.0
147	166	3.0
147	167	6.0
148	148	463.0
148	149	28.0
148	150	11.0
148	151	7.0
148	152	2.0
148	157	6.0
148	158	5.0
148	163	2.0
148	166	4.0
148	167	2.0
149	149	519.0
149	150	12.0
149	162	1.0
149	172	1.0
150	150	476.0
150	151	6.0
150	152	2.0
150	153	1.0
150	155	1.0
150	159	2.0
150	169	3.0
150	179	1.0
151	151	427.0
151	152	15.0
151	153	10.0
151	154	7.0
151	161	1.0
152	152	414.0
152	153	15.0
152	154	5.0
152	156	1.0
152	157	1.0
152	162	1.0
152	176	1.0
153	153	538.0
153	154	12.0
153	156	2.0
153	157	1.0
153	162	1.0
153	169	2.0
153	174	1.0
153	177	1.0
154	154	426.0
154	155	15.0
154	156	13.0
154	157	13.0
154	158	1.0
154	161	1.0
154	162	4.0
154	163	1.0
154	166	6.0
154	167	3.0
154	170	6.0
155	155	393.0
155	156	7.0
155	157	2.0
155	161	1.0
155	165	3.0
155	166	3.0
155	167	3.0
155	168	7.0
155	170	10.0
155	172	1.0
155	173	4.0
155	174	3.0
156	156	451.0
156	157	15.0
156	159	1.0
156	162	6.0
156	163	1.0
156	165	1.0
156	166	2.0
156	168	3.0
156	169	2.0
156	170	4.0
156	174	1.0
157	157	422.0
157	158	14.0
157	159	4.0
157	162	4.0
157	163	8.0
157	164	5.0
157	165	2.0
157	166	3.0
157	167	8.0
157	168	4.0
157	171	3.0
157	174	2.0
158	158	531.0
158	159	19.0
158	161	2.0
158	162	4.0
158	163	6.0
158	164	7.0
158	165	3.0
158	166	1.0
158	169	2.0
158	171	3.0
159	159	483.0
159	160	14.0
159	161	1.0
159	162	5.0
159	163	6.0
159	164	2.0
159	165	4.0
159	166	6.0
159	167	1.0
159	168	1.0
159	169	6.0
159	171	1.0
159	172	1.0
160	160	429.0
160	161	8.0
160	162	1.0
160	163	2.0
160	164	1.0
160	165	5.0
160	166	4.0
160	168	1.0
160	169	12.0
161	161	387.0
161	162	9.0
161	163	6.0
161	164	4.0
161	165	11.0
161	166	3.0
161	168	2.0
161	169	5.0
161	174	1.0
162	162	371.0
162	163	14.0
162	164	3.0
162	165	14.0
162	166	1.0
162	168	1.0
162	169	1.0
163	163	401.0
163	164	14.0
163	165	4.0
163	166	5.0
163	168	2.0
163	169	9.0
163	170	2.0
163	180	1.0
164	164	447.0
164	165	7.0
164	166	1.0
165	165	365.0
165	166	11.0
165	167	1.0
165	169	1.0
166	166	421.0
166	167	8.0
166	168	1.0
166	169	5.0
166	174	6.0
167	167	457.0
167	168	9.0
167	169	6.0
167	170	4.0
167	172	2.0
167	173	12.0
167	174	8.0
167	175	1.0
167	177	1.0
168	168	535.0
168	169	11.0
168	170	11.0
168	171	2.0
168	172	1.0
168	173	6.0
168	174	4.0
168	175	8.0
168	176	1.0
169	169	456.0
169	170	10.0
169	174	3.0
169	175	3.0
170	170	451.0
170	171	16.0
170	172	2.0
170	173	5.0
170	174	18.0
170	175	3.0
170	176	5.0
170	177	1.0
170	178	2.0
171	171	503.0
171	172	20.0
171	173	8.0
171	174	9.0
171	175	7.0
171	177	1.0
171	178	4.0
171	179	9.0
171	180	2.0
172	172	530.0
172	173	18.0
172	175	1.0
172	180	2.0
173	173	501.0
173	174	5.0
173	175	1.0
173	177	1.0
173	179	5.0
173	180	1.0
174	174	481.0
174	175	10.0
174	178	4.0
174	179	8.0
174	180	3.0
175	175	374.0
175	176	9.0
175	177	19.0
175	178	4.0
175	179	2.0
175	180	3.0
176	176	519.0
176	177	4.0
176	178	4.0
176	179	4.0
177	177	380.0
177	178	14.0
177	179	3.0
177	180	3.0
178	178	476.0
178	179	11.0
178	180	11.0
179	179	483.0
179	180	9.0
180	180	313.0
181	1	32.0
181	6	2.0
181	9	2.0
181	10	3.0
181	11	5.0
181	14	1.0
181	17	1.0
181	21	1.0
181	32	2.0
181	43	1.0
181	148	1.0
181	181	478.0
