1	1	369.0
1	2	14.0
1	3	6.0
1	26	2.0
1	37	1.0
1	70	4.0
1	71	3.0
1	74	2.0
1	83	16.0
1	84	7.0
1	85	9.0
1	148	3.0
1	149	2.0
1	163	1.0
2	2	394.0
2	3	7.0
2	16	1.0
2	60	3.0
2	72	4.0
2	74	1.0
2	75	3.0
2	77	1.0
2	78	5.0
2	82	11.0
2	83	4.0
2	84	10.0
2	85	2.0
2	90	1.0
2	128	1.0
2	139	1.0
2	148	1.0
2	153	1.0
2	183	1.0
3	3	411.0
3	4	4.0
3	5	1.0
3	6	1.0
3	9	2.0
3	11	5.0
3	15	3.0
3	17	1.0
3	20	3.0
3	21	1.0
3	36	1.0
3	40	1.0
3	58	4.0
3	59	2.0
3	60	4.0
3	61	1.0
3	62	10.0
3	63	16.0
3	64	1.0
3	66	1.0
3	82	2.0
3	124	1.0
3	133	1.0
3	146	15.0
3	147	2.0
3	151	2.0
3	152	3.0
3	156	1.0
4	4	361.0
4	5	30.0
4	6	3.0
4	7	3.0
4	8	8.0
4	9	9.0
4	10	7.0
4	11	6.0
4	12	2.0
4	13	4.0
4	14	3.0
4	15	9.0
4	17	8.0
4	18	6.0
4	19	3.0
4	20	6.0
4	21	7.0
4	22	1.0
4	25	1.0
4	27	1.0
4	29	5.0
4	31	5.0
4	32	2.0
4	34	5.0
4	35	3.0
4	36	2.0
4	38	1.0
4	39	1.0
4	43	2.0
4	44	4.0
4	59	1.0
4	61	7.0
4	62	5.0
4	78	1.0
4	80	6.0
4	81	2.0
4	82	1.0
4	95	1.0
4	115	1.0
4	150	1.0
5	5	327.0
5	6	6.0
5	7	10.0
5	8	20.0
5	9	11.0
5	10	1.0
5	12	3.0
5	13	5.0
5	15	1.0
5	16	13.0
5	17	13.0
5	18	7.0
5	19	2.0
5	20	2.0
5	21	11.0
5	22	2.0
5	23	1.0
5	25	2.0
5	28	2.0
5	29	1.0
5	30	1.0
5	31	3.0
5	32	11.0
5	33	1.0
5	34	7.0
5	43	6.0
5	71	1.0
5	80	8.0
5	81	3.0
5	83	1.0
5	104	1.0
5	116	1.0
5	120	1.0
6	6	394.0
6	7	44.0
6	8	32.0
6	9	3.0
6	16	2.0
6	17	5.0
6	18	1.0
6	19	8.0
6	20	9.0
6	21	6.0
6	22	9.0
6	23	1.0
6	24	1.0
6	25	1.0
6	27	3.0
6	28	6.0
6	30	1.0
6	31	4.0
6	32	6.0
6	43	3.0
6	44	1.0
6	46	2.0
6	49	1.0
6	56	1.0
6	62	1.0
6	135	1.0
6	151	1.0
6	174	1.0
6	186	1.0
7	7	434.0
7	8	16.0
7	17	2.0
7	18	1.0
7	20	1.0
7	21	4.0
7	22	2.0
7	23	7.0
7	24	1.0
7	25	3.0
7	29	4.0
7	30	2.0
7	31	8.0
7	32	3.0
7	34	7.0
7	35	1.0
7	37	5.0
7	38	7.0
7	43	3.0
7	45	2.0
7	47	2.0
7	48	8.0
7	71	2.0
7	82	3.0
7	157	1.0
7	170	1.0
8	8	491.0
8	9	18.0
8	10	5.0
8	12	2.0
8	13	5.0
8	14	1.0
8	15	4.0
8	16	7.0
8	17	5.0
8	21	1.0
8	22	2.0
8	23	1.0
8	29	2.0
8	30	2.0
8	31	8.0
8	32	5.0
8	33	1.0
8	34	2.0
8	35	2.0
8	47	1.0
8	48	4.0
8	60	1.0
8	80	3.0
8	81	1.0
8	114	1.0
8	119	1.0
8	164	1.0
9	9	219.0
9	10	14.0
9	11	1.0
9	12	5.0
9	13	10.0
9	14	1.0
9	15	5.0
9	16	14.0
9	17	9.0
9	18	3.0
9	19	2.0
9	20	1.0
9	29	2.0
9	32	2.0
9	43	1.0
9	79	13.0
9	80	5.0
9	81	1.0
9	82	5.0
9	83	1.0
9	84	3.0
9	141	4.0
10	10	400.0
10	11	27.0
10	12	2.0
10	13	1.0
10	14	13.0
10	15	13.0
10	16	10.0
10	20	1.0
10	23	1.0
10	28	1.0
10	29	3.0
10	30	2.0
10	31	1.0
10	34	4.0
10	35	4.0
10	52	2.0
10	78	1.0
10	79	20.0
10	80	2.0
10	81	1.0
10	82	2.0
10	88	1.0
10	99	1.0
10	104	1.0
10	140	1.0
10	141	4.0
10	142	4.0
10	150	1.0
10	154	1.0
10	160	1.0
11	11	323.0
11	12	9.0
11	13	5.0
11	14	24.0
11	15	15.0
11	17	2.0
11	18	12.0
11	19	1.0
11	21	1.0
11	25	1.0
11	29	2.0
11	30	6.0
11	35	3.0
11	38	4.0
11	39	1.0
11	42	1.0
11	61	5.0
11	62	1.0
11	64	3.0
11	75	1.0
11	78	7.0
11	79	1.0
11	80	2.0
11	81	5.0
11	82	5.0
11	83	1.0
11	122	1.0
11	136	1.0
11	140	4.0
11	141	10.0
11	142	3.0
11	144	1.0
11	151	1.0
11	152	1.0
11	158	1.0
11	170	1.0
11	178	2.0
12	12	325.0
12	13	18.0
12	14	21.0
12	15	5.0
12	16	17.0
12	17	7.0
12	18	15.0
12	19	3.0
12	20	4.0
12	21	5.0
12	26	1.0
12	27	1.0
12	29	11.0
12	30	2.0
12	31	1.0
12	34	1.0
12	35	4.0
12	36	1.0
12	42	1.0
12	53	1.0
12	59	1.0
12	60	1.0
12	61	2.0
12	62	3.0
12	79	12.0
12	80	4.0
12	81	5.0
12	82	7.0
12	83	3.0
12	90	2.0
12	141	3.0
12	153	1.0
12	162	1.0
12	178	1.0
13	13	366.0
13	14	30.0
13	15	25.0
13	16	12.0
13	17	6.0
13	18	6.0
13	21	5.0
13	23	1.0
13	24	1.0
13	29	7.0
13	30	10.0
13	32	1.0
13	35	1.0
13	38	4.0
13	43	1.0
13	56	2.0
13	59	12.0
13	60	4.0
13	66	1.0
13	78	9.0
13	79	2.0
13	80	4.0
13	81	2.0
13	104	1.0
13	108	1.0
13	142	3.0
13	146	1.0
13	156	1.0
14	14	314.0
14	15	31.0
14	16	3.0
14	18	5.0
14	19	2.0
14	21	1.0
14	28	2.0
14	30	1.0
14	31	1.0
14	34	6.0
14	35	4.0
14	38	5.0
14	39	1.0
14	42	2.0
14	58	1.0
14	59	5.0
14	60	8.0
14	61	6.0
14	62	5.0
14	64	3.0
14	71	3.0
14	78	6.0
14	80	2.0
14	81	1.0
14	90	1.0
14	111	1.0
14	144	3.0
14	146	1.0
14	152	2.0
14	156	1.0
15	15	335.0
15	16	1.0
15	17	9.0
15	18	13.0
15	20	1.0
15	25	4.0
15	28	1.0
15	30	4.0
15	35	2.0
15	37	3.0
15	38	3.0
15	56	1.0
15	58	1.0
15	59	3.0
15	60	10.0
15	61	5.0
15	62	9.0
15	78	6.0
15	79	1.0
15	80	2.0
15	82	2.0
15	115	1.0
15	138	1.0
15	144	2.0
15	146	1.0
15	152	6.0
16	16	361.0
16	17	12.0
16	18	4.0
16	21	2.0
16	27	2.0
16	31	5.0
16	32	10.0
16	33	2.0
16	36	9.0
16	37	9.0
16	38	3.0
16	41	1.0
16	43	2.0
16	44	1.0
16	49	3.0
16	54	3.0
16	56	1.0
16	65	1.0
16	88	1.0
16	91	5.0
16	116	16.0
16	133	1.0
16	144	3.0
16	160	1.0
16	162	1.0
16	163	3.0
16	164	6.0
16	179	5.0
17	17	375.0
17	18	19.0
17	20	1.0
17	21	11.0
17	27	6.0
17	28	3.0
17	31	10.0
17	32	9.0
17	34	1.0
17	35	4.0
17	37	11.0
17	38	4.0
17	54	2.0
17	55	1.0
17	56	3.0
17	61	4.0
17	81	1.0
17	83	1.0
17	90	2.0
17	91	2.0
17	112	1.0
17	115	1.0
17	116	6.0
17	118	1.0
17	142	1.0
17	146	1.0
17	179	10.0
17	185	1.0
18	18	356.0
18	19	9.0
18	20	17.0
18	21	11.0
18	26	1.0
18	27	1.0
18	28	1.0
18	29	8.0
18	30	3.0
18	31	2.0
18	35	8.0
18	36	4.0
18	37	1.0
18	59	1.0
18	61	16.0
18	62	7.0
18	79	8.0
18	81	8.0
18	83	2.0
18	90	2.0
18	109	1.0
18	113	1.0
18	150	1.0
18	167	1.0
18	178	1.0
19	19	354.0
19	20	32.0
19	21	19.0
19	25	2.0
19	26	1.0
19	27	10.0
19	28	8.0
19	29	2.0
19	30	3.0
19	38	1.0
19	40	1.0
19	43	4.0
19	44	2.0
19	49	1.0
19	53	4.0
19	54	2.0
19	58	1.0
19	61	2.0
19	62	3.0
19	73	1.0
19	78	1.0
19	81	1.0
19	82	5.0
19	83	11.0
19	84	4.0
19	85	1.0
19	89	1.0
19	90	1.0
19	113	1.0
19	141	1.0
19	142	3.0
19	143	1.0
19	144	2.0
19	161	1.0
20	20	337.0
20	21	8.0
20	22	1.0
20	25	5.0
20	26	4.0
20	27	2.0
20	29	2.0
20	30	9.0
20	35	3.0
20	36	1.0
20	58	19.0
20	59	6.0
20	60	1.0
20	61	9.0
20	62	16.0
20	83	2.0
20	90	3.0
20	133	1.0
20	141	1.0
20	146	3.0
20	151	1.0
20	161	3.0
20	171	1.0
21	21	340.0
21	22	11.0
21	24	1.0
21	25	2.0
21	29	3.0
21	30	1.0
21	32	5.0
21	35	1.0
21	43	8.0
21	44	2.0
21	58	1.0
21	61	4.0
21	62	7.0
21	83	12.0
21	90	1.0
21	140	4.0
21	141	9.0
21	142	12.0
21	143	11.0
21	144	1.0
21	159	1.0
21	161	7.0
22	22	350.0
22	23	7.0
22	24	9.0
22	25	4.0
22	29	5.0
22	31	13.0
22	32	3.0
22	43	12.0
22	44	1.0
22	45	1.0
22	46	2.0
22	47	5.0
22	48	4.0
22	67	1.0
22	83	3.0
22	84	3.0
22	85	3.0
22	140	3.0
22	141	3.0
22	143	5.0
22	159	1.0
22	160	2.0
22	161	19.0
22	162	2.0
22	164	1.0
22	170	3.0
22	173	1.0
22	174	1.0
23	23	342.0
23	24	15.0
23	25	4.0
23	28	2.0
23	29	11.0
23	43	1.0
23	44	12.0
23	45	8.0
23	46	1.0
23	49	3.0
23	61	1.0
23	80	1.0
23	85	5.0
23	137	1.0
23	138	8.0
23	139	4.0
23	160	3.0
23	162	15.0
23	163	6.0
23	164	9.0
23	168	1.0
23	169	5.0
23	170	19.0
23	171	2.0
23	173	1.0
24	24	399.0
24	25	39.0
24	26	1.0
24	28	1.0
24	33	4.0
24	37	2.0
24	38	1.0
24	40	3.0
24	42	3.0
24	43	2.0
24	44	8.0
24	45	5.0
24	46	4.0
24	47	5.0
24	48	13.0
24	84	2.0
24	85	11.0
24	86	1.0
24	112	1.0
24	134	1.0
24	140	1.0
24	159	2.0
24	160	4.0
24	161	16.0
24	162	1.0
24	165	1.0
25	25	383.0
25	26	19.0
25	27	2.0
25	28	1.0
25	30	3.0
25	31	1.0
25	33	3.0
25	37	3.0
25	41	3.0
25	42	1.0
25	43	1.0
25	44	2.0
25	45	2.0
25	46	2.0
25	47	6.0
25	48	16.0
25	49	2.0
25	53	3.0
25	54	3.0
25	56	1.0
25	79	3.0
25	81	1.0
25	82	1.0
25	83	1.0
25	84	2.0
25	85	2.0
25	86	12.0
25	87	1.0
25	88	3.0
25	89	1.0
25	90	4.0
25	115	1.0
25	133	1.0
25	144	1.0
25	153	1.0
25	161	2.0
25	162	11.0
25	175	2.0
25	178	1.0
26	26	395.0
26	27	3.0
26	30	3.0
26	31	2.0
26	34	1.0
26	36	6.0
26	37	1.0
26	40	6.0
26	48	1.0
26	53	6.0
26	54	4.0
26	56	2.0
26	79	1.0
26	82	1.0
26	83	1.0
26	86	1.0
26	88	2.0
26	89	6.0
26	90	22.0
26	160	1.0
26	186	1.0
27	27	343.0
27	28	34.0
27	29	2.0
27	30	3.0
27	31	7.0
27	32	4.0
27	33	1.0
27	34	1.0
27	35	6.0
27	36	9.0
27	37	7.0
27	38	4.0
27	39	3.0
27	40	1.0
27	53	6.0
27	54	1.0
27	58	1.0
27	59	2.0
27	60	13.0
27	77	2.0
27	78	3.0
27	88	1.0
27	89	1.0
27	90	1.0
27	91	1.0
27	94	2.0
27	125	2.0
27	167	1.0
27	179	1.0
28	28	325.0
28	29	6.0
28	30	3.0
28	31	3.0
28	32	4.0
28	34	20.0
28	35	3.0
28	37	2.0
28	38	5.0
28	43	5.0
28	44	5.0
28	54	1.0
28	58	5.0
28	59	4.0
28	60	15.0
28	61	1.0
28	64	1.0
28	66	1.0
28	76	1.0
28	77	5.0
28	78	1.0
28	80	1.0
28	94	1.0
28	112	1.0
29	29	338.0
29	30	19.0
29	31	7.0
29	32	2.0
29	33	2.0
29	34	1.0
29	35	10.0
29	42	1.0
29	43	3.0
29	59	2.0
29	80	5.0
29	81	16.0
29	82	5.0
29	83	2.0
29	142	5.0
29	154	2.0
29	155	1.0
29	163	1.0
29	167	1.0
29	190	1.0
30	30	303.0
30	31	10.0
30	32	19.0
30	33	14.0
30	34	8.0
30	35	8.0
30	36	1.0
30	37	7.0
30	38	6.0
30	40	1.0
30	41	1.0
30	42	6.0
30	45	2.0
30	59	2.0
30	61	2.0
30	62	3.0
30	65	1.0
30	80	14.0
30	81	4.0
30	82	4.0
30	83	1.0
30	89	1.0
30	90	1.0
30	105	1.0
30	142	3.0
30	177	1.0
30	179	4.0
31	31	312.0
31	32	29.0
31	33	14.0
31	34	8.0
31	35	17.0
31	36	5.0
31	37	1.0
31	38	3.0
31	40	3.0
31	42	2.0
31	46	1.0
31	48	2.0
31	56	1.0
31	90	2.0
31	91	1.0
31	115	2.0
31	142	2.0
31	179	7.0
32	32	278.0
32	33	23.0
32	34	8.0
32	35	9.0
32	36	7.0
32	37	9.0
32	38	1.0
32	40	1.0
32	46	1.0
32	55	7.0
32	56	2.0
32	90	5.0
32	91	3.0
32	100	1.0
32	103	1.0
32	117	1.0
32	133	1.0
32	142	2.0
32	147	1.0
32	179	6.0
33	33	325.0
33	34	7.0
33	35	4.0
33	36	4.0
33	37	11.0
33	40	2.0
33	42	3.0
33	44	1.0
33	45	2.0
33	46	4.0
33	47	3.0
33	48	1.0
33	54	3.0
33	55	8.0
33	56	12.0
33	59	1.0
33	61	1.0
33	62	3.0
33	75	1.0
33	90	2.0
33	96	1.0
33	115	2.0
33	116	1.0
33	117	2.0
33	131	1.0
33	136	1.0
33	141	1.0
33	142	1.0
33	143	8.0
33	146	1.0
33	160	11.0
33	161	2.0
33	162	1.0
33	170	1.0
33	179	9.0
33	180	3.0
33	182	1.0
33	183	1.0
34	34	318.0
34	35	15.0
34	37	3.0
34	38	1.0
34	42	11.0
34	55	3.0
34	56	1.0
34	59	5.0
34	60	2.0
34	63	1.0
34	64	2.0
34	66	1.0
34	67	4.0
34	76	5.0
34	78	1.0
34	80	3.0
34	83	1.0
34	91	5.0
34	93	1.0
34	94	10.0
34	115	1.0
34	117	1.0
34	142	5.0
34	143	2.0
34	178	2.0
34	179	3.0
34	187	1.0
34	190	1.0
35	35	323.0
35	36	7.0
35	37	1.0
35	38	3.0
35	42	13.0
35	48	1.0
35	56	2.0
35	58	1.0
35	60	2.0
35	61	1.0
35	62	1.0
35	63	1.0
35	76	4.0
35	77	1.0
35	78	2.0
35	80	2.0
35	81	2.0
35	82	1.0
35	83	3.0
35	91	5.0
35	127	1.0
35	142	1.0
35	179	4.0
36	36	305.0
36	37	13.0
36	38	10.0
36	41	11.0
36	42	7.0
36	48	1.0
36	55	1.0
36	61	4.0
36	62	6.0
36	63	1.0
36	64	15.0
36	65	8.0
36	66	2.0
36	67	2.0
36	78	2.0
36	87	2.0
36	90	2.0
36	96	1.0
36	115	1.0
36	116	3.0
36	142	1.0
36	162	1.0
36	173	1.0
36	179	3.0
37	37	367.0
37	38	18.0
37	40	1.0
37	41	1.0
37	42	9.0
37	45	3.0
37	46	2.0
37	47	4.0
37	48	4.0
37	55	1.0
37	56	7.0
37	61	2.0
37	62	4.0
37	65	8.0
37	76	2.0
37	77	2.0
37	78	2.0
37	90	10.0
37	94	2.0
37	102	1.0
37	107	1.0
37	116	1.0
37	145	2.0
37	179	4.0
37	180	2.0
38	38	348.0
38	39	12.0
38	40	5.0
38	41	1.0
38	42	7.0
38	44	1.0
38	45	1.0
38	47	1.0
38	48	1.0
38	56	2.0
38	58	5.0
38	60	6.0
38	61	2.0
38	62	6.0
38	65	1.0
38	66	1.0
38	74	2.0
38	76	1.0
38	77	7.0
38	78	11.0
38	87	1.0
38	91	2.0
38	94	2.0
38	95	1.0
38	100	1.0
38	103	1.0
38	121	1.0
38	142	1.0
38	174	1.0
39	39	342.0
39	40	19.0
39	57	5.0
39	58	4.0
39	59	1.0
39	61	1.0
39	72	3.0
39	74	6.0
39	77	4.0
39	78	6.0
39	91	1.0
39	92	1.0
39	94	2.0
39	95	14.0
39	96	1.0
39	103	3.0
39	118	1.0
39	139	1.0
39	173	1.0
39	176	1.0
40	40	269.0
40	41	8.0
40	44	1.0
40	55	1.0
40	56	7.0
40	62	1.0
40	69	1.0
40	73	1.0
40	74	4.0
40	75	2.0
40	76	4.0
40	79	1.0
40	88	3.0
40	89	1.0
40	90	7.0
40	94	4.0
40	115	3.0
40	142	1.0
40	143	2.0
40	152	1.0
40	171	1.0
41	41	357.0
41	48	2.0
41	54	12.0
41	55	1.0
41	63	1.0
41	64	15.0
41	65	9.0
41	66	2.0
41	84	1.0
41	87	7.0
41	88	13.0
41	89	1.0
41	90	3.0
41	102	1.0
41	115	1.0
41	122	1.0
41	138	1.0
41	143	2.0
41	144	1.0
41	152	1.0
41	154	1.0
41	164	1.0
41	180	1.0
42	42	387.0
42	43	2.0
42	46	6.0
42	47	13.0
42	48	5.0
42	49	2.0
42	53	4.0
42	61	2.0
42	62	14.0
42	63	2.0
42	64	1.0
42	65	2.0
42	66	1.0
42	72	1.0
42	82	1.0
42	91	1.0
42	116	1.0
42	124	8.0
42	144	7.0
42	151	2.0
42	152	1.0
42	162	4.0
42	164	3.0
42	165	5.0
42	168	14.0
43	43	314.0
43	44	4.0
43	45	7.0
43	46	13.0
43	47	20.0
43	54	1.0
43	60	1.0
43	87	1.0
43	107	1.0
43	113	4.0
43	145	12.0
43	146	4.0
43	147	2.0
43	148	8.0
43	150	1.0
43	163	2.0
43	164	1.0
43	165	3.0
43	167	3.0
44	44	287.0
44	45	7.0
44	47	4.0
44	48	5.0
44	49	1.0
44	111	1.0
44	146	10.0
44	147	7.0
44	148	2.0
44	149	9.0
44	150	1.0
44	178	1.0
45	45	307.0
45	46	23.0
45	47	11.0
45	48	12.0
45	49	1.0
45	62	3.0
45	98	1.0
45	125	3.0
45	126	6.0
45	127	1.0
45	144	1.0
45	145	2.0
45	146	1.0
45	147	1.0
45	148	2.0
45	149	8.0
45	150	15.0
45	151	3.0
45	164	1.0
45	165	14.0
45	167	4.0
45	168	1.0
46	46	323.0
46	47	16.0
46	48	12.0
46	62	2.0
46	113	1.0
46	126	1.0
46	127	1.0
46	148	1.0
46	150	3.0
46	164	2.0
46	165	15.0
46	168	2.0
47	47	345.0
47	48	20.0
47	49	1.0
47	52	3.0
47	53	2.0
47	88	1.0
47	103	1.0
47	124	9.0
47	127	1.0
47	141	1.0
47	144	2.0
47	145	6.0
47	146	1.0
47	148	1.0
47	150	1.0
47	151	9.0
47	155	1.0
47	165	4.0
47	166	2.0
47	168	10.0
47	171	1.0
47	176	1.0
47	189	1.0
48	48	325.0
48	49	1.0
48	52	6.0
48	53	5.0
48	54	2.0
48	57	1.0
48	88	3.0
48	89	1.0
48	124	1.0
48	144	14.0
48	145	4.0
48	146	1.0
48	147	1.0
48	162	1.0
48	165	4.0
49	49	177.0
49	53	1.0
49	59	1.0
49	64	1.0
49	68	1.0
49	69	1.0
49	80	1.0
49	114	1.0
49	117	1.0
49	119	1.0
49	123	1.0
49	124	2.0
49	144	1.0
49	146	1.0
49	149	1.0
49	158	1.0
49	161	1.0
49	162	1.0
49	167	1.0
49	178	1.0
52	52	122.0
52	53	10.0
52	54	2.0
52	55	2.0
52	56	4.0
52	79	5.0
52	93	1.0
52	95	4.0
52	118	1.0
52	144	3.0
52	151	1.0
52	164	1.0
52	165	1.0
52	168	1.0
53	53	333.0
53	54	10.0
53	55	10.0
53	56	5.0
53	58	2.0
53	63	1.0
53	79	7.0
53	86	10.0
53	88	1.0
53	89	3.0
53	93	6.0
53	115	1.0
53	144	17.0
53	147	1.0
53	165	1.0
53	172	1.0
53	179	1.0
54	54	359.0
54	55	11.0
54	56	3.0
54	79	3.0
54	87	1.0
54	88	4.0
54	89	1.0
54	95	1.0
54	116	2.0
54	117	1.0
54	123	1.0
54	143	2.0
54	152	2.0
54	160	4.0
54	162	4.0
54	163	6.0
54	164	9.0
54	165	1.0
54	170	3.0
54	179	1.0
55	55	351.0
55	56	10.0
55	57	3.0
55	63	1.0
55	76	1.0
55	77	5.0
55	79	12.0
55	80	5.0
55	87	1.0
55	92	11.0
55	93	6.0
55	94	9.0
55	95	6.0
55	115	4.0
55	116	5.0
55	117	4.0
55	142	2.0
55	143	3.0
55	159	2.0
55	160	1.0
55	162	2.0
55	163	3.0
55	169	1.0
55	170	3.0
55	178	1.0
55	179	8.0
55	190	1.0
56	56	353.0
56	57	15.0
56	58	1.0
56	59	1.0
56	63	1.0
56	73	1.0
56	74	7.0
56	76	3.0
56	77	1.0
56	78	7.0
56	79	24.0
56	80	1.0
56	90	7.0
56	91	3.0
56	92	2.0
56	93	6.0
56	94	4.0
56	95	2.0
56	101	1.0
56	142	2.0
56	143	3.0
56	161	1.0
56	173	1.0
56	179	2.0
56	180	1.0
57	57	340.0
57	58	2.0
57	59	2.0
57	60	4.0
57	61	1.0
57	72	4.0
57	73	3.0
57	74	8.0
57	77	2.0
57	78	13.0
57	79	5.0
57	80	5.0
57	81	1.0
57	84	1.0
57	85	1.0
57	91	1.0
57	92	2.0
57	93	1.0
57	94	8.0
57	95	3.0
57	96	3.0
57	99	5.0
57	100	5.0
57	102	5.0
57	103	14.0
57	104	7.0
57	141	1.0
57	175	3.0
57	176	2.0
57	177	4.0
57	178	6.0
57	185	1.0
57	187	1.0
57	190	2.0
58	58	336.0
58	59	21.0
58	60	2.0
58	61	12.0
58	62	6.0
58	63	9.0
58	65	2.0
58	66	2.0
58	67	1.0
58	68	4.0
58	69	1.0
58	77	9.0
58	78	1.0
58	93	1.0
58	143	1.0
58	146	1.0
58	152	1.0
58	180	1.0
59	59	308.0
59	60	14.0
59	61	12.0
59	62	15.0
59	63	12.0
59	64	3.0
59	65	1.0
59	66	1.0
59	67	8.0
59	68	1.0
59	77	1.0
59	78	1.0
59	79	1.0
59	80	1.0
59	91	1.0
59	93	1.0
59	99	1.0
59	144	3.0
59	146	3.0
59	156	1.0
59	181	1.0
60	60	269.0
60	61	7.0
60	62	9.0
60	63	18.0
60	65	6.0
60	67	1.0
60	77	2.0
60	78	5.0
60	80	4.0
60	84	6.0
60	85	4.0
60	91	2.0
60	93	2.0
60	94	5.0
60	131	1.0
60	133	1.0
60	144	2.0
60	146	4.0
60	147	8.0
60	151	1.0
60	170	1.0
60	189	1.0
61	61	302.0
61	62	14.0
61	63	15.0
61	64	9.0
61	65	23.0
61	66	18.0
61	67	5.0
61	68	1.0
61	85	1.0
61	93	1.0
61	112	1.0
61	127	1.0
61	129	1.0
61	142	1.0
61	143	1.0
61	144	1.0
62	62	287.0
62	63	7.0
62	64	9.0
62	65	8.0
62	85	2.0
62	144	2.0
62	146	5.0
62	147	1.0
62	152	6.0
62	156	1.0
63	63	320.0
63	64	10.0
63	65	16.0
63	66	8.0
63	67	5.0
63	68	2.0
63	112	1.0
63	119	1.0
63	144	2.0
63	146	14.0
63	147	1.0
64	64	273.0
64	65	18.0
64	66	3.0
64	67	2.0
64	73	1.0
64	82	4.0
64	144	2.0
64	145	13.0
64	147	7.0
64	148	11.0
64	150	4.0
64	151	6.0
64	153	2.0
64	156	2.0
64	158	1.0
65	65	311.0
65	66	9.0
65	67	7.0
65	68	4.0
65	69	5.0
65	107	1.0
65	135	7.0
65	145	7.0
65	146	1.0
65	148	8.0
65	149	4.0
65	150	8.0
65	151	3.0
65	152	2.0
65	157	1.0
65	158	1.0
65	169	1.0
65	175	1.0
66	66	310.0
66	67	9.0
66	68	27.0
66	69	6.0
66	77	2.0
66	108	9.0
66	135	1.0
66	144	1.0
66	149	5.0
66	150	6.0
66	189	3.0
67	67	309.0
67	68	22.0
67	69	8.0
67	73	2.0
67	77	10.0
67	78	1.0
67	87	1.0
67	91	9.0
67	92	2.0
67	93	5.0
67	95	2.0
67	97	1.0
67	103	1.0
67	106	1.0
67	123	1.0
67	133	1.0
67	135	3.0
67	139	2.0
67	144	7.0
67	145	1.0
67	147	6.0
67	148	3.0
67	149	1.0
67	150	9.0
67	151	11.0
67	152	1.0
67	153	4.0
67	155	7.0
67	156	6.0
67	157	5.0
67	158	3.0
67	159	2.0
67	172	4.0
67	174	1.0
68	68	363.0
68	69	17.0
68	70	2.0
68	77	9.0
68	93	3.0
68	101	1.0
68	106	10.0
68	107	10.0
68	108	11.0
68	109	1.0
68	120	1.0
68	124	1.0
68	148	6.0
68	149	8.0
68	150	2.0
68	151	1.0
68	153	1.0
68	182	3.0
68	185	1.0
68	186	1.0
68	187	2.0
68	189	7.0
68	190	2.0
69	69	308.0
69	70	13.0
69	80	1.0
69	82	1.0
69	83	1.0
69	106	1.0
69	107	1.0
69	108	7.0
69	132	1.0
69	145	1.0
69	148	7.0
69	149	12.0
69	150	6.0
69	151	1.0
69	153	1.0
69	167	1.0
69	182	1.0
69	183	1.0
69	184	1.0
69	186	1.0
69	189	1.0
70	70	329.0
70	71	2.0
70	72	1.0
70	74	8.0
70	75	1.0
70	76	3.0
70	78	1.0
70	83	4.0
70	92	7.0
70	93	3.0
70	94	1.0
70	96	1.0
70	97	2.0
70	100	1.0
70	104	1.0
70	107	1.0
70	109	3.0
70	113	1.0
70	173	1.0
70	187	2.0
71	71	344.0
71	72	1.0
71	73	3.0
71	74	16.0
71	75	3.0
71	76	4.0
71	81	6.0
71	83	2.0
71	84	4.0
71	85	1.0
71	88	1.0
71	92	3.0
71	96	7.0
71	97	4.0
71	98	11.0
71	99	17.0
71	100	4.0
71	101	7.0
71	102	1.0
71	104	3.0
71	152	1.0
71	153	1.0
71	176	4.0
71	178	3.0
71	182	7.0
72	72	314.0
72	73	15.0
72	74	13.0
72	75	13.0
72	76	10.0
72	78	8.0
72	80	2.0
72	81	2.0
72	82	17.0
72	83	12.0
72	84	5.0
72	91	5.0
72	92	15.0
72	93	3.0
72	94	6.0
72	95	3.0
72	96	7.0
72	97	5.0
72	98	3.0
72	100	4.0
72	101	2.0
72	103	2.0
72	128	1.0
72	163	1.0
72	164	1.0
72	178	3.0
72	189	1.0
73	73	297.0
73	74	19.0
73	75	14.0
73	76	7.0
73	78	5.0
73	80	1.0
73	81	9.0
73	82	6.0
73	84	2.0
73	89	1.0
73	90	1.0
73	91	1.0
73	92	1.0
73	94	2.0
73	95	5.0
73	97	3.0
73	100	2.0
73	101	3.0
73	103	5.0
73	104	5.0
73	115	1.0
73	176	13.0
73	177	5.0
73	178	11.0
74	74	335.0
74	75	11.0
74	76	6.0
74	77	2.0
74	78	1.0
74	81	3.0
74	83	7.0
74	84	4.0
74	85	1.0
74	88	1.0
74	92	6.0
74	93	2.0
74	94	8.0
74	95	5.0
74	96	2.0
74	98	3.0
74	99	3.0
74	100	4.0
74	101	10.0
74	103	3.0
74	110	1.0
74	114	1.0
74	115	3.0
74	136	1.0
74	142	1.0
74	178	1.0
75	75	323.0
75	76	32.0
75	78	1.0
75	82	10.0
75	83	11.0
75	84	5.0
75	85	1.0
75	91	2.0
75	92	1.0
75	94	4.0
75	95	10.0
75	98	1.0
75	101	8.0
75	102	2.0
75	103	4.0
75	115	2.0
75	119	1.0
75	139	1.0
75	142	5.0
75	149	1.0
75	176	1.0
75	178	4.0
76	76	319.0
76	77	5.0
76	78	1.0
76	81	3.0
76	82	3.0
76	83	6.0
76	84	4.0
76	90	3.0
76	91	5.0
76	92	1.0
76	93	3.0
76	94	8.0
76	95	4.0
76	101	8.0
76	102	3.0
76	103	1.0
76	115	1.0
76	117	4.0
76	142	4.0
76	144	1.0
76	146	1.0
76	164	1.0
76	178	6.0
77	77	388.0
77	78	14.0
77	84	1.0
77	85	3.0
77	86	1.0
77	90	3.0
77	91	5.0
77	92	1.0
77	93	6.0
77	94	9.0
77	95	3.0
77	97	1.0
78	78	371.0
78	79	6.0
78	80	6.0
78	81	7.0
78	82	1.0
78	84	8.0
78	85	5.0
78	90	12.0
78	91	3.0
78	92	3.0
78	94	22.0
78	95	17.0
78	101	3.0
78	149	1.0
79	79	326.0
79	80	4.0
79	81	5.0
79	82	6.0
79	83	2.0
79	92	4.0
79	94	1.0
79	95	1.0
79	132	1.0
79	140	3.0
79	141	6.0
79	142	1.0
79	146	2.0
79	154	1.0
79	182	1.0
79	183	1.0
80	80	309.0
80	81	7.0
80	82	2.0
80	84	2.0
80	85	8.0
80	89	1.0
80	90	7.0
80	91	4.0
80	92	5.0
80	93	3.0
80	94	7.0
80	95	1.0
81	81	335.0
81	82	9.0
81	83	2.0
81	84	1.0
81	85	3.0
81	89	1.0
81	90	5.0
81	91	1.0
81	95	4.0
81	97	3.0
81	101	12.0
81	102	10.0
81	103	1.0
81	141	1.0
81	142	7.0
81	155	1.0
82	82	373.0
82	83	11.0
82	84	1.0
82	87	8.0
82	110	1.0
82	141	1.0
82	142	3.0
82	145	8.0
82	169	1.0
83	83	343.0
83	84	10.0
83	85	3.0
83	88	1.0
83	89	2.0
83	104	1.0
83	140	14.0
83	141	6.0
83	142	7.0
83	143	8.0
83	149	2.0
83	161	3.0
84	84	339.0
84	85	22.0
84	88	1.0
84	89	1.0
84	90	2.0
84	93	1.0
84	94	1.0
84	123	1.0
84	138	1.0
84	139	2.0
84	140	6.0
84	141	1.0
84	156	1.0
84	158	1.0
84	159	8.0
84	160	9.0
84	161	7.0
84	172	3.0
84	173	4.0
84	174	9.0
84	181	1.0
85	85	339.0
85	86	19.0
85	87	7.0
85	88	3.0
85	89	5.0
85	90	3.0
85	94	1.0
85	95	4.0
85	104	1.0
85	113	1.0
85	138	7.0
85	139	1.0
85	140	4.0
85	154	4.0
85	157	2.0
85	159	3.0
85	160	8.0
85	161	1.0
85	172	3.0
85	173	3.0
85	174	9.0
85	186	1.0
85	188	1.0
86	86	331.0
86	87	4.0
86	88	4.0
86	89	5.0
86	90	2.0
86	91	1.0
86	103	1.0
86	122	1.0
86	144	2.0
86	161	5.0
86	162	1.0
87	87	316.0
87	88	28.0
87	89	5.0
87	90	3.0
87	116	1.0
87	140	1.0
87	143	4.0
87	148	1.0
87	151	1.0
87	178	1.0
88	88	341.0
88	89	20.0
88	92	1.0
88	144	3.0
88	146	1.0
88	148	1.0
88	154	1.0
89	89	306.0
89	90	4.0
89	91	5.0
89	95	1.0
89	100	2.0
89	115	1.0
89	144	1.0
89	148	1.0
89	154	1.0
89	190	1.0
90	90	344.0
90	91	5.0
90	93	1.0
90	94	2.0
90	95	10.0
90	115	1.0
90	141	1.0
90	153	1.0
90	156	1.0
90	175	1.0
90	179	1.0
91	91	289.0
91	92	12.0
91	93	3.0
91	94	8.0
91	95	14.0
91	96	3.0
91	97	1.0
91	131	1.0
91	133	1.0
91	176	1.0
91	178	3.0
92	92	323.0
92	93	18.0
92	94	7.0
92	95	5.0
92	96	3.0
92	97	13.0
92	98	6.0
92	99	1.0
92	100	4.0
92	157	1.0
92	176	3.0
92	178	8.0
93	93	326.0
93	94	19.0
93	95	12.0
93	96	4.0
93	97	4.0
93	99	10.0
93	100	1.0
93	118	1.0
93	135	2.0
93	160	1.0
94	94	305.0
94	95	11.0
94	97	1.0
94	100	1.0
94	128	1.0
94	131	2.0
94	161	1.0
94	178	2.0
94	186	1.0
95	95	318.0
95	96	1.0
95	97	2.0
95	101	2.0
95	117	1.0
95	178	1.0
96	96	335.0
96	97	12.0
96	98	10.0
96	99	10.0
96	100	4.0
96	103	5.0
96	104	1.0
96	134	1.0
96	143	1.0
96	182	1.0
96	183	1.0
96	190	1.0
97	97	339.0
97	98	15.0
97	100	15.0
97	101	12.0
97	103	2.0
97	104	11.0
97	115	1.0
97	161	1.0
97	169	1.0
97	176	4.0
97	177	2.0
97	178	5.0
97	181	5.0
97	182	1.0
97	183	2.0
97	184	1.0
98	98	340.0
98	99	11.0
98	100	9.0
98	103	2.0
98	104	17.0
98	115	1.0
98	126	1.0
98	131	1.0
98	176	2.0
99	99	336.0
99	100	13.0
99	102	3.0
99	103	7.0
99	104	1.0
99	148	1.0
99	169	1.0
99	174	1.0
99	177	3.0
99	178	1.0
99	182	6.0
99	183	2.0
100	100	339.0
100	101	9.0
100	102	2.0
100	103	7.0
100	104	3.0
100	105	1.0
100	159	1.0
100	170	1.0
100	175	3.0
100	176	2.0
100	177	9.0
100	178	7.0
100	180	1.0
100	181	2.0
100	182	1.0
100	183	1.0
100	186	1.0
100	187	2.0
100	189	5.0
100	190	2.0
101	101	341.0
101	102	30.0
101	103	4.0
101	110	1.0
101	114	1.0
101	122	1.0
101	140	5.0
101	142	2.0
101	175	2.0
101	176	10.0
101	177	4.0
101	180	2.0
101	181	1.0
101	185	1.0
101	187	2.0
101	189	3.0
101	190	2.0
102	102	304.0
102	103	17.0
102	104	2.0
102	113	2.0
102	114	4.0
102	115	5.0
102	116	1.0
102	120	1.0
102	133	1.0
102	140	3.0
102	141	3.0
102	142	1.0
102	144	1.0
102	175	3.0
102	176	4.0
102	177	4.0
102	178	2.0
102	180	1.0
102	187	2.0
102	188	3.0
102	189	3.0
102	190	1.0
103	103	317.0
103	104	5.0
103	112	1.0
103	176	2.0
103	178	6.0
103	182	1.0
103	187	2.0
103	190	1.0
104	104	315.0
104	105	9.0
104	106	4.0
104	107	2.0
104	108	1.0
104	109	3.0
104	151	1.0
104	152	1.0
104	176	4.0
104	177	1.0
104	178	1.0
104	181	3.0
104	182	3.0
104	183	3.0
104	184	1.0
104	186	1.0
104	187	6.0
104	188	1.0
104	190	1.0
105	105	331.0
105	106	13.0
105	107	1.0
105	108	18.0
105	109	11.0
105	110	1.0
105	111	4.0
105	112	10.0
105	115	5.0
105	116	12.0
105	122	1.0
105	130	1.0
105	132	1.0
105	185	7.0
105	186	4.0
105	187	4.0
105	189	2.0
105	190	4.0
106	106	307.0
106	107	5.0
106	108	10.0
106	109	11.0
106	110	3.0
106	111	5.0
106	114	2.0
106	119	1.0
106	120	4.0
106	180	1.0
106	182	1.0
106	184	3.0
106	185	8.0
106	186	1.0
106	187	10.0
106	190	1.0
107	107	284.0
107	108	10.0
107	109	7.0
107	110	5.0
107	112	1.0
107	115	5.0
107	116	3.0
107	124	1.0
107	181	2.0
107	182	6.0
107	184	1.0
107	185	7.0
107	186	2.0
107	187	3.0
107	189	7.0
107	190	1.0
108	108	307.0
108	109	17.0
108	110	8.0
108	111	1.0
108	142	1.0
108	166	1.0
108	181	1.0
108	182	2.0
108	183	1.0
108	185	4.0
108	186	5.0
108	187	4.0
108	189	15.0
108	190	7.0
109	109	337.0
109	110	33.0
109	111	10.0
109	112	3.0
109	113	2.0
109	115	5.0
109	116	2.0
109	147	1.0
109	153	1.0
109	155	1.0
109	170	1.0
109	184	4.0
109	185	1.0
109	186	11.0
109	187	11.0
109	189	4.0
109	190	7.0
110	110	334.0
110	111	26.0
110	114	1.0
110	115	2.0
110	116	9.0
110	140	1.0
110	145	1.0
110	186	6.0
110	187	1.0
111	111	322.0
111	112	17.0
111	113	3.0
111	115	1.0
111	116	7.0
111	117	4.0
111	119	4.0
111	120	2.0
111	123	1.0
111	130	1.0
111	134	2.0
111	142	1.0
111	172	1.0
111	175	3.0
111	177	2.0
111	181	1.0
111	183	2.0
111	184	7.0
111	185	6.0
111	186	2.0
111	187	1.0
111	188	3.0
111	189	1.0
111	190	1.0
112	112	304.0
112	113	11.0
112	115	2.0
112	117	16.0
112	118	4.0
112	119	13.0
112	122	6.0
112	123	1.0
112	131	1.0
112	134	8.0
112	135	1.0
112	136	7.0
112	137	1.0
112	138	4.0
112	139	2.0
112	155	1.0
112	174	3.0
112	175	4.0
112	181	10.0
112	183	3.0
112	184	8.0
112	185	2.0
112	186	16.0
112	188	3.0
112	189	1.0
112	190	6.0
113	113	365.0
113	114	4.0
113	115	8.0
113	116	3.0
113	117	3.0
113	118	3.0
113	119	8.0
113	122	1.0
113	124	1.0
113	130	1.0
113	131	3.0
113	134	1.0
113	135	4.0
113	137	15.0
113	138	7.0
113	140	3.0
113	154	1.0
113	159	2.0
113	164	1.0
113	174	4.0
113	175	3.0
113	185	6.0
113	186	7.0
113	187	15.0
113	189	1.0
114	114	320.0
114	115	8.0
114	116	7.0
114	117	8.0
114	118	4.0
114	121	1.0
114	131	5.0
114	132	2.0
114	139	1.0
114	140	13.0
114	141	2.0
114	156	4.0
114	160	1.0
114	169	4.0
114	170	3.0
114	174	12.0
114	180	1.0
114	185	3.0
114	188	6.0
114	189	3.0
115	115	293.0
115	116	17.0
115	117	13.0
115	118	13.0
115	119	6.0
115	121	1.0
115	122	1.0
115	140	1.0
115	141	6.0
115	142	5.0
115	143	5.0
115	162	1.0
115	170	1.0
115	179	1.0
115	185	1.0
115	188	4.0
116	116	346.0
116	117	6.0
116	118	2.0
116	119	1.0
116	141	5.0
116	160	6.0
116	162	2.0
116	163	8.0
116	164	3.0
116	178	1.0
116	179	6.0
116	180	2.0
116	181	1.0
116	185	1.0
116	186	4.0
117	117	341.0
117	118	29.0
117	119	9.0
117	120	1.0
117	121	6.0
117	122	15.0
117	123	2.0
117	140	5.0
117	141	4.0
117	142	8.0
117	143	1.0
117	159	1.0
117	169	1.0
117	170	6.0
117	174	3.0
117	178	1.0
117	179	4.0
117	180	2.0
117	183	1.0
117	188	3.0
118	118	274.0
118	119	12.0
118	120	3.0
118	121	9.0
118	122	5.0
118	123	4.0
118	129	4.0
118	141	1.0
118	152	2.0
118	160	7.0
118	161	4.0
118	162	3.0
118	164	2.0
118	167	7.0
118	169	5.0
118	170	3.0
118	179	1.0
118	180	4.0
119	119	256.0
119	120	12.0
119	121	11.0
119	122	5.0
119	123	6.0
119	128	4.0
119	129	12.0
119	149	1.0
119	153	9.0
119	154	1.0
119	160	3.0
119	161	1.0
119	162	3.0
119	163	1.0
119	169	2.0
119	173	3.0
120	120	271.0
120	121	12.0
120	122	16.0
120	123	9.0
120	128	4.0
120	129	7.0
120	130	1.0
120	131	2.0
120	153	1.0
120	154	1.0
120	155	1.0
120	157	1.0
120	161	1.0
120	166	1.0
120	170	1.0
120	171	5.0
120	172	4.0
120	173	4.0
120	179	1.0
120	180	4.0
120	181	1.0
120	182	3.0
120	183	2.0
120	184	5.0
120	185	5.0
120	188	8.0
121	121	346.0
121	122	8.0
121	123	14.0
121	124	1.0
121	126	2.0
121	128	7.0
121	129	7.0
121	130	2.0
121	152	2.0
121	154	1.0
121	161	3.0
121	162	8.0
121	163	10.0
121	164	5.0
121	167	5.0
121	176	1.0
121	177	4.0
121	178	4.0
121	180	3.0
121	183	1.0
121	186	2.0
121	188	10.0
122	122	352.0
122	123	11.0
122	124	1.0
122	125	3.0
122	128	3.0
122	129	4.0
122	130	1.0
122	139	1.0
122	154	2.0
122	155	3.0
122	166	2.0
122	167	2.0
122	168	1.0
122	170	2.0
122	171	1.0
122	180	1.0
122	183	3.0
122	184	15.0
122	188	2.0
122	189	1.0
123	123	364.0
123	124	7.0
123	125	1.0
123	128	6.0
123	129	4.0
123	151	4.0
123	152	13.0
123	154	5.0
123	164	9.0
123	168	3.0
123	178	1.0
123	186	1.0
124	124	340.0
124	125	2.0
124	127	1.0
124	128	7.0
124	129	3.0
124	132	1.0
124	133	1.0
124	135	1.0
124	144	3.0
124	145	1.0
124	151	12.0
124	154	4.0
124	158	1.0
124	166	1.0
124	167	4.0
124	168	9.0
124	176	3.0
124	177	1.0
124	178	1.0
124	183	2.0
124	187	1.0
125	125	304.0
125	126	13.0
125	127	13.0
125	128	13.0
125	129	6.0
125	154	3.0
125	166	7.0
125	167	3.0
125	168	3.0
125	176	7.0
125	177	3.0
125	178	1.0
125	180	1.0
125	181	1.0
125	183	2.0
125	184	1.0
125	186	1.0
126	126	322.0
126	127	30.0
126	128	13.0
126	129	2.0
126	130	3.0
126	132	2.0
126	150	1.0
126	164	2.0
126	165	2.0
126	166	6.0
126	167	5.0
126	168	4.0
126	175	4.0
126	176	3.0
126	177	1.0
126	178	2.0
126	179	1.0
126	181	8.0
126	182	1.0
126	183	3.0
126	188	1.0
126	190	1.0
127	127	295.0
127	128	10.0
127	130	1.0
127	132	3.0
127	137	1.0
127	164	5.0
127	165	1.0
127	166	4.0
127	167	7.0
127	168	9.0
127	171	1.0
127	173	1.0
127	175	1.0
127	176	10.0
127	177	4.0
127	179	2.0
127	180	11.0
127	181	16.0
127	182	1.0
127	183	1.0
127	189	1.0
127	190	1.0
128	128	320.0
128	129	8.0
128	130	3.0
128	151	6.0
128	152	2.0
128	154	2.0
128	155	4.0
128	166	11.0
128	168	14.0
128	176	3.0
128	177	4.0
128	178	4.0
128	179	2.0
128	180	3.0
128	181	6.0
128	182	4.0
128	183	3.0
128	184	1.0
128	186	1.0
128	188	4.0
129	129	388.0
129	130	8.0
129	152	1.0
129	158	1.0
129	161	1.0
129	167	1.0
129	171	2.0
129	172	5.0
129	176	1.0
129	177	6.0
129	180	1.0
129	181	1.0
129	183	11.0
129	184	5.0
129	190	1.0
130	130	313.0
130	131	29.0
130	132	5.0
130	133	6.0
130	134	6.0
130	136	2.0
130	137	1.0
130	139	14.0
130	140	2.0
130	155	1.0
130	156	3.0
130	157	1.0
130	158	3.0
130	172	2.0
130	174	7.0
130	176	1.0
130	178	1.0
130	180	1.0
130	181	15.0
130	182	4.0
130	183	7.0
130	184	2.0
130	187	1.0
130	188	2.0
130	189	2.0
131	131	320.0
131	132	17.0
131	133	1.0
131	134	2.0
131	136	16.0
131	137	4.0
131	139	21.0
131	140	7.0
131	156	2.0
131	157	1.0
131	159	5.0
131	174	9.0
131	175	12.0
131	180	3.0
131	185	2.0
131	187	3.0
131	188	3.0
131	189	8.0
132	132	276.0
132	133	11.0
132	135	1.0
132	136	1.0
132	139	1.0
132	145	1.0
132	149	1.0
132	156	9.0
132	157	11.0
132	158	21.0
132	159	5.0
132	171	2.0
132	172	2.0
132	174	1.0
132	175	5.0
132	176	6.0
132	178	1.0
132	180	2.0
132	190	1.0
133	133	337.0
133	134	11.0
133	135	2.0
133	136	5.0
133	137	3.0
133	139	3.0
133	156	1.0
133	157	5.0
133	158	5.0
133	159	12.0
133	167	1.0
133	168	1.0
133	169	2.0
133	175	1.0
134	134	309.0
134	135	4.0
134	136	10.0
134	137	27.0
134	138	10.0
134	139	15.0
134	157	1.0
134	158	4.0
134	164	1.0
134	166	1.0
134	167	11.0
134	168	2.0
134	169	8.0
134	171	8.0
134	172	3.0
134	174	3.0
134	175	2.0
134	186	5.0
134	188	6.0
134	190	1.0
135	135	296.0
135	136	18.0
135	137	11.0
135	138	2.0
135	144	1.0
135	148	5.0
135	150	3.0
135	151	4.0
135	153	1.0
135	155	7.0
135	157	3.0
135	158	5.0
135	171	6.0
135	172	4.0
135	175	4.0
136	136	301.0
136	137	17.0
136	138	7.0
136	139	8.0
136	158	3.0
136	159	1.0
136	170	1.0
136	171	2.0
136	172	1.0
136	174	6.0
136	175	1.0
136	180	1.0
136	186	5.0
136	187	1.0
137	137	360.0
137	138	17.0
137	139	6.0
137	140	1.0
137	157	3.0
137	158	2.0
137	159	6.0
137	170	2.0
137	171	8.0
137	172	5.0
137	174	4.0
137	185	1.0
137	186	8.0
137	187	7.0
138	138	321.0
138	139	14.0
138	142	1.0
138	152	1.0
138	154	1.0
138	158	1.0
138	159	8.0
138	162	1.0
138	168	1.0
138	169	2.0
138	170	10.0
138	171	1.0
138	172	3.0
138	173	17.0
138	174	5.0
138	180	1.0
138	184	1.0
139	139	347.0
139	140	12.0
139	141	1.0
139	156	2.0
139	157	1.0
139	158	1.0
139	159	3.0
139	166	2.0
139	168	1.0
139	169	15.0
139	170	9.0
139	171	11.0
139	172	5.0
139	173	7.0
139	174	9.0
139	180	1.0
139	185	3.0
139	188	9.0
139	189	1.0
140	140	348.0
140	141	25.0
140	142	1.0
140	143	2.0
140	145	1.0
140	156	1.0
140	157	1.0
140	159	7.0
140	160	2.0
140	161	1.0
140	174	1.0
140	180	1.0
140	185	25.0
140	186	1.0
140	187	1.0
140	188	2.0
141	141	335.0
141	142	26.0
141	143	32.0
141	144	2.0
141	159	2.0
141	160	3.0
141	169	2.0
141	170	3.0
141	179	1.0
142	142	365.0
142	143	34.0
142	151	1.0
142	159	1.0
142	160	1.0
142	178	3.0
142	179	4.0
142	182	1.0
142	189	1.0
143	143	333.0
143	144	4.0
143	147	1.0
143	159	1.0
143	161	1.0
143	179	4.0
144	144	301.0
144	145	5.0
144	146	4.0
144	147	10.0
144	148	1.0
144	150	2.0
144	152	9.0
144	153	1.0
144	154	3.0
144	155	1.0
144	156	8.0
144	157	4.0
144	158	2.0
144	165	3.0
144	180	1.0
145	145	338.0
145	146	17.0
145	147	1.0
145	148	11.0
145	149	1.0
145	150	12.0
145	151	10.0
145	152	9.0
145	153	5.0
145	154	1.0
145	155	2.0
145	156	3.0
145	161	1.0
145	163	1.0
145	165	14.0
145	166	13.0
146	146	356.0
146	147	39.0
146	148	10.0
146	149	3.0
146	151	3.0
146	152	9.0
146	153	6.0
146	166	5.0
147	147	321.0
147	148	9.0
147	149	9.0
147	151	2.0
147	152	10.0
147	153	1.0
147	154	3.0
147	155	3.0
147	156	6.0
147	170	1.0
147	172	2.0
147	186	1.0
148	148	350.0
148	149	26.0
148	150	13.0
148	151	8.0
148	153	7.0
148	155	1.0
148	172	1.0
148	186	6.0
149	149	365.0
149	150	11.0
149	151	1.0
149	170	1.0
149	186	9.0
149	189	2.0
150	150	324.0
150	151	13.0
150	153	10.0
150	154	1.0
150	155	4.0
150	156	3.0
150	157	1.0
150	161	2.0
150	165	3.0
150	167	1.0
150	188	1.0
151	151	370.0
151	152	6.0
151	153	18.0
151	154	6.0
151	155	7.0
151	162	1.0
151	163	1.0
151	164	2.0
151	165	3.0
151	166	3.0
151	167	1.0
151	168	12.0
152	152	337.0
152	153	22.0
152	154	7.0
152	155	6.0
152	156	2.0
152	162	4.0
152	163	6.0
152	164	6.0
152	166	1.0
152	167	1.0
152	168	2.0
152	169	2.0
152	180	1.0
153	153	392.0
153	154	7.0
153	155	11.0
153	156	1.0
153	157	3.0
153	171	1.0
153	172	1.0
154	154	365.0
154	155	25.0
154	156	11.0
154	157	7.0
154	166	3.0
154	172	1.0
155	155	344.0
155	156	15.0
155	157	6.0
155	158	5.0
155	164	2.0
155	166	3.0
155	168	1.0
155	170	3.0
155	171	2.0
155	173	2.0
156	156	342.0
156	157	8.0
156	158	10.0
156	159	12.0
156	161	1.0
156	170	4.0
156	172	5.0
156	173	2.0
156	174	14.0
156	180	3.0
156	191	1.0
157	157	330.0
157	158	30.0
157	159	2.0
157	170	2.0
157	171	9.0
157	172	3.0
157	173	5.0
157	174	8.0
157	175	3.0
158	158	284.0
158	159	31.0
158	161	1.0
158	162	1.0
158	171	12.0
158	172	11.0
158	173	3.0
158	174	5.0
158	175	2.0
158	181	1.0
159	159	269.0
159	160	17.0
159	161	14.0
159	163	3.0
159	169	3.0
159	170	10.0
159	171	4.0
159	172	5.0
159	173	1.0
159	174	8.0
159	180	2.0
160	160	305.0
160	161	13.0
160	162	19.0
160	163	6.0
160	164	2.0
160	169	7.0
160	170	17.0
160	173	5.0
160	174	7.0
160	179	3.0
160	180	7.0
161	161	296.0
161	162	8.0
161	163	3.0
161	169	10.0
161	170	3.0
161	171	2.0
161	172	1.0
161	173	17.0
161	180	1.0
162	162	316.0
162	163	29.0
162	164	15.0
162	169	7.0
162	170	4.0
162	179	2.0
162	180	2.0
163	163	303.0
163	164	27.0
163	165	8.0
163	166	5.0
163	167	3.0
163	169	8.0
163	180	1.0
164	164	331.0
164	165	3.0
164	166	4.0
164	167	9.0
164	168	4.0
164	169	3.0
164	170	1.0
164	173	2.0
165	165	330.0
165	166	8.0
165	167	3.0
165	168	4.0
166	166	311.0
166	167	20.0
166	168	12.0
166	169	4.0
166	170	1.0
166	171	1.0
167	167	297.0
167	168	15.0
167	169	2.0
167	175	1.0
168	168	322.0
168	169	10.0
168	184	1.0
169	169	338.0
169	170	15.0
169	171	1.0
169	172	1.0
169	173	5.0
169	174	4.0
169	178	1.0
169	180	1.0
169	191	1.0
170	170	343.0
170	171	7.0
170	172	2.0
170	173	11.0
170	174	2.0
170	180	1.0
171	171	320.0
171	172	23.0
171	173	11.0
171	174	1.0
172	172	329.0
172	173	10.0
172	174	3.0
172	190	1.0
173	173	351.0
173	174	11.0
173	180	3.0
174	174	300.0
174	175	9.0
174	180	7.0
174	185	4.0
174	186	4.0
174	187	1.0
174	188	5.0
174	189	8.0
174	190	2.0
175	175	396.0
175	176	2.0
175	177	2.0
175	180	2.0
175	182	1.0
175	184	3.0
175	185	8.0
175	186	6.0
175	187	10.0
175	188	4.0
175	189	11.0
175	190	13.0
176	176	333.0
176	177	20.0
176	178	10.0
176	179	3.0
176	180	4.0
176	181	8.0
176	182	4.0
176	189	2.0
177	177	339.0
177	178	14.0
177	179	5.0
177	180	14.0
177	181	17.0
177	182	5.0
177	183	3.0
177	184	1.0
177	187	1.0
178	178	357.0
178	179	14.0
178	180	5.0
178	181	5.0
178	182	6.0
178	183	2.0
178	184	3.0
178	188	1.0
179	179	331.0
179	180	30.0
179	181	3.0
179	188	3.0
180	180	277.0
180	181	5.0
180	184	1.0
180	186	1.0
180	188	9.0
180	189	9.0
180	190	2.0
181	181	354.0
181	182	18.0
181	183	14.0
181	184	11.0
181	188	9.0
181	189	1.0
181	190	5.0
182	182	343.0
182	183	36.0
182	184	7.0
182	188	5.0
183	183	357.0
183	184	18.0
183	187	2.0
183	188	4.0
183	190	2.0
184	184	367.0
184	185	6.0
184	186	1.0
184	187	6.0
184	188	6.0
184	189	5.0
184	190	9.0
185	185	381.0
185	186	11.0
185	187	23.0
185	188	3.0
185	189	5.0
185	190	8.0
186	186	403.0
186	187	15.0
186	189	8.0
186	190	13.0
187	187	359.0
187	188	7.0
187	189	11.0
187	190	10.0
188	188	370.0
188	189	28.0
188	190	1.0
189	189	333.0
189	190	20.0
190	190	419.0
191	191	11.0
192	1	7.0
192	3	8.0
192	4	2.0
192	14	6.0
192	15	1.0
192	20	1.0
192	31	5.0
192	34	3.0
192	35	9.0
192	36	3.0
192	38	1.0
192	39	1.0
192	42	1.0
192	49	2.0
192	58	2.0
192	59	2.0
192	62	7.0
192	63	3.0
192	64	5.0
192	70	4.0
192	71	1.0
192	74	2.0
192	75	1.0
192	78	4.0
192	104	1.0
192	107	1.0
192	187	11.0
192	188	1.0
192	191	1.0
192	192	390.0
