1	1	2.0
1	2	1.0
1	3	1.0
2	2	2.0
2	4	1.0
2	30	1.0
2	59	1.0
3	3	1.0
4	4	1.0
4	6	1.0
5	15	1.0
6	6	1.0
6	8	1.0
7	7	1.0
7	8	1.0
8	8	3.0
8	20	1.0
9	9	2.0
9	10	1.0
11	11	2.0
11	13	1.0
11	14	2.0
13	22	1.0
14	14	1.0
16	16	3.0
17	17	4.0
17	19	1.0
17	49	1.0
17	56	1.0
18	70	1.0
20	20	1.0
20	21	2.0
25	25	1.0
26	26	3.0
26	27	1.0
27	27	2.0
27	29	1.0
27	40	1.0
28	28	3.0
28	29	1.0
28	73	1.0
29	31	1.0
29	74	1.0
30	30	2.0
30	31	2.0
30	33	1.0
30	34	2.0
30	80	1.0
31	31	1.0
31	59	1.0
32	32	2.0
32	35	1.0
32	37	1.0
33	33	3.0
33	34	1.0
34	49	1.0
34	74	1.0
35	35	2.0
35	39	1.0
35	56	1.0
36	80	1.0
37	75	1.0
37	80	1.0
38	38	5.0
38	46	1.0
38	65	1.0
38	79	1.0
39	65	1.0
40	40	4.0
41	41	1.0
41	50	1.0
42	42	1.0
42	43	1.0
45	45	2.0
46	46	2.0
46	47	1.0
47	47	2.0
48	48	5.0
50	50	1.0
50	51	1.0
51	52	1.0
52	52	3.0
52	63	1.0
53	54	1.0
53	59	1.0
53	64	1.0
54	54	1.0
55	55	4.0
55	56	3.0
57	57	1.0
57	58	1.0
58	58	3.0
59	59	1.0
61	61	1.0
61	63	1.0
62	62	1.0
62	64	1.0
62	65	1.0
63	63	2.0
64	64	2.0
64	71	1.0
65	65	1.0
65	67	1.0
67	67	2.0
68	71	1.0
68	75	1.0
69	69	3.0
70	70	4.0
72	72	4.0
73	73	3.0
73	74	1.0
73	79	1.0
74	74	2.0
75	76	1.0
75	77	1.0
75	78	1.0
76	76	3.0
76	78	1.0
77	77	1.0
78	78	6.0
79	79	1.0
80	80	1.0
0	9	1.0
0	0	5.0
