1	1	6.0
1	2	2.0
1	6	1.0
1	9	1.0
1	23	1.0
2	2	5.0
2	3	1.0
2	40	1.0
2	41	1.0
2	112	1.0
2	118	2.0
3	3	3.0
3	4	1.0
3	40	1.0
3	149	1.0
4	4	5.0
4	5	1.0
4	6	1.0
4	17	1.0
4	40	1.0
5	5	9.0
5	6	3.0
5	7	1.0
5	117	1.0
5	146	1.0
6	6	3.0
6	7	1.0
6	8	2.0
6	17	1.0
6	143	1.0
7	7	6.0
7	8	3.0
7	17	2.0
8	8	2.0
8	149	1.0
9	9	4.0
9	10	1.0
9	63	1.0
9	65	1.0
9	124	1.0
9	149	1.0
10	10	3.0
10	11	1.0
10	17	1.0
10	122	1.0
10	131	1.0
10	145	1.0
10	153	1.0
10	168	1.0
11	11	5.0
11	12	2.0
11	16	1.0
11	28	2.0
11	44	2.0
12	12	3.0
12	13	1.0
12	14	1.0
12	15	1.0
12	16	1.0
12	38	1.0
12	111	1.0
13	13	6.0
13	24	1.0
13	37	1.0
13	38	1.0
13	110	1.0
13	118	1.0
13	149	1.0
14	14	8.0
14	15	3.0
14	44	1.0
14	49	1.0
14	50	2.0
14	72	1.0
15	15	4.0
15	17	1.0
15	20	1.0
15	25	1.0
15	47	1.0
15	56	3.0
15	86	1.0
15	91	1.0
15	113	1.0
15	152	1.0
16	16	2.0
16	25	1.0
16	44	1.0
16	56	1.0
17	17	6.0
17	18	2.0
17	21	1.0
17	23	1.0
17	75	2.0
17	77	1.0
17	104	2.0
17	111	1.0
18	18	5.0
18	20	1.0
18	21	1.0
18	24	1.0
18	39	1.0
18	117	1.0
19	19	9.0
20	20	2.0
20	52	1.0
20	87	1.0
20	113	2.0
20	115	1.0
21	21	3.0
21	22	2.0
21	23	1.0
21	47	1.0
21	48	1.0
21	51	1.0
22	22	6.0
22	23	4.0
22	24	1.0
22	44	1.0
22	51	1.0
23	23	6.0
23	24	2.0
23	46	1.0
23	49	1.0
24	24	2.0
24	25	1.0
24	38	2.0
25	25	4.0
25	27	1.0
25	54	1.0
25	78	1.0
25	82	1.0
25	167	1.0
26	26	3.0
26	27	1.0
27	27	7.0
27	75	2.0
28	28	2.0
28	74	1.0
28	167	1.0
33	33	2.0
33	34	1.0
33	43	1.0
34	34	8.0
34	83	1.0
35	35	1.0
35	36	1.0
35	37	1.0
35	42	1.0
36	36	5.0
37	37	3.0
37	38	2.0
37	43	1.0
38	38	4.0
38	39	1.0
39	39	3.0
39	40	2.0
39	42	1.0
39	134	1.0
40	40	4.0
40	126	3.0
41	41	4.0
42	42	5.0
42	43	1.0
43	43	7.0
43	44	1.0
43	80	2.0
44	44	7.0
44	45	2.0
44	111	1.0
44	155	1.0
44	162	1.0
44	169	1.0
45	45	2.0
45	51	1.0
45	168	1.0
46	46	5.0
46	47	2.0
46	52	1.0
46	54	1.0
46	110	1.0
46	140	1.0
46	142	1.0
46	170	1.0
47	47	4.0
47	49	1.0
47	125	1.0
47	142	1.0
47	143	1.0
48	51	1.0
48	66	1.0
48	76	1.0
48	78	1.0
48	124	1.0
49	49	2.0
49	50	3.0
49	51	1.0
49	65	1.0
49	78	1.0
49	80	1.0
49	122	1.0
50	50	2.0
50	51	2.0
50	91	1.0
51	51	4.0
51	52	1.0
52	52	3.0
52	53	2.0
52	78	1.0
52	92	2.0
52	102	1.0
52	111	4.0
52	112	1.0
52	113	1.0
52	120	1.0
52	126	1.0
53	53	3.0
53	54	1.0
53	55	2.0
54	54	3.0
54	55	1.0
55	55	6.0
55	56	1.0
55	57	1.0
55	86	1.0
55	99	1.0
55	113	1.0
55	128	1.0
56	56	6.0
56	88	1.0
56	93	1.0
56	113	1.0
56	129	1.0
57	57	3.0
57	61	1.0
57	62	4.0
57	71	2.0
58	58	1.0
58	124	2.0
62	62	3.0
62	71	1.0
62	96	1.0
63	63	5.0
63	64	1.0
63	65	1.0
63	66	1.0
63	68	1.0
63	95	1.0
64	65	2.0
64	69	1.0
64	89	1.0
65	65	3.0
65	68	1.0
65	112	1.0
65	115	1.0
66	66	2.0
66	69	1.0
66	77	2.0
66	83	1.0
67	67	6.0
68	68	1.0
68	95	1.0
68	103	1.0
68	120	1.0
69	69	1.0
70	70	5.0
70	71	2.0
70	86	1.0
70	119	2.0
70	125	1.0
71	71	4.0
71	72	1.0
71	75	1.0
71	80	1.0
71	89	1.0
71	92	1.0
71	116	1.0
72	72	2.0
72	73	1.0
72	74	1.0
72	81	1.0
72	120	1.0
73	73	4.0
73	74	2.0
73	83	1.0
73	127	1.0
74	74	3.0
74	75	2.0
75	75	1.0
75	76	1.0
76	76	3.0
77	77	4.0
77	81	1.0
77	85	1.0
78	78	2.0
78	79	2.0
78	80	1.0
79	79	1.0
79	83	1.0
79	84	1.0
80	80	3.0
80	82	1.0
81	81	2.0
81	82	1.0
81	98	1.0
82	82	1.0
82	83	1.0
83	83	5.0
84	84	4.0
84	85	1.0
84	86	2.0
84	87	1.0
84	88	1.0
85	85	2.0
85	86	2.0
85	87	1.0
86	86	1.0
86	87	2.0
87	87	4.0
88	88	3.0
88	89	3.0
88	90	1.0
89	89	3.0
89	90	1.0
89	126	1.0
90	90	8.0
90	91	1.0
90	125	1.0
90	126	1.0
90	134	1.0
91	91	9.0
91	92	1.0
92	92	3.0
92	93	1.0
92	94	1.0
92	95	1.0
92	99	1.0
92	121	1.0
93	93	1.0
93	94	1.0
93	130	1.0
94	94	3.0
94	96	1.0
94	122	1.0
94	131	1.0
95	95	4.0
95	98	1.0
96	96	2.0
96	97	2.0
96	120	1.0
96	121	1.0
96	122	1.0
96	125	1.0
97	97	2.0
97	102	1.0
97	109	1.0
97	125	2.0
97	129	1.0
97	143	1.0
98	98	4.0
98	99	3.0
98	131	1.0
98	151	1.0
98	157	1.0
99	99	3.0
99	102	1.0
99	143	1.0
99	160	1.0
100	100	5.0
100	104	1.0
100	130	1.0
100	152	1.0
101	101	3.0
101	131	2.0
101	133	1.0
101	158	1.0
102	102	2.0
102	104	1.0
102	140	1.0
103	103	4.0
103	104	3.0
103	140	1.0
103	157	1.0
104	104	4.0
105	105	4.0
105	106	2.0
105	111	1.0
105	114	1.0
105	123	1.0
105	135	1.0
105	151	1.0
106	107	1.0
106	109	1.0
107	107	2.0
107	108	1.0
107	109	2.0
108	108	3.0
108	109	2.0
108	150	1.0
109	109	7.0
109	110	1.0
110	110	6.0
110	111	3.0
110	141	1.0
111	111	3.0
111	112	2.0
111	114	1.0
112	112	4.0
112	113	3.0
112	114	3.0
112	119	1.0
113	113	1.0
113	114	1.0
113	119	1.0
113	122	2.0
113	134	1.0
114	114	2.0
114	116	1.0
114	148	1.0
115	115	3.0
115	118	1.0
115	132	1.0
115	148	1.0
116	116	3.0
116	117	3.0
116	127	1.0
116	128	1.0
116	150	1.0
117	117	4.0
117	118	2.0
117	119	1.0
118	118	5.0
118	119	1.0
118	125	1.0
118	154	1.0
119	119	3.0
119	120	2.0
119	121	1.0
119	125	2.0
119	132	1.0
119	153	1.0
120	120	2.0
120	121	1.0
120	122	1.0
120	151	1.0
121	121	1.0
121	122	3.0
121	135	1.0
122	122	4.0
122	123	1.0
122	132	1.0
122	153	1.0
123	123	6.0
123	124	2.0
123	132	1.0
123	140	1.0
123	148	1.0
124	124	1.0
125	125	1.0
125	126	2.0
125	127	1.0
126	126	4.0
126	127	1.0
127	127	2.0
127	128	1.0
128	128	4.0
129	129	6.0
129	130	3.0
129	132	1.0
130	130	4.0
130	131	1.0
130	132	1.0
130	133	1.0
130	134	1.0
131	131	2.0
131	132	2.0
131	143	1.0
132	132	7.0
132	133	2.0
132	134	1.0
132	135	1.0
132	152	1.0
133	133	4.0
133	134	2.0
133	135	2.0
133	136	1.0
133	137	1.0
133	152	1.0
134	134	5.0
134	135	4.0
134	140	1.0
134	148	1.0
135	135	2.0
135	136	3.0
136	136	3.0
136	137	1.0
136	141	2.0
136	142	1.0
137	137	11.0
137	138	4.0
137	143	3.0
137	147	2.0
137	148	1.0
138	138	4.0
138	153	1.0
139	139	6.0
139	140	1.0
139	141	1.0
139	142	1.0
139	153	1.0
139	154	1.0
139	155	1.0
139	160	1.0
140	140	2.0
140	141	1.0
140	143	1.0
141	141	3.0
141	153	1.0
142	142	4.0
142	143	1.0
142	144	1.0
143	143	7.0
143	144	1.0
143	146	1.0
144	144	1.0
144	145	1.0
144	146	1.0
144	159	3.0
145	145	3.0
145	146	2.0
145	156	1.0
146	146	5.0
147	147	6.0
147	148	2.0
147	156	2.0
148	148	3.0
148	149	1.0
148	153	1.0
148	154	1.0
148	163	1.0
149	149	4.0
149	150	3.0
149	151	2.0
149	162	1.0
150	150	2.0
151	151	4.0
151	152	2.0
152	152	4.0
152	163	1.0
153	153	2.0
153	154	1.0
154	154	3.0
154	155	1.0
154	163	1.0
154	168	1.0
155	155	6.0
155	156	4.0
156	156	2.0
156	157	4.0
156	158	1.0
156	169	1.0
157	157	7.0
157	159	1.0
158	158	3.0
158	159	1.0
159	159	3.0
159	160	2.0
160	160	6.0
160	161	1.0
161	161	4.0
162	162	4.0
162	163	3.0
162	164	2.0
163	163	4.0
163	164	3.0
163	168	2.0
164	164	1.0
164	168	1.0
165	165	1.0
165	166	1.0
166	166	2.0
166	167	4.0
166	169	1.0
167	167	2.0
167	168	2.0
168	168	4.0
169	169	4.0
169	170	1.0
170	170	4.0
0	1	2.0
0	10	1.0
0	18	1.0
0	63	1.0
0	0	6.0
