1	1	2.0
1	2	2.0
1	5	1.0
2	2	3.0
2	5	1.0
2	159	1.0
3	3	5.0
3	17	1.0
3	162	2.0
3	167	1.0
4	4	5.0
4	10	1.0
4	73	1.0
5	5	4.0
5	8	1.0
5	11	1.0
5	12	1.0
5	56	1.0
5	112	1.0
5	150	1.0
5	157	1.0
6	6	4.0
6	7	2.0
6	78	1.0
6	154	1.0
7	9	1.0
7	10	1.0
7	12	1.0
7	62	1.0
7	151	1.0
8	8	4.0
8	10	2.0
8	17	1.0
8	57	2.0
8	78	1.0
8	80	2.0
8	119	1.0
9	9	1.0
10	10	3.0
10	11	1.0
10	80	2.0
11	11	5.0
11	12	1.0
11	13	1.0
11	15	1.0
11	21	1.0
12	12	3.0
12	13	2.0
13	13	2.0
13	16	1.0
13	20	1.0
14	14	1.0
14	15	2.0
14	16	1.0
14	18	1.0
14	20	1.0
14	27	1.0
15	15	6.0
15	16	1.0
15	17	2.0
15	27	1.0
15	34	1.0
16	16	4.0
16	17	2.0
16	52	1.0
16	112	1.0
16	161	1.0
16	167	1.0
17	17	4.0
17	18	1.0
17	21	1.0
17	23	1.0
17	98	1.0
18	18	2.0
18	45	1.0
18	63	1.0
18	104	1.0
18	110	1.0
18	117	1.0
18	118	1.0
18	163	1.0
18	164	1.0
19	19	4.0
19	94	1.0
19	100	1.0
19	103	1.0
19	104	1.0
20	20	5.0
20	21	2.0
20	24	1.0
20	99	1.0
21	21	4.0
21	23	1.0
21	45	1.0
21	163	1.0
22	22	5.0
22	23	2.0
23	23	1.0
23	24	4.0
23	45	1.0
23	58	1.0
24	24	2.0
24	25	1.0
24	26	1.0
24	27	1.0
24	45	1.0
24	105	1.0
24	106	1.0
24	130	1.0
25	25	4.0
25	41	3.0
25	94	1.0
25	105	1.0
25	106	1.0
25	108	1.0
26	26	9.0
26	27	4.0
26	106	1.0
27	27	4.0
27	28	2.0
27	106	1.0
28	28	2.0
33	33	3.0
33	37	1.0
33	38	1.0
34	34	11.0
34	107	1.0
35	35	4.0
35	36	1.0
36	36	4.0
36	37	2.0
36	41	1.0
36	89	1.0
37	37	8.0
37	38	1.0
37	41	1.0
37	43	1.0
38	38	3.0
39	39	4.0
39	40	3.0
40	40	5.0
41	41	6.0
42	42	7.0
42	43	5.0
42	44	1.0
43	43	8.0
43	44	1.0
44	44	1.0
44	51	1.0
45	45	5.0
45	127	2.0
46	46	2.0
46	77	1.0
46	97	2.0
46	99	1.0
46	108	1.0
46	129	1.0
47	47	4.0
47	51	1.0
47	65	1.0
47	95	1.0
47	99	1.0
48	48	1.0
48	51	1.0
48	55	2.0
48	85	1.0
48	94	1.0
49	49	1.0
49	50	2.0
50	50	4.0
50	53	1.0
50	55	3.0
50	81	1.0
50	91	1.0
51	51	7.0
51	52	1.0
51	54	2.0
51	55	1.0
51	62	1.0
51	75	1.0
52	52	9.0
52	65	1.0
52	88	1.0
52	90	2.0
53	53	7.0
53	80	1.0
53	91	1.0
54	55	1.0
55	55	1.0
56	56	1.0
56	57	1.0
56	82	1.0
56	112	1.0
57	57	5.0
58	58	1.0
58	66	1.0
58	80	1.0
61	61	1.0
62	62	3.0
62	65	1.0
62	80	1.0
62	90	1.0
63	63	2.0
63	64	1.0
63	66	2.0
63	67	1.0
63	74	1.0
63	81	1.0
64	64	2.0
64	72	1.0
64	79	2.0
64	98	1.0
64	99	2.0
65	65	3.0
65	67	1.0
65	69	1.0
65	93	1.0
66	66	4.0
66	67	1.0
66	77	2.0
66	93	1.0
66	104	1.0
67	67	2.0
67	78	1.0
67	95	1.0
68	68	1.0
68	76	1.0
68	77	1.0
69	71	1.0
69	72	1.0
69	75	1.0
69	76	1.0
69	101	1.0
69	149	1.0
70	70	4.0
70	91	1.0
70	134	1.0
71	71	2.0
71	73	1.0
71	75	1.0
71	76	1.0
71	112	1.0
72	72	1.0
72	74	1.0
72	85	1.0
73	73	4.0
73	75	1.0
74	74	5.0
75	75	4.0
75	76	2.0
76	76	5.0
76	85	1.0
76	134	1.0
76	144	1.0
77	77	3.0
77	79	1.0
77	82	1.0
77	92	1.0
78	78	5.0
78	84	1.0
79	79	4.0
79	92	2.0
79	96	2.0
80	88	1.0
80	90	1.0
81	81	3.0
81	82	1.0
81	136	1.0
82	82	3.0
82	83	3.0
82	118	2.0
82	122	1.0
82	125	1.0
82	142	1.0
83	83	6.0
83	85	1.0
83	89	1.0
83	91	1.0
83	128	1.0
83	139	1.0
84	84	2.0
84	85	2.0
84	86	1.0
84	91	1.0
84	123	1.0
85	85	3.0
85	122	1.0
85	126	1.0
86	86	1.0
86	87	2.0
86	96	1.0
87	87	2.0
87	90	1.0
87	94	1.0
88	88	5.0
88	89	2.0
88	90	3.0
88	139	1.0
89	89	4.0
89	90	3.0
89	134	1.0
89	143	1.0
90	90	2.0
90	91	2.0
91	91	3.0
91	124	1.0
92	92	1.0
92	94	1.0
92	96	2.0
92	106	1.0
92	117	1.0
93	93	2.0
93	95	1.0
93	96	1.0
93	107	1.0
93	127	1.0
94	94	4.0
94	100	1.0
94	124	1.0
95	95	1.0
95	105	1.0
96	96	1.0
96	99	1.0
97	97	2.0
97	99	1.0
97	106	1.0
97	127	1.0
97	167	1.0
98	98	5.0
98	99	1.0
98	129	1.0
99	99	2.0
99	102	1.0
99	115	1.0
99	129	4.0
100	100	2.0
100	105	1.0
100	106	1.0
100	128	1.0
100	143	1.0
101	101	2.0
101	129	1.0
101	154	1.0
101	156	1.0
102	102	2.0
102	167	1.0
103	105	1.0
103	146	1.0
103	147	1.0
104	104	2.0
104	105	3.0
104	128	1.0
104	130	1.0
105	105	1.0
105	106	1.0
105	131	1.0
106	106	3.0
106	107	1.0
107	107	5.0
107	109	1.0
107	142	1.0
108	108	3.0
108	127	1.0
108	131	1.0
109	109	3.0
109	110	1.0
109	114	1.0
109	116	1.0
109	127	2.0
109	136	1.0
109	137	1.0
110	110	9.0
110	111	1.0
110	112	1.0
110	133	1.0
111	111	4.0
111	112	1.0
111	114	1.0
111	121	1.0
111	163	1.0
112	112	5.0
112	123	1.0
112	133	3.0
112	136	1.0
112	137	1.0
113	113	8.0
113	114	2.0
113	135	1.0
113	144	1.0
113	164	1.0
114	114	1.0
114	115	1.0
114	116	1.0
114	145	1.0
115	115	3.0
115	116	1.0
115	123	1.0
116	116	7.0
116	122	1.0
116	132	1.0
116	158	1.0
117	117	3.0
117	131	2.0
117	135	1.0
117	158	1.0
117	160	2.0
117	163	1.0
118	118	6.0
118	119	1.0
118	133	2.0
118	146	1.0
119	119	6.0
119	120	2.0
119	135	1.0
120	120	1.0
120	132	1.0
121	121	2.0
121	122	1.0
121	145	2.0
121	164	2.0
121	165	1.0
122	122	4.0
122	123	1.0
122	124	1.0
122	125	1.0
122	126	1.0
122	131	1.0
122	163	2.0
123	123	3.0
123	124	1.0
123	163	1.0
123	164	1.0
124	124	1.0
124	129	1.0
124	165	1.0
125	125	3.0
125	126	2.0
126	126	4.0
126	127	4.0
127	127	1.0
128	128	2.0
128	129	1.0
129	129	2.0
129	134	1.0
130	130	3.0
131	132	2.0
131	134	1.0
131	135	1.0
131	143	1.0
132	132	3.0
132	143	1.0
133	133	2.0
133	134	2.0
133	156	1.0
134	134	7.0
134	135	3.0
134	143	1.0
134	151	1.0
135	135	2.0
135	143	1.0
135	144	1.0
136	136	4.0
136	140	1.0
136	142	1.0
136	143	1.0
137	137	6.0
137	138	1.0
137	139	2.0
137	152	1.0
138	138	5.0
138	142	2.0
138	146	1.0
138	161	1.0
139	139	6.0
139	140	1.0
139	152	3.0
140	140	4.0
140	141	2.0
140	142	2.0
140	151	1.0
141	141	2.0
141	142	1.0
141	148	1.0
142	142	3.0
143	143	5.0
143	154	1.0
143	155	2.0
143	156	1.0
143	157	1.0
143	165	1.0
144	144	6.0
144	145	2.0
144	152	1.0
145	145	2.0
145	146	2.0
145	154	1.0
145	162	1.0
146	146	3.0
146	147	1.0
146	154	1.0
146	160	1.0
146	166	1.0
147	147	1.0
147	148	1.0
147	152	1.0
147	156	1.0
147	159	1.0
147	160	1.0
147	170	1.0
148	148	2.0
148	159	1.0
148	163	1.0
149	149	3.0
149	150	2.0
149	151	1.0
149	154	1.0
149	162	1.0
149	166	1.0
150	150	1.0
150	152	2.0
150	153	1.0
150	155	1.0
150	158	1.0
151	151	3.0
151	152	1.0
151	159	1.0
151	160	1.0
151	162	1.0
152	152	6.0
152	153	1.0
153	153	3.0
154	154	6.0
154	155	1.0
154	160	1.0
155	155	5.0
155	156	1.0
155	157	2.0
155	158	2.0
155	165	3.0
156	156	8.0
156	162	1.0
156	163	1.0
156	165	1.0
157	157	10.0
157	158	1.0
157	159	1.0
157	161	1.0
158	158	8.0
158	159	1.0
158	163	1.0
159	159	5.0
160	160	7.0
160	166	2.0
161	161	4.0
161	162	1.0
161	163	1.0
162	162	1.0
162	163	1.0
162	165	1.0
163	163	3.0
163	164	3.0
164	164	6.0
164	165	2.0
165	165	2.0
166	166	5.0
166	167	2.0
166	168	1.0
167	167	2.0
168	168	2.0
168	169	4.0
169	169	4.0
170	170	2.0
0	0	6.0
