1	1	1.0
1	5	2.0
1	9	1.0
1	10	1.0
1	108	1.0
2	4	1.0
2	7	1.0
2	11	1.0
2	13	1.0
2	119	1.0
3	3	1.0
3	4	2.0
3	9	1.0
3	13	1.0
3	43	1.0
4	9	1.0
4	11	1.0
4	71	1.0
5	5	2.0
5	6	1.0
5	9	1.0
5	46	1.0
5	60	1.0
6	6	2.0
6	7	1.0
6	9	1.0
6	13	1.0
6	59	1.0
7	7	2.0
7	14	2.0
8	8	3.0
8	9	2.0
8	11	1.0
8	39	1.0
8	62	1.0
9	9	3.0
9	10	2.0
9	39	1.0
10	10	5.0
10	11	1.0
10	63	1.0
11	11	2.0
11	14	1.0
11	27	1.0
12	12	1.0
12	27	1.0
12	62	1.0
13	15	1.0
13	35	1.0
13	50	1.0
13	63	1.0
14	14	4.0
14	31	2.0
14	32	1.0
15	15	2.0
15	16	1.0
15	17	2.0
15	44	1.0
16	16	1.0
17	17	3.0
17	85	1.0
18	18	1.0
18	53	1.0
18	68	2.0
18	97	1.0
19	19	1.0
19	41	1.0
19	65	1.0
20	20	1.0
20	21	1.0
20	43	1.0
20	63	1.0
21	21	1.0
21	22	1.0
21	23	1.0
21	33	1.0
21	41	1.0
22	22	1.0
23	23	1.0
23	42	1.0
23	46	1.0
23	51	1.0
23	57	1.0
24	32	1.0
24	50	1.0
25	38	1.0
25	45	1.0
26	45	1.0
27	27	1.0
27	30	1.0
28	29	1.0
28	35	1.0
28	46	1.0
28	49	1.0
29	29	2.0
29	30	1.0
29	45	1.0
30	30	2.0
31	31	4.0
31	32	1.0
31	37	1.0
31	68	1.0
32	32	2.0
32	34	4.0
32	37	1.0
33	33	4.0
33	46	1.0
34	34	6.0
34	36	1.0
34	44	1.0
35	35	1.0
35	45	1.0
36	36	2.0
37	37	4.0
37	38	4.0
38	38	3.0
38	39	1.0
39	39	2.0
39	40	2.0
40	40	2.0
40	41	2.0
41	41	1.0
42	42	1.0
42	81	1.0
43	43	2.0
43	80	1.0
44	44	1.0
45	45	2.0
49	49	1.0
50	63	2.0
51	156	1.0
52	52	2.0
52	55	1.0
52	60	1.0
53	54	1.0
53	60	1.0
53	92	1.0
54	54	1.0
54	57	1.0
54	68	1.0
54	71	1.0
55	55	5.0
55	56	1.0
56	56	2.0
56	58	1.0
56	72	1.0
56	96	1.0
57	57	1.0
57	66	1.0
57	72	1.0
57	105	1.0
58	58	3.0
58	59	1.0
58	61	1.0
58	73	1.0
59	59	4.0
59	98	2.0
60	60	5.0
60	61	1.0
61	61	1.0
61	62	2.0
61	73	2.0
62	62	1.0
62	82	1.0
62	135	1.0
63	63	1.0
63	64	2.0
63	111	1.0
64	64	3.0
64	112	2.0
65	65	7.0
65	67	1.0
65	68	1.0
66	66	4.0
66	67	1.0
67	67	1.0
68	102	1.0
70	71	1.0
71	71	4.0
71	91	1.0
72	72	1.0
72	97	1.0
72	98	1.0
72	108	1.0
73	73	6.0
73	97	1.0
73	134	1.0
74	74	3.0
74	93	1.0
74	94	1.0
74	137	1.0
74	157	3.0
74	158	1.0
75	75	4.0
75	76	2.0
75	77	1.0
75	156	1.0
76	76	6.0
76	77	1.0
76	134	1.0
77	77	1.0
77	78	3.0
77	79	1.0
78	78	2.0
78	79	2.0
79	79	5.0
79	115	1.0
79	118	1.0
79	139	1.0
79	175	1.0
80	80	1.0
80	81	1.0
80	117	1.0
80	118	1.0
80	154	1.0
81	81	2.0
81	94	1.0
81	152	1.0
81	154	1.0
82	82	3.0
82	111	1.0
83	109	1.0
84	84	2.0
84	86	1.0
84	107	1.0
85	85	1.0
85	98	1.0
85	107	1.0
86	86	1.0
86	99	1.0
86	106	1.0
86	107	1.0
87	89	1.0
88	88	1.0
89	89	2.0
89	90	1.0
89	110	1.0
90	148	1.0
91	91	3.0
91	92	3.0
91	134	1.0
92	92	1.0
92	93	1.0
93	93	2.0
93	94	1.0
93	97	1.0
93	98	1.0
93	110	1.0
94	94	2.0
94	95	3.0
94	109	1.0
96	96	3.0
96	107	3.0
97	98	1.0
98	98	1.0
98	107	1.0
99	99	3.0
99	100	2.0
100	100	1.0
101	101	1.0
101	105	1.0
102	102	1.0
103	103	1.0
103	106	2.0
104	104	2.0
104	105	1.0
106	106	2.0
107	107	3.0
107	108	2.0
108	109	1.0
109	126	1.0
110	110	1.0
111	111	1.0
111	172	1.0
112	112	3.0
112	136	1.0
112	149	1.0
112	169	1.0
112	174	1.0
113	113	2.0
113	115	2.0
113	146	1.0
114	114	3.0
114	115	2.0
114	118	1.0
114	173	2.0
115	115	2.0
115	116	1.0
115	118	1.0
115	122	1.0
116	162	1.0
116	165	1.0
117	118	1.0
117	166	2.0
118	118	2.0
118	159	1.0
119	119	1.0
119	120	1.0
119	121	1.0
119	136	1.0
119	158	1.0
119	164	1.0
120	125	2.0
121	121	1.0
121	122	1.0
121	124	1.0
121	126	1.0
121	131	1.0
121	159	2.0
122	122	1.0
123	124	1.0
123	162	1.0
124	124	1.0
124	125	2.0
124	131	1.0
125	125	1.0
125	127	1.0
126	126	2.0
126	127	1.0
126	134	1.0
128	150	1.0
129	130	1.0
129	134	2.0
130	130	1.0
130	131	1.0
131	131	1.0
131	132	1.0
131	133	1.0
131	149	1.0
132	132	4.0
132	133	2.0
132	149	1.0
133	133	7.0
133	167	2.0
134	134	6.0
135	135	1.0
135	136	1.0
135	149	1.0
136	136	3.0
137	137	2.0
138	138	5.0
138	139	2.0
138	176	1.0
139	139	3.0
139	176	1.0
140	140	3.0
140	141	1.0
140	162	1.0
141	141	6.0
141	144	1.0
141	146	1.0
141	163	1.0
142	142	5.0
142	143	2.0
142	179	3.0
143	167	1.0
144	144	3.0
144	166	1.0
144	168	1.0
145	145	2.0
145	178	1.0
145	179	1.0
146	178	1.0
146	180	1.0
147	147	2.0
147	148	1.0
148	148	1.0
148	153	1.0
149	149	6.0
149	150	2.0
150	150	1.0
150	151	1.0
151	153	1.0
152	152	4.0
153	153	8.0
154	154	3.0
154	155	1.0
154	156	1.0
155	155	1.0
156	156	4.0
156	157	2.0
157	157	3.0
158	158	1.0
158	159	1.0
159	159	10.0
159	160	4.0
160	161	1.0
161	161	3.0
163	163	1.0
163	170	1.0
164	164	1.0
164	165	1.0
165	166	1.0
166	166	1.0
166	167	2.0
167	167	2.0
167	172	2.0
167	174	1.0
168	168	4.0
168	169	2.0
168	170	1.0
168	171	1.0
168	174	3.0
169	169	5.0
169	170	1.0
169	172	1.0
170	170	5.0
170	171	2.0
170	172	2.0
171	171	3.0
171	172	1.0
172	172	5.0
172	173	2.0
172	174	1.0
173	173	5.0
173	174	2.0
174	174	2.0
174	175	1.0
175	175	4.0
175	176	1.0
176	176	8.0
177	177	2.0
177	180	2.0
178	178	3.0
179	179	6.0
180	180	2.0
0	6	1.0
0	74	1.0
0	0	4.0
