1	1	4.0
1	3	2.0
1	69	1.0
1	95	1.0
1	108	1.0
2	2	5.0
2	4	1.0
2	80	1.0
3	3	4.0
3	4	1.0
3	76	1.0
4	4	11.0
4	5	4.0
4	6	1.0
4	11	1.0
4	12	2.0
4	31	1.0
4	80	1.0
4	122	1.0
5	5	7.0
5	6	2.0
5	96	2.0
6	6	9.0
7	7	5.0
7	8	1.0
8	8	5.0
8	9	2.0
9	9	2.0
9	10	1.0
10	10	3.0
10	11	1.0
10	48	1.0
10	55	1.0
11	11	10.0
11	12	4.0
11	47	1.0
11	96	1.0
12	12	7.0
12	13	1.0
12	15	1.0
12	27	1.0
12	95	1.0
13	14	1.0
13	16	1.0
13	25	1.0
13	32	4.0
13	68	1.0
14	14	8.0
14	19	1.0
14	24	2.0
14	32	1.0
14	40	1.0
14	41	2.0
14	119	3.0
15	15	2.0
15	16	1.0
15	17	2.0
15	20	1.0
15	22	1.0
15	25	1.0
16	16	4.0
16	17	5.0
16	18	1.0
16	39	1.0
17	17	3.0
17	47	1.0
17	55	1.0
18	18	1.0
18	20	1.0
18	21	2.0
18	39	1.0
18	40	1.0
18	47	1.0
19	19	2.0
19	20	4.0
19	23	1.0
19	40	1.0
19	42	1.0
20	20	2.0
21	21	6.0
21	22	1.0
22	22	4.0
22	23	1.0
22	29	1.0
22	39	1.0
23	23	1.0
23	41	2.0
24	24	4.0
24	42	1.0
25	25	3.0
25	26	1.0
25	27	1.0
25	30	1.0
25	39	1.0
25	40	1.0
25	57	1.0
26	26	11.0
26	27	1.0
26	32	2.0
26	49	1.0
26	105	1.0
27	27	5.0
27	57	4.0
28	28	1.0
28	31	1.0
28	44	1.0
29	29	4.0
29	70	1.0
30	30	3.0
30	31	1.0
30	32	1.0
31	31	1.0
31	32	2.0
32	32	4.0
32	38	1.0
32	45	1.0
33	33	3.0
34	34	2.0
38	38	1.0
38	39	2.0
39	39	2.0
39	45	1.0
41	41	1.0
42	42	7.0
42	43	1.0
42	65	1.0
43	43	2.0
43	45	1.0
44	44	6.0
45	45	2.0
45	46	1.0
46	46	8.0
46	47	3.0
46	103	1.0
47	47	5.0
47	48	1.0
48	48	8.0
48	53	1.0
48	54	1.0
48	56	1.0
48	59	1.0
48	65	1.0
49	49	8.0
49	50	7.0
49	54	1.0
49	57	3.0
50	50	12.0
50	52	1.0
50	53	1.0
50	95	1.0
51	51	9.0
51	52	1.0
51	68	1.0
52	52	5.0
52	53	3.0
53	53	10.0
53	54	4.0
53	56	1.0
53	68	1.0
53	124	1.0
54	54	9.0
54	56	2.0
54	57	1.0
55	55	2.0
55	56	1.0
55	67	1.0
55	126	1.0
56	56	6.0
56	57	3.0
56	102	2.0
56	125	2.0
57	57	13.0
58	58	4.0
58	59	1.0
58	60	1.0
58	62	1.0
58	80	2.0
59	60	1.0
59	73	1.0
60	60	1.0
60	61	2.0
61	61	1.0
62	62	1.0
62	63	3.0
62	65	1.0
63	63	1.0
63	64	1.0
63	93	1.0
64	64	3.0
64	65	1.0
64	66	1.0
65	65	3.0
65	66	2.0
65	67	2.0
65	68	1.0
66	66	8.0
66	67	1.0
67	67	3.0
67	68	3.0
68	68	10.0
68	69	2.0
68	70	1.0
68	125	1.0
69	69	11.0
69	70	1.0
69	77	1.0
69	105	1.0
69	113	1.0
69	119	1.0
70	70	3.0
70	71	1.0
70	82	1.0
70	83	1.0
71	71	3.0
71	118	1.0
72	72	5.0
72	73	2.0
72	74	1.0
72	96	1.0
72	99	1.0
72	101	1.0
73	73	2.0
74	74	1.0
74	80	1.0
74	101	1.0
75	75	9.0
75	76	2.0
75	77	1.0
76	76	3.0
76	77	1.0
76	90	1.0
76	96	1.0
77	77	1.0
77	94	1.0
78	78	1.0
78	82	1.0
79	79	1.0
79	83	1.0
79	87	1.0
79	93	1.0
80	80	1.0
80	81	2.0
80	82	1.0
81	81	2.0
81	82	1.0
81	94	1.0
82	82	1.0
82	87	1.0
83	83	1.0
83	84	1.0
84	84	1.0
84	90	1.0
84	94	1.0
85	86	1.0
85	87	1.0
85	90	1.0
86	86	2.0
86	87	2.0
87	87	2.0
88	88	3.0
88	89	2.0
89	89	4.0
89	90	1.0
89	91	1.0
90	90	3.0
90	91	1.0
90	125	1.0
91	91	1.0
91	92	3.0
91	94	1.0
92	92	7.0
92	93	1.0
92	94	2.0
93	93	7.0
93	94	3.0
93	120	1.0
93	124	2.0
94	94	11.0
94	95	2.0
94	96	1.0
94	122	1.0
94	123	1.0
95	95	6.0
95	96	2.0
95	117	1.0
95	122	1.0
95	125	1.0
96	96	3.0
96	97	1.0
96	98	1.0
96	129	1.0
97	97	3.0
97	98	1.0
98	98	3.0
98	99	1.0
98	132	1.0
99	99	4.0
99	100	1.0
99	101	1.0
100	100	3.0
100	101	2.0
100	102	1.0
100	114	2.0
101	101	1.0
101	102	3.0
102	102	8.0
102	104	1.0
102	109	1.0
102	112	1.0
103	103	2.0
104	104	8.0
104	117	1.0
105	105	15.0
105	106	2.0
105	107	1.0
105	108	1.0
106	106	2.0
106	107	2.0
106	114	2.0
107	107	3.0
107	108	1.0
107	110	1.0
107	114	1.0
107	119	1.0
108	108	11.0
108	109	1.0
108	110	2.0
108	113	1.0
108	119	1.0
109	109	11.0
109	110	4.0
109	111	2.0
109	114	1.0
110	110	9.0
110	111	6.0
110	118	1.0
110	120	1.0
110	121	1.0
110	124	1.0
111	111	7.0
111	112	5.0
112	112	11.0
112	113	1.0
112	120	1.0
113	113	15.0
113	117	1.0
114	114	4.0
114	115	4.0
114	116	1.0
114	117	1.0
114	119	1.0
115	116	2.0
115	119	1.0
116	116	4.0
116	117	1.0
116	119	1.0
117	117	3.0
117	118	1.0
117	120	1.0
118	118	2.0
118	119	3.0
118	125	1.0
118	126	1.0
119	119	4.0
119	120	1.0
120	120	10.0
120	121	4.0
120	122	2.0
121	121	19.0
121	122	2.0
121	123	1.0
122	122	14.0
122	123	1.0
123	123	11.0
123	124	2.0
124	124	13.0
124	125	2.0
125	125	9.0
125	129	1.0
126	126	3.0
126	127	1.0
126	130	1.0
126	131	1.0
127	127	3.0
127	129	1.0
127	130	1.0
128	128	4.0
129	130	3.0
129	132	1.0
130	130	1.0
130	131	1.0
131	131	2.0
131	132	3.0
132	132	6.0
132	133	2.0
133	133	2.0
0	1	1.0
0	2	1.0
0	68	1.0
0	69	1.0
0	113	1.0
0	124	1.0
0	0	8.0
