1	1	8.0
1	2	1.0
1	5	1.0
1	21	1.0
1	23	1.0
1	51	1.0
2	2	8.0
2	23	1.0
3	3	9.0
3	4	3.0
3	5	1.0
3	6	1.0
3	7	1.0
3	13	1.0
4	4	9.0
5	5	8.0
5	6	1.0
5	15	1.0
5	36	1.0
6	6	1.0
6	7	2.0
6	8	1.0
6	14	1.0
7	7	2.0
7	37	1.0
8	8	5.0
8	9	3.0
8	10	1.0
9	9	2.0
9	10	3.0
9	11	1.0
9	12	2.0
9	13	1.0
10	10	6.0
10	11	1.0
10	12	1.0
10	16	1.0
10	18	1.0
10	24	1.0
11	11	2.0
11	15	1.0
11	20	1.0
11	52	1.0
12	12	3.0
12	13	2.0
12	20	1.0
13	13	7.0
13	17	1.0
13	20	1.0
13	29	1.0
13	60	1.0
14	14	4.0
14	15	3.0
14	24	1.0
14	26	1.0
15	15	6.0
15	16	1.0
16	16	1.0
17	17	12.0
17	18	3.0
17	19	1.0
17	20	1.0
17	22	1.0
18	18	5.0
18	19	1.0
18	43	1.0
19	19	1.0
19	20	1.0
19	21	1.0
20	20	10.0
21	21	6.0
21	22	2.0
21	23	1.0
22	22	10.0
22	23	2.0
22	24	3.0
22	36	2.0
23	23	1.0
24	24	4.0
24	45	1.0
25	25	2.0
30	30	8.0
30	31	2.0
30	48	1.0
30	49	1.0
30	51	1.0
31	31	3.0
31	39	1.0
31	41	2.0
31	49	1.0
31	50	1.0
32	32	8.0
32	33	4.0
32	34	1.0
33	33	4.0
33	34	2.0
33	35	1.0
33	37	1.0
33	48	1.0
33	55	1.0
33	62	1.0
34	34	3.0
34	35	2.0
34	40	1.0
34	61	1.0
35	35	5.0
36	36	11.0
36	41	1.0
36	49	1.0
37	37	6.0
37	38	1.0
37	40	1.0
37	41	1.0
37	42	1.0
37	46	1.0
38	38	3.0
38	39	1.0
39	39	7.0
39	40	2.0
39	41	1.0
40	40	4.0
40	41	3.0
40	42	1.0
40	43	1.0
41	41	8.0
41	42	1.0
42	42	5.0
42	43	1.0
42	52	1.0
43	43	4.0
43	44	1.0
43	45	1.0
44	44	11.0
44	45	1.0
45	45	11.0
45	46	5.0
46	46	5.0
46	47	3.0
47	47	3.0
47	48	2.0
47	49	1.0
48	48	6.0
48	49	2.0
49	49	10.0
49	50	2.0
49	56	1.0
50	50	6.0
50	52	1.0
50	55	1.0
50	61	1.0
51	51	4.0
51	52	2.0
52	52	2.0
52	53	2.0
53	53	3.0
53	54	1.0
53	58	1.0
53	59	2.0
54	54	2.0
54	55	1.0
54	59	1.0
55	55	6.0
55	56	3.0
55	60	1.0
56	56	18.0
56	57	2.0
56	58	1.0
56	60	1.0
57	57	9.0
57	60	1.0
58	58	5.0
58	59	1.0
58	60	1.0
59	59	3.0
59	60	2.0
60	60	3.0
60	61	1.0
61	61	3.0
61	62	1.0
62	62	2.0
0	1	3.0
0	51	1.0
0	62	1.0
0	0	11.0
