1	1	2.0
1	4	1.0
1	20	1.0
2	3	1.0
2	31	1.0
2	37	1.0
2	43	1.0
3	3	2.0
4	5	1.0
4	16	1.0
4	18	1.0
4	35	1.0
4	36	1.0
5	16	1.0
5	44	2.0
6	7	1.0
7	8	1.0
8	8	1.0
9	9	3.0
9	11	1.0
9	32	1.0
9	34	1.0
9	94	1.0
10	10	2.0
10	99	1.0
11	11	1.0
11	12	1.0
11	31	1.0
11	35	1.0
11	82	1.0
11	85	1.0
11	95	1.0
12	12	1.0
12	40	1.0
13	13	4.0
13	44	1.0
13	45	1.0
14	42	1.0
15	18	1.0
15	36	1.0
15	38	1.0
15	41	1.0
15	42	1.0
15	44	1.0
15	98	1.0
16	17	1.0
16	94	1.0
16	98	3.0
17	17	2.0
17	18	1.0
17	35	1.0
17	37	1.0
18	18	4.0
19	19	2.0
19	20	2.0
19	29	1.0
19	47	1.0
19	56	1.0
20	20	2.0
20	21	1.0
20	22	1.0
20	36	1.0
22	22	2.0
22	24	1.0
24	76	2.0
25	25	1.0
26	30	1.0
26	97	1.0
27	27	2.0
27	29	1.0
27	30	1.0
27	45	1.0
28	30	1.0
28	45	1.0
28	101	1.0
29	31	1.0
30	30	2.0
30	31	1.0
30	46	1.0
31	31	2.0
31	36	1.0
31	42	1.0
32	32	1.0
32	33	1.0
32	44	1.0
33	33	2.0
34	34	2.0
34	36	1.0
34	38	1.0
35	35	1.0
36	37	1.0
36	39	1.0
37	38	1.0
38	38	1.0
38	39	1.0
38	40	1.0
39	40	1.0
39	45	1.0
40	40	2.0
40	45	1.0
41	45	1.0
41	62	1.0
41	91	1.0
42	42	2.0
42	45	1.0
43	43	1.0
45	45	2.0
45	48	1.0
45	80	1.0
46	46	3.0
46	74	1.0
46	85	1.0
46	91	1.0
47	47	3.0
47	48	1.0
47	73	1.0
47	83	1.0
47	86	1.0
47	132	1.0
48	48	2.0
48	97	1.0
54	81	1.0
55	55	1.0
55	98	1.0
56	92	1.0
57	57	2.0
57	62	1.0
57	103	1.0
58	100	1.0
58	103	1.0
59	59	2.0
59	78	1.0
59	92	1.0
60	60	2.0
60	118	1.0
61	61	2.0
61	62	1.0
61	128	1.0
62	62	3.0
63	63	2.0
63	64	1.0
63	66	1.0
63	70	1.0
64	64	2.0
65	65	5.0
66	66	2.0
67	68	1.0
68	68	1.0
68	69	2.0
69	69	2.0
70	70	2.0
70	78	1.0
70	111	1.0
71	71	1.0
71	72	3.0
72	92	1.0
73	73	4.0
73	91	1.0
74	74	7.0
74	96	1.0
75	83	1.0
75	108	1.0
76	76	4.0
77	77	4.0
78	78	2.0
78	85	1.0
78	88	1.0
79	132	1.0
81	81	1.0
81	82	1.0
81	86	1.0
82	82	2.0
82	83	1.0
82	104	1.0
82	121	1.0
83	83	1.0
83	97	1.0
83	110	2.0
84	84	1.0
84	85	2.0
84	115	1.0
85	85	1.0
85	116	1.0
86	86	3.0
86	90	1.0
87	88	1.0
87	92	1.0
88	88	1.0
88	89	1.0
88	90	1.0
89	89	1.0
89	94	1.0
90	90	1.0
90	91	1.0
90	92	1.0
91	93	1.0
92	93	1.0
93	93	3.0
94	94	1.0
94	95	1.0
95	96	1.0
96	96	1.0
102	134	1.0
103	128	1.0
105	105	1.0
105	130	1.0
105	134	1.0
107	107	2.0
107	108	1.0
109	109	2.0
109	118	1.0
110	110	3.0
110	111	2.0
111	114	1.0
111	116	1.0
111	125	1.0
112	112	1.0
112	116	1.0
113	113	3.0
113	116	1.0
113	125	1.0
113	130	1.0
113	134	1.0
114	114	1.0
114	116	1.0
115	115	1.0
116	116	1.0
116	117	1.0
117	130	1.0
118	118	3.0
118	126	1.0
119	119	1.0
119	129	1.0
120	120	3.0
122	122	1.0
122	132	1.0
123	123	1.0
124	126	1.0
124	130	2.0
125	125	1.0
125	127	1.0
126	126	2.0
126	127	1.0
126	133	1.0
126	134	2.0
127	131	1.0
128	128	2.0
129	129	1.0
129	134	1.0
130	130	3.0
131	131	4.0
131	132	2.0
132	132	1.0
133	133	1.0
133	134	2.0
134	134	1.0
0	86	1.0
0	0	3.0
