20	20	3.0
20	21	1.0
20	23	1.0
20	63	1.0
21	21	8.0
21	22	2.0
21	25	1.0
22	22	4.0
22	65	1.0
22	74	1.0
22	76	1.0
23	23	5.0
23	24	3.0
23	74	2.0
24	24	4.0
24	25	1.0
24	89	1.0
25	25	1.0
25	26	1.0
25	27	1.0
25	89	1.0
26	26	2.0
26	33	1.0
27	27	2.0
27	28	1.0
28	79	1.0
29	29	3.0
29	30	2.0
29	38	1.0
29	79	1.0
29	83	2.0
29	84	1.0
30	30	2.0
30	37	2.0
30	79	1.0
30	88	1.0
31	31	3.0
31	35	2.0
31	62	1.0
32	32	3.0
32	52	1.0
32	53	1.0
33	33	3.0
33	34	1.0
33	38	2.0
35	35	5.0
35	36	1.0
36	36	3.0
36	37	1.0
36	54	1.0
36	94	1.0
37	37	1.0
37	38	1.0
38	38	3.0
38	39	1.0
38	62	1.0
39	39	3.0
39	40	2.0
39	78	1.0
39	91	1.0
40	40	2.0
40	42	1.0
41	43	1.0
41	49	1.0
41	94	1.0
42	43	2.0
43	43	4.0
43	44	1.0
43	46	1.0
43	47	1.0
43	48	1.0
44	44	1.0
44	98	1.0
45	45	5.0
45	97	1.0
46	46	2.0
46	49	1.0
47	47	1.0
48	48	1.0
48	49	1.0
49	49	2.0
50	50	8.0
50	51	1.0
50	65	1.0
50	78	1.0
50	101	1.0
50	104	1.0
51	51	5.0
51	52	1.0
51	67	1.0
52	52	5.0
52	53	1.0
52	62	1.0
53	53	4.0
53	56	1.0
53	63	1.0
53	64	1.0
54	54	3.0
54	55	1.0
54	58	1.0
54	60	1.0
55	55	7.0
55	56	3.0
56	56	3.0
57	57	2.0
57	58	2.0
58	58	4.0
58	59	1.0
59	59	2.0
59	60	2.0
60	60	2.0
60	61	1.0
61	61	1.0
61	77	1.0
62	62	2.0
62	66	1.0
63	63	2.0
63	89	1.0
64	64	4.0
65	65	4.0
65	66	1.0
65	73	1.0
66	66	4.0
66	67	1.0
66	89	1.0
66	101	2.0
66	102	2.0
67	67	1.0
67	70	1.0
67	89	1.0
67	91	1.0
67	101	1.0
68	68	9.0
68	69	1.0
68	70	1.0
69	69	4.0
69	106	1.0
70	70	6.0
70	71	1.0
70	75	1.0
71	71	4.0
71	73	1.0
72	72	3.0
72	81	1.0
73	73	3.0
73	74	1.0
73	81	1.0
74	74	6.0
74	75	1.0
75	75	3.0
75	76	1.0
75	100	1.0
76	76	4.0
76	96	3.0
77	77	12.0
77	89	1.0
77	91	1.0
77	107	1.0
78	78	7.0
78	79	2.0
78	80	2.0
78	81	1.0
79	83	1.0
79	98	1.0
79	99	1.0
80	80	2.0
81	81	4.0
81	82	1.0
81	83	1.0
81	84	1.0
81	85	1.0
82	82	3.0
83	83	2.0
83	89	1.0
84	84	1.0
84	86	1.0
84	88	1.0
85	86	1.0
86	86	2.0
86	87	1.0
87	87	2.0
87	88	2.0
88	88	3.0
88	89	2.0
89	89	5.0
89	90	2.0
90	90	3.0
90	91	1.0
91	91	5.0
92	92	4.0
92	93	2.0
93	93	3.0
93	95	1.0
94	94	6.0
95	95	5.0
97	97	4.0
97	98	2.0
97	99	2.0
98	98	3.0
98	99	1.0
99	99	3.0
100	100	2.0
101	101	3.0
101	102	1.0
101	104	1.0
102	102	11.0
103	103	6.0
103	104	2.0
103	105	1.0
103	106	2.0
104	104	4.0
105	105	4.0
105	106	1.0
106	106	1.0
107	107	1.0
