1	1	1.0
1	2	2.0
1	3	1.0
1	4	1.0
2	2	1.0
3	3	3.0
3	7	1.0
3	25	2.0
3	37	1.0
3	153	1.0
4	4	4.0
4	6	1.0
4	24	1.0
4	25	1.0
4	40	1.0
4	106	1.0
5	5	3.0
5	7	1.0
5	9	1.0
5	25	1.0
5	47	1.0
6	6	2.0
6	26	1.0
6	78	1.0
7	7	3.0
7	24	2.0
7	25	1.0
7	41	3.0
7	42	1.0
7	77	1.0
7	79	2.0
8	8	7.0
8	41	1.0
8	52	1.0
8	78	1.0
8	80	1.0
8	83	1.0
9	9	2.0
9	18	1.0
10	10	2.0
10	11	2.0
10	15	1.0
10	26	1.0
10	29	1.0
10	54	2.0
10	55	1.0
10	57	1.0
11	11	3.0
11	12	1.0
11	24	1.0
12	12	3.0
12	13	1.0
12	17	1.0
12	22	1.0
12	28	1.0
12	29	1.0
12	30	1.0
13	13	4.0
13	19	1.0
13	20	1.0
13	22	1.0
13	30	1.0
13	35	1.0
14	14	4.0
14	20	1.0
14	29	1.0
15	15	5.0
16	16	4.0
16	17	1.0
16	22	1.0
16	33	2.0
16	34	1.0
16	63	1.0
17	17	2.0
17	31	1.0
17	37	2.0
17	42	1.0
18	18	3.0
18	20	1.0
18	60	1.0
19	19	2.0
19	20	1.0
19	22	3.0
19	24	1.0
19	64	2.0
20	20	3.0
20	23	1.0
20	24	1.0
20	25	1.0
20	27	1.0
20	37	1.0
20	42	1.0
20	58	1.0
21	21	2.0
21	22	1.0
21	23	1.0
21	24	2.0
21	43	2.0
21	52	1.0
22	22	2.0
22	23	1.0
22	30	1.0
22	44	1.0
22	61	1.0
23	23	3.0
23	24	1.0
23	27	1.0
23	32	1.0
24	24	5.0
24	25	2.0
24	33	1.0
24	47	2.0
25	25	3.0
25	26	2.0
25	36	1.0
25	43	1.0
25	44	1.0
26	26	3.0
26	27	1.0
26	29	1.0
26	44	1.0
27	27	2.0
27	31	1.0
28	28	3.0
28	29	1.0
28	36	1.0
28	44	1.0
29	29	4.0
29	31	1.0
30	30	2.0
30	31	1.0
30	32	1.0
30	36	1.0
31	31	6.0
31	33	1.0
31	35	1.0
31	44	1.0
31	45	1.0
31	63	1.0
32	32	4.0
32	33	2.0
32	63	1.0
33	33	4.0
33	52	1.0
33	60	1.0
34	34	3.0
34	60	1.0
35	65	1.0
36	36	3.0
36	37	1.0
36	55	3.0
37	37	3.0
37	38	1.0
37	39	1.0
37	44	1.0
37	79	1.0
37	107	2.0
38	38	6.0
38	39	3.0
38	79	1.0
38	84	1.0
39	39	6.0
39	81	1.0
39	84	2.0
40	40	5.0
41	41	6.0
41	43	1.0
41	44	1.0
41	47	1.0
41	63	2.0
41	77	1.0
41	106	1.0
42	42	3.0
42	43	2.0
42	61	1.0
43	43	4.0
43	47	1.0
43	63	2.0
43	65	2.0
44	44	2.0
44	46	1.0
44	58	2.0
44	62	2.0
45	45	3.0
45	46	1.0
45	60	1.0
45	63	2.0
45	132	1.0
46	46	4.0
46	62	2.0
47	47	6.0
47	48	1.0
48	48	6.0
48	81	1.0
49	80	2.0
52	60	1.0
53	53	5.0
53	54	3.0
53	94	1.0
54	54	2.0
54	93	1.0
55	55	4.0
55	94	1.0
56	56	3.0
56	57	1.0
56	77	1.0
56	99	1.0
57	57	3.0
57	58	1.0
57	64	1.0
57	99	2.0
58	58	2.0
58	64	1.0
59	59	4.0
59	60	1.0
60	60	2.0
60	61	2.0
60	62	1.0
60	63	1.0
61	62	1.0
61	63	1.0
61	92	1.0
61	98	1.0
61	107	1.0
62	62	4.0
62	78	1.0
63	63	2.0
63	64	1.0
64	64	4.0
65	65	3.0
65	67	2.0
65	98	1.0
66	66	1.0
67	68	1.0
67	100	2.0
68	68	5.0
68	69	1.0
68	72	1.0
68	90	1.0
68	120	1.0
68	122	1.0
68	141	2.0
70	70	4.0
70	120	1.0
71	71	3.0
71	120	2.0
71	130	1.0
72	72	4.0
72	73	3.0
72	98	1.0
72	100	2.0
72	121	1.0
72	122	1.0
73	73	3.0
73	80	1.0
73	93	1.0
73	108	2.0
73	135	1.0
74	74	8.0
74	75	1.0
74	81	1.0
74	105	1.0
74	111	1.0
75	75	2.0
75	76	1.0
75	79	1.0
75	93	1.0
75	94	1.0
75	95	1.0
76	76	7.0
76	91	3.0
77	77	5.0
77	78	1.0
77	79	2.0
77	80	3.0
77	84	1.0
78	78	3.0
78	79	2.0
78	82	1.0
78	84	1.0
78	99	1.0
78	102	1.0
78	107	1.0
79	79	3.0
79	80	1.0
79	81	1.0
79	82	1.0
79	91	1.0
79	92	1.0
79	99	1.0
79	100	1.0
79	107	2.0
79	125	1.0
80	80	2.0
80	81	1.0
80	84	1.0
81	81	4.0
81	89	1.0
81	123	2.0
81	125	1.0
82	82	4.0
82	83	3.0
82	84	3.0
82	95	1.0
82	111	1.0
82	125	1.0
83	83	4.0
83	84	2.0
83	102	2.0
83	103	1.0
83	105	1.0
84	85	1.0
84	99	2.0
85	85	5.0
85	88	1.0
85	97	1.0
85	100	1.0
85	109	1.0
85	110	2.0
85	123	1.0
85	124	4.0
85	125	3.0
85	127	3.0
85	156	1.0
85	158	1.0
85	160	1.0
86	86	2.0
86	88	1.0
86	160	1.0
86	183	1.0
87	87	2.0
87	90	1.0
87	96	1.0
87	124	1.0
87	149	1.0
87	156	2.0
87	185	1.0
87	187	1.0
88	88	3.0
88	89	2.0
88	90	1.0
88	96	1.0
88	97	1.0
88	124	1.0
89	89	3.0
89	90	2.0
89	110	3.0
89	122	1.0
89	153	2.0
90	90	4.0
90	91	1.0
90	108	1.0
90	110	1.0
90	122	1.0
90	123	1.0
90	154	3.0
90	160	1.0
91	91	2.0
91	93	1.0
91	107	1.0
91	144	2.0
91	151	1.0
91	156	1.0
91	168	1.0
91	182	1.0
92	92	1.0
92	98	1.0
92	146	1.0
92	156	1.0
92	158	1.0
93	93	4.0
93	94	2.0
93	116	1.0
94	94	7.0
94	95	1.0
94	106	1.0
94	112	1.0
94	113	2.0
94	181	1.0
95	95	2.0
95	112	1.0
95	122	1.0
95	130	1.0
95	142	2.0
95	165	1.0
96	96	4.0
96	112	1.0
96	125	1.0
96	127	2.0
96	159	1.0
96	167	1.0
96	170	1.0
96	184	1.0
96	188	1.0
97	97	3.0
97	121	1.0
97	122	1.0
97	125	1.0
97	130	1.0
97	185	1.0
98	98	5.0
98	109	1.0
99	99	1.0
99	100	1.0
99	108	1.0
99	138	1.0
99	169	1.0
99	170	2.0
100	100	2.0
100	102	1.0
100	134	1.0
101	101	6.0
101	102	2.0
101	103	3.0
101	163	1.0
101	164	2.0
102	102	2.0
102	105	1.0
102	107	1.0
102	135	1.0
102	148	1.0
103	103	2.0
103	164	1.0
104	104	3.0
104	105	1.0
104	106	1.0
104	163	1.0
105	105	7.0
105	106	2.0
106	106	6.0
106	107	1.0
107	107	7.0
107	108	1.0
107	131	1.0
108	108	7.0
108	109	2.0
108	110	2.0
108	137	2.0
108	152	1.0
108	175	1.0
109	109	5.0
109	110	2.0
109	144	1.0
109	175	1.0
110	110	4.0
110	111	1.0
110	122	1.0
110	134	1.0
110	177	1.0
110	185	1.0
111	111	4.0
111	112	1.0
111	126	1.0
111	139	1.0
112	112	1.0
112	114	1.0
112	130	1.0
112	131	1.0
112	133	1.0
112	175	1.0
113	113	2.0
113	114	2.0
113	116	1.0
113	129	1.0
113	130	1.0
113	151	1.0
113	169	1.0
114	114	7.0
114	152	3.0
114	155	1.0
114	160	2.0
114	167	1.0
115	115	2.0
115	116	2.0
115	158	1.0
115	159	1.0
115	186	1.0
116	116	1.0
116	117	1.0
116	119	1.0
117	117	5.0
117	118	1.0
117	120	1.0
117	122	1.0
117	171	1.0
118	118	2.0
118	155	1.0
118	183	1.0
120	120	5.0
120	121	1.0
121	121	2.0
121	128	1.0
121	129	1.0
121	130	1.0
121	148	1.0
121	149	2.0
121	171	1.0
122	122	6.0
122	123	2.0
122	155	1.0
122	160	1.0
122	162	1.0
122	170	1.0
123	123	4.0
123	126	1.0
123	129	1.0
123	149	2.0
123	160	1.0
123	185	2.0
124	124	5.0
124	147	1.0
124	156	1.0
125	125	6.0
125	149	1.0
125	158	1.0
125	169	1.0
126	126	3.0
127	127	3.0
127	149	2.0
127	169	2.0
127	189	1.0
128	128	2.0
128	151	1.0
128	174	2.0
128	177	1.0
129	129	5.0
129	130	2.0
129	148	1.0
129	151	2.0
129	173	1.0
130	130	3.0
130	131	1.0
130	151	1.0
130	175	1.0
131	131	4.0
131	134	2.0
131	135	1.0
131	136	1.0
131	139	1.0
131	168	1.0
131	179	1.0
132	132	1.0
132	138	1.0
132	140	1.0
133	133	1.0
133	134	2.0
133	135	1.0
134	134	2.0
134	135	3.0
134	137	1.0
135	135	1.0
135	145	2.0
136	136	2.0
136	137	1.0
136	144	1.0
136	163	1.0
136	165	1.0
136	168	1.0
137	137	2.0
137	138	1.0
137	139	2.0
137	147	1.0
138	138	1.0
138	139	3.0
138	140	1.0
138	145	1.0
138	171	1.0
139	139	1.0
139	140	1.0
139	169	1.0
139	172	2.0
139	174	1.0
140	140	2.0
140	147	1.0
141	141	2.0
141	142	1.0
141	147	1.0
142	142	5.0
142	143	1.0
142	144	1.0
142	145	1.0
142	146	1.0
142	147	1.0
143	143	4.0
143	144	1.0
143	146	1.0
144	144	1.0
144	147	1.0
145	145	1.0
145	163	2.0
145	190	1.0
146	146	3.0
146	147	1.0
146	148	1.0
146	164	1.0
147	170	1.0
147	175	1.0
147	186	1.0
148	148	3.0
148	175	1.0
148	177	1.0
148	185	1.0
148	186	1.0
149	149	4.0
149	158	1.0
149	173	1.0
149	178	1.0
150	150	2.0
150	151	4.0
150	158	2.0
150	172	1.0
150	179	1.0
150	181	2.0
151	151	7.0
151	152	1.0
151	153	1.0
152	152	1.0
152	153	3.0
153	153	8.0
154	154	8.0
155	155	2.0
155	156	1.0
155	175	1.0
155	189	1.0
156	156	5.0
156	157	1.0
156	158	1.0
156	180	1.0
157	157	4.0
157	158	2.0
157	167	2.0
157	183	1.0
157	186	1.0
158	159	1.0
158	166	1.0
158	184	1.0
158	186	1.0
158	187	2.0
159	159	4.0
159	160	2.0
159	184	1.0
159	188	1.0
160	160	2.0
160	166	1.0
160	183	1.0
161	161	2.0
162	162	2.0
162	172	1.0
162	190	1.0
163	163	4.0
163	164	1.0
163	175	1.0
163	189	1.0
164	164	2.0
164	166	1.0
165	165	4.0
165	181	1.0
165	187	1.0
166	166	7.0
166	167	1.0
167	167	2.0
167	168	1.0
167	169	1.0
168	169	1.0
168	181	1.0
169	169	1.0
169	170	2.0
169	173	1.0
169	174	2.0
170	170	12.0
170	178	1.0
171	171	1.0
171	173	2.0
171	174	2.0
171	180	1.0
172	172	2.0
172	173	1.0
172	178	1.0
172	180	1.0
173	174	3.0
174	174	2.0
174	175	2.0
175	175	4.0
175	176	1.0
175	177	1.0
175	182	1.0
175	184	1.0
175	188	1.0
176	176	1.0
176	177	2.0
176	188	1.0
177	177	4.0
177	178	2.0
178	178	2.0
178	180	1.0
178	181	2.0
178	188	1.0
179	179	3.0
179	180	1.0
179	188	1.0
180	180	1.0
180	181	1.0
181	181	5.0
181	189	1.0
181	190	1.0
182	182	3.0
182	185	1.0
182	186	2.0
182	187	1.0
182	188	1.0
182	189	2.0
183	183	4.0
183	184	2.0
183	185	1.0
184	185	2.0
184	188	1.0
184	190	2.0
185	185	4.0
185	186	1.0
186	186	1.0
186	187	2.0
187	187	1.0
187	188	1.0
188	188	2.0
188	189	4.0
189	189	1.0
189	190	1.0
190	190	1.0
0	42	1.0
0	61	1.0
0	63	1.0
0	64	1.0
0	92	1.0
0	93	1.0
0	0	4.0
