1	1	4.0
1	5	1.0
1	30	1.0
1	37	1.0
2	2	6.0
2	4	1.0
2	36	1.0
3	3	2.0
3	6	1.0
3	37	1.0
4	4	1.0
5	5	2.0
5	14	1.0
6	6	4.0
6	12	1.0
6	43	1.0
6	96	1.0
8	8	2.0
8	33	1.0
8	66	1.0
9	9	3.0
10	10	2.0
10	34	1.0
10	72	1.0
11	11	1.0
12	94	1.0
13	14	1.0
13	62	1.0
15	15	1.0
15	34	2.0
16	89	1.0
17	17	1.0
18	23	1.0
18	32	1.0
19	31	1.0
20	20	1.0
20	21	2.0
20	123	1.0
21	21	1.0
21	25	2.0
22	22	1.0
23	25	1.0
23	27	1.0
23	37	1.0
24	24	2.0
24	25	3.0
24	26	1.0
24	27	1.0
25	25	2.0
25	26	2.0
25	27	1.0
25	28	1.0
26	26	2.0
27	27	1.0
27	111	1.0
27	144	1.0
28	28	2.0
28	142	1.0
29	29	1.0
30	30	3.0
30	32	1.0
30	124	1.0
31	57	1.0
32	32	1.0
32	40	1.0
34	34	2.0
34	35	3.0
35	35	2.0
35	50	1.0
35	115	1.0
36	36	1.0
37	37	4.0
37	41	1.0
37	58	1.0
37	103	1.0
38	38	3.0
38	82	1.0
39	39	1.0
39	40	1.0
40	40	1.0
40	47	1.0
40	49	1.0
41	41	1.0
41	42	1.0
42	42	1.0
42	43	2.0
42	49	1.0
43	43	1.0
43	107	1.0
47	49	1.0
48	48	1.0
48	49	1.0
48	61	1.0
48	116	1.0
49	49	1.0
49	52	3.0
49	141	1.0
50	51	1.0
50	52	1.0
51	51	1.0
51	52	1.0
51	88	1.0
52	52	2.0
52	58	1.0
52	77	1.0
52	87	1.0
52	119	1.0
53	53	1.0
53	54	1.0
53	55	1.0
53	60	1.0
53	118	1.0
54	54	3.0
54	72	1.0
54	131	1.0
55	55	1.0
55	56	1.0
55	79	1.0
56	57	1.0
56	63	1.0
56	65	1.0
57	57	1.0
57	64	2.0
58	58	1.0
58	116	1.0
59	59	3.0
59	60	2.0
60	60	2.0
60	61	1.0
60	65	1.0
61	61	1.0
61	82	1.0
61	96	1.0
62	62	1.0
62	63	1.0
62	65	1.0
62	68	1.0
62	112	1.0
63	78	1.0
63	85	1.0
63	121	1.0
64	64	1.0
65	67	1.0
65	87	1.0
66	66	5.0
66	67	1.0
66	70	1.0
69	69	2.0
69	130	1.0
70	91	1.0
70	92	1.0
70	134	1.0
71	71	1.0
71	78	1.0
71	120	1.0
72	73	2.0
73	73	2.0
73	75	1.0
73	93	1.0
74	74	1.0
74	82	1.0
74	124	1.0
75	75	3.0
75	76	1.0
75	91	1.0
75	112	1.0
76	76	1.0
77	78	1.0
79	79	1.0
79	80	1.0
79	81	1.0
79	114	1.0
79	115	1.0
80	81	2.0
80	85	1.0
80	143	1.0
81	81	2.0
81	117	1.0
82	121	1.0
84	90	1.0
84	121	1.0
85	85	2.0
85	91	1.0
85	122	1.0
86	86	1.0
86	121	1.0
87	87	1.0
88	89	1.0
89	91	1.0
89	114	1.0
90	99	1.0
90	125	1.0
91	91	2.0
91	121	1.0
92	92	1.0
92	93	1.0
92	136	1.0
93	93	3.0
94	94	1.0
94	139	1.0
95	95	1.0
95	96	1.0
95	101	1.0
96	96	1.0
96	99	1.0
96	110	2.0
96	123	1.0
97	97	1.0
97	109	1.0
99	99	1.0
99	100	1.0
99	105	2.0
99	142	1.0
100	100	4.0
100	104	1.0
100	134	1.0
101	101	2.0
101	102	2.0
101	103	1.0
102	102	3.0
102	103	2.0
102	143	1.0
103	103	3.0
103	119	1.0
104	104	2.0
104	106	2.0
104	119	1.0
104	128	1.0
105	105	2.0
105	106	1.0
105	108	1.0
106	106	1.0
106	107	1.0
107	108	1.0
108	108	2.0
108	109	1.0
108	118	1.0
108	127	1.0
108	140	1.0
109	126	1.0
110	110	1.0
110	125	1.0
112	117	1.0
113	118	1.0
114	114	1.0
116	116	1.0
118	118	1.0
118	119	1.0
118	139	1.0
119	129	1.0
119	131	1.0
119	139	1.0
120	120	1.0
121	121	1.0
121	123	2.0
121	127	1.0
122	122	1.0
122	123	1.0
122	127	1.0
124	124	4.0
124	125	1.0
125	125	2.0
126	126	7.0
127	127	1.0
127	128	3.0
127	135	1.0
127	139	1.0
128	128	2.0
128	129	1.0
129	129	2.0
130	130	2.0
130	133	1.0
131	131	4.0
132	139	1.0
133	138	1.0
134	134	4.0
134	141	1.0
135	136	1.0
137	137	2.0
138	138	1.0
139	140	1.0
140	140	3.0
140	141	1.0
141	141	1.0
141	142	1.0
142	142	3.0
143	143	1.0
145	145	1.0
146	146	1.0
0	1	1.0
