17	17	1.0
18	18	2.0
18	29	1.0
19	19	3.0
19	26	1.0
19	39	1.0
20	20	5.0
20	21	2.0
21	21	3.0
21	24	1.0
22	22	2.0
23	23	3.0
23	24	1.0
24	24	4.0
24	42	1.0
25	25	2.0
25	32	3.0
26	26	3.0
26	32	1.0
27	27	5.0
27	28	2.0
28	28	2.0
29	29	7.0
30	30	4.0
30	31	1.0
30	37	1.0
31	31	2.0
31	41	2.0
32	32	2.0
32	34	2.0
32	43	2.0
33	33	2.0
33	34	2.0
33	35	1.0
33	43	1.0
33	45	1.0
33	48	1.0
34	35	1.0
35	35	6.0
36	36	3.0
36	42	1.0
37	37	6.0
37	38	2.0
37	42	1.0
38	38	4.0
38	40	1.0
38	42	2.0
38	48	1.0
39	39	6.0
39	40	2.0
40	40	6.0
40	42	1.0
41	41	2.0
42	42	8.0
43	43	4.0
43	44	1.0
44	44	3.0
44	45	1.0
45	45	2.0
45	50	1.0
46	46	4.0
46	48	1.0
47	47	4.0
47	48	1.0
48	48	1.0
48	49	1.0
49	49	3.0
50	50	3.0
50	51	2.0
