1	1	3.0
1	2	1.0
1	39	1.0
1	44	1.0
1	55	1.0
2	2	4.0
2	43	1.0
2	82	1.0
2	87	1.0
2	90	1.0
3	3	2.0
3	81	1.0
3	91	2.0
4	4	3.0
4	67	1.0
5	5	1.0
5	72	1.0
5	92	2.0
5	127	1.0
6	6	3.0
6	7	1.0
7	7	2.0
7	8	1.0
8	151	1.0
9	9	2.0
9	10	1.0
10	10	2.0
11	11	4.0
11	90	1.0
12	41	1.0
12	42	1.0
12	45	1.0
13	55	1.0
13	67	1.0
14	14	3.0
14	26	1.0
14	31	1.0
15	53	1.0
16	16	1.0
16	17	1.0
16	19	1.0
16	50	1.0
16	51	1.0
16	52	1.0
17	17	2.0
18	18	2.0
18	31	1.0
18	53	1.0
18	54	1.0
19	19	1.0
19	20	1.0
19	40	1.0
20	20	4.0
20	25	1.0
21	21	2.0
21	26	1.0
21	40	1.0
22	22	1.0
23	23	2.0
24	24	2.0
24	25	1.0
24	27	1.0
24	66	1.0
24	69	1.0
24	71	1.0
24	98	1.0
25	26	1.0
25	31	1.0
25	69	1.0
26	26	5.0
26	27	1.0
26	30	2.0
26	43	1.0
27	41	1.0
28	28	5.0
30	30	7.0
30	31	1.0
31	31	4.0
31	41	1.0
32	32	1.0
32	36	1.0
32	47	1.0
33	33	1.0
33	36	1.0
34	34	1.0
34	36	1.0
34	52	1.0
35	35	4.0
35	36	1.0
36	37	2.0
36	45	1.0
36	51	1.0
37	45	1.0
39	39	2.0
39	46	1.0
40	40	3.0
40	41	1.0
40	46	1.0
41	41	1.0
42	42	5.0
42	43	2.0
43	43	4.0
43	44	1.0
44	44	2.0
44	45	2.0
45	45	4.0
46	46	2.0
47	47	2.0
49	50	1.0
50	50	2.0
50	51	3.0
51	51	1.0
51	54	1.0
52	52	1.0
52	53	1.0
52	54	1.0
54	54	1.0
54	55	1.0
55	55	1.0
55	56	1.0
55	91	1.0
55	144	1.0
56	57	1.0
62	63	1.0
62	64	1.0
63	63	2.0
64	64	1.0
64	90	1.0
64	96	1.0
65	65	3.0
65	73	1.0
65	92	1.0
65	98	1.0
66	66	4.0
67	67	1.0
68	68	2.0
68	70	1.0
68	87	1.0
68	91	1.0
68	94	1.0
69	69	3.0
69	70	1.0
69	78	1.0
69	92	1.0
70	70	1.0
70	90	1.0
70	91	1.0
70	96	1.0
71	71	3.0
71	97	1.0
71	157	1.0
71	158	1.0
72	72	2.0
72	73	1.0
73	73	1.0
73	97	1.0
73	98	1.0
73	101	1.0
73	150	2.0
74	74	1.0
75	75	1.0
76	76	1.0
77	77	1.0
77	79	1.0
78	79	1.0
78	85	1.0
78	86	1.0
78	96	1.0
79	79	3.0
79	90	1.0
79	95	1.0
80	80	1.0
80	90	1.0
80	94	2.0
80	159	1.0
81	81	1.0
81	83	1.0
81	111	1.0
82	82	1.0
83	83	3.0
83	142	1.0
83	143	1.0
83	144	1.0
84	103	1.0
84	109	1.0
84	124	1.0
85	93	1.0
86	86	4.0
86	87	2.0
86	129	1.0
87	87	1.0
87	89	1.0
87	91	1.0
87	130	1.0
88	88	1.0
90	90	1.0
91	91	3.0
91	94	1.0
91	98	1.0
92	92	3.0
93	93	4.0
93	94	1.0
93	97	1.0
94	94	2.0
94	96	1.0
95	95	3.0
95	96	1.0
96	96	1.0
97	97	1.0
97	145	2.0
97	148	1.0
98	98	1.0
98	100	1.0
98	101	1.0
98	102	1.0
99	99	1.0
99	101	1.0
99	104	1.0
100	100	2.0
100	101	1.0
100	105	1.0
100	134	2.0
101	105	1.0
101	122	1.0
102	120	1.0
102	131	1.0
103	103	1.0
103	104	1.0
104	104	3.0
104	105	1.0
104	108	2.0
105	105	6.0
105	131	2.0
105	134	2.0
106	106	1.0
106	107	2.0
107	107	3.0
107	112	2.0
107	132	1.0
108	108	2.0
108	126	1.0
108	142	1.0
109	109	2.0
109	144	1.0
109	150	1.0
109	157	1.0
110	110	1.0
110	111	1.0
110	130	1.0
111	111	1.0
111	112	1.0
111	113	1.0
112	112	2.0
113	121	1.0
113	125	1.0
113	149	1.0
113	152	1.0
114	114	1.0
114	133	1.0
115	115	2.0
115	116	1.0
115	117	1.0
115	118	1.0
116	116	1.0
116	117	1.0
117	117	3.0
117	120	1.0
117	142	1.0
118	118	1.0
118	119	1.0
118	121	1.0
119	140	1.0
120	120	3.0
120	123	1.0
120	141	1.0
121	121	2.0
121	131	1.0
121	132	1.0
122	122	5.0
122	123	1.0
122	131	1.0
122	133	1.0
122	134	1.0
122	137	1.0
122	156	1.0
123	123	1.0
123	124	1.0
124	136	1.0
125	125	1.0
125	144	1.0
125	152	1.0
126	126	1.0
127	127	2.0
127	129	2.0
127	130	2.0
128	128	3.0
128	129	1.0
128	130	1.0
129	129	2.0
130	130	5.0
130	150	1.0
131	131	3.0
131	132	1.0
131	147	1.0
131	150	1.0
132	132	2.0
132	133	1.0
132	138	1.0
133	133	1.0
133	134	1.0
133	155	1.0
134	134	6.0
134	135	2.0
134	139	1.0
134	140	1.0
135	135	3.0
135	138	1.0
135	140	1.0
135	155	2.0
135	157	1.0
136	136	1.0
136	146	1.0
137	137	6.0
137	146	1.0
137	147	1.0
137	148	1.0
137	152	1.0
137	153	2.0
138	138	2.0
138	139	1.0
138	149	1.0
138	155	1.0
139	139	7.0
139	140	1.0
140	140	2.0
141	141	3.0
141	149	1.0
142	142	2.0
143	143	1.0
143	144	1.0
144	144	4.0
144	154	1.0
146	146	1.0
146	147	1.0
147	157	2.0
147	158	1.0
148	148	2.0
148	149	2.0
148	152	2.0
149	158	1.0
150	150	4.0
150	151	1.0
150	157	1.0
151	151	3.0
151	152	1.0
151	158	1.0
152	152	2.0
153	153	1.0
153	155	2.0
155	158	1.0
157	157	1.0
158	158	1.0
0	5	1.0
0	27	1.0
