1	1	2.0
1	4	1.0
2	2	1.0
2	4	1.0
2	6	1.0
2	41	1.0
3	3	2.0
3	4	1.0
3	18	1.0
3	56	1.0
4	4	5.0
4	5	1.0
4	8	1.0
4	37	1.0
5	5	1.0
5	6	1.0
6	6	3.0
6	29	1.0
6	40	1.0
7	7	2.0
8	8	1.0
8	9	1.0
8	37	1.0
8	51	1.0
9	9	6.0
9	54	1.0
10	10	2.0
10	38	1.0
10	51	1.0
11	15	1.0
12	12	2.0
12	13	1.0
12	54	1.0
12	55	1.0
13	13	3.0
14	14	1.0
14	15	2.0
14	51	1.0
15	15	3.0
15	17	1.0
16	16	1.0
17	17	1.0
17	18	1.0
17	34	1.0
17	57	2.0
18	18	2.0
18	19	1.0
18	26	1.0
18	44	1.0
19	22	1.0
20	20	1.0
21	21	1.0
21	26	1.0
21	28	1.0
23	23	2.0
23	30	1.0
23	74	1.0
23	124	1.0
23	125	1.0
24	31	1.0
24	34	1.0
24	87	1.0
25	25	1.0
25	71	1.0
26	26	1.0
26	28	1.0
26	34	1.0
26	66	1.0
27	27	2.0
27	28	2.0
27	29	1.0
28	28	2.0
29	29	2.0
29	37	1.0
30	30	2.0
30	32	1.0
31	31	2.0
31	87	1.0
31	88	1.0
31	179	1.0
32	32	3.0
33	33	5.0
35	36	1.0
36	36	1.0
36	37	1.0
37	37	4.0
38	38	3.0
38	39	1.0
39	39	2.0
39	40	2.0
39	122	1.0
39	183	1.0
40	40	1.0
40	41	1.0
40	122	1.0
41	41	3.0
42	42	2.0
42	184	1.0
43	44	1.0
43	126	1.0
45	45	2.0
46	46	5.0
46	47	2.0
46	52	1.0
47	48	1.0
48	49	1.0
49	49	1.0
51	51	3.0
51	54	1.0
52	52	3.0
53	53	3.0
54	54	3.0
55	55	2.0
55	56	1.0
55	135	1.0
56	56	2.0
56	57	2.0
57	57	1.0
58	60	1.0
58	62	1.0
59	59	1.0
59	60	1.0
59	61	1.0
60	62	1.0
61	61	1.0
61	62	2.0
62	62	1.0
62	63	1.0
62	67	1.0
62	71	1.0
63	63	1.0
63	73	1.0
64	64	2.0
64	65	1.0
64	73	1.0
64	96	1.0
65	65	3.0
65	74	1.0
66	66	4.0
66	67	1.0
66	108	1.0
67	67	1.0
67	74	1.0
68	68	2.0
69	69	5.0
69	87	1.0
70	70	1.0
70	81	1.0
71	71	3.0
71	75	1.0
72	72	1.0
72	73	1.0
73	73	3.0
74	74	2.0
74	76	1.0
76	76	1.0
76	141	1.0
77	77	1.0
77	89	1.0
78	139	1.0
80	80	1.0
80	81	1.0
80	86	1.0
81	81	2.0
81	87	1.0
81	161	1.0
82	82	1.0
82	87	1.0
83	181	1.0
84	84	2.0
84	86	1.0
84	116	1.0
84	133	1.0
85	85	1.0
85	86	1.0
85	109	1.0
85	134	1.0
86	86	2.0
86	104	1.0
86	156	1.0
87	87	1.0
87	88	1.0
88	88	2.0
88	108	1.0
88	110	1.0
89	89	2.0
89	116	1.0
93	93	1.0
93	137	1.0
94	94	1.0
94	136	1.0
95	95	1.0
95	134	1.0
96	96	1.0
96	109	1.0
97	97	1.0
97	106	1.0
97	107	2.0
97	116	1.0
97	189	1.0
98	98	3.0
98	107	1.0
99	99	1.0
100	100	2.0
100	101	1.0
100	102	1.0
100	110	1.0
100	123	1.0
100	140	1.0
100	145	1.0
100	174	1.0
100	188	1.0
101	101	2.0
101	117	1.0
101	140	1.0
102	102	2.0
102	110	1.0
102	145	1.0
102	181	1.0
103	103	2.0
103	181	1.0
104	178	1.0
105	105	1.0
106	109	2.0
106	120	1.0
107	107	1.0
107	108	2.0
107	123	1.0
108	108	3.0
109	109	2.0
109	110	1.0
109	116	1.0
110	142	1.0
110	146	1.0
111	113	1.0
111	190	1.0
112	112	2.0
112	113	1.0
112	120	1.0
112	122	1.0
113	113	2.0
113	115	1.0
114	114	2.0
114	115	1.0
114	143	1.0
115	115	1.0
115	123	1.0
116	116	1.0
116	117	2.0
117	117	1.0
117	120	1.0
117	137	1.0
117	165	1.0
119	119	1.0
120	120	4.0
121	121	3.0
122	122	6.0
122	142	1.0
123	123	1.0
123	134	1.0
124	124	1.0
125	125	1.0
125	138	1.0
126	126	3.0
126	127	1.0
126	128	1.0
126	129	1.0
127	127	2.0
127	128	1.0
127	129	1.0
128	128	2.0
128	129	3.0
130	131	1.0
131	131	2.0
131	132	1.0
132	133	2.0
132	135	1.0
132	137	1.0
132	139	1.0
133	133	3.0
133	157	1.0
133	167	1.0
133	168	1.0
134	142	2.0
134	156	1.0
135	135	1.0
135	136	1.0
135	140	1.0
135	154	1.0
135	168	1.0
136	136	4.0
136	137	1.0
136	170	1.0
137	137	1.0
137	150	1.0
137	174	1.0
138	138	1.0
138	139	1.0
139	139	1.0
139	175	1.0
140	140	1.0
141	141	3.0
142	142	3.0
143	143	3.0
143	159	1.0
143	160	1.0
144	145	4.0
144	146	1.0
144	190	1.0
145	146	1.0
146	146	1.0
146	168	1.0
147	147	1.0
147	167	1.0
147	193	1.0
148	148	2.0
148	175	1.0
148	193	1.0
149	149	2.0
149	152	1.0
149	173	1.0
149	178	1.0
150	150	4.0
150	172	1.0
150	192	1.0
150	193	1.0
151	151	2.0
152	152	3.0
153	153	2.0
153	154	1.0
153	157	1.0
153	161	1.0
154	158	1.0
154	161	1.0
154	175	2.0
154	176	1.0
155	155	1.0
155	156	1.0
155	158	1.0
156	161	1.0
156	197	1.0
157	157	1.0
157	158	1.0
158	158	2.0
159	159	3.0
159	169	2.0
159	174	1.0
160	160	1.0
160	161	1.0
160	167	1.0
160	169	1.0
161	161	2.0
161	181	1.0
162	162	1.0
162	163	1.0
162	165	2.0
162	168	1.0
163	163	1.0
163	172	1.0
164	164	1.0
164	167	1.0
166	166	1.0
166	168	1.0
167	167	1.0
168	191	1.0
169	169	1.0
169	170	3.0
170	170	1.0
170	171	1.0
171	171	5.0
171	172	1.0
173	176	1.0
174	175	1.0
175	175	1.0
177	177	3.0
178	178	1.0
179	179	2.0
179	180	1.0
180	180	1.0
180	181	1.0
181	182	1.0
182	182	1.0
182	183	1.0
182	190	1.0
183	184	2.0
184	184	2.0
185	185	1.0
185	186	1.0
186	186	6.0
186	187	1.0
187	187	1.0
188	188	1.0
189	189	3.0
190	190	2.0
191	191	3.0
191	192	2.0
193	193	3.0
194	194	4.0
195	195	4.0
195	196	1.0
196	196	3.0
197	197	1.0
0	59	1.0
0	74	1.0
