1	1	8.0
2	2	8.0
2	48	1.0
3	3	2.0
3	16	1.0
3	30	1.0
4	4	8.0
4	5	1.0
4	18	1.0
5	5	4.0
5	6	1.0
5	26	1.0
6	6	4.0
7	7	2.0
7	8	3.0
7	27	2.0
8	8	4.0
8	9	2.0
9	9	4.0
9	10	1.0
10	10	1.0
10	11	2.0
10	13	1.0
10	25	1.0
11	11	2.0
12	12	3.0
12	13	1.0
12	21	1.0
12	66	2.0
13	13	2.0
13	15	1.0
14	14	2.0
14	15	1.0
15	15	1.0
15	25	2.0
16	16	3.0
16	17	3.0
16	19	1.0
16	20	1.0
16	28	1.0
16	57	1.0
17	17	3.0
17	18	1.0
17	36	1.0
18	18	3.0
18	27	1.0
19	19	4.0
19	62	1.0
20	20	1.0
20	26	1.0
21	21	2.0
21	26	1.0
25	25	1.0
25	26	2.0
25	58	1.0
25	65	1.0
26	26	2.0
27	27	5.0
27	28	3.0
28	28	4.0
29	29	5.0
29	30	1.0
29	34	1.0
30	30	3.0
30	33	1.0
30	57	2.0
30	75	1.0
31	31	1.0
31	33	1.0
32	32	3.0
32	49	1.0
32	54	1.0
32	63	1.0
32	68	1.0
33	33	3.0
33	34	2.0
33	55	2.0
33	63	1.0
34	34	3.0
35	35	6.0
35	36	1.0
35	73	1.0
36	36	1.0
37	37	4.0
37	39	2.0
38	38	3.0
38	39	1.0
38	40	1.0
38	41	1.0
39	39	4.0
40	40	2.0
40	62	1.0
41	41	5.0
42	42	4.0
42	43	2.0
45	45	3.0
45	46	1.0
46	46	1.0
46	47	3.0
47	47	7.0
47	48	1.0
48	48	11.0
49	50	1.0
49	77	1.0
50	50	2.0
51	52	1.0
53	53	2.0
54	54	3.0
54	55	1.0
54	63	1.0
54	64	1.0
55	55	3.0
55	57	1.0
56	56	6.0
56	57	1.0
57	57	2.0
57	58	1.0
58	58	1.0
59	59	4.0
60	60	3.0
61	61	5.0
61	72	1.0
62	62	5.0
62	72	1.0
63	71	1.0
64	64	2.0
64	67	1.0
64	68	1.0
65	65	2.0
66	66	5.0
67	67	2.0
67	68	3.0
67	70	2.0
67	74	1.0
68	68	2.0
68	69	1.0
69	69	1.0
69	70	1.0
70	70	1.0
70	71	1.0
71	71	3.0
72	72	5.0
73	73	4.0
73	74	3.0
73	76	1.0
74	74	4.0
74	76	1.0
75	75	3.0
76	76	6.0
76	77	1.0
76	80	1.0
77	77	2.0
78	78	6.0
78	79	1.0
79	79	1.0
79	80	3.0
80	80	5.0
80	81	1.0
0	1	1.0
0	0	5.0
