1	1	1.0
1	2	1.0
2	2	3.0
3	3	1.0
3	4	2.0
4	4	2.0
4	82	1.0
5	6	1.0
5	20	1.0
5	78	1.0
6	6	1.0
8	8	1.0
8	71	1.0
8	75	1.0
9	9	1.0
10	10	2.0
10	13	1.0
10	86	1.0
11	11	4.0
11	67	1.0
12	12	1.0
12	13	1.0
12	84	1.0
12	86	1.0
13	13	2.0
13	66	1.0
13	71	1.0
13	86	1.0
14	14	4.0
15	30	1.0
15	77	1.0
16	33	1.0
18	27	1.0
19	19	2.0
19	80	1.0
20	78	1.0
20	88	1.0
21	22	1.0
22	22	3.0
22	29	1.0
23	24	1.0
23	28	1.0
23	84	1.0
24	24	2.0
25	54	1.0
26	26	1.0
26	27	1.0
26	76	1.0
27	27	2.0
29	29	1.0
30	30	1.0
30	57	1.0
31	31	2.0
31	78	1.0
34	34	2.0
46	47	1.0
46	56	1.0
46	59	1.0
47	47	2.0
47	54	1.0
48	48	3.0
48	49	2.0
48	54	1.0
48	75	1.0
49	49	1.0
49	50	1.0
49	51	1.0
49	55	1.0
49	75	1.0
50	50	1.0
51	51	1.0
51	64	1.0
52	52	3.0
52	54	1.0
52	66	1.0
55	55	1.0
55	73	1.0
55	76	1.0
55	82	1.0
56	56	1.0
56	58	1.0
56	70	1.0
57	57	2.0
57	58	2.0
58	58	1.0
58	75	1.0
60	60	1.0
63	63	2.0
63	64	1.0
63	83	1.0
64	82	1.0
65	66	1.0
65	73	1.0
65	83	1.0
66	66	3.0
66	67	1.0
66	84	1.0
67	67	3.0
67	85	1.0
68	68	2.0
69	69	2.0
70	70	3.0
70	76	1.0
70	85	1.0
70	86	1.0
71	81	2.0
72	72	1.0
72	80	2.0
73	83	1.0
74	74	1.0
75	75	1.0
77	77	1.0
77	83	1.0
77	88	1.0
79	79	1.0
81	81	2.0
81	83	1.0
81	86	1.0
82	82	1.0
82	84	1.0
83	83	2.0
83	84	1.0
84	84	3.0
84	86	2.0
85	85	3.0
86	87	3.0
87	87	1.0
88	88	1.0
89	89	5.0
0	82	1.0
0	86	1.0
0	0	1.0
