1	1	4.0
1	2	1.0
1	20	1.0
2	2	2.0
2	27	1.0
4	9	1.0
4	13	1.0
4	18	1.0
5	13	1.0
5	17	1.0
6	6	6.0
7	7	1.0
7	11	1.0
8	8	6.0
8	12	1.0
8	122	1.0
9	13	1.0
9	77	1.0
10	10	1.0
11	11	3.0
11	15	1.0
12	12	3.0
12	15	1.0
12	17	2.0
13	13	2.0
13	14	3.0
13	45	1.0
14	14	2.0
14	130	1.0
15	15	4.0
15	129	1.0
15	131	1.0
16	40	1.0
17	17	5.0
18	28	2.0
18	102	1.0
18	107	1.0
19	19	2.0
19	20	2.0
19	44	1.0
20	20	1.0
20	21	1.0
20	22	2.0
21	22	1.0
21	42	1.0
22	22	2.0
22	27	1.0
23	27	1.0
26	26	1.0
27	27	1.0
27	28	1.0
27	81	1.0
28	29	3.0
30	31	1.0
30	42	1.0
30	107	1.0
31	31	3.0
31	103	1.0
31	104	1.0
32	32	1.0
32	33	1.0
33	33	5.0
33	34	1.0
34	34	1.0
34	35	1.0
35	35	4.0
36	36	3.0
37	38	2.0
37	40	1.0
38	40	2.0
39	40	1.0
40	40	3.0
41	50	1.0
42	43	1.0
43	43	2.0
43	85	1.0
43	107	1.0
44	44	4.0
44	45	1.0
44	46	2.0
44	58	1.0
45	45	2.0
45	46	2.0
46	46	2.0
46	47	1.0
47	47	1.0
47	58	2.0
47	122	2.0
48	48	1.0
50	55	1.0
55	55	1.0
55	58	1.0
56	56	2.0
57	111	1.0
58	58	2.0
58	59	2.0
59	83	1.0
59	86	1.0
59	87	1.0
60	60	3.0
61	61	6.0
61	66	1.0
62	62	1.0
62	66	1.0
63	63	1.0
63	64	1.0
63	70	1.0
63	72	1.0
64	64	3.0
64	65	1.0
64	66	1.0
65	65	3.0
65	66	1.0
66	66	4.0
66	67	1.0
67	67	1.0
68	68	8.0
68	69	2.0
69	69	2.0
70	70	3.0
71	71	2.0
72	72	2.0
72	73	1.0
72	74	1.0
72	75	1.0
73	73	5.0
73	76	1.0
74	74	2.0
74	79	1.0
74	84	1.0
75	75	5.0
76	76	1.0
76	77	1.0
77	77	3.0
77	78	1.0
77	107	1.0
78	78	1.0
78	79	1.0
78	81	1.0
79	79	4.0
79	80	1.0
80	81	1.0
81	82	1.0
82	82	1.0
83	83	1.0
83	85	1.0
84	84	1.0
85	85	2.0
85	89	1.0
86	86	1.0
86	87	1.0
87	87	4.0
88	99	1.0
88	107	1.0
89	96	1.0
90	90	1.0
90	92	1.0
90	94	1.0
90	105	1.0
90	106	1.0
91	91	1.0
91	92	2.0
92	92	1.0
93	93	1.0
94	94	3.0
95	95	3.0
95	126	1.0
96	130	1.0
97	97	1.0
98	98	2.0
99	125	1.0
100	100	2.0
100	101	1.0
100	109	1.0
101	126	1.0
102	102	2.0
103	103	2.0
103	104	1.0
103	124	2.0
103	125	1.0
103	128	4.0
104	104	1.0
104	124	2.0
104	128	1.0
105	105	1.0
105	108	1.0
105	130	1.0
105	131	1.0
106	106	1.0
106	107	1.0
106	127	1.0
107	107	1.0
107	114	1.0
107	131	1.0
108	108	1.0
108	109	3.0
108	112	1.0
108	133	1.0
109	109	1.0
109	126	1.0
110	110	1.0
111	111	2.0
111	112	1.0
111	115	1.0
111	116	1.0
111	119	1.0
111	122	1.0
112	112	3.0
112	116	1.0
112	119	1.0
112	126	2.0
113	113	5.0
113	114	2.0
113	121	1.0
114	115	1.0
114	116	1.0
114	118	1.0
114	131	1.0
115	115	1.0
115	122	1.0
115	132	1.0
116	116	4.0
116	120	1.0
117	117	5.0
117	119	2.0
117	120	2.0
118	118	4.0
119	119	2.0
120	120	4.0
120	122	1.0
121	121	3.0
122	122	3.0
123	123	3.0
124	124	1.0
125	125	1.0
126	126	3.0
126	127	1.0
127	127	2.0
127	129	1.0
128	129	1.0
128	130	2.0
129	129	1.0
129	131	1.0
130	130	2.0
131	131	2.0
131	132	1.0
132	132	1.0
132	133	1.0
0	0	1.0
