20	62	1.0
20	97	1.0
22	22	1.0
23	23	1.0
23	62	1.0
24	24	2.0
25	50	1.0
26	26	1.0
26	53	1.0
26	54	1.0
26	100	1.0
27	47	1.0
28	48	1.0
28	97	1.0
29	29	1.0
29	35	1.0
29	46	1.0
30	32	1.0
31	31	2.0
31	32	1.0
32	32	1.0
32	76	1.0
33	33	1.0
33	48	1.0
33	73	1.0
33	86	1.0
34	34	1.0
35	35	2.0
35	36	2.0
35	70	1.0
35	71	1.0
35	100	1.0
37	72	1.0
38	38	1.0
38	39	1.0
38	51	1.0
38	59	1.0
39	39	1.0
39	40	1.0
40	41	1.0
40	86	1.0
40	102	1.0
41	44	1.0
41	72	1.0
42	42	6.0
42	43	2.0
43	43	2.0
43	73	1.0
44	44	4.0
44	45	1.0
44	65	1.0
45	45	2.0
45	46	1.0
45	55	1.0
45	66	1.0
45	84	1.0
45	91	1.0
46	46	1.0
46	47	1.0
46	68	1.0
46	81	1.0
46	95	1.0
47	48	1.0
48	48	2.0
48	50	1.0
49	55	1.0
49	88	1.0
50	50	2.0
51	51	3.0
51	63	1.0
51	92	1.0
52	52	3.0
52	53	1.0
52	93	1.0
53	53	1.0
53	54	1.0
53	62	1.0
54	54	2.0
54	92	1.0
55	55	1.0
55	56	2.0
56	56	1.0
57	70	1.0
59	59	1.0
59	60	1.0
60	60	1.0
60	61	1.0
61	61	2.0
62	62	3.0
62	63	1.0
62	72	1.0
62	92	1.0
63	63	1.0
63	64	1.0
63	74	1.0
63	79	1.0
63	102	1.0
64	64	2.0
65	65	2.0
65	66	1.0
66	66	1.0
66	67	2.0
67	67	1.0
68	68	4.0
68	77	1.0
68	78	1.0
68	89	1.0
69	69	3.0
69	70	1.0
69	82	1.0
70	70	1.0
70	79	1.0
71	71	2.0
72	72	3.0
72	79	2.0
72	82	1.0
72	89	1.0
74	74	4.0
74	75	1.0
75	75	3.0
76	76	1.0
77	77	2.0
78	78	1.0
79	79	1.0
79	80	1.0
79	81	1.0
79	101	1.0
80	80	2.0
80	100	1.0
81	81	4.0
82	82	1.0
82	88	1.0
82	92	2.0
83	83	1.0
84	89	1.0
84	93	1.0
85	85	1.0
85	86	2.0
86	86	3.0
88	88	1.0
88	89	1.0
89	89	4.0
90	90	1.0
90	91	2.0
90	93	1.0
90	100	1.0
91	91	3.0
92	92	1.0
92	94	1.0
92	100	1.0
94	94	2.0
94	98	1.0
95	95	2.0
96	98	1.0
98	98	2.0
98	99	1.0
99	99	2.0
99	100	1.0
99	101	1.0
100	100	1.0
101	101	2.0
101	102	1.0
