1	2	1.0
1	52	1.0
2	2	2.0
2	3	2.0
2	22	2.0
2	80	1.0
2	84	1.0
2	195	1.0
3	3	2.0
3	22	1.0
3	24	1.0
4	4	2.0
4	11	2.0
4	40	1.0
4	43	1.0
5	5	2.0
5	8	1.0
5	38	1.0
5	77	1.0
6	53	1.0
6	60	1.0
7	7	1.0
7	8	1.0
7	29	1.0
7	77	1.0
8	8	3.0
8	20	1.0
8	35	1.0
8	38	2.0
9	33	1.0
9	50	1.0
9	51	1.0
9	62	1.0
9	194	1.0
9	195	1.0
10	10	5.0
10	18	1.0
10	61	1.0
10	74	1.0
10	183	1.0
11	11	1.0
11	16	1.0
11	17	1.0
11	25	1.0
12	12	1.0
13	15	1.0
13	34	1.0
14	14	4.0
14	23	1.0
14	35	1.0
14	194	1.0
14	196	1.0
15	15	1.0
15	16	2.0
15	30	1.0
15	33	1.0
15	184	1.0
15	189	1.0
15	196	1.0
16	36	1.0
16	196	1.0
17	17	1.0
18	24	1.0
18	32	1.0
18	81	1.0
18	159	1.0
18	192	1.0
19	19	1.0
19	23	1.0
20	20	2.0
20	29	1.0
20	71	1.0
21	21	2.0
21	22	1.0
21	25	1.0
21	27	1.0
21	28	1.0
22	22	2.0
22	23	2.0
22	24	1.0
22	29	1.0
23	23	1.0
23	25	1.0
24	24	5.0
24	25	1.0
24	36	1.0
25	25	2.0
25	26	4.0
25	77	1.0
26	26	1.0
29	29	1.0
30	30	2.0
30	31	1.0
30	52	1.0
30	64	1.0
30	75	1.0
30	189	1.0
31	31	3.0
32	32	4.0
32	36	1.0
32	63	1.0
33	33	1.0
34	34	1.0
34	36	1.0
34	85	1.0
35	55	1.0
35	62	1.0
35	65	1.0
35	70	1.0
35	80	1.0
36	37	2.0
37	37	1.0
37	48	1.0
37	50	1.0
37	133	1.0
38	38	3.0
38	195	1.0
39	39	3.0
39	42	1.0
39	44	1.0
39	68	1.0
39	73	2.0
40	40	1.0
41	41	3.0
41	72	1.0
41	75	1.0
42	44	1.0
42	68	1.0
42	69	1.0
42	88	1.0
42	132	1.0
42	172	1.0
42	183	1.0
42	195	1.0
43	43	2.0
43	45	1.0
43	59	1.0
43	108	1.0
43	109	1.0
44	44	2.0
44	52	2.0
44	61	1.0
44	146	1.0
45	45	2.0
45	46	1.0
45	66	1.0
45	123	1.0
45	172	1.0
46	46	2.0
46	47	2.0
46	49	1.0
46	171	1.0
47	47	4.0
47	48	1.0
47	49	1.0
47	109	1.0
48	48	2.0
48	49	3.0
48	50	1.0
48	123	1.0
49	49	1.0
49	140	1.0
50	50	2.0
50	52	1.0
50	137	2.0
50	138	1.0
50	139	1.0
51	51	1.0
52	52	1.0
52	53	3.0
53	53	3.0
53	65	1.0
53	67	1.0
54	58	1.0
54	67	1.0
54	173	1.0
55	55	4.0
55	84	1.0
55	124	1.0
55	126	2.0
55	133	1.0
55	138	2.0
55	171	2.0
56	56	1.0
56	78	1.0
56	178	1.0
57	57	2.0
58	58	2.0
58	59	2.0
58	67	1.0
58	108	1.0
58	134	1.0
59	59	1.0
59	67	1.0
59	68	1.0
59	141	1.0
60	60	2.0
60	64	1.0
60	65	1.0
60	130	1.0
61	61	3.0
61	63	1.0
62	62	2.0
62	90	1.0
62	161	1.0
63	63	2.0
63	64	1.0
63	65	1.0
63	66	1.0
63	67	1.0
64	64	2.0
64	65	2.0
64	73	1.0
64	79	1.0
64	130	1.0
64	158	1.0
65	65	1.0
66	66	5.0
66	113	1.0
67	67	2.0
67	113	1.0
67	131	1.0
67	133	1.0
67	155	1.0
68	78	1.0
68	88	1.0
68	108	1.0
69	69	2.0
69	71	1.0
70	70	2.0
70	73	1.0
70	88	1.0
71	71	6.0
71	73	2.0
71	77	1.0
71	132	1.0
72	72	5.0
73	73	3.0
74	80	1.0
75	75	1.0
75	77	1.0
76	76	2.0
76	165	2.0
78	78	1.0
79	79	2.0
79	80	1.0
80	80	1.0
80	85	1.0
80	86	1.0
81	81	1.0
81	82	1.0
81	86	1.0
81	161	1.0
81	174	1.0
82	83	1.0
83	96	1.0
84	84	3.0
84	85	1.0
85	85	2.0
85	89	1.0
86	86	1.0
86	99	1.0
87	87	2.0
87	114	1.0
88	88	2.0
88	98	1.0
89	165	1.0
94	94	2.0
94	98	1.0
95	95	1.0
96	96	1.0
96	98	1.0
96	99	1.0
96	109	1.0
96	111	1.0
96	117	1.0
96	144	1.0
97	98	1.0
97	151	1.0
98	99	1.0
98	145	1.0
98	167	1.0
99	100	1.0
99	108	1.0
99	153	1.0
100	100	1.0
100	120	1.0
100	144	2.0
101	101	4.0
101	102	2.0
101	121	1.0
102	102	1.0
102	103	1.0
102	127	1.0
102	145	2.0
103	103	1.0
104	104	1.0
104	105	1.0
104	106	1.0
105	105	2.0
105	182	1.0
107	107	2.0
107	110	1.0
107	138	1.0
107	152	1.0
108	108	1.0
108	109	1.0
108	156	1.0
109	148	1.0
110	146	1.0
111	111	3.0
111	112	1.0
111	118	1.0
111	119	1.0
112	112	1.0
112	137	1.0
113	113	2.0
113	114	2.0
113	115	1.0
113	140	1.0
114	114	1.0
114	137	1.0
115	115	2.0
116	116	1.0
116	117	1.0
116	160	1.0
117	117	2.0
118	118	1.0
118	151	1.0
118	166	1.0
119	119	3.0
120	120	1.0
120	152	1.0
120	169	1.0
120	177	1.0
121	121	1.0
122	122	4.0
123	123	1.0
123	125	1.0
123	128	1.0
123	175	1.0
123	190	1.0
124	124	3.0
124	125	2.0
124	130	1.0
124	133	1.0
124	174	1.0
125	127	1.0
125	165	1.0
126	126	4.0
126	155	1.0
126	170	1.0
127	127	3.0
127	128	1.0
127	129	1.0
127	170	1.0
128	128	4.0
128	129	1.0
128	140	2.0
129	129	1.0
130	130	2.0
130	132	2.0
131	131	2.0
133	133	1.0
133	134	1.0
133	141	1.0
133	192	1.0
134	134	6.0
134	138	1.0
134	140	1.0
135	135	3.0
135	138	1.0
135	140	1.0
135	146	1.0
136	136	1.0
136	142	1.0
137	138	1.0
137	176	1.0
138	138	2.0
138	139	1.0
139	139	4.0
140	140	1.0
141	141	3.0
142	142	2.0
142	154	1.0
142	175	1.0
143	143	3.0
143	149	1.0
143	151	1.0
144	151	1.0
145	145	1.0
147	157	1.0
148	148	1.0
148	153	1.0
149	149	2.0
149	153	1.0
150	150	2.0
151	151	1.0
151	152	3.0
151	164	1.0
151	180	1.0
152	152	3.0
152	170	1.0
153	153	1.0
153	160	1.0
153	169	1.0
154	161	1.0
154	177	2.0
156	156	2.0
157	157	1.0
157	158	1.0
158	158	2.0
159	159	1.0
159	160	1.0
159	170	1.0
159	187	1.0
160	160	1.0
160	161	1.0
160	166	1.0
161	161	1.0
161	167	1.0
162	164	2.0
163	163	2.0
164	174	1.0
165	166	1.0
165	168	1.0
166	166	2.0
166	173	1.0
167	168	1.0
167	169	1.0
168	168	2.0
169	169	2.0
169	170	1.0
169	172	1.0
170	170	3.0
170	171	1.0
170	174	1.0
171	171	1.0
172	172	1.0
173	173	1.0
174	174	1.0
174	179	1.0
175	175	1.0
175	182	1.0
175	190	1.0
176	176	1.0
177	177	2.0
177	179	1.0
179	179	3.0
179	180	1.0
179	183	1.0
180	180	2.0
181	181	1.0
181	182	1.0
182	182	3.0
182	183	1.0
182	187	1.0
182	191	1.0
183	183	4.0
183	184	2.0
184	184	4.0
185	185	4.0
185	186	1.0
186	186	1.0
186	187	1.0
186	191	1.0
186	194	1.0
187	187	2.0
187	188	1.0
187	192	1.0
187	193	1.0
188	188	1.0
189	189	2.0
189	190	1.0
190	190	1.0
190	191	1.0
190	192	1.0
191	191	1.0
192	192	2.0
193	193	2.0
193	194	1.0
194	194	1.0
195	195	1.0
196	196	1.0
197	197	2.0
0	80	1.0
0	0	1.0
