1	38	1.0
1	65	1.0
2	2	2.0
3	3	2.0
3	4	1.0
5	6	1.0
5	38	1.0
5	75	1.0
5	76	1.0
6	6	2.0
6	7	1.0
6	20	1.0
6	33	1.0
6	38	1.0
7	7	1.0
7	8	1.0
7	22	1.0
7	25	1.0
8	12	1.0
8	21	1.0
8	38	1.0
9	9	4.0
9	11	1.0
10	10	3.0
10	11	1.0
11	11	2.0
11	12	1.0
12	12	3.0
12	13	1.0
12	36	1.0
12	43	2.0
12	53	1.0
12	57	1.0
13	13	4.0
13	47	1.0
13	50	1.0
13	54	1.0
13	60	1.0
18	18	3.0
18	68	2.0
19	19	2.0
19	39	1.0
19	40	1.0
20	20	4.0
20	21	1.0
21	21	1.0
21	24	1.0
21	60	1.0
21	61	1.0
22	23	3.0
22	24	2.0
22	40	2.0
22	52	2.0
23	23	2.0
23	77	1.0
24	24	2.0
24	75	1.0
25	25	4.0
25	26	1.0
25	27	1.0
25	58	1.0
25	69	1.0
25	75	1.0
27	27	3.0
27	37	1.0
27	58	1.0
27	64	1.0
28	28	2.0
28	30	1.0
28	53	1.0
28	64	1.0
28	67	1.0
28	71	1.0
29	29	1.0
29	30	1.0
29	32	1.0
29	70	2.0
29	71	1.0
30	30	3.0
30	53	1.0
30	66	2.0
30	70	1.0
31	31	1.0
31	53	1.0
31	54	2.0
31	61	1.0
31	74	1.0
32	33	2.0
32	61	1.0
32	66	1.0
32	70	1.0
33	33	1.0
34	34	2.0
34	49	1.0
34	51	1.0
35	35	2.0
35	50	1.0
35	64	1.0
36	36	1.0
36	39	1.0
36	64	1.0
37	37	1.0
37	53	1.0
38	39	2.0
38	46	1.0
38	64	1.0
38	66	1.0
39	39	1.0
39	43	1.0
39	71	1.0
39	72	1.0
40	40	3.0
40	50	1.0
41	41	2.0
43	75	1.0
44	44	3.0
44	45	2.0
45	45	2.0
45	46	1.0
46	46	1.0
46	47	1.0
47	47	2.0
48	48	4.0
48	49	1.0
49	49	1.0
49	50	1.0
50	50	1.0
50	51	1.0
51	51	2.0
51	52	1.0
51	53	1.0
51	57	1.0
52	53	2.0
52	54	1.0
52	55	1.0
53	53	2.0
53	54	2.0
53	58	1.0
54	55	1.0
55	55	1.0
55	61	1.0
56	56	2.0
56	57	2.0
56	77	2.0
57	57	1.0
57	76	1.0
58	64	1.0
59	60	1.0
60	60	3.0
60	65	1.0
61	61	2.0
61	64	1.0
61	66	1.0
62	62	1.0
62	63	2.0
62	69	1.0
64	64	1.0
64	65	1.0
64	68	1.0
64	69	1.0
65	67	1.0
65	73	1.0
66	66	2.0
66	68	1.0
67	67	2.0
67	68	1.0
68	68	1.0
68	69	2.0
68	73	1.0
68	75	1.0
69	69	1.0
70	70	1.0
70	75	1.0
70	76	1.0
71	71	1.0
71	72	1.0
71	74	1.0
72	72	3.0
72	73	1.0
73	73	2.0
74	74	2.0
75	75	1.0
76	76	1.0
76	77	1.0
77	77	2.0
0	1	1.0
0	13	1.0
0	20	1.0
0	37	1.0
0	62	1.0
0	65	1.0
0	0	2.0
