1	1	1.0
1	20	1.0
2	2	2.0
3	4	2.0
3	62	1.0
4	4	3.0
4	5	1.0
4	8	1.0
4	65	2.0
5	5	2.0
5	10	1.0
6	6	1.0
6	7	1.0
7	7	1.0
7	17	1.0
7	104	1.0
8	8	2.0
10	10	1.0
10	93	1.0
11	11	1.0
11	90	1.0
11	105	1.0
12	12	3.0
12	14	1.0
13	13	2.0
13	14	2.0
13	70	1.0
13	92	1.0
14	14	2.0
15	24	1.0
15	27	2.0
15	29	1.0
16	16	1.0
17	17	1.0
18	25	1.0
18	127	1.0
19	20	1.0
19	109	1.0
20	20	2.0
20	23	1.0
20	36	1.0
21	21	2.0
22	22	4.0
23	23	3.0
23	24	1.0
24	24	2.0
25	25	2.0
25	30	1.0
25	32	1.0
25	92	1.0
25	108	1.0
25	109	1.0
26	26	2.0
26	35	1.0
27	27	1.0
27	33	1.0
28	28	4.0
29	108	1.0
29	109	1.0
30	30	3.0
30	31	1.0
31	31	2.0
31	32	1.0
32	32	3.0
32	33	1.0
32	88	1.0
32	101	1.0
32	121	1.0
33	33	1.0
35	35	2.0
35	47	1.0
36	36	2.0
37	37	1.0
38	112	1.0
43	43	3.0
43	124	1.0
43	134	1.0
44	60	1.0
44	66	1.0
44	111	1.0
45	110	1.0
46	46	1.0
46	101	1.0
47	78	1.0
49	49	6.0
49	50	1.0
49	52	1.0
49	127	1.0
50	50	3.0
51	65	1.0
51	94	1.0
52	52	1.0
53	53	2.0
54	54	4.0
54	55	1.0
55	55	2.0
57	57	1.0
58	58	1.0
58	60	1.0
58	77	1.0
58	78	1.0
58	82	1.0
59	59	3.0
59	77	1.0
61	61	2.0
62	62	1.0
62	63	1.0
62	66	1.0
62	68	1.0
64	64	1.0
65	65	2.0
65	68	1.0
65	78	1.0
66	66	4.0
66	67	1.0
67	67	2.0
68	71	1.0
68	113	1.0
69	70	1.0
70	70	1.0
70	75	1.0
70	98	1.0
71	71	4.0
71	98	2.0
72	72	1.0
72	73	2.0
73	73	4.0
73	74	1.0
74	74	2.0
75	75	1.0
75	76	1.0
76	76	6.0
76	80	1.0
77	81	1.0
78	78	2.0
78	81	1.0
79	79	1.0
79	115	1.0
80	80	1.0
82	82	3.0
82	112	1.0
83	84	1.0
84	84	4.0
84	85	3.0
84	132	1.0
85	110	2.0
86	86	1.0
87	90	1.0
88	88	1.0
89	91	1.0
90	90	5.0
90	91	1.0
91	91	6.0
91	134	1.0
92	93	1.0
93	99	1.0
93	100	1.0
94	94	2.0
94	95	1.0
94	99	1.0
95	95	3.0
97	97	5.0
98	98	3.0
99	99	1.0
100	100	5.0
101	101	3.0
102	102	2.0
103	103	1.0
103	104	2.0
103	105	1.0
104	104	4.0
104	105	1.0
105	105	2.0
106	106	3.0
106	117	1.0
106	124	1.0
106	134	1.0
107	107	3.0
107	117	1.0
107	129	1.0
108	108	2.0
109	109	1.0
109	135	1.0
110	110	2.0
111	111	1.0
112	112	2.0
113	113	2.0
113	116	1.0
113	117	1.0
114	114	2.0
114	116	1.0
114	127	1.0
115	117	1.0
115	120	1.0
115	125	1.0
116	116	3.0
116	117	1.0
116	127	1.0
116	134	1.0
117	117	1.0
117	122	1.0
118	118	3.0
119	119	6.0
120	120	1.0
120	127	1.0
121	121	1.0
121	134	1.0
122	122	1.0
122	123	1.0
122	130	1.0
123	123	3.0
123	124	1.0
123	131	1.0
124	124	2.0
124	127	1.0
124	130	2.0
125	125	1.0
125	127	1.0
127	127	1.0
127	129	1.0
127	130	1.0
128	128	3.0
128	130	2.0
128	132	1.0
129	129	2.0
129	131	1.0
130	130	2.0
131	131	1.0
132	132	1.0
132	133	2.0
133	133	1.0
134	134	1.0
0	1	1.0
0	25	1.0
