1	1	1.0
1	3	2.0
1	38	1.0
2	2	3.0
2	3	1.0
3	3	3.0
3	6	1.0
3	45	1.0
4	4	2.0
4	5	3.0
4	16	1.0
5	5	1.0
5	6	1.0
6	6	2.0
6	37	1.0
6	43	1.0
7	7	1.0
7	69	1.0
8	12	1.0
9	9	1.0
9	41	1.0
9	67	1.0
10	10	3.0
10	11	1.0
10	42	1.0
10	85	1.0
11	11	2.0
11	26	1.0
12	12	3.0
12	13	1.0
12	19	1.0
13	22	1.0
14	14	1.0
14	15	1.0
14	78	1.0
15	15	3.0
15	16	1.0
16	16	3.0
16	39	1.0
17	17	1.0
17	18	1.0
17	30	1.0
17	49	1.0
18	18	4.0
18	20	1.0
18	21	1.0
19	20	1.0
20	20	4.0
20	51	1.0
21	21	3.0
21	22	1.0
22	22	2.0
22	37	1.0
22	38	1.0
22	39	2.0
22	42	1.0
23	23	1.0
23	24	3.0
23	106	1.0
24	24	2.0
24	75	1.0
25	25	3.0
25	33	1.0
25	35	1.0
25	73	1.0
26	26	7.0
26	27	1.0
27	27	2.0
27	28	2.0
27	30	1.0
27	54	1.0
28	28	2.0
28	29	1.0
28	30	2.0
28	34	1.0
28	66	1.0
28	72	1.0
28	139	1.0
29	29	1.0
29	30	1.0
29	36	1.0
29	73	2.0
29	112	1.0
30	30	2.0
31	31	1.0
31	33	1.0
31	36	1.0
31	48	1.0
31	53	1.0
31	132	1.0
32	33	1.0
33	33	1.0
33	34	1.0
33	46	1.0
33	49	1.0
34	34	3.0
34	40	1.0
35	35	2.0
35	38	1.0
36	36	4.0
36	37	1.0
36	38	1.0
37	37	3.0
37	38	2.0
37	39	1.0
38	38	5.0
39	39	1.0
39	40	2.0
40	41	3.0
40	61	1.0
40	89	1.0
41	41	2.0
42	42	2.0
42	104	1.0
42	117	1.0
43	43	6.0
43	44	1.0
44	44	3.0
44	65	1.0
45	45	2.0
45	47	1.0
45	50	1.0
45	66	1.0
45	126	1.0
46	46	2.0
46	55	2.0
47	47	5.0
47	48	1.0
47	55	1.0
47	98	1.0
47	132	1.0
48	48	2.0
48	50	1.0
48	67	2.0
49	49	2.0
49	50	2.0
50	50	3.0
51	52	1.0
52	52	3.0
52	56	1.0
53	53	3.0
53	57	1.0
54	55	1.0
54	56	1.0
54	90	2.0
55	55	2.0
55	78	1.0
56	56	3.0
56	57	1.0
56	88	1.0
56	91	1.0
56	97	1.0
57	57	1.0
61	111	1.0
62	62	3.0
62	70	1.0
62	85	1.0
63	63	2.0
63	71	1.0
63	119	1.0
63	154	1.0
64	64	1.0
64	71	1.0
64	78	1.0
64	158	1.0
65	65	3.0
65	72	1.0
65	97	1.0
65	148	1.0
66	66	2.0
66	70	1.0
66	107	1.0
67	67	2.0
67	68	1.0
68	68	3.0
69	69	4.0
69	71	1.0
69	73	1.0
70	70	1.0
70	71	2.0
70	77	1.0
70	124	1.0
71	71	3.0
71	77	1.0
71	110	1.0
71	141	1.0
72	72	2.0
72	73	2.0
73	73	3.0
73	75	1.0
73	76	1.0
73	77	1.0
75	75	4.0
75	76	1.0
76	76	1.0
77	77	1.0
77	81	1.0
77	105	1.0
77	154	1.0
78	78	2.0
78	79	1.0
78	80	1.0
79	79	2.0
79	80	1.0
79	81	1.0
79	85	1.0
79	145	1.0
80	80	2.0
80	96	1.0
80	136	1.0
81	81	3.0
81	104	1.0
81	122	1.0
82	82	2.0
82	83	1.0
82	95	1.0
83	83	1.0
84	84	3.0
84	122	1.0
84	141	1.0
85	88	1.0
86	86	1.0
86	87	1.0
86	88	1.0
86	92	1.0
87	87	1.0
87	93	1.0
87	105	1.0
87	106	1.0
88	88	1.0
88	113	1.0
88	117	1.0
89	89	2.0
89	90	1.0
89	91	1.0
89	117	1.0
90	90	4.0
90	91	1.0
90	116	1.0
90	138	1.0
91	93	1.0
91	95	1.0
92	93	1.0
93	116	1.0
94	94	1.0
94	95	2.0
94	108	1.0
94	118	1.0
94	125	1.0
95	95	1.0
95	96	1.0
95	109	1.0
95	138	1.0
95	144	1.0
96	96	4.0
96	106	1.0
96	110	1.0
96	136	1.0
96	157	1.0
97	98	1.0
97	158	1.0
98	98	4.0
98	128	1.0
99	99	3.0
99	100	2.0
99	128	1.0
99	141	1.0
100	100	4.0
101	101	2.0
103	103	3.0
104	105	2.0
104	111	1.0
105	105	1.0
105	106	2.0
105	108	1.0
106	106	3.0
106	107	2.0
106	140	1.0
107	107	4.0
107	108	2.0
107	147	1.0
108	108	2.0
108	111	1.0
108	136	3.0
109	109	1.0
109	110	1.0
110	110	2.0
110	111	1.0
110	147	1.0
111	111	1.0
111	114	1.0
111	147	1.0
112	112	1.0
112	120	1.0
112	124	1.0
113	113	2.0
114	114	2.0
115	115	3.0
115	155	1.0
116	116	3.0
117	117	3.0
117	118	1.0
118	118	2.0
118	120	1.0
119	119	3.0
119	120	2.0
119	122	1.0
120	120	2.0
120	121	1.0
120	137	1.0
120	148	1.0
121	121	1.0
121	123	1.0
122	122	1.0
122	144	1.0
123	123	3.0
123	124	1.0
123	126	1.0
124	124	1.0
124	144	1.0
125	125	1.0
126	126	3.0
126	127	2.0
126	128	1.0
127	127	6.0
127	155	1.0
129	129	2.0
129	130	1.0
130	130	1.0
130	131	2.0
131	131	6.0
131	132	3.0
131	137	1.0
131	141	1.0
132	132	2.0
132	135	1.0
133	133	2.0
133	134	1.0
134	134	4.0
134	135	1.0
134	143	1.0
135	135	2.0
136	137	2.0
137	137	3.0
137	138	1.0
137	139	1.0
138	138	5.0
138	146	1.0
139	139	3.0
139	140	1.0
140	140	2.0
140	142	1.0
141	152	1.0
142	142	2.0
143	143	1.0
144	144	1.0
144	152	2.0
145	145	1.0
146	146	2.0
147	147	2.0
147	148	3.0
147	154	2.0
147	157	1.0
147	158	1.0
148	148	5.0
149	149	3.0
150	150	2.0
150	151	2.0
151	151	5.0
151	154	1.0
152	152	1.0
152	153	1.0
152	157	2.0
153	153	2.0
153	154	1.0
154	154	1.0
154	155	3.0
155	155	3.0
155	156	1.0
156	156	4.0
156	158	1.0
157	158	2.0
158	158	3.0
0	23	1.0
0	51	1.0
0	0	3.0
