1	1	2.0
1	24	1.0
1	37	1.0
1	38	1.0
1	121	1.0
1	123	1.0
2	20	2.0
2	77	1.0
2	119	1.0
3	3	2.0
3	125	1.0
4	4	4.0
5	5	1.0
6	6	3.0
6	7	1.0
7	7	2.0
7	14	1.0
7	23	1.0
7	114	1.0
7	116	1.0
8	8	3.0
8	21	1.0
8	36	1.0
10	10	3.0
10	21	2.0
11	23	1.0
11	35	1.0
11	71	1.0
12	12	2.0
12	33	1.0
12	50	1.0
12	90	1.0
12	92	1.0
13	13	1.0
13	62	1.0
14	14	2.0
14	15	1.0
14	16	2.0
14	20	1.0
14	26	1.0
14	43	1.0
14	45	1.0
15	15	2.0
16	16	1.0
16	17	1.0
16	36	1.0
17	17	1.0
17	28	1.0
18	18	2.0
18	19	1.0
18	32	1.0
19	19	1.0
19	26	1.0
20	20	1.0
21	21	1.0
21	23	1.0
21	28	1.0
22	25	1.0
22	134	1.0
23	23	1.0
24	24	1.0
24	25	2.0
25	25	1.0
25	34	1.0
25	60	1.0
25	130	1.0
26	26	1.0
27	27	1.0
28	28	1.0
28	32	1.0
29	29	1.0
29	34	1.0
30	30	1.0
31	31	2.0
31	32	1.0
31	89	1.0
32	32	1.0
32	33	1.0
32	34	1.0
32	86	1.0
32	94	1.0
32	112	2.0
33	33	1.0
33	56	1.0
33	60	1.0
33	77	1.0
33	78	1.0
33	79	1.0
34	34	1.0
34	52	1.0
35	35	2.0
35	61	1.0
36	36	1.0
36	37	1.0
36	52	1.0
36	53	1.0
36	108	1.0
37	37	1.0
37	120	1.0
37	130	1.0
38	38	1.0
43	70	1.0
44	44	1.0
44	50	1.0
44	60	1.0
44	113	1.0
45	45	1.0
45	58	1.0
47	47	1.0
47	85	1.0
48	72	1.0
48	82	1.0
48	131	1.0
48	134	1.0
49	49	1.0
49	50	1.0
50	87	1.0
50	116	1.0
52	52	4.0
52	54	1.0
52	64	1.0
52	101	1.0
53	53	3.0
53	61	1.0
53	62	1.0
54	58	1.0
54	60	1.0
54	63	1.0
54	100	1.0
54	123	1.0
56	56	2.0
56	57	1.0
56	59	1.0
57	58	1.0
57	59	1.0
57	64	1.0
57	108	1.0
57	110	1.0
58	58	2.0
58	108	1.0
59	132	1.0
60	60	2.0
60	61	1.0
60	65	1.0
60	94	1.0
60	109	1.0
60	134	1.0
61	61	1.0
61	66	1.0
61	82	1.0
62	62	1.0
62	63	1.0
63	65	1.0
64	83	1.0
65	65	2.0
65	67	1.0
66	109	1.0
66	118	1.0
66	132	1.0
67	67	1.0
68	68	1.0
69	69	1.0
69	99	1.0
71	71	2.0
71	72	1.0
71	77	1.0
71	106	1.0
72	72	4.0
72	75	1.0
72	78	1.0
72	100	1.0
73	76	1.0
74	74	1.0
74	75	2.0
74	79	1.0
75	75	4.0
75	76	1.0
75	129	1.0
76	76	3.0
77	78	1.0
77	96	1.0
77	106	1.0
78	81	1.0
78	107	1.0
78	125	1.0
79	79	2.0
79	81	4.0
80	80	1.0
80	106	1.0
81	81	1.0
81	99	1.0
83	84	1.0
84	100	1.0
84	117	1.0
85	85	2.0
86	106	1.0
86	115	1.0
87	87	1.0
87	91	1.0
87	95	1.0
88	88	2.0
88	93	1.0
88	106	1.0
88	114	2.0
88	119	1.0
88	121	1.0
89	89	2.0
89	90	2.0
90	90	1.0
90	95	1.0
91	91	2.0
91	101	1.0
92	92	5.0
93	94	1.0
94	94	4.0
94	105	1.0
95	95	2.0
95	113	1.0
96	96	1.0
96	97	1.0
97	97	3.0
97	98	1.0
97	99	1.0
97	102	1.0
98	98	3.0
98	103	1.0
99	100	1.0
100	100	1.0
101	101	1.0
101	112	1.0
101	129	1.0
102	102	3.0
102	103	2.0
103	103	1.0
103	104	1.0
104	104	2.0
105	121	1.0
106	106	1.0
106	115	1.0
106	116	1.0
107	107	3.0
107	117	1.0
108	108	1.0
108	110	1.0
109	109	1.0
109	110	1.0
110	110	3.0
111	112	1.0
111	113	1.0
111	121	1.0
112	112	4.0
112	125	1.0
113	113	1.0
113	117	3.0
114	114	2.0
114	115	1.0
114	122	1.0
114	124	1.0
115	115	1.0
115	120	1.0
115	123	1.0
115	127	1.0
116	116	1.0
116	118	1.0
116	127	1.0
117	117	2.0
117	123	1.0
118	118	2.0
118	119	1.0
119	119	3.0
120	120	1.0
120	121	1.0
120	125	1.0
121	121	1.0
121	125	2.0
122	122	3.0
122	123	2.0
123	123	4.0
123	124	1.0
123	131	1.0
124	124	1.0
125	125	1.0
126	126	5.0
127	127	2.0
127	128	1.0
127	134	1.0
129	129	1.0
130	130	3.0
131	131	2.0
134	134	1.0
135	135	1.0
0	14	1.0
0	30	1.0
0	63	1.0
0	73	1.0
0	0	2.0
