1	1	4.0
1	2	1.0
1	3	2.0
1	106	1.0
2	2	10.0
2	3	1.0
3	3	5.0
3	4	4.0
3	5	2.0
3	11	1.0
3	12	1.0
3	28	1.0
3	103	1.0
4	4	4.0
4	5	1.0
4	24	1.0
4	73	1.0
4	123	1.0
5	5	5.0
5	6	2.0
5	7	1.0
5	11	1.0
5	74	1.0
5	129	1.0
6	6	1.0
6	7	3.0
6	11	1.0
6	32	1.0
6	103	1.0
7	7	7.0
8	8	6.0
9	9	4.0
9	11	1.0
9	14	1.0
9	19	1.0
10	10	6.0
10	20	1.0
10	28	1.0
10	31	2.0
11	11	6.0
11	47	1.0
12	12	10.0
12	13	1.0
12	62	1.0
12	64	1.0
13	13	6.0
13	14	2.0
13	19	1.0
14	14	5.0
14	15	1.0
15	15	6.0
16	16	1.0
16	17	3.0
16	31	1.0
17	17	2.0
17	18	2.0
18	18	2.0
18	19	1.0
18	20	1.0
18	30	1.0
18	44	1.0
18	87	1.0
19	19	3.0
19	34	1.0
20	20	1.0
20	21	1.0
20	83	1.0
21	21	4.0
21	23	1.0
21	25	1.0
21	29	1.0
21	49	1.0
21	104	1.0
22	22	6.0
22	23	1.0
22	48	1.0
23	23	3.0
23	24	1.0
23	29	1.0
23	54	1.0
23	112	1.0
24	24	5.0
24	25	2.0
24	26	1.0
24	32	1.0
24	120	1.0
25	25	7.0
25	26	1.0
25	110	1.0
26	26	4.0
26	27	1.0
26	28	2.0
26	30	1.0
27	27	6.0
27	29	1.0
27	31	1.0
28	28	4.0
28	30	2.0
28	45	1.0
29	29	4.0
29	30	1.0
29	64	1.0
29	68	1.0
30	30	8.0
30	31	1.0
30	44	1.0
30	64	1.0
30	90	1.0
31	31	3.0
31	32	4.0
31	35	1.0
32	32	2.0
32	33	2.0
32	36	1.0
33	33	3.0
33	34	2.0
33	35	2.0
33	36	3.0
34	34	7.0
34	35	4.0
35	35	2.0
35	36	1.0
35	54	1.0
35	67	1.0
35	69	1.0
35	75	1.0
36	36	4.0
36	37	2.0
36	77	1.0
36	78	1.0
36	94	1.0
37	37	2.0
37	38	2.0
38	38	1.0
38	117	1.0
42	82	1.0
43	43	6.0
43	44	1.0
43	46	1.0
44	44	6.0
44	45	3.0
44	53	1.0
45	45	2.0
45	46	1.0
46	46	1.0
46	47	1.0
46	48	1.0
47	47	3.0
47	48	1.0
47	49	1.0
47	50	1.0
47	94	1.0
48	48	5.0
48	49	1.0
48	64	1.0
49	49	3.0
49	50	4.0
49	52	1.0
49	57	1.0
50	50	6.0
50	52	1.0
51	51	2.0
51	52	1.0
51	59	1.0
51	89	1.0
52	52	4.0
52	60	1.0
52	102	1.0
52	115	2.0
52	126	2.0
53	53	5.0
53	54	2.0
54	54	3.0
54	55	1.0
54	56	1.0
54	57	1.0
54	61	1.0
55	55	1.0
55	56	1.0
55	57	1.0
55	58	1.0
55	77	1.0
55	111	1.0
56	56	5.0
56	57	1.0
57	57	1.0
57	58	1.0
57	89	1.0
58	58	3.0
58	59	1.0
58	118	1.0
59	59	1.0
59	60	1.0
59	63	1.0
59	78	4.0
59	79	1.0
59	133	1.0
60	60	5.0
60	61	3.0
60	85	1.0
60	89	1.0
61	61	4.0
61	62	1.0
61	64	1.0
61	72	1.0
61	92	1.0
61	96	1.0
61	97	1.0
61	114	1.0
62	62	3.0
62	108	1.0
62	132	1.0
63	63	1.0
63	64	2.0
63	92	1.0
64	64	4.0
64	65	4.0
64	68	1.0
64	70	1.0
65	65	2.0
65	66	2.0
65	68	1.0
65	94	1.0
66	66	8.0
66	67	1.0
66	86	1.0
66	110	1.0
67	67	2.0
67	79	1.0
68	68	3.0
68	78	1.0
68	84	1.0
69	69	5.0
70	70	6.0
70	71	4.0
70	72	1.0
70	91	2.0
70	97	1.0
71	71	10.0
71	72	2.0
71	73	1.0
71	79	1.0
71	120	1.0
71	124	1.0
72	72	6.0
72	73	6.0
72	116	1.0
73	73	8.0
73	74	2.0
73	98	1.0
74	74	11.0
74	75	1.0
74	98	1.0
75	75	4.0
75	121	1.0
76	76	7.0
76	77	1.0
76	95	1.0
77	77	5.0
77	79	1.0
77	85	1.0
78	78	12.0
78	79	1.0
79	79	5.0
79	80	5.0
79	124	1.0
80	80	6.0
80	81	2.0
80	97	1.0
80	101	1.0
80	124	1.0
80	125	1.0
81	81	3.0
81	82	1.0
81	83	1.0
81	84	1.0
81	86	1.0
81	96	1.0
82	82	7.0
82	83	1.0
82	97	1.0
83	84	3.0
83	102	1.0
84	84	2.0
84	85	5.0
84	96	1.0
85	85	4.0
85	86	1.0
86	86	3.0
86	87	1.0
86	101	1.0
86	114	1.0
87	87	6.0
87	88	1.0
87	108	1.0
88	88	2.0
88	90	1.0
88	103	1.0
88	113	1.0
89	89	5.0
89	90	2.0
90	90	7.0
90	91	1.0
90	115	1.0
91	91	6.0
91	92	5.0
92	92	2.0
92	96	1.0
92	116	1.0
93	93	5.0
93	94	2.0
93	96	1.0
93	105	1.0
93	114	1.0
93	130	1.0
94	94	7.0
94	95	1.0
94	97	1.0
94	99	1.0
94	102	1.0
95	95	2.0
95	96	2.0
95	97	1.0
95	99	2.0
96	96	1.0
96	97	2.0
96	116	1.0
97	97	6.0
97	98	2.0
97	101	1.0
97	115	1.0
98	98	9.0
98	99	4.0
99	99	3.0
99	100	1.0
99	101	1.0
99	102	1.0
99	110	1.0
99	119	1.0
99	134	1.0
100	100	3.0
100	101	1.0
100	121	1.0
101	101	3.0
101	109	1.0
101	112	1.0
101	115	1.0
101	121	2.0
101	122	1.0
101	126	1.0
102	102	10.0
102	106	1.0
102	107	1.0
103	103	5.0
103	104	3.0
103	115	1.0
104	104	8.0
104	105	1.0
104	112	1.0
105	105	13.0
105	113	1.0
105	123	2.0
105	124	1.0
106	106	3.0
106	107	2.0
106	110	1.0
106	118	1.0
106	120	1.0
106	134	1.0
107	107	1.0
107	108	1.0
107	109	1.0
107	116	1.0
107	118	1.0
108	108	5.0
108	109	2.0
108	110	1.0
108	119	1.0
108	122	2.0
109	109	3.0
109	110	2.0
109	111	1.0
109	119	1.0
110	110	4.0
110	111	1.0
110	112	1.0
111	111	2.0
111	112	4.0
111	113	1.0
112	112	3.0
112	125	1.0
113	113	5.0
113	114	4.0
113	122	1.0
113	124	1.0
114	114	7.0
114	115	2.0
114	117	1.0
114	122	1.0
115	115	8.0
115	116	2.0
115	129	1.0
116	116	5.0
116	117	1.0
116	126	1.0
117	117	3.0
117	118	1.0
118	118	4.0
118	119	4.0
118	122	1.0
118	130	1.0
119	119	8.0
119	120	4.0
119	131	1.0
120	120	6.0
120	121	2.0
120	126	1.0
120	127	1.0
121	121	5.0
121	126	1.0
122	122	6.0
122	123	3.0
122	127	1.0
123	123	7.0
123	125	1.0
123	130	1.0
123	131	2.0
124	124	5.0
124	125	1.0
125	125	9.0
125	126	4.0
125	127	1.0
125	131	1.0
126	126	4.0
126	127	1.0
127	127	3.0
127	129	1.0
127	130	1.0
127	134	1.0
128	128	4.0
128	129	1.0
128	132	1.0
129	129	3.0
129	131	1.0
130	130	8.0
130	131	3.0
130	134	1.0
131	131	9.0
131	132	2.0
131	133	2.0
131	134	1.0
132	132	9.0
132	133	4.0
133	133	3.0
134	134	9.0
135	135	2.0
0	1	4.0
0	2	1.0
0	3	2.0
0	15	1.0
0	0	4.0
