1	1	2.0
1	2	1.0
1	3	1.0
1	4	1.0
1	5	1.0
1	6	2.0
1	12	1.0
1	17	1.0
1	78	1.0
1	84	1.0
1	86	1.0
1	88	1.0
1	91	1.0
1	92	1.0
2	2	12.0
2	3	2.0
2	7	1.0
2	11	1.0
2	28	1.0
2	33	1.0
2	35	1.0
2	36	1.0
2	118	2.0
3	3	10.0
3	5	1.0
3	7	1.0
3	9	1.0
3	10	4.0
3	11	1.0
3	14	1.0
3	16	1.0
3	30	2.0
3	75	1.0
3	122	1.0
4	4	5.0
4	5	5.0
4	8	1.0
4	9	1.0
4	78	1.0
4	92	1.0
4	107	1.0
5	5	5.0
5	7	3.0
5	14	1.0
5	17	4.0
5	35	1.0
5	36	1.0
5	80	1.0
5	81	1.0
6	6	6.0
6	7	3.0
6	8	1.0
6	34	1.0
6	75	1.0
7	7	9.0
7	8	3.0
7	9	2.0
7	11	1.0
7	12	2.0
7	14	1.0
7	16	1.0
7	17	1.0
7	20	1.0
7	22	1.0
7	39	2.0
7	42	1.0
8	8	10.0
8	10	1.0
8	23	1.0
8	24	1.0
8	31	1.0
8	39	1.0
8	40	1.0
8	73	1.0
8	74	2.0
8	75	3.0
8	79	1.0
8	80	1.0
8	87	1.0
8	171	1.0
8	238	1.0
9	9	2.0
9	11	1.0
9	16	1.0
9	24	1.0
9	74	1.0
9	75	1.0
9	79	1.0
9	86	1.0
9	102	1.0
10	10	7.0
10	11	1.0
10	12	1.0
10	75	2.0
10	86	1.0
10	112	1.0
11	11	3.0
11	12	6.0
11	13	1.0
11	113	1.0
12	12	7.0
12	13	3.0
12	20	1.0
12	21	1.0
12	29	1.0
12	30	1.0
12	33	1.0
12	40	2.0
12	41	1.0
12	85	1.0
12	131	1.0
13	13	6.0
13	14	3.0
13	34	1.0
13	35	1.0
13	42	1.0
13	44	1.0
13	53	2.0
13	85	1.0
13	88	1.0
14	14	4.0
14	15	2.0
14	19	1.0
14	20	2.0
14	36	1.0
14	43	1.0
14	74	1.0
14	76	1.0
15	15	8.0
15	16	1.0
15	18	1.0
15	21	2.0
15	22	1.0
15	24	1.0
15	74	1.0
15	80	1.0
15	88	2.0
15	89	1.0
16	16	13.0
16	17	4.0
16	19	1.0
16	20	2.0
16	21	1.0
16	67	1.0
16	80	1.0
16	81	2.0
16	88	1.0
16	143	2.0
17	17	5.0
17	18	6.0
17	32	1.0
17	56	1.0
17	80	1.0
17	81	1.0
17	176	1.0
18	18	8.0
18	19	5.0
18	20	3.0
18	21	1.0
18	22	1.0
18	58	1.0
18	118	1.0
18	128	1.0
18	200	1.0
19	19	7.0
19	20	6.0
19	31	2.0
19	33	2.0
19	34	1.0
19	58	1.0
19	99	1.0
19	107	1.0
19	115	2.0
19	118	1.0
20	20	6.0
20	21	3.0
20	74	1.0
20	85	1.0
21	21	8.0
21	22	1.0
21	44	2.0
21	130	1.0
21	141	1.0
22	22	14.0
22	23	2.0
22	50	1.0
22	82	1.0
22	83	1.0
22	88	1.0
22	140	1.0
22	145	2.0
22	211	1.0
23	23	4.0
23	24	1.0
23	45	1.0
23	50	1.0
23	52	2.0
23	55	1.0
23	85	1.0
23	88	1.0
23	143	1.0
23	239	1.0
24	24	8.0
24	25	4.0
24	27	1.0
24	28	1.0
24	86	2.0
24	136	1.0
24	173	1.0
25	25	10.0
25	26	3.0
25	27	1.0
25	135	1.0
26	26	13.0
26	27	3.0
26	119	1.0
26	176	1.0
27	27	11.0
27	28	1.0
27	135	1.0
28	28	12.0
28	29	4.0
28	121	1.0
29	29	8.0
29	30	1.0
29	31	1.0
30	30	12.0
30	31	2.0
30	32	1.0
30	33	1.0
30	120	1.0
30	131	1.0
30	143	1.0
31	31	8.0
31	32	1.0
31	33	1.0
31	37	2.0
31	88	1.0
31	100	1.0
31	107	1.0
31	131	2.0
31	136	1.0
31	139	1.0
31	140	1.0
31	174	1.0
32	32	4.0
32	33	2.0
32	37	1.0
32	38	2.0
32	95	1.0
32	101	1.0
32	109	1.0
32	110	1.0
32	173	1.0
32	198	1.0
32	207	1.0
32	224	1.0
33	33	5.0
33	34	3.0
33	35	1.0
33	37	1.0
33	38	1.0
33	39	1.0
33	40	1.0
33	48	1.0
33	104	1.0
33	166	1.0
34	34	10.0
34	35	1.0
34	36	3.0
34	77	1.0
34	78	1.0
34	121	1.0
34	123	1.0
34	146	1.0
35	35	5.0
35	36	3.0
35	50	1.0
35	80	1.0
35	82	1.0
35	103	1.0
35	147	1.0
35	194	1.0
36	36	12.0
36	118	2.0
36	123	1.0
36	146	1.0
37	37	7.0
37	38	3.0
37	99	1.0
37	106	1.0
37	117	1.0
37	128	1.0
37	129	1.0
37	139	1.0
37	173	1.0
37	174	1.0
37	199	1.0
38	38	2.0
38	39	4.0
38	43	1.0
38	45	1.0
38	46	1.0
38	55	1.0
38	114	1.0
38	128	1.0
38	198	1.0
39	39	7.0
39	40	1.0
39	41	1.0
39	42	1.0
39	43	1.0
39	49	1.0
39	54	1.0
39	68	2.0
39	128	1.0
39	138	1.0
39	169	1.0
40	40	13.0
40	41	3.0
40	42	1.0
40	56	1.0
40	64	1.0
40	122	1.0
41	41	6.0
41	59	1.0
41	63	1.0
41	154	1.0
41	159	1.0
41	163	1.0
41	188	1.0
42	42	15.0
42	43	1.0
42	46	1.0
42	73	2.0
42	113	1.0
42	137	1.0
42	157	1.0
42	162	2.0
42	175	1.0
42	189	1.0
43	43	6.0
43	44	3.0
43	45	1.0
43	46	1.0
43	47	1.0
43	51	1.0
43	86	2.0
43	87	1.0
43	88	1.0
43	161	1.0
43	162	1.0
43	172	1.0
43	183	1.0
43	190	1.0
43	191	2.0
44	44	6.0
44	45	5.0
44	46	1.0
44	98	1.0
44	161	1.0
44	175	1.0
45	45	6.0
45	46	3.0
45	47	1.0
45	48	1.0
45	67	2.0
45	92	1.0
45	145	1.0
45	171	1.0
46	46	5.0
46	47	6.0
46	51	1.0
46	55	2.0
46	56	1.0
46	88	1.0
46	127	1.0
47	47	9.0
47	65	1.0
47	96	1.0
47	195	1.0
47	198	1.0
47	202	1.0
48	48	5.0
48	56	1.0
48	69	1.0
48	73	1.0
48	88	1.0
48	105	1.0
48	193	1.0
48	195	2.0
48	207	1.0
48	221	1.0
48	222	1.0
48	224	1.0
49	49	8.0
49	50	4.0
49	51	2.0
49	52	1.0
49	55	1.0
49	56	2.0
49	62	1.0
49	64	1.0
49	67	2.0
49	72	1.0
49	193	1.0
49	199	2.0
49	207	2.0
49	229	2.0
50	50	8.0
50	51	5.0
50	52	1.0
50	55	1.0
50	56	1.0
50	59	1.0
50	103	1.0
51	51	2.0
51	59	2.0
51	60	1.0
51	74	1.0
51	103	1.0
51	105	1.0
51	216	2.0
51	221	1.0
51	229	2.0
52	52	6.0
52	53	2.0
52	56	1.0
52	59	1.0
52	79	1.0
52	104	1.0
52	200	1.0
52	224	1.0
53	53	8.0
53	54	3.0
53	56	1.0
53	74	1.0
54	54	10.0
54	55	1.0
54	67	1.0
54	73	1.0
54	74	1.0
54	87	1.0
54	218	3.0
54	230	1.0
55	55	5.0
55	56	1.0
55	58	1.0
55	62	1.0
55	69	1.0
55	73	2.0
55	96	1.0
55	219	1.0
56	56	5.0
56	57	4.0
56	58	1.0
56	59	1.0
56	66	3.0
56	69	1.0
56	77	1.0
57	57	5.0
57	58	2.0
57	66	1.0
57	79	1.0
57	103	1.0
57	111	1.0
57	141	1.0
57	146	1.0
58	58	14.0
58	59	2.0
58	60	1.0
58	61	1.0
58	68	1.0
58	70	2.0
58	103	2.0
58	113	1.0
58	147	1.0
58	148	1.0
58	196	1.0
59	59	4.0
59	60	5.0
59	69	1.0
59	72	2.0
59	103	1.0
59	105	1.0
59	141	1.0
59	229	1.0
60	60	12.0
60	61	1.0
60	66	1.0
60	68	1.0
60	71	1.0
60	101	1.0
60	144	1.0
60	152	1.0
60	153	1.0
60	208	1.0
60	223	1.0
61	61	8.0
61	62	1.0
61	70	2.0
61	71	1.0
61	198	1.0
61	203	1.0
62	62	2.0
62	63	3.0
62	64	1.0
62	65	2.0
62	66	1.0
62	68	1.0
62	69	1.0
62	70	1.0
62	198	1.0
62	203	1.0
63	63	7.0
63	64	1.0
63	66	2.0
63	189	2.0
63	195	1.0
63	202	1.0
64	64	8.0
64	65	5.0
64	68	1.0
64	69	1.0
64	160	1.0
64	202	1.0
65	65	11.0
65	67	2.0
65	68	1.0
65	181	1.0
65	203	1.0
66	66	1.0
66	67	1.0
66	69	1.0
66	70	1.0
66	75	1.0
66	193	1.0
66	195	1.0
67	67	8.0
67	68	4.0
67	90	1.0
67	223	1.0
68	68	10.0
68	69	3.0
68	70	1.0
68	71	1.0
68	73	1.0
68	88	1.0
68	192	1.0
68	194	1.0
68	204	2.0
69	69	5.0
69	70	2.0
69	71	1.0
69	72	1.0
69	129	1.0
69	139	1.0
69	178	1.0
69	204	1.0
69	228	1.0
69	229	1.0
70	70	13.0
70	71	2.0
70	73	2.0
70	105	1.0
70	132	1.0
70	225	1.0
71	71	5.0
71	72	5.0
71	73	1.0
71	78	1.0
71	84	1.0
71	88	3.0
71	193	1.0
71	199	1.0
72	72	9.0
72	73	2.0
73	73	6.0
73	74	1.0
73	85	1.0
73	86	1.0
73	89	1.0
73	199	2.0
73	226	1.0
74	74	12.0
74	75	1.0
74	76	1.0
74	77	1.0
74	206	1.0
75	75	9.0
75	76	4.0
75	77	1.0
75	85	2.0
75	114	1.0
76	76	7.0
76	77	2.0
76	79	1.0
76	108	1.0
76	117	1.0
77	77	5.0
77	78	4.0
77	79	2.0
77	80	1.0
78	78	6.0
78	79	1.0
78	81	1.0
78	116	3.0
79	79	5.0
79	80	3.0
79	83	2.0
79	92	1.0
79	111	1.0
79	115	1.0
79	117	1.0
80	80	1.0
80	81	4.0
80	82	1.0
80	84	2.0
80	116	1.0
80	117	2.0
80	118	1.0
80	125	1.0
81	81	4.0
81	82	4.0
81	84	1.0
81	85	1.0
82	82	2.0
82	84	2.0
82	90	1.0
82	92	1.0
83	83	8.0
83	84	3.0
84	84	6.0
84	85	2.0
84	88	1.0
85	85	15.0
85	86	4.0
86	86	6.0
86	127	1.0
86	237	1.0
87	87	1.0
87	88	1.0
88	88	5.0
90	112	1.0
92	123	1.0
95	95	4.0
95	106	1.0
95	109	2.0
95	115	1.0
95	120	1.0
95	208	1.0
95	233	1.0
96	96	1.0
96	97	2.0
96	99	1.0
96	105	1.0
96	121	1.0
96	174	1.0
96	222	1.0
96	235	2.0
97	97	6.0
97	99	3.0
97	100	1.0
97	203	1.0
97	224	1.0
97	232	1.0
97	233	2.0
98	98	8.0
98	111	1.0
98	172	1.0
99	99	8.0
99	100	2.0
99	110	1.0
100	100	13.0
100	101	1.0
100	106	1.0
100	107	4.0
100	115	1.0
100	147	1.0
100	149	1.0
100	150	1.0
100	202	3.0
100	220	1.0
100	224	1.0
101	101	12.0
101	102	3.0
101	107	1.0
101	113	1.0
101	123	4.0
101	149	1.0
101	202	1.0
101	204	1.0
102	102	9.0
102	103	1.0
102	114	1.0
102	115	1.0
102	145	1.0
102	172	1.0
103	103	5.0
103	104	3.0
103	105	2.0
103	127	1.0
103	149	1.0
103	151	2.0
104	104	4.0
104	107	1.0
104	127	2.0
104	146	1.0
104	196	1.0
105	105	6.0
105	106	1.0
105	109	1.0
105	113	2.0
105	114	1.0
105	145	1.0
105	204	1.0
105	221	1.0
106	106	11.0
106	107	2.0
106	109	1.0
106	110	1.0
106	113	1.0
106	199	1.0
106	204	1.0
107	107	7.0
107	108	2.0
107	112	1.0
107	115	1.0
107	117	1.0
107	127	1.0
107	199	1.0
108	108	9.0
108	127	1.0
109	109	7.0
109	110	5.0
109	111	2.0
109	112	1.0
109	113	1.0
109	114	2.0
109	143	1.0
109	149	1.0
110	110	4.0
110	111	2.0
111	111	4.0
111	112	1.0
112	112	5.0
113	113	9.0
113	135	1.0
114	114	4.0
114	115	1.0
114	142	1.0
115	115	8.0
115	116	2.0
115	117	2.0
115	119	1.0
115	120	1.0
115	199	1.0
115	203	1.0
116	116	5.0
116	117	2.0
116	118	1.0
116	125	1.0
117	117	7.0
117	125	3.0
117	200	2.0
117	206	1.0
118	118	5.0
118	119	3.0
118	120	1.0
118	133	1.0
118	134	1.0
118	135	1.0
118	231	1.0
119	119	12.0
119	120	2.0
119	121	3.0
119	122	1.0
119	139	1.0
119	154	2.0
119	235	1.0
119	241	1.0
120	120	8.0
120	121	2.0
120	127	1.0
120	151	2.0
120	173	1.0
120	174	1.0
120	175	2.0
120	234	1.0
120	235	2.0
121	121	8.0
121	122	2.0
121	139	1.0
121	143	1.0
121	144	1.0
121	145	1.0
121	173	1.0
121	235	1.0
122	122	9.0
122	123	2.0
122	158	2.0
122	160	2.0
123	123	7.0
123	124	2.0
123	125	1.0
123	126	1.0
123	138	1.0
123	140	1.0
123	145	1.0
123	146	1.0
123	150	1.0
123	151	3.0
123	236	1.0
124	124	8.0
124	125	3.0
124	126	2.0
124	139	1.0
124	142	1.0
124	143	1.0
124	155	1.0
124	168	1.0
124	236	1.0
125	125	6.0
125	126	4.0
125	138	1.0
125	155	1.0
125	159	1.0
126	126	6.0
126	127	1.0
126	130	1.0
126	132	1.0
126	138	1.0
126	158	3.0
126	238	1.0
127	127	14.0
127	128	3.0
127	130	1.0
127	137	1.0
127	138	1.0
127	139	1.0
127	158	4.0
127	235	1.0
127	237	1.0
128	128	14.0
128	130	1.0
128	131	2.0
128	132	1.0
128	152	1.0
128	171	1.0
128	178	1.0
129	129	6.0
129	130	3.0
129	136	1.0
129	138	1.0
129	139	1.0
129	155	1.0
129	160	1.0
129	211	1.0
130	130	5.0
130	131	1.0
130	132	1.0
130	138	1.0
130	154	1.0
131	131	4.0
131	143	1.0
131	144	1.0
131	160	1.0
131	239	1.0
131	241	2.0
132	138	2.0
132	141	1.0
132	153	1.0
133	133	6.0
133	134	1.0
133	137	2.0
133	139	1.0
133	141	1.0
133	150	1.0
133	157	1.0
133	158	2.0
133	159	1.0
133	169	1.0
133	209	1.0
134	134	14.0
134	135	3.0
134	141	1.0
134	152	1.0
134	167	1.0
134	168	1.0
134	169	2.0
134	170	1.0
135	135	14.0
135	136	2.0
135	137	2.0
135	141	1.0
135	151	1.0
135	152	1.0
135	173	2.0
135	207	1.0
135	208	1.0
135	215	1.0
136	136	7.0
136	137	5.0
136	173	2.0
136	213	1.0
136	214	2.0
137	137	3.0
137	138	3.0
137	141	1.0
137	150	1.0
137	151	1.0
138	138	4.0
138	139	4.0
138	140	2.0
138	209	1.0
139	139	8.0
139	140	2.0
139	144	1.0
139	153	1.0
139	154	1.0
140	140	8.0
140	150	1.0
140	155	1.0
140	158	1.0
140	168	1.0
140	169	1.0
141	141	7.0
141	142	1.0
141	143	2.0
141	144	1.0
141	147	2.0
141	151	1.0
141	155	2.0
142	142	8.0
142	143	1.0
142	146	2.0
142	148	1.0
142	149	1.0
142	150	1.0
142	152	1.0
142	155	1.0
143	143	9.0
143	144	3.0
143	145	1.0
143	147	1.0
143	148	1.0
144	144	3.0
144	145	3.0
144	146	1.0
144	149	1.0
144	152	1.0
144	236	1.0
144	238	2.0
145	145	11.0
145	148	1.0
145	179	1.0
146	146	7.0
146	147	1.0
146	148	1.0
146	149	1.0
146	236	1.0
147	147	4.0
147	148	4.0
147	150	2.0
147	151	1.0
147	163	1.0
148	148	8.0
148	149	1.0
148	153	1.0
148	164	1.0
148	166	1.0
148	180	1.0
148	189	2.0
148	219	1.0
149	149	6.0
149	150	3.0
149	151	1.0
149	163	1.0
149	175	1.0
150	150	4.0
150	151	2.0
150	165	1.0
150	179	1.0
150	180	2.0
151	151	8.0
151	152	1.0
151	156	1.0
151	157	1.0
151	158	1.0
151	159	1.0
151	161	1.0
151	162	2.0
151	165	1.0
151	180	1.0
152	152	7.0
152	153	1.0
152	160	1.0
152	162	1.0
152	179	1.0
153	153	5.0
153	154	3.0
153	159	1.0
153	160	1.0
153	161	2.0
153	170	1.0
153	177	1.0
153	197	1.0
154	154	9.0
154	155	1.0
154	156	1.0
154	157	2.0
154	161	1.0
154	164	1.0
155	155	4.0
155	156	2.0
155	157	2.0
155	161	1.0
155	165	1.0
155	196	1.0
156	156	7.0
156	157	3.0
156	158	1.0
156	159	3.0
156	160	2.0
156	162	1.0
156	163	2.0
156	166	1.0
156	173	1.0
157	157	10.0
157	158	3.0
157	159	3.0
157	161	1.0
157	171	1.0
158	158	4.0
158	159	3.0
158	209	1.0
159	159	9.0
159	161	1.0
159	167	1.0
159	175	1.0
160	160	3.0
160	171	1.0
160	174	1.0
160	195	1.0
160	198	1.0
160	203	1.0
161	161	7.0
161	162	1.0
161	163	1.0
161	164	1.0
161	166	1.0
161	177	1.0
161	179	1.0
161	180	1.0
161	182	1.0
161	183	2.0
161	191	1.0
162	162	15.0
162	163	1.0
162	165	2.0
162	166	1.0
162	179	1.0
162	185	1.0
162	187	1.0
162	190	1.0
162	197	1.0
163	163	6.0
163	164	1.0
163	165	3.0
163	166	3.0
163	175	1.0
163	178	1.0
163	182	1.0
163	192	1.0
164	164	9.0
164	182	2.0
164	186	1.0
164	194	2.0
164	217	1.0
165	165	11.0
165	166	3.0
165	179	1.0
165	182	2.0
165	187	1.0
165	192	1.0
166	166	9.0
166	167	1.0
167	167	2.0
167	173	1.0
167	177	2.0
167	186	1.0
167	241	1.0
168	168	4.0
168	169	6.0
168	170	1.0
168	171	1.0
168	177	1.0
169	169	9.0
169	170	4.0
169	172	1.0
170	170	7.0
170	171	2.0
170	173	1.0
170	175	1.0
170	176	1.0
171	171	8.0
171	172	3.0
171	174	1.0
171	175	1.0
171	176	1.0
171	177	2.0
172	172	10.0
172	173	2.0
172	174	2.0
173	173	10.0
173	174	4.0
173	177	1.0
173	209	2.0
173	213	1.0
174	174	11.0
174	176	1.0
174	177	1.0
174	178	1.0
174	213	1.0
174	214	1.0
174	240	1.0
175	175	12.0
175	176	5.0
175	177	2.0
175	178	1.0
175	179	1.0
175	192	1.0
176	176	6.0
176	177	4.0
176	178	1.0
177	177	5.0
177	178	2.0
177	191	1.0
177	214	1.0
178	178	11.0
178	194	1.0
178	199	1.0
178	217	1.0
179	179	12.0
179	191	1.0
179	192	1.0
179	217	1.0
179	223	2.0
179	225	1.0
180	180	13.0
180	181	2.0
180	185	1.0
180	186	1.0
180	191	1.0
180	222	1.0
181	181	4.0
181	182	1.0
181	183	1.0
181	185	2.0
181	187	2.0
181	189	1.0
181	194	1.0
181	220	1.0
182	182	9.0
182	183	2.0
182	187	3.0
182	192	1.0
182	215	1.0
182	220	4.0
182	221	1.0
183	183	7.0
183	184	3.0
183	186	1.0
183	192	2.0
183	215	1.0
183	216	2.0
183	220	1.0
184	184	9.0
184	185	5.0
184	186	1.0
184	190	1.0
185	185	10.0
185	186	1.0
185	187	5.0
185	188	1.0
185	192	1.0
185	206	1.0
186	186	2.0
186	187	3.0
186	188	1.0
186	189	1.0
186	193	1.0
187	187	4.0
187	188	2.0
187	189	4.0
187	190	1.0
187	196	1.0
187	197	1.0
187	209	1.0
187	221	1.0
188	188	1.0
188	189	3.0
188	191	1.0
188	196	2.0
189	189	9.0
190	190	8.0
190	192	1.0
190	193	1.0
190	213	1.0
191	191	9.0
191	192	3.0
191	193	2.0
191	234	1.0
192	192	4.0
192	193	3.0
192	221	1.0
193	193	3.0
193	194	2.0
193	223	1.0
194	194	4.0
194	195	3.0
194	198	1.0
194	207	1.0
194	215	1.0
195	195	4.0
195	196	3.0
195	210	1.0
195	214	1.0
196	196	7.0
196	210	1.0
196	220	1.0
197	197	9.0
197	198	1.0
198	198	8.0
198	199	1.0
198	230	1.0
199	199	9.0
199	200	4.0
200	200	6.0
200	201	2.0
200	203	1.0
200	230	1.0
201	201	9.0
201	202	2.0
201	232	1.0
201	238	1.0
202	202	7.0
202	203	2.0
202	204	1.0
202	215	1.0
203	203	10.0
203	204	2.0
203	207	1.0
204	204	4.0
204	206	2.0
204	209	1.0
204	212	1.0
204	215	1.0
204	216	1.0
204	221	2.0
205	205	7.0
205	206	4.0
205	209	1.0
205	210	2.0
205	211	1.0
205	217	1.0
205	222	1.0
205	225	1.0
205	227	1.0
205	230	1.0
206	206	9.0
206	207	2.0
206	208	2.0
206	209	1.0
206	210	1.0
206	213	1.0
206	214	1.0
206	215	1.0
206	216	1.0
206	221	1.0
206	223	2.0
207	207	10.0
207	208	1.0
207	209	1.0
207	210	1.0
207	219	1.0
207	222	1.0
207	224	1.0
208	208	6.0
208	209	3.0
208	217	1.0
208	219	1.0
208	221	1.0
208	223	1.0
209	209	5.0
209	210	5.0
209	212	1.0
209	220	1.0
209	224	2.0
210	210	3.0
210	214	1.0
210	215	1.0
210	218	1.0
211	211	4.0
211	212	1.0
211	213	1.0
211	214	1.0
211	215	3.0
211	221	1.0
211	222	1.0
211	224	1.0
212	212	6.0
212	213	3.0
212	223	1.0
212	234	1.0
212	235	1.0
213	213	7.0
213	214	3.0
213	215	1.0
213	216	4.0
213	220	1.0
213	221	1.0
214	214	2.0
214	215	3.0
214	216	2.0
214	217	1.0
214	218	1.0
214	222	1.0
214	228	1.0
214	230	2.0
215	215	3.0
215	216	4.0
215	218	3.0
215	222	1.0
215	224	1.0
215	230	1.0
215	231	2.0
216	216	11.0
216	217	1.0
216	218	1.0
216	221	1.0
216	222	1.0
216	223	2.0
216	229	2.0
217	217	18.0
217	218	6.0
217	224	1.0
217	231	1.0
217	233	1.0
217	239	1.0
218	218	11.0
218	219	1.0
218	220	1.0
218	222	1.0
218	223	1.0
218	228	2.0
218	231	1.0
219	219	9.0
219	220	4.0
219	225	1.0
219	237	1.0
220	220	9.0
220	221	1.0
220	222	1.0
220	223	1.0
220	228	1.0
220	229	1.0
220	236	1.0
220	237	1.0
221	221	6.0
221	222	1.0
221	230	2.0
221	231	1.0
222	222	5.0
222	224	2.0
222	231	1.0
223	223	4.0
223	224	1.0
223	227	2.0
224	224	6.0
224	225	3.0
224	226	1.0
224	227	2.0
224	228	1.0
224	229	2.0
225	225	7.0
225	226	2.0
225	227	1.0
226	226	9.0
226	227	4.0
226	228	3.0
226	229	2.0
227	227	2.0
227	228	2.0
228	228	4.0
228	236	2.0
229	229	9.0
229	230	1.0
229	235	2.0
230	230	4.0
230	231	2.0
230	232	1.0
230	236	1.0
230	237	1.0
231	231	13.0
231	232	2.0
231	238	1.0
232	232	11.0
232	233	1.0
232	242	1.0
233	233	8.0
233	234	3.0
233	237	2.0
233	238	2.0
233	239	1.0
233	241	1.0
234	234	7.0
234	236	2.0
234	237	1.0
234	241	1.0
235	235	12.0
235	236	5.0
235	237	1.0
235	238	2.0
235	240	1.0
236	236	6.0
236	237	2.0
237	237	6.0
237	238	2.0
237	239	1.0
238	238	12.0
238	239	3.0
239	239	7.0
239	240	2.0
240	240	13.0
240	241	2.0
241	241	14.0
241	242	2.0
242	242	6.0
0	1	3.0
0	5	1.0
0	12	2.0
0	14	1.0
0	17	1.0
0	33	1.0
0	35	1.0
0	36	2.0
0	53	1.0
0	0	5.0
