1	1	1.0
1	56	1.0
2	2	4.0
2	3	2.0
2	6	1.0
2	48	2.0
2	50	1.0
2	62	1.0
3	3	10.0
3	4	1.0
3	5	1.0
3	6	1.0
3	12	1.0
3	31	1.0
3	51	1.0
4	4	9.0
4	5	4.0
4	6	1.0
4	12	1.0
4	29	1.0
4	30	1.0
5	5	12.0
5	7	1.0
5	8	1.0
6	6	8.0
6	7	3.0
6	8	1.0
6	77	1.0
7	7	9.0
7	8	1.0
7	22	1.0
7	29	2.0
7	30	1.0
8	8	9.0
8	9	1.0
8	16	1.0
8	30	1.0
9	9	7.0
9	10	4.0
10	10	6.0
10	11	3.0
11	11	11.0
11	21	1.0
12	12	11.0
12	14	2.0
12	24	1.0
13	15	1.0
13	23	1.0
13	49	1.0
13	50	1.0
14	14	5.0
14	15	5.0
15	15	9.0
15	16	1.0
15	22	2.0
15	44	2.0
15	111	1.0
16	16	6.0
16	36	1.0
16	44	2.0
16	45	2.0
17	17	8.0
17	18	4.0
17	41	1.0
17	111	2.0
17	112	2.0
17	113	2.0
18	18	11.0
18	19	1.0
18	20	2.0
18	152	3.0
18	166	1.0
19	19	10.0
19	20	2.0
19	40	1.0
19	209	1.0
20	20	13.0
20	173	1.0
21	21	4.0
21	22	4.0
21	24	1.0
21	151	2.0
22	22	7.0
22	23	1.0
22	110	1.0
23	23	9.0
23	29	2.0
23	70	1.0
24	24	8.0
24	25	2.0
24	27	4.0
24	54	1.0
24	173	1.0
25	25	11.0
25	26	2.0
26	26	8.0
26	27	3.0
26	29	2.0
26	55	1.0
27	27	5.0
28	28	6.0
29	29	5.0
29	30	1.0
29	31	1.0
29	53	1.0
29	151	1.0
30	30	12.0
30	31	3.0
31	31	5.0
31	32	2.0
31	40	1.0
31	54	1.0
32	32	7.0
32	41	1.0
32	117	1.0
32	150	1.0
33	33	18.0
33	35	1.0
33	36	1.0
33	38	1.0
33	40	1.0
33	42	1.0
34	34	13.0
34	35	4.0
35	35	7.0
35	36	2.0
35	40	2.0
36	36	8.0
36	41	1.0
37	37	13.0
37	38	6.0
37	39	3.0
37	40	1.0
37	153	1.0
38	38	10.0
38	39	2.0
38	41	1.0
38	44	1.0
38	182	1.0
39	39	2.0
39	40	2.0
39	153	1.0
40	40	5.0
40	42	1.0
40	152	2.0
41	41	8.0
41	42	4.0
41	111	1.0
42	42	13.0
42	43	2.0
42	45	1.0
42	46	1.0
42	49	1.0
42	56	2.0
42	109	1.0
42	111	1.0
43	43	13.0
43	111	1.0
44	44	11.0
44	45	2.0
45	45	15.0
46	46	3.0
46	47	1.0
46	48	2.0
46	49	3.0
46	54	1.0
46	109	2.0
47	47	8.0
47	48	3.0
47	51	1.0
47	65	1.0
47	109	1.0
47	110	2.0
48	48	7.0
48	167	1.0
49	49	5.0
49	50	4.0
50	50	12.0
51	51	2.0
51	52	3.0
51	114	2.0
52	52	5.0
52	53	4.0
52	54	1.0
52	61	1.0
52	117	1.0
53	53	8.0
53	54	2.0
53	57	2.0
53	63	1.0
54	54	13.0
54	55	3.0
54	56	2.0
54	92	1.0
55	55	8.0
55	58	1.0
55	118	1.0
55	145	1.0
56	56	7.0
56	57	7.0
56	58	1.0
56	119	1.0
56	145	1.0
57	57	8.0
57	58	1.0
57	60	1.0
57	61	1.0
57	162	1.0
57	174	1.0
58	58	4.0
58	59	1.0
58	60	7.0
58	61	3.0
58	162	1.0
59	59	5.0
59	60	4.0
59	61	1.0
60	60	4.0
60	61	3.0
60	66	1.0
61	61	5.0
61	62	2.0
62	62	6.0
62	63	2.0
62	66	1.0
62	67	2.0
62	177	1.0
63	63	8.0
63	65	1.0
63	66	2.0
63	67	1.0
63	68	1.0
64	64	9.0
64	65	2.0
64	66	2.0
64	69	1.0
64	107	1.0
65	65	9.0
65	87	1.0
65	90	1.0
66	66	5.0
66	67	3.0
66	81	1.0
67	67	9.0
67	68	1.0
67	75	1.0
67	174	1.0
68	68	4.0
68	70	1.0
68	71	1.0
68	72	1.0
68	73	3.0
68	75	1.0
68	76	1.0
68	77	2.0
68	78	1.0
69	69	7.0
69	70	6.0
69	78	1.0
69	106	2.0
69	160	1.0
70	70	4.0
70	71	1.0
70	103	1.0
70	177	1.0
71	71	7.0
71	73	1.0
71	77	1.0
71	79	1.0
71	83	1.0
71	102	1.0
72	72	3.0
72	73	1.0
72	79	1.0
72	87	1.0
72	90	1.0
72	101	1.0
72	103	1.0
72	176	1.0
73	73	5.0
73	74	2.0
73	75	1.0
73	86	1.0
73	102	1.0
73	103	2.0
74	74	3.0
74	75	5.0
75	75	9.0
75	76	1.0
75	77	1.0
76	76	10.0
76	77	4.0
76	78	1.0
76	160	2.0
77	77	8.0
77	78	1.0
77	103	1.0
78	78	3.0
78	79	1.0
78	85	1.0
78	87	1.0
79	79	4.0
79	80	2.0
79	83	1.0
80	80	8.0
80	179	1.0
81	81	4.0
81	82	1.0
81	88	1.0
81	89	1.0
82	82	8.0
82	83	1.0
82	90	1.0
82	176	1.0
83	83	3.0
84	84	2.0
84	85	2.0
84	101	1.0
84	226	1.0
85	85	3.0
85	86	1.0
85	90	1.0
85	95	1.0
85	99	1.0
85	162	1.0
86	86	2.0
86	87	3.0
86	100	1.0
87	87	5.0
87	88	2.0
87	89	2.0
87	104	1.0
88	88	1.0
88	89	2.0
88	106	1.0
89	89	5.0
89	90	2.0
89	105	2.0
90	90	2.0
90	91	2.0
90	92	1.0
91	91	3.0
91	92	1.0
92	92	6.0
92	93	2.0
92	103	1.0
93	93	7.0
93	105	1.0
94	94	8.0
94	95	2.0
94	97	1.0
94	98	1.0
95	95	3.0
95	99	2.0
95	104	1.0
96	96	5.0
96	98	2.0
96	105	1.0
96	166	1.0
97	97	3.0
97	98	2.0
97	105	1.0
97	164	1.0
97	166	1.0
97	167	1.0
98	98	3.0
98	105	1.0
99	99	9.0
99	100	2.0
99	101	2.0
99	102	1.0
99	103	1.0
100	100	3.0
100	101	3.0
100	103	1.0
101	101	4.0
101	102	2.0
101	163	1.0
102	102	5.0
102	103	1.0
103	103	1.0
105	105	4.0
105	106	2.0
106	106	3.0
106	107	2.0
106	108	2.0
106	166	1.0
107	107	2.0
107	108	1.0
108	108	2.0
109	109	6.0
109	110	1.0
109	112	1.0
110	110	9.0
110	111	1.0
110	160	1.0
111	111	11.0
111	117	1.0
112	112	12.0
112	113	1.0
112	115	2.0
112	116	1.0
112	151	1.0
112	169	1.0
113	113	5.0
113	114	5.0
113	115	1.0
113	151	1.0
113	169	1.0
114	114	9.0
114	115	4.0
114	116	2.0
114	117	2.0
114	120	1.0
114	121	1.0
114	151	1.0
114	174	1.0
115	115	4.0
115	116	3.0
115	148	1.0
116	116	9.0
116	117	4.0
116	121	1.0
117	117	3.0
117	118	3.0
117	119	2.0
117	120	2.0
117	144	1.0
118	118	8.0
118	119	1.0
118	120	1.0
119	119	7.0
119	162	1.0
120	120	4.0
120	144	1.0
121	121	1.0
144	144	1.0
144	145	1.0
145	145	4.0
146	146	2.0
146	147	3.0
147	147	6.0
149	149	3.0
149	150	2.0
150	150	12.0
151	151	4.0
152	152	4.0
152	153	2.0
153	153	5.0
153	155	1.0
154	154	8.0
154	155	1.0
154	177	1.0
154	186	1.0
155	155	9.0
155	156	1.0
155	160	1.0
156	156	10.0
156	206	1.0
157	157	4.0
157	158	2.0
157	201	1.0
157	208	1.0
158	158	5.0
158	159	1.0
158	200	1.0
159	159	7.0
159	160	1.0
159	168	1.0
159	179	1.0
159	180	1.0
160	160	7.0
160	161	2.0
160	166	1.0
160	168	1.0
160	171	1.0
160	174	1.0
160	175	1.0
160	202	1.0
161	161	8.0
161	162	3.0
161	165	1.0
161	173	2.0
162	162	6.0
162	163	1.0
162	164	1.0
162	174	1.0
163	163	6.0
163	164	3.0
163	165	2.0
164	164	1.0
165	165	10.0
165	166	4.0
166	166	6.0
166	167	3.0
166	168	2.0
166	169	1.0
166	194	2.0
167	167	7.0
167	168	5.0
167	177	1.0
168	168	10.0
168	169	2.0
169	169	4.0
169	170	2.0
169	171	1.0
169	187	1.0
170	170	4.0
170	171	1.0
170	178	3.0
171	171	2.0
171	172	1.0
171	180	1.0
171	187	1.0
172	172	10.0
172	179	2.0
172	180	1.0
173	173	5.0
173	174	1.0
173	175	3.0
173	178	1.0
174	174	5.0
174	175	1.0
174	176	1.0
174	178	1.0
175	175	7.0
175	176	3.0
176	176	4.0
176	177	1.0
177	177	11.0
177	178	1.0
178	178	8.0
178	179	1.0
179	179	10.0
179	180	2.0
180	180	2.0
180	181	1.0
180	185	2.0
180	208	1.0
181	181	9.0
181	182	1.0
181	184	1.0
181	208	1.0
181	209	1.0
182	182	7.0
182	184	1.0
182	204	1.0
183	183	5.0
183	185	1.0
183	201	1.0
183	205	1.0
184	184	6.0
184	185	1.0
184	186	1.0
184	192	1.0
185	185	4.0
185	191	1.0
185	204	1.0
186	186	4.0
186	189	1.0
186	198	1.0
186	199	1.0
186	200	1.0
187	187	5.0
187	189	2.0
187	199	1.0
188	188	2.0
188	189	1.0
188	190	1.0
189	189	3.0
189	190	2.0
189	191	1.0
190	190	3.0
190	191	1.0
191	191	3.0
191	192	1.0
191	193	2.0
191	196	1.0
191	199	1.0
191	247	2.0
192	192	4.0
192	193	1.0
192	195	1.0
193	193	5.0
193	194	2.0
193	195	1.0
193	199	1.0
193	204	1.0
193	205	3.0
194	194	4.0
194	195	1.0
194	200	1.0
195	195	2.0
195	196	2.0
195	204	1.0
196	196	3.0
196	197	1.0
196	200	1.0
197	197	4.0
197	198	2.0
198	198	7.0
198	214	1.0
198	246	1.0
198	247	1.0
199	199	2.0
199	200	1.0
199	202	1.0
200	200	7.0
200	205	1.0
201	201	16.0
201	203	2.0
201	204	1.0
201	206	1.0
201	207	1.0
202	202	8.0
202	203	2.0
202	204	1.0
202	208	1.0
202	211	3.0
203	203	7.0
203	208	1.0
203	245	1.0
203	246	1.0
204	204	3.0
204	205	2.0
204	245	1.0
205	205	9.0
205	206	1.0
205	207	1.0
205	208	1.0
206	206	1.0
206	208	1.0
207	207	3.0
207	208	1.0
207	209	1.0
207	215	1.0
208	208	6.0
208	209	3.0
209	209	12.0
209	210	2.0
209	233	1.0
209	234	1.0
210	210	9.0
210	211	1.0
210	212	1.0
210	233	1.0
210	239	1.0
211	211	4.0
211	212	1.0
211	213	1.0
211	226	1.0
211	239	1.0
212	212	7.0
212	237	1.0
213	213	4.0
213	214	3.0
213	217	1.0
213	237	1.0
214	214	3.0
214	215	5.0
214	217	1.0
215	215	2.0
215	246	1.0
215	248	1.0
216	216	6.0
216	219	1.0
216	238	1.0
216	248	1.0
217	217	3.0
217	218	2.0
218	218	6.0
218	219	2.0
218	221	1.0
218	238	2.0
219	219	3.0
219	220	1.0
220	220	3.0
220	221	3.0
220	222	1.0
220	226	1.0
221	221	7.0
221	222	3.0
221	225	1.0
222	222	4.0
222	235	1.0
223	223	10.0
223	224	5.0
223	225	3.0
224	224	8.0
224	225	2.0
224	226	2.0
225	225	7.0
225	226	1.0
226	226	6.0
226	227	2.0
226	228	2.0
226	234	1.0
226	235	1.0
227	227	2.0
227	228	1.0
227	230	2.0
227	231	1.0
227	236	1.0
227	244	1.0
228	228	1.0
228	232	1.0
228	242	1.0
228	243	1.0
229	229	7.0
229	230	1.0
229	231	1.0
229	241	2.0
230	230	9.0
230	231	2.0
230	234	1.0
230	244	3.0
231	231	10.0
231	235	1.0
232	232	2.0
232	233	2.0
232	234	1.0
233	233	5.0
234	234	7.0
234	235	2.0
235	235	8.0
235	236	1.0
236	236	3.0
236	238	1.0
237	237	4.0
238	238	2.0
238	239	1.0
239	239	6.0
240	240	7.0
240	241	3.0
240	242	1.0
241	241	1.0
241	242	1.0
241	243	1.0
241	244	1.0
241	249	1.0
242	242	2.0
242	243	3.0
242	244	1.0
243	243	1.0
243	244	2.0
244	244	2.0
244	245	3.0
244	246	2.0
245	245	13.0
245	246	1.0
246	246	3.0
246	247	1.0
247	247	5.0
247	248	3.0
247	249	1.0
248	248	5.0
249	249	1.0
0	1	1.0
0	4	1.0
