1	1	4.0
1	68	1.0
2	2	4.0
2	3	3.0
2	6	1.0
2	125	1.0
3	3	2.0
3	4	1.0
3	23	1.0
4	4	2.0
4	6	1.0
5	5	5.0
6	6	5.0
6	7	1.0
6	56	1.0
8	31	1.0
8	54	1.0
8	97	1.0
9	9	2.0
10	10	1.0
10	19	1.0
10	27	1.0
10	47	1.0
10	48	1.0
10	94	1.0
10	99	1.0
11	12	1.0
11	15	1.0
12	12	1.0
12	14	1.0
12	22	1.0
12	31	1.0
12	33	1.0
13	13	3.0
13	14	2.0
13	16	1.0
13	22	1.0
13	23	1.0
13	48	1.0
13	111	1.0
14	14	1.0
15	15	3.0
15	19	1.0
15	20	1.0
16	16	1.0
16	27	1.0
17	18	1.0
17	19	1.0
18	18	1.0
18	42	1.0
19	19	4.0
19	20	2.0
19	26	1.0
20	20	1.0
20	21	1.0
21	21	1.0
21	22	1.0
21	25	1.0
21	61	1.0
21	62	1.0
22	22	4.0
22	23	1.0
22	63	1.0
23	23	2.0
23	24	2.0
23	25	1.0
24	24	3.0
25	26	1.0
25	28	1.0
25	67	1.0
25	69	1.0
26	26	3.0
26	27	2.0
26	65	1.0
27	27	1.0
27	28	2.0
28	28	4.0
29	29	1.0
29	30	1.0
29	31	1.0
29	114	1.0
30	30	5.0
30	81	1.0
31	31	1.0
31	53	1.0
33	34	1.0
33	44	1.0
34	34	4.0
34	40	1.0
34	45	1.0
38	39	2.0
38	70	1.0
39	39	2.0
39	40	2.0
40	40	2.0
41	60	1.0
41	61	1.0
41	72	1.0
42	42	2.0
42	70	1.0
43	43	2.0
43	44	2.0
43	61	1.0
43	73	1.0
44	44	1.0
44	45	2.0
44	46	1.0
44	65	1.0
45	45	4.0
46	46	4.0
47	47	1.0
48	48	3.0
49	49	9.0
49	50	1.0
49	52	1.0
50	50	3.0
50	51	1.0
50	53	1.0
50	57	1.0
51	51	4.0
51	94	1.0
51	95	1.0
52	52	5.0
52	53	3.0
52	54	1.0
52	67	1.0
52	117	1.0
53	53	4.0
53	57	1.0
53	97	1.0
53	117	1.0
54	54	3.0
54	79	1.0
55	55	2.0
55	83	1.0
56	56	3.0
56	57	2.0
57	57	6.0
57	58	1.0
58	58	1.0
58	82	2.0
59	77	1.0
61	62	1.0
61	81	1.0
61	82	1.0
61	103	1.0
62	62	1.0
62	63	1.0
62	90	1.0
63	63	4.0
63	64	1.0
63	70	1.0
63	88	1.0
64	64	3.0
64	68	1.0
65	65	2.0
66	66	3.0
66	67	1.0
66	99	1.0
66	131	1.0
67	129	1.0
68	68	1.0
68	97	1.0
68	99	1.0
69	69	2.0
70	70	1.0
70	76	1.0
71	71	2.0
71	72	2.0
71	76	1.0
71	88	1.0
72	72	1.0
72	74	1.0
73	75	1.0
74	74	2.0
74	75	1.0
75	75	1.0
75	76	1.0
76	76	3.0
76	77	1.0
76	89	1.0
76	103	1.0
77	77	2.0
77	78	1.0
77	79	1.0
77	80	1.0
78	79	2.0
79	79	2.0
79	80	2.0
80	80	1.0
81	81	2.0
81	82	2.0
82	82	2.0
82	100	1.0
83	83	1.0
83	84	1.0
83	85	2.0
84	84	1.0
85	85	2.0
85	86	1.0
85	88	1.0
87	87	5.0
87	88	1.0
87	91	1.0
87	131	1.0
88	88	2.0
89	89	1.0
89	90	2.0
90	90	1.0
91	94	1.0
92	92	3.0
92	93	1.0
93	93	4.0
93	94	1.0
93	96	1.0
93	100	1.0
94	94	2.0
94	95	3.0
94	125	1.0
95	95	2.0
96	96	3.0
97	98	2.0
97	100	2.0
98	103	1.0
99	106	2.0
99	119	1.0
100	100	1.0
100	101	1.0
100	108	1.0
100	126	1.0
101	101	3.0
101	102	1.0
101	105	2.0
101	117	1.0
102	102	4.0
102	131	1.0
102	133	1.0
103	103	3.0
103	105	1.0
103	119	1.0
104	104	2.0
105	105	3.0
105	109	1.0
106	130	1.0
107	110	1.0
107	113	2.0
107	114	1.0
108	108	1.0
108	109	2.0
108	110	1.0
108	119	1.0
109	110	1.0
110	110	2.0
110	111	1.0
110	112	2.0
110	113	2.0
111	111	4.0
111	112	1.0
112	112	4.0
113	113	5.0
113	114	1.0
113	118	1.0
114	114	1.0
114	115	1.0
114	117	1.0
114	119	1.0
115	115	3.0
115	116	3.0
116	116	4.0
116	117	1.0
117	117	1.0
117	118	1.0
117	120	1.0
118	118	2.0
118	119	1.0
118	126	1.0
119	119	6.0
119	120	1.0
119	121	1.0
120	121	1.0
120	125	1.0
121	121	3.0
121	123	1.0
122	122	5.0
122	123	1.0
123	123	2.0
123	124	1.0
124	124	3.0
124	125	1.0
125	125	4.0
126	126	4.0
126	127	4.0
126	129	1.0
127	127	6.0
127	128	1.0
128	128	2.0
128	130	1.0
128	131	1.0
129	129	1.0
130	130	1.0
131	131	2.0
133	133	1.0
0	1	2.0
0	0	3.0
