1	1	4.0
2	2	2.0
2	3	1.0
2	12	2.0
3	3	5.0
3	4	1.0
4	4	4.0
4	5	1.0
4	30	1.0
5	5	2.0
5	7	1.0
5	10	1.0
5	67	1.0
6	6	2.0
6	7	2.0
6	63	1.0
7	7	1.0
7	26	1.0
8	8	5.0
8	13	1.0
8	17	1.0
8	27	1.0
9	9	1.0
9	10	1.0
10	10	2.0
10	16	1.0
11	11	4.0
12	12	6.0
12	13	2.0
12	85	1.0
13	13	1.0
14	14	1.0
15	16	4.0
15	19	1.0
15	25	1.0
15	26	1.0
16	17	3.0
17	17	3.0
17	26	1.0
17	84	1.0
18	18	1.0
18	84	1.0
19	19	3.0
19	20	1.0
19	24	1.0
19	84	1.0
20	20	2.0
20	21	1.0
20	24	2.0
20	85	1.0
21	21	2.0
21	22	2.0
22	22	1.0
22	23	1.0
23	23	8.0
24	24	4.0
24	67	1.0
24	71	1.0
25	25	3.0
25	26	1.0
25	29	1.0
25	66	1.0
25	75	1.0
26	26	1.0
26	27	2.0
26	29	1.0
26	31	1.0
26	53	1.0
26	77	1.0
27	27	3.0
27	30	2.0
28	28	4.0
29	30	3.0
29	53	1.0
29	67	1.0
30	30	3.0
31	31	1.0
31	48	1.0
32	33	1.0
32	46	1.0
33	33	1.0
34	34	2.0
34	35	1.0
46	46	1.0
46	48	1.0
46	58	1.0
46	75	1.0
47	47	1.0
47	54	1.0
47	63	1.0
48	48	3.0
48	49	1.0
48	52	2.0
48	75	1.0
49	49	2.0
49	68	1.0
50	50	3.0
50	75	2.0
51	51	4.0
51	59	1.0
51	77	1.0
52	55	1.0
53	54	1.0
53	72	2.0
54	54	2.0
54	55	2.0
54	60	1.0
54	74	1.0
54	81	1.0
55	55	2.0
55	56	1.0
55	59	1.0
55	72	1.0
56	56	4.0
56	62	1.0
56	71	1.0
56	76	1.0
57	57	4.0
57	74	1.0
58	58	2.0
58	66	1.0
59	64	1.0
59	76	2.0
60	60	1.0
60	61	1.0
61	61	1.0
61	62	1.0
61	63	1.0
62	62	1.0
62	63	1.0
63	65	1.0
63	77	1.0
63	86	1.0
64	64	4.0
65	65	2.0
65	76	1.0
65	78	1.0
66	66	5.0
66	78	1.0
66	82	1.0
67	67	5.0
67	71	1.0
67	74	1.0
68	68	1.0
68	69	1.0
69	69	4.0
69	70	1.0
69	71	1.0
69	74	1.0
70	70	3.0
71	71	1.0
71	73	1.0
71	74	1.0
72	72	2.0
73	73	6.0
73	82	1.0
74	74	6.0
74	75	2.0
74	81	1.0
76	76	2.0
76	77	1.0
78	78	1.0
78	79	1.0
78	80	1.0
78	81	1.0
79	80	2.0
79	82	1.0
80	80	2.0
80	81	1.0
81	81	5.0
81	82	1.0
82	82	1.0
82	87	1.0
83	83	2.0
84	85	2.0
84	87	1.0
84	88	3.0
84	89	1.0
85	85	4.0
85	86	1.0
86	86	1.0
86	87	1.0
87	87	3.0
89	89	3.0
0	1	1.0
0	10	1.0
0	0	2.0
