1	1	1.0
1	2	1.0
1	8	1.0
2	2	1.0
2	5	1.0
3	3	1.0
3	4	2.0
3	14	1.0
4	4	3.0
4	10	1.0
5	5	3.0
5	6	2.0
6	6	4.0
6	98	1.0
7	7	3.0
7	106	1.0
8	8	5.0
8	9	2.0
9	9	1.0
9	11	1.0
10	10	2.0
10	11	1.0
10	17	1.0
10	33	1.0
11	11	6.0
11	12	1.0
12	12	10.0
12	14	1.0
12	31	1.0
12	43	1.0
12	105	2.0
12	126	1.0
13	13	2.0
13	14	1.0
13	105	1.0
13	122	1.0
13	124	1.0
13	125	1.0
14	14	1.0
14	15	1.0
14	31	1.0
14	62	2.0
15	15	3.0
16	16	4.0
16	17	1.0
16	18	1.0
16	124	1.0
17	17	3.0
17	18	1.0
18	18	1.0
18	19	1.0
18	29	1.0
18	63	1.0
18	109	1.0
19	19	3.0
19	20	2.0
19	118	1.0
20	21	1.0
20	119	1.0
22	24	1.0
22	120	1.0
23	23	3.0
23	26	1.0
24	24	3.0
25	25	3.0
25	26	1.0
25	70	1.0
25	71	1.0
26	26	1.0
26	27	1.0
26	35	1.0
28	28	1.0
28	32	1.0
28	107	1.0
29	29	1.0
29	63	1.0
30	30	4.0
30	31	3.0
30	32	1.0
30	65	1.0
31	31	2.0
31	32	2.0
31	69	1.0
31	91	1.0
31	112	1.0
31	122	1.0
32	32	1.0
34	35	1.0
35	35	2.0
35	60	1.0
36	37	2.0
36	120	1.0
37	67	1.0
43	43	1.0
44	44	1.0
44	68	1.0
45	45	3.0
46	46	1.0
46	48	1.0
48	48	1.0
49	76	1.0
49	98	1.0
50	50	4.0
50	51	1.0
50	52	2.0
50	75	2.0
53	53	1.0
54	54	1.0
54	55	2.0
56	56	1.0
56	95	1.0
57	57	1.0
58	110	1.0
59	59	1.0
60	60	1.0
60	61	1.0
61	61	3.0
61	100	1.0
62	62	1.0
62	63	1.0
63	64	1.0
64	64	2.0
64	91	1.0
65	65	2.0
65	68	1.0
65	85	1.0
67	67	1.0
69	69	1.0
70	70	3.0
71	71	7.0
71	72	1.0
71	81	1.0
71	102	1.0
72	72	2.0
72	102	1.0
73	73	4.0
73	77	1.0
74	74	4.0
74	76	1.0
74	102	1.0
75	75	2.0
75	81	1.0
76	88	1.0
77	77	5.0
77	78	4.0
77	84	1.0
78	78	2.0
78	79	1.0
79	79	5.0
79	80	1.0
79	81	1.0
80	80	8.0
80	102	1.0
80	104	1.0
81	81	2.0
81	82	1.0
81	101	2.0
82	82	2.0
82	83	2.0
82	86	1.0
82	88	1.0
83	84	1.0
85	85	4.0
85	86	1.0
85	95	1.0
86	86	2.0
86	87	2.0
87	87	2.0
87	92	1.0
88	89	1.0
88	94	2.0
89	89	1.0
89	90	2.0
89	101	1.0
90	90	6.0
90	91	1.0
90	93	1.0
91	91	1.0
91	92	2.0
91	95	1.0
91	115	1.0
92	92	4.0
92	111	1.0
93	93	1.0
94	94	2.0
94	101	1.0
94	123	1.0
95	95	3.0
95	96	1.0
95	108	1.0
96	96	3.0
96	127	1.0
97	97	4.0
97	98	1.0
97	99	4.0
97	134	1.0
98	98	1.0
98	99	2.0
98	126	1.0
99	99	4.0
99	100	1.0
99	101	1.0
100	100	2.0
100	124	1.0
100	134	2.0
101	101	6.0
101	106	1.0
102	102	6.0
102	103	1.0
103	103	1.0
104	104	5.0
104	105	1.0
105	105	2.0
105	106	1.0
106	106	1.0
106	117	1.0
106	118	1.0
106	120	1.0
106	131	1.0
107	108	1.0
108	108	2.0
108	110	1.0
110	111	1.0
110	113	1.0
110	117	1.0
111	111	3.0
111	112	2.0
111	116	1.0
111	129	1.0
112	112	6.0
112	115	1.0
112	120	1.0
112	121	1.0
112	126	1.0
112	131	1.0
113	113	1.0
114	114	4.0
114	127	1.0
116	116	2.0
116	117	1.0
117	117	1.0
117	119	1.0
118	118	1.0
119	119	2.0
121	121	2.0
121	122	1.0
122	122	2.0
122	123	2.0
122	127	1.0
122	128	1.0
124	124	1.0
124	125	1.0
125	125	4.0
125	126	1.0
126	126	3.0
126	130	2.0
127	127	2.0
128	129	1.0
129	129	1.0
129	130	1.0
129	131	1.0
130	130	2.0
130	131	1.0
131	131	5.0
132	132	2.0
132	133	3.0
133	133	1.0
134	134	6.0
135	135	2.0
0	5	1.0
0	0	3.0
