22	23	2.0
22	25	1.0
23	28	1.0
24	29	1.0
25	25	2.0
26	26	3.0
27	27	1.0
28	28	1.0
29	29	1.0
31	31	1.0
32	32	1.0
32	33	1.0
33	34	2.0
34	34	1.0
34	38	1.0
35	49	1.0
36	37	1.0
36	38	1.0
37	39	2.0
38	38	1.0
39	39	1.0
39	49	1.0
41	41	2.0
41	42	1.0
41	43	1.0
42	42	1.0
42	43	1.0
42	46	1.0
43	43	2.0
43	44	1.0
43	45	1.0
44	44	2.0
44	47	1.0
44	49	1.0
44	67	1.0
45	45	1.0
45	56	1.0
46	52	1.0
46	57	1.0
48	50	1.0
48	92	1.0
49	49	1.0
49	56	1.0
50	50	3.0
50	58	1.0
51	51	1.0
51	52	1.0
52	59	2.0
52	61	1.0
53	54	1.0
53	58	1.0
53	62	1.0
54	63	1.0
55	56	1.0
56	56	1.0
57	57	1.0
57	61	1.0
57	64	1.0
58	58	1.0
58	60	1.0
58	61	1.0
58	64	1.0
59	59	2.0
60	61	1.0
60	62	1.0
61	61	1.0
61	65	1.0
62	62	2.0
62	64	1.0
62	65	1.0
62	70	1.0
63	63	1.0
63	67	1.0
63	69	1.0
63	71	1.0
64	66	1.0
65	65	3.0
65	66	1.0
65	72	1.0
65	73	1.0
66	66	1.0
66	67	1.0
66	68	1.0
66	72	1.0
67	67	2.0
68	68	2.0
68	69	1.0
69	69	1.0
69	72	1.0
70	70	4.0
70	74	1.0
70	75	1.0
71	71	3.0
72	74	1.0
74	80	1.0
75	75	1.0
75	86	1.0
76	76	3.0
77	77	2.0
77	78	1.0
78	78	1.0
80	80	2.0
80	82	1.0
80	101	1.0
81	81	1.0
82	86	1.0
82	88	1.0
83	83	2.0
84	93	1.0
85	89	1.0
86	88	1.0
87	88	1.0
87	99	1.0
88	88	6.0
88	90	1.0
89	89	1.0
89	90	1.0
89	91	1.0
89	95	1.0
89	97	1.0
90	90	3.0
90	94	1.0
90	99	1.0
91	91	1.0
91	94	1.0
91	97	1.0
92	101	1.0
93	93	2.0
93	94	1.0
93	95	1.0
94	94	3.0
94	98	1.0
95	95	1.0
95	96	1.0
97	98	1.0
97	99	1.0
98	98	2.0
99	99	2.0
99	100	1.0
100	100	2.0
101	101	1.0
