1	1	1.0
1	14	1.0
1	38	1.0
1	86	2.0
2	2	3.0
2	37	1.0
3	3	1.0
3	4	1.0
4	4	5.0
4	5	2.0
4	16	1.0
5	5	3.0
5	8	1.0
5	12	1.0
5	30	1.0
6	6	2.0
6	7	3.0
7	7	1.0
7	16	2.0
8	8	1.0
8	9	1.0
8	10	1.0
10	10	1.0
10	11	2.0
11	11	2.0
12	12	5.0
13	13	2.0
13	14	1.0
13	99	1.0
14	14	7.0
14	15	1.0
14	32	1.0
15	15	4.0
15	16	1.0
16	16	1.0
16	17	3.0
17	17	1.0
17	18	1.0
18	18	1.0
19	33	1.0
19	68	1.0
19	132	1.0
20	108	1.0
21	21	2.0
21	63	1.0
22	22	2.0
22	23	1.0
22	25	1.0
22	114	1.0
23	23	2.0
23	25	1.0
24	24	3.0
24	25	1.0
24	66	1.0
25	25	2.0
25	66	2.0
25	88	1.0
25	108	1.0
26	26	3.0
26	109	2.0
26	130	1.0
27	27	1.0
27	29	1.0
28	28	1.0
28	29	1.0
28	127	1.0
29	33	1.0
29	111	1.0
29	127	1.0
29	132	1.0
30	30	2.0
30	109	1.0
30	135	1.0
31	31	3.0
32	32	3.0
32	111	1.0
33	33	3.0
33	56	1.0
34	34	2.0
34	36	1.0
34	59	1.0
34	87	1.0
34	131	1.0
35	35	2.0
36	36	2.0
36	37	1.0
36	57	1.0
37	38	1.0
38	56	1.0
43	64	1.0
44	44	2.0
44	129	1.0
45	45	2.0
45	54	1.0
46	47	1.0
48	48	2.0
48	50	1.0
49	49	1.0
49	64	1.0
49	131	1.0
50	50	3.0
50	88	1.0
51	51	2.0
52	52	3.0
53	53	2.0
53	57	1.0
54	54	1.0
55	55	4.0
56	56	1.0
57	58	1.0
57	84	1.0
58	58	2.0
58	59	1.0
59	59	2.0
60	60	2.0
60	100	1.0
61	61	2.0
62	62	3.0
63	63	2.0
63	80	1.0
64	64	2.0
64	65	1.0
64	106	1.0
65	65	1.0
65	67	1.0
65	68	1.0
65	82	1.0
66	69	3.0
67	87	1.0
67	118	1.0
69	69	1.0
69	70	1.0
69	76	1.0
70	70	5.0
71	71	4.0
71	72	1.0
71	91	1.0
72	72	2.0
72	75	1.0
73	73	5.0
73	99	1.0
73	100	1.0
74	74	1.0
74	75	1.0
75	75	8.0
76	76	3.0
76	121	1.0
77	77	2.0
77	80	1.0
77	84	1.0
77	121	1.0
77	122	1.0
78	78	2.0
78	129	1.0
79	79	2.0
79	80	1.0
79	99	1.0
80	80	3.0
80	82	1.0
82	82	2.0
83	83	1.0
83	85	1.0
83	86	1.0
83	111	1.0
84	84	2.0
84	85	1.0
84	87	1.0
84	106	1.0
85	85	2.0
85	92	1.0
86	86	4.0
87	87	1.0
87	106	1.0
87	116	1.0
88	88	4.0
88	89	1.0
88	120	1.0
89	89	7.0
89	126	1.0
90	90	5.0
90	92	1.0
90	112	1.0
90	114	1.0
91	91	1.0
91	92	1.0
92	92	2.0
92	93	1.0
92	95	1.0
92	108	1.0
92	129	1.0
93	93	3.0
93	101	1.0
94	94	5.0
95	111	1.0
96	96	2.0
96	97	3.0
97	97	5.0
98	98	8.0
98	103	1.0
99	99	1.0
99	100	2.0
100	100	1.0
100	127	2.0
101	101	2.0
101	104	1.0
101	120	1.0
102	102	4.0
103	103	5.0
104	104	6.0
104	105	1.0
105	105	3.0
105	106	1.0
105	112	1.0
106	129	1.0
107	107	2.0
108	108	1.0
108	109	1.0
108	114	1.0
108	128	1.0
109	109	3.0
110	110	1.0
111	111	3.0
111	118	1.0
112	112	2.0
112	117	1.0
113	113	1.0
114	114	1.0
114	119	1.0
115	116	1.0
115	126	1.0
116	116	4.0
116	121	1.0
117	117	2.0
118	118	2.0
119	119	3.0
120	120	3.0
121	121	4.0
121	122	1.0
122	123	1.0
123	123	1.0
123	124	2.0
123	125	1.0
124	124	2.0
124	125	2.0
125	125	2.0
125	126	1.0
125	127	1.0
126	126	3.0
127	127	2.0
127	128	1.0
128	128	1.0
129	129	2.0
130	132	1.0
131	131	4.0
132	132	3.0
132	133	1.0
133	133	2.0
134	134	2.0
0	1	2.0
0	26	1.0
0	102	1.0
0	0	2.0
