1	1	4.0
1	2	1.0
1	83	1.0
2	2	4.0
3	3	5.0
4	4	3.0
4	5	1.0
5	5	2.0
5	8	1.0
5	24	1.0
6	6	3.0
6	7	1.0
6	20	1.0
7	7	3.0
8	8	2.0
8	13	2.0
8	20	1.0
9	9	2.0
9	10	2.0
9	12	1.0
9	27	2.0
10	10	2.0
10	16	1.0
10	48	1.0
11	11	3.0
11	12	1.0
11	23	1.0
12	12	4.0
12	13	1.0
12	14	1.0
13	13	4.0
13	14	2.0
13	27	1.0
14	14	2.0
15	15	2.0
17	17	4.0
17	18	1.0
17	58	1.0
18	18	1.0
18	58	1.0
19	19	2.0
19	33	1.0
19	58	1.0
20	20	2.0
20	22	1.0
21	21	1.0
21	22	1.0
21	49	1.0
22	22	3.0
22	23	2.0
22	48	1.0
23	23	4.0
23	24	1.0
24	24	5.0
24	25	1.0
25	25	4.0
26	26	1.0
26	27	1.0
26	51	1.0
27	27	5.0
27	51	1.0
28	28	2.0
28	29	1.0
29	30	1.0
30	30	2.0
30	31	1.0
31	31	2.0
31	57	1.0
31	58	1.0
46	46	1.0
47	47	3.0
47	56	2.0
48	48	7.0
48	49	1.0
49	49	5.0
50	50	4.0
50	66	1.0
50	81	1.0
51	51	5.0
52	52	2.0
53	53	2.0
53	77	1.0
53	89	1.0
54	54	2.0
54	55	1.0
54	56	1.0
55	55	1.0
56	56	2.0
56	81	1.0
57	57	5.0
57	58	2.0
58	58	3.0
58	59	1.0
59	59	4.0
59	60	3.0
59	65	1.0
60	60	1.0
61	61	1.0
61	64	1.0
61	65	1.0
61	66	1.0
62	63	1.0
63	63	1.0
65	65	2.0
65	66	2.0
66	66	1.0
66	67	1.0
67	67	4.0
67	68	1.0
67	69	1.0
68	68	4.0
68	69	2.0
69	69	3.0
69	70	1.0
70	70	2.0
71	73	1.0
72	72	4.0
72	73	3.0
73	73	2.0
73	74	2.0
74	74	3.0
74	84	1.0
75	75	3.0
77	77	4.0
77	78	2.0
77	79	1.0
77	80	1.0
78	78	1.0
78	79	1.0
79	79	3.0
80	80	2.0
81	81	8.0
81	82	2.0
81	83	1.0
82	82	7.0
83	83	5.0
84	84	4.0
84	85	1.0
85	85	3.0
85	86	1.0
85	87	1.0
86	86	2.0
86	87	3.0
87	87	3.0
87	88	2.0
87	89	1.0
88	88	2.0
88	89	1.0
89	89	5.0
89	90	1.0
0	1	1.0
0	8	1.0
0	0	2.0
