1	1	1.0
1	7	1.0
1	111	1.0
2	2	3.0
2	5	1.0
2	10	1.0
2	26	1.0
2	77	1.0
3	3	5.0
3	17	1.0
4	4	2.0
4	8	1.0
4	25	2.0
5	5	3.0
5	6	4.0
5	12	1.0
5	23	1.0
5	157	1.0
6	6	2.0
6	8	1.0
6	24	1.0
6	26	1.0
6	80	1.0
7	90	1.0
8	8	1.0
8	26	1.0
8	28	1.0
8	187	3.0
9	9	5.0
9	10	4.0
9	13	1.0
9	23	1.0
9	55	1.0
10	10	9.0
10	48	1.0
10	135	1.0
11	11	4.0
11	25	1.0
11	136	1.0
12	12	2.0
12	13	5.0
12	17	1.0
12	181	1.0
13	13	4.0
13	14	3.0
13	53	1.0
13	183	1.0
14	14	4.0
14	15	2.0
14	45	1.0
14	57	1.0
15	15	3.0
15	32	1.0
15	38	1.0
15	39	1.0
16	16	3.0
16	17	5.0
16	19	1.0
16	23	1.0
16	29	1.0
16	39	2.0
16	89	1.0
16	189	1.0
17	17	3.0
17	18	2.0
17	20	1.0
17	38	1.0
17	80	1.0
17	179	1.0
17	185	1.0
17	186	1.0
18	18	1.0
18	19	1.0
18	21	1.0
18	23	1.0
18	33	1.0
18	55	1.0
18	94	1.0
19	19	2.0
19	20	1.0
19	24	1.0
20	20	4.0
20	21	2.0
20	22	1.0
21	21	1.0
21	27	1.0
21	83	1.0
21	86	1.0
22	22	3.0
22	23	3.0
22	34	1.0
22	62	1.0
22	65	1.0
23	23	2.0
23	43	1.0
23	59	1.0
24	24	2.0
24	26	1.0
24	28	1.0
24	63	1.0
25	25	2.0
25	35	1.0
25	118	1.0
26	26	6.0
26	27	1.0
26	31	1.0
26	35	1.0
27	27	2.0
27	28	1.0
27	30	1.0
27	43	1.0
27	44	1.0
27	60	1.0
27	64	1.0
27	69	1.0
27	71	1.0
27	118	1.0
28	30	2.0
28	87	1.0
29	29	1.0
29	30	1.0
29	114	1.0
29	143	1.0
30	30	2.0
30	31	1.0
30	32	2.0
30	69	1.0
30	107	1.0
30	177	1.0
31	31	3.0
31	32	2.0
31	39	1.0
31	40	1.0
32	32	2.0
32	33	3.0
32	37	1.0
32	42	1.0
32	44	1.0
32	45	1.0
32	46	1.0
32	55	1.0
32	56	1.0
32	60	1.0
32	63	1.0
32	66	1.0
32	107	1.0
32	187	1.0
33	33	1.0
33	34	1.0
33	45	1.0
33	71	1.0
33	115	1.0
33	127	1.0
34	34	2.0
34	35	2.0
34	68	1.0
34	84	1.0
34	86	1.0
34	102	1.0
35	35	2.0
35	86	1.0
35	117	1.0
36	36	6.0
36	37	1.0
36	84	1.0
36	107	1.0
36	126	1.0
36	184	1.0
37	37	5.0
37	38	4.0
37	41	1.0
37	44	1.0
38	38	5.0
38	41	1.0
38	42	1.0
38	73	2.0
38	183	1.0
38	188	1.0
38	193	1.0
39	39	2.0
39	44	1.0
39	59	1.0
40	40	1.0
40	63	1.0
41	41	2.0
41	42	1.0
41	59	1.0
41	73	1.0
42	42	5.0
42	59	1.0
42	100	1.0
42	126	1.0
42	127	1.0
42	184	1.0
43	43	3.0
43	54	2.0
43	140	1.0
44	44	5.0
44	126	1.0
45	45	4.0
45	46	3.0
45	138	1.0
46	46	9.0
46	47	2.0
46	48	2.0
47	47	5.0
47	48	4.0
47	49	2.0
48	48	10.0
48	49	2.0
48	50	1.0
48	52	1.0
49	49	3.0
49	50	2.0
49	51	2.0
49	52	2.0
50	50	6.0
50	51	5.0
50	52	2.0
50	141	1.0
50	183	1.0
51	51	5.0
51	125	1.0
51	142	1.0
51	185	1.0
52	52	6.0
52	53	2.0
52	57	1.0
52	124	1.0
53	53	8.0
53	124	1.0
53	126	2.0
53	185	1.0
54	114	1.0
54	186	1.0
55	55	6.0
55	56	1.0
55	58	1.0
56	56	2.0
56	57	2.0
56	59	1.0
56	115	1.0
56	122	1.0
56	127	1.0
57	57	8.0
57	58	1.0
57	124	1.0
58	58	3.0
59	59	1.0
59	61	2.0
59	62	1.0
59	147	1.0
60	60	3.0
60	61	2.0
60	62	1.0
60	99	1.0
60	188	1.0
60	193	1.0
61	61	1.0
61	62	1.0
61	64	1.0
61	99	1.0
62	62	1.0
62	65	1.0
62	67	1.0
62	77	1.0
62	118	1.0
63	63	2.0
63	64	1.0
63	65	1.0
63	67	1.0
63	118	1.0
64	64	3.0
64	66	1.0
64	69	1.0
64	76	2.0
64	79	1.0
64	98	1.0
65	65	2.0
65	68	1.0
65	77	1.0
65	95	1.0
65	99	1.0
66	66	4.0
66	101	1.0
67	67	2.0
67	85	1.0
67	143	1.0
67	170	1.0
68	68	1.0
68	89	1.0
68	116	1.0
68	143	1.0
69	69	4.0
69	79	1.0
69	102	1.0
70	70	2.0
70	71	3.0
71	71	4.0
71	72	3.0
71	73	1.0
71	87	1.0
72	72	6.0
72	73	1.0
72	88	1.0
72	128	1.0
72	197	1.0
73	73	2.0
73	74	1.0
73	117	1.0
74	74	1.0
74	153	1.0
75	78	1.0
75	152	1.0
76	77	1.0
76	88	1.0
77	77	1.0
77	136	1.0
78	78	2.0
78	97	1.0
78	167	1.0
79	89	1.0
80	80	3.0
80	86	1.0
81	81	1.0
82	82	1.0
82	86	1.0
83	83	1.0
84	84	2.0
84	133	1.0
85	85	2.0
86	88	1.0
87	87	2.0
87	88	1.0
87	159	1.0
88	88	3.0
88	89	4.0
88	155	1.0
88	160	1.0
89	89	2.0
89	120	1.0
89	167	1.0
90	147	1.0
94	102	1.0
94	190	1.0
95	96	1.0
95	109	1.0
95	162	1.0
96	96	4.0
96	148	1.0
97	97	2.0
97	142	1.0
97	154	1.0
98	98	1.0
98	108	1.0
99	99	1.0
99	100	1.0
99	154	1.0
99	159	1.0
100	100	3.0
100	101	1.0
101	101	5.0
101	111	1.0
101	148	1.0
101	169	1.0
102	102	1.0
102	105	1.0
102	150	2.0
102	151	1.0
102	162	1.0
104	104	1.0
104	105	1.0
104	181	1.0
105	105	3.0
105	106	2.0
105	130	1.0
105	170	1.0
106	106	1.0
106	165	2.0
107	107	2.0
107	108	2.0
107	153	1.0
108	108	1.0
108	168	1.0
108	182	1.0
109	110	1.0
109	142	1.0
110	144	2.0
110	145	1.0
111	111	4.0
111	138	2.0
111	155	1.0
112	112	4.0
112	113	1.0
112	159	1.0
112	186	1.0
113	113	4.0
114	115	1.0
114	128	1.0
114	185	1.0
115	115	2.0
115	116	1.0
115	193	1.0
116	116	1.0
116	117	1.0
116	144	1.0
116	148	1.0
117	117	1.0
118	118	6.0
118	119	1.0
118	158	1.0
119	119	6.0
119	120	2.0
120	120	4.0
120	123	2.0
120	158	2.0
120	171	1.0
120	178	1.0
121	121	4.0
121	183	1.0
122	122	3.0
122	123	1.0
122	125	1.0
122	183	1.0
123	123	6.0
123	125	1.0
123	126	1.0
123	127	1.0
123	128	2.0
123	183	1.0
124	124	4.0
124	125	1.0
124	126	1.0
125	125	2.0
125	126	1.0
125	128	1.0
126	126	6.0
126	127	1.0
127	127	7.0
128	128	7.0
128	129	1.0
129	129	4.0
129	133	2.0
130	130	3.0
131	131	2.0
131	132	2.0
131	134	1.0
131	136	1.0
131	160	1.0
132	132	5.0
132	133	2.0
133	133	5.0
133	134	1.0
133	135	1.0
133	140	1.0
134	134	6.0
134	137	1.0
134	159	1.0
135	135	3.0
135	136	2.0
135	137	3.0
136	136	5.0
136	137	2.0
136	138	1.0
136	139	1.0
137	137	2.0
137	138	1.0
137	144	1.0
137	145	1.0
138	138	3.0
138	139	2.0
139	139	1.0
139	140	2.0
139	154	1.0
140	140	4.0
140	141	1.0
140	142	1.0
141	141	6.0
141	142	1.0
142	142	5.0
142	143	1.0
143	143	4.0
143	144	1.0
144	144	1.0
144	145	2.0
144	169	1.0
144	170	1.0
145	145	2.0
145	152	1.0
145	166	1.0
146	146	1.0
148	148	2.0
148	149	1.0
148	176	1.0
148	190	1.0
149	149	2.0
149	150	1.0
149	187	1.0
150	150	3.0
150	160	1.0
150	161	1.0
150	172	1.0
150	195	1.0
151	151	4.0
151	164	1.0
152	152	3.0
152	153	2.0
152	155	1.0
152	185	1.0
153	153	2.0
153	167	1.0
154	154	3.0
154	159	1.0
154	160	1.0
154	161	1.0
154	191	1.0
155	155	2.0
155	156	1.0
155	157	1.0
155	160	1.0
156	156	7.0
156	157	2.0
157	157	2.0
157	168	1.0
158	158	4.0
158	165	1.0
158	169	1.0
158	170	1.0
159	159	2.0
160	160	4.0
160	161	1.0
160	164	1.0
161	161	1.0
162	162	1.0
162	163	2.0
163	164	2.0
164	164	1.0
164	190	1.0
165	165	1.0
166	166	3.0
166	169	1.0
166	175	1.0
167	167	1.0
167	171	1.0
167	175	1.0
167	178	1.0
167	193	1.0
168	168	1.0
168	169	1.0
168	170	1.0
168	172	1.0
168	180	1.0
169	169	5.0
169	179	1.0
170	170	1.0
170	171	3.0
170	172	1.0
170	185	1.0
170	190	1.0
170	193	1.0
170	194	1.0
171	171	8.0
171	183	1.0
171	186	1.0
172	172	5.0
173	173	4.0
173	175	2.0
173	189	1.0
174	177	1.0
174	180	1.0
175	175	3.0
176	176	1.0
177	177	4.0
177	187	2.0
177	191	1.0
179	179	3.0
179	180	1.0
180	180	4.0
180	182	1.0
181	181	2.0
181	185	2.0
182	182	5.0
182	183	1.0
182	194	1.0
183	183	7.0
183	184	2.0
184	184	6.0
184	187	1.0
185	185	12.0
185	186	1.0
185	194	1.0
186	186	11.0
186	187	1.0
186	188	1.0
186	189	2.0
186	193	1.0
186	194	1.0
187	187	6.0
187	188	1.0
188	188	3.0
189	189	2.0
189	191	1.0
190	192	1.0
191	191	2.0
192	192	2.0
192	196	1.0
193	193	2.0
193	194	1.0
193	195	1.0
194	194	8.0
195	195	4.0
195	196	5.0
196	196	5.0
196	197	2.0
197	197	3.0
0	26	1.0
0	84	1.0
0	0	2.0
