1	1	5.0
1	2	2.0
1	6	1.0
1	7	1.0
1	68	1.0
2	2	5.0
2	3	3.0
2	179	1.0
3	3	6.0
3	4	1.0
3	12	1.0
3	14	1.0
3	18	1.0
3	65	1.0
3	192	2.0
4	4	1.0
4	5	2.0
4	7	1.0
4	12	1.0
4	25	1.0
4	55	1.0
4	63	1.0
4	66	1.0
5	5	1.0
5	9	1.0
5	18	1.0
5	41	1.0
5	187	2.0
6	6	4.0
6	7	1.0
6	8	1.0
6	26	1.0
6	30	1.0
7	7	3.0
7	21	1.0
7	176	1.0
8	8	1.0
8	9	3.0
8	33	1.0
8	34	1.0
8	88	1.0
8	184	1.0
8	186	1.0
8	187	2.0
9	9	4.0
9	10	1.0
9	37	1.0
9	51	1.0
9	71	1.0
9	124	2.0
9	139	1.0
9	185	2.0
9	186	3.0
9	196	1.0
10	10	2.0
10	11	1.0
10	38	1.0
10	44	1.0
10	52	1.0
10	56	1.0
10	123	2.0
10	125	1.0
11	11	6.0
11	14	1.0
11	55	1.0
11	64	1.0
12	12	6.0
12	17	1.0
12	18	1.0
12	39	1.0
12	62	1.0
13	13	3.0
13	18	1.0
13	27	1.0
13	30	1.0
13	81	1.0
14	14	4.0
14	15	3.0
14	19	1.0
14	73	1.0
15	15	6.0
15	42	1.0
16	16	2.0
16	17	2.0
16	20	2.0
16	57	1.0
17	17	3.0
17	18	3.0
17	20	1.0
17	25	1.0
17	26	1.0
18	18	2.0
18	19	1.0
18	21	1.0
18	26	1.0
18	62	1.0
18	73	1.0
19	19	2.0
20	20	2.0
20	21	2.0
20	22	1.0
20	25	1.0
20	26	2.0
20	81	1.0
20	87	1.0
21	21	2.0
21	22	1.0
21	41	1.0
21	56	1.0
21	58	1.0
21	78	1.0
22	22	3.0
22	24	1.0
23	23	5.0
23	25	1.0
23	196	1.0
24	24	1.0
24	26	2.0
25	25	2.0
25	26	1.0
25	66	2.0
26	26	1.0
26	27	1.0
26	64	1.0
26	84	1.0
27	27	2.0
27	28	1.0
27	29	1.0
27	75	1.0
27	76	1.0
28	28	5.0
28	29	2.0
28	30	2.0
28	31	2.0
28	40	1.0
28	126	1.0
28	163	1.0
29	29	2.0
29	30	2.0
29	31	1.0
29	50	1.0
29	59	1.0
29	63	2.0
29	69	1.0
30	30	4.0
30	31	1.0
30	37	1.0
30	59	1.0
30	69	1.0
31	31	2.0
31	32	2.0
31	44	1.0
31	54	1.0
31	122	1.0
31	135	2.0
31	163	1.0
31	190	1.0
31	191	1.0
31	192	1.0
32	32	2.0
32	33	2.0
32	42	1.0
32	67	1.0
32	70	1.0
32	120	1.0
32	136	1.0
33	33	6.0
33	35	1.0
33	103	1.0
34	34	4.0
34	35	2.0
34	69	1.0
34	110	1.0
34	111	1.0
34	116	1.0
34	144	1.0
34	162	1.0
34	187	1.0
35	35	3.0
35	64	2.0
35	115	1.0
35	163	1.0
35	188	1.0
36	36	3.0
36	37	1.0
36	38	1.0
36	64	1.0
36	141	1.0
36	177	1.0
37	37	4.0
37	38	1.0
37	39	1.0
37	189	1.0
38	38	7.0
38	39	1.0
38	57	1.0
38	87	1.0
38	138	1.0
38	140	1.0
38	141	1.0
38	181	1.0
39	39	3.0
39	40	1.0
39	41	1.0
39	122	2.0
39	123	1.0
39	124	1.0
39	140	1.0
39	170	1.0
40	40	5.0
40	41	5.0
40	42	1.0
40	119	1.0
40	124	1.0
40	130	1.0
41	41	3.0
41	42	1.0
41	70	1.0
41	71	1.0
42	42	3.0
42	44	1.0
43	43	6.0
44	44	6.0
44	75	1.0
44	127	1.0
45	45	6.0
45	46	3.0
45	48	1.0
45	51	1.0
45	52	1.0
45	138	1.0
46	46	5.0
46	47	2.0
46	48	1.0
46	125	1.0
47	47	4.0
47	49	1.0
48	48	8.0
48	49	1.0
49	49	4.0
49	128	2.0
50	50	7.0
50	52	1.0
50	54	1.0
50	128	1.0
51	51	4.0
52	52	7.0
52	126	1.0
53	53	7.0
53	54	2.0
53	55	1.0
53	119	1.0
53	127	1.0
53	133	1.0
54	54	4.0
54	147	1.0
54	167	1.0
55	59	1.0
55	178	1.0
56	56	4.0
56	59	1.0
56	62	1.0
56	122	1.0
57	57	6.0
57	58	1.0
57	138	1.0
57	147	1.0
57	150	1.0
58	58	3.0
58	59	2.0
58	135	1.0
58	141	1.0
58	148	1.0
58	197	1.0
59	59	4.0
59	60	1.0
59	133	1.0
59	139	1.0
59	145	1.0
59	195	1.0
60	60	5.0
60	61	1.0
60	62	1.0
60	64	2.0
60	69	1.0
60	73	1.0
60	89	1.0
60	156	1.0
60	157	1.0
61	61	2.0
61	62	1.0
61	73	2.0
61	114	1.0
61	119	1.0
61	123	1.0
61	149	1.0
61	156	1.0
62	62	2.0
62	63	3.0
62	64	1.0
62	132	1.0
62	137	1.0
63	63	3.0
63	64	1.0
63	87	2.0
63	88	1.0
63	112	1.0
63	115	1.0
63	123	1.0
63	124	1.0
64	64	6.0
64	65	1.0
64	66	1.0
64	78	1.0
64	88	1.0
65	65	4.0
65	68	2.0
66	66	4.0
66	67	4.0
66	68	1.0
66	70	1.0
66	79	1.0
66	119	1.0
67	67	2.0
67	68	1.0
67	71	1.0
67	75	1.0
67	128	1.0
68	68	5.0
68	71	1.0
68	79	2.0
68	83	1.0
68	130	2.0
69	69	1.0
69	87	1.0
69	110	2.0
70	70	2.0
70	80	1.0
70	82	1.0
70	87	1.0
71	71	4.0
71	72	3.0
71	80	1.0
71	87	1.0
71	88	1.0
71	119	1.0
71	170	1.0
72	72	7.0
72	132	1.0
72	133	1.0
73	73	4.0
73	82	1.0
73	87	2.0
74	81	1.0
74	84	1.0
74	89	2.0
74	98	2.0
75	98	1.0
75	109	1.0
75	160	1.0
76	76	2.0
76	109	2.0
76	165	1.0
76	166	1.0
77	77	1.0
77	78	2.0
78	78	1.0
78	80	1.0
78	98	1.0
78	108	1.0
78	109	1.0
79	79	2.0
80	80	1.0
80	89	1.0
81	81	2.0
82	82	2.0
82	83	3.0
82	109	1.0
83	83	4.0
83	108	1.0
84	84	3.0
84	85	2.0
85	108	1.0
85	117	3.0
85	143	1.0
86	86	3.0
86	87	1.0
86	88	1.0
86	90	1.0
87	87	4.0
87	88	1.0
88	88	1.0
89	89	1.0
89	93	1.0
90	90	1.0
93	93	1.0
93	95	1.0
93	120	2.0
94	94	1.0
94	104	1.0
94	162	1.0
94	179	1.0
95	95	4.0
95	96	1.0
95	106	1.0
95	107	1.0
96	96	2.0
96	97	1.0
96	98	2.0
96	102	1.0
96	164	1.0
97	97	3.0
97	98	1.0
97	111	1.0
97	169	1.0
98	98	4.0
98	101	1.0
98	102	3.0
98	106	1.0
98	107	1.0
98	110	1.0
98	111	1.0
99	99	3.0
99	100	4.0
99	107	1.0
100	100	2.0
100	101	1.0
100	103	1.0
100	107	1.0
101	101	2.0
101	102	2.0
101	105	1.0
102	102	2.0
102	107	1.0
102	113	1.0
103	103	3.0
103	104	2.0
103	132	1.0
104	104	4.0
104	105	1.0
104	106	1.0
105	105	2.0
105	106	1.0
105	111	1.0
105	112	1.0
105	118	1.0
105	132	1.0
106	106	4.0
106	110	1.0
106	117	1.0
106	144	1.0
106	145	1.0
107	107	1.0
107	108	3.0
107	112	2.0
107	167	1.0
107	191	2.0
108	108	6.0
108	111	2.0
109	109	1.0
109	110	3.0
110	110	3.0
110	111	2.0
110	146	1.0
111	111	3.0
111	118	1.0
111	150	1.0
112	112	5.0
112	113	3.0
112	142	1.0
112	193	1.0
113	113	3.0
113	114	3.0
113	115	1.0
113	116	1.0
113	118	2.0
113	119	1.0
113	123	1.0
113	131	1.0
113	149	1.0
113	170	1.0
114	114	5.0
114	115	3.0
114	126	1.0
114	130	1.0
114	149	2.0
114	159	2.0
115	115	7.0
115	116	1.0
115	118	1.0
115	159	1.0
115	182	2.0
116	116	4.0
116	119	2.0
116	120	1.0
116	141	1.0
116	143	1.0
116	144	1.0
116	191	1.0
117	117	3.0
117	118	5.0
118	118	4.0
118	122	1.0
118	160	1.0
118	166	2.0
118	172	1.0
119	119	6.0
119	120	1.0
119	172	1.0
120	120	2.0
120	123	1.0
121	121	4.0
121	122	1.0
121	177	1.0
121	180	1.0
121	186	1.0
122	122	3.0
122	176	1.0
122	177	1.0
122	178	1.0
123	123	5.0
123	147	1.0
123	180	1.0
123	184	1.0
124	124	3.0
124	160	1.0
124	175	1.0
125	125	2.0
125	126	3.0
125	127	2.0
125	130	1.0
125	160	2.0
125	187	1.0
126	126	6.0
126	130	1.0
126	140	1.0
127	127	4.0
127	128	2.0
128	128	1.0
128	134	1.0
128	136	1.0
128	194	1.0
129	129	4.0
129	130	1.0
129	141	1.0
129	194	2.0
130	130	3.0
130	132	1.0
130	140	1.0
130	141	1.0
130	159	1.0
131	131	5.0
131	134	2.0
131	137	1.0
131	151	1.0
131	159	1.0
131	187	1.0
132	132	3.0
132	133	2.0
133	133	2.0
133	134	1.0
133	156	1.0
133	157	1.0
133	161	1.0
133	170	1.0
134	134	5.0
134	135	2.0
134	137	1.0
135	135	5.0
135	136	3.0
135	137	2.0
135	138	1.0
135	139	2.0
135	145	1.0
136	136	5.0
136	138	1.0
136	139	2.0
136	143	1.0
137	137	1.0
137	138	2.0
137	140	1.0
137	176	1.0
137	189	2.0
138	138	3.0
138	143	1.0
138	147	1.0
138	151	1.0
138	174	1.0
138	179	1.0
138	182	1.0
138	190	1.0
139	139	2.0
139	140	3.0
139	141	1.0
139	171	1.0
139	172	2.0
139	190	1.0
140	140	3.0
141	141	1.0
141	142	1.0
141	157	2.0
141	186	1.0
142	142	9.0
142	143	3.0
142	170	1.0
143	143	2.0
143	144	3.0
143	167	1.0
143	169	1.0
143	173	1.0
143	182	1.0
143	183	1.0
144	144	4.0
144	145	2.0
144	148	1.0
144	154	1.0
144	166	1.0
145	145	3.0
145	146	1.0
145	147	1.0
146	146	3.0
146	159	1.0
146	160	1.0
146	193	1.0
147	147	1.0
147	148	2.0
147	149	2.0
147	159	1.0
147	180	1.0
147	190	1.0
147	193	1.0
148	148	1.0
148	162	1.0
149	149	5.0
149	182	1.0
149	186	1.0
150	150	5.0
151	151	1.0
151	152	3.0
151	153	1.0
151	154	1.0
151	190	1.0
152	152	3.0
152	173	1.0
153	153	2.0
153	154	1.0
153	176	1.0
154	154	1.0
154	155	1.0
154	165	1.0
154	175	1.0
154	190	1.0
155	156	2.0
155	191	1.0
156	156	6.0
156	157	3.0
156	168	1.0
156	179	1.0
156	192	1.0
157	157	1.0
157	158	1.0
157	168	1.0
158	158	4.0
158	159	2.0
158	168	1.0
158	176	1.0
158	177	1.0
158	179	1.0
158	180	1.0
159	159	3.0
160	160	5.0
160	161	1.0
160	191	1.0
160	193	1.0
161	161	4.0
161	163	2.0
162	162	2.0
162	163	1.0
162	164	1.0
163	163	3.0
163	164	2.0
164	164	1.0
164	168	1.0
164	173	1.0
165	165	2.0
165	166	1.0
165	188	1.0
165	191	1.0
166	166	2.0
167	167	1.0
167	168	1.0
168	168	4.0
168	169	1.0
168	170	1.0
168	172	1.0
169	169	4.0
169	170	2.0
169	172	1.0
170	170	5.0
170	171	3.0
170	172	1.0
171	171	2.0
171	172	2.0
172	172	1.0
173	173	5.0
173	174	2.0
174	174	3.0
174	175	2.0
174	180	1.0
175	175	4.0
175	181	1.0
176	176	3.0
177	177	5.0
177	182	1.0
177	192	2.0
178	178	3.0
178	179	1.0
179	179	2.0
179	180	1.0
179	181	2.0
179	193	1.0
179	197	1.0
180	180	5.0
180	181	1.0
181	181	4.0
181	182	2.0
181	184	1.0
182	182	1.0
182	186	1.0
182	187	1.0
183	183	5.0
183	184	2.0
183	187	1.0
183	189	1.0
183	190	1.0
183	194	1.0
184	184	6.0
185	185	5.0
185	186	2.0
186	186	4.0
186	188	1.0
187	187	3.0
187	188	3.0
187	190	1.0
187	197	1.0
188	188	4.0
188	190	2.0
189	189	5.0
189	190	1.0
189	197	1.0
190	190	3.0
190	193	1.0
191	191	2.0
191	192	3.0
192	192	3.0
193	193	4.0
193	194	4.0
193	195	1.0
194	194	6.0
194	195	2.0
195	195	1.0
196	196	3.0
197	197	3.0
0	1	1.0
0	3	1.0
0	7	1.0
0	0	3.0
