1	1	12.0
1	9	1.0
2	2	4.0
2	3	4.0
2	9	1.0
2	26	1.0
3	3	3.0
3	4	3.0
3	6	1.0
3	16	1.0
3	146	1.0
4	4	7.0
4	5	1.0
5	5	8.0
5	6	1.0
5	7	1.0
5	240	1.0
6	6	3.0
6	7	1.0
6	8	1.0
6	18	1.0
6	47	1.0
7	7	11.0
7	17	1.0
7	43	1.0
7	44	1.0
7	46	1.0
8	8	15.0
8	16	1.0
8	34	1.0
8	53	1.0
8	213	1.0
9	9	13.0
9	12	1.0
9	16	2.0
9	26	1.0
9	43	1.0
9	152	2.0
10	10	8.0
10	11	1.0
10	17	1.0
10	35	1.0
10	46	1.0
10	174	1.0
11	11	8.0
11	12	1.0
11	36	1.0
11	46	1.0
11	53	1.0
11	167	1.0
12	12	8.0
12	202	1.0
13	13	1.0
13	14	3.0
13	47	1.0
13	62	1.0
14	14	11.0
14	15	1.0
14	47	1.0
14	54	1.0
14	196	1.0
14	244	3.0
15	15	8.0
15	16	2.0
15	206	1.0
16	16	11.0
16	17	1.0
17	17	2.0
17	18	3.0
17	19	4.0
17	44	2.0
18	18	10.0
18	19	1.0
18	21	1.0
18	30	1.0
18	41	1.0
19	19	12.0
19	20	1.0
19	43	1.0
19	201	1.0
20	20	12.0
20	21	2.0
20	31	1.0
20	45	1.0
20	150	2.0
20	158	1.0
20	160	1.0
21	21	11.0
21	22	1.0
21	23	3.0
21	44	1.0
21	59	1.0
22	22	9.0
22	23	2.0
23	23	9.0
23	24	3.0
23	42	1.0
23	46	1.0
23	156	1.0
24	24	7.0
24	41	2.0
24	152	1.0
25	25	11.0
25	42	1.0
25	173	1.0
26	26	13.0
26	27	3.0
26	28	2.0
26	155	1.0
27	27	11.0
27	28	1.0
27	85	1.0
27	153	1.0
28	28	13.0
29	29	4.0
29	30	2.0
29	31	1.0
30	30	14.0
30	31	3.0
30	95	2.0
31	31	7.0
31	32	1.0
31	64	1.0
31	67	1.0
31	101	1.0
32	32	13.0
32	54	1.0
33	33	11.0
33	34	1.0
33	36	1.0
33	42	1.0
34	34	7.0
34	35	2.0
34	38	1.0
35	35	5.0
35	36	2.0
35	37	1.0
35	38	1.0
35	59	1.0
35	151	2.0
35	155	1.0
36	36	7.0
36	37	1.0
36	39	1.0
36	41	1.0
36	61	1.0
36	108	1.0
37	37	12.0
37	38	3.0
37	39	1.0
37	56	1.0
37	86	1.0
37	118	1.0
37	220	1.0
38	38	3.0
38	39	5.0
38	55	1.0
38	181	1.0
39	39	11.0
39	40	2.0
39	41	1.0
39	43	1.0
39	151	1.0
40	40	12.0
40	41	3.0
40	43	1.0
40	44	1.0
40	111	1.0
40	234	1.0
41	41	8.0
41	44	1.0
41	54	1.0
41	184	1.0
42	42	8.0
42	43	4.0
42	53	1.0
42	204	1.0
42	206	1.0
43	43	7.0
43	44	2.0
44	44	8.0
44	45	2.0
44	54	1.0
45	45	11.0
45	46	1.0
45	47	1.0
45	114	1.0
46	46	8.0
46	54	2.0
46	55	1.0
46	101	1.0
46	229	3.0
46	246	1.0
47	47	8.0
47	48	1.0
47	50	3.0
47	228	1.0
47	237	1.0
48	48	12.0
48	49	1.0
48	51	1.0
48	68	1.0
49	49	9.0
49	50	3.0
49	60	1.0
49	70	1.0
49	73	1.0
50	50	4.0
50	51	1.0
50	82	1.0
50	115	1.0
51	51	9.0
51	52	2.0
52	52	14.0
52	53	3.0
52	54	1.0
52	153	1.0
53	53	13.0
53	54	2.0
53	112	1.0
53	150	1.0
54	54	7.0
54	55	1.0
54	110	1.0
54	111	1.0
54	112	1.0
54	149	1.0
54	157	1.0
55	55	12.0
55	57	1.0
55	59	1.0
55	60	2.0
55	62	2.0
55	71	2.0
55	72	1.0
55	90	1.0
56	56	6.0
56	57	2.0
56	58	2.0
56	61	1.0
57	57	13.0
57	58	2.0
57	59	1.0
57	61	1.0
57	69	1.0
57	73	1.0
57	82	1.0
57	98	1.0
58	58	6.0
58	59	1.0
58	62	1.0
58	118	1.0
59	59	11.0
59	60	3.0
59	66	1.0
59	68	1.0
59	85	3.0
59	150	1.0
60	60	10.0
60	61	2.0
60	62	2.0
60	69	2.0
60	70	1.0
60	85	1.0
60	86	1.0
61	61	8.0
61	62	2.0
61	66	1.0
61	67	1.0
61	70	1.0
61	73	1.0
61	119	1.0
61	150	1.0
62	62	6.0
62	63	1.0
62	65	1.0
62	67	1.0
62	72	2.0
62	73	1.0
62	77	1.0
62	88	1.0
62	100	1.0
62	119	1.0
63	63	7.0
63	64	1.0
63	86	1.0
63	100	2.0
63	152	1.0
63	168	1.0
63	219	1.0
63	230	2.0
64	64	8.0
64	66	1.0
64	85	1.0
64	88	1.0
64	110	1.0
64	152	1.0
64	218	1.0
65	65	8.0
65	66	1.0
65	70	1.0
65	90	1.0
65	103	1.0
65	230	1.0
66	66	15.0
66	67	2.0
66	68	2.0
66	69	2.0
66	74	1.0
66	91	1.0
66	177	1.0
67	67	8.0
67	69	1.0
67	73	1.0
67	90	1.0
67	97	1.0
67	100	1.0
67	211	1.0
68	68	14.0
68	69	1.0
68	75	1.0
68	153	1.0
69	69	10.0
69	97	1.0
69	101	1.0
69	103	1.0
69	210	1.0
70	70	5.0
70	77	1.0
70	118	1.0
70	119	1.0
70	207	1.0
71	71	4.0
71	72	1.0
71	73	1.0
71	77	1.0
71	91	1.0
71	92	1.0
72	72	7.0
72	83	1.0
72	90	1.0
72	96	1.0
73	73	6.0
73	74	2.0
73	75	1.0
73	152	1.0
74	74	4.0
74	75	4.0
74	97	1.0
75	75	5.0
75	76	5.0
75	77	2.0
75	78	1.0
75	103	3.0
76	76	6.0
76	77	1.0
76	79	1.0
76	81	1.0
76	95	1.0
76	115	1.0
77	77	8.0
77	96	2.0
77	109	1.0
77	213	1.0
78	78	7.0
78	79	2.0
78	108	1.0
78	147	1.0
78	168	1.0
78	180	1.0
79	79	4.0
79	81	1.0
79	94	1.0
79	106	1.0
79	116	1.0
79	118	1.0
80	80	5.0
80	81	2.0
80	87	1.0
80	197	1.0
81	81	9.0
81	82	2.0
81	84	1.0
81	104	1.0
81	177	1.0
82	82	6.0
82	83	2.0
82	84	1.0
82	86	1.0
82	95	1.0
82	102	1.0
82	106	1.0
82	115	1.0
83	83	6.0
83	84	1.0
83	86	1.0
83	88	1.0
83	102	1.0
83	115	1.0
84	84	8.0
84	85	2.0
84	88	1.0
84	115	1.0
85	85	10.0
85	86	1.0
85	89	1.0
85	90	1.0
85	111	1.0
86	86	9.0
86	87	1.0
86	93	1.0
86	100	1.0
86	153	1.0
86	183	1.0
87	87	5.0
87	88	3.0
87	89	3.0
87	90	2.0
87	91	1.0
87	191	1.0
88	88	6.0
88	89	2.0
88	90	1.0
88	148	1.0
89	89	6.0
89	91	2.0
89	92	1.0
89	95	2.0
89	96	1.0
89	151	1.0
89	158	1.0
90	90	11.0
90	91	1.0
90	93	1.0
90	95	1.0
91	91	5.0
91	92	1.0
91	94	1.0
92	92	9.0
92	95	1.0
92	236	1.0
93	93	8.0
93	94	1.0
93	104	1.0
93	145	1.0
94	94	10.0
94	162	1.0
95	95	11.0
95	96	1.0
95	97	1.0
95	175	1.0
96	96	9.0
96	97	3.0
96	98	1.0
96	170	1.0
97	97	9.0
97	98	1.0
97	100	1.0
97	103	1.0
97	107	1.0
98	98	2.0
98	102	1.0
98	104	1.0
98	114	1.0
99	99	6.0
100	100	7.0
100	101	1.0
100	150	1.0
100	151	1.0
100	158	1.0
100	211	2.0
100	219	1.0
101	101	9.0
101	151	1.0
102	102	11.0
102	103	1.0
102	104	1.0
102	107	1.0
102	108	1.0
102	152	1.0
103	103	2.0
103	105	1.0
104	104	6.0
104	105	3.0
104	118	1.0
105	105	6.0
105	106	1.0
106	106	2.0
106	107	1.0
106	108	3.0
106	109	2.0
106	112	1.0
106	114	1.0
106	186	1.0
107	107	7.0
107	114	1.0
108	108	3.0
108	109	1.0
108	117	1.0
109	109	3.0
109	110	3.0
109	157	1.0
110	110	12.0
110	111	1.0
110	112	1.0
110	113	2.0
110	153	1.0
110	183	1.0
111	111	12.0
111	112	1.0
111	113	1.0
111	212	1.0
112	112	10.0
112	113	1.0
112	162	1.0
112	175	1.0
113	113	5.0
113	114	1.0
113	115	1.0
113	156	2.0
113	162	1.0
113	163	2.0
113	165	1.0
113	167	1.0
114	114	8.0
114	115	2.0
114	116	1.0
114	200	3.0
115	115	6.0
115	116	3.0
116	116	8.0
116	117	1.0
116	118	2.0
116	119	1.0
116	188	1.0
117	117	7.0
117	118	1.0
118	118	9.0
118	119	5.0
119	119	4.0
119	120	2.0
119	214	1.0
120	120	2.0
143	187	1.0
144	145	1.0
144	229	1.0
145	145	7.0
146	146	2.0
146	147	1.0
146	193	1.0
147	147	4.0
147	235	1.0
149	149	2.0
149	150	3.0
150	150	11.0
150	151	2.0
151	151	10.0
151	156	1.0
152	152	9.0
152	153	2.0
152	154	1.0
152	158	1.0
152	205	1.0
152	208	1.0
153	153	16.0
153	154	2.0
153	155	1.0
154	154	13.0
154	155	1.0
154	182	1.0
154	205	1.0
155	155	13.0
156	156	15.0
156	157	3.0
156	180	1.0
157	157	5.0
157	158	1.0
157	159	2.0
157	160	2.0
157	167	2.0
157	171	1.0
157	200	1.0
157	212	1.0
157	236	1.0
157	243	1.0
157	244	1.0
158	158	10.0
158	159	6.0
158	198	2.0
158	199	1.0
158	213	1.0
158	218	1.0
159	159	9.0
159	171	1.0
159	172	1.0
159	197	1.0
159	214	1.0
159	225	1.0
159	240	1.0
159	244	1.0
160	160	7.0
160	161	2.0
160	162	1.0
160	169	1.0
160	180	1.0
160	181	1.0
160	182	1.0
160	212	1.0
160	215	1.0
160	224	1.0
160	225	2.0
160	226	1.0
161	161	4.0
161	162	3.0
161	165	1.0
161	172	1.0
161	178	1.0
161	179	2.0
161	186	1.0
161	219	1.0
161	221	1.0
162	162	9.0
162	163	4.0
162	172	1.0
162	181	1.0
162	186	1.0
162	193	1.0
162	224	1.0
163	163	8.0
163	164	2.0
163	177	1.0
163	184	1.0
163	199	1.0
163	218	1.0
163	219	1.0
164	164	6.0
164	187	1.0
164	218	1.0
164	248	1.0
165	165	10.0
165	166	3.0
165	186	1.0
165	187	2.0
165	224	1.0
165	239	1.0
166	166	9.0
166	168	1.0
166	177	1.0
166	187	1.0
166	220	1.0
166	235	2.0
166	239	1.0
166	247	1.0
167	167	11.0
167	176	1.0
167	215	1.0
167	234	1.0
167	241	1.0
168	168	11.0
168	171	1.0
168	172	1.0
168	173	1.0
168	174	1.0
168	175	1.0
168	178	1.0
168	198	1.0
168	201	1.0
168	216	1.0
169	169	7.0
169	170	1.0
169	179	1.0
169	198	1.0
169	216	1.0
170	170	7.0
170	175	1.0
170	181	1.0
170	214	1.0
170	246	1.0
170	247	1.0
171	171	5.0
171	172	3.0
171	174	1.0
171	178	1.0
171	180	1.0
171	217	1.0
172	172	7.0
172	173	3.0
172	178	1.0
172	247	1.0
173	173	9.0
173	174	1.0
173	225	1.0
174	174	7.0
174	207	1.0
174	224	1.0
174	236	1.0
175	175	3.0
175	176	1.0
175	177	1.0
176	176	5.0
176	177	7.0
176	178	1.0
176	217	1.0
176	230	1.0
177	177	9.0
177	178	2.0
177	179	1.0
178	178	7.0
178	180	1.0
178	186	1.0
178	190	1.0
178	245	2.0
179	179	5.0
179	180	5.0
179	183	1.0
179	208	1.0
179	220	1.0
179	221	1.0
180	180	13.0
180	181	1.0
180	182	1.0
180	193	1.0
180	205	1.0
180	212	2.0
180	214	1.0
180	247	1.0
181	181	13.0
181	182	3.0
181	184	1.0
181	204	1.0
181	227	1.0
181	231	1.0
182	182	7.0
182	183	1.0
182	204	1.0
183	183	12.0
183	199	1.0
183	202	1.0
183	204	2.0
183	206	1.0
183	230	1.0
183	241	1.0
184	184	14.0
184	185	3.0
184	186	2.0
184	207	1.0
184	218	1.0
185	185	2.0
185	186	2.0
185	208	1.0
185	217	1.0
185	247	1.0
186	186	9.0
186	187	1.0
186	208	2.0
186	216	1.0
187	187	3.0
187	188	2.0
187	194	1.0
187	221	1.0
188	188	6.0
188	189	1.0
188	194	1.0
189	189	3.0
189	190	2.0
189	192	1.0
189	210	1.0
189	223	1.0
190	190	5.0
190	191	2.0
190	192	1.0
190	221	1.0
190	227	1.0
191	191	4.0
191	211	1.0
192	192	7.0
192	197	1.0
192	200	1.0
192	214	1.0
192	215	2.0
192	221	1.0
192	222	1.0
192	224	1.0
192	226	1.0
192	246	1.0
193	193	7.0
193	194	1.0
193	195	1.0
193	209	1.0
193	213	1.0
193	222	1.0
193	231	1.0
193	232	1.0
194	194	3.0
194	195	1.0
194	209	1.0
194	215	2.0
194	218	1.0
194	224	1.0
194	225	1.0
194	247	1.0
195	195	5.0
195	196	1.0
195	218	1.0
195	234	1.0
196	196	5.0
196	199	1.0
196	216	1.0
196	224	1.0
196	232	2.0
197	197	6.0
197	199	1.0
197	239	1.0
197	240	1.0
197	241	1.0
197	242	1.0
198	198	13.0
198	199	3.0
198	212	1.0
198	242	1.0
199	199	7.0
199	200	1.0
199	224	1.0
199	244	2.0
199	246	1.0
200	200	10.0
200	201	3.0
200	211	1.0
200	214	1.0
200	227	1.0
200	236	1.0
200	244	1.0
201	201	15.0
201	202	3.0
201	227	1.0
202	202	6.0
202	205	2.0
203	203	9.0
203	204	2.0
204	204	14.0
204	205	3.0
204	206	1.0
204	211	1.0
204	217	1.0
204	245	1.0
205	205	14.0
205	212	1.0
205	226	1.0
205	228	2.0
206	206	6.0
206	231	2.0
207	207	10.0
207	208	1.0
207	213	1.0
207	220	1.0
207	222	1.0
207	234	1.0
208	208	4.0
208	209	6.0
208	211	1.0
208	214	1.0
208	216	1.0
208	217	1.0
208	239	1.0
209	209	9.0
209	212	2.0
209	215	1.0
209	217	1.0
209	233	1.0
209	236	1.0
209	239	1.0
210	210	8.0
210	211	3.0
210	214	1.0
210	215	1.0
211	211	8.0
211	212	1.0
211	218	1.0
211	220	1.0
212	212	6.0
212	232	1.0
213	213	7.0
213	215	1.0
213	230	1.0
213	231	1.0
213	234	1.0
214	214	9.0
214	215	4.0
214	231	1.0
214	237	2.0
215	215	5.0
215	218	1.0
215	241	1.0
216	216	9.0
216	217	1.0
216	218	1.0
216	219	2.0
217	217	6.0
217	218	2.0
218	218	5.0
218	220	1.0
218	221	1.0
218	246	1.0
219	219	7.0
219	223	1.0
219	234	1.0
219	242	1.0
220	220	13.0
220	229	1.0
220	248	2.0
221	221	14.0
221	222	2.0
221	229	1.0
222	222	8.0
222	229	1.0
223	223	10.0
223	224	1.0
223	225	1.0
223	237	1.0
223	244	1.0
224	224	9.0
224	225	1.0
224	227	2.0
224	231	1.0
225	225	8.0
225	226	1.0
225	227	1.0
225	228	1.0
225	245	1.0
226	226	11.0
226	227	2.0
226	228	1.0
226	229	1.0
226	231	1.0
227	227	5.0
227	228	2.0
227	232	1.0
227	234	1.0
228	228	4.0
228	229	2.0
228	230	2.0
228	239	1.0
228	245	1.0
228	249	1.0
229	229	16.0
229	230	2.0
230	230	1.0
230	238	1.0
231	231	11.0
231	232	1.0
232	232	3.0
232	233	4.0
232	239	1.0
232	245	3.0
233	233	6.0
233	234	4.0
233	236	1.0
234	234	10.0
234	235	5.0
234	236	1.0
235	235	11.0
235	236	1.0
236	236	7.0
236	237	2.0
237	237	3.0
238	238	5.0
238	239	4.0
238	240	1.0
239	239	7.0
239	240	1.0
239	243	1.0
239	245	1.0
240	240	5.0
240	241	6.0
240	243	1.0
241	241	8.0
241	242	2.0
241	244	1.0
242	242	4.0
242	243	2.0
242	244	1.0
243	243	5.0
243	244	2.0
243	245	1.0
244	244	8.0
244	245	1.0
244	247	1.0
245	245	11.0
245	246	3.0
245	248	1.0
246	246	8.0
246	247	2.0
246	249	1.0
247	247	6.0
247	248	1.0
248	249	1.0
249	249	2.0
0	0	1.0
