1	1	2.0
1	2	1.0
1	3	1.0
1	14	1.0
2	2	1.0
2	14	1.0
2	33	1.0
2	73	1.0
2	130	1.0
3	14	1.0
3	25	1.0
4	47	1.0
4	51	1.0
5	11	1.0
5	40	1.0
6	12	1.0
6	37	1.0
8	8	2.0
8	17	1.0
8	42	1.0
8	92	1.0
9	9	2.0
9	21	1.0
10	10	4.0
10	31	1.0
11	11	3.0
11	99	1.0
11	144	1.0
12	32	1.0
13	13	5.0
14	19	2.0
15	16	1.0
15	33	1.0
15	68	1.0
17	17	1.0
17	52	1.0
18	19	1.0
18	20	1.0
18	39	1.0
18	43	1.0
19	19	1.0
19	53	1.0
20	20	3.0
20	21	2.0
21	21	2.0
21	31	1.0
22	26	1.0
23	23	1.0
23	26	2.0
24	24	1.0
26	26	1.0
26	28	1.0
26	31	1.0
26	54	1.0
26	58	1.0
27	27	2.0
27	33	1.0
27	67	1.0
28	28	1.0
28	30	1.0
28	42	1.0
28	67	1.0
29	29	5.0
30	30	1.0
31	31	3.0
31	32	1.0
31	70	1.0
32	32	2.0
32	33	1.0
32	40	1.0
32	49	1.0
33	33	3.0
33	34	1.0
33	60	1.0
35	35	1.0
35	80	1.0
36	36	1.0
36	49	1.0
37	37	4.0
37	41	1.0
37	42	1.0
37	107	1.0
38	38	1.0
38	39	1.0
39	40	2.0
39	41	2.0
41	41	2.0
41	42	1.0
42	42	2.0
42	71	1.0
43	43	1.0
43	58	1.0
47	47	1.0
47	70	1.0
47	73	1.0
47	91	1.0
48	48	2.0
48	61	2.0
49	50	1.0
49	53	1.0
50	51	1.0
51	51	1.0
51	145	1.0
52	53	1.0
52	58	1.0
52	73	1.0
54	54	2.0
55	67	1.0
56	56	1.0
56	108	1.0
57	57	1.0
57	58	1.0
57	59	1.0
58	58	4.0
58	80	1.0
58	127	1.0
59	62	2.0
59	96	2.0
59	136	1.0
60	60	1.0
60	82	1.0
61	61	1.0
61	63	1.0
61	72	1.0
61	91	1.0
62	106	1.0
63	64	1.0
63	67	1.0
64	64	2.0
64	65	1.0
64	85	1.0
65	65	2.0
65	67	1.0
65	85	1.0
66	66	1.0
66	114	1.0
67	67	1.0
67	70	1.0
67	72	1.0
67	142	1.0
68	68	1.0
68	96	1.0
68	107	1.0
69	70	1.0
69	75	1.0
69	79	1.0
70	70	2.0
70	72	1.0
70	74	1.0
71	71	1.0
71	72	1.0
71	90	1.0
72	72	2.0
72	73	1.0
72	74	1.0
72	98	1.0
73	99	1.0
74	76	1.0
75	75	2.0
76	106	1.0
77	88	1.0
78	79	1.0
78	104	1.0
78	114	1.0
79	79	1.0
80	80	3.0
81	82	2.0
81	96	1.0
82	85	1.0
82	87	1.0
82	105	1.0
83	83	1.0
84	84	1.0
85	86	1.0
86	92	1.0
88	88	2.0
88	89	1.0
88	106	1.0
89	89	2.0
89	94	1.0
89	113	1.0
89	131	1.0
90	90	1.0
90	91	3.0
91	108	1.0
92	92	1.0
92	93	1.0
93	93	1.0
93	115	1.0
94	94	1.0
95	95	3.0
95	102	1.0
96	108	1.0
97	97	1.0
97	107	2.0
98	98	1.0
98	105	1.0
98	108	1.0
100	100	2.0
101	101	2.0
101	124	1.0
102	102	4.0
103	103	1.0
103	131	1.0
103	144	2.0
104	104	2.0
105	105	1.0
106	109	1.0
107	107	1.0
107	112	1.0
107	126	1.0
107	140	1.0
108	108	1.0
108	109	1.0
109	109	2.0
109	120	1.0
110	110	1.0
111	111	1.0
113	113	1.0
113	114	1.0
113	118	1.0
114	114	1.0
116	116	1.0
116	132	1.0
117	117	1.0
117	118	3.0
117	119	1.0
120	120	1.0
120	121	1.0
121	121	1.0
121	136	1.0
123	124	1.0
123	133	1.0
124	124	1.0
124	125	1.0
125	125	1.0
125	126	1.0
125	131	1.0
127	128	1.0
127	129	1.0
127	130	1.0
127	138	1.0
128	128	1.0
128	133	1.0
129	129	1.0
130	130	2.0
131	131	1.0
132	136	1.0
133	133	1.0
133	134	1.0
133	137	1.0
134	134	2.0
134	135	2.0
135	135	3.0
136	136	1.0
136	137	1.0
136	138	1.0
137	137	2.0
140	140	3.0
140	141	1.0
141	141	2.0
142	142	6.0
142	144	1.0
143	143	5.0
144	144	5.0
145	145	3.0
146	146	3.0
0	1	1.0
0	93	1.0
