1	1	1.0
1	5	1.0
1	155	1.0
2	2	3.0
2	3	1.0
2	43	1.0
3	3	2.0
3	42	1.0
3	57	1.0
4	4	1.0
4	6	1.0
4	33	1.0
4	41	1.0
5	5	3.0
6	6	3.0
7	7	1.0
7	14	1.0
7	82	1.0
8	8	1.0
8	9	1.0
9	9	1.0
9	126	1.0
10	10	2.0
10	11	1.0
10	14	1.0
10	29	1.0
10	70	1.0
10	79	1.0
11	13	1.0
11	83	1.0
13	13	1.0
13	14	1.0
14	14	1.0
15	128	1.0
16	17	1.0
16	20	1.0
16	122	1.0
17	17	2.0
17	18	1.0
17	19	1.0
18	18	1.0
18	19	1.0
18	20	1.0
19	19	1.0
19	20	1.0
19	46	1.0
19	111	1.0
20	48	1.0
20	94	1.0
21	21	3.0
21	22	1.0
21	39	1.0
21	43	1.0
21	103	1.0
22	22	4.0
22	23	1.0
23	23	10.0
23	30	1.0
23	80	1.0
24	24	2.0
24	64	1.0
25	25	2.0
25	73	1.0
25	135	1.0
27	27	1.0
27	37	1.0
27	64	2.0
27	71	1.0
28	28	2.0
28	37	1.0
28	39	1.0
28	131	1.0
29	29	3.0
29	31	1.0
30	30	1.0
30	36	1.0
30	38	2.0
31	31	1.0
31	32	1.0
31	34	1.0
31	41	2.0
31	101	1.0
32	32	1.0
32	33	2.0
32	34	1.0
33	33	1.0
33	72	1.0
34	36	1.0
34	42	1.0
35	49	1.0
35	92	1.0
35	127	1.0
36	36	1.0
36	37	3.0
36	38	2.0
36	105	1.0
37	37	2.0
38	38	2.0
38	39	1.0
38	43	1.0
38	118	1.0
39	39	1.0
39	132	1.0
40	40	2.0
40	41	1.0
40	42	1.0
40	61	1.0
41	41	7.0
41	44	1.0
41	46	1.0
41	139	1.0
42	42	3.0
42	43	1.0
42	44	1.0
42	85	1.0
43	43	1.0
43	44	2.0
43	47	1.0
44	44	7.0
45	45	5.0
45	103	1.0
45	104	1.0
46	46	3.0
47	47	4.0
47	152	1.0
48	48	2.0
48	49	1.0
48	78	1.0
48	106	1.0
49	49	4.0
49	55	1.0
49	114	1.0
50	50	4.0
50	51	3.0
51	51	1.0
52	52	2.0
52	71	1.0
52	125	1.0
54	54	1.0
54	55	1.0
54	131	1.0
55	55	1.0
55	71	1.0
56	56	2.0
56	64	1.0
61	61	1.0
61	64	1.0
63	63	2.0
63	71	1.0
65	65	2.0
65	70	1.0
66	66	2.0
66	71	2.0
66	127	1.0
66	140	1.0
66	150	1.0
67	67	3.0
67	68	2.0
67	129	1.0
68	68	4.0
68	70	1.0
68	71	2.0
69	69	2.0
70	70	5.0
70	71	1.0
70	126	1.0
71	71	1.0
71	73	1.0
71	126	1.0
71	152	1.0
72	72	1.0
73	73	3.0
75	75	3.0
75	76	1.0
75	126	1.0
76	77	1.0
77	77	1.0
77	78	1.0
77	88	1.0
78	78	3.0
78	81	1.0
78	85	1.0
78	88	1.0
78	89	1.0
79	79	3.0
80	80	1.0
80	81	1.0
80	89	1.0
80	90	1.0
80	122	1.0
81	81	2.0
81	82	1.0
81	148	1.0
82	82	1.0
83	83	2.0
83	92	1.0
83	139	1.0
84	84	3.0
84	108	1.0
84	116	1.0
85	85	2.0
85	86	3.0
86	86	6.0
86	124	1.0
86	126	1.0
87	87	2.0
87	124	1.0
87	125	1.0
87	130	1.0
88	88	5.0
88	113	1.0
89	90	1.0
90	90	2.0
90	91	1.0
90	97	1.0
91	91	3.0
91	92	2.0
92	95	1.0
92	142	1.0
92	157	1.0
93	93	2.0
93	95	1.0
93	96	1.0
93	117	1.0
93	147	1.0
94	94	3.0
94	96	1.0
94	98	1.0
94	123	1.0
94	127	1.0
95	95	2.0
95	96	1.0
96	96	1.0
96	153	1.0
97	97	2.0
97	148	1.0
98	98	3.0
99	99	2.0
100	100	2.0
101	101	4.0
102	105	1.0
103	103	2.0
103	115	1.0
104	104	3.0
104	115	1.0
105	105	5.0
105	106	2.0
105	107	1.0
105	150	1.0
106	106	1.0
106	107	1.0
106	114	1.0
106	137	1.0
106	148	1.0
107	107	1.0
107	111	1.0
108	108	1.0
108	110	1.0
108	147	1.0
109	109	1.0
110	110	2.0
111	111	1.0
111	112	1.0
112	120	1.0
112	136	1.0
112	141	1.0
113	113	1.0
113	115	1.0
113	120	1.0
114	114	1.0
115	116	2.0
116	116	3.0
117	117	3.0
117	118	1.0
117	121	1.0
118	118	4.0
119	119	4.0
120	120	6.0
120	148	1.0
121	121	1.0
121	123	1.0
122	122	3.0
122	123	1.0
123	123	1.0
123	142	1.0
123	154	1.0
124	124	1.0
125	125	2.0
125	126	1.0
126	126	1.0
127	127	6.0
128	128	2.0
129	129	6.0
129	138	1.0
129	141	1.0
129	156	1.0
130	130	2.0
130	131	1.0
131	131	3.0
132	132	6.0
132	133	2.0
133	133	2.0
133	135	1.0
134	134	4.0
134	135	1.0
134	158	1.0
135	135	4.0
135	139	1.0
136	136	3.0
136	157	1.0
136	159	1.0
137	137	5.0
137	140	1.0
138	138	1.0
139	139	2.0
139	142	1.0
139	149	1.0
140	140	5.0
141	141	2.0
141	143	1.0
142	142	4.0
142	148	1.0
144	144	1.0
145	145	1.0
146	146	1.0
147	147	1.0
147	148	2.0
148	148	3.0
148	149	1.0
148	150	1.0
148	155	1.0
149	149	3.0
151	155	1.0
152	152	3.0
152	153	1.0
153	153	3.0
153	158	1.0
154	154	3.0
154	155	2.0
155	155	3.0
156	156	3.0
157	157	2.0
158	158	2.0
0	1	1.0
0	3	1.0
0	4	1.0
0	31	1.0
