1	1	6.0
1	17	1.0
1	40	1.0
1	51	1.0
2	2	7.0
2	15	1.0
3	3	2.0
4	4	4.0
5	5	5.0
5	6	2.0
5	11	2.0
6	6	5.0
7	7	2.0
7	8	1.0
7	10	1.0
7	18	1.0
7	19	1.0
8	8	2.0
8	19	1.0
8	20	1.0
8	46	1.0
9	9	2.0
9	12	1.0
9	21	1.0
9	53	1.0
10	10	3.0
10	55	1.0
11	11	3.0
11	17	1.0
12	12	8.0
12	13	2.0
12	23	1.0
13	13	1.0
14	14	2.0
14	15	2.0
14	19	1.0
14	40	1.0
15	15	5.0
15	16	1.0
15	17	1.0
16	16	3.0
16	17	1.0
17	17	1.0
17	24	1.0
17	54	1.0
18	18	5.0
18	39	1.0
18	49	1.0
18	59	1.0
19	19	3.0
19	39	1.0
19	58	1.0
20	23	1.0
21	21	1.0
21	44	1.0
22	24	1.0
22	53	1.0
23	23	2.0
23	54	1.0
24	29	1.0
28	28	2.0
28	29	1.0
28	57	1.0
29	29	4.0
29	30	2.0
29	31	3.0
29	35	1.0
29	53	1.0
29	54	1.0
30	30	1.0
30	31	1.0
30	32	1.0
30	38	1.0
31	31	3.0
31	33	1.0
31	35	1.0
31	45	1.0
32	32	1.0
32	33	1.0
33	33	3.0
33	34	2.0
33	55	1.0
33	59	1.0
34	34	1.0
34	35	2.0
34	36	1.0
34	54	1.0
35	35	2.0
35	40	1.0
36	36	2.0
36	37	1.0
36	38	1.0
36	41	1.0
36	55	1.0
37	38	1.0
37	54	1.0
37	58	1.0
38	38	5.0
38	39	2.0
38	53	1.0
38	54	1.0
39	39	6.0
39	48	1.0
40	40	2.0
40	41	3.0
40	42	1.0
41	41	3.0
41	55	1.0
42	42	4.0
42	43	2.0
42	44	1.0
42	45	1.0
42	50	1.0
43	44	1.0
44	44	2.0
44	45	1.0
45	47	1.0
45	50	1.0
45	51	1.0
46	46	2.0
46	47	1.0
47	47	5.0
47	48	1.0
48	48	4.0
48	49	1.0
48	56	1.0
49	49	4.0
49	56	1.0
50	50	6.0
51	51	1.0
51	52	1.0
51	56	1.0
52	52	1.0
52	53	2.0
53	53	2.0
53	54	1.0
54	54	2.0
55	55	2.0
56	56	6.0
56	57	2.0
57	57	5.0
57	58	1.0
58	58	3.0
59	59	1.0
0	0	1.0
