1	1	3.0
2	2	3.0
2	3	3.0
2	7	3.0
3	4	1.0
3	7	1.0
3	9	1.0
3	28	1.0
4	6	1.0
5	5	3.0
5	6	1.0
5	67	1.0
6	6	3.0
6	7	1.0
6	17	1.0
6	18	1.0
8	9	2.0
9	9	3.0
9	11	1.0
10	10	1.0
10	11	2.0
10	33	1.0
11	13	1.0
11	44	1.0
12	12	1.0
12	15	1.0
12	23	1.0
13	13	2.0
13	17	1.0
13	42	1.0
13	66	1.0
14	14	2.0
15	15	3.0
15	25	1.0
16	16	3.0
17	18	1.0
18	21	1.0
18	53	1.0
19	24	1.0
20	30	1.0
24	24	1.0
26	26	3.0
27	27	1.0
29	29	1.0
31	32	1.0
31	36	1.0
31	38	1.0
31	52	1.0
32	32	1.0
32	33	1.0
32	57	1.0
33	33	1.0
33	39	1.0
33	42	1.0
33	52	1.0
34	34	1.0
34	43	1.0
35	35	1.0
35	62	1.0
36	38	1.0
36	65	1.0
37	37	1.0
37	38	1.0
37	59	1.0
38	38	3.0
38	39	1.0
38	41	1.0
38	66	1.0
39	39	1.0
39	40	1.0
39	41	1.0
39	56	1.0
40	40	2.0
41	41	1.0
41	45	1.0
41	61	1.0
41	62	1.0
42	42	2.0
42	82	1.0
43	44	1.0
45	45	2.0
49	54	1.0
50	50	2.0
50	103	1.0
51	60	1.0
51	87	1.0
51	94	1.0
51	104	1.0
52	52	1.0
52	89	1.0
53	53	2.0
53	72	1.0
53	112	1.0
54	54	3.0
54	56	1.0
54	60	1.0
54	73	1.0
54	79	1.0
54	80	1.0
55	55	6.0
55	94	1.0
55	112	1.0
56	56	2.0
56	57	1.0
56	110	1.0
57	72	1.0
59	120	1.0
60	60	1.0
61	63	1.0
63	63	1.0
65	65	3.0
66	67	1.0
66	71	1.0
67	67	1.0
67	72	1.0
67	97	1.0
67	108	1.0
67	149	1.0
68	68	1.0
68	89	1.0
70	72	1.0
71	71	3.0
71	134	1.0
72	72	2.0
72	89	1.0
72	98	1.0
73	73	1.0
73	74	1.0
73	76	1.0
73	86	1.0
73	87	1.0
73	89	1.0
73	93	1.0
74	74	5.0
74	77	1.0
74	163	1.0
75	122	1.0
75	149	1.0
76	76	3.0
77	77	1.0
78	112	1.0
78	180	1.0
79	79	1.0
79	136	1.0
79	177	1.0
79	180	1.0
80	80	2.0
80	135	1.0
81	81	4.0
81	82	2.0
82	82	3.0
83	85	1.0
84	84	2.0
85	90	1.0
86	96	1.0
87	87	2.0
87	90	1.0
87	102	1.0
88	89	1.0
88	130	1.0
88	133	1.0
89	89	1.0
90	90	1.0
90	96	1.0
91	91	1.0
91	92	1.0
91	111	1.0
93	93	1.0
93	99	1.0
94	95	1.0
94	98	1.0
94	108	1.0
94	119	1.0
95	96	1.0
96	97	1.0
97	97	1.0
98	98	1.0
99	99	2.0
99	100	1.0
99	109	1.0
100	100	1.0
100	101	1.0
101	101	1.0
101	136	1.0
103	103	2.0
103	125	1.0
105	106	2.0
106	106	1.0
106	109	1.0
106	131	1.0
107	107	5.0
107	108	1.0
107	109	1.0
107	136	1.0
107	147	1.0
108	108	1.0
108	109	1.0
108	111	1.0
109	117	1.0
110	110	1.0
110	111	1.0
110	137	1.0
112	112	2.0
112	122	1.0
112	136	1.0
112	172	1.0
113	117	1.0
113	119	1.0
113	136	1.0
114	129	1.0
115	117	1.0
117	117	3.0
118	118	4.0
118	124	1.0
119	119	2.0
119	144	1.0
120	120	1.0
120	126	1.0
121	121	1.0
121	144	1.0
121	163	1.0
122	122	3.0
122	123	1.0
122	145	1.0
123	123	3.0
123	174	1.0
124	124	1.0
124	125	2.0
126	126	1.0
126	142	1.0
126	144	1.0
127	127	2.0
128	152	1.0
129	129	1.0
129	144	1.0
130	130	1.0
130	131	1.0
130	154	1.0
131	131	1.0
133	133	3.0
133	148	1.0
134	134	2.0
135	135	2.0
135	136	1.0
135	159	1.0
136	136	2.0
136	141	2.0
136	143	1.0
136	144	1.0
136	150	1.0
136	151	1.0
136	175	1.0
138	138	2.0
138	141	1.0
138	142	1.0
138	169	1.0
139	150	1.0
139	171	1.0
140	140	2.0
140	141	1.0
140	142	1.0
140	153	1.0
140	171	1.0
140	178	1.0
141	144	1.0
141	177	1.0
142	142	3.0
142	143	1.0
143	143	1.0
143	145	1.0
143	164	1.0
143	174	1.0
144	144	1.0
144	166	1.0
144	168	1.0
144	177	1.0
145	145	1.0
145	149	1.0
145	155	1.0
145	159	1.0
145	160	1.0
145	167	1.0
145	169	1.0
146	146	2.0
146	147	1.0
146	148	1.0
146	155	1.0
146	179	1.0
148	148	5.0
148	149	1.0
148	169	1.0
148	175	1.0
149	149	3.0
149	150	1.0
149	154	2.0
149	175	1.0
150	150	1.0
151	151	5.0
151	155	1.0
151	156	1.0
151	160	1.0
152	152	1.0
153	153	6.0
153	156	1.0
153	157	1.0
153	175	1.0
154	154	4.0
155	155	1.0
155	159	1.0
156	156	3.0
156	159	2.0
157	157	4.0
158	158	1.0
159	159	1.0
159	163	1.0
159	170	2.0
160	162	1.0
161	161	2.0
162	166	1.0
162	171	1.0
163	163	1.0
165	165	1.0
165	166	1.0
166	167	2.0
166	174	1.0
166	179	1.0
167	167	4.0
167	173	1.0
168	168	1.0
168	169	1.0
168	170	1.0
169	169	3.0
169	171	1.0
169	174	1.0
170	170	2.0
170	175	1.0
171	171	2.0
172	172	1.0
172	173	1.0
173	173	1.0
173	174	1.0
174	174	4.0
175	175	1.0
176	176	6.0
176	179	1.0
177	177	2.0
178	178	1.0
179	179	2.0
179	180	1.0
180	180	2.0
0	1	1.0
0	11	1.0
