1	1	1.0
1	43	1.0
2	2	1.0
2	4	1.0
3	3	1.0
3	4	1.0
3	32	1.0
3	75	1.0
3	76	1.0
4	51	1.0
5	5	1.0
5	6	1.0
5	17	1.0
5	106	1.0
6	19	2.0
6	79	1.0
6	82	1.0
6	84	1.0
8	8	1.0
8	17	1.0
8	54	1.0
9	16	1.0
9	33	1.0
11	11	4.0
11	18	1.0
11	64	1.0
11	66	1.0
12	12	4.0
14	15	1.0
15	15	2.0
15	19	1.0
16	16	1.0
16	18	1.0
17	17	1.0
17	18	2.0
18	31	1.0
19	44	1.0
19	139	1.0
20	20	4.0
20	54	1.0
20	86	1.0
20	88	1.0
21	21	1.0
21	22	1.0
21	36	1.0
21	157	1.0
22	22	1.0
22	27	1.0
22	48	1.0
22	72	1.0
23	23	3.0
23	45	1.0
23	46	1.0
24	24	2.0
24	46	1.0
25	25	4.0
25	26	2.0
26	26	2.0
27	27	2.0
27	28	2.0
27	46	1.0
27	58	1.0
28	28	1.0
28	65	2.0
28	66	1.0
28	71	1.0
29	29	2.0
29	47	1.0
30	31	1.0
31	31	5.0
31	57	1.0
32	32	1.0
33	33	2.0
33	81	1.0
34	58	1.0
34	77	1.0
34	78	1.0
35	36	1.0
35	70	1.0
35	80	1.0
36	46	1.0
37	73	1.0
38	38	3.0
38	97	1.0
39	39	1.0
39	41	1.0
39	69	1.0
39	74	1.0
39	75	1.0
40	41	1.0
40	43	1.0
40	44	1.0
40	103	1.0
41	74	1.0
42	42	2.0
42	44	1.0
42	57	1.0
42	74	1.0
43	43	2.0
44	44	2.0
44	46	1.0
45	45	2.0
45	59	1.0
46	46	1.0
46	47	1.0
46	54	1.0
46	71	1.0
47	47	2.0
48	48	2.0
49	50	1.0
49	52	1.0
50	50	1.0
50	52	1.0
50	54	1.0
50	57	1.0
51	51	1.0
51	55	1.0
52	56	1.0
52	97	1.0
53	53	4.0
53	54	1.0
53	89	1.0
54	54	1.0
54	90	1.0
55	55	1.0
56	74	1.0
57	57	1.0
58	59	1.0
59	59	3.0
60	60	1.0
60	69	1.0
61	61	3.0
62	62	2.0
63	63	2.0
64	64	2.0
64	65	1.0
65	65	1.0
65	66	1.0
66	66	1.0
67	67	2.0
68	72	1.0
69	69	3.0
69	113	1.0
70	70	2.0
71	71	8.0
72	72	1.0
72	73	1.0
74	74	1.0
75	75	1.0
75	76	1.0
76	76	1.0
76	78	1.0
77	77	1.0
77	79	1.0
77	80	1.0
78	78	1.0
78	83	2.0
79	84	1.0
80	80	3.0
81	82	1.0
82	82	1.0
82	111	1.0
83	83	1.0
83	84	1.0
84	91	1.0
86	86	2.0
88	88	1.0
95	123	1.0
95	149	1.0
96	96	1.0
96	97	2.0
96	149	1.0
96	165	1.0
96	168	1.0
97	97	2.0
97	104	1.0
97	106	2.0
98	98	1.0
99	99	2.0
99	102	2.0
99	157	1.0
100	100	1.0
100	105	1.0
100	114	1.0
100	145	1.0
101	101	2.0
101	102	1.0
101	108	1.0
101	122	1.0
101	131	1.0
101	142	1.0
101	204	1.0
101	209	2.0
102	102	2.0
102	138	1.0
103	104	1.0
104	104	1.0
105	105	1.0
105	141	1.0
106	106	3.0
107	121	1.0
107	165	1.0
108	108	1.0
108	121	1.0
109	109	1.0
109	122	1.0
110	122	1.0
110	131	1.0
111	111	2.0
112	112	1.0
113	113	2.0
113	114	1.0
113	116	1.0
113	119	1.0
114	114	1.0
114	128	1.0
115	134	1.0
116	116	2.0
116	126	1.0
117	117	1.0
118	118	1.0
119	119	3.0
119	120	1.0
119	122	1.0
120	124	1.0
121	126	1.0
123	123	1.0
124	124	1.0
124	126	1.0
125	125	2.0
125	127	1.0
126	126	2.0
126	127	1.0
127	127	1.0
127	129	1.0
127	131	1.0
127	138	1.0
129	129	1.0
130	131	1.0
130	163	1.0
133	133	2.0
133	164	1.0
134	134	1.0
134	170	1.0
134	171	1.0
135	159	1.0
135	161	1.0
136	136	1.0
136	147	1.0
136	171	1.0
137	137	2.0
137	138	1.0
138	138	1.0
139	139	1.0
139	140	1.0
139	169	1.0
141	198	1.0
141	208	1.0
142	142	1.0
142	147	1.0
144	144	1.0
144	169	1.0
144	190	1.0
146	149	1.0
148	148	1.0
149	154	1.0
149	168	1.0
150	150	2.0
150	151	2.0
150	206	1.0
151	151	1.0
151	152	1.0
151	172	1.0
152	198	1.0
152	207	1.0
153	153	1.0
153	154	1.0
154	154	1.0
156	157	1.0
158	158	1.0
158	165	1.0
159	159	2.0
159	187	1.0
159	192	1.0
160	160	1.0
160	161	1.0
160	169	1.0
161	164	1.0
162	167	1.0
165	182	1.0
165	206	1.0
166	166	1.0
167	168	1.0
169	169	1.0
169	170	2.0
169	177	1.0
170	170	3.0
170	192	1.0
170	221	1.0
170	242	1.0
171	172	3.0
171	221	1.0
171	235	1.0
171	242	1.0
172	172	1.0
172	183	1.0
173	173	1.0
173	176	1.0
173	177	1.0
173	199	1.0
173	231	1.0
174	174	3.0
174	199	1.0
174	233	1.0
176	181	1.0
177	177	2.0
178	178	1.0
180	180	2.0
180	184	1.0
180	187	1.0
181	181	1.0
182	182	2.0
182	185	1.0
183	183	1.0
183	219	1.0
183	232	1.0
184	236	1.0
185	190	1.0
186	187	1.0
186	230	1.0
187	230	1.0
187	231	1.0
188	189	1.0
188	241	1.0
190	230	1.0
192	192	2.0
192	208	1.0
192	209	1.0
194	194	2.0
194	202	1.0
195	195	5.0
196	196	1.0
196	204	1.0
196	238	1.0
197	197	1.0
198	198	3.0
198	199	1.0
199	200	2.0
200	214	1.0
200	224	1.0
200	241	1.0
201	229	1.0
201	234	1.0
202	228	1.0
203	203	3.0
203	205	1.0
203	206	1.0
203	233	1.0
204	204	1.0
205	205	1.0
205	209	1.0
206	206	5.0
206	207	2.0
207	208	3.0
207	209	1.0
208	210	2.0
209	209	1.0
210	211	1.0
211	212	1.0
212	212	1.0
213	213	1.0
214	214	2.0
214	215	1.0
215	215	1.0
216	216	1.0
217	217	3.0
217	241	2.0
218	218	2.0
218	230	1.0
218	233	1.0
218	234	1.0
219	219	2.0
219	225	1.0
219	233	1.0
219	238	1.0
220	220	3.0
220	228	1.0
220	233	1.0
220	238	1.0
220	239	1.0
221	221	1.0
222	222	1.0
222	233	1.0
223	223	2.0
223	240	1.0
224	224	2.0
225	225	1.0
225	226	1.0
226	226	1.0
227	227	1.0
228	228	4.0
228	229	1.0
230	230	1.0
231	231	2.0
232	232	1.0
232	233	1.0
233	233	2.0
233	234	2.0
234	234	1.0
235	235	1.0
235	236	1.0
236	236	1.0
237	240	1.0
237	241	1.0
238	238	2.0
238	241	1.0
240	240	2.0
241	241	1.0
242	243	1.0
0	1	1.0
0	4	1.0
0	5	1.0
0	29	1.0
0	0	1.0
