2	62	1.0
3	3	2.0
3	6	1.0
3	18	1.0
3	23	1.0
3	25	1.0
3	69	1.0
4	4	3.0
4	6	1.0
4	94	1.0
5	5	3.0
5	6	2.0
5	8	1.0
5	23	1.0
6	6	3.0
6	22	1.0
6	55	1.0
7	11	1.0
8	8	5.0
8	9	3.0
8	10	1.0
8	19	1.0
8	120	1.0
9	9	3.0
9	10	1.0
9	17	2.0
9	19	1.0
9	49	1.0
9	69	1.0
10	10	3.0
10	11	2.0
10	17	1.0
10	42	1.0
10	63	1.0
10	65	1.0
10	152	2.0
11	11	7.0
11	13	1.0
11	20	1.0
11	21	1.0
11	71	1.0
11	126	1.0
11	151	1.0
12	12	3.0
12	13	1.0
12	16	1.0
12	70	1.0
13	13	8.0
13	14	1.0
13	16	1.0
13	23	1.0
13	117	1.0
13	124	1.0
13	153	1.0
14	14	3.0
14	15	2.0
14	22	1.0
14	40	1.0
14	46	1.0
14	72	1.0
14	114	1.0
14	117	1.0
15	15	3.0
15	16	2.0
15	95	1.0
16	16	7.0
16	20	1.0
16	32	1.0
16	47	1.0
16	48	2.0
16	112	1.0
16	147	1.0
16	149	1.0
17	17	4.0
17	19	1.0
17	21	1.0
17	23	1.0
17	36	1.0
17	54	1.0
17	57	1.0
17	102	2.0
17	135	1.0
18	18	3.0
18	19	3.0
18	25	1.0
18	31	1.0
18	35	1.0
19	19	5.0
19	20	3.0
19	23	1.0
19	24	3.0
19	103	1.0
19	132	1.0
19	135	1.0
20	20	5.0
20	23	1.0
20	26	2.0
20	137	1.0
21	21	5.0
21	23	2.0
21	62	1.0
21	98	1.0
22	22	1.0
22	23	1.0
22	85	1.0
23	23	4.0
23	24	1.0
24	24	3.0
24	32	1.0
24	146	1.0
24	152	1.0
25	25	2.0
25	30	1.0
25	32	1.0
25	34	1.0
25	53	1.0
26	26	5.0
26	33	1.0
26	65	1.0
26	100	1.0
27	27	2.0
27	28	1.0
27	36	1.0
28	28	2.0
28	29	2.0
28	30	1.0
28	56	1.0
28	97	1.0
28	104	1.0
29	29	4.0
29	30	3.0
29	50	1.0
29	54	1.0
29	69	1.0
29	99	1.0
29	136	1.0
29	152	1.0
30	30	4.0
30	31	1.0
30	32	1.0
30	50	1.0
30	52	1.0
30	65	1.0
30	78	1.0
30	97	1.0
30	113	2.0
30	142	1.0
31	31	1.0
31	33	1.0
31	51	1.0
31	103	1.0
31	117	1.0
32	32	2.0
32	33	1.0
32	36	1.0
32	66	1.0
32	116	1.0
33	33	1.0
33	35	1.0
33	51	1.0
33	54	1.0
33	62	1.0
33	66	1.0
33	79	1.0
33	99	1.0
33	110	1.0
34	36	1.0
34	38	2.0
34	42	1.0
34	50	1.0
34	56	1.0
34	146	1.0
35	36	2.0
35	44	1.0
35	62	1.0
35	78	1.0
35	82	1.0
36	68	1.0
36	144	1.0
37	37	3.0
37	38	2.0
37	41	1.0
37	49	1.0
37	54	1.0
38	38	1.0
38	39	1.0
38	104	1.0
39	39	10.0
39	40	3.0
39	46	1.0
39	57	1.0
40	40	6.0
40	43	1.0
40	44	1.0
40	47	1.0
40	62	1.0
41	41	3.0
41	42	1.0
41	105	1.0
41	131	1.0
42	42	1.0
42	46	1.0
42	57	1.0
42	104	2.0
42	111	1.0
43	43	2.0
43	68	1.0
43	93	1.0
44	44	2.0
44	51	1.0
44	104	1.0
44	117	1.0
45	45	4.0
45	54	1.0
45	72	1.0
45	119	1.0
46	46	6.0
46	47	1.0
46	53	1.0
46	73	1.0
46	78	1.0
46	105	1.0
47	47	3.0
47	48	1.0
47	49	1.0
47	53	1.0
47	114	1.0
47	131	1.0
47	147	1.0
47	150	1.0
48	48	3.0
48	49	1.0
48	50	1.0
48	54	1.0
48	75	1.0
48	152	1.0
49	49	7.0
49	50	6.0
49	54	1.0
49	55	1.0
50	50	2.0
50	51	1.0
50	52	1.0
50	54	1.0
50	56	1.0
51	51	3.0
51	53	2.0
51	57	1.0
51	65	1.0
51	75	1.0
52	52	1.0
52	54	1.0
53	53	7.0
54	54	5.0
54	55	2.0
54	56	1.0
54	65	1.0
55	55	3.0
55	56	3.0
56	56	2.0
56	58	1.0
56	73	1.0
56	79	1.0
56	136	1.0
56	147	1.0
57	57	2.0
57	63	1.0
57	81	1.0
57	87	1.0
57	111	1.0
58	58	1.0
58	69	1.0
58	74	1.0
58	77	1.0
61	66	1.0
62	62	4.0
62	82	1.0
62	85	1.0
62	86	1.0
62	99	1.0
62	109	1.0
63	63	2.0
63	67	1.0
63	80	1.0
64	64	2.0
64	66	1.0
64	67	1.0
64	80	1.0
64	83	1.0
64	86	1.0
64	152	1.0
65	65	2.0
66	66	4.0
66	71	1.0
66	93	1.0
67	67	6.0
67	68	2.0
67	95	1.0
67	114	1.0
67	129	1.0
67	137	1.0
68	68	3.0
68	70	1.0
68	94	1.0
68	118	1.0
68	151	1.0
69	69	5.0
69	70	1.0
69	84	1.0
69	94	1.0
69	97	1.0
69	98	1.0
69	115	1.0
69	119	1.0
69	129	1.0
70	70	4.0
70	85	1.0
70	110	1.0
71	71	5.0
71	72	2.0
71	77	1.0
71	124	1.0
72	72	1.0
72	73	1.0
72	86	1.0
72	93	1.0
72	94	1.0
72	120	1.0
73	73	7.0
73	74	1.0
73	75	1.0
73	76	1.0
73	77	1.0
73	107	1.0
74	80	1.0
74	82	1.0
74	87	1.0
74	105	1.0
74	106	1.0
75	75	2.0
75	80	1.0
75	84	2.0
75	131	1.0
76	76	1.0
76	77	2.0
76	85	1.0
76	92	1.0
76	114	1.0
76	116	1.0
77	77	2.0
77	78	1.0
77	79	1.0
77	84	1.0
77	114	1.0
77	119	1.0
77	125	1.0
77	133	1.0
77	146	1.0
77	152	1.0
78	78	2.0
78	122	1.0
79	79	4.0
79	80	2.0
79	81	1.0
79	147	1.0
79	149	1.0
80	80	1.0
80	85	1.0
80	113	1.0
80	121	1.0
80	153	1.0
81	81	3.0
81	82	1.0
81	95	1.0
82	82	6.0
82	105	1.0
83	83	2.0
83	84	1.0
83	85	2.0
83	122	1.0
83	126	1.0
84	84	2.0
84	85	1.0
84	108	1.0
84	120	1.0
84	141	1.0
85	110	1.0
86	86	3.0
86	150	1.0
87	95	1.0
87	96	1.0
87	146	1.0
88	101	1.0
88	115	1.0
89	90	1.0
90	90	1.0
90	104	1.0
90	118	1.0
91	91	1.0
92	92	1.0
92	108	1.0
92	151	1.0
93	93	4.0
93	113	1.0
93	149	1.0
94	95	2.0
94	101	1.0
95	95	1.0
95	96	1.0
95	144	1.0
95	147	1.0
96	96	2.0
96	99	1.0
96	107	1.0
97	98	1.0
97	105	1.0
97	122	1.0
98	98	3.0
98	111	1.0
98	117	1.0
98	123	1.0
98	127	2.0
99	99	2.0
99	108	1.0
99	109	1.0
99	127	1.0
100	100	6.0
100	103	1.0
100	104	1.0
100	140	1.0
101	102	1.0
101	144	1.0
102	102	3.0
102	133	1.0
102	135	1.0
102	137	1.0
103	103	7.0
103	104	2.0
103	105	1.0
103	110	1.0
103	115	1.0
103	118	1.0
103	132	1.0
103	136	1.0
104	104	1.0
104	107	1.0
104	117	1.0
104	118	1.0
104	138	1.0
105	105	5.0
105	106	2.0
105	127	1.0
105	141	1.0
106	106	8.0
106	107	1.0
106	153	1.0
107	107	3.0
107	108	2.0
107	109	1.0
107	114	1.0
107	130	1.0
108	108	4.0
108	109	2.0
108	153	1.0
109	109	8.0
109	110	5.0
109	119	1.0
109	123	1.0
109	133	1.0
110	110	3.0
110	141	1.0
111	111	2.0
111	139	1.0
111	142	1.0
111	143	1.0
112	112	3.0
113	113	5.0
113	118	1.0
113	122	2.0
113	132	1.0
114	114	3.0
114	115	1.0
115	115	3.0
115	117	1.0
115	127	1.0
115	151	1.0
115	154	1.0
116	116	3.0
116	118	1.0
116	122	1.0
116	124	1.0
117	117	4.0
117	118	1.0
117	124	1.0
117	133	2.0
117	134	2.0
118	118	3.0
118	119	2.0
118	123	1.0
118	126	1.0
118	128	1.0
118	134	1.0
119	119	4.0
119	126	2.0
119	150	1.0
120	120	3.0
120	121	2.0
120	125	1.0
120	132	1.0
121	122	1.0
121	125	3.0
122	122	1.0
122	123	1.0
122	126	1.0
122	144	1.0
122	145	1.0
123	123	1.0
123	124	3.0
123	127	1.0
123	144	1.0
123	148	1.0
124	124	1.0
124	125	1.0
124	127	1.0
126	126	1.0
126	130	1.0
127	127	5.0
127	136	1.0
127	143	1.0
127	145	1.0
128	129	2.0
128	138	1.0
129	129	2.0
129	135	1.0
129	142	1.0
129	153	1.0
130	133	2.0
131	131	4.0
131	135	1.0
131	150	1.0
132	132	3.0
132	133	1.0
132	134	1.0
133	133	2.0
133	134	1.0
133	135	1.0
133	148	1.0
134	134	1.0
134	135	3.0
134	137	2.0
135	135	2.0
135	136	3.0
135	137	1.0
135	140	1.0
135	152	1.0
136	136	2.0
136	137	1.0
136	153	1.0
137	137	4.0
137	138	1.0
137	139	1.0
137	145	1.0
138	138	2.0
138	139	1.0
138	140	1.0
138	141	1.0
138	144	1.0
138	149	1.0
139	139	3.0
139	141	1.0
139	142	1.0
139	144	1.0
140	140	1.0
140	141	1.0
140	147	1.0
141	141	1.0
141	142	2.0
141	147	1.0
141	152	1.0
142	142	2.0
143	143	2.0
143	146	1.0
144	144	3.0
144	153	1.0
144	154	1.0
145	145	2.0
145	146	3.0
146	153	1.0
147	147	2.0
147	148	1.0
147	152	1.0
148	148	3.0
148	149	2.0
149	149	4.0
149	153	1.0
150	150	7.0
150	151	1.0
151	151	1.0
152	152	5.0
152	153	4.0
153	153	4.0
153	154	1.0
154	154	6.0
