2	3	1.0
2	120	1.0
3	66	1.0
3	76	1.0
3	99	1.0
3	104	1.0
3	118	1.0
3	143	1.0
3	149	2.0
4	4	6.0
4	5	1.0
4	7	1.0
4	33	1.0
4	57	1.0
5	5	3.0
6	6	2.0
6	7	1.0
7	7	1.0
7	14	1.0
7	54	1.0
8	8	3.0
8	14	1.0
8	17	1.0
9	9	2.0
9	48	1.0
9	64	1.0
9	107	1.0
10	10	2.0
10	11	1.0
10	12	1.0
10	14	1.0
10	26	1.0
10	87	1.0
11	11	1.0
11	16	1.0
11	17	1.0
11	36	1.0
11	66	1.0
11	87	1.0
11	98	1.0
12	12	2.0
12	13	1.0
12	15	4.0
12	16	1.0
12	36	1.0
13	13	1.0
13	18	1.0
14	14	2.0
14	21	1.0
14	75	1.0
14	100	1.0
14	149	1.0
14	152	1.0
15	15	1.0
15	17	1.0
15	22	1.0
15	56	1.0
15	131	1.0
16	16	2.0
16	29	1.0
16	44	1.0
16	47	1.0
17	17	4.0
17	19	1.0
17	40	1.0
17	68	1.0
18	18	1.0
18	19	1.0
18	26	1.0
18	54	1.0
18	125	1.0
19	19	3.0
19	21	1.0
19	39	2.0
19	45	1.0
19	85	1.0
20	20	1.0
20	21	1.0
20	40	1.0
20	71	1.0
20	83	1.0
21	21	1.0
21	24	1.0
21	37	1.0
21	76	1.0
21	79	1.0
21	83	1.0
22	22	1.0
22	45	1.0
22	70	1.0
22	76	1.0
23	24	2.0
23	35	1.0
23	39	1.0
23	69	1.0
23	136	1.0
24	29	1.0
24	71	1.0
24	130	1.0
24	131	1.0
25	45	1.0
25	48	2.0
25	50	1.0
25	54	1.0
26	26	4.0
26	27	1.0
26	41	1.0
26	113	1.0
27	28	2.0
27	29	1.0
27	30	1.0
27	73	1.0
27	113	1.0
27	114	1.0
28	28	1.0
29	29	3.0
29	47	1.0
30	30	1.0
30	31	2.0
30	62	1.0
31	32	1.0
31	46	1.0
31	67	1.0
32	32	3.0
32	57	1.0
32	58	1.0
32	63	1.0
32	100	1.0
33	33	2.0
34	34	1.0
34	148	1.0
35	35	3.0
35	37	1.0
35	64	1.0
35	78	1.0
36	41	1.0
36	67	1.0
36	126	1.0
37	37	1.0
37	38	1.0
37	80	1.0
37	98	1.0
37	115	1.0
38	39	2.0
38	76	1.0
39	39	4.0
39	40	3.0
39	92	1.0
39	100	1.0
40	40	3.0
40	69	1.0
40	71	2.0
40	79	1.0
41	41	1.0
41	45	1.0
41	54	1.0
42	42	2.0
42	44	1.0
42	64	1.0
42	69	1.0
42	79	1.0
42	82	1.0
43	43	3.0
43	44	1.0
43	63	1.0
43	68	1.0
43	107	1.0
44	44	8.0
44	45	1.0
44	46	1.0
44	69	1.0
44	70	1.0
45	45	1.0
45	49	1.0
45	64	1.0
45	71	1.0
46	46	2.0
46	47	1.0
46	48	1.0
46	77	1.0
47	47	2.0
47	48	2.0
47	50	1.0
47	57	1.0
47	100	1.0
47	102	1.0
47	103	1.0
48	48	2.0
48	57	1.0
48	67	1.0
48	100	2.0
48	103	1.0
49	49	1.0
50	50	3.0
50	57	1.0
50	66	2.0
52	52	1.0
53	53	2.0
53	55	1.0
53	100	1.0
53	101	1.0
53	102	1.0
54	56	1.0
54	62	1.0
54	75	1.0
54	101	1.0
54	127	1.0
55	55	1.0
55	56	1.0
55	66	1.0
55	70	1.0
55	99	1.0
55	100	1.0
55	149	1.0
56	56	2.0
57	57	2.0
57	58	1.0
57	62	1.0
57	68	1.0
62	62	2.0
63	63	1.0
63	70	1.0
64	64	2.0
64	65	1.0
64	67	1.0
64	80	1.0
64	88	1.0
65	65	2.0
65	67	2.0
66	66	1.0
66	76	1.0
66	77	1.0
66	78	2.0
67	67	2.0
67	68	3.0
67	69	1.0
68	68	3.0
68	69	1.0
68	72	1.0
68	87	1.0
68	118	1.0
69	69	3.0
69	70	1.0
70	70	2.0
70	114	1.0
70	118	1.0
70	137	1.0
71	71	7.0
71	72	1.0
71	150	1.0
72	72	3.0
72	73	1.0
72	101	1.0
72	102	1.0
72	113	1.0
73	73	2.0
74	74	1.0
74	105	1.0
74	106	1.0
75	75	1.0
76	77	1.0
76	100	1.0
77	77	1.0
77	79	1.0
77	106	1.0
77	134	1.0
78	102	1.0
78	107	1.0
79	79	4.0
79	83	1.0
80	80	2.0
80	123	2.0
81	81	3.0
82	84	1.0
82	94	1.0
82	96	1.0
82	151	1.0
83	83	1.0
83	133	1.0
84	84	2.0
85	85	1.0
86	86	1.0
88	92	1.0
88	146	1.0
89	130	1.0
90	138	1.0
90	153	1.0
91	144	1.0
92	92	1.0
92	151	1.0
93	93	1.0
93	125	1.0
93	126	1.0
93	135	1.0
94	94	1.0
94	95	1.0
94	103	1.0
94	134	1.0
94	145	1.0
95	95	1.0
95	96	1.0
96	96	2.0
96	99	1.0
97	97	2.0
97	113	1.0
97	144	1.0
98	98	3.0
99	99	2.0
99	100	1.0
99	103	1.0
100	100	2.0
100	151	1.0
101	101	2.0
101	104	1.0
101	109	1.0
102	102	4.0
102	127	1.0
103	103	2.0
103	112	1.0
103	128	1.0
104	104	2.0
104	105	1.0
104	112	1.0
104	138	1.0
104	142	1.0
105	105	1.0
105	116	1.0
105	122	1.0
105	131	1.0
105	135	2.0
106	106	6.0
106	107	1.0
106	128	1.0
106	129	2.0
106	152	1.0
107	107	1.0
107	111	1.0
107	132	1.0
107	143	1.0
107	149	1.0
107	150	1.0
107	152	1.0
108	108	3.0
108	109	3.0
108	110	1.0
109	109	1.0
109	110	3.0
109	122	1.0
109	129	1.0
109	145	1.0
109	152	1.0
110	110	2.0
110	113	1.0
110	119	1.0
110	122	1.0
110	123	1.0
110	147	1.0
110	151	1.0
111	111	2.0
111	114	1.0
111	118	1.0
111	119	1.0
111	135	1.0
112	112	1.0
112	113	1.0
112	145	1.0
113	113	2.0
114	115	1.0
114	150	1.0
115	115	1.0
115	117	1.0
115	124	1.0
115	127	1.0
115	133	1.0
115	139	1.0
115	142	1.0
116	126	1.0
116	142	1.0
117	117	2.0
117	123	1.0
117	138	1.0
117	141	1.0
117	142	1.0
118	118	2.0
118	120	1.0
118	122	1.0
118	128	1.0
118	133	1.0
118	147	1.0
119	119	2.0
119	121	1.0
119	129	1.0
119	135	1.0
119	142	1.0
120	120	1.0
120	124	1.0
120	153	1.0
121	121	1.0
121	147	1.0
122	122	1.0
122	123	1.0
122	141	1.0
123	123	4.0
124	124	1.0
124	127	1.0
124	132	1.0
124	140	1.0
124	152	1.0
125	125	1.0
125	126	1.0
125	127	1.0
125	140	1.0
125	147	1.0
126	126	1.0
126	128	1.0
127	127	4.0
127	135	1.0
127	137	1.0
127	150	1.0
128	128	1.0
128	129	2.0
128	133	1.0
128	143	1.0
128	144	1.0
128	149	2.0
128	152	2.0
128	153	1.0
129	129	1.0
129	136	1.0
129	152	1.0
130	130	1.0
130	133	1.0
130	151	1.0
130	152	1.0
130	154	1.0
131	131	4.0
131	136	3.0
131	137	1.0
131	143	1.0
132	132	2.0
132	133	1.0
132	134	2.0
132	138	1.0
132	139	1.0
132	142	2.0
132	143	1.0
133	133	1.0
133	134	2.0
133	138	1.0
133	139	1.0
133	140	1.0
133	141	1.0
134	134	1.0
135	135	8.0
136	136	3.0
136	138	1.0
137	142	1.0
138	138	2.0
138	139	1.0
138	141	2.0
138	154	1.0
139	139	3.0
139	153	1.0
141	150	1.0
142	143	1.0
142	144	1.0
142	152	1.0
143	144	1.0
144	144	2.0
144	150	1.0
145	146	1.0
145	147	1.0
146	153	1.0
147	147	1.0
147	149	1.0
147	152	1.0
148	148	2.0
148	150	2.0
148	153	1.0
149	149	4.0
149	150	1.0
150	150	4.0
150	151	3.0
151	151	2.0
152	152	6.0
153	153	5.0
154	154	2.0
