1	1	9.0
1	2	1.0
1	3	1.0
1	4	1.0
1	5	2.0
1	7	2.0
1	15	1.0
1	17	1.0
1	24	1.0
1	30	1.0
2	4	2.0
2	5	2.0
2	8	1.0
2	11	1.0
2	14	1.0
2	15	2.0
2	19	1.0
2	20	1.0
2	108	1.0
2	126	1.0
2	127	1.0
3	3	8.0
3	4	2.0
3	5	1.0
3	11	1.0
3	13	1.0
4	4	3.0
4	5	1.0
4	6	1.0
4	7	1.0
4	8	1.0
4	27	1.0
5	5	5.0
5	6	3.0
5	7	1.0
5	8	1.0
5	27	1.0
5	50	1.0
5	51	1.0
5	71	1.0
5	121	1.0
5	127	1.0
6	6	13.0
6	8	1.0
6	12	1.0
6	14	1.0
6	16	1.0
6	23	2.0
6	29	2.0
6	35	1.0
6	37	1.0
6	53	1.0
7	7	7.0
7	8	3.0
7	9	1.0
7	18	2.0
7	25	1.0
7	35	1.0
7	43	2.0
7	133	1.0
8	8	3.0
8	9	3.0
8	10	1.0
8	16	1.0
8	17	1.0
9	9	1.0
9	10	1.0
9	18	1.0
10	10	4.0
10	11	2.0
10	24	1.0
10	71	2.0
10	84	1.0
10	100	1.0
11	11	11.0
11	22	1.0
11	23	1.0
11	70	1.0
11	73	1.0
11	98	1.0
11	126	1.0
12	12	10.0
12	13	3.0
12	26	1.0
12	44	1.0
12	90	1.0
13	13	8.0
13	14	3.0
13	15	1.0
13	27	1.0
13	50	1.0
14	14	8.0
14	15	1.0
14	16	1.0
14	26	1.0
14	75	1.0
15	15	4.0
15	16	1.0
15	30	1.0
15	47	1.0
15	71	1.0
15	74	1.0
15	101	1.0
16	16	7.0
16	17	1.0
16	19	1.0
16	45	1.0
16	46	1.0
16	73	1.0
16	97	1.0
17	17	4.0
17	22	1.0
17	47	1.0
17	97	2.0
18	18	4.0
18	21	1.0
18	24	1.0
18	84	1.0
19	19	2.0
20	20	1.0
20	21	3.0
20	62	1.0
20	73	1.0
20	77	2.0
20	109	2.0
21	21	8.0
21	22	1.0
21	23	1.0
21	24	1.0
21	25	1.0
21	27	1.0
21	65	1.0
21	120	1.0
22	22	1.0
22	23	4.0
22	25	1.0
22	90	1.0
22	122	1.0
23	23	5.0
23	25	1.0
23	26	1.0
23	27	2.0
23	28	1.0
23	77	1.0
23	127	1.0
24	24	6.0
24	25	2.0
24	27	1.0
24	31	1.0
24	37	1.0
24	45	1.0
24	59	1.0
24	61	1.0
24	123	1.0
25	25	5.0
25	65	1.0
25	134	1.0
26	26	2.0
26	27	2.0
26	30	1.0
26	34	1.0
27	27	3.0
27	30	1.0
27	61	1.0
27	70	1.0
27	110	2.0
28	28	3.0
28	29	2.0
28	60	1.0
28	67	1.0
28	82	1.0
28	112	1.0
28	127	1.0
29	29	2.0
29	35	2.0
29	36	1.0
29	38	1.0
29	126	1.0
30	30	7.0
30	43	1.0
30	62	2.0
30	93	1.0
31	31	5.0
31	32	1.0
31	33	1.0
31	36	2.0
31	81	1.0
31	82	1.0
31	110	1.0
32	32	6.0
32	33	3.0
32	34	1.0
32	70	1.0
32	80	1.0
32	94	1.0
32	95	2.0
32	117	1.0
33	33	5.0
33	36	1.0
33	67	1.0
33	95	1.0
34	34	8.0
34	117	1.0
35	35	6.0
35	37	2.0
35	57	1.0
35	122	1.0
36	36	5.0
36	37	1.0
36	48	1.0
36	52	1.0
36	78	1.0
36	84	1.0
36	111	1.0
37	37	3.0
37	38	1.0
38	38	2.0
38	45	2.0
42	57	1.0
42	68	1.0
42	109	1.0
43	43	5.0
43	44	1.0
43	45	2.0
43	50	1.0
43	81	1.0
43	85	2.0
43	114	1.0
44	44	7.0
44	53	1.0
44	56	1.0
44	60	1.0
44	73	1.0
45	45	7.0
45	55	1.0
45	57	1.0
46	46	1.0
47	47	2.0
47	52	1.0
47	86	1.0
48	78	1.0
48	86	1.0
48	110	1.0
48	113	1.0
49	49	2.0
49	50	5.0
49	54	1.0
49	63	1.0
49	79	1.0
50	50	9.0
50	52	1.0
50	54	1.0
50	64	1.0
50	70	1.0
50	80	2.0
50	106	1.0
51	51	1.0
52	52	3.0
52	54	2.0
52	59	1.0
52	112	1.0
53	53	2.0
53	78	1.0
54	56	1.0
54	58	1.0
54	60	1.0
54	113	1.0
54	118	1.0
55	55	2.0
55	56	1.0
55	107	1.0
55	118	1.0
56	56	3.0
56	107	1.0
57	57	1.0
57	59	1.0
57	105	1.0
57	109	1.0
58	58	3.0
58	59	1.0
58	65	1.0
59	59	4.0
59	109	1.0
59	127	1.0
60	60	1.0
60	68	1.0
60	69	1.0
60	79	1.0
60	81	1.0
60	108	1.0
60	125	2.0
61	61	4.0
61	62	1.0
61	123	1.0
62	62	4.0
62	63	2.0
62	68	1.0
62	99	1.0
62	118	1.0
63	63	1.0
63	64	1.0
63	66	1.0
64	64	8.0
64	65	2.0
64	69	1.0
64	88	1.0
65	65	4.0
65	133	1.0
66	69	1.0
66	85	1.0
67	67	1.0
67	68	1.0
67	122	1.0
67	132	1.0
68	68	2.0
68	69	1.0
69	69	7.0
69	70	1.0
69	118	1.0
69	124	1.0
69	128	1.0
70	70	5.0
70	71	3.0
70	81	1.0
70	127	1.0
70	131	1.0
71	71	3.0
71	72	1.0
71	83	1.0
71	92	1.0
71	116	1.0
72	72	8.0
72	73	1.0
72	99	1.0
72	115	1.0
72	127	1.0
73	73	2.0
73	74	1.0
73	96	1.0
74	74	1.0
74	75	1.0
74	106	1.0
75	75	10.0
75	112	1.0
76	76	7.0
76	77	1.0
76	104	1.0
76	111	1.0
76	119	1.0
77	77	6.0
77	78	3.0
77	79	1.0
77	80	1.0
77	85	1.0
77	105	1.0
77	113	1.0
77	119	1.0
78	78	5.0
78	79	1.0
78	86	1.0
78	91	1.0
78	99	1.0
78	101	1.0
78	106	1.0
79	79	5.0
79	80	2.0
79	93	1.0
79	96	1.0
79	121	1.0
80	80	9.0
80	81	1.0
80	93	1.0
80	94	1.0
80	98	1.0
81	81	6.0
81	82	1.0
81	119	1.0
82	82	4.0
82	83	3.0
82	85	1.0
82	100	1.0
82	110	1.0
83	83	2.0
83	84	2.0
83	107	1.0
84	84	2.0
84	85	1.0
84	88	1.0
84	97	1.0
84	126	1.0
85	85	5.0
86	86	2.0
86	87	4.0
86	113	1.0
86	126	1.0
87	87	6.0
87	88	3.0
87	92	1.0
87	106	1.0
87	120	1.0
87	129	2.0
88	88	10.0
88	89	1.0
88	92	1.0
88	93	1.0
88	101	1.0
88	106	1.0
88	120	1.0
88	126	1.0
89	89	3.0
89	90	5.0
90	90	3.0
90	91	3.0
90	95	1.0
90	121	1.0
91	91	2.0
91	131	1.0
92	92	8.0
92	93	1.0
92	99	1.0
92	101	1.0
92	111	1.0
92	130	1.0
93	93	5.0
93	94	5.0
93	95	1.0
94	94	8.0
94	95	2.0
94	113	1.0
95	95	5.0
95	97	1.0
95	111	1.0
95	118	1.0
96	96	7.0
96	97	1.0
96	100	1.0
96	106	1.0
97	97	6.0
97	98	2.0
97	99	1.0
97	126	1.0
98	98	8.0
98	103	1.0
98	105	1.0
98	117	1.0
99	99	11.0
99	100	3.0
99	102	1.0
99	105	1.0
99	123	1.0
100	100	4.0
100	101	1.0
100	104	1.0
100	118	1.0
100	127	1.0
100	129	2.0
101	101	6.0
101	102	4.0
101	109	1.0
101	115	2.0
102	102	5.0
102	104	1.0
102	105	2.0
102	135	2.0
103	103	5.0
103	104	2.0
103	105	2.0
103	125	1.0
103	126	1.0
103	130	1.0
104	104	14.0
104	105	2.0
104	106	1.0
105	105	13.0
105	108	1.0
105	120	1.0
106	106	7.0
106	107	2.0
106	108	1.0
106	111	1.0
106	116	1.0
106	130	1.0
107	107	4.0
107	108	1.0
108	108	3.0
108	109	2.0
108	111	1.0
108	116	1.0
108	119	1.0
108	130	1.0
109	109	4.0
109	113	1.0
109	117	1.0
109	119	1.0
110	110	2.0
110	111	1.0
110	112	1.0
110	116	1.0
111	111	2.0
111	112	2.0
111	114	4.0
111	120	1.0
112	112	5.0
112	113	1.0
112	115	1.0
112	123	1.0
113	113	4.0
113	114	1.0
113	118	1.0
113	121	1.0
113	129	2.0
113	130	1.0
113	133	1.0
114	114	5.0
114	115	3.0
114	118	3.0
114	119	2.0
114	127	1.0
114	128	1.0
114	134	1.0
115	115	3.0
115	116	2.0
115	126	1.0
116	116	3.0
116	118	1.0
116	127	1.0
117	117	2.0
117	118	2.0
117	119	1.0
117	127	1.0
117	132	1.0
118	118	8.0
118	119	3.0
118	128	3.0
119	119	3.0
119	122	1.0
119	126	1.0
119	128	1.0
120	120	3.0
120	121	2.0
120	123	1.0
120	129	1.0
121	121	4.0
121	122	2.0
121	123	2.0
121	126	2.0
122	122	5.0
122	126	1.0
122	128	2.0
123	123	8.0
124	124	4.0
124	125	5.0
124	128	1.0
124	134	1.0
125	125	4.0
125	126	2.0
125	134	1.0
126	126	6.0
126	128	1.0
126	129	1.0
127	127	6.0
127	128	1.0
127	129	1.0
128	128	4.0
128	129	3.0
128	132	1.0
129	129	4.0
129	130	1.0
130	130	4.0
130	131	2.0
130	132	1.0
131	131	5.0
131	132	2.0
131	133	1.0
132	132	8.0
132	133	4.0
133	133	6.0
133	134	1.0
134	134	9.0
134	135	2.0
135	135	1.0
0	1	2.0
0	16	1.0
0	0	4.0
