1	1	2.0
1	2	1.0
1	66	1.0
2	23	1.0
3	3	2.0
3	4	1.0
3	23	1.0
4	4	2.0
4	107	1.0
5	5	2.0
5	6	1.0
5	9	2.0
5	48	1.0
5	156	1.0
6	6	1.0
6	107	1.0
7	7	2.0
7	8	1.0
8	8	2.0
8	9	1.0
8	55	1.0
9	9	3.0
9	59	1.0
10	10	3.0
10	14	1.0
10	32	1.0
11	11	1.0
11	12	2.0
11	42	1.0
11	43	1.0
11	61	1.0
11	73	1.0
11	78	1.0
12	12	2.0
12	134	1.0
13	13	2.0
13	14	1.0
13	69	1.0
13	72	1.0
14	14	5.0
14	15	1.0
14	17	1.0
14	107	1.0
15	15	1.0
15	53	1.0
15	178	1.0
16	16	2.0
16	17	1.0
16	32	1.0
16	33	1.0
16	93	1.0
16	118	1.0
17	17	1.0
17	20	1.0
17	66	1.0
19	19	1.0
19	24	1.0
19	144	1.0
20	20	3.0
20	116	1.0
20	120	1.0
21	77	1.0
22	22	1.0
22	76	1.0
22	85	1.0
23	23	5.0
23	31	2.0
23	36	1.0
23	67	1.0
23	69	1.0
23	155	1.0
24	24	2.0
24	25	3.0
24	26	1.0
24	36	1.0
24	40	1.0
24	80	2.0
25	39	2.0
25	68	1.0
26	26	4.0
26	42	1.0
26	63	1.0
27	27	1.0
27	28	1.0
27	33	1.0
28	38	2.0
28	40	1.0
29	29	2.0
29	39	1.0
30	30	3.0
30	31	3.0
31	31	5.0
31	32	1.0
31	37	1.0
31	40	1.0
31	95	1.0
31	155	1.0
32	32	1.0
32	53	2.0
33	33	2.0
33	34	1.0
34	34	1.0
34	35	1.0
35	36	2.0
35	64	1.0
35	84	1.0
36	36	5.0
36	37	1.0
36	54	1.0
36	65	1.0
37	63	1.0
38	38	4.0
38	40	2.0
38	41	1.0
38	62	1.0
39	39	2.0
39	40	1.0
39	127	1.0
40	40	2.0
40	42	1.0
40	45	1.0
41	41	2.0
41	43	1.0
41	45	1.0
41	46	1.0
41	98	1.0
42	42	3.0
42	43	1.0
42	44	1.0
43	43	2.0
43	44	1.0
43	52	1.0
44	44	2.0
45	45	2.0
46	46	4.0
46	47	1.0
47	47	2.0
47	48	2.0
47	50	1.0
47	128	1.0
48	48	5.0
48	49	1.0
48	52	2.0
49	49	11.0
49	50	1.0
51	51	3.0
51	180	1.0
52	52	7.0
53	53	1.0
53	64	1.0
54	54	3.0
54	55	3.0
54	61	1.0
55	55	3.0
55	62	2.0
55	80	1.0
56	56	5.0
57	57	2.0
58	59	2.0
59	59	3.0
59	60	1.0
59	122	1.0
59	193	1.0
60	60	2.0
60	61	1.0
60	99	1.0
60	146	1.0
61	61	2.0
61	65	1.0
61	193	1.0
62	62	2.0
62	63	1.0
62	77	1.0
63	63	2.0
64	64	5.0
64	66	2.0
64	75	1.0
65	65	2.0
65	70	1.0
65	84	1.0
66	70	1.0
66	83	1.0
67	67	1.0
67	69	1.0
68	68	1.0
68	71	1.0
69	69	3.0
69	71	1.0
70	70	2.0
70	74	1.0
70	78	1.0
70	106	1.0
71	71	6.0
71	113	1.0
72	72	4.0
72	73	1.0
72	106	1.0
73	73	2.0
73	75	1.0
73	94	1.0
74	74	3.0
76	76	3.0
76	77	1.0
77	77	1.0
77	79	1.0
78	78	3.0
78	154	1.0
79	80	1.0
79	169	1.0
80	80	1.0
80	84	1.0
80	89	1.0
80	146	1.0
81	81	1.0
81	89	1.0
82	82	4.0
83	83	2.0
84	84	2.0
84	86	2.0
85	85	2.0
85	102	1.0
85	103	1.0
86	86	2.0
86	87	1.0
87	87	2.0
87	88	2.0
88	88	1.0
90	90	1.0
93	96	1.0
93	155	1.0
94	94	2.0
94	95	1.0
94	96	1.0
95	95	1.0
95	157	1.0
96	96	2.0
97	97	5.0
97	144	1.0
97	153	1.0
97	160	1.0
98	98	2.0
99	99	3.0
100	100	4.0
100	169	1.0
101	101	1.0
101	103	1.0
101	104	2.0
101	111	2.0
101	114	1.0
101	158	1.0
101	174	1.0
102	102	1.0
102	103	1.0
102	107	1.0
102	114	1.0
102	147	1.0
102	160	1.0
102	161	1.0
103	107	1.0
103	108	1.0
104	104	3.0
104	105	1.0
105	105	1.0
105	179	1.0
105	182	1.0
106	106	1.0
106	107	1.0
107	107	4.0
107	123	1.0
107	172	1.0
108	108	3.0
108	115	1.0
108	148	1.0
109	109	2.0
109	111	1.0
110	110	1.0
110	111	1.0
110	115	1.0
111	116	1.0
111	158	1.0
112	112	7.0
112	113	2.0
113	113	6.0
113	131	1.0
113	142	2.0
113	143	1.0
113	148	1.0
114	115	1.0
114	176	1.0
114	178	1.0
115	115	2.0
115	117	2.0
116	116	5.0
117	117	2.0
118	118	2.0
118	120	1.0
118	121	1.0
119	119	4.0
119	122	2.0
120	120	3.0
120	121	1.0
121	121	4.0
122	122	2.0
122	149	1.0
123	123	2.0
123	124	2.0
123	150	1.0
123	177	1.0
124	124	4.0
124	151	1.0
125	125	2.0
126	126	6.0
127	127	3.0
128	128	6.0
128	138	1.0
128	150	1.0
129	129	2.0
131	131	3.0
131	178	1.0
132	132	2.0
132	135	1.0
132	154	1.0
133	133	3.0
133	135	1.0
133	149	1.0
133	170	1.0
134	134	3.0
135	135	4.0
135	139	1.0
135	141	1.0
135	154	1.0
135	160	1.0
136	136	2.0
136	139	1.0
136	156	2.0
137	137	1.0
137	138	2.0
138	138	3.0
138	139	1.0
138	184	1.0
138	192	1.0
139	139	2.0
139	140	3.0
140	140	4.0
140	144	1.0
140	168	1.0
140	172	1.0
141	141	3.0
141	142	2.0
141	167	1.0
141	170	1.0
142	142	5.0
142	143	1.0
142	165	1.0
142	166	1.0
143	143	3.0
145	146	2.0
145	192	1.0
146	146	2.0
146	147	1.0
146	148	1.0
146	149	1.0
147	147	2.0
147	165	1.0
148	148	2.0
149	149	4.0
149	150	2.0
150	150	1.0
151	151	4.0
152	152	1.0
152	165	1.0
153	153	1.0
153	195	1.0
154	154	2.0
154	155	1.0
155	156	1.0
156	156	2.0
156	157	1.0
157	157	3.0
157	191	1.0
158	158	2.0
158	159	1.0
159	159	3.0
160	160	2.0
161	162	2.0
162	163	1.0
162	187	1.0
163	163	1.0
163	164	1.0
163	165	1.0
163	167	1.0
165	165	2.0
165	166	1.0
165	185	1.0
167	167	1.0
168	168	4.0
169	169	2.0
170	170	3.0
170	185	1.0
170	191	1.0
171	171	1.0
172	172	3.0
172	190	1.0
173	174	2.0
173	188	1.0
174	174	1.0
174	175	1.0
175	175	3.0
176	176	3.0
176	178	2.0
177	177	1.0
177	178	1.0
178	178	2.0
179	179	1.0
180	180	2.0
180	182	1.0
180	190	1.0
181	181	3.0
181	182	1.0
182	182	3.0
182	183	1.0
182	186	1.0
183	183	4.0
184	184	3.0
184	185	1.0
185	185	4.0
185	186	1.0
185	193	1.0
185	195	1.0
186	186	4.0
187	187	3.0
187	188	2.0
188	188	3.0
189	189	4.0
190	190	1.0
190	191	2.0
191	191	2.0
192	192	3.0
192	193	1.0
192	194	1.0
193	193	4.0
194	194	4.0
195	195	3.0
196	196	6.0
197	197	1.0
0	30	1.0
0	0	2.0
