20	36	1.0
22	23	1.0
22	48	1.0
22	58	1.0
23	23	2.0
23	30	1.0
23	32	1.0
23	33	1.0
24	24	1.0
24	25	2.0
25	25	1.0
25	55	1.0
26	32	1.0
27	27	6.0
28	28	2.0
28	30	1.0
28	46	1.0
29	29	4.0
29	30	1.0
31	31	3.0
31	41	1.0
32	32	1.0
32	33	1.0
32	36	1.0
33	33	5.0
33	40	1.0
33	53	1.0
33	56	1.0
33	100	1.0
34	34	2.0
35	35	4.0
35	37	2.0
35	38	2.0
36	36	1.0
36	89	1.0
37	37	3.0
37	38	2.0
37	63	1.0
38	38	6.0
38	39	1.0
38	45	1.0
38	50	2.0
39	39	2.0
39	45	1.0
39	71	1.0
40	40	2.0
40	41	1.0
40	57	1.0
41	41	3.0
41	42	3.0
41	81	1.0
42	42	2.0
42	43	1.0
42	49	1.0
42	59	1.0
43	59	1.0
43	64	1.0
44	44	3.0
44	70	1.0
45	45	2.0
45	46	1.0
45	53	1.0
45	85	1.0
46	46	2.0
46	47	1.0
46	48	1.0
46	55	1.0
47	47	2.0
47	49	1.0
48	48	4.0
49	49	1.0
49	50	2.0
50	50	1.0
50	51	1.0
50	57	2.0
51	51	2.0
51	52	1.0
51	90	1.0
52	52	3.0
52	53	1.0
53	53	2.0
53	54	1.0
53	56	1.0
53	58	1.0
53	93	1.0
53	95	1.0
54	84	1.0
55	55	6.0
55	56	2.0
55	94	1.0
56	56	1.0
56	90	1.0
57	57	8.0
57	59	1.0
57	100	1.0
58	58	3.0
58	59	1.0
59	59	3.0
59	63	1.0
60	60	1.0
60	61	1.0
60	62	1.0
60	71	1.0
61	61	4.0
61	99	1.0
62	62	4.0
62	83	1.0
63	63	1.0
63	64	1.0
63	85	1.0
64	64	6.0
64	65	2.0
64	74	1.0
65	65	6.0
65	66	1.0
65	70	2.0
66	66	3.0
66	67	1.0
66	68	1.0
67	67	2.0
67	68	1.0
67	69	1.0
68	68	3.0
68	69	1.0
68	71	1.0
69	69	3.0
69	70	2.0
69	79	1.0
70	70	7.0
70	71	1.0
70	91	1.0
71	71	3.0
71	89	1.0
72	72	2.0
72	79	1.0
73	73	5.0
74	74	3.0
74	75	2.0
74	76	1.0
74	77	2.0
74	81	1.0
75	75	5.0
75	76	1.0
75	82	1.0
75	85	1.0
76	76	4.0
76	77	1.0
76	81	1.0
76	90	1.0
77	77	3.0
78	78	2.0
78	79	1.0
79	79	2.0
79	80	2.0
79	81	2.0
80	80	5.0
80	83	1.0
80	88	1.0
82	82	1.0
82	94	1.0
83	84	2.0
83	89	1.0
83	92	1.0
84	84	3.0
84	86	1.0
85	85	3.0
85	86	1.0
85	89	2.0
86	86	1.0
86	87	1.0
87	87	3.0
88	88	4.0
88	99	1.0
89	89	5.0
89	90	1.0
89	91	1.0
90	90	6.0
90	91	2.0
91	91	3.0
91	92	1.0
91	93	1.0
91	94	1.0
91	100	1.0
92	92	3.0
92	93	1.0
92	100	1.0
93	93	3.0
93	95	1.0
94	98	2.0
95	95	2.0
95	96	1.0
96	96	2.0
96	102	1.0
97	98	2.0
98	98	3.0
99	100	1.0
100	100	8.0
100	101	1.0
101	101	2.0
