1	28	1.0
1	68	1.0
2	3	1.0
2	40	1.0
2	154	1.0
3	3	2.0
3	20	1.0
4	4	3.0
4	8	1.0
4	10	1.0
4	15	1.0
4	151	1.0
5	7	2.0
5	19	1.0
5	70	1.0
5	116	1.0
6	6	1.0
6	7	1.0
6	117	1.0
7	7	2.0
8	8	2.0
9	9	2.0
9	15	1.0
10	10	1.0
11	11	6.0
11	12	2.0
11	126	1.0
11	185	1.0
12	12	2.0
12	64	1.0
13	13	1.0
13	14	2.0
13	19	1.0
13	23	1.0
14	15	1.0
14	127	1.0
14	187	1.0
15	15	2.0
15	18	1.0
16	16	2.0
16	17	3.0
16	155	1.0
17	17	1.0
17	33	1.0
17	53	1.0
18	18	1.0
18	19	1.0
18	54	1.0
18	55	1.0
19	19	1.0
19	20	1.0
19	44	1.0
20	20	1.0
20	24	1.0
21	21	3.0
21	22	1.0
21	26	1.0
21	36	1.0
21	58	1.0
22	22	1.0
22	54	1.0
22	60	1.0
23	23	3.0
24	25	1.0
25	25	2.0
25	26	1.0
25	32	1.0
25	38	1.0
26	26	3.0
26	87	1.0
27	27	1.0
28	28	4.0
29	29	1.0
29	118	1.0
30	41	1.0
31	151	1.0
31	152	1.0
32	32	3.0
32	55	1.0
32	64	2.0
32	153	1.0
33	33	3.0
33	169	1.0
34	34	2.0
34	38	1.0
34	82	1.0
35	35	1.0
35	36	1.0
36	83	1.0
36	142	1.0
37	37	3.0
37	38	2.0
37	54	1.0
37	191	1.0
38	38	2.0
40	40	1.0
40	53	1.0
40	54	1.0
40	63	1.0
40	66	1.0
40	69	1.0
41	41	2.0
41	54	1.0
41	57	1.0
41	65	1.0
42	42	3.0
42	43	3.0
42	52	1.0
43	43	2.0
43	44	1.0
43	49	1.0
43	117	1.0
44	45	1.0
45	45	1.0
46	46	2.0
46	47	1.0
46	51	1.0
46	121	1.0
47	47	2.0
47	48	1.0
48	48	4.0
48	184	1.0
49	49	2.0
49	50	1.0
49	122	2.0
50	50	4.0
50	56	1.0
50	58	1.0
50	185	1.0
51	51	2.0
52	52	2.0
52	53	1.0
53	53	1.0
53	54	1.0
54	54	1.0
54	56	1.0
54	58	1.0
55	55	1.0
55	56	1.0
55	66	1.0
56	58	1.0
57	57	2.0
57	132	1.0
58	60	1.0
59	59	1.0
59	60	1.0
59	61	1.0
59	66	1.0
59	67	1.0
59	141	1.0
60	62	2.0
61	61	1.0
62	62	1.0
62	67	1.0
62	89	1.0
62	105	2.0
63	63	1.0
63	64	1.0
64	64	1.0
64	169	1.0
65	74	1.0
65	82	1.0
66	66	2.0
66	114	1.0
67	68	1.0
67	88	1.0
67	129	1.0
68	68	1.0
68	73	1.0
68	111	1.0
69	123	1.0
70	70	1.0
71	71	2.0
71	72	1.0
71	141	2.0
72	72	2.0
72	73	1.0
73	110	1.0
73	119	1.0
73	120	1.0
74	74	1.0
74	75	1.0
76	76	1.0
76	77	1.0
77	173	1.0
78	78	1.0
80	80	1.0
81	147	1.0
82	82	1.0
82	99	1.0
83	165	1.0
84	86	1.0
85	85	1.0
86	116	1.0
87	87	1.0
87	101	1.0
88	88	1.0
88	89	1.0
89	89	1.0
89	90	1.0
89	116	1.0
90	90	1.0
94	95	1.0
94	96	1.0
98	98	1.0
99	99	2.0
99	108	1.0
99	122	1.0
99	123	1.0
102	102	2.0
102	104	1.0
103	103	1.0
104	104	1.0
105	106	2.0
106	106	1.0
106	108	1.0
106	126	1.0
106	167	2.0
107	107	2.0
107	112	1.0
107	127	1.0
107	162	1.0
108	108	1.0
108	109	1.0
109	109	1.0
110	110	1.0
111	111	1.0
111	112	1.0
111	117	1.0
111	122	1.0
112	112	2.0
112	113	1.0
112	114	1.0
113	113	1.0
113	114	1.0
113	134	1.0
114	114	1.0
114	137	1.0
114	177	1.0
115	140	1.0
116	166	1.0
116	177	1.0
116	180	1.0
116	181	1.0
116	194	1.0
117	117	5.0
118	119	1.0
118	170	1.0
119	119	1.0
119	120	1.0
119	134	1.0
119	160	1.0
119	166	1.0
121	121	1.0
121	187	1.0
122	122	2.0
122	123	1.0
123	123	2.0
123	124	1.0
123	158	1.0
123	190	1.0
124	124	5.0
125	125	2.0
126	126	3.0
126	160	1.0
126	178	1.0
127	127	3.0
127	128	1.0
127	143	1.0
127	160	1.0
127	164	1.0
128	128	2.0
128	129	3.0
128	186	1.0
129	129	4.0
129	130	1.0
129	159	1.0
129	187	1.0
130	140	1.0
130	153	1.0
131	131	3.0
131	132	1.0
131	178	1.0
132	132	4.0
132	133	3.0
133	133	2.0
133	151	1.0
133	159	1.0
134	134	1.0
134	135	1.0
134	137	1.0
135	135	2.0
135	136	1.0
135	140	1.0
135	141	1.0
136	158	1.0
136	179	1.0
136	183	1.0
137	138	1.0
137	140	1.0
137	176	1.0
138	139	1.0
138	192	1.0
139	139	2.0
139	140	3.0
139	154	1.0
139	155	1.0
140	140	1.0
140	180	1.0
141	141	1.0
141	142	1.0
141	179	1.0
142	177	1.0
143	143	2.0
143	166	1.0
143	172	1.0
144	145	1.0
145	145	1.0
147	147	2.0
147	148	2.0
149	170	1.0
150	150	1.0
151	151	2.0
151	152	1.0
152	152	3.0
152	153	1.0
156	156	1.0
156	189	1.0
157	157	2.0
157	169	1.0
158	158	2.0
158	159	1.0
158	169	1.0
158	182	1.0
159	159	1.0
160	160	1.0
160	177	1.0
160	193	1.0
162	162	1.0
163	175	1.0
166	166	1.0
166	175	2.0
167	167	1.0
167	169	2.0
167	170	2.0
167	177	1.0
167	178	1.0
168	169	1.0
169	169	2.0
169	170	1.0
170	170	4.0
170	171	1.0
171	171	3.0
171	194	1.0
172	177	1.0
173	173	2.0
174	174	1.0
174	186	1.0
176	177	1.0
177	177	3.0
177	178	1.0
178	178	1.0
179	179	1.0
179	193	1.0
180	180	2.0
183	184	1.0
183	195	1.0
185	185	1.0
186	186	1.0
187	187	2.0
188	188	2.0
188	192	1.0
189	189	5.0
189	190	1.0
189	193	1.0
189	194	1.0
189	196	2.0
190	190	1.0
191	191	3.0
191	192	1.0
191	193	1.0
192	192	1.0
192	193	1.0
193	193	3.0
193	194	1.0
194	194	2.0
194	195	1.0
195	195	1.0
196	196	4.0
197	197	3.0
0	153	1.0
