1	1	1.0
1	2	1.0
1	5	1.0
2	2	1.0
2	4	1.0
2	24	1.0
3	3	5.0
3	4	3.0
3	19	1.0
4	4	4.0
4	5	3.0
4	6	1.0
5	5	4.0
5	6	1.0
6	6	1.0
6	8	1.0
7	7	6.0
7	16	1.0
7	45	1.0
8	8	3.0
8	111	1.0
9	9	1.0
9	10	2.0
9	26	1.0
9	74	1.0
10	10	3.0
10	25	1.0
11	11	3.0
11	12	2.0
11	26	1.0
12	12	6.0
12	13	3.0
12	64	1.0
12	135	1.0
13	13	2.0
13	14	1.0
13	15	1.0
13	21	1.0
13	127	1.0
14	14	2.0
14	16	1.0
14	17	1.0
14	27	1.0
14	29	1.0
14	60	1.0
15	15	3.0
15	16	2.0
15	23	1.0
15	36	1.0
16	16	2.0
16	17	1.0
16	27	1.0
16	120	1.0
17	17	4.0
17	18	1.0
17	19	1.0
17	23	1.0
17	27	1.0
17	33	1.0
17	35	1.0
18	18	2.0
18	23	1.0
19	20	1.0
19	21	1.0
19	99	1.0
19	101	1.0
20	20	2.0
20	53	1.0
21	21	4.0
21	22	1.0
21	24	1.0
22	22	3.0
22	23	2.0
22	25	1.0
23	23	5.0
23	24	2.0
23	115	1.0
24	24	7.0
24	36	1.0
24	60	1.0
25	25	2.0
25	29	1.0
26	26	3.0
26	29	1.0
26	31	1.0
27	27	3.0
27	37	1.0
28	28	1.0
28	29	2.0
29	29	5.0
29	125	1.0
30	30	1.0
30	32	1.0
30	85	1.0
31	31	7.0
31	35	1.0
32	32	6.0
32	33	1.0
33	33	2.0
34	34	5.0
34	35	1.0
34	53	1.0
35	36	2.0
35	54	1.0
36	36	3.0
36	37	4.0
36	53	1.0
36	54	1.0
37	37	2.0
37	38	1.0
37	43	1.0
37	68	1.0
37	99	1.0
38	43	1.0
42	42	1.0
43	43	2.0
43	44	1.0
44	44	2.0
44	45	1.0
44	93	1.0
45	45	6.0
45	48	1.0
47	47	1.0
47	51	1.0
48	48	1.0
49	49	3.0
50	50	1.0
50	57	2.0
52	52	2.0
52	53	3.0
53	53	1.0
53	57	1.0
53	82	1.0
54	54	2.0
54	55	1.0
55	55	1.0
55	56	3.0
56	56	2.0
56	57	1.0
56	107	1.0
57	58	1.0
58	58	2.0
58	59	1.0
59	60	1.0
60	61	1.0
60	63	1.0
61	61	5.0
61	62	2.0
62	62	2.0
62	63	2.0
62	71	1.0
63	63	3.0
63	64	1.0
63	65	2.0
63	76	1.0
63	79	1.0
64	64	2.0
64	79	1.0
65	65	4.0
65	66	1.0
66	66	2.0
67	67	3.0
67	68	1.0
68	68	1.0
69	69	2.0
69	80	1.0
70	70	4.0
70	71	1.0
70	77	1.0
71	71	2.0
71	72	2.0
72	72	5.0
73	73	5.0
73	74	3.0
73	75	1.0
73	80	1.0
74	74	2.0
74	80	1.0
74	88	1.0
74	89	1.0
74	99	1.0
74	105	1.0
75	76	3.0
75	79	1.0
76	76	7.0
77	77	2.0
77	99	1.0
78	78	1.0
78	79	1.0
78	80	1.0
78	83	1.0
78	113	1.0
79	79	4.0
79	80	3.0
79	102	1.0
79	124	1.0
80	80	6.0
80	90	1.0
81	81	1.0
81	87	1.0
81	88	2.0
82	82	6.0
82	83	1.0
82	85	1.0
82	87	2.0
82	90	1.0
82	106	1.0
83	83	2.0
83	84	1.0
83	87	1.0
84	84	4.0
84	86	3.0
85	85	3.0
85	116	1.0
87	87	5.0
87	91	1.0
87	107	1.0
88	88	1.0
88	91	1.0
90	90	7.0
91	91	8.0
91	95	1.0
91	115	1.0
91	127	1.0
91	128	1.0
91	129	1.0
92	92	4.0
92	93	2.0
93	93	1.0
93	94	1.0
94	94	3.0
94	95	2.0
94	108	1.0
95	95	5.0
95	96	2.0
95	121	1.0
95	130	1.0
96	96	4.0
96	106	1.0
96	118	1.0
96	127	1.0
97	97	6.0
97	98	2.0
97	109	1.0
97	126	2.0
97	131	1.0
98	98	8.0
98	111	1.0
99	99	6.0
99	105	1.0
99	112	1.0
99	116	1.0
100	100	4.0
100	105	1.0
101	101	2.0
101	102	1.0
102	102	3.0
102	104	1.0
102	129	1.0
103	103	3.0
103	104	1.0
104	104	4.0
104	105	3.0
105	105	2.0
105	106	1.0
105	125	1.0
106	106	4.0
107	107	6.0
107	119	1.0
108	108	3.0
108	114	1.0
108	128	1.0
109	109	4.0
109	110	1.0
109	118	1.0
110	110	3.0
110	111	2.0
110	114	1.0
110	115	1.0
110	116	1.0
111	111	1.0
111	114	2.0
112	112	3.0
112	113	2.0
112	114	1.0
113	113	5.0
114	114	3.0
114	115	1.0
115	115	2.0
115	116	2.0
115	117	1.0
115	124	1.0
116	116	4.0
116	117	1.0
116	119	1.0
117	117	4.0
117	118	1.0
118	118	4.0
119	119	3.0
119	120	1.0
120	120	5.0
120	123	1.0
121	121	2.0
122	122	4.0
122	123	2.0
122	125	1.0
123	123	5.0
123	124	1.0
124	124	2.0
124	125	1.0
125	125	5.0
126	126	2.0
126	127	2.0
126	129	1.0
126	131	1.0
127	127	4.0
127	128	2.0
127	129	2.0
129	129	2.0
130	130	5.0
131	132	1.0
131	134	1.0
132	132	5.0
132	133	3.0
133	134	1.0
134	134	2.0
135	135	1.0
0	103	1.0
0	0	4.0
