1	1	4.0
1	6	1.0
1	20	1.0
1	46	1.0
1	59	1.0
1	116	1.0
2	2	2.0
2	3	1.0
2	13	1.0
2	20	1.0
2	21	1.0
2	121	1.0
2	165	1.0
3	3	7.0
3	24	1.0
3	33	1.0
3	48	1.0
4	4	1.0
4	7	1.0
4	8	1.0
4	19	2.0
4	29	1.0
4	77	1.0
4	79	1.0
4	167	1.0
5	5	1.0
5	6	2.0
5	16	1.0
6	6	3.0
6	7	1.0
6	23	1.0
6	34	1.0
6	37	1.0
6	123	1.0
6	168	1.0
6	169	1.0
7	7	5.0
7	9	1.0
7	10	1.0
7	32	1.0
7	227	1.0
8	8	8.0
8	11	1.0
8	36	1.0
8	191	1.0
8	227	1.0
8	239	1.0
9	9	3.0
9	10	1.0
9	170	1.0
10	10	5.0
10	11	1.0
10	24	1.0
10	44	1.0
10	143	1.0
11	11	6.0
11	15	2.0
11	20	1.0
11	28	1.0
11	37	1.0
11	201	1.0
11	227	1.0
12	12	7.0
12	13	1.0
12	15	4.0
12	38	1.0
12	69	1.0
13	13	1.0
13	19	1.0
13	31	1.0
13	165	1.0
13	217	1.0
14	14	1.0
14	21	1.0
14	77	1.0
14	83	2.0
14	214	1.0
15	15	4.0
15	16	1.0
15	18	1.0
15	25	1.0
16	16	2.0
16	17	1.0
16	23	1.0
16	79	1.0
16	217	1.0
16	227	1.0
17	17	1.0
17	37	1.0
17	216	1.0
18	18	3.0
18	20	1.0
18	30	1.0
18	31	1.0
18	35	1.0
18	36	1.0
18	79	1.0
18	208	1.0
19	19	4.0
19	20	1.0
19	21	1.0
19	31	1.0
19	87	1.0
19	148	1.0
19	192	1.0
20	20	7.0
20	21	1.0
20	54	2.0
20	174	1.0
20	231	1.0
21	21	3.0
21	22	2.0
21	71	1.0
22	22	3.0
22	23	1.0
22	72	1.0
22	78	1.0
23	23	5.0
23	76	1.0
23	237	1.0
24	24	3.0
24	25	1.0
24	99	1.0
24	134	1.0
24	144	1.0
24	229	1.0
25	25	8.0
25	47	1.0
25	59	1.0
25	135	1.0
26	26	5.0
26	74	1.0
27	27	8.0
27	28	1.0
27	29	1.0
27	74	2.0
27	200	1.0
28	28	8.0
28	29	1.0
28	30	1.0
28	220	1.0
29	29	4.0
29	30	1.0
29	31	2.0
29	237	1.0
30	30	4.0
30	31	3.0
30	80	1.0
30	88	1.0
30	171	1.0
31	31	9.0
31	32	1.0
31	34	1.0
31	108	1.0
32	32	4.0
32	33	2.0
32	86	1.0
33	33	6.0
33	38	1.0
33	39	1.0
33	92	1.0
33	102	1.0
33	123	1.0
34	34	6.0
34	35	1.0
34	36	1.0
34	103	1.0
34	182	1.0
35	35	1.0
36	36	1.0
36	37	4.0
36	79	1.0
36	84	1.0
36	144	1.0
37	37	4.0
37	38	2.0
37	46	1.0
37	57	1.0
37	60	1.0
37	75	1.0
37	201	1.0
38	38	5.0
38	47	1.0
38	102	1.0
39	39	6.0
39	42	2.0
39	61	1.0
39	65	1.0
39	197	1.0
40	40	4.0
40	42	1.0
40	51	1.0
41	41	3.0
41	72	1.0
41	103	1.0
42	42	3.0
42	43	1.0
42	88	1.0
43	43	5.0
43	44	2.0
43	68	1.0
43	69	1.0
43	231	1.0
44	44	7.0
44	69	1.0
44	70	1.0
45	45	5.0
45	60	1.0
46	46	6.0
46	47	2.0
46	130	1.0
47	47	3.0
47	48	1.0
48	48	2.0
48	49	2.0
48	50	1.0
48	63	2.0
48	70	1.0
48	137	1.0
48	198	1.0
49	49	3.0
49	50	1.0
49	59	1.0
49	82	1.0
49	229	1.0
50	50	2.0
50	53	1.0
50	69	1.0
51	51	1.0
51	52	1.0
51	64	1.0
51	71	1.0
52	52	1.0
52	73	1.0
52	89	1.0
53	54	1.0
53	56	1.0
53	134	1.0
54	54	4.0
54	56	1.0
54	133	1.0
55	55	2.0
55	56	1.0
55	61	1.0
55	68	1.0
55	76	1.0
55	79	1.0
55	89	1.0
55	97	1.0
56	56	1.0
56	58	1.0
56	79	1.0
57	57	4.0
57	59	1.0
57	82	1.0
58	58	2.0
58	59	2.0
58	135	1.0
59	59	3.0
59	72	1.0
59	191	1.0
59	201	1.0
60	60	5.0
60	61	1.0
60	153	1.0
61	61	4.0
61	68	1.0
62	62	5.0
62	86	1.0
62	88	1.0
62	219	1.0
63	63	2.0
63	65	1.0
63	66	1.0
63	87	1.0
64	64	5.0
64	77	1.0
65	65	5.0
65	66	1.0
65	122	1.0
66	66	1.0
66	172	2.0
67	67	2.0
67	69	1.0
67	70	1.0
67	164	1.0
68	68	3.0
68	69	1.0
68	121	1.0
69	69	3.0
69	70	1.0
69	71	1.0
70	70	8.0
70	105	1.0
70	113	1.0
71	71	5.0
71	72	1.0
71	73	1.0
71	75	1.0
71	84	1.0
72	72	5.0
72	77	1.0
72	103	1.0
72	118	1.0
73	73	5.0
73	122	1.0
73	173	1.0
74	74	6.0
74	75	2.0
74	203	1.0
75	75	4.0
75	80	1.0
75	109	1.0
76	76	1.0
76	80	3.0
77	83	1.0
77	130	1.0
77	161	1.0
78	78	3.0
78	79	1.0
79	79	2.0
79	80	1.0
79	85	1.0
79	170	1.0
80	80	4.0
80	81	1.0
80	83	1.0
80	84	2.0
80	86	1.0
80	191	1.0
81	82	1.0
81	84	2.0
81	88	1.0
82	82	2.0
82	84	1.0
83	83	2.0
84	84	3.0
84	85	2.0
84	88	1.0
85	85	6.0
85	86	3.0
85	107	1.0
86	86	7.0
86	88	1.0
86	89	1.0
88	88	3.0
88	89	1.0
92	226	1.0
95	95	3.0
95	96	1.0
95	120	1.0
95	157	1.0
95	165	1.0
96	96	4.0
96	97	1.0
96	98	1.0
96	112	1.0
97	97	4.0
97	99	1.0
97	152	1.0
97	219	1.0
98	98	2.0
98	99	1.0
98	169	1.0
99	99	1.0
99	100	2.0
99	113	1.0
99	145	1.0
100	100	7.0
100	102	1.0
100	105	1.0
101	101	7.0
101	102	2.0
101	104	1.0
101	112	1.0
101	118	1.0
101	137	1.0
102	102	7.0
102	123	1.0
102	128	1.0
102	129	1.0
102	180	1.0
103	103	1.0
103	105	1.0
103	109	1.0
103	118	1.0
103	124	1.0
103	128	1.0
103	136	1.0
103	206	1.0
104	104	2.0
104	132	1.0
104	144	1.0
105	105	4.0
105	107	1.0
105	116	1.0
105	122	1.0
106	106	7.0
106	119	1.0
106	129	1.0
106	145	1.0
107	107	1.0
107	108	2.0
107	205	1.0
108	108	2.0
108	109	1.0
108	110	1.0
108	117	1.0
108	133	1.0
108	145	1.0
109	109	8.0
109	110	3.0
109	120	1.0
109	139	1.0
109	152	1.0
109	235	1.0
110	119	1.0
110	181	1.0
111	111	4.0
111	121	1.0
111	122	1.0
111	237	1.0
112	112	5.0
112	113	1.0
112	121	1.0
112	137	1.0
112	238	1.0
113	113	4.0
114	114	1.0
114	115	1.0
114	121	1.0
114	127	1.0
114	131	1.0
114	152	1.0
114	202	1.0
115	115	6.0
115	138	1.0
116	116	2.0
116	117	2.0
116	118	1.0
116	123	1.0
116	177	1.0
117	117	1.0
117	118	1.0
117	121	1.0
117	127	1.0
117	136	1.0
117	137	1.0
117	143	1.0
118	118	4.0
118	119	1.0
118	122	1.0
118	158	1.0
119	119	5.0
119	120	2.0
119	121	2.0
119	159	1.0
120	120	3.0
120	152	1.0
120	155	1.0
120	191	1.0
120	223	1.0
121	121	3.0
121	122	2.0
121	127	1.0
121	162	1.0
121	168	1.0
122	122	5.0
122	128	1.0
122	206	1.0
123	123	2.0
123	124	1.0
124	125	2.0
124	127	1.0
124	140	2.0
125	125	4.0
125	127	2.0
125	129	1.0
125	131	1.0
125	154	2.0
126	126	1.0
126	129	1.0
127	127	6.0
127	128	1.0
127	130	1.0
127	153	1.0
128	128	4.0
128	172	1.0
129	129	3.0
129	131	1.0
129	175	1.0
130	130	2.0
130	169	1.0
130	180	1.0
130	222	1.0
130	236	1.0
131	131	5.0
131	132	1.0
131	136	1.0
131	149	1.0
131	200	1.0
132	137	1.0
132	149	1.0
133	133	9.0
133	146	1.0
133	154	1.0
133	163	1.0
133	164	1.0
134	134	2.0
134	135	1.0
134	136	3.0
134	137	2.0
134	142	1.0
134	145	1.0
135	135	2.0
135	137	2.0
136	136	2.0
136	137	2.0
137	137	1.0
137	140	1.0
138	138	3.0
138	139	1.0
139	139	4.0
139	141	1.0
139	142	1.0
139	159	1.0
140	140	1.0
140	142	1.0
141	141	1.0
141	143	1.0
141	206	1.0
142	142	2.0
142	143	1.0
143	143	1.0
143	146	1.0
143	153	1.0
143	155	1.0
144	144	2.0
144	145	1.0
144	146	2.0
145	145	1.0
145	146	1.0
145	191	1.0
146	146	1.0
146	148	1.0
147	149	1.0
148	148	4.0
148	149	2.0
148	150	2.0
148	151	1.0
148	162	1.0
149	149	1.0
149	150	1.0
150	150	1.0
150	151	1.0
150	193	1.0
151	151	2.0
151	153	1.0
151	225	1.0
152	152	4.0
152	155	1.0
152	177	1.0
153	153	2.0
153	175	1.0
153	176	1.0
153	203	1.0
153	211	1.0
154	154	2.0
154	178	1.0
155	155	4.0
156	162	1.0
156	164	1.0
156	178	1.0
157	157	4.0
157	158	1.0
157	159	1.0
157	177	1.0
157	183	1.0
158	158	4.0
158	159	1.0
158	161	1.0
158	208	1.0
159	159	2.0
159	160	2.0
159	161	1.0
159	187	1.0
159	201	1.0
160	160	6.0
160	162	1.0
161	161	1.0
161	162	1.0
162	162	3.0
162	164	2.0
162	191	1.0
163	163	1.0
163	164	1.0
163	165	3.0
163	177	1.0
164	164	2.0
164	168	1.0
164	192	1.0
164	227	1.0
164	230	1.0
165	165	3.0
165	166	1.0
166	166	3.0
166	167	1.0
166	178	1.0
166	183	1.0
166	211	1.0
166	216	2.0
167	167	1.0
167	168	1.0
167	169	1.0
168	168	3.0
168	169	1.0
169	169	2.0
169	170	1.0
169	175	1.0
170	170	1.0
170	171	1.0
170	173	1.0
171	171	7.0
171	172	1.0
171	173	1.0
171	200	1.0
171	203	1.0
172	172	4.0
172	173	1.0
172	233	1.0
172	236	1.0
172	242	1.0
173	173	2.0
173	174	3.0
174	174	5.0
174	213	1.0
175	175	2.0
175	178	1.0
175	198	1.0
175	242	1.0
176	176	4.0
176	177	1.0
176	180	1.0
177	177	5.0
178	178	3.0
178	179	1.0
178	182	1.0
179	179	5.0
179	181	1.0
180	180	1.0
180	186	1.0
181	181	2.0
181	182	2.0
181	183	1.0
182	182	4.0
182	224	1.0
183	183	4.0
183	184	1.0
183	201	1.0
183	235	1.0
184	213	1.0
185	185	2.0
185	222	1.0
186	186	3.0
186	187	1.0
186	199	1.0
187	187	6.0
187	208	1.0
187	223	1.0
187	229	1.0
188	188	3.0
188	204	1.0
189	189	1.0
189	192	1.0
189	234	1.0
190	190	2.0
190	214	1.0
190	216	1.0
190	218	1.0
190	227	1.0
190	232	1.0
191	191	7.0
192	192	2.0
192	194	1.0
193	193	2.0
193	213	1.0
194	195	2.0
194	200	1.0
195	201	1.0
195	221	1.0
195	229	1.0
196	196	2.0
196	227	2.0
197	197	3.0
197	198	1.0
197	208	1.0
197	234	1.0
198	198	4.0
198	230	1.0
199	199	2.0
199	205	1.0
199	211	1.0
199	222	1.0
200	200	4.0
200	203	1.0
200	204	1.0
200	227	1.0
201	201	4.0
201	203	1.0
201	204	1.0
201	205	1.0
201	217	1.0
201	225	1.0
201	232	1.0
202	202	6.0
202	204	1.0
202	234	1.0
203	203	3.0
203	204	2.0
203	232	1.0
204	204	6.0
204	206	1.0
205	205	3.0
205	206	1.0
205	207	1.0
205	210	2.0
205	220	1.0
206	206	4.0
206	217	1.0
207	207	2.0
207	216	1.0
207	230	1.0
208	208	4.0
208	209	1.0
208	238	1.0
209	237	1.0
210	210	2.0
210	211	2.0
211	211	2.0
211	212	3.0
212	212	2.0
213	213	3.0
213	214	2.0
214	214	1.0
214	215	1.0
214	222	1.0
215	215	2.0
216	216	5.0
216	218	1.0
217	217	7.0
217	218	1.0
218	218	8.0
218	227	1.0
218	228	1.0
219	219	10.0
219	220	2.0
220	220	2.0
220	221	2.0
220	222	1.0
220	232	1.0
221	221	5.0
221	222	1.0
222	222	1.0
222	224	1.0
222	227	1.0
223	223	6.0
223	235	1.0
223	241	1.0
224	224	3.0
224	225	1.0
224	226	1.0
224	228	1.0
225	225	2.0
225	227	1.0
226	226	3.0
227	227	3.0
227	228	1.0
227	231	1.0
228	228	5.0
228	230	1.0
229	229	4.0
229	230	1.0
230	230	3.0
230	231	1.0
230	232	1.0
231	231	8.0
231	232	2.0
232	232	7.0
233	233	2.0
233	234	1.0
233	239	1.0
233	240	1.0
234	234	3.0
234	235	1.0
234	236	1.0
234	237	3.0
234	238	1.0
234	239	3.0
235	235	5.0
235	236	1.0
235	237	2.0
236	236	4.0
236	237	3.0
237	237	2.0
237	238	1.0
238	238	8.0
238	239	2.0
239	239	5.0
239	240	1.0
239	241	2.0
240	240	8.0
240	241	1.0
241	241	5.0
241	242	3.0
242	242	7.0
0	23	1.0
0	26	1.0
0	50	1.0
0	63	1.0
0	79	1.0
0	168	1.0
0	170	1.0
