20	20	5.0
20	21	1.0
20	52	1.0
20	75	1.0
21	21	5.0
21	22	3.0
21	36	2.0
22	22	5.0
22	23	3.0
22	29	1.0
22	31	1.0
22	61	2.0
22	107	1.0
23	23	5.0
23	24	3.0
23	25	1.0
23	54	1.0
23	104	1.0
24	24	7.0
24	37	1.0
25	25	8.0
25	26	2.0
25	48	1.0
26	26	5.0
26	27	1.0
26	48	2.0
26	49	1.0
26	87	1.0
27	27	4.0
27	28	1.0
27	67	1.0
27	83	1.0
27	86	1.0
27	99	1.0
28	28	7.0
28	29	1.0
28	33	1.0
29	29	3.0
29	34	1.0
29	46	1.0
29	49	2.0
29	50	1.0
29	59	1.0
29	67	1.0
29	72	1.0
29	95	1.0
30	30	4.0
30	31	2.0
30	38	1.0
30	46	1.0
30	48	2.0
30	72	3.0
30	73	1.0
30	80	1.0
31	31	5.0
31	32	5.0
31	51	1.0
31	66	1.0
31	71	1.0
31	99	1.0
32	32	4.0
32	33	1.0
32	50	1.0
32	58	1.0
32	59	1.0
32	63	1.0
32	94	1.0
33	33	5.0
33	46	3.0
33	48	1.0
33	53	1.0
33	72	1.0
33	95	1.0
33	97	1.0
34	34	9.0
34	58	1.0
34	68	1.0
34	95	1.0
35	35	8.0
35	36	1.0
35	37	1.0
35	39	1.0
35	52	2.0
35	68	1.0
35	92	1.0
36	36	5.0
36	38	4.0
36	73	1.0
36	78	1.0
36	95	1.0
36	97	1.0
36	98	1.0
37	37	4.0
37	38	1.0
37	40	1.0
37	41	1.0
37	42	1.0
37	45	1.0
37	53	1.0
37	96	2.0
37	98	1.0
38	38	4.0
38	39	3.0
38	41	1.0
38	43	1.0
38	44	1.0
38	54	1.0
39	39	2.0
39	44	1.0
39	45	1.0
39	48	1.0
39	50	1.0
39	76	1.0
40	40	6.0
40	42	2.0
40	43	1.0
40	76	2.0
41	41	4.0
41	42	2.0
41	44	1.0
41	91	1.0
42	42	3.0
42	44	1.0
42	49	1.0
43	43	5.0
43	45	3.0
43	53	2.0
44	44	4.0
44	45	1.0
44	48	1.0
44	49	2.0
44	51	1.0
44	53	1.0
44	76	1.0
44	77	1.0
45	45	7.0
45	46	2.0
45	51	1.0
45	52	2.0
45	77	1.0
46	46	7.0
46	47	5.0
46	48	1.0
46	52	2.0
46	53	1.0
46	63	1.0
47	47	3.0
47	48	2.0
47	49	1.0
47	66	1.0
48	48	5.0
48	49	3.0
49	49	4.0
49	53	1.0
50	50	4.0
50	51	2.0
50	54	1.0
51	51	3.0
51	52	3.0
51	53	1.0
51	70	2.0
51	94	1.0
52	52	9.0
52	53	2.0
52	56	2.0
52	70	1.0
52	77	2.0
52	94	1.0
52	101	1.0
53	53	7.0
53	54	5.0
53	76	1.0
53	96	1.0
54	54	4.0
54	55	2.0
54	57	1.0
54	67	1.0
54	96	1.0
55	55	4.0
55	56	3.0
55	62	1.0
55	66	1.0
55	90	1.0
55	91	1.0
55	93	1.0
56	56	6.0
56	62	1.0
57	57	4.0
57	58	2.0
57	59	2.0
57	60	2.0
57	68	2.0
57	95	1.0
58	58	6.0
58	59	2.0
59	59	8.0
59	60	6.0
59	71	1.0
59	77	1.0
60	60	8.0
60	61	3.0
60	62	1.0
61	61	5.0
61	62	3.0
61	63	1.0
61	64	2.0
61	69	2.0
61	79	1.0
62	62	1.0
62	63	1.0
62	68	1.0
62	79	1.0
62	81	1.0
63	63	4.0
63	80	1.0
64	64	11.0
64	65	1.0
64	68	1.0
64	76	1.0
65	65	13.0
65	66	1.0
65	68	1.0
65	69	1.0
65	96	1.0
66	66	7.0
66	67	2.0
67	67	5.0
68	68	7.0
68	69	6.0
68	70	1.0
68	71	2.0
68	95	1.0
68	104	1.0
69	69	4.0
69	70	2.0
69	74	1.0
69	75	1.0
70	70	13.0
70	72	1.0
71	71	10.0
71	72	1.0
71	73	1.0
71	77	1.0
72	72	12.0
72	73	3.0
73	73	9.0
73	74	3.0
73	105	1.0
74	74	8.0
74	75	1.0
75	75	9.0
75	76	1.0
75	77	2.0
76	76	5.0
76	77	2.0
77	77	5.0
77	78	3.0
77	81	1.0
77	89	2.0
77	90	1.0
78	78	5.0
78	79	2.0
78	81	1.0
78	88	1.0
78	90	1.0
78	92	1.0
78	100	1.0
79	79	5.0
79	82	1.0
79	84	1.0
79	86	1.0
79	88	1.0
79	97	1.0
79	99	2.0
80	80	6.0
80	81	2.0
80	82	2.0
80	83	1.0
81	81	5.0
81	82	1.0
81	83	1.0
81	84	1.0
81	86	1.0
82	82	2.0
82	83	5.0
82	88	1.0
83	83	3.0
83	84	1.0
84	84	4.0
84	85	5.0
84	87	1.0
84	88	2.0
85	85	8.0
85	98	1.0
86	86	6.0
87	87	9.0
87	88	1.0
87	89	1.0
87	93	1.0
88	88	7.0
88	89	3.0
88	90	1.0
89	89	6.0
89	90	3.0
89	96	1.0
90	90	5.0
90	91	1.0
90	94	2.0
90	97	1.0
91	91	3.0
91	92	1.0
91	94	1.0
91	102	1.0
91	106	1.0
92	92	9.0
92	93	3.0
92	98	1.0
93	93	5.0
93	94	4.0
93	99	1.0
94	94	8.0
94	95	1.0
94	96	1.0
95	95	4.0
95	96	2.0
95	97	1.0
95	100	1.0
96	96	11.0
96	97	1.0
96	98	1.0
97	97	9.0
97	98	7.0
97	99	1.0
98	98	7.0
98	99	5.0
99	99	12.0
100	100	3.0
101	101	6.0
101	102	2.0
102	102	11.0
102	103	2.0
102	104	1.0
103	103	4.0
103	104	2.0
103	105	2.0
103	106	1.0
104	104	8.0
104	105	3.0
105	105	6.0
106	106	3.0
106	107	2.0
