1	1	6.0
1	2	1.0
1	40	1.0
1	47	1.0
1	57	1.0
2	2	3.0
2	3	4.0
2	6	1.0
3	3	4.0
3	11	1.0
3	42	1.0
4	4	1.0
4	7	1.0
5	5	3.0
6	6	3.0
6	7	1.0
7	7	3.0
7	38	2.0
8	8	4.0
9	9	1.0
9	10	1.0
10	10	4.0
10	11	1.0
10	12	1.0
11	11	2.0
11	12	3.0
11	58	1.0
12	12	1.0
12	24	1.0
13	13	3.0
13	14	1.0
13	15	1.0
13	40	1.0
14	15	1.0
14	17	1.0
15	15	4.0
15	16	1.0
15	17	1.0
16	16	4.0
17	17	1.0
18	18	8.0
18	44	1.0
19	19	1.0
19	29	1.0
20	21	1.0
21	21	2.0
22	22	1.0
22	35	1.0
23	23	1.0
24	24	1.0
28	28	2.0
28	29	1.0
29	29	1.0
30	30	4.0
30	34	1.0
30	41	1.0
31	31	2.0
33	33	2.0
34	34	2.0
34	35	1.0
35	43	1.0
36	36	2.0
36	37	1.0
36	43	1.0
36	49	1.0
37	37	1.0
38	38	2.0
38	39	4.0
39	39	2.0
39	41	1.0
40	40	2.0
40	41	1.0
40	44	1.0
41	41	4.0
41	51	1.0
42	42	2.0
42	43	1.0
43	43	1.0
43	52	1.0
44	44	1.0
44	45	2.0
45	45	2.0
45	49	1.0
45	52	1.0
45	54	1.0
47	47	4.0
48	48	3.0
48	49	1.0
49	49	2.0
49	50	1.0
50	50	6.0
50	51	1.0
51	51	2.0
51	52	1.0
51	55	1.0
52	52	1.0
52	54	1.0
53	53	1.0
53	54	1.0
54	54	1.0
54	55	1.0
54	56	3.0
55	57	1.0
55	58	1.0
56	56	1.0
57	57	3.0
57	58	1.0
58	58	2.0
58	59	1.0
0	50	1.0
0	0	2.0
