1	1	4.0
1	2	2.0
2	2	4.0
2	73	2.0
2	76	1.0
3	3	4.0
3	4	1.0
4	4	4.0
4	7	1.0
4	8	1.0
4	9	1.0
5	5	3.0
5	6	2.0
5	7	1.0
5	8	1.0
6	6	1.0
6	7	1.0
6	8	1.0
7	7	1.0
7	8	1.0
7	9	1.0
7	27	1.0
8	8	3.0
8	9	1.0
8	67	1.0
9	9	1.0
9	11	1.0
9	19	1.0
9	20	1.0
10	10	2.0
10	12	1.0
11	11	3.0
11	13	1.0
11	14	1.0
12	12	1.0
12	26	1.0
13	14	1.0
14	14	1.0
15	15	3.0
16	16	4.0
16	20	1.0
16	27	1.0
16	37	1.0
17	17	4.0
17	28	1.0
17	30	1.0
17	34	1.0
18	47	1.0
19	19	3.0
19	20	1.0
19	31	1.0
19	40	1.0
20	21	1.0
21	21	1.0
21	31	2.0
25	25	2.0
25	28	1.0
26	26	3.0
26	28	1.0
27	27	2.0
27	32	1.0
28	28	1.0
28	29	2.0
29	29	3.0
30	30	2.0
30	31	2.0
31	31	3.0
31	32	3.0
32	32	2.0
33	33	7.0
33	36	1.0
34	34	2.0
34	35	1.0
35	35	2.0
36	36	5.0
37	37	2.0
37	38	1.0
38	38	3.0
38	39	1.0
38	60	1.0
39	39	1.0
40	41	1.0
40	57	1.0
41	41	3.0
41	42	1.0
41	62	1.0
42	42	3.0
42	43	1.0
43	43	1.0
44	44	1.0
44	56	1.0
45	45	2.0
45	47	2.0
46	46	8.0
47	47	1.0
47	48	4.0
48	48	5.0
49	49	3.0
49	50	1.0
49	52	1.0
49	53	2.0
49	54	1.0
49	59	1.0
50	50	1.0
50	52	1.0
51	51	1.0
52	52	1.0
53	53	6.0
54	54	5.0
54	55	1.0
54	67	1.0
54	71	2.0
55	55	8.0
55	56	1.0
56	56	4.0
56	61	1.0
57	57	1.0
57	58	1.0
57	60	1.0
58	58	1.0
58	59	4.0
59	59	1.0
59	61	1.0
59	71	1.0
60	65	2.0
60	73	1.0
61	61	3.0
61	63	1.0
61	75	1.0
62	62	5.0
63	63	4.0
63	64	1.0
64	64	5.0
64	66	1.0
65	65	2.0
65	73	1.0
65	74	1.0
66	66	2.0
67	67	2.0
67	70	1.0
68	68	1.0
69	69	2.0
70	70	4.0
70	75	1.0
71	71	1.0
71	72	1.0
72	72	6.0
73	73	3.0
73	74	1.0
74	74	4.0
74	75	2.0
74	80	2.0
75	75	2.0
75	77	1.0
76	76	5.0
76	77	1.0
77	77	7.0
77	78	1.0
78	78	6.0
79	79	7.0
80	80	3.0
80	81	1.0
0	3	1.0
0	5	1.0
0	37	1.0
0	0	7.0
