1	1	8.0
1	2	1.0
2	2	3.0
3	3	4.0
4	4	8.0
4	5	1.0
5	5	5.0
5	6	1.0
6	6	7.0
6	8	2.0
7	7	1.0
7	8	1.0
8	8	4.0
9	9	2.0
10	10	1.0
10	12	1.0
10	21	2.0
11	11	2.0
11	22	1.0
12	12	2.0
13	14	1.0
14	14	2.0
16	16	6.0
16	17	2.0
16	19	1.0
16	55	1.0
17	17	5.0
17	19	1.0
17	65	1.0
18	18	2.0
18	73	1.0
18	74	1.0
18	75	1.0
19	19	3.0
19	71	1.0
20	20	1.0
20	77	1.0
22	22	1.0
25	25	4.0
25	26	1.0
26	26	4.0
27	27	7.0
27	28	1.0
28	28	5.0
28	29	2.0
29	29	2.0
30	30	6.0
30	37	1.0
31	31	2.0
32	32	4.0
32	33	1.0
32	52	1.0
33	33	7.0
33	34	2.0
34	34	3.0
34	35	1.0
35	35	8.0
36	36	2.0
37	37	10.0
37	38	1.0
37	72	1.0
38	38	6.0
38	40	1.0
39	39	2.0
39	40	1.0
40	40	6.0
40	41	1.0
41	41	4.0
42	42	2.0
42	43	1.0
43	43	5.0
45	45	2.0
45	46	1.0
46	46	5.0
46	47	2.0
47	47	6.0
47	48	1.0
48	48	3.0
48	57	1.0
48	65	1.0
49	49	3.0
49	50	1.0
49	55	1.0
50	53	1.0
50	59	1.0
51	51	1.0
52	52	2.0
53	60	1.0
53	68	1.0
54	54	2.0
54	65	1.0
54	67	2.0
55	55	3.0
55	56	4.0
56	56	6.0
57	57	3.0
57	72	1.0
58	58	1.0
58	77	2.0
59	60	1.0
60	60	3.0
60	61	2.0
61	61	6.0
62	62	3.0
63	63	3.0
63	64	1.0
63	65	1.0
64	65	1.0
64	72	1.0
65	65	4.0
66	66	3.0
66	67	2.0
67	67	4.0
68	68	2.0
69	69	3.0
70	70	2.0
70	71	1.0
70	72	2.0
70	73	2.0
71	71	4.0
72	72	4.0
73	73	4.0
73	74	1.0
74	74	5.0
74	77	1.0
74	79	1.0
75	75	3.0
75	76	1.0
76	76	5.0
76	77	1.0
77	77	3.0
77	78	1.0
78	78	4.0
79	79	7.0
80	80	2.0
0	1	1.0
0	3	1.0
0	47	1.0
