2	2	2.0
3	3	1.0
3	8	1.0
4	4	1.0
4	5	1.0
4	6	2.0
4	33	1.0
5	5	1.0
5	6	2.0
5	47	1.0
5	58	1.0
6	6	2.0
6	31	1.0
7	10	1.0
8	8	4.0
8	33	1.0
9	9	3.0
9	14	1.0
9	80	1.0
9	82	1.0
10	32	1.0
10	35	1.0
10	80	2.0
11	11	7.0
11	15	1.0
11	83	1.0
11	116	2.0
12	12	3.0
12	16	1.0
12	28	1.0
12	29	1.0
12	36	1.0
13	13	5.0
13	15	1.0
13	53	1.0
14	14	3.0
14	15	1.0
14	26	1.0
15	15	3.0
15	16	3.0
15	53	1.0
15	108	1.0
15	153	1.0
16	16	2.0
16	48	1.0
16	68	2.0
16	71	1.0
16	108	1.0
17	26	1.0
17	44	1.0
18	18	2.0
18	19	3.0
18	20	1.0
18	22	1.0
18	154	1.0
19	19	4.0
20	20	4.0
20	86	1.0
20	102	1.0
20	117	1.0
21	21	1.0
21	26	1.0
21	49	1.0
22	22	2.0
22	107	1.0
22	114	1.0
23	23	4.0
23	25	1.0
23	26	1.0
23	42	1.0
23	48	1.0
23	49	1.0
23	98	1.0
24	24	1.0
24	34	1.0
24	121	1.0
24	126	1.0
25	48	1.0
25	108	1.0
26	26	2.0
26	27	1.0
26	34	1.0
27	27	1.0
27	28	2.0
27	55	1.0
27	82	1.0
28	28	1.0
29	29	1.0
29	31	2.0
29	40	1.0
29	90	1.0
30	31	1.0
31	32	1.0
31	38	1.0
31	56	1.0
32	32	2.0
33	33	1.0
33	92	1.0
34	34	1.0
35	35	1.0
37	42	1.0
37	48	1.0
38	38	2.0
38	56	1.0
38	118	1.0
39	39	2.0
39	40	2.0
39	71	1.0
39	74	1.0
40	40	4.0
40	41	1.0
41	41	4.0
41	42	2.0
41	44	1.0
41	76	1.0
42	42	2.0
42	49	1.0
42	63	1.0
42	82	1.0
42	99	1.0
42	139	1.0
43	43	4.0
43	98	1.0
43	136	1.0
44	44	4.0
44	45	1.0
44	54	1.0
44	69	1.0
44	107	1.0
45	45	1.0
45	46	1.0
45	147	1.0
46	46	2.0
46	48	1.0
46	49	1.0
46	87	1.0
47	47	2.0
47	50	1.0
47	57	1.0
48	48	3.0
48	49	2.0
49	49	3.0
49	65	1.0
49	118	1.0
49	136	1.0
50	51	1.0
51	54	1.0
51	63	1.0
51	106	1.0
53	53	2.0
53	100	1.0
53	102	1.0
54	54	1.0
54	116	1.0
55	55	2.0
55	109	1.0
56	56	1.0
56	125	1.0
57	57	2.0
57	58	1.0
57	76	1.0
57	78	1.0
57	81	1.0
57	132	1.0
58	58	1.0
58	63	1.0
61	62	1.0
61	66	1.0
62	62	2.0
62	65	1.0
62	73	1.0
62	86	1.0
63	63	3.0
64	64	2.0
64	71	1.0
64	101	1.0
64	102	1.0
65	65	4.0
65	66	1.0
65	73	1.0
65	74	1.0
65	102	1.0
66	66	1.0
66	67	1.0
66	95	1.0
66	100	1.0
66	101	1.0
66	150	1.0
67	67	2.0
68	68	1.0
68	70	1.0
69	69	5.0
69	71	1.0
69	94	1.0
69	109	1.0
69	153	1.0
70	108	1.0
71	71	2.0
71	83	1.0
71	133	1.0
71	149	1.0
72	72	2.0
72	73	1.0
73	73	1.0
73	74	1.0
73	116	1.0
73	124	1.0
74	74	1.0
74	80	1.0
74	84	1.0
74	95	2.0
75	75	2.0
75	95	1.0
75	96	1.0
75	117	1.0
75	130	1.0
75	134	1.0
76	83	1.0
76	145	1.0
77	77	1.0
77	78	1.0
77	110	1.0
77	145	1.0
78	78	3.0
78	81	1.0
78	142	1.0
79	79	1.0
79	88	1.0
79	122	1.0
80	80	2.0
80	82	1.0
80	88	1.0
81	82	1.0
81	83	1.0
81	98	1.0
82	82	1.0
83	83	2.0
83	100	1.0
83	133	1.0
84	85	1.0
85	85	1.0
86	86	1.0
86	87	1.0
87	87	1.0
87	88	1.0
87	140	1.0
89	89	1.0
90	91	1.0
90	93	1.0
90	126	1.0
93	93	3.0
94	94	1.0
94	100	1.0
95	95	4.0
95	97	1.0
96	96	4.0
96	97	1.0
97	97	2.0
97	99	1.0
99	131	1.0
99	132	1.0
99	134	1.0
99	138	1.0
99	141	1.0
100	100	2.0
100	134	1.0
101	101	1.0
101	102	1.0
101	106	1.0
101	109	1.0
102	102	2.0
102	152	1.0
103	104	1.0
104	104	1.0
104	108	1.0
104	110	1.0
104	130	1.0
105	105	1.0
105	106	1.0
105	149	1.0
106	106	4.0
106	108	1.0
107	107	1.0
107	111	1.0
107	130	1.0
107	137	1.0
108	108	2.0
108	109	1.0
109	109	3.0
109	110	2.0
109	111	2.0
110	110	3.0
110	111	1.0
110	112	1.0
111	111	2.0
111	129	1.0
112	112	3.0
112	113	1.0
112	128	1.0
114	114	1.0
114	121	1.0
115	115	2.0
115	123	1.0
115	126	1.0
115	132	1.0
115	153	1.0
116	117	1.0
116	122	1.0
116	133	1.0
117	117	5.0
117	121	1.0
117	148	1.0
118	118	3.0
119	119	1.0
119	120	1.0
119	123	1.0
119	150	1.0
120	120	3.0
120	127	2.0
120	149	1.0
121	121	2.0
121	128	1.0
121	130	1.0
122	122	6.0
123	123	1.0
123	125	2.0
123	133	1.0
124	124	1.0
124	125	1.0
124	147	1.0
125	125	2.0
125	145	1.0
125	154	1.0
126	126	1.0
127	127	2.0
127	141	1.0
127	153	1.0
128	128	2.0
128	129	1.0
128	130	1.0
128	133	1.0
128	141	1.0
129	129	2.0
129	142	1.0
130	130	1.0
130	132	1.0
130	146	1.0
131	131	4.0
131	146	1.0
131	147	1.0
132	132	3.0
132	146	1.0
132	151	1.0
133	152	1.0
134	134	6.0
134	137	1.0
135	135	2.0
136	136	2.0
137	153	1.0
138	138	1.0
139	139	1.0
139	142	1.0
140	140	2.0
141	142	1.0
141	146	1.0
141	152	1.0
142	142	1.0
142	144	1.0
143	143	1.0
144	145	1.0
144	146	2.0
144	147	1.0
147	147	1.0
148	148	2.0
148	149	1.0
149	149	3.0
149	150	1.0
150	150	4.0
150	152	1.0
151	152	1.0
153	153	4.0
154	154	2.0
