1	1	1.0
1	2	2.0
2	2	2.0
2	3	2.0
2	37	1.0
3	3	2.0
3	21	1.0
4	4	2.0
5	5	6.0
5	6	1.0
5	23	1.0
6	6	6.0
7	9	1.0
7	70	1.0
8	18	2.0
9	9	1.0
11	28	1.0
12	12	2.0
13	13	1.0
14	14	4.0
14	16	1.0
16	16	1.0
16	18	1.0
17	17	1.0
17	18	1.0
17	25	1.0
18	18	2.0
19	19	1.0
19	20	2.0
19	22	1.0
20	20	1.0
20	21	1.0
20	22	1.0
21	24	1.0
21	33	1.0
21	34	1.0
22	22	4.0
22	30	1.0
22	33	1.0
22	35	1.0
22	36	1.0
23	23	1.0
23	24	1.0
24	24	1.0
24	39	1.0
25	25	4.0
25	30	1.0
26	26	2.0
26	27	2.0
27	27	3.0
27	28	1.0
28	43	1.0
28	47	1.0
29	31	1.0
29	46	1.0
30	30	3.0
30	44	1.0
30	45	1.0
30	65	1.0
32	32	1.0
32	39	1.0
32	51	1.0
33	33	3.0
34	34	1.0
35	35	2.0
36	36	1.0
37	37	1.0
37	41	1.0
38	38	2.0
38	42	1.0
39	39	3.0
40	41	2.0
40	43	1.0
41	41	1.0
41	42	1.0
42	42	3.0
42	43	1.0
43	43	1.0
43	47	1.0
44	44	2.0
44	90	1.0
45	45	2.0
45	47	1.0
47	47	1.0
49	49	1.0
50	50	2.0
50	51	1.0
51	54	1.0
53	53	1.0
54	54	1.0
55	57	1.0
57	57	1.0
62	62	1.0
62	63	1.0
62	64	1.0
64	64	1.0
65	65	2.0
65	66	1.0
65	73	1.0
66	66	1.0
66	73	1.0
67	67	1.0
68	70	1.0
69	69	1.0
69	72	2.0
71	71	2.0
73	73	3.0
73	75	1.0
74	74	1.0
75	75	7.0
75	76	1.0
75	77	1.0
76	76	1.0
76	148	1.0
77	77	2.0
77	96	1.0
78	78	4.0
78	146	1.0
79	81	1.0
80	81	1.0
80	137	1.0
81	81	1.0
81	87	1.0
81	88	1.0
81	111	1.0
82	88	1.0
82	121	1.0
82	144	1.0
84	84	1.0
86	86	1.0
88	88	1.0
89	89	1.0
90	90	2.0
90	91	1.0
90	96	1.0
90	97	1.0
91	92	2.0
91	129	1.0
91	152	1.0
92	92	3.0
92	104	1.0
93	93	1.0
93	103	1.0
93	147	1.0
94	94	1.0
94	95	1.0
95	96	2.0
95	128	1.0
96	96	1.0
98	98	3.0
98	99	2.0
99	99	2.0
99	127	1.0
100	100	3.0
101	101	5.0
102	102	1.0
104	104	4.0
104	106	1.0
105	105	1.0
105	106	1.0
105	111	1.0
105	114	1.0
106	106	2.0
106	115	1.0
106	116	1.0
106	148	1.0
107	107	5.0
107	116	2.0
108	108	1.0
109	109	1.0
110	110	2.0
110	111	1.0
110	118	1.0
110	125	1.0
111	111	1.0
111	123	1.0
111	124	1.0
112	112	2.0
112	113	1.0
113	114	1.0
113	122	1.0
113	125	1.0
115	115	1.0
115	116	1.0
115	117	1.0
115	144	1.0
116	116	3.0
116	120	1.0
116	137	1.0
117	117	2.0
118	118	2.0
118	120	1.0
119	119	1.0
119	145	1.0
120	120	3.0
120	121	1.0
121	121	1.0
121	122	1.0
123	126	1.0
124	124	2.0
124	125	1.0
125	125	1.0
127	127	2.0
127	128	1.0
127	155	1.0
128	128	3.0
128	129	1.0
129	129	4.0
129	130	1.0
129	131	1.0
130	130	2.0
130	131	1.0
131	131	2.0
131	132	2.0
132	132	4.0
132	133	1.0
133	133	1.0
134	134	2.0
134	135	1.0
135	135	3.0
137	137	3.0
138	138	3.0
138	140	1.0
139	139	4.0
140	140	1.0
140	141	1.0
140	144	1.0
141	141	2.0
141	142	1.0
144	144	2.0
144	150	1.0
145	146	1.0
145	147	1.0
145	149	1.0
146	147	1.0
147	147	2.0
147	150	2.0
147	154	1.0
148	148	2.0
149	149	3.0
150	150	5.0
151	152	1.0
151	155	1.0
151	156	1.0
155	155	3.0
155	156	1.0
156	157	1.0
157	157	2.0
157	158	2.0
158	158	2.0
159	159	1.0
0	1	1.0
0	0	2.0
