1	23	1.0
2	2	1.0
2	3	2.0
2	10	2.0
3	9	1.0
4	12	1.0
6	6	2.0
6	17	1.0
6	58	2.0
7	8	2.0
7	9	1.0
8	8	1.0
8	11	2.0
8	19	1.0
8	38	1.0
9	9	1.0
9	41	1.0
10	10	1.0
11	11	1.0
11	12	1.0
11	19	1.0
12	16	1.0
13	13	1.0
14	14	1.0
14	173	1.0
15	15	1.0
15	49	1.0
16	57	1.0
16	81	1.0
17	165	1.0
17	183	1.0
18	18	1.0
18	19	1.0
19	37	1.0
19	53	1.0
20	20	2.0
20	28	1.0
20	182	1.0
21	183	1.0
22	117	1.0
23	23	1.0
23	149	1.0
24	28	1.0
25	25	1.0
26	26	2.0
26	27	1.0
26	63	1.0
27	27	2.0
27	37	1.0
29	29	2.0
29	30	1.0
29	47	1.0
30	30	1.0
30	31	3.0
31	51	1.0
31	53	1.0
31	62	1.0
31	65	1.0
32	32	2.0
32	33	1.0
32	75	1.0
32	182	1.0
33	33	4.0
33	37	1.0
33	74	1.0
34	34	1.0
34	84	1.0
35	36	1.0
35	50	1.0
35	53	1.0
35	58	1.0
36	36	1.0
36	107	1.0
38	38	2.0
39	39	3.0
40	81	1.0
41	41	1.0
41	48	1.0
41	71	1.0
41	82	1.0
42	42	5.0
43	43	2.0
43	48	1.0
43	165	1.0
44	44	2.0
44	45	1.0
44	139	1.0
45	46	1.0
45	47	1.0
45	85	1.0
45	99	1.0
46	46	2.0
47	47	3.0
48	48	1.0
48	73	1.0
49	68	1.0
49	82	1.0
50	51	1.0
50	151	1.0
52	53	1.0
52	80	1.0
53	63	1.0
53	70	1.0
54	234	1.0
55	231	1.0
56	57	2.0
56	84	1.0
58	58	1.0
58	85	1.0
59	59	2.0
59	60	1.0
61	61	1.0
62	62	3.0
62	65	1.0
62	230	1.0
63	63	1.0
64	99	1.0
64	178	1.0
67	67	2.0
68	68	1.0
68	71	1.0
68	106	1.0
68	169	1.0
69	69	4.0
69	70	1.0
70	70	2.0
70	179	1.0
70	193	1.0
72	95	1.0
73	74	1.0
73	75	2.0
73	102	1.0
74	74	1.0
74	175	1.0
75	75	1.0
75	85	1.0
76	80	1.0
77	77	1.0
78	122	1.0
79	79	2.0
80	80	1.0
80	84	1.0
80	103	1.0
81	81	1.0
82	82	1.0
82	83	1.0
83	83	3.0
83	105	1.0
84	84	1.0
84	100	1.0
84	103	1.0
85	97	1.0
86	88	1.0
95	131	1.0
95	135	1.0
96	128	1.0
97	97	1.0
97	137	1.0
98	98	4.0
99	99	2.0
99	122	1.0
100	100	1.0
100	101	2.0
101	101	1.0
101	103	1.0
102	102	1.0
102	136	1.0
103	127	1.0
104	107	1.0
104	133	1.0
105	105	2.0
105	109	1.0
106	106	1.0
106	127	2.0
107	108	1.0
107	195	1.0
108	115	1.0
110	115	1.0
111	196	1.0
112	112	1.0
112	113	1.0
113	113	2.0
114	114	2.0
114	116	1.0
115	124	1.0
115	193	1.0
116	116	1.0
116	117	1.0
116	164	1.0
116	205	1.0
117	118	2.0
117	120	1.0
118	118	1.0
119	119	2.0
119	120	1.0
119	177	2.0
119	184	1.0
120	120	1.0
120	121	1.0
121	121	2.0
121	135	1.0
121	185	1.0
121	235	1.0
122	122	2.0
122	123	1.0
122	241	1.0
123	123	2.0
123	169	1.0
124	124	2.0
125	126	1.0
125	127	1.0
126	127	2.0
127	159	1.0
128	128	1.0
129	129	1.0
130	130	1.0
130	133	1.0
131	131	1.0
134	134	1.0
134	137	1.0
134	226	1.0
135	135	1.0
135	136	1.0
136	136	2.0
136	173	1.0
136	231	1.0
137	138	1.0
137	140	1.0
137	146	1.0
138	138	2.0
140	205	1.0
141	141	2.0
141	142	1.0
142	142	2.0
144	144	3.0
144	145	2.0
145	145	1.0
145	146	1.0
146	146	3.0
146	147	1.0
147	147	1.0
147	148	1.0
147	150	1.0
147	192	1.0
148	148	4.0
148	178	1.0
148	227	1.0
150	151	1.0
151	235	1.0
152	154	1.0
153	153	1.0
154	154	1.0
154	156	1.0
154	176	1.0
155	167	1.0
156	157	2.0
157	157	1.0
158	164	1.0
159	160	1.0
159	163	1.0
159	166	1.0
159	192	1.0
160	160	1.0
160	225	1.0
162	225	1.0
163	163	1.0
164	164	1.0
166	166	1.0
167	240	1.0
168	168	1.0
168	169	1.0
170	171	1.0
170	177	1.0
172	172	2.0
173	174	1.0
173	236	2.0
174	175	1.0
175	236	1.0
176	176	3.0
176	193	2.0
177	242	1.0
178	178	3.0
178	184	1.0
179	180	1.0
179	193	1.0
179	194	1.0
179	217	1.0
180	219	1.0
181	181	1.0
184	185	3.0
184	186	1.0
184	205	1.0
186	201	1.0
187	187	1.0
187	188	1.0
189	189	2.0
189	240	1.0
190	190	1.0
191	191	3.0
191	203	1.0
192	192	5.0
193	210	1.0
194	194	1.0
194	240	1.0
195	229	1.0
197	197	2.0
197	198	1.0
197	217	1.0
198	198	1.0
199	200	1.0
200	200	1.0
200	204	1.0
200	206	1.0
200	224	1.0
201	201	2.0
202	202	1.0
203	203	1.0
203	204	2.0
204	204	1.0
205	205	3.0
206	206	1.0
206	238	1.0
207	207	2.0
209	229	1.0
210	210	1.0
210	211	1.0
210	212	1.0
210	224	1.0
211	211	1.0
211	221	1.0
212	215	1.0
212	225	1.0
212	237	1.0
214	215	1.0
215	215	1.0
215	218	1.0
217	217	1.0
217	218	2.0
218	218	4.0
219	239	1.0
219	240	1.0
220	221	1.0
220	235	1.0
221	221	2.0
221	222	2.0
222	239	1.0
223	224	1.0
224	224	1.0
226	227	2.0
227	227	1.0
228	228	2.0
228	230	1.0
228	231	1.0
229	229	2.0
229	231	1.0
230	230	2.0
231	232	1.0
233	233	1.0
233	234	1.0
234	234	2.0
235	235	2.0
235	236	1.0
236	236	2.0
236	237	1.0
236	239	1.0
237	237	1.0
237	238	1.0
238	238	3.0
238	240	1.0
239	239	1.0
240	240	2.0
242	242	3.0
0	1	1.0
0	10	1.0
0	0	2.0
