20	20	2.0
20	30	1.0
20	39	1.0
21	21	2.0
21	24	1.0
21	35	1.0
21	68	2.0
21	79	1.0
22	23	1.0
22	72	1.0
23	23	1.0
23	24	1.0
23	61	1.0
23	68	1.0
23	70	1.0
24	66	2.0
24	69	1.0
24	78	1.0
25	25	1.0
25	29	1.0
25	44	1.0
26	26	1.0
26	27	1.0
26	28	1.0
26	40	1.0
27	27	1.0
27	28	1.0
27	33	1.0
27	37	1.0
27	38	1.0
27	42	1.0
27	56	1.0
28	28	1.0
29	29	5.0
29	46	1.0
30	30	2.0
30	37	1.0
30	38	2.0
30	43	1.0
30	45	1.0
30	66	1.0
31	31	2.0
31	32	1.0
31	34	1.0
31	53	1.0
31	56	1.0
32	32	2.0
32	33	1.0
32	36	1.0
33	33	2.0
33	34	1.0
33	38	1.0
33	76	1.0
34	34	3.0
34	37	1.0
34	40	1.0
34	76	1.0
35	35	2.0
35	49	1.0
35	59	1.0
35	78	1.0
36	36	1.0
37	37	1.0
38	38	2.0
38	39	1.0
38	42	1.0
38	43	1.0
38	44	1.0
38	45	1.0
39	39	1.0
39	40	3.0
39	42	1.0
39	46	1.0
39	79	1.0
40	40	3.0
41	41	2.0
42	42	3.0
44	59	1.0
45	45	1.0
45	49	1.0
45	52	1.0
45	53	1.0
45	57	1.0
45	59	1.0
45	79	1.0
46	46	3.0
46	93	1.0
47	47	1.0
47	57	1.0
48	49	1.0
49	49	1.0
49	62	1.0
49	81	1.0
49	98	1.0
50	50	3.0
50	51	2.0
50	53	1.0
50	56	1.0
50	66	1.0
50	89	2.0
51	51	2.0
51	52	1.0
51	65	1.0
51	86	1.0
51	100	1.0
52	52	2.0
52	53	1.0
52	77	1.0
52	95	1.0
52	104	1.0
53	53	1.0
53	54	3.0
53	57	1.0
53	74	1.0
53	90	1.0
54	54	3.0
54	65	1.0
54	77	1.0
54	105	1.0
55	55	3.0
55	65	1.0
55	90	1.0
55	91	1.0
56	56	4.0
56	87	1.0
57	57	3.0
57	64	1.0
57	71	1.0
58	58	2.0
58	64	1.0
58	84	1.0
59	59	5.0
59	60	1.0
59	86	1.0
60	61	2.0
60	62	1.0
60	83	1.0
61	61	2.0
62	63	1.0
63	63	1.0
63	86	1.0
64	64	2.0
64	71	1.0
65	65	2.0
65	76	1.0
65	82	1.0
65	105	1.0
66	66	2.0
66	67	1.0
66	81	1.0
67	67	3.0
67	68	2.0
67	98	1.0
68	68	3.0
68	98	1.0
69	69	2.0
69	70	1.0
70	70	1.0
70	71	1.0
70	97	1.0
71	72	2.0
71	73	2.0
72	72	4.0
73	73	2.0
73	105	1.0
74	74	2.0
74	75	1.0
74	106	2.0
75	75	6.0
75	76	2.0
76	76	2.0
76	79	1.0
76	90	1.0
76	104	1.0
77	77	3.0
77	100	1.0
78	78	2.0
78	79	2.0
79	79	2.0
79	82	1.0
80	82	1.0
80	83	1.0
80	91	2.0
80	97	1.0
81	81	1.0
81	86	1.0
81	88	1.0
81	98	1.0
82	82	2.0
82	98	1.0
83	83	2.0
83	84	1.0
83	85	1.0
83	86	1.0
83	93	1.0
84	84	1.0
84	86	1.0
84	87	1.0
85	85	1.0
85	86	1.0
85	99	1.0
85	100	1.0
86	86	1.0
86	87	1.0
87	87	2.0
87	99	1.0
88	88	1.0
88	89	1.0
88	94	1.0
89	89	2.0
89	91	2.0
90	90	6.0
90	92	1.0
91	91	4.0
91	92	2.0
92	92	3.0
92	95	1.0
93	93	2.0
93	94	1.0
93	101	1.0
93	107	1.0
94	94	5.0
94	100	1.0
94	105	1.0
95	95	2.0
95	99	1.0
95	104	1.0
96	96	3.0
96	97	1.0
96	100	1.0
96	101	1.0
96	104	1.0
97	97	5.0
97	98	2.0
97	100	4.0
97	101	1.0
98	98	4.0
98	99	2.0
99	99	3.0
99	100	1.0
99	101	1.0
100	100	3.0
100	102	1.0
101	101	5.0
102	102	2.0
102	103	1.0
102	104	1.0
103	103	8.0
103	104	1.0
104	104	3.0
104	106	1.0
104	107	1.0
105	105	5.0
