1	1	1.0
1	2	3.0
1	90	1.0
2	2	1.0
3	3	5.0
3	4	1.0
3	11	1.0
4	4	4.0
4	10	1.0
4	48	1.0
4	88	1.0
5	5	1.0
5	9	1.0
5	31	1.0
6	6	2.0
7	7	2.0
7	8	2.0
8	17	1.0
9	9	3.0
9	10	2.0
9	17	1.0
10	46	1.0
11	11	6.0
11	30	1.0
11	88	2.0
12	12	3.0
12	13	2.0
13	13	1.0
14	14	3.0
14	22	1.0
15	15	3.0
16	16	2.0
17	17	4.0
17	19	1.0
19	19	2.0
19	21	1.0
19	23	2.0
20	21	1.0
21	21	1.0
21	22	1.0
22	22	7.0
22	23	1.0
23	23	2.0
23	24	2.0
23	27	2.0
24	24	5.0
24	25	2.0
24	65	1.0
25	25	2.0
25	27	1.0
25	49	1.0
26	26	3.0
26	48	1.0
26	49	2.0
27	27	3.0
27	48	1.0
27	86	1.0
28	28	3.0
30	30	2.0
30	69	1.0
31	31	3.0
31	55	1.0
32	32	1.0
33	33	1.0
34	34	2.0
46	66	1.0
47	50	1.0
47	56	1.0
47	88	1.0
48	48	4.0
48	49	1.0
48	50	1.0
49	49	1.0
49	60	1.0
49	61	1.0
49	65	1.0
49	83	1.0
49	86	2.0
50	50	1.0
50	51	1.0
50	87	4.0
51	51	1.0
51	53	1.0
51	58	1.0
51	78	2.0
52	53	1.0
52	78	1.0
53	58	2.0
54	54	3.0
54	55	3.0
55	55	2.0
55	77	2.0
56	56	3.0
57	57	1.0
58	58	2.0
58	75	1.0
58	81	1.0
59	59	1.0
60	60	3.0
61	62	1.0
61	63	1.0
62	62	3.0
62	63	1.0
62	83	1.0
63	63	3.0
63	64	1.0
63	79	1.0
64	64	3.0
64	65	1.0
65	65	2.0
65	66	3.0
66	66	3.0
66	67	1.0
67	67	2.0
68	68	2.0
68	69	3.0
69	69	1.0
69	77	1.0
70	70	3.0
70	74	1.0
70	75	1.0
71	71	5.0
72	72	2.0
72	73	2.0
73	73	6.0
74	74	5.0
75	75	1.0
75	76	1.0
76	76	2.0
76	77	2.0
76	83	1.0
78	78	1.0
78	79	3.0
79	79	3.0
79	80	1.0
79	82	1.0
80	80	2.0
80	82	2.0
80	83	1.0
81	81	5.0
81	83	1.0
82	82	5.0
82	83	1.0
83	83	3.0
84	84	2.0
85	85	3.0
86	86	1.0
87	87	1.0
88	88	3.0
89	90	1.0
0	1	3.0
0	0	4.0
