17	17	4.0
17	29	2.0
18	18	5.0
18	19	1.0
19	19	6.0
19	20	1.0
19	23	1.0
19	30	1.0
19	35	2.0
19	50	1.0
20	20	2.0
20	26	1.0
21	21	5.0
21	22	1.0
22	22	5.0
23	23	7.0
23	24	3.0
23	41	1.0
24	24	13.0
24	31	1.0
24	37	2.0
24	40	1.0
24	42	1.0
24	45	1.0
25	25	2.0
25	26	1.0
26	26	8.0
26	27	3.0
26	28	1.0
26	32	1.0
26	35	1.0
27	27	5.0
27	28	2.0
27	29	1.0
27	33	1.0
27	47	1.0
27	48	1.0
27	49	1.0
28	28	5.0
28	29	3.0
28	34	1.0
28	35	1.0
28	49	1.0
29	29	1.0
29	30	1.0
29	31	1.0
29	35	1.0
29	36	2.0
30	30	7.0
30	31	3.0
31	31	8.0
31	45	1.0
32	32	4.0
32	33	2.0
32	50	1.0
33	33	8.0
33	34	2.0
33	35	1.0
33	47	1.0
33	48	1.0
34	34	9.0
34	35	7.0
35	35	6.0
36	36	5.0
37	37	10.0
37	38	1.0
37	40	1.0
37	45	1.0
37	47	1.0
38	38	3.0
38	39	1.0
38	42	1.0
39	39	10.0
39	40	3.0
40	40	8.0
40	41	1.0
41	41	10.0
41	42	1.0
42	42	6.0
42	43	1.0
43	43	4.0
43	44	3.0
43	45	1.0
44	44	9.0
44	45	2.0
44	46	1.0
45	45	1.0
45	46	1.0
45	47	1.0
46	46	8.0
46	47	3.0
46	50	1.0
47	47	7.0
47	48	4.0
47	49	3.0
48	48	6.0
48	49	4.0
49	49	7.0
49	50	3.0
50	50	6.0
50	51	1.0
51	51	2.0
