1	1	4.0
1	2	2.0
1	3	1.0
1	6	1.0
2	2	4.0
2	3	2.0
2	4	3.0
3	3	3.0
3	4	1.0
4	4	2.0
4	5	2.0
5	5	4.0
5	6	1.0
6	6	6.0
6	7	1.0
7	7	2.0
7	8	1.0
8	8	4.0
8	9	3.0
8	10	3.0
8	63	1.0
9	9	3.0
9	17	1.0
9	60	1.0
10	10	3.0
10	60	1.0
11	11	3.0
11	12	1.0
11	63	1.0
12	12	1.0
12	13	1.0
13	13	5.0
13	15	1.0
13	38	1.0
14	14	2.0
14	15	1.0
15	15	1.0
15	35	1.0
16	16	4.0
16	17	2.0
16	19	1.0
17	17	3.0
18	18	2.0
19	19	1.0
19	20	2.0
19	21	2.0
19	22	1.0
19	24	1.0
19	25	1.0
20	20	2.0
22	22	1.0
22	24	2.0
23	23	3.0
23	25	1.0
24	24	1.0
24	25	1.0
24	26	1.0
24	27	1.0
25	25	3.0
26	26	3.0
26	27	2.0
26	28	1.0
27	27	2.0
27	28	1.0
28	28	3.0
28	29	2.0
28	32	1.0
29	29	1.0
31	31	5.0
31	32	2.0
31	38	1.0
32	32	6.0
32	33	2.0
32	73	1.0
33	33	2.0
33	34	1.0
34	34	1.0
34	35	1.0
34	37	1.0
34	40	1.0
35	35	5.0
35	36	1.0
36	36	1.0
37	37	3.0
38	38	4.0
38	39	2.0
39	39	4.0
39	65	1.0
40	40	3.0
40	42	1.0
41	41	2.0
41	65	1.0
41	81	1.0
41	87	1.0
42	42	2.0
42	53	1.0
43	43	5.0
43	44	1.0
44	44	2.0
45	46	1.0
46	53	1.0
49	49	1.0
49	77	1.0
50	54	1.0
50	77	1.0
51	51	1.0
52	52	1.0
52	53	1.0
52	56	1.0
53	53	5.0
53	54	1.0
53	56	1.0
54	54	3.0
54	66	1.0
55	55	3.0
55	56	1.0
55	57	1.0
56	56	5.0
56	57	1.0
57	57	2.0
57	58	1.0
58	58	2.0
58	168	1.0
59	59	3.0
59	61	1.0
59	175	1.0
60	60	5.0
61	61	2.0
62	62	1.0
62	63	1.0
63	63	1.0
64	64	1.0
65	65	5.0
65	67	1.0
66	66	1.0
67	67	1.0
67	76	1.0
68	68	1.0
68	76	1.0
70	71	1.0
71	71	6.0
71	75	1.0
72	72	2.0
73	73	4.0
74	74	4.0
74	80	1.0
75	75	4.0
75	76	1.0
76	76	4.0
76	77	2.0
77	77	3.0
77	78	2.0
77	80	1.0
78	78	3.0
78	79	1.0
79	79	1.0
79	80	1.0
80	80	1.0
80	81	1.0
80	138	1.0
80	173	1.0
81	81	1.0
82	82	1.0
82	83	1.0
82	138	1.0
83	83	2.0
83	84	2.0
83	87	1.0
84	84	1.0
84	86	1.0
85	85	1.0
85	146	1.0
86	86	4.0
87	87	5.0
88	88	1.0
88	89	1.0
88	106	1.0
89	89	2.0
89	91	1.0
89	147	1.0
90	90	3.0
90	91	1.0
91	91	1.0
91	92	2.0
92	92	1.0
92	93	3.0
92	110	1.0
93	93	2.0
93	95	1.0
93	105	1.0
93	109	1.0
94	94	1.0
94	95	1.0
95	95	5.0
95	167	1.0
95	168	1.0
96	98	1.0
96	105	1.0
96	107	1.0
96	110	1.0
96	163	2.0
97	97	3.0
97	101	1.0
98	98	1.0
99	99	1.0
99	101	1.0
99	142	1.0
100	100	1.0
100	101	1.0
101	101	3.0
101	102	1.0
102	102	3.0
102	103	2.0
103	103	1.0
103	108	1.0
103	140	1.0
104	146	1.0
104	163	1.0
105	105	4.0
105	110	1.0
106	106	3.0
106	107	1.0
107	107	2.0
107	108	2.0
107	111	1.0
108	108	8.0
109	109	2.0
109	137	1.0
110	110	5.0
111	111	2.0
111	112	1.0
112	112	2.0
112	113	1.0
112	114	1.0
113	113	1.0
113	114	1.0
113	151	1.0
113	154	1.0
113	165	1.0
114	114	4.0
114	115	1.0
115	115	2.0
115	116	1.0
116	116	3.0
116	117	1.0
116	119	1.0
117	117	1.0
118	118	2.0
119	119	2.0
119	130	1.0
119	152	1.0
120	120	3.0
120	121	2.0
120	127	1.0
121	121	4.0
121	125	1.0
122	122	2.0
122	125	1.0
122	127	1.0
122	163	1.0
122	164	1.0
123	123	1.0
123	125	1.0
124	124	2.0
124	149	1.0
125	125	2.0
125	128	1.0
125	142	1.0
125	162	1.0
126	126	3.0
126	160	1.0
127	127	2.0
127	162	1.0
128	128	4.0
129	129	5.0
129	154	1.0
130	130	3.0
131	131	6.0
131	133	2.0
132	132	5.0
132	133	2.0
133	133	3.0
134	134	3.0
134	135	1.0
135	135	5.0
136	136	3.0
137	137	2.0
138	138	3.0
139	139	5.0
139	149	2.0
140	140	1.0
140	144	2.0
141	141	5.0
141	142	1.0
141	143	1.0
141	145	1.0
142	142	5.0
142	143	2.0
142	148	1.0
143	143	1.0
143	144	1.0
144	144	3.0
144	145	1.0
145	145	3.0
146	146	3.0
147	147	2.0
148	148	4.0
148	149	1.0
148	152	1.0
149	149	5.0
149	150	1.0
150	150	6.0
150	151	1.0
150	154	1.0
151	151	5.0
151	153	1.0
152	152	2.0
153	153	2.0
154	154	6.0
154	155	1.0
154	167	1.0
155	155	3.0
155	156	1.0
156	156	2.0
156	157	1.0
157	157	4.0
157	158	1.0
158	158	3.0
159	159	4.0
160	160	2.0
161	161	3.0
161	162	1.0
162	162	3.0
163	163	3.0
163	164	1.0
164	164	1.0
165	165	2.0
166	166	2.0
166	167	3.0
167	167	3.0
168	168	2.0
168	169	1.0
169	169	4.0
169	170	3.0
170	170	3.0
170	171	1.0
171	171	6.0
171	172	2.0
172	172	6.0
172	173	1.0
172	174	1.0
172	175	1.0
173	173	3.0
173	174	1.0
173	175	1.0
174	174	5.0
175	175	4.0
175	176	2.0
176	176	4.0
176	179	1.0
177	177	2.0
177	178	1.0
178	178	3.0
178	179	1.0
178	180	1.0
179	179	7.0
0	1	1.0
0	7	1.0
0	11	1.0
0	0	3.0
