1	1	4.0
1	68	1.0
2	2	2.0
2	3	1.0
2	44	1.0
3	3	2.0
3	4	1.0
3	33	1.0
4	4	1.0
5	5	2.0
5	8	1.0
5	9	1.0
5	27	1.0
6	78	1.0
7	7	1.0
7	26	1.0
7	31	1.0
7	47	1.0
7	125	2.0
8	8	1.0
8	9	2.0
8	15	1.0
8	16	1.0
8	26	2.0
8	27	1.0
9	9	4.0
9	10	1.0
9	44	1.0
10	10	1.0
10	11	2.0
10	30	1.0
10	43	1.0
11	11	3.0
11	12	2.0
11	15	1.0
12	12	1.0
12	15	1.0
12	107	1.0
13	13	4.0
13	14	1.0
13	29	1.0
14	14	2.0
14	70	1.0
15	15	3.0
15	16	1.0
16	16	1.0
16	28	1.0
17	17	1.0
17	19	1.0
17	33	1.0
17	45	1.0
17	70	1.0
18	18	3.0
18	20	1.0
18	83	1.0
19	19	6.0
19	20	2.0
19	45	1.0
19	73	1.0
20	20	2.0
20	22	1.0
20	45	1.0
20	56	1.0
20	74	1.0
20	94	1.0
21	21	1.0
21	22	1.0
21	23	1.0
22	22	1.0
22	42	1.0
23	23	2.0
23	41	1.0
23	50	1.0
24	27	1.0
24	49	1.0
25	26	1.0
25	114	1.0
26	32	1.0
26	42	1.0
26	45	1.0
28	28	3.0
28	30	1.0
28	41	1.0
28	48	1.0
28	106	1.0
28	126	1.0
29	29	1.0
29	133	1.0
30	103	1.0
31	32	2.0
31	47	1.0
32	35	1.0
32	60	1.0
32	74	1.0
32	112	1.0
33	33	3.0
33	34	1.0
33	35	1.0
34	44	1.0
35	35	3.0
35	48	1.0
35	79	1.0
36	36	2.0
36	55	1.0
36	96	1.0
37	37	1.0
37	38	1.0
37	56	1.0
38	59	1.0
39	39	2.0
39	41	1.0
40	40	2.0
41	41	2.0
41	42	1.0
41	48	1.0
42	42	3.0
42	43	1.0
42	51	1.0
42	78	1.0
44	44	2.0
44	45	1.0
44	47	1.0
45	45	2.0
45	74	1.0
46	46	1.0
46	48	1.0
46	63	1.0
47	47	2.0
48	48	1.0
48	71	2.0
49	59	2.0
50	50	1.0
51	51	1.0
55	56	1.0
56	56	2.0
56	58	1.0
56	94	1.0
57	57	4.0
57	58	1.0
58	58	1.0
58	59	1.0
58	80	1.0
59	59	2.0
59	60	1.0
59	61	1.0
59	111	1.0
60	60	1.0
60	92	1.0
61	61	3.0
61	62	1.0
61	63	1.0
61	75	1.0
62	62	3.0
62	63	2.0
62	64	1.0
62	80	1.0
62	93	1.0
63	63	1.0
63	71	1.0
63	117	1.0
64	64	1.0
64	65	1.0
65	65	6.0
65	67	1.0
65	68	1.0
66	66	5.0
68	68	6.0
68	69	1.0
69	69	1.0
69	71	1.0
70	70	2.0
71	71	3.0
71	72	1.0
72	72	4.0
72	73	1.0
72	90	1.0
73	73	3.0
73	118	1.0
74	74	4.0
75	75	2.0
75	76	2.0
76	76	2.0
76	77	2.0
76	134	1.0
77	77	1.0
78	78	2.0
78	79	1.0
78	114	1.0
79	79	4.0
79	87	1.0
79	88	1.0
79	131	1.0
80	80	2.0
80	87	1.0
80	106	1.0
80	116	1.0
81	97	1.0
82	82	3.0
82	83	1.0
82	85	1.0
82	107	1.0
83	83	2.0
83	85	1.0
83	87	1.0
83	109	1.0
84	84	1.0
84	109	1.0
85	85	1.0
85	86	1.0
85	109	1.0
85	114	1.0
86	86	1.0
86	103	1.0
87	87	2.0
87	88	1.0
87	92	2.0
87	122	1.0
88	88	1.0
88	95	1.0
88	115	1.0
89	89	1.0
89	91	1.0
90	90	2.0
90	91	1.0
90	94	1.0
91	92	1.0
92	92	6.0
92	93	1.0
93	93	5.0
93	95	1.0
94	94	1.0
94	95	1.0
94	97	1.0
95	95	1.0
96	96	2.0
96	114	1.0
96	122	1.0
97	97	5.0
97	131	1.0
98	98	2.0
98	100	1.0
99	99	2.0
100	100	2.0
100	104	1.0
100	113	1.0
100	126	1.0
101	101	1.0
102	102	1.0
103	104	1.0
104	104	2.0
104	123	1.0
105	105	1.0
105	109	1.0
106	106	3.0
106	108	1.0
107	107	2.0
108	108	2.0
108	119	1.0
109	109	4.0
109	114	1.0
110	110	2.0
110	112	2.0
111	112	1.0
112	112	1.0
112	114	1.0
113	113	4.0
113	114	1.0
113	130	1.0
114	114	1.0
115	115	1.0
115	116	1.0
115	130	1.0
116	116	2.0
116	118	1.0
116	119	1.0
117	117	3.0
117	118	1.0
118	118	4.0
119	119	3.0
119	120	1.0
120	120	3.0
120	121	1.0
121	121	1.0
121	126	1.0
122	122	3.0
122	123	3.0
122	127	1.0
123	123	3.0
123	133	1.0
124	124	2.0
124	125	1.0
125	125	2.0
126	126	1.0
126	127	1.0
126	131	1.0
126	133	1.0
127	127	2.0
127	129	1.0
127	134	1.0
128	128	5.0
129	129	3.0
129	130	1.0
129	132	1.0
130	130	2.0
130	131	1.0
130	133	1.0
131	131	3.0
132	134	1.0
133	133	1.0
133	134	1.0
134	134	2.0
0	45	1.0
0	0	2.0
