20	20	1.0
20	21	1.0
20	36	1.0
20	37	2.0
20	43	1.0
21	21	1.0
21	23	1.0
21	42	1.0
21	48	1.0
21	53	1.0
21	54	1.0
21	105	1.0
22	22	7.0
22	23	1.0
22	24	1.0
22	25	1.0
22	53	1.0
22	58	1.0
23	23	3.0
23	24	2.0
23	72	1.0
23	80	1.0
24	24	5.0
24	45	1.0
24	86	1.0
25	25	5.0
25	30	1.0
25	67	1.0
25	78	1.0
25	93	1.0
26	26	4.0
26	30	1.0
26	32	1.0
26	44	1.0
26	70	1.0
27	27	1.0
27	28	1.0
27	29	1.0
27	33	1.0
27	46	1.0
27	57	1.0
28	28	2.0
28	30	1.0
28	32	1.0
28	38	1.0
28	40	1.0
28	98	1.0
29	29	3.0
29	30	1.0
29	32	1.0
29	71	1.0
30	30	4.0
30	48	1.0
30	71	1.0
30	72	1.0
30	98	1.0
30	99	1.0
30	102	1.0
31	31	6.0
31	32	1.0
31	35	1.0
32	32	4.0
32	33	1.0
32	34	1.0
32	37	1.0
33	33	3.0
33	34	1.0
34	34	4.0
34	35	1.0
34	37	1.0
34	50	1.0
34	78	1.0
34	106	1.0
35	35	1.0
35	47	1.0
36	36	1.0
36	49	1.0
37	37	6.0
37	42	1.0
37	61	1.0
38	38	4.0
38	39	2.0
38	101	1.0
39	39	5.0
39	41	1.0
39	45	2.0
39	47	1.0
39	59	1.0
39	63	1.0
39	65	1.0
39	87	2.0
40	40	3.0
40	41	1.0
40	42	1.0
40	44	1.0
40	47	2.0
41	41	2.0
41	44	1.0
41	87	1.0
42	42	2.0
42	43	1.0
42	45	1.0
42	48	1.0
42	85	1.0
42	92	1.0
43	44	1.0
43	66	1.0
43	67	1.0
44	44	4.0
44	83	2.0
45	45	6.0
45	55	1.0
45	56	1.0
45	57	1.0
45	67	1.0
45	80	1.0
45	97	1.0
46	46	2.0
46	48	2.0
46	80	1.0
47	48	1.0
47	102	1.0
48	48	2.0
48	78	1.0
49	49	2.0
49	53	1.0
49	62	1.0
49	77	1.0
49	78	1.0
49	79	1.0
49	94	1.0
49	96	1.0
49	99	1.0
49	103	1.0
50	50	2.0
50	53	1.0
50	57	1.0
51	51	7.0
52	52	3.0
52	80	1.0
53	53	4.0
53	54	1.0
53	69	1.0
54	54	4.0
54	56	1.0
54	81	1.0
54	87	1.0
55	55	1.0
56	56	3.0
57	57	6.0
57	58	1.0
57	59	1.0
57	77	1.0
57	82	1.0
58	58	2.0
58	60	1.0
58	62	1.0
58	70	1.0
58	94	1.0
59	59	4.0
59	63	1.0
59	66	1.0
59	76	1.0
59	81	1.0
60	60	4.0
60	61	1.0
60	63	1.0
61	61	6.0
61	62	1.0
61	63	1.0
61	67	1.0
61	82	1.0
61	86	1.0
61	97	1.0
62	62	2.0
62	63	2.0
62	78	1.0
62	90	1.0
63	63	2.0
63	97	1.0
64	64	5.0
64	81	1.0
65	65	5.0
65	66	2.0
65	70	1.0
66	66	4.0
66	68	1.0
66	69	1.0
66	71	1.0
66	79	1.0
66	83	1.0
67	67	2.0
67	68	1.0
68	68	6.0
68	69	1.0
68	81	1.0
69	69	8.0
69	70	1.0
69	78	1.0
70	70	4.0
71	71	1.0
71	72	1.0
71	90	1.0
72	72	2.0
72	73	1.0
72	74	1.0
73	73	6.0
73	74	1.0
73	82	1.0
73	95	1.0
74	74	2.0
74	78	1.0
75	75	8.0
75	82	1.0
76	76	3.0
76	78	1.0
77	77	3.0
77	78	1.0
78	78	2.0
78	90	1.0
79	80	1.0
79	81	1.0
79	88	1.0
79	90	1.0
80	80	6.0
80	82	1.0
80	86	1.0
80	94	1.0
81	81	2.0
81	86	1.0
82	82	3.0
82	83	1.0
82	90	2.0
83	83	1.0
83	85	1.0
84	84	3.0
84	85	2.0
84	104	1.0
85	85	1.0
86	87	3.0
86	90	1.0
86	99	1.0
87	87	5.0
87	88	1.0
87	89	1.0
87	98	2.0
88	88	3.0
88	91	1.0
88	92	1.0
89	89	3.0
89	100	1.0
90	90	5.0
90	91	1.0
90	92	1.0
90	101	1.0
91	91	2.0
91	97	1.0
92	92	8.0
93	93	7.0
94	97	1.0
95	95	7.0
95	96	2.0
96	96	3.0
96	99	1.0
96	102	1.0
97	97	4.0
97	99	1.0
98	98	1.0
98	101	1.0
98	102	1.0
99	99	5.0
99	101	1.0
100	100	2.0
101	101	6.0
102	102	4.0
102	103	1.0
103	103	5.0
103	105	1.0
104	104	1.0
105	105	1.0
105	106	1.0
106	106	2.0
107	107	3.0
