1	1	12.0
1	2	1.0
1	3	1.0
1	58	1.0
2	3	2.0
3	3	2.0
3	4	5.0
3	57	1.0
4	4	8.0
4	7	1.0
5	5	5.0
5	6	1.0
5	25	1.0
6	6	4.0
6	7	2.0
7	7	3.0
7	8	1.0
7	61	1.0
8	8	6.0
8	9	1.0
9	9	6.0
9	10	2.0
9	12	1.0
9	13	1.0
9	14	1.0
9	39	1.0
10	10	2.0
10	11	2.0
10	13	2.0
10	21	1.0
11	13	1.0
11	14	1.0
12	12	4.0
12	51	1.0
13	13	1.0
15	15	3.0
15	16	1.0
15	52	1.0
16	16	3.0
16	17	4.0
17	17	5.0
17	18	1.0
17	19	1.0
17	36	1.0
18	18	4.0
19	19	2.0
19	20	1.0
20	20	1.0
20	49	1.0
21	21	4.0
25	25	2.0
25	26	1.0
26	26	6.0
26	33	1.0
27	27	7.0
27	28	1.0
27	48	1.0
28	28	1.0
28	35	1.0
28	55	1.0
29	29	4.0
29	30	1.0
30	30	7.0
30	47	1.0
31	31	7.0
31	32	2.0
31	33	2.0
31	49	1.0
31	71	1.0
32	32	1.0
32	33	1.0
32	59	1.0
32	72	1.0
33	33	8.0
33	47	1.0
34	34	2.0
34	40	2.0
34	41	1.0
35	35	3.0
35	36	1.0
35	40	2.0
35	42	1.0
35	60	1.0
36	36	6.0
36	73	1.0
37	37	4.0
37	38	1.0
37	42	1.0
38	38	7.0
38	40	2.0
39	39	2.0
39	49	1.0
40	40	5.0
41	41	4.0
41	73	1.0
42	42	4.0
43	43	2.0
44	45	1.0
45	45	6.0
45	46	2.0
45	79	1.0
46	46	7.0
46	47	1.0
47	47	5.0
47	48	1.0
48	48	3.0
48	49	3.0
48	55	1.0
48	71	1.0
49	49	5.0
49	54	1.0
49	68	1.0
50	50	3.0
50	51	2.0
50	53	1.0
51	52	1.0
51	68	1.0
52	52	1.0
52	53	1.0
53	53	1.0
54	54	3.0
54	55	1.0
54	56	1.0
54	72	1.0
55	55	5.0
55	56	1.0
56	56	11.0
56	58	1.0
57	57	2.0
58	58	3.0
59	59	1.0
60	60	4.0
60	61	1.0
61	61	6.0
61	62	1.0
62	62	1.0
62	63	1.0
63	63	3.0
63	64	2.0
63	67	1.0
63	70	1.0
63	71	1.0
64	64	3.0
64	67	1.0
65	65	10.0
65	66	3.0
66	66	4.0
66	67	1.0
66	71	1.0
67	67	2.0
67	68	1.0
68	68	1.0
69	70	1.0
70	70	5.0
70	71	1.0
71	71	6.0
71	72	2.0
72	72	7.0
73	73	6.0
73	74	1.0
73	79	1.0
73	80	2.0
74	74	5.0
74	75	3.0
74	80	2.0
75	75	5.0
75	76	1.0
75	78	1.0
76	76	8.0
76	78	1.0
77	77	5.0
78	78	6.0
78	79	2.0
78	80	1.0
79	79	4.0
79	80	1.0
80	80	5.0
81	81	1.0
0	1	1.0
0	4	1.0
0	26	1.0
0	55	1.0
0	0	3.0
