1	1	2.0
1	2	3.0
1	4	1.0
1	7	1.0
1	37	1.0
1	40	2.0
1	54	1.0
1	55	1.0
2	2	7.0
2	5	1.0
2	8	2.0
3	3	1.0
3	5	1.0
3	11	1.0
4	4	7.0
4	5	1.0
4	37	1.0
4	55	1.0
4	62	1.0
4	66	1.0
5	5	1.0
5	6	1.0
6	6	6.0
7	7	6.0
7	61	1.0
8	8	5.0
8	9	1.0
9	9	5.0
9	10	1.0
9	39	1.0
10	10	2.0
11	11	5.0
11	13	1.0
11	52	1.0
12	12	4.0
12	14	1.0
13	13	4.0
13	14	2.0
14	14	2.0
15	15	1.0
15	20	1.0
16	16	2.0
16	17	2.0
16	19	1.0
16	41	1.0
16	71	1.0
17	17	4.0
17	38	1.0
18	18	3.0
18	19	1.0
18	77	1.0
18	79	1.0
19	19	2.0
19	35	1.0
19	72	1.0
20	20	1.0
21	21	1.0
25	25	1.0
25	32	1.0
25	33	1.0
26	26	4.0
26	30	1.0
27	27	8.0
27	31	1.0
27	33	1.0
28	28	4.0
28	32	1.0
28	45	1.0
29	29	6.0
29	33	1.0
29	37	1.0
30	30	5.0
31	31	1.0
31	44	1.0
31	76	1.0
32	32	3.0
32	33	1.0
32	34	2.0
32	36	1.0
33	33	5.0
33	34	1.0
33	35	3.0
34	34	2.0
35	35	3.0
36	36	4.0
36	73	2.0
36	74	1.0
37	37	2.0
37	38	1.0
37	80	1.0
38	38	2.0
38	39	2.0
38	71	1.0
39	39	1.0
40	40	7.0
40	48	1.0
41	41	3.0
41	42	1.0
42	42	3.0
42	45	2.0
45	45	4.0
46	46	5.0
46	77	1.0
47	47	8.0
47	48	1.0
48	48	1.0
48	49	1.0
48	79	1.0
49	49	2.0
49	70	1.0
50	50	3.0
50	51	1.0
50	75	1.0
52	53	1.0
53	53	4.0
53	54	1.0
54	54	6.0
54	55	1.0
54	61	1.0
54	71	1.0
55	55	1.0
56	56	6.0
57	57	5.0
57	60	1.0
57	61	1.0
57	62	1.0
58	58	1.0
58	62	2.0
58	65	3.0
58	66	2.0
59	59	2.0
59	64	1.0
59	70	1.0
59	75	2.0
60	65	1.0
61	61	3.0
61	62	1.0
61	70	1.0
61	77	1.0
62	62	2.0
62	71	1.0
63	63	2.0
63	64	1.0
63	66	1.0
63	75	1.0
64	64	1.0
64	66	1.0
64	67	1.0
64	74	1.0
65	65	6.0
65	66	1.0
65	67	1.0
65	71	1.0
66	66	3.0
66	70	1.0
66	76	1.0
67	67	2.0
67	70	1.0
68	68	1.0
68	69	1.0
69	69	3.0
70	70	2.0
71	71	4.0
71	73	1.0
72	72	2.0
72	73	1.0
72	75	1.0
73	73	3.0
73	74	2.0
73	79	1.0
73	80	1.0
74	74	3.0
74	75	1.0
75	75	3.0
76	76	5.0
78	78	4.0
79	79	3.0
80	80	2.0
0	1	1.0
0	15	1.0
0	0	2.0
