1	1	2.0
1	4	1.0
1	77	1.0
1	90	1.0
2	5	1.0
2	7	1.0
2	16	1.0
2	80	1.0
3	78	1.0
4	4	1.0
4	6	1.0
4	8	1.0
4	16	1.0
4	33	1.0
5	5	3.0
5	6	1.0
6	6	1.0
7	7	1.0
7	29	1.0
7	78	1.0
7	91	1.0
8	8	2.0
8	10	1.0
8	13	1.0
8	14	1.0
8	15	1.0
9	14	1.0
9	77	1.0
12	12	1.0
12	18	1.0
12	26	1.0
12	27	1.0
12	29	1.0
12	119	1.0
13	14	1.0
13	17	1.0
13	18	1.0
14	14	2.0
15	15	3.0
15	122	1.0
16	25	1.0
17	17	1.0
17	34	1.0
18	18	2.0
18	19	2.0
18	26	1.0
19	19	1.0
19	20	1.0
19	32	1.0
20	20	1.0
20	21	1.0
21	21	2.0
21	22	1.0
22	22	1.0
23	27	1.0
24	24	3.0
24	104	1.0
25	25	1.0
26	26	1.0
27	27	2.0
27	78	1.0
29	29	3.0
30	30	2.0
31	31	1.0
32	32	2.0
32	33	1.0
32	101	1.0
33	33	2.0
33	34	2.0
34	34	1.0
35	35	2.0
35	36	1.0
35	44	1.0
35	94	1.0
35	129	1.0
36	36	1.0
36	37	2.0
37	37	3.0
37	38	1.0
38	38	1.0
44	44	1.0
71	71	2.0
71	110	1.0
72	72	1.0
72	73	1.0
72	103	1.0
73	74	1.0
73	83	1.0
73	84	1.0
73	104	1.0
73	110	1.0
74	75	1.0
74	87	1.0
75	75	1.0
75	79	1.0
76	109	1.0
77	77	2.0
77	79	1.0
78	79	1.0
78	80	1.0
78	122	1.0
79	79	3.0
80	80	2.0
80	86	1.0
80	102	1.0
80	109	1.0
80	110	1.0
81	81	2.0
81	82	1.0
81	83	1.0
81	101	1.0
81	119	1.0
81	126	1.0
83	83	1.0
83	85	1.0
85	85	2.0
85	87	1.0
85	99	1.0
86	86	3.0
86	87	2.0
88	90	1.0
88	91	1.0
88	120	1.0
88	125	1.0
89	111	1.0
90	90	2.0
91	91	1.0
91	93	1.0
91	105	1.0
92	92	3.0
92	140	1.0
93	93	4.0
93	98	1.0
93	131	1.0
93	132	1.0
93	133	1.0
93	138	1.0
94	94	1.0
94	96	1.0
94	102	1.0
95	96	2.0
95	97	1.0
96	98	1.0
97	97	6.0
97	134	1.0
98	98	2.0
98	99	1.0
99	99	3.0
99	101	1.0
100	100	3.0
100	101	1.0
101	101	5.0
101	102	2.0
102	102	3.0
102	111	2.0
103	103	1.0
103	107	1.0
103	110	1.0
103	112	1.0
104	104	2.0
104	107	1.0
104	136	1.0
105	105	2.0
105	106	1.0
106	106	2.0
106	108	1.0
107	107	1.0
108	110	1.0
109	116	1.0
109	120	1.0
110	110	1.0
110	111	1.0
110	112	1.0
110	117	1.0
111	111	1.0
111	120	1.0
112	112	2.0
112	123	1.0
112	129	1.0
113	113	1.0
113	114	1.0
113	131	1.0
114	114	2.0
114	115	2.0
115	115	2.0
116	116	4.0
116	117	1.0
117	117	3.0
117	118	1.0
118	118	1.0
119	119	2.0
119	131	1.0
120	120	1.0
122	122	2.0
122	123	1.0
123	123	3.0
123	140	2.0
124	124	3.0
124	126	1.0
124	129	1.0
125	125	1.0
126	126	1.0
127	127	6.0
127	128	1.0
128	128	3.0
128	129	1.0
128	133	1.0
129	129	2.0
129	130	1.0
130	130	6.0
130	131	2.0
130	136	1.0
131	131	2.0
131	132	2.0
132	132	4.0
132	133	2.0
133	133	1.0
133	134	1.0
133	136	2.0
133	137	1.0
134	134	4.0
134	135	2.0
135	135	7.0
135	136	1.0
135	137	1.0
135	140	1.0
136	136	3.0
137	137	4.0
138	138	2.0
138	139	2.0
138	140	1.0
139	139	4.0
139	140	2.0
140	140	1.0
0	2	1.0
0	38	1.0
0	102	1.0
0	0	2.0
