1	1	1.0
1	2	1.0
1	6	1.0
1	17	1.0
1	18	1.0
1	141	1.0
2	2	5.0
2	3	2.0
2	4	1.0
2	6	3.0
3	3	5.0
3	4	2.0
3	6	1.0
3	17	1.0
4	4	3.0
4	5	1.0
4	6	1.0
4	14	1.0
4	22	1.0
4	226	2.0
4	228	1.0
5	5	5.0
5	6	2.0
6	6	3.0
6	7	1.0
6	8	1.0
6	12	1.0
6	184	1.0
7	7	2.0
7	8	6.0
7	9	2.0
7	10	1.0
7	42	1.0
7	217	1.0
8	8	8.0
8	9	3.0
8	42	1.0
8	127	1.0
9	9	9.0
9	10	3.0
9	11	2.0
9	39	1.0
9	61	1.0
10	10	7.0
10	11	2.0
10	38	1.0
10	55	2.0
10	170	2.0
11	11	5.0
11	12	1.0
11	23	1.0
11	89	1.0
11	184	1.0
12	12	6.0
12	13	2.0
12	16	1.0
12	32	1.0
12	33	1.0
12	35	1.0
12	170	1.0
13	13	1.0
13	14	2.0
13	15	2.0
13	33	2.0
14	14	10.0
14	15	1.0
14	22	1.0
14	34	1.0
14	35	1.0
14	168	1.0
15	15	3.0
15	16	1.0
15	19	1.0
15	20	1.0
15	33	1.0
15	35	1.0
16	16	3.0
16	18	3.0
16	21	1.0
16	22	1.0
16	32	1.0
16	36	1.0
16	165	1.0
17	17	6.0
17	22	1.0
17	36	1.0
17	57	1.0
17	66	1.0
17	67	1.0
18	18	6.0
18	19	1.0
18	20	1.0
18	21	1.0
18	33	1.0
18	34	1.0
18	36	1.0
18	226	1.0
19	19	6.0
19	20	1.0
19	32	1.0
19	33	1.0
19	38	1.0
19	40	1.0
19	58	1.0
19	66	1.0
20	20	6.0
20	23	1.0
20	70	1.0
21	21	2.0
21	24	1.0
21	40	1.0
22	22	2.0
22	23	1.0
22	33	1.0
22	36	2.0
22	40	1.0
22	123	1.0
23	23	6.0
23	36	4.0
23	38	1.0
23	149	1.0
23	187	1.0
23	208	1.0
23	209	1.0
24	24	4.0
24	25	2.0
24	33	1.0
24	54	1.0
24	86	1.0
25	25	7.0
25	26	1.0
25	39	1.0
25	44	1.0
25	232	2.0
26	26	8.0
26	27	1.0
26	28	1.0
26	47	1.0
26	179	1.0
26	219	2.0
26	232	1.0
26	235	1.0
26	236	1.0
27	27	8.0
27	28	2.0
27	29	2.0
27	31	2.0
27	37	1.0
27	38	1.0
27	61	2.0
27	86	2.0
27	96	1.0
28	28	7.0
28	29	1.0
28	31	1.0
28	32	1.0
28	33	1.0
28	86	1.0
29	29	6.0
29	30	1.0
29	35	1.0
29	63	1.0
29	69	1.0
29	95	1.0
30	30	13.0
30	31	1.0
30	32	2.0
30	33	1.0
30	48	1.0
30	63	3.0
30	68	1.0
30	171	1.0
31	31	8.0
31	32	1.0
31	34	1.0
31	59	1.0
31	165	1.0
32	33	2.0
32	58	1.0
32	65	1.0
32	171	1.0
32	182	1.0
33	33	7.0
33	34	1.0
33	169	1.0
33	170	1.0
34	34	5.0
34	81	1.0
35	35	4.0
35	79	1.0
36	36	6.0
36	37	1.0
36	224	1.0
37	37	9.0
37	38	1.0
37	39	1.0
37	66	2.0
37	224	2.0
38	38	9.0
38	39	1.0
38	42	1.0
38	45	1.0
38	122	1.0
38	172	2.0
38	173	2.0
38	220	1.0
39	39	6.0
39	40	2.0
39	46	1.0
39	50	2.0
39	55	2.0
39	86	1.0
39	151	1.0
39	152	1.0
39	157	1.0
39	223	1.0
40	40	3.0
40	42	1.0
40	48	1.0
40	49	1.0
40	50	1.0
40	68	1.0
40	220	1.0
41	41	3.0
41	50	1.0
41	56	1.0
41	88	1.0
41	221	1.0
42	42	8.0
42	43	3.0
42	86	1.0
43	43	7.0
43	44	1.0
43	54	1.0
43	97	2.0
44	44	5.0
44	45	1.0
44	75	2.0
44	126	1.0
44	132	1.0
45	45	7.0
45	74	1.0
45	76	2.0
45	107	1.0
45	127	2.0
45	203	1.0
46	46	8.0
46	47	1.0
46	128	1.0
46	204	1.0
47	47	9.0
47	48	2.0
47	202	1.0
47	232	1.0
47	239	1.0
48	48	6.0
48	49	1.0
48	50	1.0
48	56	1.0
48	73	1.0
49	49	7.0
49	50	1.0
49	72	1.0
49	89	1.0
49	222	1.0
50	51	1.0
50	52	1.0
50	54	1.0
50	226	1.0
51	51	4.0
51	53	1.0
51	66	1.0
51	78	1.0
51	126	1.0
51	205	1.0
52	52	3.0
52	53	2.0
52	63	1.0
52	66	1.0
52	83	2.0
52	148	1.0
53	53	5.0
53	76	1.0
53	81	1.0
53	82	1.0
53	118	1.0
53	139	1.0
54	54	5.0
54	55	4.0
54	56	1.0
54	58	1.0
54	163	2.0
54	225	1.0
55	55	7.0
55	59	1.0
55	60	2.0
55	225	1.0
55	241	1.0
56	56	4.0
56	59	1.0
56	60	1.0
56	64	1.0
56	66	1.0
56	76	1.0
56	127	1.0
56	138	1.0
56	178	2.0
57	57	5.0
57	63	2.0
57	67	1.0
57	105	1.0
57	217	1.0
58	58	7.0
58	60	1.0
58	81	1.0
58	105	1.0
59	59	10.0
59	60	2.0
59	62	1.0
59	106	1.0
59	117	1.0
60	60	5.0
60	62	1.0
60	63	1.0
60	66	1.0
60	74	1.0
60	75	1.0
61	61	6.0
61	66	1.0
61	86	2.0
61	219	1.0
62	62	5.0
62	66	1.0
62	68	1.0
62	86	1.0
62	101	1.0
63	63	5.0
63	75	1.0
63	106	1.0
63	197	1.0
64	64	8.0
64	65	2.0
64	70	1.0
64	74	1.0
64	76	1.0
64	97	2.0
64	128	2.0
64	136	1.0
64	197	1.0
65	65	8.0
65	69	1.0
65	74	1.0
65	75	1.0
65	131	1.0
65	153	1.0
66	66	10.0
66	67	1.0
66	70	2.0
66	71	2.0
67	67	6.0
67	68	1.0
67	71	1.0
67	73	1.0
67	83	1.0
67	91	1.0
68	68	5.0
68	69	3.0
68	70	1.0
68	71	1.0
68	72	1.0
68	99	1.0
69	69	9.0
69	70	2.0
69	85	1.0
69	98	1.0
69	101	1.0
70	70	6.0
70	71	1.0
70	128	1.0
71	71	5.0
71	72	2.0
71	84	1.0
71	85	1.0
71	97	1.0
72	72	8.0
72	75	1.0
72	76	2.0
72	77	1.0
72	95	1.0
73	73	4.0
73	74	2.0
73	111	1.0
74	74	12.0
74	75	1.0
74	198	2.0
75	75	10.0
75	76	1.0
75	77	1.0
75	79	1.0
75	81	1.0
75	86	1.0
75	128	1.0
75	131	1.0
75	135	1.0
75	203	2.0
76	76	3.0
76	77	1.0
76	78	1.0
76	80	1.0
76	83	1.0
77	77	5.0
77	78	1.0
77	79	1.0
77	132	1.0
78	78	4.0
78	79	1.0
78	80	2.0
78	133	1.0
79	79	6.0
79	80	2.0
79	83	1.0
79	127	1.0
80	80	2.0
80	81	3.0
80	82	1.0
80	84	1.0
81	81	5.0
81	82	2.0
81	84	1.0
81	129	2.0
82	82	4.0
82	87	1.0
82	127	1.0
82	200	1.0
83	83	2.0
83	85	1.0
83	108	1.0
83	124	2.0
83	135	1.0
84	84	4.0
84	123	1.0
84	126	1.0
84	131	1.0
84	196	1.0
84	201	1.0
84	203	1.0
84	213	1.0
85	85	9.0
85	86	1.0
85	136	1.0
85	196	1.0
85	197	2.0
86	86	8.0
86	122	1.0
87	99	1.0
87	135	1.0
88	88	6.0
88	95	1.0
88	101	1.0
88	103	1.0
88	113	1.0
88	120	1.0
88	128	1.0
89	122	1.0
90	104	1.0
91	143	1.0
92	168	1.0
95	95	1.0
95	101	1.0
95	104	1.0
95	165	1.0
95	241	1.0
96	96	2.0
96	97	4.0
96	109	2.0
97	97	8.0
97	99	2.0
98	98	1.0
98	99	1.0
99	99	9.0
99	102	3.0
99	114	1.0
100	100	3.0
100	101	3.0
100	110	1.0
101	101	5.0
101	102	1.0
101	103	2.0
101	114	1.0
102	102	3.0
102	103	1.0
102	107	1.0
102	168	1.0
103	103	3.0
103	104	2.0
103	108	1.0
104	104	6.0
104	106	1.0
104	114	1.0
104	123	1.0
104	138	1.0
104	159	1.0
104	188	1.0
104	224	1.0
105	105	1.0
105	106	1.0
105	119	1.0
105	129	1.0
105	165	1.0
105	166	1.0
106	106	5.0
106	109	1.0
106	120	1.0
106	139	1.0
107	107	5.0
107	108	1.0
107	139	1.0
108	108	7.0
108	109	1.0
108	127	1.0
109	109	5.0
109	110	5.0
109	111	1.0
109	118	1.0
109	122	1.0
110	110	2.0
110	116	2.0
110	127	1.0
110	132	1.0
111	111	1.0
111	112	1.0
111	113	1.0
112	112	4.0
112	113	1.0
112	115	1.0
112	161	1.0
113	113	2.0
113	114	2.0
113	119	1.0
114	114	6.0
114	123	1.0
114	152	1.0
115	115	8.0
115	116	2.0
115	117	1.0
115	118	2.0
115	119	1.0
115	124	1.0
116	116	6.0
116	117	3.0
116	118	1.0
116	126	1.0
116	131	1.0
116	132	2.0
116	166	1.0
117	117	6.0
117	118	1.0
117	127	1.0
117	165	1.0
118	118	3.0
118	119	2.0
118	120	1.0
118	126	1.0
118	130	1.0
118	185	1.0
118	215	1.0
119	119	2.0
119	129	1.0
119	134	1.0
120	120	11.0
120	121	1.0
120	139	1.0
120	213	1.0
121	121	9.0
121	134	1.0
121	206	2.0
121	212	1.0
121	215	1.0
121	237	1.0
122	122	5.0
122	123	1.0
122	127	1.0
122	134	1.0
122	205	2.0
122	215	1.0
122	223	1.0
123	123	5.0
123	124	1.0
123	126	1.0
123	127	1.0
123	133	1.0
123	140	1.0
123	143	2.0
123	145	1.0
124	124	4.0
124	125	4.0
124	126	2.0
124	133	1.0
124	134	1.0
124	136	1.0
124	147	1.0
125	125	3.0
125	126	2.0
125	127	1.0
125	133	2.0
125	147	1.0
126	126	5.0
126	127	2.0
126	196	1.0
127	127	6.0
127	135	1.0
128	128	10.0
128	129	1.0
129	129	3.0
129	130	1.0
129	152	1.0
130	130	8.0
130	133	1.0
131	131	1.0
131	132	2.0
131	135	1.0
131	142	1.0
131	143	1.0
131	148	1.0
132	132	1.0
133	133	4.0
133	134	1.0
133	205	1.0
133	206	1.0
134	134	9.0
134	135	3.0
134	139	1.0
134	154	1.0
134	205	1.0
134	206	1.0
135	135	6.0
135	136	2.0
135	153	1.0
135	201	1.0
135	240	1.0
136	136	7.0
136	138	1.0
136	140	1.0
136	233	1.0
137	137	7.0
137	138	2.0
137	143	1.0
138	138	5.0
138	139	5.0
138	140	1.0
138	146	1.0
139	139	3.0
139	149	1.0
140	140	4.0
140	142	1.0
140	147	1.0
140	154	1.0
140	162	1.0
140	211	1.0
141	141	2.0
141	146	1.0
141	153	1.0
141	165	1.0
142	142	1.0
142	143	4.0
142	150	1.0
142	153	1.0
142	163	1.0
142	165	1.0
143	143	5.0
143	144	1.0
143	146	3.0
143	162	1.0
143	182	1.0
143	183	1.0
144	144	5.0
144	145	1.0
144	153	1.0
144	160	2.0
144	177	2.0
144	191	2.0
144	201	1.0
144	204	1.0
145	145	3.0
145	179	1.0
145	181	2.0
145	183	1.0
145	190	1.0
145	191	1.0
146	146	7.0
146	154	1.0
147	147	5.0
147	148	2.0
147	149	1.0
147	150	1.0
147	162	1.0
147	211	1.0
148	148	5.0
148	149	1.0
148	154	1.0
148	157	1.0
149	149	5.0
149	152	1.0
149	153	4.0
150	150	3.0
150	151	4.0
150	152	4.0
150	153	1.0
150	154	1.0
150	157	1.0
151	151	6.0
151	156	2.0
151	164	1.0
152	152	5.0
152	153	2.0
152	164	1.0
153	153	9.0
153	154	1.0
153	191	1.0
154	154	1.0
154	177	1.0
155	155	2.0
155	156	1.0
155	157	1.0
156	156	5.0
156	157	3.0
156	176	3.0
156	178	1.0
156	181	1.0
156	190	1.0
157	157	2.0
157	158	2.0
157	161	1.0
157	168	1.0
157	201	1.0
157	231	1.0
158	158	8.0
158	159	4.0
158	160	1.0
158	173	1.0
158	175	1.0
158	176	1.0
158	179	1.0
158	184	1.0
158	192	1.0
158	194	1.0
159	159	2.0
159	160	2.0
159	161	1.0
159	182	1.0
159	192	1.0
159	194	1.0
159	228	1.0
160	160	4.0
160	161	1.0
160	172	1.0
160	179	1.0
160	192	1.0
160	194	1.0
160	205	1.0
160	209	1.0
161	161	5.0
161	162	1.0
161	163	1.0
161	237	1.0
162	162	3.0
162	172	1.0
162	179	1.0
162	226	1.0
163	163	3.0
163	166	1.0
163	172	1.0
163	179	2.0
164	164	5.0
164	165	2.0
164	166	1.0
164	206	2.0
165	165	8.0
165	166	2.0
165	178	1.0
165	187	1.0
165	205	2.0
165	207	1.0
166	166	8.0
167	167	4.0
167	168	1.0
167	175	1.0
167	177	1.0
167	205	1.0
168	168	6.0
168	169	1.0
168	187	1.0
169	169	11.0
169	170	3.0
169	173	2.0
169	175	1.0
169	190	2.0
170	170	6.0
170	171	4.0
170	173	1.0
170	174	1.0
171	171	10.0
171	172	5.0
171	174	1.0
171	199	1.0
171	234	1.0
172	172	8.0
172	173	1.0
172	175	3.0
173	173	6.0
173	174	2.0
173	175	1.0
173	197	1.0
173	198	1.0
174	174	7.0
174	175	3.0
174	203	1.0
175	175	6.0
175	176	1.0
175	183	1.0
175	232	1.0
176	176	4.0
176	177	2.0
176	178	4.0
176	190	1.0
176	201	1.0
177	177	8.0
177	178	1.0
177	191	1.0
177	201	1.0
178	178	2.0
178	179	1.0
178	189	1.0
179	179	3.0
179	180	1.0
179	201	1.0
179	230	2.0
180	180	2.0
180	182	1.0
180	185	1.0
180	194	1.0
180	201	1.0
181	181	2.0
181	193	1.0
181	194	1.0
181	209	2.0
182	182	4.0
182	183	1.0
182	187	1.0
182	193	1.0
182	210	2.0
182	230	2.0
183	183	2.0
183	187	1.0
183	229	1.0
184	184	2.0
184	185	1.0
185	185	5.0
185	229	1.0
186	186	4.0
186	187	1.0
186	188	1.0
186	189	1.0
186	202	1.0
187	187	7.0
187	188	2.0
187	200	1.0
187	201	1.0
187	208	1.0
187	209	1.0
187	229	1.0
188	188	2.0
188	213	1.0
188	214	2.0
188	215	1.0
189	189	1.0
189	190	1.0
189	208	2.0
189	215	1.0
190	190	6.0
190	191	4.0
190	194	1.0
190	203	1.0
191	191	8.0
191	192	1.0
191	202	1.0
191	203	1.0
191	204	1.0
191	222	1.0
192	192	9.0
193	193	4.0
193	206	1.0
193	214	1.0
193	228	1.0
194	194	3.0
194	195	2.0
194	209	1.0
195	195	2.0
195	196	4.0
195	199	1.0
195	209	1.0
195	229	1.0
196	196	9.0
196	229	1.0
197	197	9.0
197	198	1.0
197	203	1.0
198	198	5.0
198	200	1.0
198	204	1.0
198	206	1.0
198	223	1.0
199	199	9.0
199	200	1.0
199	217	1.0
200	200	1.0
200	201	2.0
200	230	1.0
201	201	5.0
201	214	1.0
202	202	7.0
202	203	1.0
203	203	4.0
203	204	1.0
203	215	1.0
204	204	6.0
204	217	1.0
205	205	5.0
205	206	3.0
205	208	1.0
205	211	1.0
205	223	1.0
206	206	7.0
206	207	2.0
206	216	2.0
207	207	9.0
207	208	1.0
207	215	1.0
207	223	1.0
208	208	4.0
208	231	1.0
209	209	3.0
209	210	2.0
209	212	1.0
210	211	3.0
210	212	1.0
210	220	1.0
210	228	1.0
210	230	1.0
211	211	4.0
211	215	1.0
211	225	1.0
211	228	1.0
212	212	2.0
212	213	1.0
212	216	2.0
212	221	1.0
213	213	7.0
213	216	1.0
213	222	1.0
213	224	1.0
214	214	7.0
214	216	1.0
214	220	1.0
214	225	1.0
214	231	1.0
215	215	6.0
215	216	5.0
215	223	1.0
215	225	1.0
216	216	2.0
217	217	5.0
217	218	3.0
217	220	1.0
217	233	1.0
217	234	1.0
217	235	2.0
217	240	1.0
217	241	1.0
218	218	7.0
218	219	2.0
218	230	1.0
218	235	1.0
219	219	10.0
219	220	4.0
219	234	1.0
220	220	8.0
220	221	1.0
220	230	1.0
220	238	1.0
221	221	6.0
221	222	8.0
221	224	1.0
221	228	1.0
221	229	1.0
222	222	7.0
222	226	2.0
222	228	1.0
222	229	1.0
223	223	5.0
223	225	1.0
223	227	1.0
224	224	7.0
224	225	5.0
224	226	1.0
224	227	1.0
225	225	7.0
225	227	1.0
226	226	1.0
226	227	2.0
226	228	1.0
227	227	3.0
227	228	3.0
227	229	2.0
228	228	5.0
228	229	5.0
228	230	1.0
229	229	4.0
230	230	6.0
230	235	1.0
230	236	1.0
230	239	1.0
230	242	1.0
231	231	3.0
231	232	3.0
231	233	1.0
231	238	1.0
232	232	5.0
232	233	2.0
232	235	1.0
233	233	3.0
233	234	4.0
233	237	2.0
233	238	2.0
233	241	1.0
234	234	8.0
234	235	3.0
234	236	2.0
234	237	1.0
235	235	9.0
235	236	5.0
235	237	1.0
235	240	1.0
236	236	5.0
236	237	2.0
236	238	2.0
236	242	1.0
237	237	6.0
237	238	1.0
237	239	1.0
238	238	1.0
238	240	1.0
239	239	9.0
240	240	6.0
240	241	1.0
241	241	4.0
241	242	3.0
242	242	8.0
0	1	3.0
0	2	1.0
0	3	1.0
0	18	1.0
0	53	1.0
0	88	1.0
0	224	1.0
0	0	2.0
