1	1	1.0
1	2	1.0
1	3	2.0
2	2	1.0
3	3	6.0
3	8	1.0
3	13	1.0
4	4	1.0
4	52	2.0
5	5	3.0
5	7	1.0
5	52	1.0
6	6	5.0
6	7	3.0
7	7	1.0
7	9	1.0
7	11	1.0
7	36	1.0
8	8	3.0
8	10	1.0
9	9	1.0
9	17	1.0
10	10	8.0
10	13	1.0
10	20	1.0
11	11	3.0
11	12	3.0
11	13	2.0
11	14	1.0
11	16	1.0
12	12	3.0
12	13	1.0
13	14	1.0
13	15	2.0
13	48	1.0
14	14	4.0
14	15	1.0
14	17	1.0
14	46	1.0
15	15	1.0
15	20	1.0
15	24	1.0
15	46	1.0
16	16	2.0
16	17	2.0
17	17	6.0
18	18	1.0
19	19	1.0
19	20	1.0
19	22	1.0
19	23	1.0
20	20	3.0
20	21	1.0
20	22	1.0
21	21	2.0
21	22	1.0
21	23	1.0
22	22	2.0
23	23	3.0
23	24	2.0
23	43	1.0
24	24	5.0
24	25	1.0
24	42	1.0
25	25	3.0
25	26	4.0
25	37	2.0
25	41	1.0
25	48	1.0
26	26	4.0
26	27	1.0
26	36	1.0
26	53	1.0
27	27	3.0
27	28	3.0
27	29	2.0
27	55	1.0
28	28	1.0
29	29	1.0
31	32	1.0
31	34	1.0
32	32	3.0
33	33	1.0
36	36	1.0
36	37	1.0
36	56	1.0
36	82	1.0
37	37	2.0
38	38	5.0
39	39	5.0
39	40	1.0
40	40	4.0
40	41	1.0
40	57	1.0
40	80	1.0
41	41	6.0
41	42	1.0
42	42	3.0
43	43	3.0
43	56	1.0
45	45	2.0
46	46	1.0
46	47	1.0
47	47	5.0
48	48	5.0
48	54	1.0
52	52	2.0
52	53	1.0
53	53	3.0
53	54	1.0
54	55	1.0
54	85	1.0
55	55	4.0
55	56	1.0
56	56	2.0
57	57	1.0
57	58	1.0
57	60	1.0
57	81	1.0
57	137	1.0
57	139	2.0
58	65	1.0
58	78	1.0
60	63	1.0
62	62	1.0
63	64	1.0
64	78	2.0
65	65	1.0
65	140	1.0
65	143	1.0
66	78	1.0
68	68	3.0
69	80	1.0
69	83	1.0
70	70	3.0
70	71	1.0
70	75	1.0
70	88	1.0
71	71	3.0
71	72	1.0
72	72	5.0
73	73	4.0
74	74	2.0
74	76	1.0
75	75	2.0
75	76	1.0
76	76	1.0
76	77	2.0
77	77	4.0
77	78	1.0
78	78	6.0
78	79	2.0
79	79	3.0
81	81	1.0
81	82	1.0
82	82	2.0
82	112	1.0
83	110	1.0
85	85	2.0
85	86	2.0
85	108	1.0
86	86	2.0
86	89	1.0
86	106	1.0
86	113	1.0
87	87	3.0
87	88	1.0
87	104	1.0
88	88	2.0
88	89	2.0
89	89	2.0
89	111	1.0
90	90	2.0
90	91	1.0
90	145	1.0
91	91	1.0
91	95	1.0
91	110	1.0
92	92	1.0
92	101	1.0
92	110	1.0
93	94	1.0
94	94	2.0
94	95	1.0
95	106	1.0
95	119	1.0
96	96	1.0
97	97	1.0
97	98	1.0
97	101	1.0
98	98	3.0
99	99	1.0
99	106	1.0
99	107	1.0
99	109	1.0
100	100	3.0
100	101	1.0
101	101	2.0
101	103	1.0
102	102	1.0
102	104	1.0
103	103	2.0
103	122	1.0
104	104	1.0
104	105	1.0
104	115	1.0
105	105	5.0
105	106	2.0
105	108	1.0
106	106	1.0
106	107	1.0
106	109	1.0
107	107	3.0
107	108	2.0
107	121	1.0
108	108	2.0
108	109	1.0
109	109	4.0
109	110	1.0
109	187	2.0
110	110	5.0
110	111	1.0
111	111	1.0
111	113	1.0
112	166	1.0
113	113	2.0
113	159	1.0
114	114	1.0
114	115	1.0
115	115	1.0
116	116	4.0
116	119	1.0
117	117	2.0
118	119	1.0
119	120	1.0
120	120	1.0
121	122	1.0
122	122	2.0
123	123	1.0
124	124	2.0
124	125	1.0
124	127	1.0
124	154	1.0
124	156	1.0
125	125	2.0
125	142	1.0
126	126	1.0
127	127	1.0
128	128	2.0
128	129	1.0
128	130	1.0
128	142	1.0
129	129	2.0
129	163	1.0
130	130	1.0
130	131	2.0
130	139	1.0
133	133	1.0
133	134	1.0
134	135	1.0
135	136	1.0
136	136	1.0
136	137	2.0
138	138	2.0
138	152	1.0
139	139	3.0
139	140	2.0
139	144	2.0
139	151	1.0
139	152	1.0
139	155	1.0
140	140	6.0
140	142	1.0
141	141	4.0
141	142	1.0
141	173	2.0
142	142	2.0
142	148	1.0
142	151	1.0
143	143	1.0
145	145	1.0
145	146	1.0
145	147	1.0
145	164	1.0
146	146	4.0
146	148	1.0
146	164	2.0
147	147	3.0
147	148	1.0
148	148	4.0
148	149	2.0
148	165	1.0
148	178	1.0
149	149	5.0
150	151	1.0
151	151	4.0
152	152	4.0
152	153	2.0
152	154	1.0
153	153	4.0
153	154	3.0
154	154	1.0
155	155	3.0
155	175	1.0
155	177	1.0
156	156	2.0
156	168	1.0
157	157	1.0
157	158	1.0
158	158	1.0
159	160	2.0
160	160	2.0
160	184	1.0
161	161	2.0
163	163	2.0
163	164	3.0
164	188	1.0
165	165	6.0
165	166	1.0
165	168	1.0
166	166	2.0
166	171	1.0
166	187	1.0
167	167	3.0
169	169	2.0
169	170	2.0
169	183	1.0
170	170	2.0
171	171	2.0
172	172	1.0
172	173	1.0
173	174	5.0
174	174	3.0
175	175	1.0
176	176	1.0
176	177	1.0
177	177	3.0
178	178	1.0
179	179	1.0
180	180	2.0
181	182	1.0
181	183	2.0
181	184	1.0
183	183	4.0
184	184	2.0
184	185	2.0
185	185	2.0
185	186	1.0
186	186	3.0
186	187	1.0
187	187	1.0
188	188	1.0
188	189	1.0
188	190	1.0
0	1	2.0
0	3	1.0
0	0	3.0
