71	71	15
32	33	1
54	54	2
4	9	1
59	59	2
74	74	1
79	79	1
33	34	1
15	15	1
15	17	1
13	13	15
104	104	1
28	28	11
21	26	3
4	8	1
99	99	2
75	75	1
15	16	5
68	68	5
70	70	7
13	64	1
12	13	3
73	73	3
12	12	1
68	74	4
94	94	1
75	75	4
12	12	1
93	94	2
80	80	1
11	11	14
17	17	1
72	72	1
95	95	1
14	17	1
56	60	1
46	46	1
66	66	7
68	68	3
17	17	3
5	5	1
80	80	3
13	13	10
16	16	10
65	65	2
102	103	1
84	84	1
80	85	1
65	65	4
11	12	1
74	74	2
69	70	1
100	100	1
12	12	5
72	72	1
55	55	2
64	64	23
38	38	1
90	90	2
58	58	3
71	74	2
27	28	1
69	69	5
15	15	11
17	18	2
58	58	6
56	62	1
65	65	1
3	3	5
18	18	1
55	55	3
67	73	2
12	12	3
46	46	2
40	40	1
71	71	21
64	64	1
14	14	14
6	6	5
70	73	2
10	10	2
57	57	6
107	107	1
56	61	1
100	100	1
39	39	2
40	40	1
70	70	6
31	39	1
4	7	1
95	95	2
58	59	1
67	67	1
11	11	8
13	13	1
85	85	2
5	5	1
41	41	1
30	35	1
15	17	2
73	73	2
71	74	2
