bin1    bin2    count
35 35 1
26 26 1
33 94 1
58 58 1
15 15 1
66 66 1
64 64 1
73 73 1
22 23 1
11 12 1
31 31 1
48 48 1
7 7 1
101 101 1
10 10 1
43 43 1
42 42 1
65 65 1
73 73 1
50 50 1
98 98 1
94 95 1
68 69 1
76 77 1
53 53 1
49 50 1
70 70 1
69 69 1
89 89 1
98 98 1
50 53 1
33 33 1
41 41 1
35 36 1
11 11 1
47 47 1
56 56 1
16 16 1
79 79 1
98 98 1
97 97 2
28 28 1
4 4 1
50 50 1
65 65 1
74 74 1
99 100 1
98 98 1
34 34 1
11 11 1
89 89 1
5 5 1
90 94 1
79 79 1
62 63 1
69 69 1
9 9 1
81 81 1
89 91 1
33 33 1
25 25 1
63 63 1
12 12 2
27 27 1
7 7 1
29 95 1
96 96 1
62 62 1
52 52 1
82 83 1
10 10 2
67 67 1
96 96 1
23 25 1
88 88 1
13 13 1
87 87 1
88 88 1
88 88 1
59 59 2
21 21 1
77 77 1
70 70 1
56 56 1
32 32 1
103 103 1
38 38 1
39 41 1
103 103 1
71 71 1
15 15 1
64 64 1
13 13 1
91 91 1
75 75 2
53 53 1
67 68 1
103 103 1
3 3 1
39 39 1
37 37 1
102 102 1
22 23 1
97 97 1
43 43 1
65 65 2
103 103 1
59 64 1
77 78 1
58 59 1
50 50 1
29 29 2
79 79 2
15 15 1
24 24 1
38 38 1
76 76 2
44 44 1
86 86 1
94 94 1
7 7 1
57 71 1
97 97 1
45 45 1
22 22 1
27 27 1
25 25 1
19 19 1
12 12 1
67 67 1
30 38 1
88 88 1
36 36 1
23 23 2
87 87 2
43 43 1
99 99 1
68 68 1
98 98 1
68 68 1
37 37 1
95 95 2
60 60 1
102 102 1
64 64 1
52 53 3
43 43 1
59 59 1
23 23 2
47 47 2
55 55 1
7 7 1
101 101 1
99 99 1
98 98 1
12 12 1
25 25 1
10 11 1
20 68 1
62 62 1
24 24 1
57 71 1
11 11 1
27 27 1
26 26 1
77 80 1
12 14 1
69 69 1
45 45 1
81 81 1
51 56 1
73 73 1
99 99 1
7 7 1
103 103 1
85 85 2
85 85 2
100 100 1
30 32 1
37 37 1
98 98 1
94 94 1
82 82 1
4 4 1
49 49 1
53 53 1
19 19 1
80 81 1
103 103 1
7 7 1
36 36 1
43 43 2
83 84 1
46 47 1
92 92 2
99 99 1
10 10 1
37 37 1
34 34 1
12 12 1
44 44 1
71 71 1
18 18 1
92 92 2
22 38 1
43 43 1
77 77 1
4 4 1
68 68 1
86 87 2
86 86 1
86 86 1
83 83 1
6 6 1
36 36 2
31 31 1
101 101 1
18 18 1
53 53 1
77 78 1
95 95 1
57 71 1
5 5 2
55 55 1
102 102 1
55 55 1
75 75 1
67 71 1
59 59 1
74 74 1
59 59 1
99 99 1
36 36 1
33 33 1
3 3 1
53 53 1
68 68 1
57 57 1
82 82 1
10 10 2
80 80 2
88 88 1
83 83 2
29 29 1
93 93 1
8 8 1
27 27 1
53 53 2
89 89 1
90 90 1
78 78 1
47 61 1
44 44 1
100 100 1
11 11 1
55 55 2
33 94 1
16 16 1
42 42 1
13 13 1
57 57 1
66 66 1
35 35 1
79 79 1
40 40 1
56 56 1
10 10 1
84 99 1
42 42 1
39 39 1
37 38 1
30 30 1
79 79 1
25 25 1
39 39 1
65 65 1
62 62 1
6 6 1
22 22 1
29 29 1
41 41 1
40 40 1
39 39 1
15 15 1
15 16 1
80 80 1
37 37 2
48 48 1
13 13 1
68 68 1
38 38 1
42 42 1
29 29 1
74 74 1
41 41 1
82 82 1
88 88 1
13 13 1
12 12 1
57 57 1
93 93 1
15 15 1
59 59 1
36 36 1
12 12 2
52 52 1
19 19 1
16 44 1
74 74 1
75 75 1
103 103 1
90 91 1
61 61 1
98 98 1
37 37 1
93 93 2
77 77 1
36 36 1
90 91 1
38 41 1
61 61 1
17 17 1
34 34 1
58 58 1
79 80 1
60 61 1
59 59 1
101 101 1
31 31 1
36 36 1
42 42 1
97 97 1
13 13 1
34 34 1
47 47 1
59 59 1
27 27 1
81 81 1
60 60 1
71 71 1
46 46 1
4 4 2
82 82 1
12 12 1
40 40 1
97 97 1
63 63 1
83 83 1
53 53 1
55 71 1
82 82 1
34 34 1
38 38 1
61 61 1
39 39 1
42 42 1
52 52 1
98 98 1
57 57 1
87 87 1
75 97 1
9 10 1
13 13 1
83 83 1
25 28 1
100 100 1
34 34 1
12 12 1
97 97 1
86 86 1
49 49 1
5 5 1
98 100 1
77 77 1
65 66 1
95 95 1
81 81 1
12 12 1
39 39 2
92 92 1
61 61 1
51 51 2
103 103 1
7 7 1
98 98 1
59 59 1
41 45 1
43 43 1
92 92 1
88 88 1
87 87 1
35 35 1
50 50 1
43 43 1
84 84 1
102 102 1
43 43 1
100 101 1
9 9 2
4 4 1
49 49 1
46 46 3
76 76 1
60 60 1
89 89 1
11 11 1
7 7 1
67 67 1
7 7 1
79 79 1
99 99 1
12 12 1
35 35 1
77 78 1
89 89 2
96 96 1
76 76 1
88 88 1
10 10 1
81 81 1
15 15 1
88 88 3
57 57 1
84 99 1
50 51 1
17 20 1
99 100 1
57 68 1
73 74 1
59 59 1
16 16 1
20 20 2
100 100 1
91 91 1
86 86 1
23 23 1
60 61 1
16 16 1
34 34 1
28 28 1
75 75 1
6 6 2
60 60 1
42 42 1
66 66 1
89 97 1
5 5 1
98 98 1
77 77 1
24 24 1
77 77 1
75 75 1
95 99 2
51 51 1
31 31 1
28 28 1
82 82 1
68 68 1
40 40 1
80 80 1
8 8 1
92 92 1
25 25 2
49 49 1
61 62 1
59 59 1
101 101 1
31 36 1
52 52 1
81 81 1
71 71 1
85 85 1
10 11 1
7 7 1
39 67 1
14 14 1
83 83 1
60 60 1
80 80 1
53 83 1
92 95 1
7 7 1
23 23 1
65 65 1
10 10 1
52 52 1
99 99 1
23 28 1
81 81 1
68 69 1
86 87 1
76 76 1
24 24 1
80 81 1
6 7 1
66 66 1
30 30 1
50 50 1
57 57 1
43 43 2
85 98 1
50 50 2
81 81 1
51 51 2
57 57 1
14 14 1
12 12 2
5 5 2
44 44 1
67 67 1
4 70 1
83 83 1
23 23 1
98 98 1
22 22 1
62 62 1
15 69 1
59 65 1
20 43 1
87 88 1
92 97 1
38 38 1
6 6 1
67 67 1
23 96 2
89 89 1
9 9 1
78 78 1
94 94 1
81 81 1
98 98 1
43 66 2
85 85 1
14 15 1
24 24 1
58 58 1
27 27 2
37 37 1
58 58 1
32 32 1
13 13 1
56 56 1
52 52 1
89 89 1
19 19 1
31 36 1
79 80 1
92 92 1
74 74 1
96 96 1
73 73 1
45 46 1
4 70 1
14 14 1
11 11 1
47 47 1
39 39 1
92 92 1
76 76 1
5 5 1
13 13 1
11 11 1
81 81 1
81 83 1
26 27 1
87 87 1
19 19 1
34 34 1
76 83 1
49 50 1
41 41 1
76 80 1
39 39 2
76 76 2
77 77 1
6 6 1
3 3 1
79 82 1
59 67 1
8 8 1
102 102 1
20 20 1
30 30 1
68 68 1
45 45 1
9 9 1
33 33 1
74 74 3
65 65 1
36 37 1
29 30 1
80 80 1
88 88 1
65 65 1
42 67 1
43 43 1
76 76 1
88 88 1
80 81 1
71 71 1
76 76 1
45 45 1
54 54 1
36 36 1
75 75 1
92 92 1
53 53 1
75 75 1
43 43 1
65 65 1
42 42 1
9 9 1
44 44 1
49 49 1
79 79 1
98 98 1
62 62 1
100 100 2
53 83 1
54 54 1
22 28 1
21 21 1
46 46 3
55 57 1
7 7 1
58 58 1
40 40 1
35 36 1
53 75 1
70 70 2
9 9 1
68 68 1
92 92 1
98 98 1
78 78 1
63 63 1
50 50 1
60 62 1
28 28 1
54 54 2
65 65 1
97 97 1
65 65 1
10 10 1
79 79 1
102 102 1
71 71 1
89 90 1
41 41 1
28 28 1
5 5 1
60 60 1
78 78 1
49 49 1
48 83 1
6 7 1
89 89 1
16 16 1
9 9 1
71 71 1
49 49 1
101 101 1
16 36 1
10 10 2
42 42 1
80 80 2
99 99 1
93 93 1
81 81 1
9 10 1
99 99 1
13 13 1
66 66 1
55 55 1
39 39 1
49 49 1
12 12 2
49 49 1
38 38 1
12 12 2
8 9 1
50 50 1
34 34 1
66 66 2
49 49 1
96 96 1
83 83 1
77 77 1
94 94 1
91 91 1
77 77 1
34 34 1
95 95 1
74 74 1
94 94 1
43 98 1
81 81 1
81 81 1
39 39 1
24 25 1
5 5 1
68 69 1
19 68 1
95 95 1
88 88 1
82 82 1
78 78 1
40 40 1
27 27 1
79 79 1
56 56 1
60 60 1
93 93 1
6 6 1
35 35 1
18 47 1
66 66 1
65 65 2
86 86 2
75 75 1
29 29 1
83 83 1
37 38 1
98 98 1
67 68 1
77 77 1
62 66 1
21 55 1
9 9 1
56 56 1
43 98 1
27 27 1
53 53 1
8 8 1
22 22 1
66 66 1
49 49 1
54 54 1
32 32 1
101 101 1
87 87 1
81 81 1
46 59 1
39 67 1
3 3 1
90 95 1
57 68 1
54 57 1
102 102 1
74 74 1
97 97 1
75 98 1
65 65 1
44 44 1
36 36 1
10 11 2
7 7 1
62 62 1
91 91 1
48 48 1
50 50 1
47 67 1
93 93 1
66 66 1
81 82 1
99 99 1
66 66 1
37 37 1
86 86 1
95 95 1
46 46 1
78 78 2
33 33 1
10 10 1
85 85 1
7 7 1
94 94 1
33 33 1
99 100 2
94 95 1
79 79 1
66 71 1
61 61 1
19 55 1
83 83 1
98 98 1
84 85 2
85 99 1
76 79 1
53 53 1
37 37 1
101 101 1
55 55 1
68 68 1
67 67 1
4 4 1
7 7 1
88 88 1
12 12 1
101 101 2
81 81 1
50 50 1
57 69 2
99 99 1
11 11 1
57 57 1
31 31 1
7 7 1
78 78 1
54 54 1
53 54 1
54 54 1
47 48 1
8 8 1
100 100 2
63 63 1
37 37 1
59 60 1
80 80 1
95 95 2
5 5 2
45 45 1
78 78 2
9 9 1
20 20 1
10 10 1
97 97 1
25 75 1
89 89 1
3 3 1
32 32 1
46 46 1
84 84 1
47 47 1
41 41 1
58 58 1
53 53 2
40 40 1
42 42 1
95 95 1
27 27 1
37 37 1
63 63 1
33 33 1
20 23 1
58 58 2
81 81 1
37 37 1
79 79 1
18 18 1
90 95 1
46 46 1
70 71 1
12 12 1
51 51 1
68 69 1
65 65 1
25 25 1
102 102 2
97 97 1
42 42 1
43 44 1
101 101 1
83 83 1
42 97 1
7 8 1
26 26 1
74 74 1
16 16 1
10 11 1
21 82 1
73 73 1
15 15 2
98 98 1
21 43 1
38 38 1
56 56 1
11 11 1
22 22 1
28 28 1
54 54 1
75 76 1
35 35 1
91 101 1
21 21 1
21 21 1
82 82 1
75 75 1
75 75 1
82 86 1
7 7 1
46 46 3
25 25 1
36 36 2
87 87 1
8 8 1
59 59 1
10 10 1
17 17 1
33 33 1
101 101 1
19 19 1
71 71 1
66 66 1
8 8 1
80 80 1
11 12 1
4 14 1
77 77 1
45 45 1
42 42 1
17 18 1
25 76 1
19 20 1
16 43 1
57 57 1
27 27 1
69 69 1
55 71 1
86 86 1
101 101 1
95 97 1
42 42 1
13 13 1
73 74 1
4 4 1
51 51 1
41 41 1
100 100 1
76 76 2
68 82 2
14 15 1
83 84 1
54 54 2
82 82 1
39 39 1
39 39 1
98 98 1
84 85 1
13 13 1
30 30 1
55 55 1
39 39 1
102 102 1
36 36 1
62 62 1
10 10 1
88 88 1
27 27 1
57 57 1
44 44 1
42 42 1
81 81 2
64 64 1
73 96 1
29 29 2
86 86 1
65 65 1
79 79 1
49 49 1
34 34 1
39 39 1
47 47 2
7 7 1
3 3 1
72 73 1
93 93 1
25 25 2
28 100 1
64 66 1
79 79 1
45 45 1
58 58 1
102 102 1
92 92 1
94 94 1
22 22 1
60 60 1
90 90 1
29 29 1
29 29 1
6 6 1
65 65 1
30 30 1
67 67 1
26 26 1
39 39 1
8 8 1
58 58 1
16 36 1
16 16 1
53 53 1
88 88 1
34 35 1
12 12 1
101 101 1
20 20 2
32 32 1
102 102 1
23 28 1
6 6 1
58 58 1
53 83 1
10 10 1
22 22 1
51 51 1
81 81 1
31 31 1
22 22 1
33 33 1
50 50 1
87 87 1
17 17 1
101 102 1
40 40 1
89 89 1
66 71 1
53 53 1
12 12 1
76 76 1
86 86 1
89 89 1
20 20 1
73 73 1
96 96 1
92 92 1
42 42 1
81 82 1
41 41 1
3 3 1
64 64 1
8 8 2
78 78 1
11 11 1
31 31 1
43 43 1
37 37 1
82 82 1
81 81 1
31 31 1
61 61 1
102 102 1
102 102 1
52 52 1
46 46 1
49 49 1
48 48 1
28 28 1
62 62 1
102 102 1
81 82 2
98 98 1
98 98 1
98 98 1
50 50 1
7 26 1
53 53 1
20 20 1
81 81 1
88 88 1
10 10 1
59 59 1
83 84 1
6 7 1
5 5 1
50 50 1
3 3 1
81 81 1
72 74 1
46 46 1
74 74 1
87 87 1
26 26 1
98 98 1
49 49 1
94 94 1
18 18 1
26 26 1
42 42 1
66 66 1
13 13 1
75 75 1
87 87 1
83 83 1
26 26 1
39 39 1
28 29 1
58 76 2
83 83 1
56 56 1
90 90 1
50 50 1
45 46 1
16 16 1
99 99 2
101 101 1
12 15 1
34 34 1
83 83 1
36 38 1
54 54 1
48 50 1
84 85 1
81 81 1
39 39 1
90 91 1
37 37 1
35 35 1
49 49 1
80 81 1
100 100 1
54 55 1
82 82 1
36 36 1
43 43 1
27 64 2
8 8 1
47 47 1
32 32 1
62 62 1
29 88 1
5 5 1
39 47 1
4 33 1
25 25 1
69 69 1
97 97 1
34 34 1
