bin1    bin2    count
63 63 1
15 15 1
3 3 1
98 98 1
54 54 1
82 86 1
48 48 1
7 7 1
106 108 1
110 110 1
12 12 1
60 60 1
25 25 1
78 78 1
111 111 1
64 64 2
112 112 1
70 70 1
57 57 1
29 29 1
110 110 1
3 3 1
41 41 1
104 104 1
84 87 1
113 113 1
5 5 1
41 41 1
83 108 1
74 74 1
89 89 1
33 33 1
28 28 1
71 71 1
55 55 1
30 30 1
36 38 1
48 48 2
54 54 1
80 81 1
60 60 1
30 31 1
57 69 1
10 10 1
87 88 1
111 111 1
34 34 1
10 10 1
13 13 2
34 35 1
89 94 1
97 97 1
106 106 1
7 7 1
98 98 1
13 13 1
117 117 1
85 85 1
105 105 2
101 101 1
4 4 1
44 45 1
81 81 1
34 35 1
100 104 1
3 3 1
113 113 2
57 57 1
67 67 1
55 55 1
107 107 1
32 32 1
45 46 1
107 107 1
86 86 1
57 57 1
109 109 1
55 55 1
31 31 2
80 80 1
104 106 1
105 105 1
77 77 1
87 87 2
80 80 1
102 102 1
83 83 1
106 106 1
112 112 1
83 83 2
45 45 2
93 93 1
102 102 1
7 7 1
71 105 1
36 54 1
114 114 1
106 106 1
26 26 1
5 57 1
78 78 1
29 29 1
69 69 1
74 74 1
87 87 1
4 4 1
55 55 1
60 65 1
75 76 1
16 16 1
60 60 1
81 81 2
65 65 1
12 13 1
74 74 1
67 96 1
80 80 1
25 25 2
78 79 1
49 49 1
82 82 1
69 69 1
15 16 1
115 115 1
112 112 1
81 81 3
110 110 1
86 86 1
27 35 1
117 117 2
95 95 1
83 83 1
49 49 1
49 50 1
15 15 1
55 55 1
82 86 1
86 86 2
112 112 1
94 94 1
74 74 1
12 12 2
30 30 1
107 109 1
56 56 1
15 15 1
45 45 2
53 53 1
72 87 2
109 109 1
46 46 1
46 46 1
41 41 1
32 32 1
56 56 1
39 39 1
41 41 1
49 49 1
102 102 1
96 97 1
48 48 1
13 34 1
87 87 1
76 91 1
60 68 1
51 51 2
44 44 1
69 69 1
54 69 1
106 106 1
41 44 1
69 69 1
82 82 1
52 53 1
103 103 2
27 27 2
88 88 1
85 85 1
76 89 1
107 107 1
117 117 1
78 78 1
82 82 1
39 68 1
89 89 1
88 88 1
104 104 1
50 50 1
67 67 1
86 86 1
65 65 1
7 9 2
40 41 1
51 51 1
118 118 1
92 103 1
117 117 1
42 42 1
88 88 1
86 86 1
37 37 1
39 40 1
66 67 1
62 62 1
36 37 1
93 93 1
79 79 1
45 45 1
114 114 1
100 100 1
40 40 1
84 84 1
64 64 1
72 72 1
53 53 1
55 55 1
17 17 2
89 89 1
119 119 1
30 30 1
87 87 1
78 78 1
69 69 1
68 68 1
56 56 1
27 27 1
3 3 1
109 109 1
87 87 1
73 109 1
78 119 1
58 58 1
93 93 1
15 15 1
74 74 1
100 100 1
60 60 1
110 110 2
7 7 1
60 60 2
75 75 1
98 98 1
117 117 1
95 95 1
112 112 1
111 111 1
54 55 1
99 99 1
7 7 1
73 73 1
27 27 1
75 75 1
10 10 1
107 107 1
11 11 1
109 111 2
118 118 1
72 72 1
71 71 1
83 87 2
91 91 1
72 72 1
55 55 1
113 113 1
81 81 1
111 111 1
47 47 1
25 25 1
77 84 1
36 36 1
117 117 2
34 34 1
111 111 1
71 71 1
36 47 1
35 35 1
76 76 1
67 67 1
40 40 1
108 108 1
114 114 1
27 35 1
13 13 1
98 98 1
75 75 1
118 118 1
31 31 1
117 117 2
114 114 1
98 99 1
70 70 1
53 54 1
80 81 1
92 105 1
88 88 1
92 92 1
103 103 1
85 109 1
46 46 1
108 108 1
54 54 1
79 120 1
43 43 1
83 106 1
101 101 1
90 90 1
26 26 1
4 4 1
87 87 1
93 93 1
108 108 1
67 67 2
83 83 1
120 120 1
86 86 2
57 57 1
57 57 1
81 81 1
112 112 1
86 86 1
82 82 2
94 94 1
57 57 1
11 11 1
66 66 1
25 25 1
110 110 1
112 112 1
87 87 1
51 51 1
9 9 1
28 28 2
50 50 2
12 12 1
79 79 1
90 90 1
14 14 1
10 10 1
10 10 1
77 77 1
86 86 1
91 91 1
33 33 1
12 15 1
50 50 1
35 35 1
99 101 1
67 68 1
83 83 1
85 85 2
47 47 2
28 28 1
42 42 1
110 110 1
12 12 1
42 42 1
72 72 1
65 65 1
6 6 1
8 8 1
48 49 1
72 72 1
86 107 1
109 109 1
112 112 1
49 49 1
98 98 2
58 58 2
69 69 1
36 37 1
46 47 1
118 118 1
93 94 1
115 115 1
118 118 1
15 16 1
70 70 1
80 80 1
62 64 2
54 54 1
59 59 1
80 80 1
36 44 2
110 110 1
28 28 1
62 62 1
13 13 1
103 103 1
78 78 1
85 85 1
42 42 1
5 51 1
28 28 1
58 58 1
75 76 3
62 62 1
14 14 1
26 26 2
5 5 1
28 28 1
31 31 1
96 96 1
4 5 1
97 97 1
12 13 1
93 93 1
101 102 1
44 46 1
8 8 1
12 12 1
56 56 1
55 55 1
82 82 1
78 78 1
120 120 1
93 93 1
86 86 1
14 14 1
25 25 1
26 27 1
14 15 1
14 14 1
47 47 1
80 80 1
87 87 3
66 66 1
104 104 1
15 15 1
56 56 1
82 82 1
57 58 1
37 37 1
67 68 1
35 35 1
50 64 1
100 100 1
85 85 1
118 118 1
85 85 1
85 85 1
60 61 1
80 80 2
26 26 1
43 43 1
70 70 1
104 104 1
4 4 1
5 5 1
9 9 1
110 110 2
83 83 1
60 60 1
37 49 2
105 105 1
26 26 1
36 36 1
17 17 1
75 75 1
51 51 1
85 85 1
120 120 1
77 77 1
54 54 1
5 5 2
12 12 1
67 67 1
42 42 1
38 49 1
84 85 1
47 47 1
61 61 1
113 113 1
25 26 1
6 57 1
12 12 1
80 80 1
36 36 1
77 77 1
39 39 1
58 58 1
88 88 1
101 102 1
61 62 1
75 90 1
113 113 1
35 43 1
88 88 1
106 106 1
21 21 1
12 12 1
92 92 1
113 113 1
90 90 1
91 91 1
113 113 1
66 66 1
6 6 1
86 86 1
26 26 1
48 48 1
112 112 1
8 8 1
12 12 1
4 4 1
62 63 1
117 118 1
105 106 1
95 95 1
47 47 1
39 39 1
97 98 1
29 29 1
111 111 1
42 42 1
73 73 1
106 106 1
3 3 1
11 31 1
113 113 1
6 6 1
99 99 1
43 44 1
16 16 1
110 110 1
11 31 1
110 110 2
36 36 2
73 73 1
54 54 1
41 41 1
85 85 1
48 57 1
103 103 1
80 80 1
37 37 1
34 34 1
115 117 1
26 26 1
62 62 1
106 106 1
66 68 2
53 53 1
40 40 1
71 72 1
101 101 1
120 120 1
41 41 1
107 107 1
58 58 1
63 63 1
72 103 2
75 75 2
88 88 2
111 111 1
11 11 1
52 52 1
57 57 1
47 47 1
108 108 1
98 98 2
41 41 1
83 108 1
3 3 1
118 118 1
110 110 1
86 86 1
46 46 2
51 51 1
104 114 1
101 101 1
65 65 2
26 26 1
87 87 1
97 97 1
61 61 1
9 9 1
4 57 1
78 79 1
101 101 1
113 113 1
4 57 1
115 115 1
25 25 1
114 114 1
32 32 1
88 88 1
54 54 2
111 111 1
60 60 1
8 8 1
69 69 3
78 78 2
83 84 1
40 40 1
60 60 2
9 9 1
21 21 1
8 9 1
4 4 1
109 109 1
108 108 1
91 91 1
72 72 1
75 75 1
28 28 1
107 107 1
16 16 2
34 34 1
87 87 1
35 35 1
81 81 1
55 55 1
114 114 1
101 101 1
85 85 1
4 4 1
33 34 1
35 35 2
35 36 1
71 71 1
111 111 2
17 17 1
57 57 1
82 82 2
9 9 1
120 120 1
64 64 2
80 81 1
112 112 1
69 69 1
77 77 1
82 83 1
8 8 1
29 29 2
109 109 1
72 72 1
114 114 1
5 6 2
58 59 1
80 88 1
57 57 1
13 13 1
47 47 1
48 49 1
57 60 1
72 72 1
91 92 1
103 104 1
110 110 1
111 111 1
85 85 2
109 109 1
56 56 1
107 107 1
101 102 2
89 89 1
90 90 1
90 90 1
32 32 1
91 91 1
90 93 1
104 105 1
53 53 1
96 98 1
13 29 1
43 44 1
107 108 1
71 71 1
15 15 1
103 103 1
4 4 1
99 101 1
111 111 1
66 66 1
55 55 1
3 3 1
15 15 1
13 13 1
120 120 1
70 70 1
92 92 1
105 113 1
59 59 2
27 28 1
52 53 1
93 93 2
103 103 3
106 106 1
4 4 1
66 66 1
44 44 1
70 70 1
88 105 1
17 25 1
113 113 1
90 90 1
8 8 1
35 35 1
29 30 1
79 79 1
101 101 1
83 87 1
93 93 1
33 33 1
69 69 1
90 90 1
78 78 1
36 36 1
7 8 2
70 71 1
58 58 2
108 108 1
112 112 1
48 48 1
68 69 1
62 62 1
83 87 1
112 112 1
6 57 1
77 77 1
90 90 1
79 79 2
88 88 1
93 93 1
39 39 1
84 84 1
51 51 1
4 4 1
96 96 1
34 34 1
12 12 2
62 62 1
7 7 1
14 14 3
5 5 2
10 10 2
17 17 1
30 30 1
25 25 1
103 103 2
114 114 2
59 59 1
70 70 1
101 101 1
86 86 1
101 101 1
49 49 1
101 101 1
77 77 1
70 70 1
90 94 1
38 49 1
44 44 2
101 101 1
47 47 1
8 8 1
86 86 1
98 99 1
72 72 1
37 37 1
26 26 1
67 67 1
5 6 1
67 67 1
70 88 1
113 113 1
79 79 1
48 49 1
4 4 2
12 16 1
50 50 1
57 57 2
64 64 1
59 59 1
12 15 1
93 94 1
78 78 1
92 92 1
4 4 1
95 95 1
112 113 1
112 113 1
43 43 1
103 103 1
117 118 1
71 85 1
63 64 1
86 86 1
90 90 1
49 49 1
94 109 1
53 53 1
25 25 1
107 108 1
107 107 1
41 41 1
71 71 1
72 72 1
120 120 2
115 117 1
102 103 1
8 8 1
36 37 1
82 82 1
65 65 1
88 88 1
94 94 1
67 67 1
66 99 1
17 17 1
34 34 1
35 35 1
79 79 1
75 75 1
103 103 1
25 25 1
63 63 1
111 112 1
46 46 2
92 92 1
115 115 1
51 51 1
96 98 1
90 90 1
96 96 2
91 91 1
48 57 1
78 78 1
30 30 2
101 101 1
81 81 1
39 41 1
66 90 1
8 8 1
54 55 1
35 35 1
41 57 1
81 82 1
12 31 2
12 12 1
87 111 1
28 28 1
81 81 1
111 111 1
36 36 1
62 62 1
77 81 2
60 60 1
101 101 1
27 27 1
77 77 1
112 112 1
76 76 1
82 82 3
7 10 1
51 51 2
34 34 1
27 27 1
74 74 1
88 88 1
113 113 1
8 9 1
49 49 1
5 6 1
100 106 1
66 66 1
28 28 3
109 109 1
82 82 1
13 13 1
106 109 1
8 8 2
28 29 1
112 112 1
7 7 1
92 92 1
104 104 1
81 81 1
60 60 1
69 69 1
109 110 1
83 83 1
109 109 1
91 91 2
68 68 1
25 25 2
62 62 1
77 77 1
73 73 1
81 81 1
89 90 1
77 77 1
83 83 1
32 32 1
112 112 1
112 112 1
98 98 1
63 63 1
21 21 1
96 96 1
74 74 1
109 109 1
72 73 1
33 33 1
93 93 1
113 113 1
94 94 1
15 16 1
16 16 1
88 114 1
50 50 1
74 74 1
30 30 1
105 105 1
87 88 1
94 94 1
119 119 1
6 6 1
12 12 2
90 90 1
71 71 3
27 27 1
94 94 1
83 83 1
84 84 1
54 54 1
93 94 1
73 73 1
61 62 1
25 25 4
112 112 1
119 120 1
58 59 1
98 98 1
11 11 1
93 93 1
70 70 1
53 55 1
86 86 1
74 74 1
59 59 1
57 57 1
60 60 2
119 121 1
66 66 2
82 82 1
115 115 1
50 50 1
100 100 1
29 29 1
75 75 1
77 77 1
112 112 1
75 75 1
83 83 1
119 120 1
37 37 2
66 66 1
44 44 1
6 6 1
82 82 1
68 69 1
97 102 1
69 69 1
39 39 1
33 34 1
107 107 1
86 86 2
61 61 1
13 13 1
66 66 1
12 12 2
70 97 1
79 79 1
85 108 1
93 93 1
105 105 1
30 31 1
98 98 1
99 99 1
72 72 1
71 114 1
87 87 1
37 37 1
79 79 1
100 100 1
106 106 1
86 86 1
112 112 1
32 32 3
34 34 2
82 82 1
86 107 1
12 12 2
61 61 2
99 99 1
113 113 1
5 6 1
78 119 1
12 12 1
106 106 1
82 85 1
85 85 1
81 81 1
109 109 1
4 4 1
57 57 1
113 113 1
86 86 1
51 51 1
93 93 1
4 4 1
54 54 1
112 112 1
54 54 1
35 35 1
79 79 2
114 114 1
110 110 1
39 39 1
41 41 1
74 84 1
25 25 1
35 35 1
74 74 1
55 55 1
13 13 1
3 3 1
60 60 1
71 71 1
97 97 1
99 99 1
13 14 1
26 26 1
105 105 1
74 108 1
86 87 1
96 96 1
100 100 1
75 75 1
77 78 1
94 109 1
97 97 1
110 110 2
82 82 1
30 30 1
93 94 1
119 119 1
81 81 1
8 8 1
66 67 1
73 73 1
81 85 1
109 110 2
84 84 1
75 75 1
4 4 1
81 81 1
105 106 1
14 14 3
64 64 1
114 114 1
113 113 1
63 63 1
110 110 1
95 95 1
57 57 1
87 87 1
51 51 1
52 52 1
34 34 1
103 103 1
4 4 1
95 95 1
9 9 1
43 43 1
35 35 1
51 62 1
64 76 2
97 97 1
31 31 1
71 71 1
40 41 1
112 112 1
32 32 1
45 45 1
81 81 1
106 106 1
86 86 1
118 118 2
109 109 1
85 85 1
38 38 1
117 117 1
55 55 1
65 65 1
4 4 1
25 26 1
79 79 1
110 110 1
101 101 1
49 49 1
88 88 1
55 72 1
59 59 1
17 17 1
114 114 1
7 8 1
106 106 2
102 102 1
113 113 1
103 103 1
111 111 2
117 118 1
14 14 1
4 4 1
99 100 1
88 88 1
69 69 1
33 34 1
87 87 1
86 86 1
97 98 1
66 66 1
107 107 1
99 99 1
103 103 1
88 88 1
112 112 1
113 113 1
67 67 1
41 41 1
81 81 2
30 30 1
25 25 1
63 63 1
16 16 1
81 81 1
71 71 1
109 109 1
58 58 1
34 34 1
71 101 1
38 38 1
52 53 1
114 114 1
44 44 1
106 106 1
12 12 1
77 77 1
88 88 1
17 17 1
36 36 1
100 100 1
8 8 1
86 86 1
118 118 1
90 90 1
104 104 1
112 112 1
71 71 1
69 69 1
27 27 1
87 87 1
120 120 1
114 114 1
4 4 1
73 73 1
12 12 1
61 61 1
37 37 1
48 48 1
87 87 1
53 53 1
101 101 1
88 88 1
41 41 1
70 101 1
108 108 1
7 8 1
36 60 2
60 60 1
103 105 1
94 94 1
47 47 1
88 88 1
111 111 1
7 7 1
100 100 1
97 115 1
37 50 1
100 100 1
34 34 1
32 32 2
107 108 1
107 107 1
27 27 1
12 12 1
78 78 1
106 109 1
110 110 1
103 103 1
112 112 1
87 87 1
114 114 1
39 39 1
31 31 2
40 40 1
66 67 1
78 78 1
86 86 1
11 11 1
82 86 1
13 13 1
7 7 1
94 94 1
13 13 1
106 106 1
73 73 1
7 7 1
77 77 1
46 46 1
109 109 1
66 66 1
90 90 2
41 41 1
32 32 2
111 111 1
107 107 1
14 14 1
112 112 1
93 93 1
4 4 1
111 111 1
87 87 1
96 99 1
88 88 1
34 34 1
4 4 2
40 40 1
13 13 1
14 30 1
94 94 1
51 51 1
28 28 1
91 91 1
56 56 1
4 57 1
71 71 1
41 41 1
70 70 1
68 69 1
80 80 3
94 94 1
21 21 1
63 80 1
109 109 1
66 67 1
115 116 1
82 82 1
48 49 1
6 6 1
48 62 1
82 83 1
10 10 1
86 86 1
53 53 1
113 113 1
86 86 2
76 76 1
26 26 1
57 63 1
85 85 1
25 25 1
89 94 1
86 86 1
71 71 1
87 87 1
112 112 1
119 119 1
3 3 1
5 5 4
111 112 1
84 84 1
75 75 1
14 14 1
8 8 1
5 6 1
49 49 2
88 88 1
36 60 1
29 29 1
67 89 1
71 72 1
57 57 1
119 119 1
113 113 1
12 13 1
17 17 1
4 4 1
67 67 1
4 63 1
107 108 1
60 60 1
94 94 1
27 27 1
39 39 1
74 74 1
100 100 1
21 21 1
104 104 1
86 86 1
21 21 1
38 38 1
109 114 1
31 31 1
46 46 1
33 33 1
106 106 1
28 28 1
109 109 1
73 73 1
78 78 1
14 30 1
88 88 1
90 90 1
119 119 1
108 108 1
111 111 1
117 117 1
107 107 1
111 112 1
83 85 1
48 62 1
112 112 1
56 56 1
34 34 1
36 38 1
86 86 1
87 87 2
72 103 1
117 117 1
111 111 1
17 17 1
101 101 1
36 36 2
114 114 1
75 75 1
120 120 1
8 8 1
82 82 1
111 111 1
41 41 1
9 9 2
7 7 2
32 32 1
56 101 1
72 72 1
100 100 1
62 62 1
66 66 1
33 33 1
103 103 1
110 110 1
12 12 2
110 110 1
17 17 1
116 116 1
82 82 1
31 31 1
57 57 1
85 106 1
94 95 1
86 86 1
112 112 2
71 71 1
80 95 1
40 40 1
76 76 1
112 112 1
82 86 2
103 104 1
78 78 1
86 86 1
73 73 1
48 48 1
97 97 1
82 82 1
64 64 1
71 71 1
34 34 1
38 38 1
70 97 1
114 114 1
14 16 1
107 107 1
110 110 1
39 39 1
74 74 1
102 102 1
72 85 1
112 112 1
36 36 1
106 106 1
41 41 1
110 110 1
54 65 1
87 87 1
14 14 1
79 79 1
13 13 1
73 73 1
84 84 1
13 14 1
108 108 1
64 76 1
59 59 1
31 31 1
43 43 1
83 106 1
17 17 1
9 9 1
45 45 1
15 15 1
98 98 1
12 12 1
77 77 1
88 88 1
82 82 1
4 4 1
93 98 1
60 65 1
63 63 1
33 33 1
39 39 1
119 119 1
110 110 1
109 110 1
81 81 1
36 36 1
29 32 1
104 104 1
120 120 2
49 49 2
47 47 1
110 110 1
15 16 1
100 106 2
107 107 1
75 75 1
35 35 1
72 72 1
12 12 1
88 88 1
78 78 1
48 48 1
26 26 2
11 11 1
44 45 2
83 83 1
113 113 1
68 68 1
16 16 1
109 109 1
14 14 1
115 115 1
6 6 1
14 15 1
80 80 1
107 107 1
106 106 1
97 97 1
86 86 1
36 38 1
4 4 1
87 88 1
102 102 1
9 9 1
41 41 1
110 110 1
103 103 1
5 51 1
50 50 1
86 86 1
79 79 2
90 93 1
43 43 1
55 55 1
111 111 1
81 81 1
81 88 1
15 15 1
40 41 1
63 65 1
41 57 1
102 102 1
113 113 1
55 63 1
25 25 1
39 39 1
61 61 2
66 67 1
81 81 1
106 106 1
69 69 1
40 40 1
73 73 1
73 73 1
109 109 3
4 4 1
96 96 1
70 88 2
72 72 1
86 86 1
47 62 1
93 93 1
34 34 1
37 49 1
26 26 2
97 97 1
110 110 1
103 103 1
100 104 1
71 71 1
94 94 1
111 111 1
100 100 1
107 107 1
44 44 1
84 84 1
82 82 1
7 7 3
67 98 1
31 32 1
88 88 1
85 85 2
82 82 1
112 112 1
107 107 1
37 38 1
96 96 1
54 54 1
85 85 1
75 75 1
105 114 1
31 31 1
67 67 2
6 6 1
77 77 1
54 69 1
85 85 1
117 117 1
30 30 1
74 74 1
8 8 1
17 17 1
78 78 1
46 46 1
77 77 2
36 36 1
45 45 1
3 3 1
13 13 2
26 26 1
51 51 1
104 104 1
71 71 1
47 59 1
16 16 1
50 50 1
97 97 2
72 72 1
17 17 2
12 12 1
4 4 1
119 120 1
43 43 1
68 70 1
88 88 1
86 86 1
27 27 1
74 93 1
95 95 1
48 48 1
55 55 1
12 12 1
119 120 1
35 35 1
92 92 1
47 62 1
109 109 1
27 27 1
58 59 2
78 78 1
12 16 1
72 73 1
17 17 1
97 97 1
27 33 1
46 46 1
36 37 1
77 77 2
15 15 1
54 54 1
3 52 1
68 68 1
48 48 1
67 68 1
43 43 1
105 105 1
27 27 1
82 82 1
81 110 1
115 115 1
81 83 1
82 82 1
77 81 1
70 71 1
28 31 2
39 39 1
51 51 1
75 75 1
62 62 1
88 88 1
91 92 1
77 78 1
74 74 3
70 70 1
83 86 1
29 29 2
72 72 1
67 67 1
13 13 1
83 83 1
17 17 1
12 16 1
88 88 1
74 74 1
81 81 1
111 113 1
63 63 2
26 26 2
63 63 1
73 73 1
59 59 1
110 110 1
26 26 1
90 90 1
82 82 2
62 62 1
44 44 1
34 34 1
60 60 1
32 32 1
80 88 1
54 54 1
118 118 1
60 60 2
71 71 1
41 41 1
82 87 1
111 111 2
105 106 1
95 95 1
74 90 1
77 77 1
32 32 1
109 109 1
44 45 1
49 49 1
97 97 1
107 107 1
90 90 1
3 3 1
85 85 1
12 12 1
21 21 1
94 94 1
106 106 1
100 100 1
112 112 1
25 25 1
40 40 1
51 52 1
38 38 1
17 17 1
40 40 1
13 13 1
117 117 1
3 3 1
111 111 1
31 31 1
88 88 1
27 28 1
37 37 2
41 41 1
77 77 1
88 88 1
85 85 1
83 83 1
54 69 1
96 98 1
72 94 2
48 58 1
39 39 1
46 46 1
56 56 1
30 30 1
48 48 1
113 113 1
46 46 1
67 67 1
99 99 1
82 82 1
115 115 1
34 34 1
59 59 1
4 4 1
56 56 1
75 75 1
57 57 1
51 51 1
14 15 1
101 102 1
109 109 1
83 83 1
4 4 1
10 10 1
86 86 1
17 17 1
54 54 1
107 107 1
77 77 1
75 92 1
113 113 1
102 102 1
37 37 1
46 46 1
62 62 2
117 118 1
14 14 1
32 32 1
13 15 1
16 17 1
6 6 2
92 92 1
118 118 1
80 80 1
43 43 1
54 54 2
91 91 1
71 71 1
55 55 1
60 60 1
94 94 1
73 73 2
52 80 1
21 25 1
70 70 1
75 75 1
64 64 1
69 96 1
70 88 1
87 87 1
107 107 2
15 15 1
110 110 1
85 85 1
81 81 1
62 62 1
118 118 1
93 93 1
109 109 1
112 112 1
38 38 1
103 103 2
27 27 1
69 69 1
34 35 1
42 42 1
28 28 1
49 49 1
76 76 1
117 117 1
31 31 1
109 109 1
54 54 1
94 94 2
13 13 1
83 113 1
103 103 2
29 29 1
86 86 1
85 85 1
53 53 2
57 57 2
12 12 1
103 103 3
76 78 1
88 88 1
4 4 1
91 91 1
84 84 1
57 57 1
105 106 1
7 8 1
93 95 1
85 85 1
112 112 1
86 110 1
107 109 1
103 103 1
50 52 1
111 111 1
110 110 1
64 64 1
50 63 1
15 15 1
3 4 2
81 81 1
14 15 1
56 56 1
55 55 2
81 115 1
95 96 1
105 105 2
41 41 1
91 91 1
37 38 1
47 47 1
29 29 1
51 51 1
96 96 1
5 6 1
54 54 2
16 17 1
72 87 1
12 16 1
17 17 1
31 31 1
105 114 1
57 57 1
79 79 1
70 70 1
70 70 1
88 88 1
110 110 1
13 13 1
53 53 1
33 33 1
82 82 1
81 81 2
70 70 1
89 90 1
112 112 1
62 62 1
32 32 1
115 115 1
50 50 2
69 69 1
58 60 1
94 94 1
72 72 1
4 4 1
51 51 1
61 63 1
5 5 2
57 57 1
43 43 1
59 59 1
46 47 1
53 56 1
74 74 2
12 13 1
42 42 1
28 28 2
109 109 1
63 63 1
109 109 1
56 56 1
82 82 1
30 31 2
110 111 1
76 89 1
118 118 1
30 30 1
88 88 1
102 102 2
9 9 1
48 49 1
33 33 1
81 81 1
61 61 1
81 81 1
36 38 1
85 85 2
81 81 1
83 83 1
64 64 1
47 47 1
57 57 1
79 120 1
4 50 1
21 21 1
95 98 1
113 113 1
3 5 1
3 4 1
80 80 1
88 88 1
26 26 1
44 46 1
112 112 1
12 13 1
112 112 1
98 98 1
111 111 1
103 103 1
52 52 1
32 32 1
40 41 1
39 39 1
14 14 1
39 41 1
86 86 1
95 115 1
112 112 1
93 93 1
41 41 1
43 43 1
10 10 2
56 56 1
88 105 1
64 65 1
56 56 1
21 21 1
28 28 1
80 80 2
89 90 1
7 7 1
77 77 1
13 13 1
77 77 1
101 101 1
69 74 1
85 85 1
40 40 1
8 8 1
70 97 1
114 114 1
31 31 1
29 29 1
86 86 1
48 48 1
70 70 1
103 103 1
105 105 1
84 84 1
118 118 1
120 120 1
60 69 1
28 28 1
60 60 1
94 94 1
46 46 1
36 36 1
11 11 1
105 105 1
66 90 1
14 14 1
117 117 1
82 82 2
4 4 1
91 93 2
103 103 1
33 33 1
105 105 1
98 98 1
97 97 1
55 55 1
25 25 1
85 85 2
53 54 1
94 94 1
100 100 1
11 11 1
71 99 1
85 85 1
101 101 1
21 21 1
93 93 1
103 103 1
16 16 2
102 102 1
85 85 1
113 113 1
6 6 1
117 117 1
109 110 1
33 33 1
30 30 2
88 88 1
71 71 1
36 37 1
102 102 1
39 39 1
93 93 1
8 8 1
72 72 1
34 34 1
85 85 2
10 10 1
55 55 1
72 72 1
41 54 2
47 47 1
26 26 2
57 57 1
52 52 1
69 75 2
6 6 1
5 5 1
86 86 6
101 101 1
65 65 1
21 21 1
38 38 1
60 60 1
60 60 1
82 86 1
107 109 1
86 86 1
78 79 1
70 70 1
103 103 1
120 121 2
117 118 1
77 77 1
110 110 1
29 29 1
16 16 1
61 61 1
47 47 1
118 118 1
84 84 1
111 111 1
106 106 1
105 105 1
99 99 1
5 5 1
38 49 1
94 95 1
10 11 1
50 54 1
44 44 1
83 83 1
33 33 1
110 110 1
60 60 1
108 108 1
74 74 1
7 7 1
7 7 2
40 41 1
109 109 1
57 57 1
80 119 1
87 87 1
47 48 1
38 68 1
29 29 2
83 83 1
39 39 2
75 76 1
26 26 2
63 66 1
45 45 2
12 14 2
68 95 1
66 78 1
67 67 1
47 47 1
6 6 1
8 8 1
4 4 1
67 67 1
57 57 1
32 32 1
45 45 1
112 112 1
48 62 1
12 12 1
66 67 1
5 5 1
9 9 2
86 86 1
4 65 1
68 68 1
58 58 1
97 97 1
7 7 1
87 87 1
63 63 1
109 109 1
110 110 2
16 17 1
85 85 2
44 45 1
16 20 1
96 96 1
101 101 1
81 81 1
64 65 2
14 15 1
31 31 1
82 82 1
88 88 1
100 102 2
107 107 1
83 83 1
113 113 1
28 28 1
78 80 2
72 72 1
57 57 1
80 80 1
52 52 1
46 46 1
13 13 1
112 112 1
55 55 1
46 46 2
75 75 1
9 9 1
30 30 1
80 88 1
88 88 1
89 90 1
94 94 1
106 114 1
83 83 3
50 50 2
64 65 1
8 8 2
86 86 2
44 46 1
51 52 1
45 45 1
65 65 1
81 110 1
47 47 1
88 88 1
81 81 1
11 12 1
87 87 1
119 120 1
112 112 1
87 107 2
62 62 1
34 36 1
70 70 1
56 56 1
62 62 1
4 4 1
14 14 1
16 16 1
47 47 1
81 81 3
54 54 1
108 108 1
48 48 1
21 21 1
83 83 2
112 112 1
27 27 2
71 72 1
69 69 1
98 98 1
80 104 2
101 101 1
86 86 1
72 72 1
88 88 1
104 104 1
39 40 1
7 7 1
54 54 1
7 7 2
75 75 1
70 74 1
80 80 1
99 99 1
77 77 1
30 30 1
53 53 1
83 83 1
48 48 1
43 43 1
82 82 1
114 114 1
77 77 2
104 104 1
107 107 1
53 53 1
69 96 1
59 59 1
57 57 2
98 98 1
75 75 1
6 6 1
98 98 1
107 107 1
87 88 1
38 49 1
73 73 1
9 9 1
61 62 1
114 114 1
107 107 1
41 41 1
82 82 1
35 35 1
57 57 1
11 11 1
85 85 1
70 70 1
45 45 1
67 67 1
3 3 1
67 67 1
110 110 1
113 113 1
31 31 1
31 32 1
52 52 1
9 9 1
101 101 2
81 81 1
46 46 1
68 68 2
70 70 1
46 46 1
40 41 2
95 95 2
81 81 1
39 39 1
8 8 1
35 45 1
81 81 3
59 59 2
38 38 1
11 11 1
73 73 1
108 108 1
62 62 1
85 85 1
50 64 2
14 27 1
81 81 1
5 5 1
31 31 1
102 102 1
8 8 1
13 13 1
68 68 1
7 7 1
56 56 1
50 64 2
7 7 1
78 79 1
69 69 1
103 103 1
73 73 1
57 58 1
65 65 1
87 87 1
88 88 1
28 28 1
111 111 1
55 56 1
13 13 1
110 110 1
69 69 1
4 5 1
84 84 1
39 39 1
93 93 1
88 88 1
69 69 1
31 31 1
62 62 1
32 32 2
14 14 3
97 97 1
118 118 1
66 66 1
27 28 1
60 60 1
94 94 1
71 71 1
25 25 1
21 21 1
105 105 1
71 71 1
10 10 2
47 47 1
118 118 1
47 47 1
6 13 1
66 66 1
58 58 1
110 110 1
21 21 1
30 31 1
103 103 1
31 31 1
119 119 1
95 95 1
87 87 1
89 89 1
72 72 1
37 38 1
78 78 1
67 75 1
80 80 2
103 103 1
88 88 1
62 62 1
70 70 1
40 40 1
87 87 1
109 111 1
80 80 1
61 61 1
35 44 1
61 61 1
114 114 1
40 40 1
56 56 1
39 39 1
37 68 1
92 119 1
30 30 1
12 12 1
72 72 1
36 36 2
10 10 1
6 6 1
4 4 1
65 79 1
60 60 1
39 40 2
36 47 1
36 36 1
16 16 1
53 53 2
111 111 1
117 117 1
38 38 1
46 46 1
92 115 2
93 95 1
12 12 1
51 62 1
110 110 1
42 42 1
68 74 1
96 96 1
86 86 1
63 63 1
108 108 1
50 51 1
33 33 1
66 66 1
29 32 1
54 69 1
82 85 1
108 108 2
116 116 1
74 74 1
120 120 2
83 83 1
77 77 1
111 111 1
101 101 1
29 29 1
91 91 1
51 51 2
5 5 1
86 86 1
67 67 1
99 99 1
95 95 1
83 83 2
3 3 1
9 9 1
86 109 1
112 112 1
92 92 1
115 115 2
13 13 1
102 102 1
88 88 1
9 9 1
73 73 1
52 52 2
75 76 1
49 49 1
90 91 2
8 8 1
39 39 2
14 15 1
33 33 1
84 84 1
29 29 1
66 66 1
83 87 1
73 73 1
119 119 1
99 102 1
4 29 1
93 94 1
90 90 1
87 87 2
107 113 1
87 87 1
41 41 1
102 102 1
58 58 1
81 81 1
107 108 2
58 59 1
76 76 1
68 69 1
116 116 2
56 56 1
26 26 1
39 39 2
62 62 1
44 44 1
40 40 1
14 14 1
110 110 1
95 97 1
59 59 1
118 118 1
85 85 1
80 80 1
12 12 1
37 39 1
117 117 1
15 16 1
21 21 1
78 78 1
33 33 1
99 99 1
25 25 1
84 84 1
13 13 1
16 16 1
4 4 1
84 84 1
78 78 2
112 112 2
54 54 1
113 113 1
60 61 1
73 74 1
109 109 1
107 107 1
76 76 1
120 120 1
119 120 1
78 78 2
91 91 1
4 4 1
48 48 1
38 49 1
66 66 1
12 32 2
27 27 1
60 60 1
64 64 1
111 111 1
72 72 1
79 79 1
100 100 1
66 66 1
73 109 1
5 5 1
84 84 1
51 51 1
52 52 1
52 52 1
27 27 1
49 49 1
88 88 1
3 5 1
39 39 1
91 91 1
25 26 1
95 95 1
44 49 1
107 108 1
26 34 1
44 44 2
84 84 1
28 28 1
58 58 1
65 65 1
44 44 1
81 81 2
121 121 1
12 12 1
86 87 1
60 61 1
25 25 2
70 88 2
52 52 1
30 30 1
77 77 1
5 6 1
45 45 1
61 61 1
9 10 1
12 12 1
105 105 1
35 35 1
5 5 1
12 12 1
75 75 2
78 78 1
96 96 1
34 35 1
66 67 1
32 32 2
98 98 1
30 30 1
47 48 1
82 82 1
70 70 1
43 44 1
84 84 1
99 99 1
120 120 1
90 90 2
75 90 1
85 85 1
87 87 1
56 56 1
6 6 1
62 62 1
21 21 1
39 39 2
45 48 1
81 82 1
107 107 1
92 92 1
46 46 1
99 99 1
41 41 1
106 106 1
80 80 1
108 108 1
72 72 1
106 106 1
75 75 2
105 105 1
35 35 1
14 14 2
59 59 1
21 21 1
59 59 1
39 42 1
65 65 1
103 103 1
86 86 2
50 63 1
88 88 1
69 70 1
76 89 1
34 34 1
76 78 1
40 40 1
55 55 1
103 103 1
119 119 1
3 3 1
110 110 1
90 90 1
76 76 1
87 87 1
15 37 1
80 80 1
60 61 1
78 78 1
99 99 1
81 81 1
54 54 1
63 63 1
56 56 1
29 29 1
110 110 1
88 88 1
57 57 1
53 53 1
9 9 1
6 6 1
84 107 1
114 114 1
26 26 1
88 88 1
12 12 1
58 60 1
86 86 1
64 64 1
105 105 1
97 97 1
119 119 1
29 29 2
30 30 1
75 75 3
35 35 1
70 70 1
107 107 1
112 112 1
11 11 1
65 65 1
33 34 2
102 102 2
106 109 2
73 109 1
32 32 1
86 86 1
83 83 1
101 101 1
87 87 1
34 34 1
88 88 1
51 51 1
52 52 1
10 11 1
57 57 2
42 42 1
41 41 1
87 87 1
115 115 1
84 84 1
39 39 1
81 81 1
105 105 1
74 75 1
107 113 1
71 71 1
35 43 2
113 113 1
13 13 1
67 95 2
50 50 1
74 92 1
93 93 1
35 45 2
17 17 1
60 60 1
71 71 1
6 6 1
45 45 1
110 111 1
55 55 1
29 29 2
58 58 1
63 79 1
80 80 1
93 108 1
79 79 1
108 108 1
94 94 1
112 112 1
106 106 1
40 40 1
78 78 1
20 21 1
55 55 1
45 45 1
100 108 2
83 83 1
80 80 2
27 27 1
42 55 1
91 91 1
57 57 1
68 68 1
70 70 1
3 3 1
120 120 1
8 8 1
43 43 1
58 58 1
99 99 1
114 114 1
70 70 1
72 72 1
17 17 1
17 17 1
69 96 1
118 118 1
47 47 1
114 114 1
86 86 1
90 91 1
90 90 1
43 43 2
76 76 1
106 106 1
33 33 2
86 86 1
12 12 1
70 70 1
112 112 1
76 76 1
37 37 2
34 34 1
50 50 1
83 83 2
66 66 1
40 40 1
109 109 1
95 95 1
43 43 1
81 81 2
85 85 2
113 113 1
3 3 2
117 117 2
61 61 1
103 104 1
40 41 1
35 45 2
7 7 1
50 50 1
33 38 1
63 63 1
12 12 1
35 35 1
58 58 2
80 80 1
45 45 1
78 79 1
33 33 1
39 39 1
41 41 1
85 85 2
73 73 1
95 95 1
51 51 1
111 111 1
49 67 2
17 17 1
106 106 1
41 41 1
77 77 1
104 104 1
114 114 1
17 17 1
64 64 1
7 9 1
55 55 1
112 113 1
37 38 1
68 69 1
58 58 2
109 110 1
25 25 1
21 21 1
88 88 1
72 85 2
25 25 2
60 60 1
5 5 1
60 60 2
88 88 1
62 64 1
104 104 1
58 62 1
49 49 1
56 56 1
62 62 2
21 21 1
98 98 2
112 112 1
48 48 1
60 61 1
110 110 1
82 83 1
95 95 1
13 13 1
31 32 1
86 86 1
96 96 1
101 101 1
100 100 1
55 55 1
36 36 1
76 76 1
117 117 1
63 63 1
29 29 1
98 98 1
68 69 1
16 16 1
13 13 1
9 9 1
103 103 1
112 112 1
83 83 2
79 79 1
105 105 1
96 96 1
41 41 1
120 120 1
73 73 1
29 30 1
99 99 1
101 101 1
37 37 1
104 104 2
26 26 1
84 84 1
26 26 1
38 38 1
120 120 1
61 61 1
60 61 1
84 85 1
117 117 2
67 67 1
60 60 1
13 13 1
31 31 1
13 13 1
94 94 1
109 109 1
88 88 1
110 110 1
109 109 1
116 116 1
88 88 1
21 21 1
77 77 1
25 25 1
82 82 1
109 113 1
12 12 1
95 95 1
80 80 1
56 56 1
72 72 1
12 13 1
67 67 1
12 12 1
25 25 1
50 66 1
88 88 1
98 98 1
50 50 1
29 29 1
83 83 1
103 103 1
27 27 1
52 52 1
34 34 1
73 73 1
21 21 1
111 112 1
103 103 1
101 101 1
71 99 1
93 102 1
69 69 1
90 90 1
82 82 1
40 40 1
85 85 1
52 53 1
76 76 1
106 106 1
97 97 1
25 25 1
90 90 1
113 113 1
81 114 1
103 103 2
101 101 1
87 87 1
61 61 1
12 12 1
78 78 1
34 34 1
76 76 1
17 17 1
101 101 1
119 120 2
81 81 1
117 117 1
34 34 1
99 103 1
78 81 1
71 71 1
103 103 2
80 80 1
54 54 1
17 17 2
76 78 1
9 9 1
27 27 1
76 76 1
29 29 1
101 101 1
72 72 1
7 7 1
66 66 1
68 68 3
51 51 1
64 64 1
6 6 1
5 5 1
44 44 2
112 112 1
6 57 1
30 30 1
37 37 1
77 77 1
63 63 2
41 41 1
98 98 1
119 120 1
7 7 1
56 56 1
54 54 1
119 119 1
5 5 1
74 93 1
85 85 2
83 83 1
98 98 1
86 86 1
84 84 1
86 86 1
98 108 1
118 118 1
107 114 1
6 6 1
6 6 1
55 55 1
82 82 1
73 93 1
51 63 1
12 16 1
73 73 2
62 62 2
91 91 1
57 57 1
112 112 1
39 39 1
9 9 1
72 72 1
88 88 1
29 32 1
82 86 2
87 87 1
67 67 1
64 64 1
7 7 1
68 68 1
68 69 1
91 91 1
101 102 2
39 42 1
53 55 1
73 74 1
101 101 2
10 10 2
104 106 1
32 32 1
48 48 1
72 72 1
55 55 1
115 115 1
8 8 1
109 109 1
4 4 1
17 17 1
101 101 1
103 103 1
85 85 1
78 78 1
46 46 2
72 87 1
81 81 1
118 118 1
111 111 1
100 100 1
88 88 1
98 98 1
13 13 2
59 60 1
29 29 1
5 5 1
26 26 1
118 118 1
47 47 1
69 75 1
51 51 1
78 78 1
57 57 1
72 72 2
93 98 1
88 88 1
73 73 1
34 34 1
84 84 1
89 89 1
70 73 1
13 13 1
73 73 1
30 31 1
21 21 1
86 86 1
84 84 1
6 6 1
86 86 1
72 85 1
52 52 1
29 31 1
8 8 1
100 100 1
116 119 1
59 59 2
97 97 1
120 120 1
102 102 1
12 31 2
66 66 1
32 32 1
58 58 1
17 17 1
111 111 2
98 98 1
102 102 1
115 115 2
86 86 1
92 92 1
8 9 1
26 26 1
75 90 1
70 70 1
112 112 1
72 109 1
52 52 1
76 76 1
83 83 1
109 109 2
101 102 1
84 85 1
95 104 1
52 52 1
53 53 1
103 103 1
88 88 1
5 5 1
68 68 1
71 71 1
29 29 2
72 72 1
21 21 1
81 81 2
54 54 1
109 109 1
52 62 1
106 106 1
9 9 1
4 50 1
93 93 1
79 79 2
14 14 1
28 29 1
31 31 1
27 27 1
100 101 1
59 59 1
71 73 1
86 86 1
53 53 1
75 75 1
55 55 1
91 91 1
30 31 1
68 68 1
35 35 1
100 100 1
86 86 2
59 59 2
98 108 1
5 57 1
54 54 1
84 108 1
68 68 1
33 33 1
90 90 1
80 80 3
119 120 3
100 100 1
71 72 1
6 6 1
59 59 1
82 82 1
61 62 1
50 50 1
98 98 1
44 44 1
119 119 1
77 81 1
37 37 1
32 32 1
95 95 2
69 69 4
92 92 1
29 29 2
13 14 1
106 106 1
39 39 1
83 106 1
74 74 1
16 16 1
102 102 1
25 25 1
73 73 2
59 59 1
73 104 1
99 99 1
30 30 1
69 69 1
80 114 1
6 6 1
110 110 1
80 80 1
38 38 1
85 85 1
97 97 1
5 5 2
86 86 1
112 112 1
12 31 2
76 76 1
52 85 1
88 88 1
81 81 1
67 67 1
64 64 1
36 36 1
56 56 1
63 63 1
78 78 2
51 51 1
117 117 1
106 106 1
106 106 1
77 77 1
42 45 2
102 102 1
106 106 1
90 90 1
67 76 1
75 75 1
113 113 1
21 21 1
60 60 1
109 110 1
34 34 1
103 103 1
71 73 1
82 82 1
37 37 2
4 4 1
64 64 2
28 28 1
56 56 1
9 9 1
109 113 1
58 58 1
53 53 1
81 81 1
96 98 1
75 76 1
106 107 1
68 96 1
36 36 2
119 120 1
96 97 1
87 113 1
86 86 1
103 103 1
77 77 1
40 40 1
11 11 1
107 108 1
4 4 1
67 67 1
77 77 1
40 40 1
56 61 1
88 88 1
70 70 1
9 9 1
7 31 1
99 99 1
80 88 1
104 104 1
91 91 1
93 93 2
52 52 1
14 14 1
86 86 1
89 90 1
61 61 1
67 67 2
84 84 1
48 48 1
60 60 1
112 112 1
103 104 2
80 81 1
9 9 1
17 17 2
55 55 1
12 12 2
36 37 1
47 47 2
106 107 1
25 25 1
7 7 1
16 16 1
68 69 1
94 94 1
11 11 1
93 94 1
12 12 1
113 113 1
40 40 1
109 109 1
64 64 1
28 28 1
95 95 1
8 8 1
77 77 1
105 105 1
86 86 1
40 40 1
70 70 1
103 103 2
61 61 2
104 108 1
120 121 1
114 114 2
65 65 1
40 40 1
68 90 1
87 87 1
37 38 2
103 103 1
5 5 1
3 7 2
103 103 1
37 48 1
106 106 1
93 94 1
25 26 1
112 112 1
59 59 1
101 101 1
62 62 1
42 42 2
107 107 1
83 86 1
88 88 1
113 113 1
94 94 1
27 27 1
79 79 1
70 88 1
114 114 1
59 59 1
47 47 1
44 45 1
49 67 1
30 30 1
29 29 1
57 57 1
17 17 1
106 106 1
77 77 1
111 111 1
105 105 2
11 11 1
68 68 1
36 36 1
61 61 1
66 67 1
60 61 1
52 62 1
94 94 1
87 87 1
37 37 1
107 107 1
67 67 1
40 40 1
16 16 1
104 104 1
78 78 1
90 90 1
72 72 1
53 53 1
58 63 1
96 97 1
74 75 1
72 72 2
7 7 1
28 28 1
72 72 1
87 87 1
16 27 1
26 26 1
100 100 1
97 98 1
5 16 1
109 109 1
39 39 1
94 94 1
52 52 1
83 83 1
103 114 1
7 7 1
110 110 2
68 70 1
25 25 1
118 120 1
69 69 1
81 81 1
35 35 1
87 87 1
110 110 1
109 109 1
51 62 1
60 60 1
94 94 1
103 103 1
28 28 1
43 43 1
79 79 1
14 14 1
110 110 1
17 17 1
38 38 1
67 95 1
75 75 1
28 28 1
104 104 1
85 85 1
15 15 1
11 11 1
50 65 1
3 5 1
86 86 1
37 37 1
79 79 1
66 70 1
53 53 2
38 38 1
104 104 1
118 118 1
111 111 2
101 101 1
26 26 1
55 55 1
78 79 1
68 68 1
89 89 1
91 91 1
76 76 1
4 4 1
43 44 1
76 77 2
119 119 1
94 94 1
21 21 1
94 94 1
47 47 2
37 37 1
55 55 1
54 54 1
85 100 1
78 78 1
15 15 1
118 118 1
86 86 1
37 37 1
38 38 1
81 81 2
33 33 1
110 110 1
118 118 1
5 5 1
92 92 1
11 11 2
29 29 1
38 38 1
33 33 1
62 62 1
108 108 1
27 27 1
36 37 1
54 54 3
105 105 1
111 113 1
58 58 1
94 94 1
63 65 1
92 103 1
16 16 1
17 17 1
86 86 1
41 41 1
11 12 1
65 66 1
34 34 2
47 62 1
45 45 3
17 17 1
83 83 1
96 97 1
102 102 1
92 92 2
10 10 1
62 62 1
85 85 1
44 44 1
70 102 1
110 110 1
79 79 1
85 85 2
39 39 1
30 30 2
63 63 1
78 118 1
83 83 1
81 81 1
118 118 1
70 70 1
107 107 1
14 14 1
45 45 1
111 111 1
93 93 1
93 95 1
103 103 2
14 14 1
107 107 1
103 103 1
52 52 1
38 38 1
89 89 1
51 51 1
98 98 1
72 72 1
58 58 1
16 16 1
118 118 1
104 104 1
52 52 1
54 54 1
14 14 1
101 102 2
62 62 1
82 82 1
98 98 1
30 30 1
76 76 1
14 14 2
111 112 1
81 81 1
91 91 2
10 10 1
65 65 1
98 103 1
96 96 1
75 75 1
4 4 1
77 77 1
40 69 1
114 115 1
87 87 1
101 101 1
50 50 1
68 68 2
37 37 1
117 117 1
27 27 1
90 90 1
5 5 1
15 37 1
5 5 1
4 4 1
111 111 1
91 91 1
103 103 1
120 120 1
11 11 1
59 59 1
12 12 1
90 90 1
14 14 1
21 21 1
34 38 1
99 99 1
50 52 1
77 77 1
81 81 1
57 57 1
70 70 2
53 53 1
102 102 1
111 111 1
109 110 1
36 36 1
88 105 1
67 67 1
68 68 1
77 77 1
96 96 1
51 51 1
16 16 1
32 32 1
53 53 1
109 110 1
5 5 1
85 106 1
74 74 1
112 112 1
100 100 1
69 96 1
85 85 1
88 88 1
95 98 1
75 75 1
26 26 1
61 61 1
98 98 1
96 96 1
4 4 1
48 48 2
13 13 1
88 88 1
87 87 1
63 63 1
16 16 1
67 67 1
107 108 1
87 87 1
57 63 1
21 21 1
89 89 1
113 113 1
54 54 1
46 46 1
64 64 1
52 52 1
86 110 1
10 10 1
109 109 1
56 56 1
81 81 1
110 110 1
7 7 1
32 32 1
26 26 1
78 79 2
110 110 1
83 83 1
105 105 1
39 39 1
66 66 1
89 89 1
56 56 1
81 81 2
17 17 1
55 55 1
102 102 2
7 8 2
91 91 1
114 114 1
35 36 1
75 75 2
77 77 2
90 90 1
5 14 1
102 102 1
47 47 2
106 106 1
66 66 1
110 110 1
15 15 1
51 51 1
62 62 1
87 87 1
45 45 1
86 86 1
44 44 1
98 98 2
78 78 1
88 88 1
97 97 1
31 31 1
25 25 1
21 21 1
105 105 1
76 76 1
35 35 1
77 80 1
9 9 1
82 82 1
114 114 2
90 94 1
13 13 1
92 92 1
71 71 1
26 26 1
64 64 1
21 21 1
112 112 1
82 82 1
99 99 1
109 109 1
56 56 1
65 79 1
55 55 1
81 81 1
106 106 1
98 98 1
113 113 1
78 79 1
88 88 1
111 111 1
53 53 1
66 69 1
40 41 1
111 111 1
31 31 1
85 85 1
32 32 1
53 53 1
82 82 1
109 109 1
102 102 2
3 3 2
30 31 1
103 103 1
64 64 1
9 9 1
15 15 2
61 61 2
43 43 1
43 46 1
7 7 1
62 62 1
107 113 1
112 112 1
34 34 1
25 25 1
109 109 1
70 70 2
4 5 1
73 73 1
81 81 2
93 93 1
28 28 1
17 17 1
83 83 1
43 43 1
107 107 1
26 26 1
39 41 1
101 101 1
3 3 1
4 4 1
91 91 1
89 89 1
85 85 1
54 55 1
52 79 1
3 4 1
120 120 1
81 81 1
26 26 1
27 27 1
8 8 1
39 40 2
88 88 1
87 87 1
13 16 1
9 9 1
84 84 1
45 45 2
90 90 1
28 28 1
111 111 2
37 37 1
109 109 1
49 49 1
52 52 1
25 25 1
83 83 1
111 111 1
120 120 1
73 93 1
42 42 1
86 86 1
60 96 1
60 60 1
57 57 1
100 101 1
94 104 1
95 95 1
4 4 1
70 70 1
39 39 1
87 87 1
101 101 2
26 26 1
41 41 1
103 103 1
106 106 1
37 37 1
81 110 1
39 40 1
100 100 1
60 60 1
114 114 1
35 45 1
52 52 1
112 112 1
93 93 1
103 103 1
7 11 1
114 114 2
84 108 1
54 54 1
55 55 1
90 90 1
53 53 1
93 93 1
29 29 1
31 31 1
111 111 1
67 67 1
110 110 1
94 94 1
103 104 1
60 61 1
14 15 1
10 10 2
8 8 1
12 13 1
84 84 1
85 85 1
101 101 1
21 21 1
27 27 1
93 93 2
6 6 1
6 6 1
29 29 1
31 31 1
58 58 1
69 69 1
89 89 1
53 54 1
97 97 1
9 9 1
8 8 1
26 26 1
87 87 1
50 50 1
47 47 1
109 109 1
88 88 1
13 13 1
80 80 1
12 13 1
38 38 1
119 119 1
9 10 1
44 44 1
107 108 1
52 70 1
53 53 1
98 98 1
77 77 1
37 37 2
37 37 1
4 16 1
81 81 1
112 112 1
101 101 1
31 31 1
120 120 1
117 117 1
72 72 1
82 82 1
41 41 1
96 96 1
77 77 1
39 39 1
107 107 1
99 99 1
113 113 1
25 25 1
36 36 1
70 70 2
94 94 1
13 13 1
109 113 1
73 73 1
37 49 1
43 43 1
12 12 1
30 30 1
99 102 1
92 92 1
85 85 1
77 77 1
65 65 1
6 6 1
73 108 1
112 112 1
30 30 1
70 70 1
90 90 1
87 87 1
74 74 1
101 101 1
94 94 1
63 63 1
25 25 2
62 62 1
102 102 2
83 87 1
6 6 1
61 61 1
94 94 2
4 4 1
78 120 1
43 43 1
110 110 1
5 5 1
10 10 1
3 3 1
28 29 1
103 103 3
71 71 1
59 59 1
106 106 1
39 48 1
60 69 1
89 93 2
112 112 1
38 38 1
90 90 1
71 71 1
25 25 2
97 98 1
100 100 1
7 7 1
93 93 1
106 106 1
34 34 1
113 113 1
64 64 1
66 101 1
50 50 1
112 112 1
43 44 1
93 93 1
113 113 1
99 99 1
14 14 1
93 93 1
8 8 1
75 75 1
100 100 1
53 53 1
59 59 1
83 83 1
116 117 1
85 85 1
33 33 1
25 25 1
14 14 2
60 60 1
86 86 1
112 113 1
81 81 1
37 37 1
5 5 1
95 95 1
74 74 1
72 72 1
32 32 1
50 51 1
109 110 1
40 40 1
5 5 1
83 83 1
56 56 1
71 71 1
3 8 1
32 32 1
41 41 1
90 90 1
11 12 1
84 84 1
13 14 1
112 112 1
68 69 1
109 109 1
74 74 1
106 106 1
118 120 1
77 77 1
92 92 1
10 10 1
71 71 1
6 30 1
81 95 1
77 77 1
10 10 2
43 43 2
37 51 1
86 86 1
64 64 1
7 7 1
40 40 1
86 86 1
91 91 1
14 14 1
36 36 1
12 12 1
17 17 1
50 65 1
55 65 1
59 61 1
43 43 1
107 114 1
13 13 1
72 72 1
106 106 1
99 102 1
27 27 1
6 7 1
114 114 1
109 109 1
91 91 1
112 112 1
31 31 1
48 49 1
85 86 1
28 28 2
88 107 1
70 70 1
14 14 2
35 35 1
109 109 1
13 15 1
30 30 1
85 85 1
53 53 1
115 115 2
61 61 1
51 51 1
105 105 1
47 48 1
54 54 1
88 88 1
105 105 1
14 14 1
60 60 1
60 60 1
89 89 1
87 88 1
16 16 1
66 66 1
48 48 1
99 99 1
105 105 1
56 56 1
13 13 1
78 79 1
60 60 1
42 42 1
4 4 1
57 58 3
65 65 1
55 55 2
107 107 1
74 84 1
34 35 1
10 10 1
86 86 1
89 89 1
108 108 1
42 42 1
103 103 1
96 96 1
119 119 1
108 109 1
21 21 1
9 10 2
79 79 1
77 77 1
111 111 1
89 89 1
51 51 1
13 36 1
45 45 1
7 7 1
35 35 1
103 106 1
11 11 1
110 110 1
85 106 1
64 64 1
101 101 1
64 64 1
71 71 1
14 28 1
43 44 1
99 100 1
71 71 1
53 54 1
49 49 1
117 117 1
105 114 1
86 86 2
65 65 1
83 83 1
111 111 1
54 54 1
99 100 1
30 31 1
89 93 1
49 49 1
3 3 1
82 82 2
102 102 2
91 98 1
51 51 1
106 106 1
103 103 1
89 94 1
85 85 1
99 103 1
13 31 1
17 17 1
94 94 1
84 84 1
28 28 1
49 49 1
71 72 1
68 68 2
90 90 1
29 29 1
75 75 1
81 81 1
103 103 2
54 69 1
36 36 2
74 74 1
40 40 1
10 10 1
103 103 1
25 25 1
67 97 1
96 96 2
105 105 1
113 113 1
25 26 2
5 5 1
63 63 1
5 7 2
26 26 1
88 88 1
89 89 1
11 11 1
66 70 1
71 71 1
26 35 1
104 104 1
78 78 1
8 8 1
21 21 1
112 112 1
16 16 1
106 106 1
82 82 1
61 62 1
30 30 1
103 103 1
74 76 1
85 106 1
106 106 1
7 7 1
111 111 3
26 26 1
15 15 1
45 45 1
71 71 1
97 97 1
89 92 1
13 13 1
100 106 2
7 7 1
35 35 1
72 72 1
82 83 1
43 43 1
85 85 1
75 75 1
83 84 1
95 95 1
71 71 1
88 88 1
93 93 1
113 113 1
17 18 1
117 117 1
36 36 2
117 117 1
56 56 1
101 101 1
60 60 1
77 88 1
103 103 1
72 85 1
110 110 1
66 94 1
33 33 1
43 43 1
72 72 1
85 85 1
112 113 1
38 39 1
55 55 1
98 98 1
92 92 1
109 110 1
107 107 1
72 72 1
111 112 1
56 56 1
52 52 1
81 82 1
94 94 1
90 91 1
91 91 1
52 52 1
79 79 1
112 112 1
56 56 1
67 67 1
54 54 2
8 8 1
25 25 1
37 37 1
98 102 1
44 44 1
52 52 1
91 91 1
53 54 1
85 85 1
58 58 1
114 114 1
113 113 1
110 110 1
104 104 1
5 5 1
73 73 1
74 74 1
104 114 1
108 108 1
38 38 1
112 112 1
37 37 2
112 113 1
56 56 1
17 17 1
96 96 1
12 12 2
90 90 2
4 4 1
109 109 1
70 70 1
82 87 1
7 7 1
15 15 1
92 93 1
54 54 1
67 98 2
59 62 2
111 111 1
79 79 1
38 38 1
30 30 1
116 117 1
28 28 1
4 4 1
66 66 2
12 12 1
39 39 1
32 32 1
52 52 1
86 86 1
11 11 2
58 58 1
82 82 1
28 28 1
73 73 1
77 77 1
82 86 1
109 109 1
81 81 1
118 118 1
67 67 1
85 85 1
46 46 1
57 58 1
74 74 1
46 46 1
80 80 1
67 67 1
83 83 1
98 98 1
3 3 1
52 52 1
73 73 1
86 86 1
78 78 1
96 96 1
49 49 1
92 92 1
80 80 1
39 39 1
54 55 1
71 72 1
107 107 1
54 54 1
12 14 1
103 103 1
85 85 1
17 17 1
80 80 1
67 67 1
103 103 1
58 58 1
97 97 2
15 15 1
79 79 2
94 94 1
110 110 1
3 3 1
47 47 1
81 81 1
72 85 1
68 69 1
81 88 1
100 100 1
73 73 1
12 12 2
83 83 1
119 121 1
102 102 1
76 76 1
61 67 1
76 77 1
81 81 1
74 75 1
60 61 1
13 16 1
5 5 1
39 39 1
75 75 1
17 17 1
32 32 2
105 105 1
71 71 1
26 27 1
72 73 1
50 50 1
96 96 1
80 80 1
88 88 1
27 27 1
88 88 2
95 95 2
85 108 1
109 109 1
15 15 1
62 62 1
45 45 1
13 13 1
83 84 1
10 10 1
80 80 1
114 114 1
97 97 1
25 25 1
113 113 1
12 16 1
66 66 1
84 84 1
111 111 1
80 80 1
106 106 1
71 72 1
110 110 2
73 73 1
118 118 1
80 95 1
5 6 1
32 32 1
106 106 1
111 113 1
32 32 1
77 85 1
92 92 1
109 110 2
34 36 1
69 69 1
112 112 1
34 34 1
63 63 1
46 46 1
90 90 1
112 112 1
64 76 1
114 114 1
104 104 2
96 96 1
40 40 1
65 65 1
59 59 1
68 70 1
4 4 1
81 81 1
46 46 1
44 44 2
41 41 1
59 59 1
12 12 2
68 68 1
54 55 1
35 44 2
114 114 2
104 104 2
46 46 1
41 42 1
5 15 1
60 60 1
74 92 2
12 12 1
35 35 1
98 98 1
110 110 1
99 99 1
61 61 1
51 51 2
50 50 1
44 44 1
94 94 1
10 10 1
91 91 1
13 13 1
106 106 1
71 72 2
46 46 1
40 40 1
52 52 2
9 9 1
17 17 2
5 5 1
92 92 1
62 62 1
60 60 1
69 69 1
63 63 1
7 7 1
27 29 2
40 42 1
104 104 1
5 5 1
74 74 1
104 106 1
87 87 1
118 118 1
72 72 1
85 85 1
36 36 1
88 88 2
28 28 1
7 7 1
103 103 1
106 106 1
9 9 1
57 57 1
38 69 1
92 93 1
10 30 1
25 25 1
74 76 4
120 120 1
87 88 1
109 109 1
41 41 2
94 94 1
26 26 1
112 112 2
29 29 1
71 71 1
25 25 1
11 11 1
115 115 1
67 67 1
58 60 1
45 45 1
60 61 1
25 27 1
55 55 1
117 117 1
73 93 2
7 7 1
59 59 1
6 6 1
40 40 1
118 118 1
35 36 1
55 55 1
44 44 1
92 93 1
46 46 1
113 113 1
111 111 1
4 4 1
65 65 1
5 5 1
21 25 1
39 40 1
26 26 1
43 43 1
17 17 1
95 95 1
112 112 1
29 29 1
82 82 1
72 72 1
78 80 1
113 113 1
3 3 1
60 69 1
68 68 1
79 79 1
75 75 1
35 36 1
75 75 2
32 32 1
10 10 2
16 16 1
53 53 1
109 109 1
118 118 1
111 111 1
69 69 1
103 103 1
10 10 1
105 105 1
93 93 1
89 90 1
87 88 1
46 46 1
49 49 1
12 12 2
29 29 1
103 103 1
83 83 1
34 34 1
106 106 1
96 96 1
32 32 2
111 111 1
37 37 1
5 15 2
112 112 1
80 80 1
97 97 1
86 86 1
110 110 1
71 71 1
13 13 1
16 16 1
120 120 1
64 76 1
112 112 1
111 111 1
117 117 1
74 74 1
106 106 1
69 69 2
25 25 1
105 105 1
86 86 1
71 71 1
70 99 1
29 31 1
85 108 1
53 53 1
104 105 1
115 115 1
29 29 1
118 119 1
14 14 1
110 110 1
8 9 1
41 41 1
9 9 3
6 10 1
111 111 1
98 98 1
26 26 1
15 16 1
112 112 1
113 113 1
110 110 1
48 57 1
108 108 1
117 117 1
86 86 1
60 60 1
111 111 1
25 25 1
81 82 1
66 98 1
77 77 1
77 77 2
59 59 3
32 32 1
111 112 1
108 108 1
7 10 1
118 118 1
8 10 1
65 65 1
26 26 1
110 110 1
68 68 1
72 72 1
95 95 1
87 87 2
97 99 1
25 25 1
72 72 1
81 81 1
101 101 1
52 52 1
69 69 1
53 53 2
12 13 1
66 66 1
34 35 1
67 67 1
75 75 1
71 71 1
114 114 1
14 31 1
28 28 1
86 107 1
86 86 1
106 106 1
74 76 1
95 95 1
90 93 1
72 72 1
10 11 1
86 86 2
56 56 2
89 89 1
109 113 1
26 26 1
104 104 1
13 14 1
52 52 1
69 69 1
25 25 1
21 21 2
77 77 1
55 69 1
100 100 2
77 77 1
97 97 1
112 112 1
41 41 1
113 113 1
33 33 1
106 106 1
57 57 1
118 118 1
80 80 2
92 92 1
112 112 1
107 113 2
48 48 1
93 93 1
48 48 1
33 34 1
93 95 1
49 49 1
10 10 1
101 101 1
113 113 1
96 96 1
14 14 1
50 50 1
102 102 1
31 31 1
21 21 1
64 65 1
47 47 1
45 46 1
57 57 2
82 82 1
11 11 1
35 35 1
101 102 1
72 72 1
88 88 1
83 83 1
79 121 1
72 103 1
12 12 1
29 29 1
121 121 1
111 111 1
17 17 1
78 78 4
33 34 1
84 85 1
3 3 1
79 120 2
82 82 1
69 69 1
81 81 1
100 104 1
40 40 1
14 15 1
36 37 1
12 12 1
58 58 1
44 45 2
39 39 1
111 111 2
36 36 1
79 79 1
78 78 1
27 27 1
68 70 1
90 91 1
40 40 1
72 72 1
85 85 1
17 17 1
118 118 1
70 70 1
75 75 1
77 77 1
111 111 1
59 59 1
77 78 1
88 88 1
63 65 1
58 58 1
17 17 1
72 103 1
12 12 1
32 32 1
82 88 1
52 52 1
95 118 1
85 85 1
90 94 1
36 37 1
15 15 1
15 15 1
98 98 1
39 39 1
40 40 1
10 11 1
87 87 1
45 45 1
59 59 1
15 15 1
107 107 1
98 98 2
86 86 1
107 108 1
87 87 1
81 83 2
108 108 1
43 43 1
42 42 3
93 93 1
57 96 1
90 90 1
63 63 1
48 48 1
55 55 1
53 53 1
47 49 2
52 52 1
112 112 1
44 44 1
109 112 1
52 52 1
90 90 1
43 43 1
111 113 1
14 14 1
63 63 2
14 28 1
95 95 1
60 60 1
67 67 2
34 34 1
63 63 1
111 111 1
74 75 1
117 118 2
49 57 1
97 97 1
66 66 1
81 81 1
77 80 1
39 39 2
110 110 1
83 83 1
3 8 1
120 120 1
4 4 2
100 100 1
65 65 1
96 96 1
103 103 1
56 56 1
120 120 1
88 88 2
111 111 1
112 112 2
103 103 1
106 106 1
105 105 1
37 37 1
55 55 1
14 14 1
34 34 1
120 120 1
43 43 1
82 82 1
103 103 2
83 83 1
55 55 1
27 29 1
50 50 1
3 5 1
56 71 1
71 71 1
74 75 1
29 29 1
31 31 1
50 50 1
75 75 2
12 12 1
68 70 1
50 50 1
54 54 1
69 70 2
71 71 1
37 37 1
75 75 1
106 106 1
60 60 1
79 79 1
46 48 1
95 98 1
91 92 2
56 56 1
114 114 1
103 103 1
108 108 1
27 27 1
34 34 1
118 119 1
33 33 1
55 55 1
11 11 1
119 119 1
53 53 1
67 67 1
7 7 2
39 39 1
101 101 2
90 90 1
60 69 1
92 92 1
5 15 1
47 47 1
107 107 1
112 113 1
40 40 1
67 90 1
58 58 1
58 58 1
80 80 1
69 69 2
10 10 1
86 86 3
96 96 1
87 87 1
97 97 1
105 105 1
44 44 1
54 54 1
41 41 1
57 58 1
48 48 1
82 82 1
78 121 1
55 55 2
94 94 1
81 110 1
94 94 1
94 94 1
17 17 1
88 88 1
49 49 2
94 94 1
112 112 1
54 54 1
48 49 1
34 35 1
26 26 1
85 85 1
60 60 1
102 102 2
59 59 1
60 60 1
107 107 1
71 71 1
86 114 1
68 68 1
30 31 1
83 83 1
40 41 1
78 78 1
119 119 1
3 3 1
32 32 1
85 85 2
5 5 1
83 83 1
111 111 1
94 94 1
51 51 1
107 113 1
26 26 1
60 60 1
55 55 1
91 91 1
37 37 1
63 63 1
91 91 1
7 7 1
88 88 1
109 110 1
106 106 1
72 72 1
113 114 1
48 50 3
69 69 2
90 90 1
54 54 1
57 57 1
77 118 1
96 97 1
54 54 1
110 110 1
12 12 1
26 26 1
49 49 1
112 112 1
60 60 1
72 72 1
80 80 1
113 113 1
43 43 1
101 101 1
77 77 1
76 76 1
62 62 1
27 27 1
96 96 1
110 110 1
26 26 1
103 103 1
11 11 1
96 96 1
88 88 1
8 8 1
86 86 1
78 78 1
90 90 1
81 81 1
106 106 1
105 105 1
101 101 1
79 120 1
82 85 1
101 101 1
84 85 1
80 80 1
7 10 1
68 68 1
86 86 2
85 85 1
12 12 1
77 77 1
28 28 1
73 73 2
60 68 2
34 34 1
91 91 1
80 80 2
61 70 1
104 106 1
52 52 2
26 26 1
104 104 1
82 86 1
109 109 1
55 55 1
104 104 2
66 66 1
4 50 1
57 57 1
61 61 1
53 53 1
114 114 1
15 16 1
105 105 2
109 109 1
72 72 1
64 65 1
25 25 1
40 40 1
4 5 2
118 118 1
13 15 1
74 74 1
47 47 1
4 4 3
67 67 1
41 41 1
96 96 1
61 65 1
28 29 1
91 91 1
105 105 1
75 77 2
33 34 1
64 66 1
33 33 1
111 111 1
42 42 1
73 73 2
31 32 1
4 4 1
75 75 1
7 7 1
28 28 1
77 77 1
9 9 1
93 94 1
104 104 1
80 80 1
8 8 1
35 35 1
82 82 1
61 67 1
72 72 1
93 93 1
89 90 1
94 94 1
12 12 1
13 15 1
29 29 1
105 106 1
46 46 1
31 31 1
36 49 1
13 13 2
68 70 1
17 36 1
5 5 1
17 17 1
104 104 1
48 48 1
103 103 1
56 56 1
113 114 1
69 69 1
12 12 1
54 54 1
82 82 1
51 51 1
105 105 1
116 116 1
119 119 1
87 87 1
88 88 1
89 90 1
11 11 1
66 66 1
57 57 1
90 91 1
32 32 2
12 32 1
50 50 1
6 6 1
3 3 1
119 119 1
29 29 1
64 65 1
101 103 1
112 112 1
7 7 1
119 120 1
12 12 1
11 11 1
108 111 2
31 31 1
101 101 1
10 10 1
40 40 1
87 87 1
31 31 1
72 74 1
91 91 2
93 93 1
110 110 2
86 87 1
44 45 1
119 119 2
73 74 1
68 68 1
47 59 1
57 57 1
66 67 1
36 60 1
40 40 1
108 108 1
41 41 1
58 59 1
114 114 1
6 6 1
65 65 1
36 36 1
86 86 1
87 87 1
120 120 1
91 91 1
60 60 2
103 103 1
37 37 1
110 111 1
115 115 1
88 88 1
105 105 1
71 71 1
28 28 1
88 88 1
70 70 1
71 71 1
57 57 1
61 62 1
60 60 1
76 76 1
106 106 1
12 16 1
53 53 1
87 87 1
113 113 1
65 79 1
7 7 1
52 52 1
16 16 1
67 67 1
112 112 1
40 40 1
34 34 1
27 27 1
105 105 2
85 85 1
37 37 1
92 92 1
12 12 1
53 53 1
28 28 1
109 109 1
103 103 1
25 25 2
72 72 1
15 16 1
79 79 1
108 108 1
28 29 1
69 69 1
56 56 1
106 106 1
90 90 1
32 32 1
37 37 1
63 73 1
95 95 1
77 77 1
112 112 1
117 117 2
71 71 2
81 81 1
88 88 1
103 104 1
110 111 1
6 6 1
70 70 1
84 84 1
102 102 1
83 83 2
81 81 1
54 54 1
115 115 1
90 90 2
6 6 1
52 52 1
112 112 2
100 100 1
4 4 1
90 90 1
87 87 1
97 97 1
40 40 1
103 103 1
83 83 1
74 74 1
86 86 1
56 56 1
57 60 1
21 21 1
54 55 1
44 45 2
100 100 1
25 25 1
118 118 1
85 85 1
81 81 1
97 97 1
55 56 1
16 16 1
72 72 1
41 57 1
47 47 1
72 72 2
100 100 1
38 49 1
39 39 1
7 7 1
54 56 1
36 36 1
3 12 1
112 112 1
72 72 1
87 107 1
44 45 1
86 110 1
94 94 1
25 25 1
93 93 1
20 20 1
74 74 1
79 79 1
13 13 2
82 86 1
71 100 1
49 49 1
85 85 1
86 86 1
86 86 1
46 47 2
93 93 1
90 90 2
30 31 1
37 37 1
48 48 1
58 58 1
74 74 1
101 101 1
48 48 1
111 111 1
99 99 1
92 92 1
6 6 1
105 105 1
61 61 1
40 40 1
67 101 1
59 59 1
96 97 1
117 117 1
83 84 1
111 111 1
82 82 1
51 52 1
5 5 3
33 33 1
6 6 1
84 84 1
109 110 1
50 65 1
26 26 2
109 109 1
115 115 1
101 101 1
54 54 1
101 101 2
113 113 1
14 14 2
53 53 1
74 74 1
114 114 1
97 97 1
94 94 1
3 3 1
106 106 1
91 91 1
60 61 1
27 28 1
11 11 1
64 64 1
82 82 1
107 108 1
7 7 1
55 55 1
92 92 1
58 59 1
96 96 1
67 97 1
101 103 1
83 83 1
25 25 1
117 117 1
26 26 1
61 63 1
91 92 1
111 111 1
88 88 1
53 60 1
12 12 1
13 13 1
3 3 1
106 106 1
109 109 1
32 32 1
92 92 1
66 66 1
78 78 1
83 83 1
67 90 1
49 50 1
109 109 1
85 85 1
27 27 1
103 103 1
67 67 1
6 30 1
120 120 1
36 36 1
104 104 1
114 114 1
67 68 1
86 87 1
111 111 1
35 35 1
73 73 1
12 13 2
13 13 1
80 80 1
73 73 1
107 109 1
47 47 1
64 65 1
38 49 1
29 29 1
88 88 1
52 52 1
33 33 1
110 110 1
87 87 1
26 26 1
117 117 1
75 75 1
85 85 2
98 98 2
32 32 1
28 30 1
26 26 1
103 103 2
6 6 1
36 36 1
117 117 1
113 113 2
6 6 1
76 76 1
58 58 2
92 103 1
106 107 1
73 106 1
87 87 1
69 69 1
96 97 2
87 87 1
117 117 1
5 5 1
73 73 2
75 75 1
7 7 1
12 13 1
76 76 1
32 32 1
62 62 1
48 48 1
35 43 1
9 12 1
54 54 1
51 51 1
90 90 1
9 9 1
39 41 1
101 101 1
32 32 1
31 31 1
40 40 1
27 27 1
5 7 1
87 87 1
70 70 1
61 61 1
87 87 2
29 29 1
86 86 1
106 107 1
107 107 1
117 117 1
103 104 1
83 83 1
4 4 2
71 72 1
39 39 1
108 108 1
100 100 1
118 118 1
79 79 1
114 115 1
33 33 1
104 104 1
5 5 1
43 43 1
70 70 1
89 89 1
101 101 2
25 25 1
30 30 1
109 110 1
89 89 1
3 3 1
119 119 1
109 109 1
63 63 1
101 102 1
76 76 1
111 111 1
67 67 1
54 54 1
83 83 2
15 28 1
71 71 2
45 46 1
99 99 1
75 75 2
91 91 1
8 8 1
99 99 1
95 95 1
74 74 1
37 37 1
118 118 1
84 84 1
38 38 1
3 6 1
53 53 1
6 58 1
110 110 1
117 117 1
69 69 1
64 64 2
52 52 1
93 93 1
109 109 2
53 53 1
68 68 1
73 73 2
56 56 1
96 96 1
53 54 1
11 12 1
106 106 1
58 59 1
39 39 1
103 115 1
100 100 1
107 109 1
94 94 1
66 73 1
67 67 1
96 96 1
82 82 2
119 119 1
56 56 1
107 107 1
91 91 3
29 30 1
80 80 1
64 64 1
105 106 1
72 72 1
53 53 1
39 39 1
57 57 1
94 102 1
54 55 1
4 65 1
40 40 1
88 105 1
13 13 1
117 118 1
108 108 1
7 7 1
114 114 2
118 118 1
66 66 1
92 92 2
17 17 1
93 93 1
65 65 1
17 17 1
50 61 1
108 111 1
90 90 1
47 59 1
97 97 1
75 75 1
27 27 1
63 80 1
106 106 1
107 111 1
112 112 1
6 6 1
17 17 1
13 13 1
26 26 1
111 111 1
53 54 1
47 62 1
88 88 1
109 109 1
25 25 1
87 87 2
82 82 2
95 95 1
86 86 1
85 108 1
93 103 1
95 95 1
114 114 2
13 13 1
86 86 1
72 72 2
11 11 1
112 112 1
7 7 1
112 112 1
85 85 2
118 118 1
81 82 1
67 67 1
47 47 2
90 90 1
31 31 1
78 78 1
78 78 1
99 103 1
110 111 1
88 88 1
45 45 1
3 3 1
109 109 2
94 94 1
72 87 1
57 58 1
72 72 1
52 62 2
32 32 1
5 5 1
112 112 1
74 74 1
10 11 1
87 87 1
79 120 1
101 101 1
47 47 2
90 90 1
88 88 1
100 105 1
109 109 1
9 9 1
35 44 1
104 104 1
27 27 1
57 57 1
16 16 1
68 68 1
107 107 2
90 91 1
54 69 1
7 7 1
81 81 1
12 12 1
29 29 1
93 108 1
105 105 1
4 4 1
83 83 2
56 56 1
85 100 2
31 31 1
73 73 1
112 112 1
77 77 1
67 67 3
75 75 1
77 77 1
79 79 1
69 69 1
111 111 2
42 42 1
43 43 1
95 95 1
74 74 1
31 31 2
36 36 1
73 107 1
5 5 1
86 109 1
56 56 1
52 52 1
92 92 1
66 66 1
87 87 1
61 61 1
86 86 1
108 109 1
80 80 1
73 107 1
120 121 1
47 47 1
37 37 1
70 70 1
88 104 1
12 12 1
104 104 2
61 61 1
98 98 1
48 48 1
63 65 2
103 103 1
79 79 1
78 78 3
82 82 1
34 35 1
11 11 1
60 61 1
55 55 1
49 66 1
5 6 1
91 91 2
101 102 1
117 117 1
72 72 2
100 100 1
50 50 1
16 16 1
7 7 1
48 48 1
5 5 1
67 67 1
58 58 1
113 113 1
120 120 1
85 85 1
47 48 1
103 103 2
73 107 1
73 107 1
78 78 1
39 39 1
76 89 1
5 6 1
6 8 1
37 37 1
12 15 2
71 71 2
86 86 2
75 75 1
59 59 1
85 85 1
60 60 1
109 109 1
7 7 1
21 21 1
15 15 1
114 114 1
43 43 1
118 118 2
33 33 1
4 4 1
15 15 1
99 102 1
61 61 2
92 92 1
59 59 1
106 106 1
107 108 1
6 6 1
74 74 1
69 69 1
43 44 1
66 66 1
37 37 2
62 62 1
68 68 1
109 109 1
106 106 1
92 92 2
42 42 1
39 39 1
3 3 1
63 65 1
113 113 1
4 4 1
96 96 1
102 102 1
59 59 1
28 28 1
49 49 1
37 38 1
83 84 1
14 14 1
93 93 1
69 69 1
44 44 1
109 109 1
35 35 1
112 112 1
77 77 1
9 10 1
77 77 1
7 9 1
101 101 1
17 17 1
85 85 2
61 61 1
67 67 1
113 113 1
43 43 1
39 39 1
5 5 1
103 103 1
3 3 1
57 57 1
6 6 1
65 65 1
82 83 1
99 99 2
74 76 1
118 118 1
77 78 1
82 82 1
119 120 1
101 101 1
14 14 1
30 31 1
46 46 1
28 28 2
4 4 1
111 111 1
64 64 1
85 106 1
94 94 1
75 89 2
73 74 1
52 52 1
11 12 1
3 5 2
78 78 1
85 86 1
43 43 1
60 60 1
90 90 1
41 41 2
49 67 2
50 50 1
43 43 1
25 25 2
114 114 1
85 85 1
114 114 1
73 73 1
64 64 1
114 114 1
74 74 1
4 5 1
10 10 1
6 14 1
102 102 1
42 42 1
83 83 1
74 74 1
80 80 1
51 51 1
9 9 2
27 35 1
13 14 1
109 109 1
41 41 1
70 101 1
58 58 1
91 91 1
80 80 1
69 69 1
52 52 1
117 117 1
48 48 1
94 94 1
3 5 1
39 39 1
103 103 1
81 81 1
21 21 1
16 16 1
108 108 2
67 67 1
86 86 4
79 79 1
104 104 1
64 64 1
101 101 1
105 105 1
54 69 1
7 7 1
90 90 1
21 21 1
82 82 2
50 63 1
87 114 2
67 67 1
95 95 1
69 69 1
109 109 1
120 120 2
46 46 1
62 62 1
15 15 1
25 25 1
119 119 1
103 104 1
110 110 1
88 88 2
6 6 1
54 63 1
81 81 1
86 87 1
81 81 1
94 96 1
41 42 1
37 37 1
97 97 1
72 72 1
77 77 1
112 112 1
100 100 1
40 40 1
115 117 1
112 113 1
4 4 1
25 25 1
74 74 1
91 91 1
72 87 1
81 81 1
81 81 1
110 110 2
63 63 1
21 21 1
3 5 1
81 82 2
87 87 1
95 95 1
120 120 1
111 111 1
80 80 2
4 4 1
97 98 1
59 59 1
90 90 1
103 103 1
72 103 1
112 112 1
101 101 1
112 112 1
15 15 1
91 92 1
51 51 1
26 27 1
80 95 1
81 88 1
7 7 2
31 31 1
67 67 1
30 30 1
16 16 1
55 73 1
29 29 1
66 66 1
41 41 1
104 108 1
106 106 1
69 69 1
90 90 1
50 63 1
56 56 1
77 77 1
45 46 4
88 88 1
105 114 1
17 17 1
68 70 1
25 25 1
120 120 1
7 7 1
104 104 1
57 63 1
57 57 1
82 82 1
111 111 1
100 100 1
98 98 1
65 65 1
56 56 1
9 9 2
54 55 1
37 37 1
6 57 1
112 112 1
27 27 1
94 94 1
110 110 1
77 77 1
118 118 1
107 107 1
98 98 1
102 102 1
99 99 1
108 108 2
13 13 1
63 63 1
103 104 1
74 91 1
53 55 1
77 77 1
90 90 1
15 15 1
81 81 1
112 112 1
37 38 1
118 118 1
68 69 1
56 56 1
7 7 1
11 11 1
58 58 1
87 87 1
9 10 1
112 112 1
70 70 1
72 72 1
13 13 1
82 82 1
17 17 1
86 86 1
72 85 1
69 69 1
104 104 1
36 36 1
33 33 1
25 25 1
35 35 1
75 75 2
86 86 3
120 120 1
67 67 1
95 95 1
8 8 1
38 38 1
25 25 1
38 38 1
39 68 2
85 85 2
13 13 1
9 9 1
11 11 1
57 57 1
118 119 1
47 47 1
96 98 1
69 69 1
94 94 1
111 111 1
111 112 1
118 118 1
29 29 1
48 48 1
47 47 1
44 44 1
25 25 1
33 33 1
59 59 1
58 58 1
4 4 1
68 68 1
99 99 1
75 76 1
52 52 1
87 88 1
70 88 1
48 57 1
97 98 2
40 40 2
87 87 1
9 9 2
101 101 1
95 95 1
78 78 1
115 115 1
104 104 1
54 54 1
34 34 1
86 86 1
64 76 1
52 53 1
103 114 1
110 110 1
111 111 1
67 67 1
106 106 1
14 15 1
74 74 1
11 12 2
109 109 1
77 81 1
73 73 1
29 29 1
58 58 1
11 11 1
85 85 2
44 44 1
15 16 1
54 63 1
118 118 1
82 82 1
12 12 1
91 92 1
110 110 2
82 82 1
36 36 1
83 83 1
85 85 1
118 118 1
41 41 1
57 60 1
118 118 1
68 68 1
92 92 1
56 56 1
73 73 1
48 48 1
27 27 1
99 108 1
38 38 1
90 90 1
111 111 1
81 81 1
32 32 1
97 97 1
91 92 1
61 68 1
74 75 1
38 51 2
103 114 1
3 3 1
77 77 1
99 99 2
12 12 3
66 101 1
114 114 1
119 119 1
92 92 1
95 95 1
93 108 1
62 62 1
118 118 2
28 29 1
13 13 1
103 103 1
29 29 1
54 54 1
44 44 1
4 4 1
79 120 1
34 34 1
45 45 1
77 77 1
7 7 2
51 62 1
103 103 1
119 119 1
47 47 1
71 72 1
72 104 1
52 52 1
92 92 1
89 92 1
65 65 1
36 36 2
88 88 1
88 105 1
77 77 1
62 63 1
39 39 1
38 38 1
74 74 1
70 70 1
58 60 1
25 25 1
35 42 1
56 56 1
73 73 2
40 40 2
16 16 1
3 3 1
3 5 1
103 103 1
103 103 1
86 86 1
48 48 1
55 55 1
12 12 1
80 81 1
34 34 1
25 25 1
4 4 1
78 78 2
60 60 1
114 115 1
33 33 1
11 11 1
44 49 4
72 73 1
68 69 1
38 38 1
85 85 1
29 29 1
30 31 1
73 73 1
6 6 1
49 51 1
68 68 1
71 71 1
5 5 1
48 48 1
60 60 1
61 61 1
108 108 1
21 21 1
68 68 1
87 87 1
73 73 1
11 12 1
108 108 1
59 59 1
47 47 2
111 111 1
109 109 1
80 80 1
75 90 1
17 17 1
4 4 1
90 90 1
77 88 1
50 51 2
26 26 1
37 49 1
17 17 1
4 4 1
62 62 1
86 86 1
81 81 1
91 91 1
50 50 1
81 81 1
31 31 1
117 117 2
54 54 1
43 43 1
35 42 1
67 68 1
21 21 1
103 103 1
59 59 1
9 9 1
95 95 2
101 101 2
115 115 1
112 112 1
27 27 1
101 101 1
10 10 2
90 90 1
11 11 1
33 34 1
81 81 1
7 7 1
102 102 1
35 42 1
3 3 2
99 105 1
66 66 1
34 34 1
43 45 1
92 103 1
3 3 2
12 12 1
53 53 1
78 78 1
43 44 1
30 30 1
53 54 1
109 113 1
4 4 1
68 68 1
94 94 1
81 81 1
35 35 1
76 76 1
81 81 1
44 45 1
51 51 2
100 100 1
78 78 1
36 36 1
106 106 2
70 70 1
72 72 1
31 31 1
97 97 1
88 88 1
25 25 1
11 11 2
117 117 1
81 82 1
74 74 1
36 50 1
87 87 1
74 74 1
67 67 1
45 49 1
112 112 1
114 114 1
82 110 1
111 111 1
77 77 1
43 46 1
21 21 1
79 79 1
26 26 1
44 44 1
110 110 1
109 109 1
48 48 1
50 51 1
52 52 1
97 97 1
66 90 1
71 72 1
111 111 1
15 15 2
88 88 1
27 27 1
25 25 1
39 39 1
75 75 1
84 84 1
74 74 2
76 76 1
66 66 1
61 61 1
74 75 1
71 71 1
94 94 1
83 84 1
12 12 2
66 70 1
9 9 1
113 113 1
50 63 1
104 104 1
9 9 1
50 54 1
102 102 2
69 69 1
110 110 1
103 103 1
6 57 2
28 28 1
88 88 1
101 102 1
71 72 1
45 45 1
87 87 1
6 6 2
70 88 1
32 32 1
37 37 1
63 63 1
33 34 1
45 45 1
102 102 1
17 33 1
70 71 1
35 45 1
72 72 1
13 13 1
27 27 1
103 103 1
86 86 1
67 67 1
104 104 1
77 77 1
103 103 1
108 108 1
62 62 1
37 37 1
78 80 1
14 14 1
121 121 1
11 11 1
86 86 1
40 40 1
117 117 2
5 5 1
119 120 1
103 103 1
99 99 1
54 54 2
83 83 1
11 11 1
5 5 3
86 86 1
97 97 1
102 102 1
82 82 1
103 104 1
41 41 1
62 62 1
100 100 1
74 74 1
59 59 1
70 70 1
35 43 1
46 46 1
77 78 1
49 98 1
81 81 1
99 99 1
71 71 1
73 73 1
54 54 1
86 86 2
103 103 2
94 94 1
68 68 1
83 83 2
15 16 1
108 108 2
82 82 1
60 60 1
47 47 1
14 14 1
58 58 1
40 40 1
26 26 1
97 97 1
4 4 1
86 86 1
98 99 1
36 36 1
13 13 1
34 34 1
45 46 1
46 46 1
96 96 1
112 112 1
82 82 1
39 39 1
75 90 1
25 25 1
73 74 1
71 71 1
101 101 1
108 108 1
33 34 1
112 112 1
12 12 1
69 69 1
99 99 1
101 101 1
61 62 1
50 50 2
93 93 1
77 77 1
4 4 1
85 106 1
58 58 1
51 62 2
35 36 1
58 60 1
78 78 1
6 6 2
87 87 2
71 71 1
71 71 1
29 32 1
74 74 1
93 93 1
91 91 1
105 105 1
94 102 1
80 80 1
48 48 1
15 15 1
107 107 1
97 97 1
72 87 1
104 104 1
99 99 1
106 106 1
90 91 1
17 17 1
53 53 1
72 72 1
59 60 1
60 62 1
106 106 1
104 104 1
77 77 1
103 103 1
114 114 1
45 45 1
21 21 1
59 61 1
80 80 1
77 77 1
27 27 1
103 103 1
51 51 1
54 54 1
5 5 2
16 17 1
14 14 1
50 50 1
15 37 1
69 69 3
50 61 1
83 83 1
108 109 1
103 103 1
76 76 1
39 39 1
38 38 1
46 46 1
68 68 1
111 111 1
81 81 1
95 95 1
82 82 1
71 72 1
92 92 1
103 103 1
101 101 2
80 80 3
66 66 1
93 93 1
58 59 1
9 9 1
11 11 1
112 113 1
107 107 1
101 101 1
106 106 1
5 5 1
117 117 1
92 92 1
95 104 1
93 94 2
33 33 1
46 46 2
62 62 2
70 70 1
110 110 2
120 120 1
12 12 1
35 35 1
108 109 1
40 40 1
17 17 1
13 13 1
111 111 1
12 12 1
99 99 1
30 30 1
101 101 1
48 48 1
9 9 2
76 76 2
80 80 1
61 61 1
61 61 2
58 58 2
33 33 1
48 48 1
14 14 1
10 10 1
101 101 1
14 14 2
27 27 2
11 12 1
112 112 1
96 96 1
93 93 1
72 72 1
30 30 1
87 87 1
46 46 1
88 88 1
4 4 1
43 44 1
86 86 1
104 104 1
11 11 1
71 71 1
29 29 1
72 72 1
63 76 1
83 83 1
49 49 2
64 64 1
73 85 1
111 111 1
102 102 1
60 61 1
15 15 1
34 34 2
46 46 1
67 90 1
39 39 1
111 111 1
90 90 1
91 91 1
97 98 1
61 62 2
73 74 2
66 66 1
38 49 1
90 90 1
3 5 1
69 69 1
95 95 1
8 8 1
77 77 1
49 49 1
40 41 1
72 72 1
14 14 1
85 85 1
10 10 1
54 54 1
6 6 1
3 3 1
90 91 1
11 12 1
75 75 1
56 56 1
57 57 1
75 75 1
90 91 1
14 14 1
15 15 1
6 6 1
85 106 1
32 32 1
76 76 1
53 53 1
10 10 1
53 55 1
60 60 1
32 32 1
26 26 1
28 28 1
111 111 1
107 107 1
120 120 1
63 63 1
16 16 1
4 4 1
86 109 1
52 52 1
74 74 1
112 113 1
108 108 1
7 7 1
112 112 1
71 71 1
34 34 1
39 39 1
55 55 1
109 109 1
41 41 1
109 109 1
53 53 2
56 56 1
66 66 1
85 85 1
48 49 1
86 86 1
4 4 1
84 84 1
8 8 1
106 106 1
33 33 3
73 73 2
115 115 1
38 38 1
112 112 1
70 70 1
103 103 1
28 28 1
56 101 1
30 30 1
108 108 1
92 92 1
77 77 1
29 31 2
109 109 1
15 15 1
93 93 1
60 60 1
112 112 1
103 103 1
34 34 1
82 86 1
77 77 1
12 12 1
103 103 2
25 26 1
82 82 1
64 64 2
72 72 1
117 119 1
46 46 1
60 61 1
73 74 1
39 40 1
61 61 1
63 63 1
112 112 1
72 72 1
33 33 1
118 118 1
51 51 1
63 65 1
117 117 1
69 69 1
12 12 2
6 6 1
76 76 1
114 114 1
47 47 2
28 28 1
50 51 1
9 9 1
98 98 1
48 58 1
81 81 1
35 35 1
4 4 1
13 13 1
40 41 1
85 85 1
8 8 1
111 111 1
34 34 1
48 49 1
62 62 1
27 28 1
54 55 1
54 54 1
27 27 1
75 75 1
49 49 1
89 90 1
101 101 1
46 47 1
44 44 1
25 25 1
110 110 2
92 93 1
66 66 1
84 85 1
90 90 1
66 66 1
50 50 1
79 79 1
84 84 1
72 85 2
94 94 1
26 26 1
66 75 1
7 7 1
40 41 1
25 25 1
83 106 1
81 81 1
26 26 1
47 47 2
101 101 1
55 55 1
80 88 1
72 72 2
63 63 2
76 89 1
48 62 1
7 7 1
15 15 1
63 79 1
76 76 1
70 73 1
60 60 1
103 103 1
13 13 1
99 113 2
54 54 1
71 71 1
11 11 1
113 113 1
81 81 1
109 109 1
88 88 1
27 27 1
30 31 1
67 98 1
93 93 1
70 103 1
30 31 1
5 5 1
51 51 1
94 94 1
85 108 1
57 57 1
29 30 1
42 42 1
113 113 1
96 96 1
48 48 1
79 79 1
73 73 1
25 25 1
15 15 1
35 35 1
72 72 1
31 67 1
48 62 1
113 113 1
4 4 1
60 60 1
47 47 1
96 97 1
14 14 1
92 92 1
67 67 1
32 32 1
29 29 1
6 6 1
99 99 1
63 63 1
112 112 2
54 54 1
78 78 1
91 91 1
8 8 1
17 17 1
93 93 1
90 92 1
60 60 1
88 88 1
55 55 1
8 8 1
102 102 1
104 104 1
36 36 1
75 75 1
38 38 1
120 120 1
76 90 1
12 13 1
30 30 1
5 5 1
67 67 1
14 14 1
75 75 1
78 78 1
50 50 1
37 37 1
81 81 1
81 85 1
100 100 1
47 47 1
110 110 1
37 68 1
77 78 1
25 25 1
115 118 1
112 112 1
89 89 1
54 54 1
74 76 1
76 89 1
91 91 1
66 66 1
44 44 1
90 90 1
87 87 1
63 63 1
96 96 1
55 55 1
16 16 1
70 70 1
78 78 4
112 112 1
4 4 1
110 112 3
107 107 1
59 59 1
85 85 2
105 105 1
81 81 1
12 12 1
82 82 1
4 4 1
70 70 1
25 25 1
68 90 1
33 33 1
48 48 1
84 84 2
83 85 1
63 63 1
88 88 1
99 99 1
46 46 1
31 31 1
72 87 1
38 38 1
60 60 1
100 100 1
16 16 1
93 93 1
88 88 1
54 55 1
87 87 1
109 109 1
43 43 1
10 10 1
16 16 1
108 108 1
28 30 1
10 11 1
50 51 1
66 67 1
41 44 1
114 114 1
67 67 2
69 69 1
93 93 1
90 90 1
82 82 1
91 92 1
12 12 1
43 43 1
48 48 1
49 49 1
53 53 1
68 69 1
101 101 1
71 71 1
28 28 1
46 46 4
6 6 1
32 32 1
117 117 1
77 77 1
12 12 1
87 87 1
39 39 1
41 41 3
46 47 1
101 101 1
94 94 1
12 12 1
26 26 1
58 58 1
15 15 1
117 117 1
117 117 1
90 90 1
118 118 1
109 109 1
12 12 2
32 32 1
53 53 1
74 74 1
85 85 2
107 108 1
113 113 2
71 71 2
91 91 1
66 66 2
57 57 1
12 12 1
99 99 1
61 62 1
32 32 1
115 115 1
42 42 1
46 46 1
4 4 1
34 34 1
109 109 1
10 10 1
106 106 1
14 14 1
112 112 1
77 77 1
4 4 1
118 118 1
66 66 1
29 29 1
79 79 1
87 87 1
112 112 1
82 82 1
6 7 1
68 96 1
46 46 1
80 103 1
16 16 1
69 97 1
49 49 1
63 63 1
76 76 1
51 51 1
6 6 1
51 51 1
76 76 1
45 45 1
71 72 1
51 62 1
72 104 2
11 11 1
72 72 1
10 10 1
50 50 1
108 108 1
72 72 1
101 101 2
15 37 1
55 55 1
60 60 1
26 26 1
78 78 1
88 88 1
40 69 1
103 103 2
41 41 1
32 32 1
84 85 2
57 57 1
61 61 1
54 63 1
16 16 2
28 28 1
71 101 1
48 48 1
82 82 1
36 36 1
63 64 2
95 95 1
112 112 1
114 114 1
27 27 1
83 83 1
74 74 1
26 34 2
100 100 1
49 49 1
70 70 1
120 120 1
83 83 1
121 121 1
36 36 1
60 65 1
63 64 1
4 4 1
4 4 1
87 107 1
56 56 1
31 31 1
37 37 1
76 77 1
81 81 1
80 81 1
57 57 1
75 75 1
93 93 1
79 120 1
68 68 2
17 17 1
58 58 2
56 56 2
36 36 1
80 80 1
37 38 1
15 16 1
82 82 1
66 66 1
102 102 2
17 17 1
70 96 1
35 44 1
81 81 1
56 56 1
50 50 2
112 112 1
60 60 1
66 67 1
35 35 1
52 53 1
31 31 1
74 74 1
12 31 1
92 92 2
75 75 2
88 105 1
40 40 1
5 15 2
26 35 1
77 77 1
109 109 1
14 15 1
67 67 1
108 108 1
82 82 1
81 81 1
101 101 1
109 109 1
13 13 1
107 107 1
16 16 1
78 78 1
72 103 2
82 82 1
107 109 1
61 65 1
50 51 1
108 108 1
9 10 2
4 4 1
49 49 1
110 110 1
29 29 1
106 109 1
111 111 1
29 29 1
56 56 1
21 21 1
70 88 1
26 26 1
76 90 1
83 83 1
50 50 1
72 109 1
84 84 1
30 30 1
12 12 1
100 100 1
92 93 1
110 110 1
86 86 1
106 106 1
95 95 1
27 27 1
46 46 1
81 81 1
116 116 1
73 73 1
37 37 1
83 83 1
89 89 1
72 72 1
86 86 1
81 81 1
4 4 1
10 10 1
92 92 1
72 72 2
90 90 1
25 25 1
98 98 2
63 63 3
34 34 1
58 59 1
48 48 1
78 80 1
114 114 1
4 5 2
81 81 1
29 29 1
36 37 1
118 118 1
73 73 1
72 72 1
39 39 1
113 113 1
4 4 1
15 15 1
53 53 1
49 49 1
3 3 1
82 82 1
45 45 1
82 82 1
80 80 1
35 46 1
92 92 1
76 76 1
12 12 1
103 103 1
7 7 3
107 107 1
42 42 1
83 83 1
93 93 1
63 64 1
81 81 2
71 71 1
85 85 2
7 7 1
95 98 1
56 56 1
74 74 1
41 54 1
87 87 3
55 55 3
73 73 1
48 48 1
41 41 2
63 63 1
44 48 1
106 106 1
81 81 1
56 56 1
76 76 1
56 56 1
25 25 1
35 35 1
37 37 1
110 110 1
112 112 1
60 60 1
15 15 1
35 35 1
93 95 1
78 78 1
16 16 1
25 25 1
87 114 2
14 15 1
4 4 2
33 33 1
70 70 1
95 95 2
45 45 1
101 101 1
41 41 1
7 7 1
21 21 1
120 120 1
3 5 1
116 117 1
78 79 1
100 100 1
72 72 1
43 43 1
41 41 2
55 55 3
11 11 1
70 70 1
37 37 2
31 31 1
8 8 1
77 77 1
87 113 1
27 27 1
71 71 1
38 38 1
11 12 1
89 89 1
37 37 1
107 108 1
66 67 1
86 86 1
87 113 1
15 15 1
115 118 1
87 87 1
52 52 1
82 86 1
51 51 1
37 37 1
93 95 1
90 90 1
75 76 1
3 5 2
35 35 1
104 104 1
100 100 1
41 42 1
55 55 1
73 73 1
41 42 1
84 84 1
89 89 1
4 4 1
29 29 1
110 110 1
55 72 1
52 52 1
69 69 1
29 29 1
103 104 1
101 101 1
94 94 1
66 66 1
93 93 1
17 17 1
113 113 1
117 118 1
72 72 1
15 15 1
52 53 1
53 54 1
54 55 1
76 77 1
66 66 1
67 67 3
86 86 1
94 108 2
36 50 1
113 113 1
6 8 1
10 10 1
61 61 1
118 119 1
94 94 2
7 7 1
77 77 1
4 4 1
98 102 1
14 14 1
60 60 1
110 110 2
61 61 1
7 7 1
117 117 1
35 35 1
97 97 1
82 82 1
7 7 1
68 68 1
43 43 1
98 98 1
53 55 1
83 83 1
25 25 1
78 78 1
37 38 1
77 81 1
65 65 1
39 41 1
40 40 1
96 96 1
92 92 1
27 27 2
5 5 1
93 93 1
60 70 1
70 70 1
100 105 1
82 82 1
99 99 1
58 60 1
47 47 1
64 64 1
29 29 1
103 103 1
59 59 1
5 17 1
34 34 1
4 4 2
38 38 1
83 84 1
66 66 1
28 29 1
63 63 1
101 101 1
112 112 1
105 105 1
91 92 1
85 85 2
61 61 1
84 84 1
89 90 1
21 21 1
88 88 1
103 103 1
93 93 2
77 77 1
111 111 1
7 7 1
107 107 1
112 112 1
79 121 1
114 115 1
108 108 1
79 79 1
50 51 1
58 58 1
63 80 1
53 54 1
12 12 1
39 41 1
80 80 1
60 62 1
113 113 1
117 117 2
54 54 1
3 3 1
107 107 1
96 97 4
104 104 1
113 113 2
88 88 1
97 97 1
119 119 1
63 80 1
25 26 1
37 37 1
60 60 2
94 102 1
43 43 1
58 58 1
107 107 1
99 99 1
12 16 1
114 114 1
113 113 1
71 71 1
43 43 2
93 93 2
44 44 2
54 54 1
111 111 1
17 17 1
35 35 1
106 106 1
118 118 1
112 112 1
56 56 1
3 21 1
72 72 2
87 87 1
67 67 1
90 90 1
65 65 1
28 28 1
4 4 1
94 95 2
47 48 1
109 109 1
14 14 1
94 94 1
90 91 1
116 118 1
35 35 1
26 27 1
37 38 1
41 41 1
66 66 1
17 17 1
118 119 1
71 71 1
56 56 1
5 5 1
117 117 1
88 88 1
47 47 1
86 86 1
58 58 1
117 117 1
107 107 1
7 7 1
44 44 1
67 67 1
31 31 2
78 78 1
113 113 1
46 46 1
101 102 1
117 117 1
41 41 1
70 70 1
9 9 1
37 37 1
100 100 1
118 118 1
50 51 3
26 26 1
88 88 1
35 43 1
106 106 1
83 83 1
64 65 2
11 11 1
38 38 1
16 16 1
109 109 2
16 16 1
29 29 2
58 58 1
55 55 2
109 113 1
3 3 1
81 81 1
4 4 1
34 34 1
41 41 1
66 95 1
31 31 2
114 114 1
39 39 1
77 77 1
54 65 1
34 34 1
27 27 1
77 77 1
74 92 1
83 83 1
77 81 1
11 11 1
106 106 1
55 55 1
25 25 1
11 31 1
40 40 1
69 69 1
16 16 2
78 78 1
120 120 1
3 3 1
29 29 1
31 31 1
113 113 1
60 60 2
56 56 1
53 53 1
53 53 2
82 85 2
66 67 1
76 76 1
29 31 3
111 111 1
15 15 2
14 14 2
55 55 1
59 59 1
94 94 2
104 104 1
10 10 1
98 98 1
85 85 1
79 79 1
71 71 1
108 108 1
59 59 1
112 112 1
115 115 1
21 21 1
9 9 1
57 57 1
25 25 1
82 82 1
36 47 1
81 81 1
84 84 1
58 58 1
32 32 1
87 87 1
80 80 1
102 102 1
81 104 1
93 95 1
71 71 1
110 110 1
55 55 1
93 102 1
57 57 1
88 88 1
84 84 1
76 76 1
117 118 1
56 56 1
4 4 1
4 25 1
69 69 1
3 5 1
68 69 1
111 111 1
110 110 1
25 25 1
7 7 1
81 81 1
101 101 1
28 28 1
114 114 1
78 78 2
4 4 1
78 79 1
112 112 1
12 12 1
113 113 1
55 55 2
39 39 1
98 98 1
9 9 1
74 74 1
120 120 2
28 28 1
46 46 1
87 87 1
13 13 1
35 45 1
73 73 1
17 17 1
60 60 1
28 28 1
53 54 1
83 83 3
29 29 1
54 55 1
51 51 1
8 8 1
118 118 1
45 45 1
86 86 1
69 69 3
103 103 1
50 50 1
85 85 1
34 36 1
11 11 1
7 7 2
83 83 1
82 82 2
52 52 2
81 81 1
68 68 1
85 85 1
71 85 1
57 57 1
93 93 1
114 114 1
73 74 1
42 42 1
53 53 1
107 107 1
32 33 3
93 94 1
33 33 1
111 112 1
4 4 2
91 91 1
12 13 1
38 38 1
113 113 1
70 70 1
73 73 1
87 87 1
57 60 1
26 26 1
79 79 1
74 74 1
27 27 2
29 29 1
12 12 1
56 56 1
57 60 1
56 56 1
8 8 1
32 32 1
3 3 2
75 75 1
104 104 1
35 35 1
27 27 1
103 103 1
114 114 1
42 42 1
80 80 1
29 29 1
4 21 1
75 77 1
54 54 1
58 58 1
73 73 1
98 103 1
113 113 1
41 41 1
15 15 1
74 74 1
94 94 1
34 34 1
73 73 1
105 105 1
63 65 1
108 108 1
56 56 1
39 39 4
81 81 1
86 86 1
112 112 1
74 74 2
76 76 1
25 25 2
5 5 1
35 35 1
85 85 1
104 104 1
108 108 1
107 107 1
69 97 1
72 72 1
70 70 1
16 36 1
50 61 1
4 4 1
28 28 1
73 73 1
3 3 1
97 98 1
112 112 1
5 6 1
31 31 1
75 75 1
81 81 1
52 53 1
112 112 1
37 37 2
38 38 1
108 108 1
76 77 1
81 81 1
112 112 1
78 78 1
4 4 2
94 94 1
75 75 1
17 17 1
82 82 1
28 28 1
49 49 1
6 6 1
91 91 1
70 70 1
98 98 1
95 95 1
53 53 1
104 104 1
51 51 2
104 104 1
65 65 1
109 109 1
70 73 1
98 98 1
8 8 1
75 75 1
111 111 1
112 112 1
42 42 1
40 40 1
36 49 2
77 77 1
96 96 3
38 39 1
51 51 2
29 29 1
41 41 2
12 12 1
38 38 1
112 113 1
85 85 1
47 47 1
57 57 1
9 9 1
41 41 2
8 8 1
105 105 1
74 75 1
41 45 1
28 28 2
97 98 1
111 111 1
98 98 1
63 63 1
68 68 1
37 37 1
96 96 1
72 72 1
97 97 1
99 99 1
96 96 1
72 72 1
32 32 1
46 46 2
110 110 1
53 53 1
5 6 1
83 83 1
95 95 1
37 37 1
85 106 1
86 86 1
105 105 1
50 65 1
91 91 1
76 76 1
4 50 1
37 37 1
32 32 1
5 5 1
81 81 1
64 65 1
103 103 2
79 79 1
85 85 1
87 87 1
105 105 1
78 78 4
105 105 1
63 63 1
38 38 1
65 65 1
104 104 1
5 5 1
85 85 2
15 15 1
93 93 1
66 66 1
60 60 1
82 86 1
62 62 1
10 10 1
66 66 1
76 76 1
78 78 1
57 57 1
70 99 1
82 85 1
30 30 1
57 57 1
74 92 1
21 21 1
88 88 1
44 44 1
112 112 1
87 87 1
26 26 2
70 70 2
45 45 1
72 72 1
66 66 1
5 6 1
54 54 1
73 73 1
71 71 1
108 108 1
58 59 1
111 112 2
100 100 1
87 87 1
31 31 1
7 7 1
16 16 1
41 41 1
34 34 1
66 66 1
113 113 2
47 48 1
104 114 1
17 17 1
87 87 1
87 88 1
77 77 1
107 107 1
70 96 1
89 90 1
83 83 1
95 95 2
109 109 1
4 28 1
84 85 1
62 63 1
81 81 1
96 96 1
114 114 1
74 74 1
87 87 2
16 16 1
80 80 1
48 49 1
119 120 1
81 118 1
66 66 1
38 38 1
98 99 1
29 29 2
110 110 1
118 118 1
91 91 1
77 77 1
113 113 1
34 34 1
6 8 1
54 54 1
110 110 1
85 85 1
14 14 2
17 33 1
5 5 1
86 86 1
69 70 1
57 60 1
85 85 1
38 49 1
103 103 1
12 12 1
44 44 1
11 11 1
34 34 1
105 106 1
53 53 1
49 49 1
111 111 1
38 38 1
112 112 1
43 43 1
49 49 1
91 91 1
85 85 1
54 55 1
47 47 2
88 88 2
105 105 1
72 72 1
47 59 1
83 85 1
114 114 2
70 88 1
40 40 1
117 117 1
21 21 1
15 15 1
13 13 1
32 32 1
60 60 1
55 55 1
111 111 1
65 65 2
33 34 1
81 81 2
8 8 1
53 64 2
80 88 1
15 15 1
84 84 1
91 91 3
68 68 1
112 112 1
63 63 1
86 87 1
84 85 1
69 69 1
42 42 1
99 100 1
66 66 2
39 39 1
73 81 1
105 105 1
113 113 1
95 95 1
49 49 1
56 71 1
65 65 1
56 56 1
41 41 1
39 39 1
74 74 1
106 106 1
69 96 1
56 56 1
36 54 1
43 43 1
111 111 1
74 90 2
109 109 2
4 5 1
51 51 3
108 108 1
98 99 1
12 12 3
117 117 1
25 26 1
87 87 1
46 46 2
13 13 1
55 55 1
27 27 1
117 120 1
118 119 1
3 3 2
71 71 1
40 40 1
118 118 2
72 83 1
37 38 1
27 27 3
70 70 2
85 85 2
48 48 1
80 95 1
76 76 1
12 12 1
3 3 1
97 97 1
72 72 1
39 39 1
26 35 1
40 40 1
95 114 1
90 91 1
85 85 1
66 73 1
47 48 1
50 50 1
81 81 1
87 87 1
48 48 2
103 103 1
27 28 1
5 5 1
68 68 1
108 108 1
100 106 1
57 57 1
89 89 2
30 30 1
109 109 1
88 88 1
42 42 1
76 90 1
73 73 1
87 87 1
39 39 1
107 107 1
73 73 1
76 76 1
72 72 1
27 27 1
113 113 2
63 63 2
57 58 1
117 119 1
114 114 1
96 96 1
32 32 1
64 64 1
113 113 1
38 39 1
66 66 2
48 48 1
75 75 1
115 115 1
35 35 1
54 54 1
89 89 1
46 46 1
14 14 1
11 11 2
16 27 1
50 50 1
110 110 1
9 9 1
30 30 1
52 52 1
114 114 2
112 112 1
112 113 1
11 11 1
78 79 1
97 97 1
95 95 1
75 76 1
87 87 1
25 25 1
48 48 1
78 78 1
108 109 1
105 105 1
28 28 1
16 16 1
73 73 1
82 82 1
117 118 1
83 83 1
80 80 2
111 111 1
27 27 1
103 103 1
27 27 1
26 26 1
7 7 2
32 32 1
58 58 1
112 112 1
101 101 1
60 60 1
78 78 1
45 45 1
51 51 2
41 41 1
7 7 1
52 62 1
74 75 1
101 101 1
85 85 1
83 83 1
93 94 1
69 69 1
113 113 2
70 70 1
111 111 1
101 114 2
109 109 1
98 98 1
97 98 1
46 46 1
113 113 1
77 77 1
85 85 1
67 67 1
40 40 1
104 104 1
65 65 1
73 73 1
37 37 1
92 92 1
82 82 1
49 61 1
100 101 1
70 70 1
10 10 1
50 66 1
114 114 1
86 86 2
36 36 1
48 48 1
98 99 1
17 17 1
4 4 1
108 108 1
112 112 1
90 90 1
90 90 1
99 102 1
88 88 1
114 114 1
78 78 1
104 104 1
9 10 1
16 16 1
72 72 1
28 28 1
85 85 1
87 113 2
109 109 1
78 79 1
49 49 1
45 45 1
112 112 1
121 121 1
86 86 1
54 68 1
66 66 1
7 8 1
63 63 1
113 113 1
16 16 1
62 62 1
38 38 1
52 52 1
62 62 1
85 85 2
36 37 1
66 66 2
21 21 2
70 101 1
108 108 1
93 93 1
32 32 1
4 4 1
87 87 1
115 115 2
26 26 1
112 112 2
82 82 2
113 113 2
15 15 1
55 55 1
73 103 1
67 99 1
103 103 1
60 60 1
97 97 1
30 31 1
75 75 2
112 112 1
5 15 2
103 103 1
4 4 1
89 89 1
77 77 1
115 115 1
83 83 1
61 62 1
85 85 1
85 85 1
6 6 1
73 93 1
7 7 1
67 99 1
103 104 1
107 108 1
110 110 1
29 29 1
118 118 1
85 85 1
92 92 1
101 101 1
45 45 1
12 12 1
63 63 1
62 62 1
15 15 1
28 29 1
76 77 1
57 57 1
108 108 1
72 85 1
83 83 1
34 34 1
106 106 2
87 87 2
60 61 1
73 73 1
48 49 1
104 104 1
26 26 1
58 58 1
55 72 1
34 36 1
13 13 1
87 88 1
39 40 1
95 95 1
48 48 1
101 101 2
104 104 1
69 69 1
114 114 1
108 108 1
53 55 1
33 33 1
55 55 1
57 65 1
65 65 1
76 76 1
109 109 1
39 40 1
98 98 1
88 88 1
97 98 2
38 38 1
118 118 1
93 97 2
13 13 1
34 34 1
64 64 1
62 62 1
10 10 1
69 69 1
54 54 2
119 119 1
109 113 2
48 48 1
14 14 2
78 78 1
7 7 1
87 87 1
77 77 1
41 41 1
39 39 1
58 58 1
9 9 1
71 71 1
59 59 2
86 86 1
10 10 1
4 4 1
49 49 3
9 9 1
82 82 1
100 109 1
88 88 1
36 38 1
29 29 1
41 41 2
63 63 1
91 91 2
42 42 1
54 54 1
12 12 1
14 14 1
62 62 1
15 15 1
84 84 1
16 16 1
9 9 1
103 103 1
115 118 1
9 9 1
39 40 1
72 72 1
25 25 1
35 35 1
37 39 1
39 39 1
26 26 1
63 65 1
43 43 1
97 98 1
13 13 1
57 57 1
112 112 2
32 32 1
75 75 1
50 50 1
115 115 1
87 88 1
60 60 1
43 43 1
111 111 1
12 12 1
12 16 1
30 30 1
11 11 1
91 91 1
41 41 1
52 52 1
61 61 1
57 57 1
68 68 1
113 113 1
60 60 1
80 114 1
7 8 2
12 12 1
86 86 1
82 86 1
96 97 1
52 62 1
59 59 1
47 47 2
111 112 1
71 71 1
111 111 1
77 77 1
110 110 1
85 85 1
88 88 1
96 97 1
4 65 1
113 113 1
71 71 1
92 92 1
46 46 1
62 62 1
6 51 1
6 6 1
68 68 1
31 31 1
13 13 1
105 105 1
43 44 1
111 111 1
36 36 1
105 105 1
39 40 1
94 94 1
88 88 1
26 26 1
106 106 3
27 27 1
35 35 1
6 6 1
82 85 1
4 4 1
112 112 1
10 10 1
109 109 1
59 59 1
97 97 1
103 114 1
83 83 1
28 28 1
55 55 1
7 7 1
6 6 1
79 79 1
69 69 1
64 64 1
3 3 1
17 17 2
111 111 1
103 103 1
87 87 1
35 35 1
56 56 1
45 45 1
73 92 3
119 119 1
88 88 2
44 49 2
41 41 1
40 40 1
106 106 1
6 6 2
35 35 1
77 77 2
85 85 1
9 9 1
36 36 1
120 121 2
42 42 1
87 87 1
6 51 1
88 88 1
3 3 2
76 77 1
100 100 1
87 87 1
3 3 1
101 101 1
90 90 2
12 12 1
80 80 1
87 87 1
75 75 1
112 112 1
103 103 1
89 89 1
75 75 1
82 82 1
74 74 1
58 58 1
14 14 1
95 95 1
79 120 1
10 10 1
29 29 1
85 85 1
73 73 1
43 43 1
110 110 1
51 51 1
81 81 1
64 64 1
101 101 1
70 70 1
58 59 1
83 83 1
6 6 1
91 91 1
87 87 1
103 104 1
115 115 2
94 120 1
61 61 1
115 117 1
113 113 1
5 5 1
51 51 1
26 26 1
64 64 1
62 62 1
118 118 1
68 68 1
91 91 1
110 111 1
13 13 1
113 113 1
70 70 1
52 53 1
99 99 1
106 106 1
88 105 1
31 32 2
56 64 1
67 67 1
15 16 1
70 70 1
63 64 1
29 32 1
115 115 1
74 74 1
111 111 1
57 96 1
103 104 1
27 27 1
118 118 1
117 117 1
107 107 1
39 39 1
88 88 2
33 33 1
112 112 1
3 3 1
112 112 1
9 9 2
54 54 1
108 109 1
60 61 1
93 93 1
37 37 1
100 100 1
12 12 1
37 37 1
78 78 1
61 61 1
95 108 1
48 48 1
95 95 1
69 69 1
96 96 1
91 91 1
104 104 1
82 82 1
66 66 1
81 81 1
17 17 1
39 39 1
56 71 1
68 69 1
60 60 1
10 10 1
61 67 1
94 94 1
5 5 1
53 54 1
86 86 1
109 109 1
17 17 1
110 110 2
59 59 1
87 87 1
9 9 1
95 95 1
33 33 1
90 90 1
110 110 1
112 113 1
88 88 1
32 32 1
39 39 1
13 13 1
9 10 1
100 100 1
76 76 1
52 52 1
74 75 1
6 6 1
89 90 1
111 111 2
16 71 1
99 102 1
110 110 1
41 41 1
84 84 1
56 56 1
64 76 1
65 65 1
29 29 2
25 26 1
102 102 2
55 55 1
36 36 1
117 117 1
29 29 1
42 42 1
91 91 1
4 63 1
112 112 2
100 100 1
120 121 1
106 106 1
73 109 1
52 52 1
10 10 1
103 103 2
113 113 1
111 111 1
90 94 1
95 95 1
17 17 2
96 96 1
56 56 1
85 85 2
5 15 1
105 114 1
111 111 1
7 7 1
75 75 1
27 27 1
12 12 1
56 56 1
62 62 1
72 103 1
81 81 1
77 78 1
69 69 1
67 99 1
111 111 1
83 83 2
117 118 1
53 53 1
101 101 1
12 12 1
37 37 1
87 87 1
119 119 1
97 97 1
109 109 1
68 69 1
7 7 1
63 63 1
66 66 1
3 3 1
112 112 1
35 35 1
100 100 1
78 78 2
86 86 1
97 97 1
29 29 1
48 48 1
10 10 1
39 39 1
27 27 1
60 60 1
100 100 1
97 97 1
81 81 1
84 84 1
40 40 1
88 88 1
82 82 1
82 83 1
86 86 1
106 106 1
39 39 1
84 84 1
100 100 1
57 58 1
34 34 1
61 62 1
87 87 1
75 75 1
35 35 1
42 42 1
35 35 1
50 65 1
4 4 1
9 9 1
46 46 1
110 110 1
77 77 1
69 69 1
86 86 1
87 87 1
26 26 1
27 27 1
89 103 1
94 95 1
26 26 1
64 64 1
46 47 1
66 66 1
27 27 1
91 91 1
99 99 1
5 5 1
30 30 1
98 99 1
54 54 1
14 15 1
82 82 1
73 73 1
29 29 1
118 118 1
75 75 1
111 111 1
67 67 1
66 66 1
46 46 1
112 112 1
86 86 1
110 110 1
56 56 1
6 6 1
32 32 1
120 120 2
81 81 1
73 73 1
6 6 1
92 92 1
34 34 1
9 9 1
46 46 1
58 58 2
59 60 1
12 12 1
44 44 1
119 119 1
77 77 2
70 70 1
29 29 1
9 9 1
91 91 2
68 74 3
48 48 1
103 103 1
21 21 1
86 86 2
4 4 1
111 111 1
85 85 1
104 104 1
88 88 1
59 59 1
86 86 1
85 85 1
90 90 1
50 63 1
30 30 1
73 107 2
26 27 1
72 103 1
37 39 1
36 37 1
9 9 1
49 49 1
52 62 1
32 32 1
83 83 1
8 8 2
111 111 2
72 72 1
78 78 1
17 17 1
106 106 1
97 97 1
90 94 1
26 26 1
77 77 1
32 32 1
100 100 1
112 112 1
73 108 1
43 45 1
38 38 1
7 7 1
104 104 1
59 59 2
62 62 1
39 39 1
100 100 1
26 26 1
5 5 1
72 72 1
77 78 1
88 88 2
91 91 1
84 84 1
70 70 1
26 26 1
87 87 1
79 79 1
80 99 1
112 112 1
87 87 1
103 103 1
75 75 2
46 46 1
95 95 1
70 70 1
11 11 1
13 13 2
64 64 2
76 76 2
5 5 1
91 92 1
90 90 1
34 34 1
72 72 1
117 117 1
26 26 1
50 67 1
79 79 1
57 57 1
14 14 1
99 99 1
106 106 1
103 104 1
108 108 1
74 74 1
89 90 1
118 118 1
58 58 1
8 8 1
84 84 1
76 76 1
29 29 1
100 100 1
12 12 1
76 76 1
76 76 1
105 114 1
72 72 1
95 95 1
78 78 1
71 72 1
114 114 1
112 112 1
80 81 1
52 55 1
113 113 1
8 9 1
98 98 1
60 60 1
27 27 1
90 90 2
90 90 1
61 62 1
44 44 1
101 101 1
103 103 1
86 86 1
95 95 1
38 38 1
67 67 1
50 69 1
94 94 1
71 71 1
93 93 1
11 12 2
114 114 2
28 28 1
40 40 2
37 37 2
31 31 1
93 93 2
101 101 1
55 55 1
78 78 2
54 55 1
86 86 1
77 77 1
96 97 1
58 58 1
16 16 1
67 67 1
87 87 1
57 58 1
84 111 1
81 81 2
107 109 1
80 80 1
70 88 1
53 101 1
12 12 1
84 84 1
90 90 2
106 106 1
109 109 1
74 74 1
83 83 1
41 54 1
101 101 2
39 39 1
106 106 2
90 90 1
106 106 1
78 78 1
76 76 1
79 79 1
13 13 1
118 118 1
47 47 2
95 95 1
38 38 1
117 117 1
111 111 1
54 54 2
17 17 1
76 90 1
109 109 1
33 34 1
65 65 1
28 29 1
60 60 2
107 107 3
27 27 1
120 120 1
119 120 1
61 61 1
3 3 1
70 70 1
97 97 1
86 86 1
41 45 1
86 86 1
32 32 1
88 88 2
32 32 1
11 12 1
38 38 1
101 101 1
46 46 1
6 6 1
9 10 1
43 43 1
88 88 1
78 78 1
86 86 1
73 73 1
78 79 1
55 55 1
97 97 1
68 70 1
31 31 1
42 42 1
45 46 1
71 71 1
54 55 1
111 111 1
104 104 1
16 33 1
82 82 1
107 107 1
57 57 1
57 57 1
36 36 1
80 80 1
73 73 1
88 88 1
87 108 1
33 33 1
98 98 1
85 85 1
35 35 1
118 118 1
52 52 1
6 6 1
28 28 1
103 103 1
7 7 1
40 40 1
98 103 1
29 30 1
85 85 1
95 95 1
83 107 1
69 69 1
43 43 1
59 59 1
109 109 1
3 3 1
109 109 1
28 29 1
62 62 1
70 70 1
67 68 2
95 95 2
98 98 1
9 9 1
109 110 1
26 26 1
100 100 1
115 115 1
97 99 1
73 73 1
104 104 1
117 117 1
94 94 1
61 61 1
37 37 1
88 88 1
25 25 1
12 16 1
57 64 1
88 88 1
101 101 1
110 110 1
14 14 1
